
&control
    calculation='scf'
    pseudo_dir = './',
    outdir='./outputs',
    disk_io='high'
/
&system
    ibrav= 1, celldm(1)=20.000000, nat=  192, ntyp= 2,
    ecutwfc = 30.0, nosym=.true., occupations='smearing',
    smearing='m-v', degauss=0.025
/
&electrons
    conv_thr =  1.0d-8,
    mixing_beta = 0.7
/
&ions
    pot_extrapolation='second-order'
    wfc_extrapolation='second-order'
    ion_temperature = 'andersen'
    tempw = 1000

/
ATOMIC_SPECIES
 H  1.01  H.blyp-hgh.UPF
 O  16.0  O.blyp-hgh.UPF
ATOMIC_POSITIONS bohr
 O -5.404392 -1.538722 -0.751859
 O 2.805710 -2.642401 6.133129
 O -5.612206 6.549445 -5.437331
 O 1.376099 2.901097 -1.035976
 O -5.012117 1.121850 3.847889
 O 0.085086 6.057526 5.884729
 O -1.352496 -5.670066 -2.549049
 O 3.140205 1.268454 4.671590
 O -2.937653 -6.613372 5.554534
 O 2.036080 -2.503554 3.739907
 O 2.596177 -6.625517 2.380541
 O -3.357406 -3.615088 4.504595
 O -4.686921 -7.080019 0.286453
 O -3.837113 -4.474578 -3.771878
 O 2.436568 -3.846213 -1.864591
 O -1.811692 3.139178 -1.167075
 O -1.320641 -2.920732 1.768763
 O 0.405044 -4.846864 3.523361
 O 4.428919 -4.368860 -4.735383
 O 4.834415 4.668000 2.215273
 O 5.286886 -3.937403 3.747556
 O -2.404191 -2.158618 -3.124263
 O -1.171193 3.287105 -4.482286
 O 4.384526 1.707433 1.737470
 O 2.887148 1.366059 -3.475180
 O -4.548371 3.294329 -5.416363
 O 4.957909 -5.688344 0.002426
 O 0.804500 -0.526957 -5.910884
 O -2.358313 0.574943 -5.173602
 O 0.754938 -0.791618 1.685359
 O 5.745526 -2.183272 -3.944876
 O 4.359926 -0.202891 -1.337441
 O 0.452506 4.471970 3.948926
 O -4.477192 0.436067 -3.369751
 O -0.003240 -3.864401 -0.796687
 O 5.240372 4.224766 -7.079097
 O 3.743463 6.601833 5.702766
 O -5.550904 5.598740 -2.352899
 O -0.008258 1.072584 -2.699243
 O -4.166781 -4.018679 -1.022691
 O -2.925445 5.663576 2.802197
 O -2.758831 3.241889 3.965666
 O -1.833418 -1.706722 -0.490086
 O -1.512429 -1.533545 5.266363
 O 0.300314 2.206654 5.783781
 O -4.580564 3.095838 1.481021
 O 3.683774 4.935720 -1.876837
 O 1.466675 -5.725346 -3.749884
 O -2.826389 4.536131 -3.240866
 O 5.339604 1.067714 6.638432
 O -1.481281 0.829169 1.971500
 O 0.055222 -1.770295 -3.676329
 O 0.258925 -3.602922 -5.693393
 O 7.097485 -6.298764 3.967190
 O 3.780065 -2.845940 1.195789
 O 6.020982 -1.280045 2.994968
 O 1.516678 3.754490 -4.185636
 O -1.679097 -7.376336 0.676133
 O -4.819785 -1.480172 -6.741851
 O -4.362401 1.527094 -0.672534
 O 5.281145 3.717372 -4.167113
 O 1.507266 -0.963367 -1.419405
 O -4.854668 -3.758020 2.319950
 O 1.711872 3.056712 2.050277
 H -5.135539 -2.492345 -0.817469
 H -4.752286 -1.209057 -1.396817
 H 2.395486 -2.061346 6.805620
 H 2.459863 -2.230164 5.299036
 H -5.524693 5.736166 -4.904133
 H -4.946834 7.161109 -4.998246
 H 2.293782 2.777181 -1.355985
 H 1.249075 3.870631 -1.029904
 H -5.634282 0.451794 4.172895
 H -4.285842 0.905115 4.464659
 H 0.290979 6.964594 5.586405
 H 0.013436 5.971305 6.855026
 H -0.752441 -6.107050 -1.902465
 H -0.816638 -5.599450 -3.368136
 H 3.610420 1.862152 4.074318
 H 2.545387 0.743998 4.090829
 H -2.804256 -7.421472 6.070428
 H -2.066803 -6.374394 5.156722
 H 1.638713 -1.889438 3.078136
 H 2.651574 -2.922665 3.101031
 H 1.712294 -6.450379 2.750412
 H 3.016504 -5.776200 2.135351
 H -3.528357 -4.577437 4.659052
 H -3.281488 -3.767069 3.547064
 H -4.683669 -7.753856 0.988611
 H -5.220805 -7.379976 -0.474443
 H -3.127951 -3.847766 -4.015227
 H -3.437516 -5.193467 -3.230343
 H 3.093429 -3.465636 -2.481696
 H 1.702229 -3.244147 -1.637797
 H -2.581560 3.589732 -1.591281
 H -1.701145 3.238327 -0.197876
 H -1.749900 -2.550703 0.967843
 H -0.696676 -2.162083 1.916408
 H 0.511666 -3.868605 3.600465
 H -0.323074 -4.953166 2.866928
 H 5.311053 -4.681923 -5.102911
 H 4.035540 -3.635965 -5.287249
 H 3.888259 4.972758 2.289316
 H 5.226074 5.064752 3.000396
 H 6.040649 -3.337023 3.600161
 H 4.708412 -3.445507 4.355330
 H -1.512114 -1.815292 -3.491504
 H -3.103916 -1.484062 -3.244309
 H -0.394717 2.849289 -4.084525
 H -1.532186 2.530660 -4.971418
 H 4.974288 2.487093 1.708779
 H 3.488958 2.104909 1.874783
 H 2.249270 0.789314 -3.949072
 H 2.512918 2.282859 -3.539816
 H -5.397720 3.437931 -5.892530
 H -4.840796 2.546379 -4.855642
 H 5.168538 -6.431772 0.620442
 H 5.784164 -5.547999 -0.506051
 H -0.154267 -0.642860 -6.133832
 H 0.981815 0.300805 -6.429201
 H -2.834351 0.039852 -5.828411
 H -3.062841 0.682284 -4.466945
 H 0.041656 -0.102460 1.760621
 H 0.797684 -1.020611 0.732978
 H 5.799126 -3.123637 -4.212548
 H 6.205672 -2.160558 -3.078127
 H 4.052947 0.573285 -0.814786
 H 5.170290 -0.551830 -0.853942
 H 0.458261 4.955315 4.844246
 H -0.192946 3.783563 4.033354
 H -4.768069 0.840685 -2.477078
 H -5.267446 -0.086010 -3.629634
 H -0.582651 -4.435166 -1.353753
 H -0.405031 -3.911240 0.096050
 H 5.420871 5.169408 -7.255599
 H 5.540085 3.651713 -7.803415
 H 3.144789 6.312677 4.982156
 H 3.268603 7.243308 6.267946
 H -6.423695 5.111981 -2.512309
 H -4.993018 5.148500 -3.058790
 H -0.934193 1.233546 -2.904156
 H 0.322501 1.823635 -2.139226
 H -3.582812 -3.720705 -1.732461
 H -3.769421 -4.638689 -0.365705
 H -3.677990 5.495388 2.194512
 H -3.350583 5.652250 3.705123
 H -2.411942 4.035605 3.518902
 H -3.721793 3.385646 3.905425
 H -2.151943 -1.835116 -1.421379
 H -1.785882 -0.735683 -0.467171
 H -1.932985 -2.124135 4.600736
 H -1.572004 -2.100026 6.064027
 H 0.590513 2.848507 5.097566
 H -0.691515 2.308077 5.804545
 H -5.075138 2.704648 2.237442
 H -3.950838 2.406326 1.178149
 H 4.191564 5.728708 -1.558160
 H 3.788387 4.864862 -2.852322
 H 1.152399 -5.224396 -4.531802
 H 1.833513 -5.078398 -3.058168
 H -3.319625 3.817950 -3.717116
 H -1.925218 4.361089 -3.635987
 H 4.950003 0.531491 7.354811
 H 4.742253 0.840140 5.895157
 H -1.627016 0.339779 2.824664
 H -1.221256 1.761684 2.196786
 H 0.367345 -1.368157 -2.822187
 H 0.403614 -1.209827 -4.417589
 H 0.802668 -2.976023 -5.161485
 H 0.767419 -3.686344 -6.525606
 H 7.147609 -5.843772 4.837930
 H 7.064727 -5.575914 3.300277
 H 4.410451 -3.576859 1.041137
 H 3.432353 -2.567178 0.332699
 H 5.764985 -0.597596 2.325752
 H 5.197808 -1.351776 3.519332
 H 1.782521 3.827512 -5.121168
 H 1.500164 4.726195 -3.956632
 H -1.849628 -6.638044 1.310896
 H -2.352503 -7.228581 -0.018887
 H -5.666161 -1.830397 -6.398392
 H -4.519037 -2.103882 -7.425723
 H -3.566863 2.041434 -0.995336
 H -4.907396 2.067390 -0.052476
 H 5.680203 4.195191 -4.918324
 H 4.971101 2.916003 -4.677600
 H 2.429146 -0.692019 -1.697641
 H 1.044106 -0.089676 -1.454526
 H -5.099599 -4.163944 1.443691
 H -5.288725 -2.873325 2.249673
 H 1.278148 3.356858 2.876093
 H 1.046760 2.857677 1.379334
K_POINTS
 1
0.0 0.0 0.0 1.0