
&control
    calculation='scf'
    pseudo_dir = './',
    outdir='./outputs',
    disk_io='high'
/
&system
    ibrav= 1, celldm(1)=20.000000, nat=  192, ntyp= 2,
    ecutwfc = 30.0, nosym=.true., occupations='smearing',
    smearing='m-v', degauss=0.025
/
&electrons
    conv_thr =  1.0d-8,
    mixing_beta = 0.7
/
&ions
    pot_extrapolation='second-order'
    wfc_extrapolation='second-order'
    ion_temperature = 'andersen'
    tempw = 1000

/
ATOMIC_SPECIES
 H  1.01  H.blyp-hgh.UPF
 O  16.0  O.blyp-hgh.UPF
ATOMIC_POSITIONS bohr
 O -5.406511 -1.539698 -0.749223
 O 2.808037 -2.640659 6.133104
 O -5.613960 6.550881 -5.439871
 O 1.378915 2.898349 -1.036331
 O -5.011657 1.119543 3.851272
 O 0.087050 6.057127 5.884167
 O -1.353689 -5.672791 -2.549240
 O 3.141468 1.269932 4.672823
 O -2.939085 -6.614983 5.553120
 O 2.034242 -2.504122 3.740350
 O 2.598329 -6.625657 2.379293
 O -3.356689 -3.614943 4.507404
 O -4.686058 -7.079827 0.283338
 O -3.835194 -4.471553 -3.773595
 O 2.435626 -3.849032 -1.863983
 O -1.809795 3.139136 -1.169873
 O -1.319074 -2.920314 1.766785
 O 0.402428 -4.846972 3.523699
 O 4.427203 -4.368166 -4.733103
 O 4.830755 4.667061 2.214677
 O 5.286963 -3.938013 3.749096
 O -2.404421 -2.157666 -3.123726
 O -1.170647 3.287711 -4.482920
 O 4.384996 1.707232 1.734226
 O 2.888154 1.367771 -3.474436
 O -4.549211 3.296234 -5.415793
 O 4.957044 -5.687794 0.005274
 O 0.803265 -0.528852 -5.911270
 O -2.360388 0.573688 -5.173760
 O 0.752580 -0.790694 1.684911
 O 5.746075 -2.182920 -3.944075
 O 4.359141 -0.203099 -1.338685
 O 0.451006 4.472742 3.949333
 O -4.478602 0.434493 -3.368739
 O -0.003476 -3.865618 -0.796507
 O 5.241377 4.223895 -7.082816
 O 3.745804 6.602059 5.700899
 O -5.552080 5.602145 -2.350224
 O -0.008645 1.073250 -2.699056
 O -4.168706 -4.020172 -1.022474
 O -2.925881 5.664031 2.799680
 O -2.760793 3.239954 3.963078
 O -1.835021 -1.703896 -0.490451
 O -1.514108 -1.532806 5.266239
 O 0.300955 2.208538 5.782022
 O -4.578694 3.095830 1.482288
 O 3.684007 4.937767 -1.877909
 O 1.465590 -5.724693 -3.748761
 O -2.824922 4.536716 -3.240672
 O 5.341699 1.069080 6.639135
 O -1.479608 0.828795 1.972553
 O 0.056512 -1.770487 -3.675560
 O 0.258797 -3.602703 -5.692389
 O 7.100143 -6.300916 3.967639
 O 3.780655 -2.846312 1.195391
 O 6.021427 -1.281468 2.994638
 O 1.518431 3.754755 -4.184104
 O -1.680912 -7.377707 0.679713
 O -4.817985 -1.478763 -6.744248
 O -4.362366 1.525910 -0.672711
 O 5.280103 3.716847 -4.170099
 O 1.506320 -0.965785 -1.417619
 O -4.857485 -3.760315 2.321875
 O 1.712054 3.054999 2.051619
 H -5.135153 -2.492112 -0.817035
 H -4.752090 -1.207309 -1.392142
 H 2.392752 -2.069085 6.809225
 H 2.454483 -2.229939 5.301923
 H -5.520033 5.738171 -4.905579
 H -4.951967 7.162200 -4.993909
 H 2.296600 2.783165 -1.355664
 H 1.245286 3.867557 -1.027560
 H -5.636092 0.453431 4.176463
 H -4.286276 0.903408 4.466573
 H 0.294875 6.963228 5.586958
 H 0.013936 5.965096 6.853179
 H -0.756959 -6.113358 -1.903173
 H -0.821185 -5.598102 -3.370229
 H 3.613672 1.859814 4.073307
 H 2.554303 0.737648 4.090235
 H -2.803136 -7.421093 6.072640
 H -2.067928 -6.371041 5.159396
 H 1.634719 -1.889002 3.082491
 H 2.658372 -2.919744 3.104866
 H 1.715523 -6.446104 2.750148
 H 3.018513 -5.776777 2.130434
 H -3.523840 -4.578059 4.657421
 H -3.276371 -3.764095 3.549279
 H -4.678915 -7.754081 0.984979
 H -5.220701 -7.376762 -0.477134
 H -3.128088 -3.844268 -4.016249
 H -3.441274 -5.192047 -3.231928
 H 3.090820 -3.467046 -2.482008
 H 1.703676 -3.242688 -1.634466
 H -2.582397 3.589522 -1.590187
 H -1.702688 3.240727 -0.197872
 H -1.748883 -2.544730 0.967773
 H -0.696939 -2.164361 1.918528
 H 0.507124 -3.868830 3.602068
 H -0.323190 -4.955366 2.865716
 H 5.310413 -4.674073 -5.104417
 H 4.038771 -3.636087 -5.292158
 H 3.886373 4.972713 2.293400
 H 5.228850 5.065627 2.996325
 H 6.037207 -3.332774 3.604583
 H 4.707399 -3.448463 4.358312
 H -1.511090 -1.812549 -3.487263
 H -3.104052 -1.482170 -3.240081
 H -0.393560 2.851454 -4.081838
 H -1.530821 2.533312 -4.976769
 H 4.978450 2.484026 1.707763
 H 3.492087 2.109650 1.872505
 H 2.248258 0.788982 -3.945553
 H 2.506094 2.282480 -3.540670
 H -5.395683 3.444266 -5.894286
 H -4.840484 2.545217 -4.859574
 H 5.170324 -6.429949 0.623219
 H 5.784044 -5.544563 -0.500183
 H -0.155407 -0.643702 -6.136680
 H 0.985904 0.295548 -6.433153
 H -2.836315 0.038273 -5.829115
 H -3.067527 0.694100 -4.472143
 H 0.040608 -0.100365 1.761297
 H 0.797229 -1.018103 0.731856
 H 5.803377 -3.123882 -4.212990
 H 6.210729 -2.163627 -3.078878
 H 4.052969 0.572034 -0.814218
 H 5.173937 -0.549337 -0.858449
 H 0.459787 4.952634 4.844375
 H -0.194026 3.778853 4.035010
 H -4.760460 0.827315 -2.468063
 H -5.268589 -0.088601 -3.627065
 H -0.581781 -4.432144 -1.360779
 H -0.409917 -3.912858 0.094080
 H 5.427280 5.169161 -7.255734
 H 5.539809 3.656178 -7.812981
 H 3.148178 6.307763 4.980801
 H 3.273775 7.239431 6.274523
 H -6.418856 5.104896 -2.514376
 H -4.996148 5.149570 -3.057108
 H -0.934712 1.237570 -2.905453
 H 0.325714 1.825886 -2.143494
 H -3.579039 -3.723984 -1.728949
 H -3.769572 -4.634963 -0.360368
 H -3.678715 5.496239 2.192571
 H -3.348374 5.651094 3.704062
 H -2.408849 4.032835 3.518865
 H -3.723227 3.391170 3.906251
 H -2.153648 -1.832773 -1.421605
 H -1.786481 -0.732627 -0.464124
 H -1.934969 -2.123553 4.600503
 H -1.573615 -2.102176 6.061695
 H 0.584605 2.851513 5.096759
 H -0.688519 2.314609 5.800855
 H -5.072719 2.704547 2.239315
 H -3.952032 2.404639 1.178325
 H 4.190180 5.730180 -1.554345
 H 3.786633 4.866569 -2.853598
 H 1.144672 -5.220999 -4.525230
 H 1.835377 -5.080643 -3.056349
 H -3.326141 3.822458 -3.715259
 H -1.928270 4.362643 -3.643247
 H 4.954204 0.531662 7.354329
 H 4.744743 0.838038 5.894362
 H -1.635285 0.345456 2.828610
 H -1.211511 1.764324 2.187694
 H 0.365292 -1.362327 -2.822608
 H 0.402785 -1.211789 -4.417201
 H 0.806839 -2.983351 -5.157212
 H 0.763259 -3.686564 -6.525548
 H 7.147513 -5.848289 4.838952
 H 7.065036 -5.579535 3.300881
 H 4.411982 -3.575799 1.044755
 H 3.432782 -2.563869 0.333784
 H 5.770953 -0.595865 2.326633
 H 5.198065 -1.354424 3.518583
 H 1.781236 3.829511 -5.119681
 H 1.497871 4.726073 -3.962082
 H -1.839948 -6.636544 1.313848
 H -2.351188 -7.222475 -0.016662
 H -5.665039 -1.829983 -6.402545
 H -4.515067 -2.104620 -7.425649
 H -3.575087 2.052516 -0.997024
 H -4.913171 2.062967 -0.054926
 H 5.675409 4.198489 -4.920906
 H 4.974407 2.916257 -4.684505
 H 2.429767 -0.696343 -1.695495
 H 1.044235 -0.090862 -1.457036
 H -5.086953 -4.163978 1.440673
 H -5.292142 -2.876783 2.244806
 H 1.281381 3.363471 2.875269
 H 1.046661 2.857439 1.382125
K_POINTS
 1
0.0 0.0 0.0 1.0