
&control
    calculation='scf'
    pseudo_dir = './',
    outdir='./outputs',
    disk_io='high'
/
&system
    ibrav= 1, celldm(1)=20.000000, nat=  192, ntyp= 2,
    ecutwfc = 30.0, nosym=.true., occupations='smearing',
    smearing='m-v', degauss=0.025
/
&electrons
    conv_thr =  1.0d-8,
    mixing_beta = 0.7
/
&ions
    pot_extrapolation='second-order'
    wfc_extrapolation='second-order'
    ion_temperature = 'andersen'
    tempw = 1000

/
ATOMIC_SPECIES
 H  1.01  H.blyp-hgh.UPF
 O  16.0  O.blyp-hgh.UPF
ATOMIC_POSITIONS bohr
 O -5.421115 -1.546868 -0.731488
 O 2.824473 -2.628107 6.133615
 O -5.625840 6.561522 -5.457419
 O 1.398380 2.879078 -1.038776
 O -5.008185 1.103799 3.874999
 O 0.100608 6.053637 5.880384
 O -1.361920 -5.691647 -2.550334
 O 3.149844 1.279550 4.681688
 O -2.948775 -6.625519 5.542745
 O 2.021281 -2.507994 3.742243
 O 2.613470 -6.625933 2.370443
 O -3.351387 -3.615102 4.526843
 O -4.679430 -7.076992 0.261647
 O -3.822409 -4.450760 -3.785866
 O 2.429525 -3.869387 -1.860104
 O -1.796481 3.137593 -1.189309
 O -1.307968 -2.917293 1.753515
 O 0.383744 -4.847623 3.526055
 O 4.415636 -4.362657 -4.717279
 O 4.805797 4.660142 2.210013
 O 5.287204 -3.942079 3.760223
 O -2.406423 -2.150823 -3.119893
 O -1.166059 3.291168 -4.487868
 O 4.388244 1.705679 1.711700
 O 2.894993 1.379801 -3.469385
 O -4.555277 3.309418 -5.411705
 O 4.951189 -5.683832 0.025181
 O 0.794308 -0.541638 -5.914650
 O -2.375339 0.565386 -5.174145
 O 0.735927 -0.784393 1.681957
 O 5.750633 -2.179981 -3.938070
 O 4.354313 -0.204652 -1.346679
 O 0.441086 4.478013 3.952218
 O -4.489210 0.423635 -3.360205
 O -0.005451 -3.874655 -0.795185
 O 5.248429 4.217346 -7.108285
 O 3.761846 6.603220 5.687136
 O -5.561150 5.624219 -2.332858
 O -0.010811 1.077823 -2.697662
 O -4.183078 -4.030841 -1.019777
 O -2.929141 5.667473 2.782496
 O -2.774194 3.225715 3.945266
 O -1.846576 -1.683183 -0.493272
 O -1.526126 -1.527822 5.265305
 O 0.304737 2.221499 5.769289
 O -4.566150 3.095161 1.491821
 O 3.685805 4.952138 -1.885488
 O 1.457752 -5.720459 -3.740757
 O -2.816188 4.540604 -3.239166
 O 5.356215 1.078446 6.643863
 O -1.467496 0.826517 1.980429
 O 0.065547 -1.771954 -3.670019
 O 0.257780 -3.601563 -5.685264
 O 7.118606 -6.316074 3.970610
 O 3.784616 -2.848672 1.193340
 O 6.024183 -1.290746 2.992106
 O 1.530918 3.757528 -4.173513
 O -1.693223 -7.386679 0.704339
 O -4.805678 -1.468486 -6.760796
 O -4.361697 1.517438 -0.674658
 O 5.272644 3.712624 -4.191524
 O 1.500114 -0.981832 -1.405158
 O -4.877412 -3.776609 2.333760
 O 1.714118 3.042260 2.061185
 H -5.134293 -2.492720 -0.809480
 H -4.751410 -1.189651 -1.356728
 H 2.376426 -2.121790 6.834604
 H 2.418730 -2.231398 5.319667
 H -5.488046 5.753769 -4.917631
 H -4.988190 7.167508 -4.964631
 H 2.316845 2.826643 -1.352977
 H 1.220188 3.844354 -1.011490
 H -5.653190 0.461465 4.199874
 H -4.286227 0.894242 4.479781
 H 0.320859 6.953279 5.592562
 H 0.018330 5.924481 6.838886
 H -0.789386 -6.158970 -1.911718
 H -0.851418 -5.588757 -3.380963
 H 3.637837 1.845514 4.062291
 H 2.619994 0.695747 4.087204
 H -2.795026 -7.420031 6.088523
 H -2.076244 -6.350290 5.183651
 H 1.603292 -1.881871 3.113286
 H 2.708060 -2.901122 3.132913
 H 1.737619 -6.414752 2.748250
 H 3.028400 -5.780649 2.096454
 H -3.492501 -4.579720 4.654972
 H -3.240641 -3.735736 3.558307
 H -4.649098 -7.761886 0.955972
 H -5.219637 -7.354875 -0.498153
 H -3.126586 -3.819154 -4.021543
 H -3.465722 -5.180581 -3.245162
 H 3.070458 -3.474150 -2.482442
 H 1.714342 -3.232207 -1.612560
 H -2.584103 3.593394 -1.581143
 H -1.717382 3.261658 -0.203497
 H -1.745179 -2.503910 0.963449
 H -0.695781 -2.182778 1.935016
 H 0.477562 -3.872452 3.610956
 H -0.322599 -4.969190 2.859906
 H 5.297599 -4.621823 -5.115163
 H 4.065943 -3.641281 -5.324047
 H 3.870705 4.969195 2.321838
 H 5.252165 5.073995 2.970155
 H 6.012375 -3.304749 3.634562
 H 4.699022 -3.471799 4.380867
 H -1.505581 -1.795061 -3.456380
 H -3.102658 -1.467991 -3.213721
 H -0.381348 2.870558 -4.063437
 H -1.527076 2.550127 -5.014889
 H 5.005301 2.464302 1.700604
 H 3.514269 2.143313 1.854637
 H 2.242468 0.790593 -3.918718
 H 2.458900 2.276155 -3.548914
 H -5.379629 3.489993 -5.909660
 H -4.837064 2.535786 -4.886623
 H 5.182149 -6.417074 0.642983
 H 5.783162 -5.520497 -0.458401
 H -0.160212 -0.650887 -6.158262
 H 1.015186 0.258716 -6.455451
 H -2.849692 0.025376 -5.836614
 H -3.096871 0.775140 -4.512428
 H 0.034188 -0.086207 1.764706
 H 0.795987 -1.000333 0.723795
 H 5.829961 -3.124333 -4.214324
 H 6.243655 -2.185018 -3.085388
 H 4.056027 0.560924 -0.811125
 H 5.192293 -0.530128 -0.894191
 H 0.468580 4.935201 4.842675
 H -0.209522 3.745668 4.045894
 H -4.703133 0.732161 -2.412230
 H -5.275657 -0.106049 -3.611703
 H -0.574234 -4.407395 -1.409696
 H -0.443118 -3.921861 0.080025
 H 5.472062 5.165769 -7.258863
 H 5.539044 3.690845 -7.880538
 H 3.172303 6.275516 4.974023
 H 3.311035 7.209103 6.319207
 H -6.379508 5.060695 -2.525676
 H -5.018018 5.162522 -3.036061
 H -0.940808 1.266950 -2.912502
 H 0.346219 1.842708 -2.173382
 H -3.548042 -3.750156 -1.705077
 H -3.769371 -4.604889 -0.330619
 H -3.680781 5.503351 2.181023
 H -3.333848 5.645732 3.694415
 H -2.388268 4.015769 3.515534
 H -3.731515 3.428000 3.913401
 H -2.163547 -1.821110 -1.424481
 H -1.790975 -0.710323 -0.439513
 H -1.948213 -2.118607 4.599967
 H -1.584391 -2.117328 6.044786
 H 0.547611 2.871484 5.092558
 H -0.662590 2.358442 5.775303
 H -5.052864 2.702101 2.251561
 H -3.958575 2.393329 1.184255
 H 4.175995 5.737771 -1.528633
 H 3.775717 4.880008 -2.859841
 H 1.093366 -5.192897 -4.476899
 H 1.846206 -5.097609 -3.046380
 H -3.370096 3.859422 -3.701074
 H -1.952858 4.372698 -3.692086
 H 4.983352 0.532933 7.353758
 H 4.761832 0.826355 5.889267
 H -1.693120 0.392490 2.851374
 H -1.148043 1.773383 2.126170
 H 0.353955 -1.323364 -2.828179
 H 0.396696 -1.221241 -4.411465
 H 0.832340 -3.037540 -5.127384
 H 0.735539 -3.684519 -6.524764
 H 7.145108 -5.881061 4.846943
 H 7.065084 -5.603394 3.307590
 H 4.421374 -3.569372 1.067194
 H 3.436442 -2.543096 0.339341
 H 5.814093 -0.586984 2.334170
 H 5.200462 -1.373706 3.511260
 H 1.772799 3.838919 -5.110957
 H 1.482796 4.724492 -3.995510
 H -1.771736 -6.631451 1.334135
 H -2.342309 -7.179617 -0.000077
 H -5.654668 -1.826025 -6.431133
 H -4.486291 -2.113000 -7.424464
 H -3.637155 2.128211 -1.003994
 H -4.952564 2.032814 -0.077551
 H 5.638710 4.224104 -4.938872
 H 4.997326 2.919517 -4.727602
 H 2.431727 -0.729687 -1.677456
 H 1.044651 -0.102235 -1.475663
 H -4.996758 -4.162352 1.425361
 H -5.314643 -2.900250 2.211635
 H 1.304167 3.413153 2.867976
 H 1.044166 2.856129 1.398421
K_POINTS
 1
0.0 0.0 0.0 1.0