
&control
    calculation='scf'
    pseudo_dir = './',
    outdir='./outputs',
    disk_io='high'
/
&system
    ibrav= 1, celldm(1)=20.000000, nat=  192, ntyp= 2,
    ecutwfc = 30.0, nosym=.true., occupations='smearing',
    smearing='m-v', degauss=0.025
/
&electrons
    conv_thr =  1.0d-8,
    mixing_beta = 0.7
/
&ions
    pot_extrapolation='second-order'
    wfc_extrapolation='second-order'
    ion_temperature = 'andersen'
    tempw = 1000

/
ATOMIC_SPECIES
 H  1.01  H.blyp-hgh.UPF
 O  16.0  O.blyp-hgh.UPF
ATOMIC_POSITIONS bohr
 O -5.427182 -1.550054 -0.724328
 O 2.831600 -2.622583 6.134170
 O -5.630652 6.566353 -5.464704
 O 1.406512 2.870884 -1.039778
 O -5.006658 1.097328 3.885079
 O 0.106293 6.051675 5.878787
 O -1.365482 -5.699532 -2.550710
 O 3.153220 1.283296 4.685504
 O -2.952765 -6.629740 5.538136
 O 2.015824 -2.509688 3.742429
 O 2.619897 -6.625606 2.366612
 O -3.348917 -3.615731 4.534904
 O -4.676247 -7.074999 0.252486
 O -3.817446 -4.442057 -3.791303
 O 2.427064 -3.878304 -1.858608
 O -1.790824 3.136366 -1.197364
 O -1.303349 -2.916058 1.748012
 O 0.375616 -4.847889 3.527118
 O 4.410921 -4.359862 -4.710739
 O 4.795618 4.657007 2.207867
 O 5.287118 -3.943669 3.765211
 O -2.407466 -2.147793 -3.118191
 O -1.163668 3.292173 -4.490271
 O 4.389629 1.704954 1.702130
 O 2.897679 1.385026 -3.467359
 O -4.557876 3.315024 -5.409901
 O 4.948770 -5.682070 0.033707
 O 0.790327 -0.546878 -5.916463
 O -2.381987 0.562094 -5.174015
 O 0.728759 -0.781806 1.680763
 O 5.753013 -2.178588 -3.935272
 O 4.352616 -0.205395 -1.349750
 O 0.436848 4.479819 3.953357
 O -4.494080 0.419010 -3.355769
 O -0.006488 -3.878820 -0.794648
 O 5.251544 4.214354 -7.119003
 O 3.768602 6.603518 5.680915
 O -5.565502 5.632666 -2.326181
 O -0.011578 1.079757 -2.697063
 O -4.189581 -4.035506 -1.018103
 O -2.930587 5.669105 2.775440
 O -2.779768 3.219311 3.937779
 O -1.851696 -1.673800 -0.494577
 O -1.531422 -1.525810 5.264859
 O 0.306097 2.226881 5.763656
 O -4.561084 3.094567 1.496248
 O 3.686612 4.958252 -1.888715
 O 1.454266 -5.718870 -3.737277
 O -2.813388 4.542229 -3.238403
 O 5.362320 1.082345 6.645644
 O -1.462068 0.825828 1.984054
 O 0.069387 -1.772674 -3.667438
 O 0.257173 -3.601327 -5.682097
 O 7.126410 -6.322743 3.971810
 O 3.786153 -2.849474 1.192913
 O 6.025237 -1.294410 2.990925
 O 1.536353 3.759116 -4.169092
 O -1.698243 -7.390228 0.714606
 O -4.800541 -1.463912 -6.767805
 O -4.361155 1.513799 -0.675853
 O 5.269389 3.710591 -4.200989
 O 1.497684 -0.988219 -1.399858
 O -4.885997 -3.783693 2.337982
 O 1.715462 3.036415 2.065396
 H -5.134899 -2.494292 -0.803946
 H -4.751988 -1.179635 -1.339597
 H 2.370907 -2.143272 6.845747
 H 2.404506 -2.233566 5.325926
 H -5.475076 5.761098 -4.924232
 H -5.003886 7.169013 -4.953280
 H 2.326448 2.845933 -1.351824
 H 1.210149 3.833198 -1.004757
 H -5.662710 0.462978 4.209312
 H -4.283958 0.891401 4.486052
 H 0.331470 6.949338 5.595975
 H 0.020776 5.908850 6.832623
 H -0.803078 -6.179436 -1.917155
 H -0.863320 -5.585077 -3.383267
 H 3.648689 1.840189 4.056001
 H 2.649863 0.679313 4.086798
 H -2.791555 -7.419741 6.095111
 H -2.079662 -6.342776 5.196762
 H 1.588322 -1.876883 3.126020
 H 2.728910 -2.893117 3.146048
 H 1.746977 -6.400731 2.747376
 H 3.030610 -5.782360 2.082058
 H -3.479460 -4.579541 4.658659
 H -3.225628 -3.719582 3.559793
 H -4.638253 -7.768434 0.941404
 H -5.219191 -7.345963 -0.508521
 H -3.124017 -3.807796 -4.022813
 H -3.474616 -5.175201 -3.251580
 H 3.060959 -3.475816 -2.481793
 H 1.719789 -3.228476 -1.604099
 H -2.582222 3.597678 -1.576869
 H -1.725446 3.272427 -0.209947
 H -1.744891 -2.487391 0.960248
 H -0.692607 -2.190713 1.943175
 H 0.466154 -3.874807 3.613409
 H -0.322107 -4.974280 2.858416
 H 5.288106 -4.601705 -5.119405
 H 4.079237 -3.645793 -5.335611
 H 3.862425 4.966164 2.334029
 H 5.263595 5.078329 2.959251
 H 6.001618 -3.293670 3.646697
 H 4.694735 -3.483521 4.391335
 H -1.504251 -1.788578 -3.442715
 H -3.100815 -1.461326 -3.204284
 H -0.374879 2.880888 -4.056469
 H -1.527790 2.556847 -5.030894
 H 5.015663 2.456726 1.697462
 H 3.523703 2.157889 1.845984
 H 2.241103 0.793157 -3.905924
 H 2.439724 2.271310 -3.553340
 H -5.372194 3.510052 -5.917785
 H -4.835365 2.531076 -4.898057
 H 5.186705 -6.411766 0.651816
 H 5.782977 -5.510042 -0.440443
 H -0.160599 -0.654561 -6.168369
 H 1.027967 0.242898 -6.462153
 H -2.855015 0.019235 -5.840521
 H -3.107630 0.808452 -4.531713
 H 0.031725 -0.080462 1.765470
 H 0.796416 -0.992524 0.720576
 H 5.839530 -3.123127 -4.213947
 H 6.256310 -2.193866 -3.088914
 H 4.058649 0.555298 -0.810122
 H 5.196328 -0.521206 -0.911608
 H 0.471269 4.929001 4.841440
 H -0.218013 3.733924 4.049778
 H -4.676920 0.691085 -2.392350
 H -5.278337 -0.113109 -3.606405
 H -0.570044 -4.394861 -1.429922
 H -0.456920 -3.924541 0.073790
 H 5.490825 5.162932 -7.261127
 H 5.539068 3.707562 -7.909109
 H 3.182579 6.263202 4.972959
 H 3.327362 7.193941 6.337038
 H -6.360827 5.045068 -2.528225
 H -5.026241 5.171158 -3.022560
 H -0.943688 1.279968 -2.914227
 H 0.354002 1.850344 -2.186005
 H -3.533162 -3.763004 -1.694667
 H -3.768782 -4.590111 -0.321695
 H -3.680428 5.506920 2.176915
 H -3.328210 5.644878 3.688987
 H -2.380299 4.009297 3.512662
 H -3.733804 3.442784 3.917194
 H -2.166642 -1.818299 -1.426321
 H -1.793166 -0.700699 -0.427562
 H -1.953522 -2.115870 4.600140
 H -1.588655 -2.123777 6.037550
 H 0.535357 2.880124 5.090661
 H -0.650935 2.375840 5.765131
 H -5.042910 2.700242 2.256472
 H -3.960171 2.388568 1.188984
 H 4.167802 5.739750 -1.518497
 H 3.771989 4.886820 -2.861194
 H 1.072764 -5.178510 -4.455289
 H 1.849670 -5.105288 -3.043223
 H -3.387872 3.877904 -3.694526
 H -1.964404 4.376236 -3.712172
 H 4.995487 0.533248 7.355389
 H 4.769500 0.823300 5.888114
 H -1.717408 0.416925 2.858275
 H -1.123949 1.771167 2.101278
 H 0.350699 -1.307983 -2.832074
 H 0.394168 -1.222621 -4.408255
 H 0.841572 -3.061823 -5.114539
 H 0.724903 -3.681753 -6.524815
 H 7.143255 -5.895319 4.851079
 H 7.063951 -5.612124 3.311383
 H 4.425023 -3.567521 1.074827
 H 3.438644 -2.535738 0.340678
 H 5.832922 -0.584770 2.338093
 H 5.201608 -1.382109 3.506816
 H 1.769670 3.840023 -5.108599
 H 1.476787 4.724562 -4.006450
 H -1.742621 -6.632096 1.342609
 H -2.338642 -7.161159 0.007754
 H -5.648928 -1.823719 -6.443045
 H -4.473571 -2.117939 -7.423268
 H -3.666078 2.158974 -1.004578
 H -4.969118 2.020171 -0.089936
 H 5.621322 4.236489 -4.946319
 H 5.006835 2.921200 -4.743304
 H 2.431175 -0.745511 -1.668094
 H 1.044711 -0.108831 -1.484068
 H -4.957441 -4.160882 1.421906
 H -5.323644 -2.909868 2.198163
 H 1.313853 3.436239 2.864175
 H 1.041937 2.855782 1.403448
K_POINTS
 1
0.0 0.0 0.0 1.0