
&control
    calculation='scf'
    pseudo_dir = './',
    outdir='./outputs',
    disk_io='high'
/
&system
    ibrav= 1, celldm(1)=20.000000, nat=  192, ntyp= 2,
    ecutwfc = 30.0, nosym=.true., occupations='smearing',
    smearing='m-v', degauss=0.025
/
&electrons
    conv_thr =  1.0d-8,
    mixing_beta = 0.7
/
&ions
    pot_extrapolation='second-order'
    wfc_extrapolation='second-order'
    ion_temperature = 'andersen'
    tempw = 1000

/
ATOMIC_SPECIES
 H  1.01  H.blyp-hgh.UPF
 O  16.0  O.blyp-hgh.UPF
ATOMIC_POSITIONS bohr
 O -5.433097 -1.553272 -0.717459
 O 2.838766 -2.616990 6.134905
 O -5.635254 6.571317 -5.471777
 O 1.414495 2.862774 -1.040751
 O -5.005184 1.091041 3.895048
 O 0.111884 6.049378 5.877164
 O -1.369138 -5.707245 -2.551050
 O 3.156522 1.286853 4.689234
 O -2.956674 -6.633869 5.533504
 O 2.010517 -2.511448 3.742251
 O 2.626202 -6.624974 2.362781
 O -3.346289 -3.616629 4.542679
 O -4.672853 -7.072586 0.243446
 O -3.812879 -4.433467 -3.796881
 O 2.424625 -3.887247 -1.857182
 O -1.785254 3.134870 -1.205164
 O -1.298957 -2.914910 1.742524
 O 0.367480 -4.848186 3.528262
 O 4.406337 -4.356767 -4.704430
 O 4.785863 4.653797 2.205730
 O 5.286897 -3.945140 3.770355
 O -2.408607 -2.144705 -3.116439
 O -1.161030 3.292861 -4.492862
 O 4.391020 1.704214 1.692606
 O 2.900145 1.390324 -3.465438
 O -4.560416 3.320619 -5.408065
 O 4.946393 -5.680270 0.042237
 O 0.786286 -0.551996 -5.918481
 O -2.388789 0.558957 -5.173783
 O 0.721608 -0.779304 1.679594
 O 5.755671 -2.177181 -3.932342
 O 4.351116 -0.206201 -1.352659
 O 0.432439 4.481114 3.954354
 O -4.499086 0.414366 -3.350879
 O -0.007639 -3.883161 -0.794166
 O 5.254773 4.211288 -7.129677
 O 3.775345 6.603720 5.674546
 O -5.570151 5.640510 -2.319932
 O -0.012340 1.081701 -2.696488
 O -4.196175 -4.040181 -1.016239
 O -2.931995 5.670847 2.768624
 O -2.785234 3.212792 3.930359
 O -1.856910 -1.664118 -0.495909
 O -1.536805 -1.523879 5.264389
 O 0.307413 2.232126 5.757947
 O -4.556207 3.093805 1.500855
 O 3.687390 4.964274 -1.891878
 O 1.450693 -5.717438 -3.733811
 O -2.811214 4.543888 -3.237531
 O 5.368334 1.086160 6.647215
 O -1.456494 0.825343 1.987788
 O 0.073190 -1.773458 -3.664670
 O 0.256395 -3.601271 -5.678830
 O 7.134127 -6.329588 3.972985
 O 3.787555 -2.850107 1.192782
 O 6.026274 -1.297939 2.989712
 O 1.541824 3.760892 -4.164780
 O -1.703089 -7.393624 0.724656
 O -4.795452 -1.459278 -6.774809
 O -4.360443 1.510221 -0.677249
 O 5.266124 3.708494 -4.210621
 O 1.495380 -0.994321 -1.394580
 O -4.894565 -3.790815 2.341670
 O 1.717063 3.030349 2.069683
 H -5.136053 -2.496601 -0.797173
 H -4.753368 -1.168520 -1.321009
 H 2.366315 -2.163974 6.857042
 H 2.391034 -2.236637 5.331472
 H -5.462798 5.768593 -4.931927
 H -5.019666 7.170437 -4.943033
 H 2.336818 2.865504 -1.350752
 H 1.200486 3.821186 -0.998095
 H -5.673114 0.463510 4.218466
 H -4.280135 0.888947 4.493065
 H 0.341878 6.945925 5.600047
 H 0.023610 5.894414 6.826722
 H -0.816215 -6.200569 -1.923500
 H -0.874415 -5.581767 -3.384193
 H 3.659522 1.835011 4.049349
 H 2.680641 0.663840 4.087094
 H -2.788246 -7.419040 6.101229
 H -2.082649 -6.335965 5.211270
 H 1.572837 -1.871041 3.138168
 H 2.748369 -2.884442 3.160096
 H 1.756404 -6.386523 2.746436
 H 3.031835 -5.784107 2.067668
 H -3.466789 -4.579231 4.665011
 H -3.211031 -3.701191 3.560881
 H -4.628601 -7.776671 0.925357
 H -5.218765 -7.337328 -0.519696
 H -3.120056 -3.796028 -4.023435
 H -3.482190 -5.169799 -3.258165
 H 3.051290 -3.476727 -2.480763
 H 1.726077 -3.225801 -1.596283
 H -2.578539 3.603341 -1.572664
 H -1.734237 3.283989 -0.219116
 H -1.744898 -2.471801 0.956851
 H -0.687245 -2.197922 1.952078
 H 0.455555 -3.877349 3.614997
 H -0.321911 -4.978901 2.857135
 H 5.276828 -4.583583 -5.123187
 H 4.092813 -3.651437 -5.345536
 H 3.853230 4.962331 2.346284
 H 5.275278 5.082698 2.947741
 H 5.990975 -3.283137 3.658293
 H 4.690057 -3.496466 4.402204
 H -1.503575 -1.782746 -3.428959
 H -3.098279 -1.454237 -3.196041
 H -0.368290 2.892452 -4.050546
 H -1.529271 2.563636 -5.046127
 H 5.025390 2.449600 1.694242
 H 3.532968 2.172448 1.836751
 H 2.240552 0.796495 -3.892400
 H 2.421663 2.265234 -3.558069
 H -5.364626 3.530145 -5.926684
 H -4.833813 2.526085 -4.909540
 H 5.190849 -6.406743 0.660969
 H 5.783034 -5.499415 -0.422654
 H -0.160141 -0.658536 -6.179016
 H 1.040825 0.227161 -6.467243
 H -2.859913 0.013046 -5.844316
 H -3.117356 0.840582 -4.552135
 H 0.029280 -0.074928 1.765845
 H 0.797366 -0.984559 0.717732
 H 5.847923 -3.120740 -4.213050
 H 6.268075 -2.202325 -3.092793
 H 4.061832 0.549535 -0.809132
 H 5.198426 -0.512175 -0.930009
 H 0.473286 4.923934 4.840528
 H -0.226177 3.725255 4.052932
 H -4.650122 0.650217 -2.374940
 H -5.280926 -0.119906 -3.601767
 H -0.565238 -4.381256 -1.449323
 H -0.470560 -3.926560 0.067388
 H 5.509052 5.158995 -7.263768
 H 5.539106 3.725354 -7.936968
 H 3.192518 6.251916 4.973108
 H 3.343738 7.177232 6.353734
 H -6.342031 5.031536 -2.529076
 H -5.032748 5.181537 -3.007075
 H -0.945980 1.293045 -2.915035
 H 0.361229 1.858080 -2.198406
 H -3.518138 -3.776781 -1.683689
 H -3.767922 -4.574585 -0.314608
 H -3.679737 5.510699 2.173009
 H -3.323019 5.644881 3.682811
 H -2.373105 4.002919 3.509132
 H -3.735148 3.456946 3.921421
 H -2.169006 -1.816501 -1.428424
 H -1.795601 -0.691325 -0.415067
 H -1.958643 -2.112716 4.600357
 H -1.592647 -2.130128 6.030536
 H 0.526056 2.889205 5.088167
 H -0.640599 2.392226 5.755843
 H -5.032262 2.697950 2.261381
 H -3.960896 2.383756 1.194769
 H 4.158646 5.741256 -1.509040
 H 3.768982 4.894412 -2.861987
 H 1.052959 -5.162825 -4.433271
 H 1.852499 -5.113000 -3.040397
 H -3.405037 3.897645 -3.687898
 H -1.976095 4.379102 -3.731902
 H 5.007334 0.533351 7.358227
 H 4.777624 0.821593 5.887995
 H -1.741115 0.444023 2.863446
 H -1.101993 1.765046 2.077565
 H 0.348380 -1.293599 -2.836852
 H 0.391810 -1.222222 -4.405158
 H 0.850016 -3.086389 -5.101568
 H 0.715292 -3.677870 -6.525411
 H 7.140977 -5.909469 4.855750
 H 7.062109 -5.619528 3.315467
 H 4.428614 -3.566390 1.081029
 H 3.441424 -2.529483 0.341493
 H 5.851662 -0.583291 2.342289
 H 5.202611 -1.390421 3.501510
 H 1.766921 3.839103 -5.107236
 H 1.471003 4.725728 -4.014905
 H -1.713803 -6.634351 1.350956
 H -2.334996 -7.142644 0.016180
 H -5.642581 -1.821066 -6.454643
 H -4.460750 -2.123344 -7.421362
 H -3.696271 2.188263 -1.003910
 H -4.985678 2.007562 -0.103697
 H 5.602927 4.249682 -4.953446
 H 5.016011 2.922600 -4.757493
 H 2.429897 -0.762095 -1.657806
 H 1.044751 -0.116377 -1.492632
 H -4.917881 -4.159098 1.420294
 H -5.332328 -2.919251 2.185311
 H 1.323458 3.460294 2.859902
 H 1.039100 2.855646 1.407365
K_POINTS
 1
0.0 0.0 0.0 1.0