
&control
    calculation='scf'
    pseudo_dir = './',
    outdir='./outputs',
    disk_io='high'
/
&system
    ibrav= 1, celldm(1)=20.000000, nat=  192, ntyp= 2,
    ecutwfc = 30.0, nosym=.true., occupations='smearing',
    smearing='m-v', degauss=0.025
/
&electrons
    conv_thr =  1.0d-8,
    mixing_beta = 0.7
/
&ions
    pot_extrapolation='second-order'
    wfc_extrapolation='second-order'
    ion_temperature = 'andersen'
    tempw = 1000

/
ATOMIC_SPECIES
 H  1.01  H.blyp-hgh.UPF
 O  16.0  O.blyp-hgh.UPF
ATOMIC_POSITIONS bohr
 O -5.438850 -1.556507 -0.710886
 O 2.845952 -2.611330 6.135813
 O -5.639625 6.576398 -5.478599
 O 1.422345 2.854764 -1.041702
 O -5.003814 1.084928 3.904892
 O 0.117369 6.046722 5.875489
 O -1.372939 -5.714751 -2.551352
 O 3.159801 1.290252 4.692804
 O -2.960512 -6.637965 5.528899
 O 2.005397 -2.513279 3.741722
 O 2.632321 -6.624018 2.358968
 O -3.343476 -3.617741 4.550087
 O -4.669256 -7.069800 0.234543
 O -3.808735 -4.424971 -3.802626
 O 2.422172 -3.896164 -1.855812
 O -1.779812 3.133151 -1.212684
 O -1.294858 -2.913855 1.736992
 O 0.359375 -4.848541 3.529518
 O 4.401863 -4.353363 -4.698385
 O 4.776600 4.650535 2.203669
 O 5.286529 -3.946476 3.775667
 O -2.409837 -2.141564 -3.114623
 O -1.158167 3.293223 -4.495655
 O 4.392421 1.703479 1.683137
 O 2.902365 1.395718 -3.463626
 O -4.562868 3.326210 -5.406197
 O 4.944058 -5.678434 0.050772
 O 0.782213 -0.557016 -5.920681
 O -2.395748 0.555968 -5.173501
 O 0.714500 -0.776903 1.678440
 O 5.758610 -2.175786 -3.929289
 O 4.349763 -0.207073 -1.355459
 O 0.427778 4.481784 3.955158
 O -4.504183 0.409684 -3.345559
 O -0.008894 -3.887669 -0.793756
 O 5.258153 4.208169 -7.140361
 O 3.782127 6.603850 5.668068
 O -5.575111 5.647788 -2.314050
 O -0.013147 1.083678 -2.695950
 O -4.202779 -4.044820 -1.014284
 O -2.933309 5.672711 2.762079
 O -2.790576 3.206204 3.922992
 O -1.862211 -1.654150 -0.497244
 O -1.542271 -1.522033 5.263906
 O 0.308767 2.237219 5.752171
 O -4.551511 3.092885 1.505618
 O 3.688098 4.970149 -1.894942
 O 1.447014 -5.716167 -3.730402
 O -2.809678 4.545627 -3.236527
 O 5.374251 1.089874 6.648572
 O -1.450785 0.825049 1.991584
 O 0.076951 -1.774301 -3.661696
 O 0.255411 -3.601415 -5.675461
 O 7.141750 -6.336640 3.974148
 O 3.788807 -2.850553 1.192950
 O 6.027337 -1.301377 2.988486
 O 1.547320 3.762839 -4.160606
 O -1.707753 -7.396890 0.734454
 O -4.790371 -1.454612 -6.781839
 O -4.359558 1.506750 -0.678832
 O 5.262861 3.706392 -4.220412
 O 1.493180 -1.000165 -1.389315
 O -4.903093 -3.797958 2.344823
 O 1.718880 3.024069 2.074049
 H -5.137710 -2.499519 -0.789287
 H -4.755649 -1.156572 -1.300854
 H 2.362729 -2.183891 6.868369
 H 2.378407 -2.240614 5.336446
 H -5.451343 5.776036 -4.940822
 H -5.035492 7.172066 -4.934100
 H 2.347857 2.885286 -1.349741
 H 1.191138 3.808319 -0.991482
 H -5.683905 0.463326 4.227327
 H -4.274845 0.886734 4.500925
 H 0.352142 6.943197 5.604818
 H 0.026863 5.881227 6.821465
 H -0.828552 -6.222435 -1.930650
 H -0.884565 -5.578924 -3.383849
 H 3.670065 1.829735 4.042813
 H 2.712180 0.649300 4.088172
 H -2.785234 -7.417631 6.106671
 H -2.084966 -6.329732 5.226994
 H 1.557199 -1.864647 3.149632
 H 2.765759 -2.874742 3.175098
 H 1.765983 -6.372256 2.745418
 H 3.032288 -5.785831 2.053191
 H -3.454547 -4.579043 4.673816
 H -3.197045 -3.680797 3.562355
 H -4.620145 -7.786354 0.907689
 H -5.218269 -7.328890 -0.531560
 H -3.114719 -3.783934 -4.023335
 H -3.488247 -5.164517 -3.264762
 H 3.041664 -3.476944 -2.479450
 H 1.733291 -3.224507 -1.589126
 H -2.572949 3.610240 -1.568797
 H -1.743458 3.296166 -0.230859
 H -1.744835 -2.457358 0.953686
 H -0.679545 -2.204139 1.961697
 H 0.445803 -3.879839 3.615696
 H -0.322321 -4.983092 2.855776
 H 5.264386 -4.567910 -5.126420
 H 4.106099 -3.657889 -5.353715
 H 3.843302 4.957748 2.358636
 H 5.286747 5.086812 2.935106
 H 5.980540 -3.273134 3.669301
 H 4.685022 -3.510735 4.413423
 H -1.503519 -1.777583 -3.415238
 H -3.095116 -1.446672 -3.189032
 H -0.361898 2.905142 -4.045967
 H -1.531091 2.570704 -5.060188
 H 5.034518 2.442854 1.690925
 H 3.542011 2.186893 1.826944
 H 2.240787 0.800230 -3.878260
 H 2.404994 2.258111 -3.562946
 H -5.356982 3.550064 -5.936200
 H -4.832591 2.520972 -4.921213
 H 5.194505 -6.402074 0.670476
 H 5.783373 -5.488570 -0.405135
 H -0.159042 -0.662778 -6.190253
 H 1.053741 0.211655 -6.470853
 H -2.864271 0.007031 -5.847656
 H -3.126116 0.871343 -4.573610
 H 0.026745 -0.069608 1.765860
 H 0.798801 -0.976424 0.715390
 H 5.855097 -3.117116 -4.211721
 H 6.279003 -2.210262 -3.096863
 H 4.065399 0.543939 -0.807998
 H 5.199106 -0.503328 -0.949086
 H 0.474626 4.920205 4.840283
 H -0.233349 3.720393 4.055214
 H -4.623024 0.609808 -2.359984
 H -5.283504 -0.126446 -3.597691
 H -0.559854 -4.366703 -1.467687
 H -0.484106 -3.927952 0.060796
 H 5.526569 5.153878 -7.266670
 H 5.539032 3.744123 -7.963836
 H 3.201847 6.241638 4.974416
 H 3.360031 7.158879 6.369140
 H -6.323887 5.020016 -2.528098
 H -5.036707 5.193441 -2.990311
 H -0.947265 1.306040 -2.914859
 H 0.367930 1.865770 -2.210528
 H -3.503605 -3.791432 -1.671868
 H -3.766755 -4.558699 -0.308853
 H -3.679047 5.514599 2.169044
 H -3.318364 5.645733 3.675988
 H -2.366889 3.996317 3.505100
 H -3.735474 3.470472 3.926078
 H -2.170608 -1.815475 -1.430694
 H -1.798346 -0.682355 -0.402253
 H -1.963628 -2.109155 4.600440
 H -1.596330 -2.136323 6.023863
 H 0.520125 2.898865 5.084850
 H -0.632606 2.407532 5.747677
 H -5.021093 2.695244 2.266497
 H -3.960679 2.378859 1.201430
 H 4.148788 5.742593 -1.500285
 H 3.766789 4.902856 -2.862472
 H 1.033974 -5.146028 -4.410850
 H 1.854783 -5.120594 -3.037622
 H -3.421721 3.918339 -3.681378
 H -1.987707 4.381184 -3.751341
 H 5.018907 0.533298 7.362167
 H 4.786247 0.821297 5.889054
 H -1.764104 0.473742 2.866997
 H -1.082227 1.755276 2.055239
 H 0.346984 -1.280318 -2.842406
 H 0.389643 -1.220036 -4.402463
 H 0.857821 -3.111018 -5.088422
 H 0.706813 -3.672878 -6.526625
 H 7.138316 -5.923407 4.860939
 H 7.059552 -5.625413 3.319743
 H 4.432183 -3.566004 1.085689
 H 3.444901 -2.524430 0.341886
 H 5.870116 -0.582320 2.346595
 H 5.203279 -1.398534 3.495325
 H 1.764570 3.836041 -5.106823
 H 1.465431 4.728220 -4.020706
 H -1.685414 -6.638128 1.359190
 H -2.331316 -7.124085 0.025324
 H -5.635831 -1.818117 -6.465824
 H -4.447934 -2.128957 -7.418535
 H -3.727587 2.215781 -1.002167
 H -5.002401 1.994870 -0.118637
 H 5.583504 4.263600 -4.960122
 H 5.024760 2.923373 -4.770351
 H 2.428105 -0.779278 -1.646674
 H 1.044766 -0.124715 -1.501305
 H -4.878177 -4.157085 1.420509
 H -5.340734 -2.928460 2.173182
 H 1.333018 3.485158 2.854981
 H 1.035884 2.855825 1.410372
K_POINTS
 1
0.0 0.0 0.0 1.0