
&control
    calculation='scf'
    pseudo_dir = './',
    outdir='./outputs',
    disk_io='high'
/
&system
    ibrav= 1, celldm(1)=20.000000, nat=  192, ntyp= 2,
    ecutwfc = 30.0, nosym=.true., occupations='smearing',
    smearing='m-v', degauss=0.025
/
&electrons
    conv_thr =  1.0d-8,
    mixing_beta = 0.7
/
&ions
    pot_extrapolation='second-order'
    wfc_extrapolation='second-order'
    ion_temperature = 'andersen'
    tempw = 1000

/
ATOMIC_SPECIES
 H  1.01  H.blyp-hgh.UPF
 O  16.0  O.blyp-hgh.UPF
ATOMIC_POSITIONS bohr
 O -5.262517 -1.550340 -1.439932
 O 3.954278 -2.156194 5.390441
 O -5.734712 5.359215 -5.502592
 O -0.176440 3.697333 -1.543645
 O -4.718722 0.751551 3.880282
 O -0.234032 5.445987 5.207010
 O -0.127354 -5.385564 -3.406663
 O 2.381144 0.213178 3.627658
 O -2.852187 -5.292076 5.638579
 O 1.926840 -2.922516 1.805646
 O 2.532299 -6.090055 2.906364
 O -4.130452 -3.035276 4.422970
 O -4.437062 -5.900195 0.722691
 O -3.589745 -5.689375 -3.703700
 O 2.248768 -2.746601 -2.235220
 O -1.912054 2.447681 1.214648
 O -1.171621 -1.584437 1.782096
 O 0.214975 -4.227150 3.719331
 O 5.425719 -4.228373 -4.965671
 O 5.483301 4.884951 2.190193
 O 5.943977 -2.979981 3.254331
 O -3.239588 -2.959274 -3.838360
 O -0.892069 2.621179 -4.941715
 O 3.897961 2.354517 2.865756
 O 2.326809 1.317871 -3.103936
 O -4.885624 2.768040 -6.184180
 O 4.459970 -5.965536 -1.246413
 O 1.975272 -1.301122 -4.600844
 O -2.028331 0.198004 -4.831721
 O 0.886575 -0.326427 0.721196
 O 4.770305 -1.745291 -3.721101
 O 5.177978 0.079175 -0.098555
 O -0.214581 4.562029 1.876576
 O -5.137932 0.721612 -4.004881
 O 0.725566 -3.820357 -0.368879
 O 4.584245 3.626885 -4.411439
 O 3.483093 5.471086 5.847046
 O -5.177123 3.780576 -1.898439
 O -0.372605 1.030317 -1.668569
 O -3.059713 -3.389099 -1.075969
 O -2.621235 5.470226 3.340145
 O -1.512475 2.805021 4.052486
 O -2.622599 -0.266165 -0.691331
 O -1.530750 -2.186237 4.888245
 O 0.676787 1.833617 4.930733
 O -4.759716 3.350780 1.415815
 O 2.852414 3.937161 -0.601312
 O 2.693016 -6.010080 -3.591938
 O -2.599016 4.547805 -2.320914
 O 5.533888 0.612492 5.316210
 O -3.054424 0.234592 1.980350
 O -0.663750 -2.396407 -2.356116
 O 0.010239 -3.289079 -5.490622
 O 5.717539 -5.966989 4.361416
 O 5.055030 -3.070919 -0.219449
 O 4.664744 -0.710121 2.446727
 O 1.118920 4.314064 -4.318572
 O -0.652984 -5.805617 0.461065
 O -5.538043 -1.412919 -5.742331
 O -4.637166 1.367247 -0.877913
 O 5.198081 1.555206 -2.605197
 O 2.795664 -0.279369 -1.044546
 O -5.285395 -1.244415 1.276390
 O 1.553323 2.631192 1.464768
 H -5.081582 -1.415900 -0.471852
 H -4.461875 -1.091819 -1.787655
 H 3.598262 -2.923511 5.871761
 H 3.242901 -1.802133 4.826976
 H -6.376282 4.925526 -4.901806
 H -5.670858 4.716874 -6.235837
 H 0.342898 3.090375 -0.990612
 H 0.490993 4.278531 -1.946735
 H -5.537152 0.227539 3.802821
 H -4.869954 1.346954 4.651612
 H 0.191245 6.315563 5.109662
 H 0.021319 5.119588 6.085389
 H -0.443586 -5.517381 -2.496608
 H -0.867082 -5.736696 -3.934327
 H 2.577827 1.132657 3.335746
 H 1.407389 0.168700 3.609534
 H -3.470339 -5.513431 6.361372
 H -1.977709 -5.394297 6.053436
 H 2.029669 -2.027006 1.408139
 H 2.833931 -3.286800 1.829379
 H 3.274462 -6.387315 2.347771
 H 1.740637 -6.506168 2.522371
 H -3.342288 -3.453883 4.031071
 H -4.466339 -2.351990 3.811504
 H -3.722190 -6.481203 0.398087
 H -4.302274 -5.048726 0.262839
 H -4.469236 -5.435209 -3.374593
 H -3.609053 -6.661014 -3.766836
 H 2.245502 -1.780839 -2.090833
 H 1.962302 -3.063232 -1.328273
 H -1.182360 3.030271 0.892049
 H -1.614911 1.534920 1.064538
 H -0.301837 -1.486572 1.290737
 H -0.845221 -1.650221 2.698951
 H 1.077833 -3.821820 3.443623
 H -0.383901 -3.830713 3.060977
 H 6.124668 -4.874276 -5.193080
 H 5.772833 -3.339052 -4.700495
 H 5.797547 5.422244 2.966883
 H 6.293401 5.034025 1.651896
 H 5.426191 -2.366831 2.687793
 H 6.320451 -3.688084 2.702891
 H -2.342793 -2.762068 -4.156908
 H -3.798106 -2.942005 -4.635189
 H -0.374500 2.901277 -4.171173
 H -1.258704 1.719151 -4.753522
 H 4.776659 2.594878 3.199567
 H 3.470251 3.200245 2.652739
 H 2.849797 1.048634 -3.875123
 H 1.865990 2.136343 -3.373352
 H -5.007828 2.155506 -5.419154
 H -3.977582 3.106550 -6.088549
 H 4.125932 -5.076285 -1.449091
 H 5.398322 -5.810740 -1.052571
 H 2.761741 -1.255526 -5.177397
 H 1.242618 -1.001791 -5.163956
 H -2.012255 -0.511175 -5.503384
 H -2.876247 0.657450 -4.968867
 H 0.994958 0.631234 0.971648
 H 1.321447 -0.399808 -0.163723
 H 3.994219 -2.193976 -3.336544
 H 5.374467 -1.655904 -2.961807
 H 5.333974 1.014836 -0.366929
 H 5.947824 -0.375440 -0.558430
 H -0.696511 3.961835 2.488009
 H -0.685819 5.399568 2.091448
 H -4.688456 0.865740 -3.147745
 H -6.114244 0.686373 -3.837862
 H 0.498221 -4.734094 -0.633072
 H 1.120821 -3.841765 0.542963
 H 3.650388 3.911903 -4.470327
 H 4.639743 2.821793 -4.955678
 H 3.333646 5.127811 4.942165
 H 2.738072 6.077911 5.991388
 H -5.698435 3.899037 -1.075665
 H -4.702265 4.638200 -1.901830
 H 0.008423 0.287352 -2.167814
 H -1.301403 0.678437 -1.446144
 H -2.961806 -3.073314 -2.005707
 H -2.527800 -4.211144 -1.166878
 H -3.445790 5.794172 2.932565
 H -2.692802 5.858124 4.244096
 H -1.429660 2.002023 3.490404
 H -2.204729 3.253497 3.523601
 H -2.133640 -1.093766 -0.527305
 H -3.039023 -0.016219 0.175402
 H -2.503188 -2.263598 5.009071
 H -1.127954 -3.013701 5.209989
 H 1.481556 1.557615 5.402505
 H 0.197754 2.455523 5.503207
 H -5.202062 3.575991 2.254764
 H -3.883490 2.979321 1.629478
 H 3.376467 4.668538 -0.229427
 H 2.840182 4.143442 -1.552497
 H 3.606394 -5.736051 -3.806878
 H 2.191591 -5.176317 -3.726537
 H -2.480014 3.926472 -3.062617
 H -1.912491 4.249783 -1.689502
 H 5.957727 -0.223765 5.693063
 H 4.612094 0.294465 5.303269
 H -2.596366 -0.608296 2.194453
 H -3.794028 0.409591 2.612933
 H 0.060455 -3.049859 -2.458955
 H -0.512080 -2.024873 -1.465236
 H 0.357110 -3.260520 -4.583066
 H 0.792488 -2.980591 -5.985646
 H 4.960924 -5.758505 4.952140
 H 6.492889 -5.627805 4.836332
 H 5.817407 -3.379140 0.310731
 H 4.730994 -2.346858 0.350958
 H 4.709391 -0.176269 1.603778
 H 3.915242 -0.415191 3.027509
 H 1.345619 3.935129 -5.192663
 H 1.600648 5.185237 -4.370257
 H -1.047156 -6.643736 0.155208
 H -1.332749 -5.108245 0.503455
 H -5.325410 -1.941219 -6.535059
 H -4.707182 -0.987718 -5.464821
 H -4.098846 2.170645 -1.042462
 H -4.786564 1.368664 0.082582
 H 5.825270 2.305546 -2.617603
 H 4.325223 1.966608 -2.441145
 H 3.735075 -0.145738 -0.716150
 H 2.648246 0.330016 -1.806400
 H -6.132554 -0.880246 1.578024
 H -4.854339 -1.533618 2.097744
 H 0.835643 3.298943 1.363649
 H 2.194555 2.915509 0.769576
K_POINTS
 1
0.0 0.0 0.0 1.0