
&control
    calculation='scf'
    pseudo_dir = './',
    outdir='./outputs',
    disk_io='high'
/
&system
    ibrav= 1, celldm(1)=20.000000, nat=  192, ntyp= 2,
    ecutwfc = 30.0, nosym=.true., occupations='smearing',
    smearing='m-v', degauss=0.025
/
&electrons
    conv_thr =  1.0d-8,
    mixing_beta = 0.7
/
&ions
    pot_extrapolation='second-order'
    wfc_extrapolation='second-order'
    ion_temperature = 'andersen'
    tempw = 1000

/
ATOMIC_SPECIES
 H  1.01  H.blyp-hgh.UPF
 O  16.0  O.blyp-hgh.UPF
ATOMIC_POSITIONS bohr
 O -5.449898 -1.563017 -0.698581
 O 2.860293 -2.599783 6.138120
 O -5.647628 6.586864 -5.491384
 O 1.437817 2.839074 -1.043615
 O -5.001510 1.073140 3.924222
 O 0.127985 6.040314 5.871904
 O -1.381132 -5.729041 -2.551786
 O 3.166509 1.296713 4.699208
 O -2.967974 -6.646231 5.519912
 O 1.995744 -2.517096 3.739690
 O 2.643756 -6.621071 2.351461
 O -3.337200 -3.620364 4.563573
 O -4.661518 -7.063352 0.217172
 O -3.801702 -4.408165 -3.814708
 O 2.417173 -3.913765 -1.853214
 O -1.769451 3.129193 -1.226910
 O -1.287643 -2.911917 1.725665
 O 0.343371 -4.849539 3.532483
 O 4.393136 -4.345648 -4.687107
 O 4.759711 4.643935 2.199967
 O 5.285323 -3.948707 3.786831
 O -2.412556 -2.135149 -3.110753
 O -1.151904 3.293045 -4.501916
 O 4.395242 1.702118 1.664409
 O 2.906051 1.406846 -3.460307
 O -4.567441 3.337398 -5.402373
 O 4.939537 -5.674668 0.067869
 O 0.774084 -0.566873 -5.925504
 O -2.410119 0.550413 -5.172974
 O 0.700494 -0.772445 1.676162
 O 5.765315 -2.173031 -3.922857
 O 4.347201 -0.209004 -1.360973
 O 0.417553 4.481044 3.956055
 O -4.514482 0.400145 -3.333761
 O -0.011637 -3.897126 -0.793186
 O 5.265483 4.201833 -7.161935
 O 3.796041 6.603995 5.654936
 O -5.586033 5.660892 -2.303069
 O -0.015014 1.087827 -2.694999
 O -4.215728 -4.053827 -1.010482
 O -2.935447 5.676853 2.749875
 O -2.800816 3.192992 3.908371
 O -1.873052 -1.633451 -0.499836
 O -1.553437 -1.518589 5.262974
 O 0.311795 2.246990 5.740384
 O -4.542606 3.090585 1.515486
 O 3.689137 4.981249 -1.900646
 O 1.439243 -5.714068 -3.723959
 O -2.808461 4.549517 -3.234055
 O 5.385800 1.096924 6.650776
 O -1.439065 0.824811 1.999161
 O 0.084365 -1.776102 -3.655180
 O 0.252757 -3.602350 -5.668461
 O 7.156685 -6.351366 3.976481
 O 3.790859 -2.850890 1.194176
 O 6.029721 -1.308160 2.986088
 O 1.558367 3.767282 -4.152800
 O -1.716504 -7.403105 0.753148
 O -4.780081 -1.445276 -6.796107
 O -4.357290 1.500310 -0.682487
 O 5.256396 3.702418 -4.240427
 O 1.488979 -1.011229 -1.378754
 O -4.919988 -3.812256 2.349511
 O 1.722930 3.010922 2.083035
 H -5.142294 -2.506438 -0.770770
 H -4.762875 -1.131131 -1.255789
 H 2.359015 -2.221479 6.890362
 H 2.356138 -2.251316 5.345368
 H -5.431257 5.789743 -4.962435
 H -5.067041 7.177075 -4.920757
 H 2.370745 2.925140 -1.347565
 H 1.173042 3.780363 -0.978302
 H -5.704339 0.462041 4.244036
 H -4.261103 0.882656 4.518943
 H 0.372366 6.939973 5.616671
 H 0.034755 5.858716 6.813691
 H -0.850228 -6.268425 -1.947142
 H -0.901444 -5.574918 -3.380119
 H 3.689296 1.818162 4.031897
 H 2.776781 0.622704 4.092869
 H -2.780646 -7.411991 6.115004
 H -2.086918 -6.318492 5.261413
 H 1.527106 -1.851598 3.170451
 H 2.792397 -2.851378 3.207581
 H 1.785778 -6.344055 2.743169
 H 3.031813 -5.788867 2.023532
 H -3.431458 -4.579739 4.697664
 H -3.171658 -3.635377 3.569228
 H -4.606763 -7.808908 0.867060
 H -5.216444 -7.312057 -0.556582
 H -3.100613 -3.759537 -4.020533
 H -3.495316 -5.154541 -3.277639
 H 3.023298 -3.475646 -2.476315
 H 1.750242 -3.226835 -1.576601
 H -2.555933 3.627194 -1.563351
 H -1.761877 3.321766 -0.260302
 H -1.743168 -2.432544 0.949434
 H -0.657720 -2.213755 1.982459
 H 0.428978 -3.883770 3.614373
 H -0.325933 -4.990317 2.851910
 H 5.238911 -4.545630 -5.131103
 H 4.129382 -3.671483 -5.364984
 H 3.822467 4.946461 2.383661
 H 5.307367 5.093349 2.904956
 H 5.960522 -3.254676 3.689463
 H 4.674076 -3.543507 4.436743
 H -1.504939 -1.769261 -3.388425
 H -3.087227 -1.429961 -3.178835
 H -0.350374 2.933198 -4.041717
 H -1.534245 2.586093 -5.083485
 H 5.051142 2.430200 1.683933
 H 3.559345 2.214947 1.805628
 H 2.243143 0.807036 -3.848792
 H 2.376591 2.241981 -3.572603
 H -5.341398 3.588453 -5.956285
 H -4.831777 2.511188 -4.945773
 H 5.200061 -6.393898 0.690518
 H 5.784802 -5.466145 -0.371106
 H -0.155918 -0.671949 -6.214797
 H 1.079765 0.182136 -6.474316
 H -2.871104 -0.003797 -5.851941
 H -3.141124 0.928213 -4.619289
 H 0.021026 -0.059644 1.764978
 H 0.803013 -0.959664 0.712474
 H 5.865698 -3.106655 -4.208344
 H 6.298766 -2.224084 -3.104649
 H 4.073025 0.534339 -0.804704
 H 5.199028 -0.487518 -0.987819
 H 0.475262 4.917252 4.842459
 H -0.243484 3.723343 4.056801
 H -4.569031 0.531279 -2.337180
 H -5.288900 -0.138834 -3.590764
 H -0.547759 -4.335447 -1.500758
 H -0.511190 -3.928959 0.046963
 H 5.558919 5.140309 -7.272827
 H 5.538120 3.783926 -8.013842
 H 3.217451 6.223676 4.979952
 H 3.391772 7.117127 6.395826
 H -6.292552 5.002184 -2.520498
 H -5.033698 5.220710 -2.955990
 H -0.945854 1.331290 -2.911472
 H 0.379908 1.880334 -2.233748
 H -3.478372 -3.822949 -1.645110
 H -3.763275 -4.527511 -0.298956
 H -3.678906 5.522436 2.159950
 H -3.311089 5.649964 3.661078
 H -2.358063 3.981344 3.496060
 H -3.733058 3.495558 3.936676
 H -2.171432 -1.814713 -1.435315
 H -1.805001 -0.665931 -0.376599
 H -1.973468 -2.100962 4.599445
 H -1.602647 -2.147976 6.011877
 H 0.519371 2.919706 5.075631
 H -0.626130 2.434707 5.735351
 H -4.997949 2.688655 2.278264
 H -3.957310 2.368871 1.216683
 H 4.128052 5.746135 -1.484747
 H 3.765146 4.922506 -2.863656
 H 0.998722 -5.110190 -4.364567
 H 1.858145 -5.134933 -3.031117
 H -3.454434 3.961246 -3.669465
 H -2.010305 4.382684 -3.789312
 H 5.041496 0.533306 7.372420
 H 4.804660 0.824894 5.894621
 H -1.807647 0.540578 2.869996
 H -1.048801 1.727405 2.015422
 H 0.346922 -1.257292 -2.855076
 H 0.385708 -1.210809 -4.398832
 H 0.871943 -3.159787 -5.061611
 H 0.693320 -3.659551 -6.530540
 H 7.132007 -5.950442 4.872431
 H 7.052328 -5.632448 3.328922
 H 4.439028 -3.567171 1.090170
 H 3.454296 -2.518192 0.341769
 H 5.905477 -0.580913 2.354813
 H 5.202820 -1.413779 3.480323
 H 1.760967 3.823328 -5.108083
 H 1.455013 4.737062 -4.024242
 H -1.630339 -6.649857 1.375408
 H -2.323663 -7.086928 0.046179
 H -5.622068 -1.811588 -6.486485
 H -4.422681 -2.139880 -7.409436
 H -3.792717 2.264583 -0.996298
 H -5.036933 1.968626 -0.151248
 H 5.541465 4.293064 -4.971613
 H 5.040725 2.921792 -4.792944
 H 2.424193 -0.814675 -1.622320
 H 1.044621 -0.142848 -1.518839
 H -4.798719 -4.152621 1.426414
 H -5.356868 -2.946683 2.151423
 H 1.352309 3.536314 2.842163
 H 1.029647 2.857596 1.414815
K_POINTS
 1
0.0 0.0 0.0 1.0