
&control
    calculation='scf'
    pseudo_dir = './',
    outdir='./outputs',
    disk_io='high'
/
&system
    ibrav= 1, celldm(1)=20.000000, nat=  192, ntyp= 2,
    ecutwfc = 30.0, nosym=.true., occupations='smearing',
    smearing='m-v', degauss=0.025
/
&electrons
    conv_thr =  1.0d-8,
    mixing_beta = 0.7
/
&ions
    pot_extrapolation='second-order'
    wfc_extrapolation='second-order'
    ion_temperature = 'andersen'
    tempw = 1000

/
ATOMIC_SPECIES
 H  1.01  H.blyp-hgh.UPF
 O  16.0  O.blyp-hgh.UPF
ATOMIC_POSITIONS bohr
 O -5.451688 -1.564109 -0.696628
 O 2.862669 -2.597824 6.138567
 O -5.648865 6.588645 -5.493398
 O 1.440393 2.836502 -1.043945
 O -5.001188 1.071221 3.927405
 O 0.129705 6.039109 5.871273
 O -1.382586 -5.731322 -2.551825
 O 3.167669 1.297757 4.700156
 O -2.969185 -6.647629 5.518452
 O 1.994202 -2.517740 3.739238
 O 2.645535 -6.620441 2.350231
 O -3.336062 -3.620828 4.565634
 O -4.660167 -7.062192 0.214334
 O -3.800681 -4.405377 -3.816805
 O 2.416330 -3.916656 -1.852801
 O -1.767804 3.128479 -1.229188
 O -1.286562 -2.911596 1.723740
 O 0.340736 -4.849752 3.533043
 O 4.391698 -4.344253 -4.685328
 O 4.757117 4.642831 2.199417
 O 5.285059 -3.949018 3.788764
 O -2.413043 -2.134065 -3.110072
 O -1.150808 3.292916 -4.503052
 O 4.395713 1.701915 1.661320
 O 2.906573 1.408747 -3.459789
 O -4.568157 3.339266 -5.401726
 O 4.938810 -5.674030 0.070724
 O 0.772743 -0.568505 -5.926347
 O -2.412566 0.549542 -5.172907
 O 0.698195 -0.771751 1.675789
 O 5.766536 -2.172569 -3.921748
 O 4.346754 -0.209344 -1.361906
 O 0.415733 4.480654 3.956107
 O -4.516195 0.398526 -3.331662
 O -0.012114 -3.898751 -0.793122
 O 5.266788 4.200766 -7.165571
 O 3.798431 6.604017 5.652739
 O -5.587987 5.662917 -2.301307
 O -0.015361 1.088553 -2.694857
 O -4.217827 -4.055280 -1.009895
 O -2.935721 5.677602 2.747957
 O -2.802457 3.190799 3.905947
 O -1.874887 -1.629916 -0.500249
 O -1.555325 -1.518048 5.262832
 O 0.312346 2.248578 5.738379
 O -4.541176 3.090140 1.517163
 O 3.689245 4.982994 -1.901531
 O 1.437882 -5.713766 -3.722954
 O -2.808484 4.550234 -3.233581
 O 5.387693 1.098043 6.651104
 O -1.437091 0.824778 2.000400
 O 0.085591 -1.776407 -3.654038
 O 0.252226 -3.602593 -5.667270
 O 7.159130 -6.353891 3.976873
 O 3.791149 -2.850881 1.194493
 O 6.030168 -1.309297 2.985703
 O 1.560212 3.768105 -4.151582
 O -1.717885 -7.404108 0.756132
 O -4.778334 -1.443727 -6.798522
 O -4.356855 1.499319 -0.683150
 O 5.255330 3.701809 -4.243813
 O 1.488290 -1.013010 -1.376981
 O -4.922777 -3.814636 2.350083
 O 1.723630 3.008663 2.084567
 H -5.143190 -2.507639 -0.767398
 H -4.764378 -1.126778 -1.247689
 H 2.358895 -2.227468 6.893846
 H 2.352864 -2.253455 5.346802
 H -5.428297 5.791758 -4.966537
 H -5.072251 7.178252 -4.919157
 H 2.374482 2.931774 -1.347132
 H 1.170059 3.775477 -0.976098
 H -5.707349 0.461832 4.246679
 H -4.258605 0.881998 4.522165
 H 0.375698 6.939700 5.618973
 H 0.036266 5.855470 6.812799
 H -0.853429 -6.276360 -1.950178
 H -0.903753 -5.574488 -3.379206
 H 3.692178 1.816063 4.030521
 H 2.787653 0.618542 4.093992
 H -2.780123 -7.410668 6.116045
 H -2.086868 -6.316731 5.267471
 H 1.522427 -1.849543 3.173661
 H 2.795662 -2.846926 3.213223
 H 1.789159 -6.339447 2.742780
 H 3.031658 -5.789282 2.018448
 H -3.427790 -4.580032 4.702306
 H -3.167834 -3.627389 3.571115
 H -4.604977 -7.812949 0.859577
 H -5.215950 -7.309184 -0.560823
 H -3.097938 -3.755554 -4.019677
 H -3.495815 -5.152942 -3.279738
 H 3.020419 -3.475255 -2.475752
 H 1.753310 -3.227889 -1.574701
 H -2.552359 3.630376 -1.562893
 H -1.764798 3.326145 -0.265696
 H -1.742570 -2.428975 0.949101
 H -0.653419 -2.215115 1.986000
 H 0.426532 -3.884214 3.613796
 H -0.326961 -4.991380 2.851056
 H 5.234904 -4.543260 -5.131651
 H 4.132581 -3.673625 -5.366267
 H 3.819033 4.944315 2.387864
 H 5.310361 5.094153 2.899208
 H 5.957305 -3.251797 3.692585
 H 4.672161 -3.549530 4.440730
 H -1.505321 -1.768128 -3.384095
 H -3.085746 -1.426961 -3.177639
 H -0.348628 2.938122 -4.041704
 H -1.534576 2.588816 -5.086643
 H 5.053722 2.428169 1.682714
 H 3.562136 2.219455 1.801855
 H 2.243709 0.807870 -3.843803
 H 2.372541 2.239228 -3.574152
 H -5.338737 3.594558 -5.959672
 H -4.831914 2.509709 -4.950091
 H 5.200727 -6.392681 0.693972
 H 5.785104 -5.462314 -0.365569
 H -0.155387 -0.673553 -6.219194
 H 1.084133 0.177503 -6.474487
 H -2.871992 -0.005401 -5.852275
 H -3.143352 0.937050 -4.627199
 H 0.019955 -0.058079 1.764733
 H 0.803879 -0.956816 0.712221
 H 5.866976 -3.104612 -4.207768
 H 6.301847 -2.226075 -3.105786
 H 4.074301 0.533035 -0.803974
 H 5.199167 -0.485271 -0.994190
 H 0.475099 4.917359 4.843157
 H -0.244627 3.725453 4.056663
 H -4.560171 0.518575 -2.334257
 H -5.289852 -0.140821 -3.589713
 H -0.545636 -4.330048 -1.505767
 H -0.515730 -3.928906 0.044564
 H 5.563920 5.137687 -7.273855
 H 5.537833 3.790757 -8.021651
 H 3.219524 6.220947 4.981174
 H 3.396885 7.109527 6.399746
 H -6.288261 4.999768 -2.518518
 H -5.031479 5.225593 -2.950457
 H -0.945077 1.335362 -2.910524
 H 0.381739 1.882580 -2.237468
 H -3.474875 -3.828424 -1.640247
 H -3.762531 -4.522556 -0.297254
 H -3.679142 5.523719 2.158203
 H -3.310191 5.650994 3.658519
 H -2.357111 3.978533 3.494465
 H -3.732282 3.499480 3.938611
 H -2.171254 -1.814640 -1.436052
 H -1.806283 -0.663391 -0.372419
 H -1.975121 -2.099478 4.599051
 H -1.603554 -2.149790 6.010076
 H 0.520724 2.923282 5.073821
 H -0.626344 2.438765 5.733851
 H -4.994065 2.687415 2.280516
 H -3.956373 2.367207 1.219406
 H 4.124573 5.746983 -1.482385
 H 3.765253 4.926154 -2.863998
 H 0.993238 -5.104069 -4.356632
 H 1.858595 -5.137176 -3.029800
 H -3.459898 3.968455 -3.667706
 H -2.013997 4.382569 -3.795485
 H 5.045228 0.533405 7.374303
 H 4.807798 0.826007 5.895929
 H -1.814580 0.552608 2.870063
 H -1.043905 1.722098 2.009460
 H 0.347265 -1.253918 -2.857279
 H 0.385061 -1.208746 -4.398458
 H 0.874124 -3.167799 -5.057101
 H 0.691497 -3.656894 -6.531287
 H 7.130845 -5.954836 4.874413
 H 7.050862 -5.633045 3.330583
 H 4.440077 -3.567551 1.090287
 H 3.456201 -2.517664 0.341660
 H 5.911108 -0.580648 2.356059
 H 5.202431 -1.416156 3.477482
 H 1.760487 3.820367 -5.108438
 H 1.453397 4.738931 -4.023823
 H -1.621416 -6.652310 1.378089
 H -2.322337 -7.080741 0.050020
 H -5.619840 -1.810445 -6.489662
 H -4.418551 -2.141581 -7.407424
 H -3.803778 2.271839 -0.995113
 H -5.042882 1.964061 -0.156956
 H 5.534035 4.298113 -4.973239
 H 5.043174 2.921019 -4.796399
 H 2.423648 -0.820619 -1.618043
 H 1.044560 -0.145945 -1.521777
 H -4.785511 -4.151837 1.428112
 H -5.359485 -2.949732 2.148145
 H 1.355588 3.544890 2.839516
 H 1.028793 2.858124 1.415488
K_POINTS
 1
0.0 0.0 0.0 1.0