
&control
    calculation='scf'
    pseudo_dir = './',
    outdir='./outputs',
    disk_io='high'
/
&system
    ibrav= 1, celldm(1)=20.000000, nat=  192, ntyp= 2,
    ecutwfc = 30.0, nosym=.true., occupations='smearing',
    smearing='m-v', degauss=0.025
/
&electrons
    conv_thr =  1.0d-8,
    mixing_beta = 0.7
/
&ions
    pot_extrapolation='second-order'
    wfc_extrapolation='second-order'
    ion_temperature = 'andersen'
    tempw = 1000

/
ATOMIC_SPECIES
 H  1.01  H.blyp-hgh.UPF
 O  16.0  O.blyp-hgh.UPF
ATOMIC_POSITIONS bohr
 O -5.457000 -1.567407 -0.690909
 O 2.869759 -2.591885 6.140011
 O -5.652416 6.594042 -5.499239
 O 1.448170 2.828860 -1.044974
 O -5.000319 1.065531 3.936908
 O 0.134776 6.035274 5.869325
 O -1.387106 -5.737993 -2.551855
 O 3.171249 1.300844 4.702770
 O -2.972738 -6.651858 5.514145
 O 1.989655 -2.519654 3.737721
 O 2.650620 -6.618306 2.346588
 O -3.332484 -3.622226 4.571500
 O -4.656029 -7.058615 0.205913
 O -3.797849 -4.397024 -3.823241
 O 2.413806 -3.925248 -1.851610
 O -1.763016 3.126259 -1.235900
 O -1.283496 -2.910592 1.717915
 O 0.332887 -4.850480 3.534839
 O 4.387399 -4.339904 -4.680145
 O 4.749708 4.639513 2.197891
 O 5.284161 -3.949850 3.794686
 O -2.414568 -2.130791 -3.107959
 O -1.147471 3.292404 -4.506624
 O 4.397119 1.701363 1.652119
 O 2.908000 1.414526 -3.458286
 O -4.570224 3.344880 -5.399777
 O 4.936684 -5.672100 0.079301
 O 0.768760 -0.573401 -5.928920
 O -2.419981 0.547019 -5.172761
 O 0.691364 -0.769755 1.674685
 O 5.770363 -2.171149 -3.918363
 O 4.345317 -0.210383 -1.364757
 O 0.410108 4.479073 3.956102
 O -4.521305 0.393616 -3.325171
 O -0.013553 -3.903692 -0.792976
 O 5.270853 4.197550 -7.176564
 O 3.805765 6.604097 5.646149
 O -5.594076 5.668758 -2.296094
 O -0.016454 1.090801 -2.694453
 O -4.223983 -4.059543 -1.008250
 O -2.936382 5.679951 2.742396
 O -2.807252 3.184249 3.898692
 O -1.880445 -1.619196 -0.501440
 O -1.561032 -1.516480 5.262444
 O 0.314051 2.253312 5.732274
 O -4.536968 3.088693 1.522231
 O 3.689439 4.988019 -1.904059
 O 1.433670 -5.712920 -3.720087
 O -2.808907 4.552518 -3.232061
 O 5.393333 1.101293 6.652076
 O -1.431174 0.824605 2.004052
 O 0.089263 -1.777303 -3.650561
 O 0.250489 -3.603472 -5.663677
 O 7.166385 -6.361552 3.978058
 O 3.791945 -2.850762 1.195632
 O 6.031617 -1.312740 2.984587
 O 1.565747 3.770745 -4.148087
 O -1.721884 -7.407070 0.764835
 O -4.773019 -1.439101 -6.805844
 O -4.355475 1.496512 -0.685207
 O 5.252153 3.700108 -4.254043
 O 1.486220 -1.018283 -1.371623
 O -4.931090 -3.821764 2.351441
 O 1.725726 3.001791 2.089230
 H -5.146038 -2.511160 -0.756914
 H -4.769258 -1.113637 -1.222475
 H 2.359464 -2.244975 6.903831
 H 2.343869 -2.260469 5.351140
 H -5.420092 5.797155 -4.979684
 H -5.087735 7.182551 -4.915447
 H 2.385213 2.951560 -1.345617
 H 1.161081 3.760565 -0.969451
 H -5.715332 0.461372 4.254365
 H -4.251168 0.880040 4.532013
 H 0.385609 6.939220 5.626485
 H 0.041167 5.846602 6.810818
 H -0.862363 -6.300537 -1.959830
 H -0.909727 -5.573620 -3.376154
 H 3.700191 1.809494 4.027349
 H 2.820279 0.606416 4.097956
 H -2.779050 -7.406110 6.118614
 H -2.086125 -6.311581 5.286105
 H 1.509265 -1.843821 3.182876
 H 2.803411 -2.832621 3.230299
 H 1.799402 -6.325854 2.741625
 H 3.031225 -5.790329 2.002877
 H -3.417078 -4.581201 4.717103
 H -3.157153 -3.603068 3.578294
 H -4.600342 -7.825332 0.835912
 H -5.214003 -7.300305 -0.573508
 H -3.089611 -3.743949 -4.016359
 H -3.496159 -5.148167 -3.285992
 H 3.012180 -3.473890 -2.474013
 H 1.762694 -3.232140 -1.569204
 H -2.540459 3.640453 -1.562569
 H -1.773066 3.339413 -0.282109
 H -1.740077 -2.419242 0.948839
 H -0.639801 -2.219108 1.996492
 H 0.419826 -3.885106 3.611443
 H -0.330793 -4.994328 2.848121
 H 5.223767 -4.538689 -5.132891
 H 4.140611 -3.679466 -5.369262
 H 3.809104 4.937439 2.400498
 H 5.318428 5.096036 2.880701
 H 5.947847 -3.243496 3.701565
 H 4.666307 -3.568560 4.452850
 H -1.506602 -1.765149 -3.371437
 H -3.081069 -1.417594 -3.174921
 H -0.343614 2.953120 -4.042891
 H -1.535074 2.597154 -5.094795
 H 5.061183 2.422162 1.678957
 H 3.570355 2.232584 1.790164
 H 2.245571 0.809500 -3.828825
 H 2.361575 2.231221 -3.578636
 H -5.330583 3.612189 -5.969733
 H -4.832884 2.505686 -4.963529
 H 5.202233 -6.389246 0.704471
 H 5.786029 -5.450682 -0.349168
 H -0.153943 -0.678467 -6.232972
 H 1.097301 0.164245 -6.474436
 H -2.874263 -0.009850 -5.852589
 H -3.149667 0.962428 -4.651330
 H 0.016494 -0.053571 1.763874
 H 0.806748 -0.948206 0.711821
 H 5.869975 -3.098254 -4.206174
 H 6.310839 -2.231451 -3.108724
 H 4.078066 0.529710 -0.801433
 H 5.200391 -0.479409 -1.012923
 H 0.474132 4.918674 4.845668
 H -0.247349 3.734239 4.055567
 H -4.534007 0.481242 -2.326892
 H -5.292819 -0.146673 -3.586638
 H -0.539223 -4.313686 -1.519936
 H -0.529430 -3.928379 0.037190
 H 5.578213 5.129407 -7.276875
 H 5.536697 3.811386 -8.044187
 H 3.224640 6.213070 4.985220
 H 3.411799 7.085689 6.410666
 H -6.277361 4.993246 -2.511438
 H -5.021560 5.240708 -2.934505
 H -0.941911 1.347301 -2.907076
 H 0.386985 1.888883 -2.248335
 H -3.465858 -3.845089 -1.625082
 H -3.760037 -4.508337 -0.291670
 H -3.680370 5.527497 2.152504
 H -3.308125 5.654637 3.650887
 H -2.355175 3.969483 3.489560
 H -3.729395 3.510801 3.944705
 H -2.170180 -1.814317 -1.438138
 H -1.810460 -0.656049 -0.360199
 H -1.980151 -2.094852 4.597372
 H -1.606013 -2.154960 6.005021
 H 0.527262 2.933922 5.068135
 H -0.628924 2.450076 5.730301
 H -4.982478 2.683488 2.287892
 H -3.952959 2.362292 1.227779
 H 4.114252 5.750175 -1.475641
 H 3.766250 4.937753 -2.865429
 H 0.977528 -5.085723 -4.332394
 H 1.859820 -5.143633 -3.025306
 H -3.476461 3.989980 -3.662930
 H -2.025033 4.381582 -3.813617
 H 5.056438 0.534027 7.380001
 H 4.817122 0.830131 5.900296
 H -1.834836 0.590096 2.869691
 H -1.030072 1.705940 1.992748
 H 0.348901 -1.244571 -2.863813
 H 0.383029 -1.201911 -4.397651
 H 0.880357 -3.191578 -5.043591
 H 0.686674 -3.648176 -6.533449
 H 7.127207 -5.967844 4.880306
 H 7.046051 -5.634009 3.335938
 H 4.442938 -3.568866 1.089588
 H 3.462503 -2.516948 0.341204
 H 5.927468 -0.579669 2.359495
 H 5.200620 -1.422953 3.468375
 H 1.759202 3.810119 -5.109501
 H 1.448822 4.744909 -4.020975
 H -1.595131 -6.660455 1.386114
 H -2.318270 -7.062209 0.062197
 H -5.613412 -1.806956 -6.498672
 H -4.406323 -2.146394 -7.400510
 H -3.837073 2.292051 -0.991388
 H -5.061119 1.949876 -0.174422
 H 5.511008 4.313355 -4.977568
 H 5.050161 2.917731 -4.806372
 H 2.422446 -0.838376 -1.604923
 H 1.044292 -0.155162 -1.530609
 H -4.746023 -4.149426 1.434449
 H -5.367245 -2.958951 2.138933
 H 1.365607 3.570441 2.830490
 H 1.026812 2.860173 1.417601
K_POINTS
 1
0.0 0.0 0.0 1.0