
&control
    calculation='scf'
    pseudo_dir = './',
    outdir='./outputs',
    disk_io='high'
/
&system
    ibrav= 1, celldm(1)=20.000000, nat=  192, ntyp= 2,
    ecutwfc = 30.0, nosym=.true., occupations='smearing',
    smearing='m-v', degauss=0.025
/
&electrons
    conv_thr =  1.0d-8,
    mixing_beta = 0.7
/
&ions
    pot_extrapolation='second-order'
    wfc_extrapolation='second-order'
    ion_temperature = 'andersen'
    tempw = 1000

/
ATOMIC_SPECIES
 H  1.01  H.blyp-hgh.UPF
 O  16.0  O.blyp-hgh.UPF
ATOMIC_POSITIONS bohr
 O -5.458755 -1.568514 -0.689045
 O 2.872107 -2.589883 6.140527
 O -5.653548 6.595860 -5.501119
 O 1.450787 2.826337 -1.045332
 O -5.000059 1.063655 3.940063
 O 0.136437 6.033928 5.868659
 O -1.388665 -5.740160 -2.551831
 O 3.172480 1.301858 4.703562
 O -2.973891 -6.653277 5.512732
 O 1.988157 -2.520281 3.737169
 O 2.652227 -6.617511 2.345390
 O -3.331238 -3.622690 4.573353
 O -4.654624 -7.057398 0.203137
 O -3.796975 -4.394241 -3.825434
 O 2.412972 -3.928083 -1.851231
 O -1.761471 3.125495 -1.238102
 O -1.282525 -2.910237 1.715963
 O 0.330288 -4.850754 3.535474
 O 4.385969 -4.338403 -4.678466
 O 4.747360 4.638403 2.197422
 O 5.283827 -3.950093 3.796701
 O -2.415098 -2.129693 -3.107230
 O -1.146347 3.292203 -4.507868
 O 4.397585 1.701201 1.649073
 O 2.908433 1.416475 -3.457800
 O -4.570885 3.346756 -5.399125
 O 4.935998 -5.671453 0.082164
 O 0.767448 -0.575036 -5.929788
 O -2.422473 0.546209 -5.172732
 O 0.689111 -0.769120 1.674324
 O 5.771691 -2.170659 -3.917216
 O 4.344796 -0.210732 -1.365729
 O 0.408189 4.478423 3.956050
 O -4.522996 0.391960 -3.322950
 O -0.014033 -3.905357 -0.792939
 O 5.272259 4.196472 -7.180256
 O 3.808270 6.604132 5.643955
 O -5.596177 5.670633 -2.294378
 O -0.016831 1.091575 -2.694325
 O -4.225985 -4.060934 -1.007742
 O -2.936547 5.680769 2.740603
 O -2.808806 3.182076 3.896280
 O -1.882314 -1.615590 -0.501818
 O -1.562947 -1.515976 5.262331
 O 0.314629 2.254887 5.730203
 O -4.535590 3.088170 1.523930
 O 3.689457 4.989621 -1.904858
 O 1.432220 -5.712652 -3.719183
 O -2.809160 4.553326 -3.231525
 O 5.395204 1.102341 6.652408
 O -1.429212 0.824506 2.005243
 O 0.090487 -1.777592 -3.649395
 O 0.249865 -3.603814 -5.662476
 O 7.168774 -6.364127 3.978456
 O 3.792190 -2.850696 1.196072
 O 6.032138 -1.313902 2.984229
 O 1.567591 3.771688 -4.146977
 O -1.723169 -7.408045 0.767651
 O -4.771220 -1.437567 -6.808311
 O -4.354994 1.495636 -0.685913
 O 5.251101 3.699587 -4.257474
 O 1.485525 -1.020021 -1.369821
 O -4.933841 -3.824135 2.351774
 O 1.726416 2.999473 2.090807
 H -5.147028 -2.512281 -0.753318
 H -4.770975 -1.109244 -1.213785
 H 2.359972 -2.250658 6.906981
 H 2.341158 -2.263001 5.352616
 H -5.417580 5.798709 -4.984339
 H -5.092834 7.184264 -4.914572
 H 2.388574 2.958099 -1.345025
 H 1.158063 3.755532 -0.967220
 H -5.717596 0.461292 4.256850
 H -4.248780 0.879391 4.535321
 H 0.388878 6.939147 5.629199
 H 0.042928 5.843934 6.810380
 H -0.865133 -6.308696 -1.963243
 H -0.911389 -5.573473 -3.375061
 H 3.702648 1.807228 4.026630
 H 2.831131 0.602474 4.099477
 H -2.778868 -7.404421 6.119303
 H -2.085701 -6.309905 5.292456
 H 1.505214 -1.842095 3.185815
 H 2.805333 -2.827550 3.235992
 H 1.802838 -6.321408 2.741253
 H 3.031116 -5.790609 1.997569
 H -3.413598 -4.581673 4.722278
 H -3.153868 -3.594904 3.581209
 H -4.599031 -7.829510 0.827625
 H -5.213177 -7.297236 -0.577701
 H -3.086780 -3.740227 -4.014991
 H -3.495896 -5.146560 -3.288077
 H 3.009576 -3.473392 -2.473416
 H 1.765832 -3.233900 -1.567415
 H -2.536118 3.643978 -1.562859
 H -1.775620 3.343873 -0.287550
 H -1.738997 -2.416315 0.949001
 H -0.635105 -2.220473 1.999893
 H 0.417802 -3.885255 3.610451
 H -0.332310 -4.995228 2.847029
 H 5.220409 -4.538042 -5.133166
 H 4.142709 -3.681159 -5.370008
 H 3.805970 4.935006 2.404709
 H 5.320801 5.096491 2.874126
 H 5.944755 -3.240842 3.704436
 H 4.664326 -3.575219 4.456942
 H -1.507053 -1.764292 -3.367343
 H -3.079440 -1.414352 -3.174304
 H -0.341990 2.958160 -4.043692
 H -1.535057 2.599960 -5.097071
 H 5.063584 2.420182 1.677669
 H 3.573045 2.236811 1.786143
 H 2.246230 0.809702 -3.823844
 H 2.358307 2.228700 -3.580069
 H -5.327798 3.617811 -5.973026
 H -4.833407 2.504506 -4.968182
 H 5.202562 -6.388166 0.708004
 H 5.786325 -5.446765 -0.343765
 H -0.153532 -0.680134 -6.237771
 H 1.101712 0.160060 -6.474251
 H -2.874899 -0.011218 -5.852470
 H -3.151669 0.970509 -4.659487
 H 0.015254 -0.052138 1.763552
 H 0.807794 -0.945319 0.711797
 H 5.870698 -3.096114 -4.205715
 H 6.313771 -2.233036 -3.109516
 H 4.079295 0.528800 -0.800469
 H 5.201143 -0.477777 -1.019011
 H 0.473646 4.919429 4.846600
 H -0.248090 3.737896 4.054983
 H -4.525450 0.469075 -2.324883
 H -5.293846 -0.148592 -3.585622
 H -0.537096 -4.308206 -1.524380
 H -0.534028 -3.928081 0.034670
 H 5.582740 5.126552 -7.277848
 H 5.536223 3.818271 -8.051412
 H 3.225952 6.210522 4.986676
 H 3.416611 7.077409 6.414045
 H -6.274427 4.991279 -2.508720
 H -5.017152 5.245900 -2.929422
 H -0.940612 1.351186 -2.905738
 H 0.388661 1.890821 -2.251855
 H -3.463367 -3.850696 -1.619871
 H -3.759131 -4.503837 -0.289598
 H -3.680951 5.528731 2.150451
 H -3.307659 5.656036 3.648385
 H -2.354835 3.966260 3.487882
 H -3.728265 3.514425 3.946835
 H -2.169642 -1.814143 -1.438784
 H -1.811965 -0.653678 -0.356257
 H -1.981856 -2.093256 4.596634
 H -1.606746 -2.156582 6.003450
 H 0.530245 2.937387 5.066198
 H -0.630338 2.453545 5.729425
 H -4.978651 2.682119 2.290570
 H -3.951630 2.360695 1.230623
 H 4.110869 5.751480 -1.473499
 H 3.766811 4.941839 -2.866057
 H 0.972551 -5.079658 -4.324164
 H 1.860194 -5.145698 -3.023610
 H -3.482058 3.997095 -3.661516
 H -2.028718 4.381041 -3.819505
 H 5.060189 0.534366 7.381876
 H 4.820158 0.831748 5.901856
 H -1.841412 0.603036 2.869402
 H -1.025682 1.700640 1.987562
 H 0.349650 -1.241707 -2.865925
 H 0.382303 -1.199465 -4.397465
 H 0.882322 -3.199414 -5.039115
 H 0.685265 -3.645022 -6.534096
 H 7.125949 -5.972128 4.882222
 H 7.044318 -5.634090 3.337878
 H 4.443774 -3.569335 1.089014
 H 3.464796 -2.516991 0.341009
 H 5.932735 -0.579269 2.360532
 H 5.199789 -1.425099 3.465140
 H 1.758816 3.806267 -5.109810
 H 1.447404 4.746966 -4.019526
 H -1.586537 -6.663421 1.388785
 H -2.316887 -7.056044 0.066474
 H -5.611371 -1.805775 -6.501494
 H -4.402302 -2.147894 -7.397914
 H -3.848165 2.298270 -0.990122
 H -5.067332 1.944956 -0.180342
 H 5.503087 4.318442 -4.978822
 H 5.052376 2.916310 -4.809585
 H 2.422225 -0.844246 -1.600466
 H 1.044174 -0.158179 -1.533558
 H -4.732920 -4.148603 1.436979
 H -5.369808 -2.962055 2.136069
 H 1.369018 3.578852 2.827090
 H 1.026384 2.861019 1.418365
K_POINTS
 1
0.0 0.0 0.0 1.0