
&control
    calculation='scf'
    pseudo_dir = './',
    outdir='./outputs',
    disk_io='high'
/
&system
    ibrav= 1, celldm(1)=20.000000, nat=  192, ntyp= 2,
    ecutwfc = 30.0, nosym=.true., occupations='smearing',
    smearing='m-v', degauss=0.025
/
&electrons
    conv_thr =  1.0d-8,
    mixing_beta = 0.7
/
&ions
    pot_extrapolation='second-order'
    wfc_extrapolation='second-order'
    ion_temperature = 'andersen'
    tempw = 1000

/
ATOMIC_SPECIES
 H  1.01  H.blyp-hgh.UPF
 O  16.0  O.blyp-hgh.UPF
ATOMIC_POSITIONS bohr
 O -5.464001 -1.571869 -0.683550
 O 2.879098 -2.583810 6.142172
 O -5.656793 6.601364 -5.506568
 O 1.458748 2.818839 -1.046461
 O -4.999350 1.058088 3.949502
 O 0.141327 6.029704 5.866625
 O -1.393496 -5.746496 -2.551640
 O 3.176300 1.304857 4.705691
 O -2.977233 -6.657546 5.508558
 O 1.983674 -2.522106 3.735401
 O 2.656774 -6.614872 2.341842
 O -3.327338 -3.624052 4.578629
 O -4.650345 -7.053707 0.194902
 O -3.794534 -4.385896 -3.832149
 O 2.410513 -3.936505 -1.850168
 O -1.756997 3.123137 -1.244631
 O -1.279727 -2.909085 1.710098
 O 0.322530 -4.851667 3.537483
 O 4.381694 -4.333771 -4.673566
 O 4.740663 4.635056 2.196127
 O 5.282720 -3.950722 3.802866
 O -2.416759 -2.126379 -3.104965
 O -1.142972 3.291551 -4.511762
 O 4.398970 1.700788 1.639998
 O 2.909619 1.422376 -3.456386
 O -4.572786 3.352403 -5.397170
 O 4.934016 -5.669497 0.090774
 O 0.763565 -0.579958 -5.932408
 O -2.429989 0.543880 -5.172708
 O 0.682425 -0.767304 1.673274
 O 5.775830 -2.169115 -3.913720
 O 4.343077 -0.211775 -1.368714
 O 0.402354 4.476179 3.955754
 O -4.528013 0.386932 -3.316137
 O -0.015453 -3.910398 -0.792856
 O 5.276623 4.193212 -7.191413
 O 3.815983 6.604271 5.637381
 O -5.602678 5.676051 -2.289290
 O -0.017981 1.093973 -2.693956
 O -4.231820 -4.065021 -1.006332
 O -2.936879 5.683331 2.735389
 O -2.813330 3.175584 3.889070
 O -1.887976 -1.604705 -0.502890
 O -1.568724 -1.514527 5.262044
 O 0.316349 2.259641 5.723871
 O -4.531520 3.086473 1.529054
 O 3.689368 4.994201 -1.907124
 O 1.427727 -5.711870 -3.716638
 O -2.810233 4.555889 -3.229845
 O 5.400809 1.105377 6.653475
 O -1.423395 0.824017 2.008737
 O 0.094170 -1.778409 -3.645911
 O 0.247880 -3.604985 -5.658880
 O 7.175848 -6.371889 3.979653
 O 3.792881 -2.850437 1.197574
 O 6.033824 -1.317438 2.983200
 O 1.573114 3.774726 -4.143819
 O -1.726876 -7.410936 0.775836
 O -4.765744 -1.432989 -6.815787
 O -4.353515 1.493197 -0.688069
 O 5.247960 3.698170 -4.267817
 O 1.483415 -1.025200 -1.364357
 O -4.942019 -3.831231 2.352419
 O 1.728436 2.992458 2.095608
 H -5.150062 -2.515391 -0.742317
 H -4.776255 -1.096069 -1.186953
 H 2.362467 -2.267240 6.915824
 H 2.333925 -2.271154 5.357199
 H -5.410700 5.802546 -4.999096
 H -5.107892 7.190325 -4.913009
 H 2.397795 2.977469 -1.342939
 H 1.148874 3.740335 -0.960458
 H -5.723047 0.461303 4.264105
 H -4.242178 0.877451 4.545180
 H 0.398553 6.939061 5.637995
 H 0.048620 5.836788 6.809663
 H -0.872905 -6.333358 -1.974138
 H -0.915361 -5.573459 -3.371664
 H 3.709392 1.800306 4.025520
 H 2.863505 0.590868 4.104641
 H -2.778891 -7.398990 6.120976
 H -2.084029 -6.304991 5.311878
 H 1.494227 -1.837574 3.194244
 H 2.809278 -2.811508 3.252842
 H 1.813142 -6.308348 2.740223
 H 3.030979 -5.791251 1.981260
 H -3.403409 -4.583257 4.738325
 H -3.144863 -3.570506 3.591511
 H -4.595759 -7.842058 0.801624
 H -5.210093 -7.287597 -0.590092
 H -3.078301 -3.729626 -4.010064
 H -3.494025 -5.141583 -3.294400
 H 3.002217 -3.471863 -2.471565
 H 1.775052 -3.240088 -1.562059
 H -2.522076 3.655012 -1.565123
 H -1.782532 3.357346 -0.303344
 H -1.734973 -2.408427 0.950205
 H -0.620895 -2.224929 2.009582
 H 0.412367 -3.885282 3.606847
 H -0.337509 -4.997662 2.843491
 H 5.211566 -4.538816 -5.133539
 H 4.147069 -3.685262 -5.371629
 H 3.797305 4.927309 2.417302
 H 5.326978 5.097390 2.853305
 H 5.935629 -3.233213 3.712718
 H 4.658335 -3.596117 4.469363
 H -1.508385 -1.762118 -3.355501
 H -3.074375 -1.404293 -3.173324
 H -0.337122 2.973244 -4.047283
 H -1.534421 2.608291 -5.102624
 H 5.070567 2.414287 1.673696
 H 3.580969 2.248970 1.773712
 H 2.248267 0.809099 -3.808983
 H 2.349612 2.221848 -3.584169
 H -5.319210 3.633800 -5.982622
 H -4.835625 2.501529 -4.982707
 H 5.203004 -6.385083 0.718647
 H 5.787094 -5.434924 -0.327714
 H -0.152565 -0.685197 -6.252818
 H 1.115002 0.148273 -6.473253
 H -2.876516 -0.015027 -5.851503
 H -3.157443 0.993631 -4.684220
 H 0.011262 -0.048075 1.762512
 H 0.811196 -0.936631 0.711989
 H 5.872047 -3.089868 -4.204669
 H 6.322436 -2.237139 -3.111219
 H 4.082898 0.526635 -0.797255
 H 5.204649 -0.473924 -1.036721
 H 0.471678 4.922566 4.849462
 H -0.250206 3.750560 4.052626
 H -4.500377 0.433465 -2.320097
 H -5.297037 -0.154273 -3.582523
 H -0.530860 -4.291798 -1.536926
 H -0.547931 -3.926827 0.026904
 H 5.595609 5.117907 -7.280623
 H 5.534498 3.838794 -8.072310
 H 3.228634 6.203017 4.991311
 H 3.430499 7.051633 6.423485
 H -6.267826 4.985870 -2.499594
 H -5.000716 5.261984 -2.914828
 H -0.936174 1.362561 -2.901218
 H 0.393505 1.896078 -2.262078
 H -3.457487 -3.867543 -1.603963
 H -3.756281 -4.491123 -0.282605
 H -3.683146 5.532358 2.143879
 H -3.306981 5.660780 3.641110
 H -2.354689 3.956004 3.482695
 H -3.724449 3.524853 3.953528
 H -2.167505 -1.813301 -1.440540
 H -1.816832 -0.646703 -0.344920
 H -1.987066 -2.088314 4.593845
 H -1.608681 -2.161112 5.999067
 H 0.541465 2.947305 5.060458
 H -0.635752 2.463002 5.727658
 H -4.967314 2.677881 2.299281
 H -3.947118 2.356101 1.239248
 H 4.100945 5.756183 -1.467378
 H 3.769176 4.954759 -2.868427
 H 0.958434 -5.061796 -4.299014
 H 1.861232 -5.151669 -3.017883
 H -3.499126 4.018184 -3.657840
 H -2.039889 4.378785 -3.836571
 H 5.071518 0.535863 7.387278
 H 4.828860 0.837235 5.906645
 H -1.860627 0.643094 2.868116
 H -1.012896 1.685683 1.973105
 H 0.352511 -1.233835 -2.871894
 H 0.379890 -1.191846 -4.397055
 H 0.887824 -3.222632 -5.025873
 H 0.681555 -3.634822 -6.535618
 H 7.122066 -5.984851 4.887699
 H 7.038776 -5.633788 3.344292
 H 4.445828 -3.570724 1.086321
 H 3.472233 -2.517923 0.340280
 H 5.947945 -0.577818 2.363306
 H 5.196587 -1.431148 3.454820
 H 1.757740 3.793507 -5.110423
 H 1.443534 4.753063 -4.013833
 H -1.561272 -6.673037 1.396802
 H -2.312676 -7.037593 0.079948
 H -5.605589 -1.802182 -6.509399
 H -4.390396 -2.152078 -7.389282
 H -3.881231 2.315398 -0.986384
 H -5.086365 1.929485 -0.198335
 H 5.478591 4.333620 -4.982011
 H 5.058707 2.911110 -4.818945
 H 2.422224 -0.861611 -1.586895
 H 1.043735 -0.166942 -1.542419
 H -4.693843 -4.146062 1.445843
 H -5.377445 -2.971483 2.128091
 H 1.379508 3.603572 2.815611
 H 1.025929 2.864071 1.420926
K_POINTS
 1
0.0 0.0 0.0 1.0