
&control
    calculation='scf'
    pseudo_dir = './',
    outdir='./outputs',
    disk_io='high'
/
&system
    ibrav= 1, celldm(1)=20.000000, nat=  192, ntyp= 2,
    ecutwfc = 30.0, nosym=.true., occupations='smearing',
    smearing='m-v', degauss=0.025
/
&electrons
    conv_thr =  1.0d-8,
    mixing_beta = 0.7
/
&ions
    pot_extrapolation='second-order'
    wfc_extrapolation='second-order'
    ion_temperature = 'andersen'
    tempw = 1000

/
ATOMIC_SPECIES
 H  1.01  H.blyp-hgh.UPF
 O  16.0  O.blyp-hgh.UPF
ATOMIC_POSITIONS bohr
 O -5.471018 -1.576431 -0.676395
 O 2.888286 -2.575569 6.144580
 O -5.660795 6.608816 -5.513403
 O 1.469697 2.809020 -1.048115
 O -4.998508 1.050817 3.962050
 O 0.147634 6.023703 5.863874
 O -1.400260 -5.754594 -2.551055
 O 3.181698 1.308729 4.707961
 O -2.981337 -6.663204 5.503114
 O 1.977591 -2.524355 3.732888
 O 2.662178 -6.610741 2.337218
 O -3.321790 -3.625769 4.585111
 O -4.644514 -7.048768 0.184124
 O -3.791629 -4.374783 -3.841384
 O 2.407421 -3.947545 -1.848965
 O -1.751397 3.119855 -1.253211
 O -1.276160 -2.907300 1.702360
 O 0.312252 -4.853085 3.540357
 O 4.376053 -4.327344 -4.667344
 O 4.732478 4.630509 2.194609
 O 5.281010 -3.951340 3.811352
 O -2.419153 -2.121912 -3.101755
 O -1.138526 3.290712 -4.517299
 O 4.400773 1.700439 1.628035
 O 2.910973 1.430319 -3.454595
 O -4.575123 3.359995 -5.394584
 O 4.931582 -5.666862 0.102302
 O 0.758516 -0.586580 -5.935920
 O -2.440050 0.541022 -5.172814
 O 0.673690 -0.765096 1.671970
 O 5.781687 -2.166818 -3.908923
 O 4.340386 -0.213129 -1.372841
 O 0.394592 4.472743 3.955085
 O -4.534556 0.380083 -3.306791
 O -0.017264 -3.917188 -0.792764
 O 5.282778 4.188790 -7.206456
 O 3.826755 6.604557 5.628622
 O -5.611710 5.682785 -2.282695
 O -0.019483 1.097345 -2.693485
 O -4.239173 -4.070316 -1.004657
 O -2.936970 5.686992 2.728777
 O -2.819034 3.166968 3.879521
 O -1.895655 -1.590117 -0.504143
 O -1.576493 -1.512744 5.261807
 O 0.318485 2.266132 5.715104
 O -4.526233 3.083869 1.535939
 O 3.688914 4.999778 -1.909844
 O 1.421399 -5.710813 -3.713627
 O -2.812347 4.559617 -3.227504
 O 5.408316 1.109186 6.655174
 O -1.415896 0.822761 2.013216
 O 0.099124 -1.779329 -3.641410
 O 0.245012 -3.606871 -5.654131
 O 7.185035 -6.382236 3.981254
 O 3.793745 -2.850002 1.199977
 O 6.036357 -1.322276 2.981934
 O 1.580430 3.779311 -4.140005
 O -1.731456 -7.414742 0.786125
 O -4.758264 -1.426945 -6.825914
 O -4.351531 1.490413 -0.690987
 O 5.243789 3.696628 -4.281702
 O 1.480523 -1.032061 -1.356913
 O -4.952721 -3.840652 2.352461
 O 1.730963 2.983024 2.102186
 H -5.154081 -2.518747 -0.727382
 H -4.783171 -1.078587 -1.149638
 H 2.368035 -2.288198 6.926099
 H 2.326432 -2.283219 5.363786
 H -5.402994 5.805571 -5.020516
 H -5.127267 7.200705 -4.913298
 H 2.407646 3.002504 -1.339338
 H 1.136157 3.720028 -0.951246
 H -5.726981 0.461856 4.273452
 H -4.235340 0.874856 4.557841
 H 0.411046 6.938888 5.651293
 H 0.057226 5.829216 6.809833
 H -0.882308 -6.366312 -1.990388
 H -0.918284 -5.574429 -3.367055
 H 3.717088 1.791166 4.026401
 H 2.905971 0.575710 4.112959
 H -2.780318 -7.391390 6.122645
 H -2.081311 -6.298731 5.338491
 H 1.482618 -1.833252 3.204568
 H 2.810994 -2.788493 3.274093
 H 1.826665 -6.291608 2.739175
 H 3.031409 -5.791746 1.958565
 H -3.390320 -4.585440 4.760372
 H -3.134847 -3.538878 3.608552
 H -4.592821 -7.858483 0.764506
 H -5.204427 -7.273489 -0.606061
 H -3.067477 -3.717037 -4.001524
 H -3.489182 -5.134259 -3.303210
 H 2.993503 -3.470011 -2.468900
 H 1.786221 -3.250049 -1.554602
 H -2.501250 3.670690 -1.571887
 H -1.789674 3.375473 -0.322148
 H -1.727786 -2.399728 0.953269
 H -0.602533 -2.232317 2.020708
 H 0.406607 -3.884512 3.600568
 H -0.345646 -5.000227 2.838492
 H 5.202758 -4.546264 -5.132808
 H 4.148009 -3.688026 -5.372656
 H 3.787949 4.916209 2.433884
 H 5.333195 5.097760 2.823469
 H 5.923725 -3.223813 3.723103
 H 4.650336 -3.626030 4.486262
 H -1.509870 -1.760110 -3.340876
 H -3.067252 -1.390199 -3.174026
 H -0.330192 2.992881 -4.054679
 H -1.532207 2.618631 -5.107320
 H 5.079475 2.406485 1.668130
 H 3.591206 2.263792 1.756296
 H 2.251099 0.805183 -3.789397
 H 2.340405 2.215034 -3.589153
 H -5.307162 3.652839 -5.994538
 H -4.840210 2.499020 -5.003444
 H 5.202264 -6.381243 0.732784
 H 5.787629 -5.419030 -0.306592
 H -0.151927 -0.692008 -6.274451
 H 1.132789 0.134429 -6.470998
 H -2.878214 -0.019635 -5.849060
 H -3.164819 1.021907 -4.717587
 H 0.005298 -0.043318 1.761035
 H 0.816348 -0.925054 0.712675
 H 5.871953 -3.082528 -4.204304
 H 6.333828 -2.241057 -3.111726
 H 4.087544 0.524867 -0.792363
 H 5.212409 -0.471296 -1.058991
 H 0.467789 4.928519 4.852767
 H -0.254120 3.769764 4.048270
 H -4.468566 0.388176 -2.316302
 H -5.301514 -0.161726 -3.578087
 H -0.523181 -4.270274 -1.551998
 H -0.566731 -3.924306 0.016029
 H 5.611164 5.106761 -7.283863
 H 5.531483 3.865428 -8.098652
 H 3.229233 6.193135 4.998069
 H 3.447585 7.015261 6.434716
 H -6.264127 4.979562 -2.485487
 H -4.972087 5.284929 -2.896359
 H -0.929646 1.377125 -2.894208
 H 0.399664 1.901661 -2.274837
 H -3.453258 -3.889714 -1.582772
 H -3.752559 -4.476025 -0.271305
 H -3.686825 5.537055 2.134376
 H -3.307861 5.668384 3.632164
 H -2.356337 3.941171 3.475287
 H -3.718611 3.537715 3.963180
 H -2.163478 -1.811110 -1.442422
 H -1.824158 -0.637436 -0.331164
 H -1.994232 -2.081346 4.588779
 H -1.610670 -2.166288 5.993934
 H 0.561230 2.958833 5.053475
 H -0.644215 2.473276 5.727063
 H -4.952575 2.672096 2.312425
 H -3.940033 2.350636 1.250823
 H 4.088291 5.764310 -1.459937
 H 3.773900 4.973521 -2.872647
 H 0.941577 -5.039186 -4.264442
 H 1.862413 -5.159275 -3.008744
 H -3.522538 4.045604 -3.654233
 H -2.055319 4.374351 -3.857559
 H 5.086838 0.539134 7.393639
 H 4.839005 0.845784 5.912733
 H -1.885077 0.699160 2.865537
 H -0.996023 1.669548 1.956152
 H 0.357768 -1.224928 -2.878562
 H 0.375919 -1.181606 -4.396562
 H 0.894047 -3.252881 -5.008961
 H 0.677610 -3.619550 -6.536170
 H 7.116720 -6.001587 4.894070
 H 7.030715 -5.632609 3.354572
 H 4.447287 -3.572279 1.080650
 H 3.483337 -2.520881 0.338923
 H 5.966806 -0.575358 2.366286
 H 5.190668 -1.438229 3.439536
 H 1.756393 3.774022 -5.110106
 H 1.439461 4.760346 -4.003558
 H -1.528829 -6.687452 1.407522
 H -2.307000 -7.013112 0.099329
 H -5.598670 -1.797218 -6.518619
 H -4.374822 -2.156996 -7.375958
 H -3.924311 2.334851 -0.981879
 H -5.112563 1.906842 -0.222757
 H 5.444251 4.353394 -4.984978
 H 5.066533 2.902261 -4.830860
 H 2.423925 -0.883968 -1.568414
 H 1.043009 -0.177722 -1.554245
 H -4.642454 -4.142466 1.460677
 H -5.387588 -2.984335 2.118823
 H 1.394173 3.634844 2.797147
 H 1.027492 2.869339 1.425073
K_POINTS
 1
0.0 0.0 0.0 1.0