
&control
    calculation='scf'
    pseudo_dir = './',
    outdir='./outputs',
    disk_io='high'
/
&system
    ibrav= 1, celldm(1)=20.000000, nat=  192, ntyp= 2,
    ecutwfc = 30.0, nosym=.true., occupations='smearing',
    smearing='m-v', degauss=0.025
/
&electrons
    conv_thr =  1.0d-8,
    mixing_beta = 0.7
/
&ions
    pot_extrapolation='second-order'
    wfc_extrapolation='second-order'
    ion_temperature = 'andersen'
    tempw = 1000

/
ATOMIC_SPECIES
 H  1.01  H.blyp-hgh.UPF
 O  16.0  O.blyp-hgh.UPF
ATOMIC_POSITIONS bohr
 O -5.472789 -1.577588 -0.674627
 O 2.890559 -2.573486 6.145217
 O -5.661742 6.610697 -5.515039
 O 1.472503 2.806600 -1.048557
 O -4.998305 1.049030 3.965183
 O 0.149173 6.022149 5.863190
 O -1.402002 -5.756562 -2.550844
 O 3.183103 1.309668 4.708431
 O -2.982286 -6.664599 5.501770
 O 1.976026 -2.524875 3.732250
 O 2.663410 -6.609597 2.336079
 O -3.320346 -3.626176 4.586657
 O -4.643037 -7.047543 0.181464
 O -3.790952 -4.372011 -3.843737
 O 2.406696 -3.950275 -1.848712
 O -1.750062 3.119012 -1.255340
 O -1.275279 -2.906806 1.700458
 O 0.309688 -4.853471 3.541101
 O 4.374662 -4.325702 -4.665845
 O 4.730551 4.629347 2.194257
 O 5.280542 -3.951459 3.813518
 O -2.419786 -2.120785 -3.100917
 O -1.137436 3.290534 -4.518739
 O 4.401215 1.700390 1.625066
 O 2.911275 1.432306 -3.454165
 O -4.575669 3.361906 -5.393943
 O 4.931014 -5.666199 0.105193
 O 0.757276 -0.588247 -5.936799
 O -2.442560 0.540355 -5.172862
 O 0.671540 -0.764582 1.671666
 O 5.783209 -2.166190 -3.907699
 O 4.339644 -0.213457 -1.373892
 O 0.392695 4.471852 3.954876
 O -4.536162 0.378345 -3.304422
 O -0.017696 -3.918893 -0.792737
 O 5.284373 4.187666 -7.210243
 O 3.829536 6.604649 5.626429
 O -5.614013 5.684377 -2.281093
 O -0.019839 1.098216 -2.693368
 O -4.240930 -4.071623 -1.004257
 O -2.936938 5.687950 2.727175
 O -2.820403 3.164815 3.877148
 O -1.897598 -1.586472 -0.504419
 O -1.578445 -1.512328 5.261776
 O 0.318970 2.267795 5.712850
 O -4.524934 3.083150 1.537672
 O 3.688742 5.001080 -1.910472
 O 1.419758 -5.710535 -3.712940
 O -2.812992 4.560599 -3.226914
 O 5.410210 1.110099 6.655666
 O -1.414084 0.822320 2.014310
 O 0.100374 -1.779520 -3.640328
 O 0.244264 -3.607398 -5.652957
 O 7.187283 -6.384807 3.981654
 O 3.793958 -2.849886 1.200646
 O 6.037040 -1.323505 2.981635
 O 1.582247 3.780559 -4.139120
 O -1.732533 -7.415688 0.788586
 O -4.756366 -1.425445 -6.828468
 O -4.351047 1.489803 -0.691715
 O 5.242746 3.696301 -4.285187
 O 1.479785 -1.033774 -1.355021
 O -4.955354 -3.843002 2.352330
 O 1.731559 2.980663 2.103865
 H -5.155047 -2.519420 -0.723639
 H -4.784806 -1.074243 -1.140074
 H 2.369812 -2.293216 6.928395
 H 2.324945 -2.286427 5.365528
 H -5.401317 5.805943 -5.026163
 H -5.131960 7.203723 -4.913771
 H 2.409619 3.008587 -1.338284
 H 1.132873 3.714964 -0.948902
 H -5.727366 0.462062 4.275762
 H -4.234077 0.874200 4.560875
 H 0.414079 6.938771 5.654899
 H 0.059570 5.827661 6.810021
 H -0.884546 -6.374496 -1.994790
 H -0.918602 -5.574847 -3.365909
 H 3.718825 1.788982 4.027004
 H 2.916417 0.571945 4.115301
 H -2.780935 -7.389523 6.123035
 H -2.080633 -6.297229 5.345246
 H 1.480295 -1.832487 3.206977
 H 2.810948 -2.782513 3.279064
 H 1.829965 -6.287541 2.738995
 H 3.031647 -5.791834 1.952722
 H -3.387121 -4.585936 4.765900
 H -3.132689 -3.531247 3.613303
 H -4.592317 -7.862483 0.754836
 H -5.202719 -7.269695 -0.609948
 H -3.064927 -3.714193 -3.999036
 H -3.487589 -5.132249 -3.305519
 H 2.991522 -3.469628 -2.468188
 H 1.788694 -3.252765 -1.552619
 H -2.495718 3.674764 -1.574327
 H -1.791039 3.380022 -0.326302
 H -1.725681 -2.397817 0.954236
 H -0.598187 -2.234510 2.023072
 H 0.405431 -3.884222 3.598735
 H -0.347832 -5.000734 2.837261
 H 5.201056 -4.549261 -5.132362
 H 4.147337 -3.688186 -5.372753
 H 3.786075 4.913307 2.437971
 H 5.334446 5.097766 2.815747
 H 5.920778 -3.221598 3.725607
 H 4.648354 -3.633852 4.490545
 H -1.510148 -1.759763 -3.337451
 H -3.065410 -1.386576 -3.174556
 H -0.328295 2.997638 -4.056959
 H -1.531424 2.620963 -5.108078
 H 5.081651 2.404539 1.666689
 H 3.593703 2.267221 1.751796
 H 2.251843 0.803626 -3.784536
 H 2.338488 2.213849 -3.590314
 H -5.304042 3.657158 -5.997331
 H -4.841663 2.498669 -5.008875
 H 5.201835 -6.380315 0.736280
 H 5.787641 -5.415057 -0.301345
 H -0.151870 -0.693705 -6.280142
 H 1.137229 0.131302 -6.470278
 H -2.878603 -0.020753 -5.848305
 H -3.166642 1.028537 -4.725962
 H 0.003695 -0.042266 1.760664
 H 0.817746 -0.922173 0.712889
 H 5.871595 -3.080957 -4.204433
 H 6.336664 -2.241758 -3.111519
 H 4.088692 0.524575 -0.791068
 H 5.214865 -0.471078 -1.064332
 H 0.466577 4.930272 4.853381
 H -0.255566 3.774656 4.047006
 H -4.460937 0.377259 -2.315756
 H -5.302665 -0.163579 -3.576891
 H -0.521423 -4.265001 -1.555506
 H -0.571476 -3.923524 0.013209
 H 5.614779 5.104143 -7.284569
 H 5.530601 3.871884 -8.105028
 H 3.228866 6.190662 4.999870
 H 3.451581 7.005843 6.437329
 H -6.264068 4.978120 -2.481676
 H -4.963945 5.291005 -2.891773
 H -0.928033 1.380674 -2.892316
 H 0.401176 1.902788 -2.277853
 H -3.452796 -3.895141 -1.577611
 H -3.751730 -4.472566 -0.268134
 H -3.687807 5.538213 2.131922
 H -3.308412 5.670513 3.630088
 H -2.357030 3.937310 3.473314
 H -3.717059 3.540743 3.965727
 H -2.162273 -1.810321 -1.442809
 H -1.826140 -0.635070 -0.328002
 H -1.996055 -2.079529 4.587282
 H -1.611067 -2.167418 5.992765
 H 0.566928 2.961320 5.051929
 H -0.646281 2.475414 5.727174
 H -4.948954 2.670661 2.315958
 H -3.938100 2.349422 1.253706
 H 4.085227 5.766653 -1.458217
 H 3.775351 4.978481 -2.873857
 H 0.937716 -5.033815 -4.255630
 H 1.862665 -5.161153 -3.006203
 H -3.528488 4.052331 -3.653546
 H -2.059314 4.372997 -3.862424
 H 5.090704 0.540192 7.395040
 H 4.841195 0.848098 5.914111
 H -1.890978 0.713610 2.864737
 H -0.991728 1.666419 1.952275
 H 0.359340 -1.222970 -2.879930
 H 0.374759 -1.179132 -4.396401
 H 0.895367 -3.260311 -5.004923
 H 0.676768 -3.615445 -6.535967
 H 7.115368 -6.005743 4.895450
 H 7.028605 -5.632265 3.357502
 H 4.447391 -3.572579 1.078899
 H 3.486301 -2.521893 0.338503
 H 5.971265 -0.574674 2.366926
 H 5.188908 -1.439812 3.435423
 H 1.756055 3.768778 -5.109765
 H 1.438670 4.761907 -4.000597
 H -1.520944 -6.691329 1.410211
 H -2.305589 -7.007015 0.104408
 H -5.597065 -1.795932 -6.520694
 H -4.370965 -2.158132 -7.372337
 H -3.934812 2.339152 -0.980895
 H -5.119230 1.900758 -0.228925
 H 5.435375 4.358210 -4.985508
 H 5.068404 2.899777 -4.833742
 H 2.424658 -0.889379 -1.563734
 H 1.042819 -0.180226 -1.557198
 H -4.629765 -4.141520 1.464931
 H -5.390130 -2.987594 2.116734
 H 1.397970 3.642279 2.791953
 H 1.028293 2.870864 1.426239
K_POINTS
 1
0.0 0.0 0.0 1.0