
&control
    calculation='scf'
    pseudo_dir = './',
    outdir='./outputs',
    disk_io='high'
/
&system
    ibrav= 1, celldm(1)=20.000000, nat=  192, ntyp= 2,
    ecutwfc = 30.0, nosym=.true., occupations='smearing',
    smearing='m-v', degauss=0.025
/
&electrons
    conv_thr =  1.0d-8,
    mixing_beta = 0.7
/
&ions
    pot_extrapolation='second-order'
    wfc_extrapolation='second-order'
    ion_temperature = 'andersen'
    tempw = 1000

/
ATOMIC_SPECIES
 H  1.01  H.blyp-hgh.UPF
 O  16.0  O.blyp-hgh.UPF
ATOMIC_POSITIONS bohr
 O -5.491279 -1.589439 -0.657106
 O 2.912953 -2.552387 6.152197
 O -5.670218 6.629783 -5.530003
 O 1.502143 2.783390 -1.053537
 O -4.995954 1.032209 3.996254
 O 0.163790 6.005869 5.856896
 O -1.420059 -5.775268 -2.547310
 O 3.198197 1.318005 4.711308
 O -2.989527 -6.677550 5.488513
 O 1.958461 -2.529024 3.726495
 O 2.673214 -6.595571 2.324913
 O -3.304977 -3.629692 4.601805
 O -4.627876 -7.035903 0.155588
 O -3.784839 -4.344677 -3.867938
 O 2.401011 -3.977016 -1.847547
 O -1.738100 3.110341 -1.276150
 O -1.266076 -2.901005 1.682963
 O 0.283917 -4.857755 3.548695
 O 4.361714 -4.308813 -4.652384
 O 4.713310 4.616639 2.190747
 O 5.275012 -3.952049 3.835981
 O -2.426933 -2.109174 -3.091759
 O -1.127309 3.290485 -4.533937
 O 4.405415 1.700814 1.595809
 O 2.913464 1.451648 -3.450328
 O -4.580189 3.381434 -5.387779
 O 4.926281 -5.659447 0.134298
 O 0.745256 -0.605135 -5.945723
 O -2.467121 0.534946 -5.173596
 O 0.650823 -0.760279 1.669212
 O 5.799738 -2.158562 -3.894776
 O 4.331276 -0.216441 -1.384331
 O 0.376248 4.464027 3.952147
 O -4.551486 0.360470 -3.280624
 O -0.021381 -3.935958 -0.792129
 O 5.301447 4.175921 -7.248470
 O 3.858902 6.605977 5.604129
 O -5.636998 5.697910 -2.266829
 O -0.022468 1.107358 -2.692174
 O -4.256667 -4.084779 -0.999639
 O -2.935895 5.698427 2.712060
 O -2.833022 3.142976 3.853904
 O -1.917581 -1.550562 -0.506165
 O -1.598098 -1.508840 5.262035
 O 0.322180 2.285577 5.688942
 O -4.512501 3.074224 1.555402
 O 3.686011 5.012448 -1.915836
 O 1.402300 -5.707090 -3.707110
 O -2.822054 4.571204 -3.221497
 O 5.429877 1.118595 6.662367
 O -1.397687 0.815277 2.025146
 O 0.113221 -1.780250 -3.630902
 O 0.236422 -3.613788 -5.641598
 O 7.208404 -6.409671 3.985560
 O 3.796261 -2.848813 1.208646
 O 6.044724 -1.336050 2.978972
 O 1.599913 3.795190 -4.131508
 O -1.741661 -7.425193 0.810696
 O -4.737133 -1.410643 -6.854172
 O -4.347123 1.485603 -0.698620
 O 5.232092 3.694047 -4.320238
 O 1.472203 -1.050914 -1.335425
 O -4.980544 -3.866514 2.348112
 O 1.736723 2.957374 2.121529
 H -5.162328 -2.522338 -0.687479
 H -4.796892 -1.031959 -1.040092
 H 2.394394 -2.337524 6.946558
 H 2.317982 -2.321527 5.384695
 H -5.389485 5.802211 -5.088271
 H -5.174622 7.242551 -4.926181
 H 2.418613 3.064560 -1.324714
 H 1.097290 3.664361 -0.924475
 H -5.720221 0.462984 4.300100
 H -4.232706 0.866974 4.587859
 H 0.441782 6.933880 5.696694
 H 0.087542 5.818699 6.812719
 H -0.906799 -6.452568 -2.046829
 H -0.914156 -5.582829 -3.354167
 H 3.734817 1.773439 4.038315
 H 3.015707 0.534091 4.144901
 H -2.793106 -7.375505 6.129328
 H -2.077494 -6.284152 5.413695
 H 1.469575 -1.830463 3.226214
 H 2.807793 -2.720469 3.316558
 H 1.859586 -6.248964 2.739862
 H 3.036965 -5.793754 1.891116
 H -3.356137 -4.587303 4.817631
 H -3.117583 -3.464821 3.664645
 H -4.591226 -7.898609 0.652155
 H -5.179554 -7.224429 -0.647348
 H -3.044650 -3.692046 -3.967053
 H -3.465060 -5.106559 -3.332305
 H 2.975985 -3.469270 -2.459614
 H 1.802494 -3.282157 -1.527997
 H -2.434650 3.717802 -1.617370
 H -1.794145 3.424833 -0.354212
 H -1.699633 -2.381136 0.964627
 H -0.563776 -2.265519 2.034636
 H 0.399383 -3.881833 3.574786
 H -0.370374 -5.002465 2.828329
 H 5.190117 -4.601708 -5.119783
 H 4.121517 -3.678636 -5.370587
 H 3.779179 4.882747 2.476825
 H 5.344112 5.099383 2.737990
 H 5.891190 -3.202023 3.749836
 H 4.629952 -3.718549 4.534491
 H -1.509728 -1.759736 -3.308953
 H -3.045706 -1.349412 -3.187402
 H -0.302656 3.039830 -4.087869
 H -1.520021 2.633502 -5.110172
 H 5.103073 2.385080 1.651185
 H 3.616921 2.294782 1.703889
 H 2.262063 0.777112 -3.735631
 H 2.326259 2.215718 -3.600315
 H -5.271174 3.690204 -6.020977
 H -4.863355 2.501039 -5.068059
 H 5.192200 -6.371316 0.769458
 H 5.784254 -5.376115 -0.249110
 H -0.151647 -0.709755 -6.342770
 H 1.180074 0.106273 -6.459224
 H -2.883627 -0.033592 -5.840590
 H -3.185654 1.086012 -4.809158
 H -0.014514 -0.035693 1.757528
 H 0.834113 -0.893979 0.714774
 H 5.860659 -3.072323 -4.210924
 H 6.364667 -2.242980 -3.102688
 H 4.100816 0.522348 -0.778392
 H 5.244766 -0.476782 -1.114572
 H 0.448595 4.951383 4.850572
 H -0.290891 3.813530 4.032366
 H -4.392690 0.277054 -2.316464
 H -5.314357 -0.182363 -3.561816
 H -0.508897 -4.215840 -1.586170
 H -0.619541 -3.912216 -0.017524
 H 5.645431 5.084839 -7.288578
 H 5.518988 3.929624 -8.166843
 H 3.216385 6.165821 5.021718
 H 3.485609 6.905685 6.460575
 H -6.278094 4.966904 -2.440058
 H -4.873402 5.362104 -2.839176
 H -0.917316 1.414877 -2.871593
 H 0.416894 1.908255 -2.303346
 H -3.457384 -3.944486 -1.534986
 H -3.750054 -4.443336 -0.231211
 H -3.695535 5.549874 2.108236
 H -3.321077 5.696775 3.612578
 H -2.367579 3.898398 3.449092
 H -3.700797 3.566696 3.994319
 H -2.146582 -1.795443 -1.445298
 H -1.849156 -0.608260 -0.303572
 H -2.014246 -2.059024 4.568461
 H -1.613208 -2.175062 5.983066
 H 0.635717 2.975252 5.042767
 H -0.656665 2.487666 5.731314
 H -4.913502 2.658249 2.354696
 H -3.916334 2.341719 1.281425
 H 4.055832 5.794575 -1.445120
 H 3.795106 5.033565 -2.886507
 H 0.906188 -4.987783 -4.165290
 H 1.863421 -5.181497 -2.976539
 H -3.588015 4.117479 -3.649847
 H -2.103250 4.354586 -3.900306
 H 5.129442 0.555360 7.404814
 H 4.853208 0.874006 5.922644
 H -1.944408 0.865707 2.851702
 H -0.945798 1.656689 1.919271
 H 0.380503 -1.209215 -2.885312
 H 0.358577 -1.159542 -4.392701
 H 0.901983 -3.331243 -4.970654
 H 0.670479 -3.568765 -6.524594
 H 7.102197 -6.047052 4.903723
 H 7.006480 -5.630726 3.395795
 H 4.442312 -3.573147 1.055992
 H 3.518797 -2.536303 0.332170
 H 6.010380 -0.568308 2.372568
 H 5.166692 -1.451253 3.386868
 H 1.752059 3.711362 -5.099617
 H 1.436806 4.769229 -3.966086
 H -1.447065 -6.735902 1.437426
 H -2.292509 -6.946579 0.159285
 H -5.582052 -1.781073 -6.536994
 H -4.332247 -2.169089 -7.331498
 H -4.030709 2.372111 -0.976038
 H -5.186450 1.828354 -0.291776
 H 5.340752 4.402063 -4.987509
 H 5.086201 2.873019 -4.860154
 H 2.436786 -0.938439 -1.515626
 H 1.041996 -0.201028 -1.586114
 H -4.507623 -4.130433 1.519468
 H -5.416205 -3.020665 2.099803
 H 1.438912 3.705883 2.728175
 H 1.044710 2.889876 1.439017
K_POINTS
 1
0.0 0.0 0.0 1.0