
&control
    calculation='scf'
    pseudo_dir = './',
    outdir='./outputs',
    disk_io='high'
/
&system
    ibrav= 1, celldm(1)=20.000000, nat=  192, ntyp= 2,
    ecutwfc = 30.0, nosym=.true., occupations='smearing',
    smearing='m-v', degauss=0.025
/
&electrons
    conv_thr =  1.0d-8,
    mixing_beta = 0.7
/
&ions
    pot_extrapolation='second-order'
    wfc_extrapolation='second-order'
    ion_temperature = 'andersen'
    tempw = 1000

/
ATOMIC_SPECIES
 H  1.01  H.blyp-hgh.UPF
 O  16.0  O.blyp-hgh.UPF
ATOMIC_POSITIONS bohr
 O -5.262307 -1.548634 -1.450598
 O 3.951803 -2.152266 5.389981
 O -5.735752 5.365712 -5.499209
 O -0.177251 3.705275 -1.540923
 O -4.719719 0.753560 3.883906
 O -0.233923 5.447207 5.208537
 O -0.127615 -5.386987 -3.406316
 O 2.385915 0.207386 3.624691
 O -2.852143 -5.292115 5.639942
 O 1.929617 -2.916215 1.815508
 O 2.534261 -6.091380 2.906316
 O -4.124785 -3.033819 4.427940
 O -4.437505 -5.896247 0.722779
 O -3.591610 -5.690560 -3.708483
 O 2.259704 -2.747256 -2.240759
 O -1.918942 2.445625 1.200573
 O -1.177899 -1.596972 1.789567
 O 0.213986 -4.224986 3.723447
 O 5.424055 -4.235102 -4.966836
 O 5.478711 4.891423 2.191115
 O 5.939440 -2.980866 3.255445
 O -3.240017 -2.954605 -3.839298
 O -0.891545 2.623102 -4.942116
 O 3.899812 2.354825 2.868082
 O 2.327175 1.320864 -3.103238
 O -4.883514 2.762114 -6.187979
 O 4.462029 -5.967067 -1.246040
 O 1.977431 -1.299880 -4.602265
 O -2.029015 0.194396 -4.831389
 O 0.890251 -0.326192 0.725991
 O 4.768920 -1.744718 -3.715598
 O 5.179494 0.080261 -0.102485
 O -0.209368 4.566417 1.880864
 O -5.129341 0.722253 -4.004650
 O 0.725937 -3.821443 -0.369673
 O 4.582054 3.637383 -4.417628
 O 3.477179 5.469894 5.848221
 O -5.184021 3.791435 -1.906458
 O -0.372484 1.028446 -1.675118
 O -3.063909 -3.396637 -1.070513
 O -2.623897 5.472103 3.337338
 O -1.515110 2.804812 4.064272
 O -2.620978 -0.270413 -0.692884
 O -1.532244 -2.183671 4.885938
 O 0.672450 1.836771 4.933934
 O -4.755305 3.347053 1.412828
 O 2.857697 3.940855 -0.605577
 O 2.694074 -6.012128 -3.596050
 O -2.593790 4.543610 -2.321295
 O 5.524589 0.614318 5.321797
 O -3.049253 0.239175 1.981184
 O -0.664920 -2.393574 -2.361705
 O 0.010335 -3.294381 -5.489445
 O 5.720926 -5.966162 4.355143
 O 5.048170 -3.077039 -0.216626
 O 4.661857 -0.710801 2.447743
 O 1.124867 4.315916 -4.316521
 O -0.657465 -5.809263 0.460003
 O -5.537099 -1.417167 -5.739884
 O -4.637654 1.361722 -0.873627
 O 5.196417 1.547976 -2.593054
 O 2.801588 -0.280335 -1.051937
 O -5.284444 -1.248322 1.280748
 O 1.555395 2.625512 1.466083
 H -5.103603 -1.410205 -0.480943
 H -4.465677 -1.072423 -1.782665
 H 3.604520 -2.918172 5.879035
 H 3.238700 -1.820810 4.815635
 H -6.384285 4.932786 -4.906122
 H -5.651908 4.721764 -6.228010
 H 0.341445 3.080869 -1.008892
 H 0.495011 4.281045 -1.941023
 H -5.545774 0.243577 3.803364
 H -4.850419 1.349534 4.657212
 H 0.190966 6.316223 5.109861
 H 0.033599 5.123929 6.083214
 H -0.446340 -5.509475 -2.496136
 H -0.872180 -5.727283 -3.934349
 H 2.591301 1.125710 3.342592
 H 1.412444 0.173017 3.620667
 H -3.466085 -5.506429 6.367497
 H -1.976426 -5.399656 6.049307
 H 2.038240 -2.031833 1.403139
 H 2.838137 -3.274781 1.836766
 H 3.272092 -6.398348 2.348598
 H 1.738992 -6.500400 2.523941
 H -3.330337 -3.448148 4.045046
 H -4.476645 -2.373459 3.799659
 H -3.741493 -6.496043 0.392707
 H -4.288285 -5.050264 0.258806
 H -4.467444 -5.421119 -3.382277
 H -3.615190 -6.663147 -3.750299
 H 2.255203 -1.783701 -2.095945
 H 1.934843 -3.065745 -1.346561
 H -1.170352 3.016556 0.905698
 H -1.632100 1.528665 1.057074
 H -0.307830 -1.449977 1.301169
 H -0.843624 -1.651719 2.704059
 H 1.079686 -3.847664 3.418252
 H -0.389463 -3.840423 3.062305
 H 6.137058 -4.873332 -5.169494
 H 5.749219 -3.332196 -4.719929
 H 5.795389 5.406038 2.977689
 H 6.296851 5.027267 1.665998
 H 5.434798 -2.357857 2.688446
 H 6.299452 -3.690649 2.695286
 H -2.342966 -2.757461 -4.156938
 H -3.786104 -2.940976 -4.644326
 H -0.371917 2.893345 -4.170519
 H -1.279636 1.735034 -4.749626
 H 4.780148 2.601827 3.191855
 H 3.472747 3.197183 2.642873
 H 2.843474 1.050042 -3.878192
 H 1.853866 2.126665 -3.386276
 H -5.003823 2.141187 -5.431704
 H -3.978657 3.103237 -6.077262
 H 4.120850 -5.078926 -1.439300
 H 5.397951 -5.805950 -1.048420
 H 2.758580 -1.262731 -5.185681
 H 1.247880 -0.998493 -5.167449
 H -2.002916 -0.509401 -5.508660
 H -2.880119 0.646073 -4.975720
 H 0.972795 0.630320 0.988840
 H 1.337605 -0.391797 -0.154915
 H 3.994957 -2.192674 -3.331999
 H 5.372430 -1.651806 -2.957768
 H 5.350142 1.008521 -0.385442
 H 5.935896 -0.375523 -0.565203
 H -0.691778 3.965776 2.483187
 H -0.698470 5.391376 2.098880
 H -4.690753 0.847936 -3.139638
 H -6.106189 0.700235 -3.867177
 H 0.485925 -4.735258 -0.623480
 H 1.141245 -3.834680 0.534167
 H 3.650892 3.925875 -4.496957
 H 4.641857 2.825593 -4.951238
 H 3.343336 5.142222 4.935473
 H 2.733105 6.077012 5.994177
 H -5.685568 3.895249 -1.069384
 H -4.696309 4.640609 -1.881148
 H 0.012816 0.285114 -2.170602
 H -1.285730 0.657961 -1.410546
 H -2.964634 -3.059993 -1.987369
 H -2.514718 -4.204086 -1.175490
 H -3.454279 5.789048 2.939079
 H -2.699298 5.845384 4.243393
 H -1.419433 2.017793 3.482882
 H -2.196632 3.266390 3.532680
 H -2.125378 -1.095187 -0.540177
 H -3.047289 -0.034348 0.172294
 H -2.505434 -2.272496 4.988220
 H -1.116579 -3.000152 5.217451
 H 1.468910 1.554416 5.414164
 H 0.202363 2.460939 5.509969
 H -5.188092 3.578451 2.253484
 H -3.883703 2.969851 1.630073
 H 3.376817 4.674218 -0.232043
 H 2.841284 4.146411 -1.556400
 H 3.603542 -5.722944 -3.803687
 H 2.189891 -5.175803 -3.700411
 H -2.479353 3.930958 -3.069491
 H -1.899836 4.251144 -1.697574
 H 5.950299 -0.225966 5.664121
 H 4.605782 0.290125 5.304693
 H -2.577813 -0.601523 2.178997
 H -3.789560 0.394976 2.612238
 H 0.069820 -3.034948 -2.468947
 H -0.530707 -2.023608 -1.467976
 H 0.350468 -3.249584 -4.580411
 H 0.790271 -2.970176 -5.976890
 H 4.964024 -5.778197 4.953268
 H 6.489389 -5.619373 4.836477
 H 5.826462 -3.367729 0.300750
 H 4.735622 -2.338761 0.342084
 H 4.727214 -0.161328 1.618467
 H 3.894265 -0.434254 3.015265
 H 1.339829 3.948562 -5.196926
 H 1.593526 5.184299 -4.376071
 H -1.058415 -6.652314 0.177758
 H -1.332816 -5.107401 0.485886
 H -5.310870 -1.936852 -6.533948
 H -4.706454 -0.990081 -5.467783
 H -4.117004 2.175437 -1.044985
 H -4.785366 1.360376 0.087115
 H 5.823049 2.298035 -2.603501
 H 4.322273 1.964317 -2.447459
 H 3.737413 -0.120111 -0.730744
 H 2.627866 0.323195 -1.810550
 H -6.136012 -0.896055 1.579651
 H -4.853533 -1.528727 2.104199
 H 0.822971 3.267985 1.361199
 H 2.179376 2.933560 0.764371
K_POINTS
 1
0.0 0.0 0.0 1.0