
&control
    calculation='scf'
    pseudo_dir = './',
    outdir='./outputs',
    disk_io='high'
/
&system
    ibrav= 1, celldm(1)=20.000000, nat=  192, ntyp= 2,
    ecutwfc = 30.0, nosym=.true., occupations='smearing',
    smearing='m-v', degauss=0.025
/
&electrons
    conv_thr =  1.0d-8,
    mixing_beta = 0.7
/
&ions
    pot_extrapolation='second-order'
    wfc_extrapolation='second-order'
    ion_temperature = 'andersen'
    tempw = 1000

/
ATOMIC_SPECIES
 H  1.01  H.blyp-hgh.UPF
 O  16.0  O.blyp-hgh.UPF
ATOMIC_POSITIONS bohr
 O -5.499203 -1.594172 -0.650126
 O 2.921931 -2.543940 6.155207
 O -5.673187 6.637487 -5.535372
 O 1.514624 2.774749 -1.055733
 O -4.994679 1.026275 4.008326
 O 0.169286 5.999208 5.854917
 O -1.427341 -5.782353 -2.545303
 O 3.204649 1.320559 4.711752
 O -2.991056 -6.682024 5.483295
 O 1.950189 -2.530221 3.724849
 O 2.675926 -6.588611 2.320478
 O -3.298532 -3.630801 4.608439
 O -4.621603 -7.031706 0.145637
 O -3.782573 -4.334087 -3.877836
 O 2.399660 -3.987435 -1.847852
 O -1.734041 3.106964 -1.283976
 O -1.262011 -2.898530 1.677080
 O 0.273445 -4.859525 3.551635
 O 4.357316 -4.301936 -4.647983
 O 4.707217 4.610712 2.189073
 O 5.272367 -3.952105 3.845280
 O -2.430184 -2.104264 -3.087714
 O -1.123721 3.291750 -4.540184
 O 4.407007 1.701438 1.584318
 O 2.913810 1.458859 -3.449107
 O -4.581424 3.389482 -5.385447
 O 4.924822 -5.656652 0.146020
 O 0.740568 -0.611942 -5.949489
 O -2.476504 0.533519 -5.173916
 O 0.642990 -0.758994 1.668546
 O 5.807049 -2.154884 -3.889222
 O 4.327894 -0.217508 -1.388211
 O 0.371372 4.461884 3.950812
 O -4.557243 0.353107 -3.271317
 O -0.022522 -3.942762 -0.791637
 O 5.308799 4.170953 -7.263877
 O 3.871082 6.606656 5.594921
 O -5.645689 5.701987 -2.262297
 O -0.022913 1.111115 -2.691699
 O -4.262059 -4.090298 -0.996919
 O -2.935372 5.703052 2.706461
 O -2.837659 3.133953 3.844970
 O -1.925857 -1.536618 -0.506222
 O -1.605994 -1.507787 5.262379
 O 0.322596 2.293211 5.678795
 O -4.507857 3.069685 1.562811
 O 3.684572 5.016408 -1.917646
 O 1.394963 -5.705268 -3.705034
 O -2.827134 4.575667 -3.219857
 O 5.438222 1.121814 6.665839
 O -1.392023 0.811752 2.029708
 O 0.118555 -1.779814 -3.627913
 O 0.233182 -3.616889 -5.637246
 O 7.216034 -6.419004 3.987055
 O 3.797323 -2.848491 1.212371
 O 6.048063 -1.341060 2.978022
 O 1.606633 3.801930 -4.128878
 O -1.744388 -7.429071 0.818248
 O -4.729505 -1.404804 -6.864355
 O -4.346316 1.484842 -0.701054
 O 5.227650 3.693469 -4.334293
 O 1.469206 -1.057722 -1.327305
 O -4.989937 -3.876012 2.345116
 O 1.738485 2.948358 2.129096
 H -5.163224 -2.521936 -0.674241
 H -4.799183 -1.016266 -0.997844
 H 2.406489 -2.351699 6.952519
 H 2.318586 -2.336421 5.392672
 H -5.387007 5.798178 -5.115518
 H -5.189091 7.261540 -4.934496
 H 2.417943 3.084363 -1.318281
 H 1.081768 3.643425 -0.914280
 H -5.713812 0.460998 4.311483
 H -4.237200 0.863365 4.597549
 H 0.451306 6.929511 5.715778
 H 0.101066 5.817781 6.813278
 H -0.916652 -6.480956 -2.071464
 H -0.909661 -5.587900 -3.348636
 H 3.741996 1.772436 4.043543
 H 3.052299 0.518817 4.160133
 H -2.801238 -7.373651 6.134066
 H -2.079430 -6.280136 5.440741
 H 1.470592 -1.830957 3.230588
 H 2.808410 -2.695632 3.323830
 H 1.869141 -6.234185 2.741812
 H 3.040295 -5.796087 1.865413
 H -3.344012 -4.585257 4.834852
 H -3.114035 -3.444572 3.682869
 H -4.592207 -7.910667 0.609524
 H -5.167783 -7.202017 -0.662461
 H -3.039511 -3.685454 -3.951270
 H -3.453594 -5.093251 -3.345230
 H 2.971896 -3.471465 -2.455364
 H 1.801461 -3.294490 -1.515128
 H -2.407510 3.735306 -1.644364
 H -1.789742 3.441506 -0.359928
 H -1.687893 -2.373774 0.966947
 H -0.555098 -2.282089 2.032518
 H 0.399826 -3.882530 3.562569
 H -0.378733 -5.001418 2.827621
 H 5.185311 -4.631929 -5.109525
 H 4.102961 -3.670617 -5.367647
 H 3.782386 4.870582 2.491133
 H 5.348591 5.102566 2.709011
 H 5.878977 -3.195179 3.759829
 H 4.623918 -3.755079 4.552471
 H -1.507713 -1.761639 -3.300662
 H -3.037136 -1.334773 -3.196205
 H -0.288199 3.053415 -4.103931
 H -1.514409 2.630780 -5.109939
 H 5.111812 2.377293 1.644441
 H 3.624929 2.302316 1.683456
 H 2.268969 0.762972 -3.715204
 H 2.324448 2.223322 -3.603595
 H -5.257895 3.698565 -6.028708
 H -4.875691 2.504527 -5.093668
 H 5.185834 -6.367845 0.781514
 H 5.781134 -5.361262 -0.228230
 H -0.150348 -0.715299 -6.370192
 H 1.195478 0.098504 -6.452396
 H -2.886950 -0.040626 -5.838733
 H -3.194055 1.104906 -4.841684
 H -0.022710 -0.035459 1.756834
 H 0.841781 -0.883090 0.715140
 H 5.852510 -3.071652 -4.215614
 H 6.375295 -2.240917 -3.096618
 H 4.106482 0.520551 -0.774360
 H 5.255238 -0.481843 -1.134139
 H 0.438181 4.960623 4.843482
 H -0.318021 3.821246 4.026128
 H -4.369703 0.241347 -2.318539
 H -5.318897 -0.190319 -3.553749
 H -0.506758 -4.198282 -1.596536
 H -0.638742 -3.905843 -0.031175
 H 5.654961 5.081254 -7.288329
 H 5.512898 3.948526 -8.191601
 H 3.208975 6.156227 5.033291
 H 3.496820 6.863083 6.468499
 H -6.288128 4.964575 -2.423002
 H -4.839342 5.396420 -2.811540
 H -0.917375 1.428139 -2.862749
 H 0.424151 1.907901 -2.310702
 H -3.461541 -3.960823 -1.525227
 H -3.754865 -4.433458 -0.215516
 H -3.696045 5.554736 2.100267
 H -3.329380 5.709773 3.606446
 H -2.372349 3.884258 3.436164
 H -3.694248 3.574653 4.007385
 H -2.138911 -1.785371 -1.446053
 H -1.859886 -0.595269 -0.297870
 H -2.020986 -2.049240 4.559878
 H -1.613390 -2.176470 5.979972
 H 0.666703 2.975131 5.042420
 H -0.652900 2.488693 5.733070
 H -4.899250 2.655057 2.370683
 H -3.906825 2.341134 1.291542
 H 4.044035 5.806383 -1.442582
 H 3.805157 5.057971 -2.890055
 H 0.896390 -4.973288 -4.129097
 H 1.862339 -5.191486 -2.963472
 H -3.610419 4.142943 -3.648962
 H -2.122776 4.345010 -3.909203
 H 5.144286 0.562774 7.407361
 H 4.852849 0.885673 5.923673
 H -1.962048 0.929143 2.842444
 H -0.927074 1.660599 1.908190
 H 0.391484 -1.206977 -2.883104
 H 0.349640 -1.155354 -4.390042
 H 0.900905 -3.357502 -4.960609
 H 0.668787 -3.547632 -6.515277
 H 7.097447 -6.063516 4.904431
 H 6.997553 -5.632018 3.415470
 H 4.437505 -3.572511 1.045207
 H 3.532530 -2.543304 0.328616
 H 6.023463 -0.567136 2.375249
 H 5.156566 -1.453575 3.363167
 H 1.749958 3.687573 -5.092406
 H 1.439427 4.767862 -3.951586
 H -1.419995 -6.756650 1.448506
 H -2.288204 -6.922746 0.182806
 H -5.575531 -1.773562 -6.541667
 H -4.316208 -2.174133 -7.313612
 H -4.063288 2.381334 -0.977208
 H -5.212300 1.792748 -0.317534
 H 5.300251 4.416826 -4.987546
 H 5.093235 2.863533 -4.869330
 H 2.442300 -0.955060 -1.495612
 H 1.043049 -0.207690 -1.596904
 H -4.461768 -4.124848 1.547172
 H -5.427142 -3.033718 2.094374
 H 1.456698 3.725405 2.697857
 H 1.054614 2.898750 1.443139
K_POINTS
 1
0.0 0.0 0.0 1.0