
&control
    calculation='scf'
    pseudo_dir = './',
    outdir='./outputs',
    disk_io='high'
/
&system
    ibrav= 1, celldm(1)=20.000000, nat=  192, ntyp= 2,
    ecutwfc = 30.0, nosym=.true., occupations='smearing',
    smearing='m-v', degauss=0.025
/
&electrons
    conv_thr =  1.0d-8,
    mixing_beta = 0.7
/
&ions
    pot_extrapolation='second-order'
    wfc_extrapolation='second-order'
    ion_temperature = 'andersen'
    tempw = 1000

/
ATOMIC_SPECIES
 H  1.01  H.blyp-hgh.UPF
 O  16.0  O.blyp-hgh.UPF
ATOMIC_POSITIONS bohr
 O -5.511668 -1.600926 -0.639726
 O 2.935756 -2.531448 6.159853
 O -5.677315 6.649030 -5.542903
 O 1.533533 2.762635 -1.059063
 O -4.992368 1.018592 4.025597
 O 0.177215 5.989350 5.852849
 O -1.437955 -5.792602 -2.541984
 O 3.214644 1.323266 4.711941
 O -2.991710 -6.687941 5.475735
 O 1.936623 -2.531829 3.723327
 O 2.678783 -6.576727 2.313770
 O -3.288755 -3.632047 4.619845
 O -4.611932 -7.026025 0.131223
 O -3.779254 -4.318741 -3.892813
 O 2.398539 -4.002640 -1.849056
 O -1.728798 3.102425 -1.294730
 O -1.255568 -2.895218 1.669670
 O 0.257501 -4.862033 3.555808
 O 4.351854 -4.291625 -4.642667
 O 4.698922 4.600616 2.186033
 O 5.267908 -3.952197 3.859438
 O -2.435353 -2.096453 -3.081289
 O -1.118807 3.295246 -4.549488
 O 4.409390 1.702779 1.567316
 O 2.913570 1.468892 -3.447703
 O -4.582536 3.401775 -5.382057
 O 4.922918 -5.652276 0.163659
 O 0.733567 -0.622115 -5.955564
 O -2.490048 0.532225 -5.174380
 O 0.631838 -0.757572 1.667820
 O 5.818810 -2.148966 -3.880479
 O 4.323380 -0.219065 -1.393460
 O 0.365521 4.459352 3.948570
 O -4.565520 0.341905 -3.257867
 O -0.023972 -3.952956 -0.790643
 O 5.320393 4.163315 -7.287087
 O 3.889138 6.607695 5.580843
 O -5.657705 5.706722 -2.256866
 O -0.023033 1.116726 -2.691082
 O -4.269247 -4.099005 -0.991348
 O -2.934771 5.710456 2.698703
 O -2.844333 3.120052 3.832096
 O -1.938525 -1.516212 -0.505442
 O -1.617818 -1.506497 5.263053
 O 0.322687 2.304844 5.663244
 O -4.501328 3.061846 1.574401
 O 3.682291 5.022115 -1.920196
 O 1.383858 -5.702069 -3.701762
 O -2.836562 4.582404 -3.218232
 O 5.451255 1.126649 6.671367
 O -1.384365 0.807104 2.037168
 O 0.126738 -1.778295 -3.624112
 O 0.228185 -3.622140 -5.630884
 O 7.226479 -6.432243 3.989213
 O 3.799051 -2.848105 1.218242
 O 6.053072 -1.348399 2.976675
 O 1.616269 3.812442 -4.125014
 O -1.747396 -7.435017 0.828135
 O -4.718331 -1.396144 -6.879338
 O -4.346243 1.484569 -0.704246
 O 5.220752 3.692736 -4.355242
 O 1.464976 -1.067735 -1.314951
 O -5.003228 -3.890494 2.339508
 O 1.741023 2.935207 2.140964
 H -5.161396 -2.520572 -0.656261
 H -4.800612 -0.995541 -0.931428
 H 2.425128 -2.368446 6.961937
 H 2.321876 -2.358735 5.403757
 H -5.385350 5.791920 -5.158123
 H -5.207507 7.291646 -4.949889
 H 2.415448 3.111825 -1.308686
 H 1.057692 3.609756 -0.898834
 H -5.703628 0.453078 4.331508
 H -4.246403 0.856506 4.612856
 H 0.463835 6.920635 5.745721
 H 0.123659 5.817873 6.813026
 H -0.933404 -6.520076 -2.111212
 H -0.901945 -5.597257 -3.338310
 H 3.754988 1.778335 4.049801
 H 3.103512 0.496245 4.186816
 H -2.817419 -7.375266 6.143535
 H -2.086391 -6.275415 5.479789
 H 1.475205 -1.830013 3.232164
 H 2.812734 -2.659267 3.326442
 H 1.880871 -6.212055 2.746342
 H 3.045841 -5.802417 1.826688
 H -3.325914 -4.579656 4.855331
 H -3.110334 -3.422020 3.702572
 H -4.594403 -7.926083 0.546041
 H -5.148636 -7.163196 -0.686820
 H -3.034665 -3.675700 -3.925591
 H -3.434895 -5.071012 -3.366808
 H 2.968049 -3.477468 -2.448289
 H 1.793462 -3.314560 -1.492913
 H -2.363413 3.759993 -1.694311
 H -1.777325 3.463647 -0.367029
 H -1.670445 -2.359726 0.965845
 H -0.545834 -2.308996 2.022818
 H 0.403561 -3.886796 3.541964
 H -0.390111 -4.998295 2.830195
 H 5.172697 -4.683116 -5.087831
 H 4.069588 -3.657320 -5.359972
 H 3.792082 4.853813 2.511379
 H 5.357663 5.111474 2.669651
 H 5.859953 -3.185324 3.776223
 H 4.617261 -3.811715 4.579500
 H -1.503055 -1.766965 -3.291579
 H -3.023536 -1.313990 -3.213046
 H -0.262543 3.070299 -4.132021
 H -1.505263 2.617065 -5.109511
 H 5.125374 2.365632 1.633784
 H 3.634850 2.310226 1.651814
 H 2.284061 0.741702 -3.682829
 H 2.325015 2.239987 -3.607741
 H -5.239181 3.707107 -6.039796
 H -4.897781 2.511630 -5.133107
 H 5.174166 -6.363091 0.798196
 H 5.775298 -5.340033 -0.197003
 H -0.145148 -0.722187 -6.412829
 H 1.215367 0.087861 -6.438962
 H -2.893603 -0.053818 -5.838076
 H -3.207666 1.129219 -4.889264
 H -0.035719 -0.037988 1.756698
 H 0.854180 -0.867109 0.715544
 H 5.836256 -3.070738 -4.223169
 H 6.389828 -2.235941 -3.086516
 H 4.116344 0.515744 -0.770227
 H 5.263890 -0.490787 -1.164013
 H 0.418938 4.974279 4.825946
 H -0.368669 3.827782 4.016576
 H -4.339867 0.191987 -2.321961
 H -5.325348 -0.203244 -3.539100
 H -0.506301 -4.174190 -1.609879
 H -0.666855 -3.894192 -0.053000
 H 5.665965 5.079419 -7.285865
 H 5.502089 3.972186 -8.229196
 H 3.198661 6.143034 5.054414
 H 3.512811 6.797215 6.477956
 H -6.303488 4.964108 -2.398852
 H -4.798606 5.453260 -2.760829
 H -0.922005 1.447385 -2.848810
 H 0.436901 1.905566 -2.318116
 H -3.467795 -3.981125 -1.520676
 H -3.769920 -4.419627 -0.193199
 H -3.692923 5.562242 2.090555
 H -3.344327 5.731807 3.596478
 H -2.378979 3.865993 3.412386
 H -3.684283 3.583510 4.028664
 H -2.126630 -1.765498 -1.447784
 H -1.877403 -0.573268 -0.294099
 H -2.029798 -2.032483 4.547182
 H -1.613365 -2.177438 5.975951
 H 0.713496 2.970071 5.044432
 H -0.638805 2.488113 5.733985
 H -4.877251 2.652901 2.393679
 H -3.892036 2.342721 1.305146
 H 4.025428 5.822502 -1.442221
 H 3.821654 5.096238 -2.891489
 H 0.883056 -4.954694 -4.076469
 H 1.858654 -5.209608 -2.943952
 H -3.640778 4.180958 -3.646883
 H -2.153159 4.328592 -3.915607
 H 5.164628 0.573359 7.411653
 H 4.848161 0.905077 5.925021
 H -1.982924 1.024560 2.821852
 H -0.901750 1.667031 1.893241
 H 0.410078 -1.207995 -2.875978
 H 0.333866 -1.153285 -4.385462
 H 0.895537 -3.393822 -4.949257
 H 0.667146 -3.513828 -6.497498
 H 7.091338 -6.088088 4.904010
 H 6.984456 -5.636175 3.448166
 H 4.428490 -3.571959 1.028986
 H 3.552884 -2.553786 0.322837
 H 6.040868 -0.568041 2.380439
 H 5.141734 -1.454885 3.322577
 H 1.746110 3.653337 -5.079584
 H 1.446872 4.763155 -3.931243
 H -1.381918 -6.790894 1.465347
 H -2.283064 -6.887683 0.219299
 H -5.564017 -1.760022 -6.547210
 H -4.291212 -2.183128 -7.285817
 H -4.105239 2.392116 -0.982500
 H -5.247968 1.732003 -0.356938
 H 5.237143 4.435328 -4.988146
 H 5.103902 2.853127 -4.881734
 H 2.448434 -0.976338 -1.464656
 H 1.047302 -0.217020 -1.611361
 H -4.396830 -4.114755 1.594365
 H -5.444067 -3.052533 2.086662
 H 1.484617 3.749058 2.649929
 H 1.071364 2.912269 1.445622
K_POINTS
 1
0.0 0.0 0.0 1.0