
&control
    calculation='scf'
    pseudo_dir = './',
    outdir='./outputs',
    disk_io='high'
/
&system
    ibrav= 1, celldm(1)=20.000000, nat=  192, ntyp= 2,
    ecutwfc = 30.0, nosym=.true., occupations='smearing',
    smearing='m-v', degauss=0.025
/
&electrons
    conv_thr =  1.0d-8,
    mixing_beta = 0.7
/
&ions
    pot_extrapolation='second-order'
    wfc_extrapolation='second-order'
    ion_temperature = 'andersen'
    tempw = 1000

/
ATOMIC_SPECIES
 H  1.01  H.blyp-hgh.UPF
 O  16.0  O.blyp-hgh.UPF
ATOMIC_POSITIONS bohr
 O -5.524664 -1.606918 -0.629521
 O 2.950281 -2.519295 6.164650
 O -5.681204 6.660518 -5.549947
 O 1.552117 2.751579 -1.062244
 O -4.989839 1.012543 4.041522
 O 0.184810 5.979889 5.852083
 O -1.447938 -5.802348 -2.538627
 O 3.225072 1.324566 4.711668
 O -2.990437 -6.693178 5.468863
 O 1.922438 -2.533535 3.722807
 O 2.680208 -6.563199 2.306997
 O -3.278924 -3.632503 4.633205
 O -4.601909 -7.021107 0.117462
 O -3.776011 -4.304089 -3.907931
 O 2.398174 -4.017113 -1.850873
 O -1.724606 3.098936 -1.304057
 O -1.249229 -2.892924 1.663726
 O 0.241344 -4.864239 3.559718
 O 4.347796 -4.281446 -4.638869
 O 4.692094 4.589053 2.182378
 O 5.262812 -3.952506 3.873751
 O -2.440645 -2.087965 -3.074512
 O -1.114349 3.300369 -4.558723
 O 4.411900 1.704471 1.550558
 O 2.912349 1.478004 -3.446839
 O -4.582724 3.414189 -5.378748
 O 4.921081 -5.647591 0.181338
 O 0.726542 -0.632190 -5.962303
 O -2.503112 0.531854 -5.174951
 O 0.621550 -0.756829 1.667289
 O 5.831495 -2.142870 -3.871328
 O 4.319812 -0.220701 -1.398007
 O 0.360281 4.456562 3.945882
 O -4.573402 0.330585 -3.245166
 O -0.025302 -3.963181 -0.789473
 O 5.332722 4.155651 -7.310469
 O 3.906289 6.608602 5.566739
 O -5.668387 5.710175 -2.252816
 O -0.022865 1.122275 -2.690705
 O -4.275351 -4.108167 -0.983957
 O -2.934499 5.718466 2.692004
 O -2.850681 3.105877 3.819885
 O -1.951447 -1.496323 -0.503476
 O -1.629543 -1.505379 5.263860
 O 0.323017 2.316105 5.647661
 O -4.495395 3.052931 1.586576
 O 3.680048 5.027850 -1.922694
 O 1.372870 -5.698471 -3.697977
 O -2.848347 4.589115 -3.217668
 O 5.464761 1.131627 6.676636
 O -1.377631 0.804559 2.045609
 O 0.135062 -1.775804 -3.620770
 O 0.222856 -3.628186 -5.624702
 O 7.235677 -6.444629 3.991277
 O 3.800879 -2.847757 1.224115
 O 6.057831 -1.355453 2.975424
 O 1.625400 3.822704 -4.120924
 O -1.749082 -7.441120 0.836224
 O -4.707467 -1.387699 -6.893925
 O -4.347678 1.485183 -0.706883
 O 5.213585 3.692129 -4.375814
 O 1.461224 -1.077361 -1.302495
 O -5.015607 -3.905372 2.332830
 O 1.743585 2.922398 2.153273
 H -5.155220 -2.519067 -0.640763
 H -4.801325 -0.979985 -0.860661
 H 2.442915 -2.379368 6.973055
 H 2.326842 -2.380330 5.412652
 H -5.385714 5.787912 -5.201663
 H -5.221570 7.321277 -4.968291
 H 2.414545 3.137745 -1.300291
 H 1.033501 3.572032 -0.883637
 H -5.694531 0.438290 4.355257
 H -4.254695 0.847333 4.631394
 H 0.474406 6.910290 5.775730
 H 0.148567 5.818012 6.812038
 H -0.952864 -6.555748 -2.152256
 H -0.894676 -5.608090 -3.325065
 H 3.770216 1.792740 4.053683
 H 3.150397 0.474890 4.217859
 H -2.838944 -7.380646 6.154066
 H -2.097161 -6.271789 5.516131
 H 1.480766 -1.824432 3.226908
 H 2.818031 -2.624394 3.321505
 H 1.890165 -6.189409 2.752108
 H 3.051250 -5.812422 1.788569
 H -3.307928 -4.573012 4.868869
 H -3.108219 -3.409541 3.711834
 H -4.596885 -7.938590 0.484826
 H -5.128735 -7.117822 -0.714093
 H -3.032559 -3.663400 -3.898754
 H -3.415154 -5.048269 -3.390220
 H 2.967048 -3.486182 -2.440851
 H 1.780147 -3.338913 -1.468754
 H -2.314410 3.780501 -1.753119
 H -1.758873 3.481302 -0.376785
 H -1.653689 -2.341513 0.958644
 H -0.536894 -2.334523 2.007602
 H 0.411124 -3.895214 3.519344
 H -0.400957 -4.994022 2.836232
 H 5.150549 -4.737209 -5.059343
 H 4.033230 -3.645780 -5.347946
 H 3.804865 4.840266 2.530756
 H 5.368539 5.124515 2.634566
 H 5.839946 -3.175289 3.795346
 H 4.614392 -3.869533 4.606151
 H -1.497348 -1.775743 -3.286320
 H -3.009173 -1.295236 -3.233951
 H -0.234442 3.083791 -4.165457
 H -1.494351 2.593530 -5.107727
 H 5.139403 2.354012 1.622519
 H 3.641607 2.314760 1.619364
 H 2.305202 0.723532 -3.648258
 H 2.329868 2.259608 -3.610783
 H -5.223034 3.712593 -6.051859
 H -4.923368 2.520408 -5.172626
 H 5.160743 -6.359487 0.813434
 H 5.769365 -5.320123 -0.166116
 H -0.134920 -0.727113 -6.456258
 H 1.230562 0.077643 -6.421543
 H -2.901448 -0.069356 -5.839158
 H -3.222230 1.148774 -4.935228
 H -0.049460 -0.043887 1.757825
 H 0.867150 -0.851362 0.716599
 H 5.815393 -3.066683 -4.229240
 H 6.402095 -2.229785 -3.076644
 H 4.127939 0.508419 -0.768301
 H 5.261534 -0.500499 -1.194668
 H 0.395427 4.987449 4.801401
 H -0.421471 3.836284 4.006582
 H -4.315456 0.147145 -2.324856
 H -5.331363 -0.217900 -3.521401
 H -0.508145 -4.152552 -1.619876
 H -0.693359 -3.879956 -0.076036
 H 5.672255 5.079391 -7.281290
 H 5.489119 3.990836 -8.266455
 H 3.192049 6.131845 5.079397
 H 3.530110 6.730094 6.482786
 H -6.315775 4.967189 -2.378020
 H -4.774365 5.513807 -2.699976
 H -0.929379 1.465066 -2.833434
 H 0.452266 1.901898 -2.320917
 H -3.474187 -3.996742 -1.527612
 H -3.794391 -4.406797 -0.173244
 H -3.685593 5.569694 2.082819
 H -3.361201 5.756639 3.584057
 H -2.385340 3.850925 3.383471
 H -3.673589 3.588145 4.051727
 H -2.114075 -1.740054 -1.450932
 H -1.896376 -0.549080 -0.296252
 H -2.036659 -2.013350 4.535491
 H -1.613397 -2.177883 5.972520
 H 0.757986 2.961394 5.047638
 H -0.619200 2.487812 5.731667
 H -4.854348 2.653907 2.414937
 H -3.876635 2.346504 1.316437
 H 4.005322 5.835416 -1.445692
 H 3.838989 5.135402 -2.887311
 H 0.869619 -4.938198 -4.027242
 H 1.852327 -5.231941 -2.925456
 H -3.666709 4.218626 -3.643072
 H -2.183099 4.309843 -3.914487
 H 5.181663 0.581619 7.418225
 H 4.840824 0.927543 5.929444
 H -1.995941 1.117153 2.791736
 H -0.882158 1.667284 1.879948
 H 0.430576 -1.215190 -2.865855
 H 0.315950 -1.155250 -4.381605
 H 0.886843 -3.425558 -4.940958
 H 0.666825 -3.477832 -6.477352
 H 7.086841 -6.112383 4.903866
 H 6.971704 -5.641902 3.482234
 H 4.418739 -3.573580 1.014328
 H 3.572040 -2.563050 0.317683
 H 6.056387 -0.572232 2.386855
 H 5.128552 -1.454168 3.276000
 H 1.741354 3.622746 -5.066187
 H 1.457901 4.759016 -3.913970
 H -1.346713 -6.828834 1.482416
 H -2.279418 -6.854114 0.257223
 H -5.550208 -1.743653 -6.551170
 H -4.265419 -2.193419 -7.256854
 H -4.139233 2.399607 -0.991568
 H -5.278283 1.663379 -0.397340
 H 5.171656 4.448791 -4.990417
 H 5.114486 2.848310 -4.893281
 H 2.450065 -0.993013 -1.432696
 H 1.055521 -0.226499 -1.622811
 H -4.336808 -4.102144 1.647368
 H -5.461161 -3.070177 2.078663
 H 1.513770 3.768023 2.602194
 H 1.089420 2.924809 1.441799
K_POINTS
 1
0.0 0.0 0.0 1.0