
&control
    calculation='scf'
    pseudo_dir = './',
    outdir='./outputs',
    disk_io='high'
/
&system
    ibrav= 1, celldm(1)=20.000000, nat=  192, ntyp= 2,
    ecutwfc = 30.0, nosym=.true., occupations='smearing',
    smearing='m-v', degauss=0.025
/
&electrons
    conv_thr =  1.0d-8,
    mixing_beta = 0.7
/
&ions
    pot_extrapolation='second-order'
    wfc_extrapolation='second-order'
    ion_temperature = 'andersen'
    tempw = 1000

/
ATOMIC_SPECIES
 H  1.01  H.blyp-hgh.UPF
 O  16.0  O.blyp-hgh.UPF
ATOMIC_POSITIONS bohr
 O -5.529067 -1.608698 -0.626183
 O 2.955307 -2.515331 6.166297
 O -5.682485 6.664337 -5.552218
 O 1.558156 2.748120 -1.063240
 O -4.989027 1.010880 4.046510
 O 0.187277 5.976861 5.852145
 O -1.451095 -5.805470 -2.537551
 O 3.228680 1.324717 4.711472
 O -2.989622 -6.694850 5.466807
 O 1.917747 -2.534151 3.722782
 O 2.680361 -6.558356 2.304739
 O -3.275632 -3.632398 4.638036
 O -4.598492 -7.019634 0.113012
 O -3.774945 -4.299351 -3.913002
 O 2.398143 -4.021737 -1.851546
 O -1.723438 3.098072 -1.306848
 O -1.247287 -2.892460 1.661969
 O 0.235942 -4.864897 3.560985
 O 4.346729 -4.278106 -4.637890
 O 4.690275 4.584907 2.181054
 O 5.260964 -3.952695 3.878541
 O -2.442385 -2.084964 -3.072193
 O -1.112941 3.302327 -4.561820
 O 4.412788 1.705087 1.545009
 O 2.911747 1.480869 -3.446664
 O -4.582598 3.418312 -5.377664
 O 4.920427 -5.645945 0.187232
 O 0.724188 -0.635526 -5.964711
 O -2.507407 0.531901 -5.175208
 O 0.618345 -0.756749 1.667129
 O 5.835910 -2.140837 -3.868213
 O 4.318832 -0.221288 -1.399393
 O 0.358441 4.455371 3.944831
 O -4.575946 0.326799 -3.241111
 O -0.025761 -3.966605 -0.789075
 O 5.337006 4.153130 -7.318316
 O 3.911699 6.608844 5.562114
 O -5.671685 5.711154 -2.251684
 O -0.022825 1.124117 -2.690653
 O -4.277135 -4.111284 -0.981162
 O -2.934475 5.721284 2.690064
 O -2.852704 3.101150 3.815952
 O -1.955804 -1.489774 -0.502542
 O -1.633410 -1.505002 5.264161
 O 0.323394 2.319648 5.642530
 O -4.493558 3.049769 1.590745
 O 3.679331 5.029807 -1.923533
 O 1.369264 -5.697222 -3.696558
 O -2.852809 4.591348 -3.217698
 O 5.469327 1.133327 6.678242
 O -1.375593 0.804380 2.048667
 O 0.137846 -1.774795 -3.619677
 O 0.220965 -3.630395 -5.622692
 O 7.238465 -6.448588 3.991951
 O 3.801503 -2.847637 1.226006
 O 6.059321 -1.357742 2.975035
 O 1.628346 3.825921 -4.119463
 O -1.749351 -7.443185 0.838507
 O -4.703882 -1.384961 -6.898709
 O -4.348493 1.485549 -0.707648
 O 5.211145 3.691981 -4.382545
 O 1.460093 -1.080462 -1.298331
 O -5.019549 -3.910436 2.330413
 O 1.744446 2.918170 2.157418
 H -5.152188 -2.518591 -0.636159
 H -4.801758 -0.976249 -0.836031
 H 2.448495 -2.381680 6.977159
 H 2.328710 -2.387279 5.414993
 H -5.386163 5.787466 -5.216112
 H -5.225213 7.330597 -4.975002
 H 2.415091 3.146276 -1.297924
 H 1.025566 3.558407 -0.878714
 H -5.691748 0.431952 4.363854
 H -4.256631 0.843703 4.638607
 H 0.477540 6.906858 5.785439
 H 0.157272 5.817710 6.811768
 H -0.959971 -6.567119 -2.165779
 H -0.892567 -5.611846 -3.320055
 H 3.775446 1.799044 4.054638
 H 3.165124 0.468197 4.229047
 H -2.847382 -7.382841 6.157334
 H -2.101203 -6.270678 5.527540
 H 1.482422 -1.821304 3.223672
 H 2.819081 -2.613218 3.318819
 H 1.892928 -6.181651 2.754111
 H 3.052888 -5.816488 1.776101
 H -3.301981 -4.571118 4.871869
 H -3.107910 -3.407775 3.712983
 H -4.597696 -7.942191 0.465177
 H -5.122055 -7.101225 -0.723810
 H -3.032378 -3.658251 -3.889776
 H -3.408446 -5.041098 -3.398249
 H 2.967363 -3.489510 -2.438399
 H 1.775103 -3.348466 -1.460658
 H -2.296871 3.785962 -1.774060
 H -1.751640 3.486132 -0.381252
 H -1.648173 -2.334696 0.955109
 H -0.533001 -2.341934 2.001862
 H 0.414544 -3.898839 3.511504
 H -0.404759 -4.992516 2.838682
 H 5.140789 -4.755162 -5.048684
 H 4.021121 -3.642859 -5.343064
 H 3.809216 4.836726 2.537166
 H 5.372052 5.129344 2.623467
 H 5.833040 -3.171796 3.802519
 H 4.614428 -3.888862 4.614871
 H -1.495422 -1.779516 -3.285359
 H -3.004264 -1.289504 -3.241767
 H -0.225110 3.087751 -4.177888
 H -1.490032 2.584191 -5.106360
 H 5.144124 2.350156 1.618634
 H 3.643077 2.315670 1.608441
 H 2.313428 0.718572 -3.636326
 H 2.332465 2.266138 -3.611510
 H -5.218331 3.714099 -6.056342
 H -4.932449 2.523679 -5.185588
 H 5.156045 -6.358670 0.818257
 H 5.767629 -5.313781 -0.155933
 H -0.130335 -0.728306 -6.470750
 H 1.234534 0.074308 -6.414907
 H -2.904070 -0.074749 -5.839590
 H -3.227218 1.154230 -4.950167
 H -0.054202 -0.046537 1.758501
 H 0.871484 -0.846126 0.717272
 H 5.807494 -3.064153 -4.230562
 H 6.405643 -2.227701 -3.073570
 H 4.132161 0.505572 -0.768012
 H 5.258305 -0.503870 -1.204975
 H 0.386688 4.991814 4.792101
 H -0.437657 3.840946 4.003127
 H -4.308493 0.133116 -2.325625
 H -5.333289 -0.223265 -3.514867
 H -0.509037 -4.145845 -1.622333
 H -0.701672 -3.874629 -0.083861
 H 5.673153 5.079252 -7.279443
 H 5.484303 3.996124 -8.278518
 H 3.191018 6.128589 5.088239
 H 3.536617 6.707738 6.483059
 H -6.318705 4.968826 -2.372085
 H -4.770128 5.534135 -2.677983
 H -0.931764 1.470436 -2.827844
 H 0.457956 1.900474 -2.320835
 H -3.476723 -4.001069 -1.531978
 H -3.804366 -4.402813 -0.167053
 H -3.682481 5.572071 2.080385
 H -3.367078 5.765474 3.579191
 H -2.387660 3.846324 3.372867
 H -3.669739 3.588665 4.059748
 H -2.109939 -1.730416 -1.452359
 H -1.902968 -0.540760 -0.298279
 H -2.038501 -2.006553 4.531866
 H -1.613494 -2.178085 5.971468
 H 0.771884 2.958174 5.048582
 H -0.612789 2.488377 5.730044
 H -4.846539 2.654843 2.421688
 H -3.871352 2.348069 1.319623
 H 3.998284 5.838942 -1.447495
 H 3.844805 5.148435 -2.884721
 H 0.864846 -4.932874 -4.011767
 H 1.849665 -5.240310 -2.919617
 H -3.674481 4.230995 -3.641358
 H -2.192596 4.303075 -3.912711
 H 5.186503 0.583691 7.421069
 H 4.838224 0.935831 5.932166
 H -1.998455 1.146746 2.779521
 H -0.877077 1.665140 1.875782
 H 0.437721 -1.219079 -2.862135
 H 0.309672 -1.156471 -4.380807
 H 0.883518 -3.434953 -4.938479
 H 0.667037 -3.465387 -6.470533
 H 7.085774 -6.120408 4.904294
 H 6.967488 -5.643844 3.493369
 H 4.415557 -3.574892 1.010094
 H 3.577999 -2.565653 0.316354
 H 6.061330 -0.574213 2.389113
 H 5.124659 -1.453637 3.259226
 H 1.739554 3.613677 -5.061921
 H 1.462209 4.758576 -3.909075
 H -1.335586 -6.842278 1.488139
 H -2.278471 -6.843432 0.270224
 H -5.545200 -1.737618 -6.552115
 H -4.256800 -2.196900 -7.246875
 H -4.148978 2.401360 -0.995281
 H -5.286966 1.639077 -0.411034
 H 5.149386 4.452005 -4.991673
 H 5.117908 2.847911 -4.897176
 H 2.449446 -0.997537 -1.421876
 H 1.059197 -0.229790 -1.625800
 H -4.317924 -4.097290 1.666132
 H -5.466747 -3.075811 2.075824
 H 1.523738 3.773778 2.586896
 H 1.095739 2.928528 1.438996
K_POINTS
 1
0.0 0.0 0.0 1.0