
&control
    calculation='scf'
    pseudo_dir = './',
    outdir='./outputs',
    disk_io='high'
/
&system
    ibrav= 1, celldm(1)=20.000000, nat=  192, ntyp= 2,
    ecutwfc = 30.0, nosym=.true., occupations='smearing',
    smearing='m-v', degauss=0.025
/
&electrons
    conv_thr =  1.0d-8,
    mixing_beta = 0.7
/
&ions
    pot_extrapolation='second-order'
    wfc_extrapolation='second-order'
    ion_temperature = 'andersen'
    tempw = 1000

/
ATOMIC_SPECIES
 H  1.01  H.blyp-hgh.UPF
 O  16.0  O.blyp-hgh.UPF
ATOMIC_POSITIONS bohr
 O -5.535698 -1.611152 -0.621244
 O 2.963019 -2.509463 6.168828
 O -5.684422 6.670060 -5.555579
 O 1.567039 2.743128 -1.064657
 O -4.987895 1.008677 4.053716
 O 0.190926 5.972459 5.852549
 O -1.455660 -5.810023 -2.536000
 O 3.234253 1.324723 4.711069
 O -2.988076 -6.697353 5.463995
 O 1.910854 -2.535099 3.722806
 O 2.680281 -6.550812 2.301370
 O -3.270666 -3.631938 4.645545
 O -4.593302 -7.017575 0.106448
 O -3.773349 -4.292365 -3.920635
 O 2.398128 -4.028473 -1.852566
 O -1.721889 3.097083 -1.310771
 O -1.244644 -2.892067 1.659448
 O 0.227857 -4.865812 3.562871
 O 4.345361 -4.273165 -4.636618
 O 4.688073 4.578457 2.179000
 O 5.258050 -3.953084 3.885732
 O -2.444931 -2.080290 -3.068671
 O -1.110886 3.305395 -4.566520
 O 4.414183 1.706041 1.536706
 O 2.910706 1.485041 -3.446493
 O -4.582263 3.424447 -5.376068
 O 4.919371 -5.643389 0.196067
 O 0.720642 -0.640519 -5.968469
 O -2.513832 0.532101 -5.175692
 O 0.613771 -0.756802 1.666891
 O 5.842684 -2.137792 -3.863503
 O 4.317515 -0.222225 -1.401386
 O 0.355463 4.453231 3.943053
 O -4.579686 0.321116 -3.235195
 O -0.026495 -3.971759 -0.788489
 O 5.343599 4.149400 -7.330150
 O 3.919471 6.609128 5.555313
 O -5.676451 5.712563 -2.250102
 O -0.022830 1.126884 -2.690651
 O -4.279574 -4.115981 -0.976756
 O -2.934482 5.725657 2.687466
 O -2.855624 3.094110 3.810162
 O -1.962380 -1.480000 -0.500879
 O -1.639153 -1.504393 5.264651
 O 0.324369 2.324672 5.634939
 O -4.490938 3.044888 1.597072
 O 3.678290 5.032795 -1.924803
 O 1.363912 -5.695325 -3.694270
 O -2.859986 4.594700 -3.217923
 O 5.476204 1.135908 6.680479
 O -1.372743 0.804830 2.053484
 O 0.142011 -1.773155 -3.618005
 O 0.217996 -3.633904 -5.619744
 O 7.242388 -6.454384 3.992956
 O 3.802453 -2.847453 1.228735
 O 6.061441 -1.361128 2.974487
 O 1.632690 3.830461 -4.117156
 O -1.749482 -7.446308 0.841537
 O -4.698499 -1.380952 -6.905829
 O -4.350016 1.486215 -0.708702
 O 5.207447 3.691847 -4.392496
 O 1.458503 -1.085002 -1.292075
 O -5.025302 -3.918131 2.326635
 O 1.745722 2.911848 2.163622
 H -5.146802 -2.517856 -0.629771
 H -4.802816 -0.972147 -0.798117
 H 2.456518 -2.383902 6.983550
 H 2.331674 -2.397431 5.417909
 H -5.387025 5.787810 -5.237496
 H -5.229642 7.343769 -4.985535
 H 2.416853 3.159100 -1.294837
 H 1.013867 3.536978 -0.871521
 H -5.687590 0.421407 4.377158
 H -4.258525 0.837742 4.650432
 H 0.481907 6.901991 5.799507
 H 0.170619 5.816670 6.811619
 H -0.971218 -6.583902 -2.185596
 H -0.889770 -5.617443 -3.312132
 H 3.783066 1.809455 4.056024
 H 3.186443 0.458638 4.246460
 H -2.861232 -7.386177 6.161652
 H -2.107320 -6.268978 5.543970
 H 1.484559 -1.815519 3.217637
 H 2.819302 -2.597016 3.314299
 H 1.896927 -6.169757 2.757026
 H 3.055118 -5.823125 1.757656
 H -3.293131 -4.569006 4.875039
 H -3.107903 -3.407486 3.713508
 H -4.598868 -7.947115 0.436530
 H -5.112010 -7.074987 -0.738784
 H -3.032609 -3.649275 -3.876426
 H -3.398323 -5.031099 -3.410390
 H 2.968437 -3.494739 -2.434815
 H 1.767374 -3.364409 -1.448760
 H -2.269424 3.792579 -1.806193
 H -1.740005 3.492473 -0.389315
 H -1.639808 -2.324073 0.949096
 H -0.525649 -2.351548 1.993003
 H 0.420563 -3.904878 3.499567
 H -0.410910 -4.990314 2.842472
 H 5.123962 -4.781586 -5.031974
 H 4.003393 -3.639630 -5.335133
 H 3.815450 4.832480 2.546821
 H 5.376750 5.136615 2.607070
 H 5.822442 -3.166372 3.814160
 H 4.615490 -3.917755 4.627756
 H -1.492662 -1.786007 -3.284606
 H -2.996835 -1.281406 -3.254247
 H -0.211579 3.093368 -4.197760
 H -1.482696 2.569417 -5.103192
 H 5.151180 2.344400 1.612690
 H 3.644544 2.316567 1.592010
 H 2.326586 0.712272 -3.618161
 H 2.337231 2.275501 -3.612313
 H -5.211884 3.716295 -6.063585
 H -4.946379 2.528947 -5.204661
 H 5.148911 -6.357888 0.825293
 H 5.765417 -5.304550 -0.140776
 H -0.122434 -0.729693 -6.492422
 H 1.239521 0.069448 -6.404270
 H -2.907796 -0.082767 -5.840036
 H -3.234762 1.161413 -4.972200
 H -0.061483 -0.051082 1.759800
 H 0.877910 -0.838258 0.718688
 H 5.794836 -3.059074 -4.231679
 H 6.410493 -2.224723 -3.069189
 H 4.138788 0.501113 -0.767740
 H 5.251526 -0.509122 -1.220393
 H 0.372794 4.998486 4.777509
 H -0.459546 3.850312 3.997825
 H -4.299126 0.112888 -2.326596
 H -5.336121 -0.231816 -3.504527
 H -0.510469 -4.136251 -1.625151
 H -0.713530 -3.866097 -0.095616
 H 5.673292 5.078585 -7.276517
 H 5.476631 4.003341 -8.296057
 H 3.190670 6.124099 5.101598
 H 3.547364 6.674486 6.482081
 H -6.321793 4.971607 -2.364295
 H -4.767043 5.564223 -2.643992
 H -0.934790 1.477895 -2.818926
 H 0.466945 1.898152 -2.319815
 H -3.481327 -4.006898 -1.539894
 H -3.820661 -4.397225 -0.157979
 H -3.677460 5.575453 2.076588
 H -3.376045 5.779195 3.571191
 H -2.391603 3.839512 3.356268
 H -3.663620 3.588446 4.072042
 H -2.103847 -1.714963 -1.454826
 H -1.913061 -0.528208 -0.302503
 H -2.040881 -1.996099 4.526641
 H -1.613773 -2.178548 5.969930
 H 0.791619 2.953374 5.049606
 H -0.604371 2.490276 5.726767
 H -4.834711 2.656671 2.431644
 H -3.863288 2.350566 1.323839
 H 3.987461 5.843587 -1.450553
 H 3.853482 5.167809 -2.879916
 H 0.857297 -4.924928 -3.989480
 H 1.845225 -5.253658 -2.911173
 H -3.685549 4.249246 -3.638402
 H -2.206122 4.292428 -3.908973
 H 5.192985 0.586192 7.425872
 H 4.834420 0.949053 5.937691
 H -2.000594 1.189498 2.759300
 H -0.870702 1.659599 1.869657
 H 0.448673 -1.226320 -2.856432
 H 0.300102 -1.158540 -4.380298
 H 0.878375 -3.447836 -4.934710
 H 0.667628 -3.446325 -6.460435
 H 7.084635 -6.132390 4.905637
 H 6.961149 -5.646546 3.509499
 H 4.410947 -3.577718 1.004570
 H 3.586435 -2.568957 0.314892
 H 6.068695 -0.577526 2.392439
 H 5.119309 -1.452709 3.232995
 H 1.736643 3.601329 -5.055897
 H 1.469141 4.759314 -3.902635
 H -1.319450 -6.863162 1.496735
 H -2.277233 -6.828029 0.290109
 H -5.537468 -1.728100 -6.553130
 H -4.244009 -2.201921 -7.231543
 H -4.162302 2.403256 -1.001369
 H -5.298557 1.601603 -0.431788
 H 5.115640 4.455502 -4.994067
 H 5.122860 2.848270 -4.903281
 H 2.447481 -1.003370 -1.405553
 H 1.065557 -0.234848 -1.629421
 H -4.290669 -4.089335 1.695176
 H -5.474875 -3.084075 2.071360
 H 1.538933 3.782186 2.564858
 H 1.105654 2.933496 1.433461
K_POINTS
 1
0.0 0.0 0.0 1.0