
&control
    calculation='scf'
    pseudo_dir = './',
    outdir='./outputs',
    disk_io='high'
/
&system
    ibrav= 1, celldm(1)=20.000000, nat=  192, ntyp= 2,
    ecutwfc = 30.0, nosym=.true., occupations='smearing',
    smearing='m-v', degauss=0.025
/
&electrons
    conv_thr =  1.0d-8,
    mixing_beta = 0.7
/
&ions
    pot_extrapolation='second-order'
    wfc_extrapolation='second-order'
    ion_temperature = 'andersen'
    tempw = 1000

/
ATOMIC_SPECIES
 H  1.01  H.blyp-hgh.UPF
 O  16.0  O.blyp-hgh.UPF
ATOMIC_POSITIONS bohr
 O -5.548912 -1.615325 -0.611610
 O 2.978988 -2.497988 6.174183
 O -5.688486 6.681531 -5.562248
 O 1.584199 2.733791 -1.067194
 O -4.986073 1.005101 4.067367
 O 0.198073 5.964227 5.854507
 O -1.464175 -5.818647 -2.533150
 O 3.246111 1.324168 4.709848
 O -2.984008 -6.702522 5.459486
 O 1.897824 -2.536865 3.722740
 O 2.678997 -6.534872 2.294797
 O -3.260577 -3.629769 4.661135
 O -4.582748 -7.013955 0.093602
 O -3.770084 -4.278763 -3.935952
 O 2.398073 -4.041242 -1.854498
 O -1.719444 3.096222 -1.317927
 O -1.240604 -2.892274 1.654515
 O 0.211856 -4.867424 3.566674
 O 4.343283 -4.263560 -4.634444
 O 4.685801 4.564911 2.174777
 O 5.251725 -3.954304 3.900087
 O -2.449669 -2.070312 -3.061528
 O -1.106918 3.311633 -4.576252
 O 4.417218 1.708001 1.520127
 O 2.908398 1.493104 -3.446412
 O -4.581248 3.436408 -5.373097
 O 4.916888 -5.637920 0.213684
 O 0.713496 -0.650516 -5.976467
 O -2.526721 0.532857 -5.177129
 O 0.605531 -0.757575 1.666395
 O 5.856689 -2.131651 -3.854042
 O 4.315139 -0.224314 -1.405222
 O 0.348445 4.447464 3.938589
 O -4.586902 0.309739 -3.223928
 O -0.028216 -3.982130 -0.787405
 O 5.357382 4.142122 -7.354055
 O 3.933683 6.609340 5.542406
 O -5.685707 5.715583 -2.247025
 O -0.023145 1.132476 -2.690918
 O -4.283644 -4.125287 -0.967621
 O -2.934551 5.734968 2.683458
 O -2.860928 3.080370 3.798870
 O -1.975689 -1.460516 -0.496680
 O -1.650363 -1.502897 5.265845
 O 0.328201 2.333411 5.620282
 O -4.486175 3.034786 1.609827
 O 3.676324 5.038943 -1.927380
 O 1.353382 -5.691502 -3.689161
 O -2.875933 4.601459 -3.218896
 O 5.489958 1.141109 6.684399
 O -1.367861 0.808426 2.063919
 O 0.150224 -1.769612 -3.614410
 O 0.211556 -3.641635 -5.614198
 O 7.249302 -6.465479 3.994989
 O 3.804447 -2.847102 1.233668
 O 6.065209 -1.367775 2.973545
 O 1.641141 3.838288 -4.112078
 O -1.748772 -7.452629 0.846163
 O -4.687558 -1.373368 -6.919924
 O -4.354040 1.487828 -0.710509
 O 5.199938 3.692082 -4.411784
 O 1.455649 -1.093674 -1.279508
 O -5.036264 -3.933869 2.318593
 O 1.748091 2.899282 2.175758
 H -5.133590 -2.515900 -0.618796
 H -4.806952 -0.969454 -0.719045
 H 2.471490 -2.383919 6.996278
 H 2.338364 -2.416697 5.421922
 H -5.388899 5.792326 -5.278360
 H -5.234557 7.366462 -5.007959
 H 2.423341 3.184966 -1.290266
 H 0.991366 3.490910 -0.857976
 H -5.678137 0.398052 4.404145
 H -4.258896 0.824316 4.676940
 H 0.489485 6.894062 5.825165
 H 0.198040 5.811629 6.812859
 H -0.995922 -6.617152 -2.222575
 H -0.885444 -5.627802 -3.295641
 H 3.796112 1.831815 4.059700
 H 3.226639 0.441386 4.282838
 H -2.893018 -7.392030 6.167187
 H -2.118401 -6.265057 5.574507
 H 1.487457 -1.801249 3.202675
 H 2.813136 -2.567329 3.304939
 H 1.904913 -6.144808 2.761970
 H 3.058576 -5.837588 1.721645
 H -3.275824 -4.568515 4.877006
 H -3.109862 -3.415637 3.712913
 H -4.601031 -7.955378 0.382399
 H -5.091690 -7.018049 -0.768894
 H -3.035306 -3.626333 -3.850596
 H -3.378072 -5.014839 -3.434867
 H 2.972600 -3.505486 -2.428102
 H 1.752480 -3.402514 -1.426706
 H -2.210745 3.799377 -1.871045
 H -1.714752 3.502679 -0.410189
 H -1.622096 -2.302789 0.936096
 H -0.504282 -2.364656 1.975150
 H 0.435965 -3.918411 3.475372
 H -0.425719 -4.986525 2.849496
 H 5.083307 -4.831530 -4.997514
 H 3.970644 -3.637906 -5.318294
 H 3.826119 4.828094 2.566302
 H 5.382637 5.149771 2.574262
 H 5.800304 -3.154856 3.841022
 H 4.621378 -3.974651 4.652769
 H -1.488041 -1.801998 -3.285375
 H -2.981919 -1.266979 -3.281790
 H -0.187496 3.104098 -4.241712
 H -1.464427 2.539355 -5.091669
 H 5.164911 2.333082 1.600381
 H 3.645060 2.316928 1.559168
 H 2.354367 0.703485 -3.581397
 H 2.349369 2.291624 -3.612870
 H -5.200644 3.721176 -6.079814
 H -4.974523 2.541075 -5.240850
 H 5.134713 -6.358092 0.838702
 H 5.762737 -5.287212 -0.110807
 H -0.103585 -0.731147 -6.535399
 H 1.246465 0.060807 -6.381003
 H -2.913803 -0.097673 -5.839375
 H -3.249911 1.172229 -5.014811
 H -0.076723 -0.061954 1.763420
 H 0.890215 -0.822425 0.723135
 H 5.766903 -3.044402 -4.230358
 H 6.418823 -2.219949 -3.061010
 H 4.152930 0.492328 -0.767065
 H 5.233404 -0.520915 -1.250496
 H 0.342464 5.012995 4.747483
 H -0.492629 3.878387 3.986792
 H -4.284191 0.075284 -2.327980
 H -5.341608 -0.250820 -3.482156
 H -0.513185 -4.118789 -1.627804
 H -0.734607 -3.847110 -0.118686
 H 5.669124 5.074854 -7.270686
 H 5.459826 4.015740 -8.328501
 H 3.194067 6.116136 5.126950
 H 3.573186 6.610044 6.475194
 H -6.322984 4.977096 -2.353160
 H -4.769820 5.621108 -2.574979
 H -0.937638 1.490517 -2.798936
 H 0.486067 1.892617 -2.314913
 H -3.494872 -4.016781 -1.558361
 H -3.856306 -4.387975 -0.139380
 H -3.667104 5.581263 2.067452
 H -3.394428 5.808116 3.553022
 H -2.402201 3.825086 3.321448
 H -3.650002 3.584399 4.097399
 H -2.092253 -1.680879 -1.460535
 H -1.933816 -0.503337 -0.314875
 H -2.044518 -1.974862 4.516605
 H -1.614958 -2.180376 5.966742
 H 0.826433 2.944911 5.049397
 H -0.594675 2.499075 5.717052
 H -4.810864 2.661224 2.451697
 H -3.846764 2.355715 1.330254
 H 3.965145 5.851272 -1.456769
 H 3.870470 5.205428 -2.868183
 H 0.840798 -4.909227 -3.948123
 H 1.835117 -5.282773 -2.895254
 H -3.706787 4.284083 -3.631476
 H -2.229884 4.269327 -3.898517
 H 5.203475 0.589648 7.436533
 H 4.827603 0.978324 5.954250
 H -1.999825 1.267799 2.713170
 H -0.861158 1.640730 1.857186
 H 0.471333 -1.245584 -2.845087
 H 0.280873 -1.162543 -4.382296
 H 0.868205 -3.469020 -4.926004
 H 0.669434 -3.406919 -6.441024
 H 7.084248 -6.156285 4.911359
 H 6.948309 -5.650555 3.538699
 H 4.402347 -3.586582 0.997215
 H 3.601198 -2.572952 0.314294
 H 6.083910 -0.584483 2.398183
 H 5.110210 -1.450948 3.177117
 H 1.730033 3.581742 -5.045583
 H 1.484373 4.766829 -3.893347
 H -1.289143 -6.907373 1.513855
 H -2.275160 -6.799948 0.331399
 H -5.521923 -1.707715 -6.553455
 H -4.219532 -2.210303 -7.199437
 H -4.185129 2.404325 -1.014965
 H -5.316468 1.524312 -0.474054
 H 5.047208 4.457284 -5.000702
 H 5.131808 2.851451 -4.917239
 H 2.440607 -1.011750 -1.372811
 H 1.080949 -0.245097 -1.633396
 H -4.240157 -4.070760 1.756124
 H -5.489649 -3.100171 2.061693
 H 1.570349 3.798726 2.524795
 H 1.127954 2.940608 1.418567
K_POINTS
 1
0.0 0.0 0.0 1.0