
&control
    calculation='scf'
    pseudo_dir = './',
    outdir='./outputs',
    disk_io='high'
/
&system
    ibrav= 1, celldm(1)=20.000000, nat=  192, ntyp= 2,
    ecutwfc = 30.0, nosym=.true., occupations='smearing',
    smearing='m-v', degauss=0.025
/
&electrons
    conv_thr =  1.0d-8,
    mixing_beta = 0.7
/
&ions
    pot_extrapolation='second-order'
    wfc_extrapolation='second-order'
    ion_temperature = 'andersen'
    tempw = 1000

/
ATOMIC_SPECIES
 H  1.01  H.blyp-hgh.UPF
 O  16.0  O.blyp-hgh.UPF
ATOMIC_POSITIONS bohr
 O -5.559690 -1.618205 -0.603798
 O 2.992674 -2.488653 6.179014
 O -5.692244 6.691181 -5.567906
 O 1.598055 2.726598 -1.069015
 O -4.985038 1.002628 4.078386
 O 0.203935 5.958042 5.857359
 O -1.470655 -5.825365 -2.531003
 O 3.256833 1.323432 4.708434
 O -2.979858 -6.707146 5.456934
 O 1.887839 -2.537825 3.722157
 O 2.676796 -6.520955 2.289608
 O -3.251941 -3.626667 4.674276
 O -4.573849 -7.011368 0.083012
 O -3.767109 -4.267725 -3.948672
 O 2.397925 -4.051285 -1.855874
 O -1.717932 3.096533 -1.323642
 O -1.238571 -2.893145 1.650246
 O 0.198785 -4.868597 3.569925
 O 4.341990 -4.255854 -4.632494
 O 4.686153 4.553196 2.171313
 O 5.245995 -3.955819 3.911927
 O -2.453121 -2.061363 -3.055544
 O -1.103687 3.316513 -4.584833
 O 4.419977 1.709621 1.506312
 O 2.906676 1.499737 -3.446510
 O -4.580336 3.445913 -5.371058
 O 4.914378 -5.632962 0.228276
 O 0.707497 -0.658947 -5.983529
 O -2.537586 0.533738 -5.178903
 O 0.599649 -0.758945 1.665987
 O 5.868702 -2.126301 -3.846229
 O 4.312935 -0.226246 -1.408466
 O 0.341432 4.441129 3.933764
 O -4.592681 0.300228 -3.215051
 O -0.029996 -3.990815 -0.786603
 O 5.369408 4.136158 -7.374160
 O 3.944163 6.609073 5.532546
 O -5.693748 5.718827 -2.244139
 O -0.023688 1.137232 -2.691373
 O -4.286367 -4.132759 -0.960237
 O -2.934554 5.743321 2.681320
 O -2.864641 3.069423 3.789619
 O -1.986978 -1.444217 -0.492447
 O -1.659322 -1.501213 5.267162
 O 0.333476 2.339126 5.608776
 O -4.482663 3.026196 1.620341
 O 3.674766 5.044168 -1.929544
 O 1.344682 -5.688308 -3.684475
 O -2.890546 4.607191 -3.220101
 O 5.501330 1.145361 6.687324
 O -1.364756 0.814027 2.073345
 O 0.156846 -1.766636 -3.611106
 O 0.205739 -3.648782 -5.610091
 O 7.254092 -6.474171 3.996770
 O 3.806282 -2.846917 1.237121
 O 6.067800 -1.373243 2.972938
 O 1.647970 3.843457 -4.107332
 O -1.747186 -7.457971 0.848569
 O -4.678089 -1.367584 -6.931562
 O -4.358217 1.489239 -0.711747
 O 5.193581 3.693025 -4.427141
 O 1.453480 -1.100503 -1.268943
 O -5.044872 -3.947329 2.311433
 O 1.749688 2.889013 2.185329
 H -5.121127 -2.513094 -0.611397
 H -4.812807 -0.972469 -0.650340
 H 2.483263 -2.379518 7.005472
 H 2.345280 -2.431642 5.424190
 H -5.389851 5.799689 -5.309388
 H -5.234347 7.381096 -5.027526
 H 2.430260 3.206483 -1.287758
 H 0.973550 3.450097 -0.847671
 H -5.667601 0.378273 4.425527
 H -4.257035 0.812352 4.700050
 H 0.494552 6.889943 5.843301
 H 0.221270 5.803534 6.815910
 H -1.019048 -6.645052 -2.249762
 H -0.882778 -5.634689 -3.282455
 H 3.803320 1.849656 4.064730
 H 3.258166 0.428879 4.313678
 H -2.923141 -7.395294 6.167956
 H -2.125082 -6.260986 5.597939
 H 1.488583 -1.788842 3.189439
 H 2.800321 -2.546379 3.298155
 H 1.911975 -6.122489 2.764572
 H 3.060277 -5.849825 1.692381
 H -3.261995 -4.572322 4.874751
 H -3.113807 -3.431154 3.713902
 H -4.602720 -7.960734 0.340494
 H -5.074225 -6.966917 -0.791972
 H -3.040763 -3.602130 -3.830463
 H -3.361529 -5.005737 -3.455647
 H 2.977705 -3.514117 -2.422905
 H 1.741556 -3.440329 -1.410820
 H -2.158801 3.797910 -1.923093
 H -1.692726 3.510226 -0.431142
 H -1.605662 -2.286812 0.926254
 H -0.480165 -2.369953 1.960179
 H 0.452362 -3.930353 3.455225
 H -0.441352 -4.984341 2.854007
 H 5.044036 -4.869455 -4.969846
 H 3.947023 -3.641527 -5.305243
 H 3.833193 4.828577 2.582237
 H 5.382859 5.157848 2.546190
 H 5.780741 -3.144785 3.867488
 H 4.630096 -4.020538 4.672906
 H -1.485485 -1.818262 -3.288050
 H -2.969623 -1.256658 -3.307182
 H -0.171579 3.113341 -4.281983
 H -1.445400 2.516153 -5.075892
 H 5.175593 2.324041 1.589702
 H 3.643615 2.315938 1.532079
 H 2.376807 0.699022 -3.550993
 H 2.361032 2.301761 -3.612369
 H -5.191896 3.726461 -6.094470
 H -4.997188 2.553186 -5.268187
 H 5.123362 -6.360065 0.849088
 H 5.762351 -5.274157 -0.085965
 H -0.085914 -0.731252 -6.570843
 H 1.249964 0.055600 -6.360198
 H -2.916675 -0.108167 -5.836592
 H -3.262490 1.177823 -5.048675
 H -0.090188 -0.072549 1.767437
 H 0.899646 -0.809107 0.728356
 H 5.741299 -3.028524 -4.225469
 H 6.424949 -2.217988 -3.054187
 H 4.165459 0.486091 -0.765510
 H 5.217618 -0.533120 -1.274060
 H 0.315115 5.027161 4.723084
 H -0.508922 3.910541 3.977104
 H -4.275471 0.046813 -2.328719
 H -5.345954 -0.268545 -3.462160
 H -0.514891 -4.106160 -1.627580
 H -0.748954 -3.829408 -0.136740
 H 5.661264 5.069081 -7.266585
 H 5.444642 4.024640 -8.352437
 H 3.200201 6.109829 5.144305
 H 3.599725 6.559733 6.465296
 H -6.319034 4.979694 -2.348764
 H -4.776108 5.663206 -2.519818
 H -0.936051 1.498842 -2.779925
 H 0.502357 1.886625 -2.308524
 H -3.511828 -4.023961 -1.573633
 H -3.886755 -4.382880 -0.121774
 H -3.659032 5.584845 2.057282
 H -3.410328 5.833457 3.536552
 H -2.414929 3.811097 3.291863
 H -3.637249 3.577500 4.119139
 H -2.083395 -1.649870 -1.465256
 H -1.951469 -0.483224 -0.328537
 H -2.046766 -1.957617 4.508125
 H -1.616754 -2.183098 5.963545
 H 0.850068 2.940084 5.046053
 H -0.594830 2.512414 5.705414
 H -4.791013 2.665085 2.469584
 H -3.832916 2.359842 1.333718
 H 3.946303 5.857226 -1.460372
 H 3.884140 5.235093 -2.858070
 H 0.826066 -4.896933 -3.916551
 H 1.826039 -5.308780 -2.882564
 H -3.725340 4.310648 -3.625349
 H -2.245944 4.248331 -3.887729
 H 5.210352 0.592156 7.444956
 H 4.822745 1.005381 5.973245
 H -1.995731 1.324593 2.671070
 H -0.853863 1.619348 1.845399
 H 0.491026 -1.265758 -2.836001
 H 0.265292 -1.164772 -4.387147
 H 0.860252 -3.481899 -4.916757
 H 0.670787 -3.373098 -6.425398
 H 7.086183 -6.176387 4.919260
 H 6.937439 -5.652195 3.559154
 H 4.395486 -3.596939 0.995669
 H 3.611064 -2.573125 0.316391
 H 6.097971 -0.589525 2.401308
 H 5.103892 -1.450326 3.127643
 H 1.723712 3.571239 -5.038958
 H 1.498258 4.779104 -3.889808
 H -1.265897 -6.946478 1.527865
 H -2.273563 -6.779825 0.367432
 H -5.509704 -1.689743 -6.551684
 H -4.200951 -2.214556 -7.171230
 H -4.201430 2.402511 -1.027290
 H -5.326124 1.459346 -0.510077
 H 4.989631 4.453023 -5.008029
 H 5.137956 2.855191 -4.931546
 H 2.433465 -1.015673 -1.345728
 H 1.095764 -0.253110 -1.633359
 H -4.202493 -4.052311 1.809489
 H -5.499732 -3.113429 2.053036
 H 1.597841 3.812011 2.495899
 H 1.150298 2.942928 1.403906
K_POINTS
 1
0.0 0.0 0.0 1.0