
&control
    calculation='scf'
    pseudo_dir = './',
    outdir='./outputs',
    disk_io='high'
/
&system
    ibrav= 1, celldm(1)=20.000000, nat=  192, ntyp= 2,
    ecutwfc = 30.0, nosym=.true., occupations='smearing',
    smearing='m-v', degauss=0.025
/
&electrons
    conv_thr =  1.0d-8,
    mixing_beta = 0.7
/
&ions
    pot_extrapolation='second-order'
    wfc_extrapolation='second-order'
    ion_temperature = 'andersen'
    tempw = 1000

/
ATOMIC_SPECIES
 H  1.01  H.blyp-hgh.UPF
 O  16.0  O.blyp-hgh.UPF
ATOMIC_POSITIONS bohr
 O -5.563900 -1.619253 -0.600716
 O 2.998196 -2.484971 6.181047
 O -5.693884 6.695079 -5.570230
 O 1.603545 2.723857 -1.069678
 O -4.984727 1.001689 4.082811
 O 0.206270 5.955763 5.858825
 O -1.473094 -5.827949 -2.530187
 O 3.261345 1.323132 4.707792
 O -2.978047 -6.709085 5.456213
 O 1.884050 -2.537984 3.721709
 O 2.675643 -6.515285 2.287628
 O -3.248420 -3.625143 4.679493
 O -4.570276 -7.010418 0.078763
 O -3.765802 -4.263373 -3.953717
 O 2.397847 -4.055196 -1.856356
 O -1.717422 3.096865 -1.325987
 O -1.238044 -2.893565 1.648469
 O 0.193631 -4.869033 3.571242
 O 4.341535 -4.252842 -4.631550
 O 4.686825 4.548449 2.169980
 O 5.243603 -3.956554 3.916608
 O -2.454355 -2.057626 -3.053161
 O -1.102402 3.318310 -4.588404
 O 4.421128 1.710252 1.500785
 O 2.906152 1.502404 -3.446568
 O -4.580025 3.449573 -5.370413
 O 4.913261 -5.630873 0.234085
 O 0.705092 -0.662364 -5.986431
 O -2.541969 0.534137 -5.179769
 O 0.597554 -0.759685 1.665841
 O 5.873568 -2.124045 -3.843145
 O 4.311874 -0.227048 -1.409812
 O 0.338374 4.438264 3.931537
 O -4.594947 0.296406 -3.211617
 O -0.030808 -3.994290 -0.786301
 O 5.374327 4.133759 -7.382221
 O 3.948029 6.608839 5.528850
 O -5.697194 5.720421 -2.242828
 O -0.023939 1.139160 -2.691598
 O -4.287343 -4.135641 -0.957444
 O -2.934528 5.746815 2.680743
 O -2.865912 3.065192 3.785934
 O -1.991554 -1.437658 -0.490618
 O -1.662786 -1.500400 5.267792
 O 0.336060 2.340989 5.604391
 O -4.481366 3.022747 1.624472
 O 3.674151 5.046265 -1.930407
 O 1.341189 -5.687026 -3.682528
 O -2.896645 4.609512 -3.220660
 O 5.505848 1.147013 6.688482
 O -1.363792 0.816840 2.077276
 O 0.159413 -1.765493 -3.609724
 O 0.203339 -3.651801 -5.608612
 O 7.255749 -6.477478 3.997521
 O 3.807083 -2.846897 1.238319
 O 6.068681 -1.375416 2.972738
 O 1.650648 3.845211 -4.105298
 O -1.746294 -7.460131 0.849172
 O -4.674185 -1.365423 -6.936187
 O -4.360050 1.489763 -0.712178
 O 5.191011 3.693637 -4.433086
 O 1.452631 -1.103144 -1.264683
 O -5.048177 -3.952802 2.308451
 O 1.750190 2.885012 2.188964
 H -5.116064 -2.511523 -0.608866
 H -4.815769 -0.974827 -0.622281
 H 2.487885 -2.376657 7.008492
 H 2.348569 -2.437323 5.425057
 H -5.389892 5.803378 -5.320795
 H -5.233098 7.385828 -5.035443
 H 2.432917 3.214942 -1.286973
 H 0.966637 3.433411 -0.843815
 H -5.662458 0.370695 4.433473
 H -4.256173 0.807595 4.708989
 H 0.496210 6.888973 5.849611
 H 0.230586 5.799163 6.817636
 H -1.029052 -6.656270 -2.259583
 H -0.881830 -5.636815 -3.277590
 H 3.805073 1.856127 4.067354
 H 3.270411 0.424310 4.325891
 H -2.935940 -7.396137 6.167288
 H -2.126921 -6.259175 5.606908
 H 1.488737 -1.784306 3.184478
 H 2.793353 -2.539209 3.295866
 H 1.914932 -6.113078 2.765123
 H 3.060623 -5.854544 1.680827
 H -3.256667 -4.574733 4.872993
 H -3.115999 -3.439410 3.715235
 H -4.603403 -7.962488 0.324494
 H -5.067040 -6.945820 -0.800114
 H -3.044034 -3.591287 -3.822866
 H -3.355096 -5.003203 -3.464189
 H 2.980010 -3.517378 -2.420856
 H 1.737629 -3.456751 -1.405161
 H -2.137515 3.795479 -1.942830
 H -1.683875 3.513472 -0.439927
 H -1.598580 -2.281232 0.922955
 H -0.469484 -2.371095 1.953987
 H 0.459825 -3.935181 3.447235
 H -0.448475 -4.983743 2.855443
 H 5.027446 -4.883655 -4.959518
 H 3.938587 -3.644216 -5.300793
 H 3.835777 4.829716 2.588300
 H 5.381719 5.160148 2.534727
 H 5.772592 -3.140731 3.879188
 H 4.634509 -4.038380 4.680825
 H -1.484835 -1.825451 -3.289568
 H -2.964767 -1.252941 -3.317908
 H -0.166371 3.117291 -4.298786
 H -1.436925 2.507718 -5.067966
 H 5.179595 2.320587 1.585323
 H 3.642755 2.315223 1.521379
 H 2.385084 0.697647 -3.539024
 H 2.365740 2.304993 -3.611973
 H -5.188255 3.729012 -6.100393
 H -5.005821 2.558602 -5.278208
 H 5.119015 -6.361259 0.852970
 H 5.762600 -5.269374 -0.075987
 H -0.078648 -0.731076 -6.584951
 H 1.250978 0.054229 -6.351636
 H -2.917195 -0.111804 -5.834881
 H -3.267516 1.179272 -5.061755
 H -0.095769 -0.077142 1.769282
 H 0.903171 -0.803751 0.730721
 H 5.730524 -3.021616 -4.222590
 H 6.427338 -2.217897 -3.051282
 H 4.170648 0.484028 -0.764487
 H 5.212092 -0.538882 -1.282939
 H 0.303809 5.033494 4.713664
 H -0.513049 3.925064 3.973068
 H -4.272879 0.036156 -2.328928
 H -5.347603 -0.276064 -3.453912
 H -0.515391 -4.101652 -1.627102
 H -0.753761 -3.821875 -0.143486
 H 5.657095 5.066218 -7.265290
 H 5.438361 4.027965 -8.361235
 H 3.203203 6.107212 5.149742
 H 3.611668 6.540730 6.460656
 H -6.316306 4.979756 -2.348281
 H -4.778302 5.678372 -2.499058
 H -0.934473 1.501732 -2.771715
 H 0.508758 1.883752 -2.305545
 H -3.520125 -4.026718 -1.579169
 H -3.898623 -4.381613 -0.113918
 H -3.656013 5.585924 2.052460
 H -3.416914 5.843846 3.529895
 H -2.421193 3.804844 3.280093
 H -3.631829 3.573914 4.127963
 H -2.080099 -1.636978 -1.466896
 H -1.958571 -0.475358 -0.334658
 H -2.047541 -1.950994 4.504599
 H -1.617711 -2.184530 5.962011
 H 0.858039 2.938897 5.043762
 H -0.596493 2.519317 5.699729
 H -4.783091 2.666467 2.477232
 H -3.827477 2.361420 1.334697
 H 3.938797 5.859771 -1.461029
 H 3.889481 5.246427 -2.854364
 H 0.820101 -4.892441 -3.904536
 H 1.822389 -5.319436 -2.877512
 H -3.733362 4.320482 -3.622985
 H -2.251471 4.239557 -3.883044
 H 5.212808 0.593371 7.447838
 H 4.820893 1.016804 5.981900
 H -1.993731 1.345055 2.653908
 H -0.850331 1.610158 1.839995
 H 0.499152 -1.274627 -2.832460
 H 0.259283 -1.165261 -4.389758
 H 0.857160 -3.485856 -4.912508
 H 0.671045 -3.359433 -6.419106
 H 7.087614 -6.184546 4.923081
 H 6.933093 -5.652496 3.566304
 H 4.392681 -3.601685 0.996368
 H 3.614352 -2.572302 0.317867
 H 6.104153 -0.591164 2.402039
 H 5.101600 -1.450463 3.107233
 H 1.720982 3.568626 -5.036797
 H 1.504115 4.785182 -3.889614
 H -1.257122 -6.962637 1.533353
 H -2.272914 -6.772681 0.382245
 H -5.505126 -1.682366 -6.550411
 H -4.194098 -2.215395 -7.159632
 H -4.207539 2.401167 -1.032406
 H -5.328712 1.433651 -0.524709
 H 4.966555 4.449807 -5.011388
 H 5.140027 2.856664 -4.938084
 H 2.430702 -1.016552 -1.335003
 H 1.101978 -0.255980 -1.632526
 H -4.188689 -4.044132 1.831435
 H -5.503055 -3.118736 2.049486
 H 1.609234 3.816941 2.485474
 H 1.160441 2.942794 1.397874
K_POINTS
 1
0.0 0.0 0.0 1.0