
&control
    calculation='scf'
    pseudo_dir = './',
    outdir='./outputs',
    disk_io='high'
/
&system
    ibrav= 1, celldm(1)=20.000000, nat=  192, ntyp= 2,
    ecutwfc = 30.0, nosym=.true., occupations='smearing',
    smearing='m-v', degauss=0.025
/
&electrons
    conv_thr =  1.0d-8,
    mixing_beta = 0.7
/
&ions
    pot_extrapolation='second-order'
    wfc_extrapolation='second-order'
    ion_temperature = 'andersen'
    tempw = 1000

/
ATOMIC_SPECIES
 H  1.01  H.blyp-hgh.UPF
 O  16.0  O.blyp-hgh.UPF
ATOMIC_POSITIONS bohr
 O -5.570074 -1.620758 -0.596127
 O 3.006494 -2.479498 6.184199
 O -5.696523 6.700980 -5.573810
 O 1.611778 2.719882 -1.070613
 O -4.984336 1.000281 4.089549
 O 0.209776 5.952572 5.861389
 O -1.476588 -5.831735 -2.528995
 O 3.268339 1.322714 4.706783
 O -2.975191 -6.712068 5.455428
 O 1.878538 -2.537912 3.720760
 O 2.673641 -6.506712 2.284772
 O -3.243068 -3.622632 4.687236
 O -4.564909 -7.009057 0.072348
 O -3.763672 -4.256910 -3.961208
 O 2.397738 -4.061000 -1.857014
 O -1.716727 3.097525 -1.329665
 O -1.237473 -2.894174 1.645731
 O 0.185973 -4.869654 3.573216
 O 4.340889 -4.248386 -4.629861
 O 4.688326 4.541294 2.168069
 O 5.239924 -3.957785 3.923548
 O -2.456040 -2.051858 -3.049611
 O -1.100475 3.320801 -4.593912
 O 4.422890 1.711167 1.492491
 O 2.905633 1.506429 -3.446659
 O -4.579670 3.454898 -5.369680
 O 4.911472 -5.627625 0.242767
 O 0.701485 -0.667547 -5.990850
 O -2.548577 0.534785 -5.181231
 O 0.594683 -0.761002 1.665662
 O 5.880913 -2.120484 -3.838577
 O 4.310010 -0.228262 -1.411899
 O 0.333610 4.433711 3.927892
 O -4.598310 0.290641 -3.206581
 O -0.032138 -3.999493 -0.785854
 O 5.381796 4.130105 -7.394305
 O 3.953509 6.608342 5.523566
 O -5.702704 5.723205 -2.240660
 O -0.024299 1.142070 -2.691969
 O -4.288746 -4.139834 -0.953464
 O -2.934460 5.752214 2.680136
 O -2.867568 3.059009 3.780413
 O -1.998488 -1.427768 -0.487778
 O -1.667841 -1.499016 5.268862
 O 0.340336 2.343333 5.598077
 O -4.479530 3.017575 1.630565
 O 3.673231 5.049408 -1.931696
 O 1.335907 -5.685094 -3.679559
 O -2.905996 4.613018 -3.221577
 O 5.512599 1.149421 6.690270
 O -1.362670 0.821568 2.083319
 O 0.163158 -1.763865 -3.607625
 O 0.199711 -3.656479 -5.606589
 O 7.257944 -6.482221 3.998702
 O 3.808374 -2.846952 1.239922
 O 6.069824 -1.378653 2.972472
 O 1.654604 3.847563 -4.102099
 O -1.744674 -7.463405 0.849705
 O -4.668202 -1.362351 -6.943078
 O -4.362934 1.490456 -0.712753
 O 5.187126 3.694822 -4.441788
 O 1.451353 -1.107019 -1.258253
 O -5.052973 -3.961110 2.303846
 O 1.750778 2.879182 2.194175
 H -5.108636 -2.508606 -0.605522
 H -4.820839 -0.979384 -0.579686
 H 2.494774 -2.371207 7.012140
 H 2.354222 -2.445507 5.426517
 H -5.389448 5.809514 -5.336672
 H -5.229927 7.391767 -5.047300
 H 2.436355 3.227337 -1.285931
 H 0.956471 3.408213 -0.838323
 H -5.653680 0.359929 4.444526
 H -4.255105 0.800687 4.721603
 H 0.498233 6.888187 5.858014
 H 0.244537 5.791339 6.820658
 H -1.044974 -6.673069 -2.273150
 H -0.880440 -5.639225 -3.270892
 H 3.806473 1.864858 4.071895
 H 3.288504 0.417881 4.343880
 H -2.955770 -7.396971 6.165380
 H -2.128779 -6.256365 5.620022
 H 1.488646 -1.778356 3.177779
 H 2.781295 -2.529932 3.292893
 H 1.919470 -6.098357 2.765378
 H 3.060747 -5.861296 1.663651
 H -3.248941 -4.578940 4.869560
 H -3.119926 -3.453731 3.718484
 H -4.604472 -7.964691 0.301237
 H -5.056023 -6.913790 -0.810694
 H -3.050328 -3.573973 -3.812025
 H -3.345737 -5.000435 -3.477411
 H 2.983585 -3.522007 -2.417716
 H 1.732142 -3.482437 -1.397376
 H -2.105303 3.789925 -1.970866
 H -1.670688 3.519014 -0.453042
 H -1.587427 -2.273947 0.918904
 H -0.453073 -2.372288 1.944255
 H 0.471943 -3.942474 3.435369
 H -0.459986 -4.983115 2.857317
 H 5.002023 -4.903984 -4.945146
 H 3.926977 -3.649478 -5.295370
 H 3.839689 4.832282 2.596790
 H 5.378860 5.162588 2.517335
 H 5.759991 -3.134726 3.897961
 H 4.642057 -4.064520 4.692612
 H -1.484257 -1.836891 -3.292265
 H -2.957551 -1.247797 -3.334552
 H -0.159739 3.123618 -4.324492
 H -1.423475 2.496097 -5.054449
 H 5.185256 2.315648 1.578643
 H 3.641346 2.313803 1.505532
 H 2.396390 0.695784 -3.521353
 H 2.372505 2.309100 -3.611225
 H -5.182397 3.733387 -6.109135
 H -5.018153 2.567341 -5.292107
 H 5.112736 -6.363397 0.858408
 H 5.763300 -5.262751 -0.060909
 H -0.067777 -0.730628 -6.606063
 H 1.252210 0.053057 -6.338595
 H -2.917291 -0.116704 -5.831754
 H -3.275077 1.180691 -5.080839
 H -0.104332 -0.084410 1.772288
 H 0.908181 -0.795692 0.734424
 H 5.713815 -3.011030 -4.217358
 H 6.430957 -2.218638 -3.046603
 H 4.178639 0.481436 -0.762474
 H 5.205269 -0.548650 -1.295586
 H 0.286629 5.043718 4.699880
 H -0.517552 3.947886 3.966795
 H -4.269889 0.020960 -2.329138
 H -5.349940 -0.287729 -3.441353
 H -0.515950 -4.095527 -1.626214
 H -0.759894 -3.810122 -0.152955
 H 5.649851 5.061555 -7.263813
 H 5.428801 4.032786 -8.373702
 H 3.208037 6.103063 5.155902
 H 3.630974 6.513580 6.453386
 H -6.311098 4.978440 -2.348911
 H -4.780344 5.699186 -2.469731
 H -0.931325 1.505753 -2.758763
 H 0.518076 1.878845 -2.300759
 H -3.534036 -4.030826 -1.586566
 H -3.915786 -4.380558 -0.101237
 H -3.651634 5.587170 2.044462
 H -3.427124 5.859650 3.520063
 H -2.431908 3.794751 3.262614
 H -3.623410 3.567727 4.141326
 H -2.075451 -1.617283 -1.468885
 H -1.969232 -0.463720 -0.344349
 H -2.048600 -1.941442 4.499127
 H -1.619420 -2.187059 5.959337
 H 0.868330 2.937993 5.039234
 H -0.599818 2.531245 5.689970
 H -4.771196 2.668262 2.489301
 H -3.819555 2.363708 1.335810
 H 3.927623 5.863929 -1.460922
 H 3.897362 5.262789 -2.849445
 H 0.811250 -4.886359 -3.887072
 H 1.817005 -5.335535 -2.869859
 H -3.746248 4.334283 -3.619663
 H -2.258967 4.226096 -3.875692
 H 5.216320 0.595638 7.451402
 H 4.818039 1.034508 5.995699
 H -1.990825 1.373392 2.628353
 H -0.843684 1.596431 1.830856
 H 0.511661 -1.288552 -2.827202
 H 0.250594 -1.165559 -4.394142
 H 0.852468 -3.490559 -4.905631
 H 0.670903 -3.338912 -6.409421
 H 7.090527 -6.196961 4.929313
 H 6.926651 -5.652739 3.575984
 H 4.388271 -3.609282 0.998905
 H 3.618570 -2.570068 0.320686
 H 6.114171 -0.593166 2.402592
 H 5.098373 -1.451206 3.076030
 H 1.716688 3.566459 -5.034033
 H 1.513248 4.795050 -3.890755
 H -1.244537 -6.987373 1.541415
 H -2.271915 -6.762944 0.404853
 H -5.498600 -1.671115 -6.547896
 H -4.184486 -2.215679 -7.141976
 H -4.216486 2.398591 -1.040264
 H -5.331302 1.395761 -0.546921
 H 4.931966 4.443381 -5.016861
 H 5.142696 2.858687 -4.948782
 H 2.427030 -1.017218 -1.319063
 H 1.111409 -0.259755 -1.630450
 H -4.169486 -4.030995 1.864965
 H -5.507200 -3.126703 2.044140
 H 1.626774 3.823603 2.470992
 H 1.177075 2.941370 1.388931
K_POINTS
 1
0.0 0.0 0.0 1.0