
&control
    calculation='scf'
    pseudo_dir = './',
    outdir='./outputs',
    disk_io='high'
/
&system
    ibrav= 1, celldm(1)=20.000000, nat=  192, ntyp= 2,
    ecutwfc = 30.0, nosym=.true., occupations='smearing',
    smearing='m-v', degauss=0.025
/
&electrons
    conv_thr =  1.0d-8,
    mixing_beta = 0.7
/
&ions
    pot_extrapolation='second-order'
    wfc_extrapolation='second-order'
    ion_temperature = 'andersen'
    tempw = 1000

/
ATOMIC_SPECIES
 H  1.01  H.blyp-hgh.UPF
 O  16.0  O.blyp-hgh.UPF
ATOMIC_POSITIONS bohr
 O -5.579909 -1.623183 -0.588538
 O 3.020295 -2.470509 6.189689
 O -5.701466 6.710969 -5.580077
 O 1.625612 2.713597 -1.072030
 O -4.983783 0.997840 4.101211
 O 0.215660 5.947911 5.866680
 O -1.481966 -5.837868 -2.527069
 O 3.280530 1.322154 4.705117
 O -2.970074 -6.717141 5.454813
 O 1.869641 -2.536835 3.718399
 O 2.669660 -6.492346 2.280318
 O -3.233978 -3.618133 4.699876
 O -4.555935 -7.006882 0.061510
 O -3.759571 -4.246317 -3.973410
 O 2.397688 -4.070661 -1.857995
 O -1.715665 3.098862 -1.336430
 O -1.236837 -2.894909 1.641006
 O 0.173366 -4.870587 3.576416
 O 4.339866 -4.241087 -4.626089
 O 4.691876 4.529330 2.165182
 O 5.233590 -3.960144 3.934853
 O -2.458404 -2.041821 -3.043807
 O -1.097266 3.324387 -4.603485
 O 4.425887 1.712572 1.478648
 O 2.905688 1.513168 -3.446794
 O -4.579488 3.463331 -5.369203
 O 4.908225 -5.621931 0.257164
 O 0.695507 -0.676338 -5.998367
 O -2.559642 0.536007 -5.184057
 O 0.590600 -0.763743 1.665535
 O 5.893254 -2.113955 -3.831130
 O 4.306066 -0.230262 -1.415554
 O 0.325550 4.425799 3.921099
 O -4.603869 0.280909 -3.198477
 O -0.034652 -4.008107 -0.785086
 O 5.394394 4.123735 -7.414344
 O 3.961870 6.607103 5.515386
 O -5.712890 5.729027 -2.236503
 O -0.024689 1.146922 -2.692637
 O -4.291104 -4.146474 -0.947350
 O -2.934314 5.761618 2.679674
 O -2.869631 3.049100 3.771233
 O -2.010238 -1.411117 -0.482914
 O -1.675866 -1.496250 5.270978
 O 0.348179 2.346104 5.588307
 O -4.476761 3.008978 1.640405
 O 3.671692 5.054646 -1.933828
 O 1.326925 -5.681849 -3.674546
 O -2.921968 4.618883 -3.223336
 O 5.523817 1.153224 6.693532
 O -1.361682 0.830527 2.093710
 O 0.169070 -1.761454 -3.604194
 O 0.193742 -3.664596 -5.603749
 O 7.260784 -6.489436 4.000846
 O 3.810803 -2.847321 1.242106
 O 6.071205 -1.383944 2.972067
 O 1.661018 3.850933 -4.096391
 O -1.741200 -7.468986 0.849643
 O -4.657925 -1.357680 -6.954379
 O -4.367998 1.491231 -0.713499
 O 5.180558 3.697499 -4.455738
 O 1.449169 -1.113266 -1.247423
 O -5.060482 -3.975231 2.295798
 O 1.751308 2.870062 2.202165
 H -5.097338 -2.502233 -0.601174
 H -4.830836 -0.989080 -0.507624
 H 2.506159 -2.359065 7.015647
 H 2.365914 -2.458180 5.429829
 H -5.387072 5.820825 -5.359536
 H -5.221088 7.398829 -5.066733
 H 2.439655 3.246899 -1.284342
 H 0.940052 3.366292 -0.829982
 H -5.636425 0.343907 4.460254
 H -4.254573 0.790263 4.739498
 H 0.500152 6.888348 5.869187
 H 0.267612 5.774945 6.826367
 H -1.074240 -6.700556 -2.292716
 H -0.878033 -5.641040 -3.261505
 H 3.805855 1.876495 4.080566
 H 3.318239 0.408220 4.372522
 H -2.990028 -7.397592 6.160437
 H -2.129790 -6.251912 5.641205
 H 1.487486 -1.771432 3.169361
 H 2.758483 -2.518822 3.288865
 H 1.927090 -6.071974 2.764246
 H 3.059759 -5.871456 1.635513
 H -3.236900 -4.586280 4.862149
 H -3.128035 -3.481843 3.727308
 H -4.606496 -7.967190 0.264212
 H -5.037082 -6.860288 -0.822917
 H -3.064994 -3.542951 -3.795567
 H -3.331135 -4.997929 -3.501002
 H 2.989363 -3.528928 -2.411995
 H 1.723620 -3.526955 -1.385951
 H -2.051596 3.776005 -2.012582
 H -1.649190 3.531132 -0.473554
 H -1.567669 -2.264996 0.914797
 H -0.426722 -2.374306 1.926290
 H 0.494349 -3.954988 3.416038
 H -0.480833 -4.982622 2.860262
 H 4.959157 -4.935540 -4.924817
 H 3.910117 -3.661202 -5.290680
 H 3.847160 4.838327 2.608528
 H 5.371920 5.164291 2.488146
 H 5.737928 -3.125234 3.932525
 H 4.656913 -4.106293 4.712161
 H -1.484272 -1.857457 -3.297714
 H -2.945662 -1.240398 -3.363588
 H -0.151318 3.135534 -4.367963
 H -1.399816 2.479339 -5.028134
 H 5.193688 2.308259 1.567207
 H 3.639175 2.310489 1.479817
 H 2.411628 0.692871 -3.492740
 H 2.382051 2.314543 -3.609736
 H -5.171043 3.742317 -6.122827
 H -5.036779 2.583396 -5.311866
 H 5.102969 -6.367600 0.866155
 H 5.764996 -5.253394 -0.035320
 H -0.050247 -0.729514 -6.641111
 H 1.253659 0.053555 -6.316369
 H -2.915740 -0.123755 -5.825506
 H -3.287861 1.181339 -5.111110
 H -0.118997 -0.097615 1.777863
 H 0.915793 -0.782212 0.740569
 H 5.684527 -2.993731 -4.206439
 H 6.437236 -2.222507 -3.037724
 H 4.192617 0.478332 -0.757908
 H 5.198515 -0.568119 -1.314787
 H 0.257978 5.062425 4.677400
 H -0.523915 3.986266 3.955586
 H -4.267073 -0.002254 -2.329107
 H -5.353348 -0.307953 -3.420163
 H -0.516460 -4.087147 -1.624941
 H -0.767072 -3.789419 -0.166658
 H 5.635461 5.053588 -7.262763
 H 5.412714 4.040565 -8.392969
 H 3.216420 6.095389 5.160108
 H 3.666644 6.472143 6.441676
 H -6.299645 4.971759 -2.353439
 H -4.779263 5.728571 -2.426262
 H -0.924921 1.512140 -2.735516
 H 0.532520 1.868950 -2.292259
 H -3.560181 -4.037783 -1.596156
 H -3.942203 -4.380900 -0.078303
 H -3.644259 5.588366 2.029521
 H -3.445240 5.886424 3.504579
 H -2.453216 3.776302 3.234047
 H -3.608766 3.555506 4.163937
 H -2.068584 -1.583996 -1.470475
 H -1.986939 -0.444578 -0.361300
 H -2.050084 -1.926640 4.489614
 H -1.623026 -2.192296 5.953641
 H 0.880860 2.938845 5.028753
 H -0.604758 2.554780 5.670128
 H -4.751140 2.670354 2.510885
 H -3.807339 2.367349 1.336956
 H 3.909276 5.871904 -1.457415
 H 3.910157 5.288180 -2.843356
 H 0.797171 -4.878401 -3.859222
 H 1.808504 -5.362286 -2.856716
 H -3.770141 4.354604 -3.614959
 H -2.270044 4.203258 -3.862623
 H 5.222013 0.600971 7.455003
 H 4.812541 1.065359 6.019937
 H -1.987487 1.414835 2.587601
 H -0.827473 1.575336 1.812234
 H 0.533515 -1.312783 -2.818437
 H 0.237196 -1.165068 -4.401789
 H 0.843900 -3.495307 -4.893280
 H 0.668675 -3.304998 -6.392102
 H 7.097565 -6.218203 4.940347
 H 6.916363 -5.653195 3.589666
 H 4.380033 -3.622760 1.007153
 H 3.623758 -2.563644 0.326694
 H 6.133174 -0.595424 2.402345
 H 5.093601 -1.454157 3.022613
 H 1.709066 3.567558 -5.030525
 H 1.529464 4.811970 -3.896716
 H -1.225149 -7.029770 1.554279
 H -2.270194 -6.749246 0.443415
 H -5.488420 -1.651823 -6.542205
 H -4.170219 -2.213657 -7.112140
 H -4.231378 2.393143 -1.053907
 H -5.332395 1.335182 -0.584750
 H 4.874538 4.428590 -5.027085
 H 5.145998 2.861421 -4.968750
 H 2.422969 -1.016855 -1.292925
 H 1.126901 -0.264234 -1.624940
 H -4.141944 -4.006819 1.922375
 H -5.511770 -3.139918 2.035403
 H 1.657197 3.831820 2.449743
 H 1.208669 2.935597 1.374823
K_POINTS
 1
0.0 0.0 0.0 1.0