
&control
    calculation='scf'
    pseudo_dir = './',
    outdir='./outputs',
    disk_io='high'
/
&system
    ibrav= 1, celldm(1)=20.000000, nat=  192, ntyp= 2,
    ecutwfc = 30.0, nosym=.true., occupations='smearing',
    smearing='m-v', degauss=0.025
/
&electrons
    conv_thr =  1.0d-8,
    mixing_beta = 0.7
/
&ions
    pot_extrapolation='second-order'
    wfc_extrapolation='second-order'
    ion_temperature = 'andersen'
    tempw = 1000

/
ATOMIC_SPECIES
 H  1.01  H.blyp-hgh.UPF
 O  16.0  O.blyp-hgh.UPF
ATOMIC_POSITIONS bohr
 O -5.261938 -1.545958 -1.464713
 O 3.948413 -2.146814 5.389455
 O -5.737007 5.374632 -5.494616
 O -0.178271 3.716150 -1.537206
 O -4.720932 0.756146 3.888712
 O -0.233812 5.448892 5.210610
 O -0.127940 -5.388869 -3.405805
 O 2.392286 0.199482 3.620894
 O -2.852124 -5.292218 5.641701
 O 1.933590 -2.907870 1.828704
 O 2.537002 -6.093116 2.906306
 O -4.117133 -3.031773 4.434799
 O -4.438101 -5.891031 0.722929
 O -3.593987 -5.692135 -3.715013
 O 2.274252 -2.748460 -2.247956
 O -1.927910 2.443275 1.181612
 O -1.185787 -1.614092 1.799596
 O 0.212979 -4.221982 3.728926
 O 5.421649 -4.244150 -4.968352
 O 5.473033 4.900140 2.192386
 O 5.933452 -2.982072 3.256921
 O -3.240556 -2.948203 -3.840669
 O -0.890981 2.625825 -4.942776
 O 3.902283 2.355189 2.871252
 O 2.327658 1.325191 -3.102459
 O -4.880602 2.754048 -6.193190
 O 4.464805 -5.969296 -1.245528
 O 1.980327 -1.298158 -4.604321
 O -2.030062 0.189515 -4.830933
 O 0.895092 -0.325898 0.732603
 O 4.767120 -1.743935 -3.708361
 O 5.181800 0.082040 -0.107693
 O -0.202681 4.572361 1.886748
 O -5.117569 0.723199 -4.004703
 O 0.726594 -3.822770 -0.370728
 O 4.579018 3.651413 -4.425789
 O 3.469275 5.468243 5.849765
 O -5.193514 3.806329 -1.916843
 O -0.372805 1.025684 -1.683803
 O -3.069318 -3.407172 -1.063035
 O -2.627664 5.474579 3.333469
 O -1.518896 2.804445 4.079525
 O -2.618665 -0.276170 -0.695193
 O -1.534237 -2.179908 4.882700
 O 0.666959 1.840846 4.938173
 O -4.749472 3.342131 1.408727
 O 2.864768 3.945703 -0.611298
 O 2.695415 -6.014548 -3.601723
 O -2.586940 4.538112 -2.321826
 O 5.511950 0.616377 5.329396
 O -3.042257 0.245223 1.982065
 O -0.666568 -2.389703 -2.369342
 O 0.010632 -3.301540 -5.487961
 O 5.725527 -5.964936 4.346724
 O 5.038982 -3.085295 -0.212549
 O 4.658160 -0.711823 2.448936
 O 1.133029 4.318327 -4.314166
 O -0.663521 -5.814061 0.458411
 O -5.535815 -1.422993 -5.736840
 O -4.638344 1.354425 -0.868003
 O 5.194099 1.538396 -2.576671
 O 2.809297 -0.281698 -1.061952
 O -5.283023 -1.253660 1.286451
 O 1.558230 2.617760 1.467560
 H -5.132627 -1.405312 -0.493557
 H -4.471668 -1.047110 -1.776427
 H 3.613417 -2.911517 5.888527
 H 3.232569 -1.846355 4.800259
 H -6.395640 4.941878 -4.912219
 H -5.626853 4.727789 -6.216908
 H 0.339173 3.066228 -1.033272
 H 0.500269 4.285271 -1.933897
 H -5.558919 0.266591 3.805299
 H -4.824573 1.353161 4.664344
 H 0.190910 6.318176 5.109190
 H 0.049687 5.129314 6.081295
 H -0.450325 -5.499165 -2.495376
 H -0.879332 -5.714368 -3.934341
 H 2.610441 1.117582 3.351457
 H 1.419227 0.178625 3.635552
 H -3.460924 -5.496977 6.376945
 H -1.973854 -5.407199 6.043430
 H 2.048480 -2.036763 1.397057
 H 2.843717 -3.259265 1.846994
 H 3.269656 -6.413149 2.349515
 H 1.735781 -6.493394 2.525951
 H -3.314887 -3.441039 4.063000
 H -4.490862 -2.403878 3.783696
 H -3.767978 -6.515817 0.385584
 H -4.269096 -5.051652 0.252728
 H -4.465022 -5.402117 -3.392907
 H -3.624150 -6.665746 -3.727541
 H 2.269404 -1.786047 -2.103054
 H 1.898712 -3.070152 -1.373655
 H -1.156367 2.997560 0.923868
 H -1.656036 1.519188 1.047219
 H -0.318938 -1.398831 1.315110
 H -0.842781 -1.654187 2.712583
 H 1.080289 -3.883507 3.384757
 H -0.397575 -3.853537 3.064230
 H 6.153841 -4.870854 -5.137747
 H 5.717589 -3.324715 -4.746193
 H 5.788878 5.385282 2.994285
 H 6.299771 5.017787 1.681854
 H 5.445563 -2.345788 2.689817
 H 6.270610 -3.694159 2.685309
 H -2.342170 -2.751162 -4.156527
 H -3.770908 -2.939815 -4.656125
 H -0.368762 2.882841 -4.168298
 H -1.305829 1.755663 -4.744902
 H 4.785527 2.611171 3.181821
 H 3.475541 3.193196 2.629256
 H 2.835313 1.050441 -3.882820
 H 1.836988 2.113817 -3.402860
 H -4.998821 2.121810 -5.447851
 H -3.979530 3.098876 -6.062315
 H 4.113552 -5.081296 -1.425999
 H 5.397936 -5.799464 -1.042379
 H 2.755734 -1.272588 -5.196975
 H 1.253882 -0.993378 -5.172074
 H -1.989457 -0.506647 -5.516234
 H -2.886274 0.630135 -4.984754
 H 0.943708 0.627204 1.010874
 H 1.360980 -0.379496 -0.142135
 H 3.994838 -2.191735 -3.324735
 H 5.370720 -1.646218 -2.951568
 H 5.371206 0.999623 -0.410279
 H 5.919010 -0.376655 -0.575913
 H -0.684415 3.969272 2.479743
 H -0.714166 5.381002 2.107978
 H -4.695895 0.824102 -3.128352
 H -6.094141 0.718472 -3.904453
 H 0.470140 -4.736425 -0.608334
 H 1.167694 -3.825410 0.521522
 H 3.652402 3.945156 -4.533182
 H 4.645125 2.830708 -4.945718
 H 3.355492 5.162063 4.926518
 H 2.726175 6.076200 5.997457
 H -5.668721 3.888239 -1.061404
 H -4.686661 4.642625 -1.855610
 H 0.018895 0.282186 -2.174955
 H -1.261517 0.632208 -1.363394
 H -2.970348 -3.041187 -1.963841
 H -2.497640 -4.193646 -1.186454
 H -3.465647 5.782171 2.946349
 H -2.706457 5.829009 4.243759
 H -1.405103 2.038600 3.474699
 H -2.186313 3.285253 3.546743
 H -2.115597 -1.097606 -0.556141
 H -3.057217 -0.059039 0.168404
 H -2.507750 -2.284890 4.960939
 H -1.101878 -2.982193 5.228127
 H 1.451983 1.550205 5.429904
 H 0.206556 2.468164 5.519806
 H -5.169605 3.580510 2.252231
 H -3.882354 2.956938 1.630879
 H 3.378127 4.683027 -0.235991
 H 2.843252 4.150659 -1.561817
 H 3.600864 -5.705976 -3.799525
 H 2.187065 -5.176049 -3.664475
 H -2.477943 3.936236 -3.078647
 H -1.881372 4.251962 -1.708831
 H 5.940893 -0.226877 5.627122
 H 4.596470 0.285365 5.305864
 H -2.552582 -0.591541 2.157894
 H -3.782670 0.376201 2.612887
 H 0.082628 -3.013479 -2.481183
 H -0.554913 -2.023388 -1.472425
 H 0.341024 -3.235353 -4.575455
 H 0.786782 -2.956320 -5.965852
 H 4.968487 -5.805645 4.954650
 H 6.484807 -5.607829 4.836961
 H 5.838532 -3.352333 0.286109
 H 4.741100 -2.327831 0.329185
 H 4.748229 -0.141284 1.639862
 H 3.866248 -0.459018 2.996554
 H 1.331271 3.965190 -5.202432
 H 1.585003 5.184099 -4.380672
 H -1.073774 -6.663615 0.208099
 H -1.333385 -5.106673 0.462309
 H -5.291061 -1.932311 -6.532616
 H -4.705757 -0.992233 -5.470699
 H -4.142609 2.181567 -1.047904
 H -4.783259 1.349919 0.093786
 H 5.820263 2.288779 -2.584567
 H 4.318519 1.960926 -2.456902
 H 3.739542 -0.086678 -0.750913
 H 2.601149 0.314559 -1.815483
 H -6.141383 -0.916644 1.582895
 H -4.851965 -1.522407 2.111898
 H 0.806832 3.227682 1.359383
 H 2.158568 2.956513 0.757442
K_POINTS
 1
0.0 0.0 0.0 1.0