
&control
    calculation='scf'
    pseudo_dir = './',
    outdir='./outputs',
    disk_io='high'
/
&system
    ibrav= 1, celldm(1)=20.000000, nat=  192, ntyp= 2,
    ecutwfc = 30.0, nosym=.true., occupations='smearing',
    smearing='m-v', degauss=0.025
/
&electrons
    conv_thr =  1.0d-8,
    mixing_beta = 0.7
/
&ions
    pot_extrapolation='second-order'
    wfc_extrapolation='second-order'
    ion_temperature = 'andersen'
    tempw = 1000

/
ATOMIC_SPECIES
 H  1.01  H.blyp-hgh.UPF
 O  16.0  O.blyp-hgh.UPF
ATOMIC_POSITIONS bohr
 O -5.587291 -1.625120 -0.582486
 O 3.031280 -2.463448 6.194239
 O -5.705958 6.719097 -5.585395
 O 1.636853 2.708850 -1.073038
 O -4.983322 0.995755 4.111036
 O 0.220437 5.944814 5.871867
 O -1.485854 -5.842674 -2.525575
 O 3.290643 1.321821 4.703976
 O -2.965646 -6.721146 5.454823
 O 1.862560 -2.535036 3.715830
 O 2.665999 -6.480865 2.277009
 O -3.226571 -3.614586 4.709749
 O -4.548707 -7.005137 0.052715
 O -3.755722 -4.238018 -3.982847
 O 2.397907 -4.078553 -1.858754
 O -1.714807 3.099941 -1.342524
 O -1.236320 -2.895061 1.637139
 O 0.163378 -4.871209 3.578784
 O 4.339087 -4.235316 -4.622037
 O 4.695343 4.519748 2.163193
 O 5.228380 -3.962258 3.943629
 O -2.459915 -2.033425 -3.039316
 O -1.094716 3.326775 -4.611460
 O 4.428299 1.713545 1.467529
 O 2.906725 1.518486 -3.446869
 O -4.579789 3.469700 -5.369599
 O 4.905430 -5.617142 0.268643
 O 0.690790 -0.683474 -6.004515
 O -2.568487 0.537152 -5.186599
 O 0.587926 -0.766412 1.665657
 O 5.903202 -2.108104 -3.825320
 O 4.302185 -0.231818 -1.418591
 O 0.319431 4.419604 3.915160
 O -4.608327 0.272962 -3.192243
 O -0.036924 -4.014915 -0.784410
 O 5.404516 4.118252 -7.430196
 O 3.967931 6.605713 5.509302
 O -5.721877 5.734822 -2.232755
 O -0.024635 1.150735 -2.693191
 O -4.293230 -4.151501 -0.942746
 O -2.934242 5.769494 2.679653
 O -2.870653 3.041456 3.763938
 O -2.019811 -1.397612 -0.479030
 O -1.681917 -1.493625 5.272945
 O 0.354747 2.347406 5.581200
 O -4.474817 3.002121 1.647996
 O 3.670463 5.058892 -1.935523
 O 1.319538 -5.679249 -3.670526
 O -2.934983 4.623527 -3.225006
 O 5.532809 1.156076 6.696490
 O -1.361639 0.838446 2.102206
 O 0.173460 -1.759848 -3.601663
 O 0.189204 -3.671289 -5.601941
 O 7.262282 -6.494479 4.002741
 O 3.813016 -2.847909 1.243476
 O 6.071781 -1.388009 2.971699
 O 1.665973 3.853350 -4.091524
 O -1.737700 -7.473612 0.848789
 O -4.649516 -1.354319 -6.963170
 O -4.372178 1.491381 -0.713872
 O 5.175204 3.700207 -4.466470
 O 1.447366 -1.118075 -1.238668
 O -5.065981 -3.986787 2.289003
 O 1.751360 2.863429 2.207907
 H -5.089853 -2.495962 -0.598843
 H -4.840151 -0.998099 -0.449274
 H 2.515078 -2.346631 7.016177
 H 2.377561 -2.467362 5.433617
 H -5.383510 5.830380 -5.374388
 H -5.210800 7.402271 -5.081739
 H 2.439380 3.261374 -1.283058
 H 0.927481 3.333250 -0.824103
 H -5.620884 0.332803 4.470197
 H -4.255553 0.783328 4.750277
 H 0.500144 6.889355 5.875705
 H 0.285813 5.759000 6.830901
 H -1.100349 -6.721503 -2.305810
 H -0.875978 -5.640564 -3.255514
 H 3.803396 1.883238 4.087600
 H 3.341963 0.401436 4.393819
 H -3.018028 -7.397926 6.155772
 H -2.129292 -6.249209 5.657759
 H 1.485360 -1.768952 3.165611
 H 2.739903 -2.514180 3.285887
 H 1.932930 -6.048973 2.761968
 H 3.057697 -5.878512 1.613638
 H -3.228149 -4.591090 4.855303
 H -3.135719 -3.506975 3.736971
 H -4.608467 -7.968109 0.235876
 H -5.021601 -6.818373 -0.827006
 H -3.080795 -3.516916 -3.783921
 H -3.320520 -4.997010 -3.521718
 H 2.993296 -3.533668 -2.406648
 H 1.716724 -3.562846 -1.377731
 H -2.009398 3.761377 -2.040928
 H -1.632617 3.544332 -0.487931
 H -1.551284 -2.260739 0.913831
 H -0.408466 -2.377262 1.909953
 H 0.513857 -3.965760 3.401121
 H -0.498262 -4.982482 2.863190
 H 4.925172 -4.958916 -4.912203
 H 3.898467 -3.672927 -5.291649
 H 3.854786 4.844155 2.614936
 H 5.365702 5.164197 2.465066
 H 5.719303 -3.118437 3.963048
 H 4.670619 -4.138033 4.727849
 H -1.485030 -1.874959 -3.302746
 H -2.936173 -1.235593 -3.387739
 H -0.146121 3.146588 -4.402529
 H -1.380686 2.467697 -5.004475
 H 5.199471 2.303326 1.557788
 H 3.638065 2.307004 1.460040
 H 2.420244 0.690775 -3.470625
 H 2.387197 2.318304 -3.608488
 H -5.160124 3.751099 -6.132606
 H -5.049804 2.597246 -5.324251
 H 5.095793 -6.371207 0.870845
 H 5.766474 -5.247600 -0.014313
 H -0.037128 -0.728393 -6.668907
 H 1.254228 0.055994 -6.298073
 H -2.913183 -0.128971 -5.820242
 H -3.298410 1.180644 -5.133856
 H -0.130919 -0.109300 1.782747
 H 0.921226 -0.771399 0.745001
 H 5.659806 -2.980982 -4.195926
 H 6.442495 -2.228217 -3.029604
 H 4.204550 0.476592 -0.753435
 H 5.196881 -0.586349 -1.328498
 H 0.235738 5.078348 4.659171
 H -0.532077 4.014650 3.945720
 H -4.266473 -0.018925 -2.328563
 H -5.355520 -0.324547 -3.403252
 H -0.516604 -4.082217 -1.624743
 H -0.769942 -3.771972 -0.175439
 H 5.622176 5.047899 -7.263299
 H 5.399912 4.046707 -8.407585
 H 3.223064 6.088609 5.157595
 H 3.698002 6.442448 6.433900
 H -6.287988 4.962010 -2.359954
 H -4.774691 5.747275 -2.396522
 H -0.919878 1.517547 -2.715446
 H 0.542866 1.859497 -2.285268
 H -3.582289 -4.043561 -1.601496
 H -3.961131 -4.382736 -0.059571
 H -3.637630 5.588713 2.016797
 H -3.460877 5.908038 3.493314
 H -2.473112 3.760657 3.211594
 H -3.596640 3.544267 4.182338
 H -2.063976 -1.557525 -1.469843
 H -2.000981 -0.429276 -0.374955
 H -2.050913 -1.915763 4.481927
 H -1.626599 -2.197394 5.947755
 H 0.886557 2.941481 5.017842
 H -0.605331 2.576155 5.650880
 H -4.734583 2.671180 2.529031
 H -3.798818 2.370134 1.337483
 H 3.894810 5.879008 -1.451504
 H 3.920063 5.306624 -2.840423
 H 0.786850 -4.874235 -3.837900
 H 1.802278 -5.383257 -2.845783
 H -3.791097 4.368417 -3.612049
 H -2.278544 4.185134 -3.851418
 H 5.226639 0.606771 7.455824
 H 4.806966 1.091105 6.039502
 H -1.987327 1.443543 2.557852
 H -0.808970 1.560969 1.793977
 H 0.552023 -1.332491 -2.811331
 H 0.227701 -1.164078 -4.407134
 H 0.835643 -3.496573 -4.883187
 H 0.664574 -3.278482 -6.376771
 H 7.105250 -6.235693 4.949013
 H 6.908811 -5.654281 3.598851
 H 4.372344 -3.633840 1.017246
 H 3.626382 -2.556136 0.332305
 H 6.150682 -0.596656 2.401612
 H 5.090546 -1.458291 2.978730
 H 1.702652 3.572598 -5.028488
 H 1.543370 4.824359 -3.905231
 H -1.211114 -7.064562 1.563939
 H -2.268811 -6.740382 0.474855
 H -5.480474 -1.635784 -6.536529
 H -4.160217 -2.210137 -7.088227
 H -4.243807 2.388115 -1.065449
 H -5.330619 1.289821 -0.615868
 H 4.828916 4.413416 -5.036190
 H 5.147691 2.863183 -4.986126
 H 2.422074 -1.015554 -1.272399
 H 1.138583 -0.265903 -1.618831
 H -4.124431 -3.985561 1.969525
 H -5.513351 -3.150260 2.028834
 H 1.682478 3.834940 2.435152
 H 1.237277 2.927881 1.364496
K_POINTS
 1
0.0 0.0 0.0 1.0