
&control
    calculation='scf'
    pseudo_dir = './',
    outdir='./outputs',
    disk_io='high'
/
&system
    ibrav= 1, celldm(1)=20.000000, nat=  192, ntyp= 2,
    ecutwfc = 30.0, nosym=.true., occupations='smearing',
    smearing='m-v', degauss=0.025
/
&electrons
    conv_thr =  1.0d-8,
    mixing_beta = 0.7
/
&ions
    pot_extrapolation='second-order'
    wfc_extrapolation='second-order'
    ion_temperature = 'andersen'
    tempw = 1000

/
ATOMIC_SPECIES
 H  1.01  H.blyp-hgh.UPF
 O  16.0  O.blyp-hgh.UPF
ATOMIC_POSITIONS bohr
 O -5.589061 -1.625608 -0.580972
 O 3.034018 -2.461704 6.195391
 O -5.707157 6.721145 -5.586768
 O 1.639688 2.707699 -1.073272
 O -4.983193 0.995217 4.113565
 O 0.221644 5.944130 5.873298
 O -1.486766 -5.843867 -2.525209
 O 3.293204 1.321747 4.703741
 O -2.964489 -6.722123 5.454880
 O 1.860769 -2.534456 3.715102
 O 2.665030 -6.478004 2.276212
 O -3.224703 -3.613743 4.712189
 O -4.546888 -7.004691 0.050506
 O -3.754677 -4.235970 -3.985156
 O 2.398014 -4.080568 -1.858949
 O -1.714581 3.100189 -1.344139
 O -1.236160 -2.895026 1.636168
 O 0.160890 -4.871343 3.579336
 O 4.338900 -4.233878 -4.620870
 O 4.696261 4.517350 2.162744
 O 5.227061 -3.962811 3.945783
 O -2.460244 -2.031276 -3.038222
 O -1.094085 3.327315 -4.613491
 O 4.428900 1.713762 1.464739
 O 2.907134 1.519788 -3.446882
 O -4.579931 3.471244 -5.369814
 O 4.904707 -5.615915 0.271512
 O 0.689624 -0.685266 -6.006073
 O -2.570691 0.537467 -5.187264
 O 0.587335 -0.767143 1.665726
 O 5.905701 -2.106549 -3.823886
 O 4.301130 -0.232202 -1.419356
 O 0.317991 4.418120 3.913625
 O -4.609449 0.270947 -3.190718
 O -0.037527 -4.016601 -0.784229
 O 5.407045 4.116814 -7.434124
 O 3.969364 6.605306 5.507831
 O -5.724217 5.736430 -2.231773
 O -0.024554 1.151669 -2.693331
 O -4.293821 -4.152724 -0.941603
 O -2.934241 5.771510 2.679681
 O -2.870824 3.039572 3.762127
 O -2.022226 -1.394205 -0.478072
 O -1.683379 -1.492913 5.273469
 O 0.356396 2.347621 5.579521
 O -4.474371 3.000410 1.649858
 O 3.670158 5.059972 -1.935946
 O 1.317663 -5.678604 -3.669522
 O -2.938262 4.624671 -3.225468
 O 5.535064 1.156765 6.697282
 O -1.361718 0.840518 2.104340
 O 0.174507 -1.759496 -3.601075
 O 0.188120 -3.672980 -5.601548
 O 7.262547 -6.495628 4.003241
 O 3.813607 -2.848098 1.243776
 O 6.071844 -1.388992 2.971590
 O 1.667186 3.853938 -4.090272
 O -1.736722 -7.474797 0.848469
 O -4.647401 -1.353526 -6.965323
 O -4.373230 1.491341 -0.713929
 O 5.173849 3.700951 -4.469106
 O 1.446911 -1.119249 -1.236470
 O -5.067275 -3.989714 2.287254
 O 1.751330 2.861872 2.209254
 H -5.088251 -2.494276 -0.598429
 H -4.842666 -1.000467 -0.434618
 H 2.517258 -2.343147 7.016027
 H 2.380802 -2.469514 5.434741
 H -5.382384 5.832802 -5.377615
 H -5.207792 7.402866 -5.085398
 H 2.438863 3.264828 -1.282728
 H 0.924442 3.325091 -0.822756
 H -5.616866 0.330226 4.472313
 H -4.255975 0.781825 4.752444
 H 0.499904 6.889675 5.877027
 H 0.290317 5.754659 6.831954
 H -1.107267 -6.726525 -2.308758
 H -0.875456 -5.640204 -3.254190
 H 3.802618 1.884613 4.089239
 H 3.347917 0.399880 4.398881
 H -3.025057 -7.398048 6.154613
 H -2.129065 -6.248735 5.661866
 H 1.484617 -1.768753 3.165110
 H 2.735477 -2.513635 3.285088
 H 1.934318 -6.042938 2.761214
 H 3.056978 -5.880130 1.608291
 H -3.226096 -4.592010 4.853552
 H -3.137777 -3.513476 3.739646
 H -4.609025 -7.968189 0.228937
 H -5.017723 -6.808125 -0.827188
 H -3.085321 -3.510322 -3.781222
 H -3.318023 -4.996836 -3.527191
 H 2.994128 -3.534732 -2.405171
 H 1.714912 -3.571718 -1.375744
 H -1.999041 3.757344 -2.047305
 H -1.628580 3.548184 -0.491220
 H -1.547182 -2.260048 0.913868
 H -0.404465 -2.378305 1.905578
 H 0.518893 -3.968621 3.397487
 H -0.502633 -4.982451 2.864085
 H 4.916775 -4.964508 -4.909566
 H 3.895763 -3.676158 -5.292601
 H 3.856986 4.845682 2.616045
 H 5.364227 5.164072 2.459389
 H 5.714515 -3.116883 3.971059
 H 4.674274 -4.145736 4.731787
 H -1.485305 -1.879444 -3.304075
 H -2.933788 -1.234555 -3.393872
 H -0.144920 3.149591 -4.411057
 H -1.375988 2.464928 -4.998302
 H 5.200780 2.302253 1.555396
 H 3.637917 2.306025 1.455224
 H 2.421902 0.690338 -3.465201
 H 2.388048 2.319229 -3.608181
 H -5.157115 3.753538 -6.134863
 H -5.052801 2.600793 -5.326837
 H 5.094085 -6.372108 0.871775
 H 5.766825 -5.246400 -0.008981
 H -0.033995 -0.728089 -6.675794
 H 1.254260 0.056841 -6.293411
 H -2.912393 -0.130296 -5.818977
 H -3.301112 1.180338 -5.139330
 H -0.133902 -0.112397 1.784016
 H 0.922492 -0.768693 0.745997
 H 5.653450 -2.977996 -4.193064
 H 6.443826 -2.230026 -3.027451
 H 4.207657 0.476202 -0.752249
 H 5.196838 -0.591205 -1.331711
 H 0.230359 5.082380 4.654491
 H -0.534985 4.021166 3.943099
 H -4.266513 -0.022830 -2.328329
 H -5.355977 -0.328719 -3.399063
 H -0.516615 -4.081242 -1.624863
 H -0.770251 -3.767503 -0.177302
 H 5.618637 5.046657 -7.263631
 H 5.396741 4.048245 -8.411195
 H 3.224707 6.086856 5.156144
 H 3.706192 6.435487 6.432288
 H -6.284696 4.958977 -2.361946
 H -4.773221 5.751286 -2.389772
 H -0.918750 1.519001 -2.710223
 H 0.545275 1.856939 -2.283518
 H -3.587779 -4.045041 -1.602568
 H -3.965551 -4.383363 -0.055020
 H -3.635791 5.588741 2.013600
 H -3.464950 5.913440 3.490661
 H -2.478437 3.756715 3.206003
 H -3.593561 3.541282 4.186981
 H -2.062957 -1.550998 -1.469400
 H -2.004468 -0.425428 -0.378310
 H -2.051051 -1.913160 4.480043
 H -1.627585 -2.198792 5.946081
 H 0.887364 2.942372 5.014793
 H -0.604740 2.581757 5.645603
 H -4.730333 2.671275 2.533610
 H -3.796896 2.370812 1.337586
 H 3.891210 5.880823 -1.449619
 H 3.922486 5.310956 -2.839923
 H 0.784424 -4.873498 -3.832690
 H 1.800806 -5.388407 -2.843002
 H -3.796506 4.371540 -3.611436
 H -2.280731 4.180688 -3.848508
 H 5.227817 0.608420 7.455791
 H 4.805371 1.097679 6.044329
 H -1.987733 1.450202 2.550912
 H -0.803579 1.557714 1.788970
 H 0.556798 -1.337407 -2.809545
 H 0.225527 -1.163784 -4.408240
 H 0.833300 -3.496568 -4.880702
 H 0.663180 -3.271972 -6.372709
 H 7.107459 -6.240125 4.951079
 H 6.907044 -5.654721 3.600957
 H 4.370246 -3.636613 1.020222
 H 3.626849 -2.553949 0.333778
 H 6.155393 -0.596948 2.401430
 H 5.089932 -1.459589 2.967611
 H 1.701020 3.574415 -5.028059
 H 1.546974 4.827144 -3.907869
 H -1.207814 -7.073359 1.566255
 H -2.268471 -6.738429 0.482773
 H -5.478452 -1.631673 -6.534988
 H -4.157879 -2.209054 -7.082281
 H -4.247040 2.386803 -1.068442
 H -5.329838 1.278988 -0.623782
 H 4.817566 4.409207 -5.038584
 H 5.147999 2.863606 -4.990580
 H 2.422188 -1.015127 -1.267320
 H 1.141354 -0.266043 -1.617079
 H -4.120735 -3.980005 1.981459
 H -5.513475 -3.152787 2.027283
 H 1.688902 3.835170 2.431821
 H 1.244851 2.925527 1.362041
K_POINTS
 1
0.0 0.0 0.0 1.0