
&control
    calculation='scf'
    pseudo_dir = './',
    outdir='./outputs',
    disk_io='high'
/
&system
    ibrav= 1, celldm(1)=20.000000, nat=  192, ntyp= 2,
    ecutwfc = 30.0, nosym=.true., occupations='smearing',
    smearing='m-v', degauss=0.025
/
&electrons
    conv_thr =  1.0d-8,
    mixing_beta = 0.7
/
&ions
    pot_extrapolation='second-order'
    wfc_extrapolation='second-order'
    ion_temperature = 'andersen'
    tempw = 1000

/
ATOMIC_SPECIES
 H  1.01  H.blyp-hgh.UPF
 O  16.0  O.blyp-hgh.UPF
ATOMIC_POSITIONS bohr
 O -5.597416 -1.628058 -0.573365
 O 3.047692 -2.453129 6.201197
 O -5.713593 6.731462 -5.593874
 O 1.653982 2.702126 -1.074300
 O -4.982421 0.992473 4.126613
 O 0.227770 5.941250 5.881258
 O -1.490957 -5.849786 -2.523455
 O 3.306091 1.321354 4.703008
 O -2.958382 -6.726762 5.455422
 O 1.851556 -2.530809 3.711045
 O 2.659933 -6.463764 2.272382
 O -3.215286 -3.609992 4.724253
 O -4.537675 -7.002347 0.039475
 O -3.748972 -4.225900 -3.996385
 O 2.398929 -4.090989 -1.859992
 O -1.713302 3.101193 -1.352642
 O -1.235039 -2.894396 1.631335
 O 0.148506 -4.871841 3.581797
 O 4.338029 -4.226700 -4.614109
 O 4.700975 4.505339 2.160802
 O 5.220387 -3.965681 3.956328
 O -2.461622 -2.020247 -3.032957
 O -1.090987 3.329738 -4.623835
 O 4.431887 1.714646 1.450699
 O 2.910091 1.526038 -3.446926
 O -4.581025 3.478715 -5.371607
 O 4.900970 -5.609604 0.285879
 O 0.683903 -0.694217 -6.014023
 O -2.581629 0.539251 -5.190699
 O 0.584808 -0.771165 1.666324
 O 5.918269 -2.098258 -3.816811
 O 4.295525 -0.234114 -1.423160
 O 0.311469 4.411274 3.905750
 O -4.615130 0.260672 -3.183286
 O -0.040747 -4.024922 -0.783249
 O 5.419658 4.109172 -7.453507
 O 3.976036 6.602885 5.500702
 O -5.736294 5.745355 -2.226687
 O -0.023682 1.156167 -2.694044
 O -4.297300 -4.158670 -0.935715
 O -2.934401 5.781883 2.679948
 O -2.871200 3.030243 3.753211
 O -2.034425 -1.376951 -0.473404
 O -1.690396 -1.489043 5.276235
 O 0.364557 2.348145 5.571682
 O -4.472416 2.991878 1.659002
 O 3.668671 5.065571 -1.938069
 O 1.308130 -5.675448 -3.664505
 O -2.954818 4.630235 -3.228102
 O 5.546384 1.160104 6.701508
 O -1.362488 0.851450 2.114948
 O 0.179425 -1.758035 -3.598470
 O 0.183071 -3.681492 -5.599900
 O 7.263205 -6.500669 4.005894
 O 3.816768 -2.849286 1.245083
 O 6.071638 -1.393654 2.970876
 O 1.673085 3.856897 -4.083867
 O -1.731203 -7.480928 0.846265
 O -4.636836 -1.349790 -6.975764
 O -4.378472 1.490627 -0.713977
 O 5.166966 3.704992 -4.482094
 O 1.444674 -1.124905 -1.225444
 O -5.073208 -4.004566 2.278195
 O 1.750993 2.854705 2.215480
 H -5.082046 -2.485538 -0.597445
 H -4.856494 -1.012753 -0.361097
 H 2.527647 -2.323481 7.013920
 H 2.398896 -2.479361 5.441378
 H -5.375442 5.845052 -5.390885
 H -5.190309 7.404483 -5.103122
 H 2.433638 3.281274 -1.281069
 H 0.910122 3.284993 -0.816857
 H -5.596823 0.318076 4.480787
 H -4.258692 0.775809 4.760229
 H 0.497167 6.891387 5.882061
 H 0.312515 5.731146 6.836335
 H -1.144192 -6.749980 -2.321769
 H -0.872935 -5.637242 -3.248240
 H 3.798504 1.890095 4.095810
 H 3.378002 0.393047 4.422453
 H -3.060082 -7.399167 6.149417
 H -2.127755 -6.248051 5.682335
 H 1.479287 -1.769940 3.165105
 H 2.716123 -2.514682 3.280236
 H 1.940641 -6.011002 2.756379
 H 3.052009 -5.887420 1.582532
 H -3.216696 -4.594399 4.845198
 H -3.148718 -3.546390 3.753728
 H -4.612298 -7.967699 0.194930
 H -4.998614 -6.758808 -0.823098
 H -3.111283 -3.477300 -3.768952
 H -3.306418 -4.995789 -3.556413
 H 2.997134 -3.539229 -2.396826
 H 1.704958 -3.614790 -1.365913
 H -1.948866 3.735746 -2.075246
 H -1.609148 3.570780 -0.506228
 H -1.527204 -2.258450 0.915234
 H -0.388410 -2.385757 1.882085
 H 0.544614 -3.984323 3.380010
 H -0.524084 -4.982126 2.869942
 H 4.875533 -4.990793 -4.899314
 H 3.883299 -3.694062 -5.301581
 H 3.869882 4.853381 2.618322
 H 5.358339 5.163463 2.431857
 H 5.689848 -3.110163 4.013232
 H 4.693780 -4.182905 4.751577
 H -1.487084 -1.902304 -3.311004
 H -2.921676 -1.230413 -3.424875
 H -0.138786 3.166208 -4.452595
 H -1.353650 2.451179 -4.966497
 H 5.206494 2.297979 1.543211
 H 3.638102 2.300587 1.432019
 H 2.427438 0.689239 -3.438675
 H 2.389385 2.323963 -3.606693
 H -5.140413 3.767282 -6.145034
 H -5.066352 2.618624 -5.336576
 H 5.086032 -6.376456 0.874821
 H 5.768343 -5.241896 0.018148
 H -0.019200 -0.726460 -6.709569
 H 1.253465 0.062058 -6.269458
 H -2.907734 -0.137508 -5.813467
 H -3.315098 1.178209 -5.165407
 H -0.148698 -0.129045 1.790570
 H 0.928236 -0.755153 0.750152
 H 5.620712 -2.964238 -4.177325
 H 6.450382 -2.241394 -3.016213
 H 4.224032 0.474117 -0.746268
 H 5.197358 -0.616634 -1.346606
 H 0.205057 5.102306 4.629879
 H -0.556296 4.049435 3.928864
 H -4.267602 -0.040791 -2.326423
 H -5.357736 -0.349544 -3.378566
 H -0.516561 -4.077964 -1.626613
 H -0.769310 -3.744613 -0.184532
 H 5.599733 5.041806 -7.266491
 H 5.381151 4.055990 -8.429309
 H 3.232966 6.078074 5.144228
 H 3.748975 6.403269 6.426537
 H -6.265606 4.940789 -2.373784
 H -4.765666 5.767397 -2.359939
 H -0.914401 1.527131 -2.682842
 H 0.556307 1.843205 -2.274823
 H -3.613727 -4.052663 -1.606897
 H -3.985789 -4.387188 -0.034227
 H -3.625111 5.588692 1.998061
 H -3.486210 5.940247 3.478213
 H -2.506869 3.737456 3.177889
 H -3.577889 3.525432 4.210432
 H -2.058723 -1.519334 -1.465526
 H -2.021749 -0.405944 -0.394313
 H -2.051182 -1.900682 4.471192
 H -1.633043 -2.206515 5.936438
 H 0.887680 2.947873 4.997873
 H -0.596426 2.610747 5.616629
 H -4.708180 2.671177 2.556192
 H -3.788677 2.374036 1.338032
 H 3.873230 5.889570 -1.438109
 H 3.934216 5.330830 -2.838386
 H 0.773219 -4.871410 -3.807341
 H 1.793891 -5.413440 -2.829007
 H -3.823820 4.385272 -3.608968
 H -2.292688 4.159344 -3.833314
 H 5.233811 0.617588 7.454742
 H 4.796199 1.131331 6.067774
 H -1.992664 1.480959 2.519503
 H -0.772879 1.542644 1.761904
 H 0.581514 -1.361713 -2.800719
 H 0.216025 -1.162230 -4.411764
 H 0.819506 -3.494803 -4.868819
 H 0.653844 -3.240264 -6.351055
 H 7.120193 -6.262505 4.960470
 H 6.899044 -5.658204 3.610643
 H 4.358655 -3.650352 1.037494
 H 3.628250 -2.541354 0.341350
 H 6.180932 -0.598756 2.401029
 H 5.088105 -1.467734 2.911191
 H 1.692791 3.586610 -5.026243
 H 1.565709 4.838578 -3.923870
 H -1.192567 -7.117811 1.577190
 H -2.266827 -6.730080 0.522571
 H -5.467727 -1.610399 -6.526779
 H -4.146904 -2.202882 -7.052939
 H -4.264213 2.380040 -1.084196
 H -5.324109 1.228225 -0.664257
 H 4.761185 4.385966 -5.051162
 H 5.148986 2.865961 -5.012898
 H 2.424528 -1.012629 -1.242216
 H 1.154092 -0.265168 -1.606990
 H -4.106601 -3.951002 2.041809
 H -5.512660 -3.164899 2.020264
 H 1.721433 3.832899 2.417001
 H 1.284904 2.911314 1.350274
K_POINTS
 1
0.0 0.0 0.0 1.0