
&control
    calculation='scf'
    pseudo_dir = './',
    outdir='./outputs',
    disk_io='high'
/
&system
    ibrav= 1, celldm(1)=20.000000, nat=  192, ntyp= 2,
    ecutwfc = 30.0, nosym=.true., occupations='smearing',
    smearing='m-v', degauss=0.025
/
&electrons
    conv_thr =  1.0d-8,
    mixing_beta = 0.7
/
&ions
    pot_extrapolation='second-order'
    wfc_extrapolation='second-order'
    ion_temperature = 'andersen'
    tempw = 1000

/
ATOMIC_SPECIES
 H  1.01  H.blyp-hgh.UPF
 O  16.0  O.blyp-hgh.UPF
ATOMIC_POSITIONS bohr
 O -5.238762 -1.545433 -1.187084
 O 3.996650 -2.212284 5.402623
 O -5.718606 5.217910 -5.570246
 O -0.157213 3.549321 -1.584238
 O -4.727419 0.695269 3.832126
 O -0.242479 5.421151 5.176880
 O -0.132927 -5.365704 -3.402800
 O 2.267893 0.349515 3.703571
 O -2.860152 -5.302491 5.615442
 O 1.856803 -3.049184 1.602089
 O 2.499495 -6.063418 2.904926
 O -4.243123 -3.056966 4.337324
 O -4.417474 -5.972813 0.713080
 O -3.553438 -5.678416 -3.615797
 O 2.029454 -2.741901 -2.091076
 O -1.743795 2.532421 1.498776
 O -1.017551 -1.378375 1.647080
 O 0.266226 -4.235395 3.628716
 O 5.447830 -4.100798 -4.937651
 O 5.650414 4.790441 2.181331
 O 6.042320 -2.949039 3.256869
 O -3.224356 -3.041202 -3.799340
 O -0.919084 2.567671 -4.933409
 O 3.862828 2.347337 2.824067
 O 2.317492 1.276695 -3.115990
 O -4.929740 2.875229 -6.117218
 O 4.422873 -5.934019 -1.257477
 O 1.937196 -1.328114 -4.576325
 O -2.022320 0.271988 -4.828694
 O 0.834818 -0.317014 0.613354
 O 4.796047 -1.771049 -3.814619
 O 5.176084 0.052245 -0.000646
 O -0.363508 4.437370 1.812462
 O -5.328337 0.722146 -3.986086
 O 0.737717 -3.790018 -0.335620
 O 4.637144 3.388630 -4.254970
 O 3.581611 5.493602 5.800257
 O -5.053544 3.582790 -1.715180
 O -0.427101 1.041937 -1.559049
 O -2.953108 -3.276812 -1.206652
 O -2.591661 5.443056 3.404847
 O -1.487298 2.789043 3.736285
 O -2.647041 -0.198283 -0.651594
 O -1.514175 -2.230631 4.936503
 O 0.782697 1.753300 4.837187
 O -4.852386 3.436221 1.460241
 O 2.760325 3.879210 -0.524674
 O 2.668664 -5.939872 -3.534828
 O -2.683349 4.606454 -2.311098
 O 5.729162 0.501472 5.252751
 O -3.176344 0.148945 1.961531
 O -0.625057 -2.457267 -2.237487
 O 0.028252 -3.187366 -5.510116
 O 5.659357 -5.980597 4.472292
 O 5.190838 -2.952188 -0.232984
 O 4.727831 -0.693912 2.391167
 O 1.024805 4.300695 -4.388129
 O -0.564226 -5.727294 0.467880
 O -5.594031 -1.324643 -5.809746
 O -4.627865 1.509617 -0.962577
 O 5.237001 1.728311 -2.856208
 O 2.674950 -0.253603 -0.915918
 O -5.311511 -1.163193 1.172660
 O 1.493248 2.759887 1.414587
 H -4.726802 -1.810292 -0.404907
 H -4.578396 -1.514961 -1.897843
 H 3.494702 -2.999717 5.669657
 H 3.313375 -1.575789 5.121689
 H -6.201023 4.832549 -4.817340
 H -5.997994 4.668528 -6.323352
 H 0.339843 3.289270 -0.781803
 H 0.415311 4.201996 -2.021686
 H -5.424816 0.017139 3.786571
 H -5.121670 1.384283 4.397306
 H 0.212902 6.282615 5.157788
 H -0.229835 5.158971 6.115908
 H -0.359972 -5.660605 -2.505417
 H -0.745726 -5.862568 -3.970118
 H 2.402603 1.198781 3.235982
 H 1.393833 0.051881 3.399952
 H -3.500327 -5.614005 6.282697
 H -2.005930 -5.319876 6.081392
 H 1.940199 -2.073785 1.622777
 H 2.768489 -3.377326 1.652033
 H 3.290874 -6.192691 2.353376
 H 1.830277 -6.649563 2.504142
 H -3.649799 -3.510692 3.715829
 H -4.245684 -2.132619 4.032310
 H -3.476596 -6.149697 0.541461
 H -4.559988 -5.079772 0.345877
 H -4.463367 -5.644769 -3.275832
 H -3.502951 -6.543792 -4.055686
 H 2.154464 -1.774047 -2.033448
 H 2.478706 -3.085446 -1.301465
 H -1.607544 3.132062 0.749304
 H -1.362400 1.685296 1.201664
 H -0.390691 -1.952190 1.175529
 H -0.920983 -1.631331 2.583468
 H 0.876344 -3.558273 3.965774
 H -0.354730 -3.730111 3.075872
 H 5.897409 -4.708621 -5.551785
 H 6.171402 -3.673477 -4.449701
 H 5.447117 5.605557 2.682389
 H 5.926486 5.103801 1.303484
 H 5.323556 -2.692792 2.651882
 H 6.580101 -3.577904 2.749562
 H -2.406235 -2.835748 -4.285429
 H -3.932570 -2.952174 -4.458635
 H -0.514985 2.975949 -4.145854
 H -0.605730 1.644356 -4.910371
 H 4.672472 2.475519 3.349728
 H 3.430825 3.218786 2.836202
 H 2.898429 1.068686 -3.869752
 H 2.178395 2.238271 -3.170277
 H -4.985319 2.508898 -5.214440
 H -3.987529 3.092116 -6.233229
 H 4.221328 -5.037610 -1.587468
 H 5.381017 -5.912849 -1.093531
 H 2.749143 -1.091634 -5.062744
 H 1.212023 -0.998378 -5.135879
 H -2.146171 -0.464102 -5.450318
 H -2.863159 0.759538 -4.864573
 H 1.340387 0.494616 0.776272
 H 1.132299 -0.590133 -0.269884
 H 4.016297 -2.199812 -3.409314
 H 5.435686 -1.710250 -3.080630
 H 5.099063 1.016952 -0.080923
 H 5.932718 -0.185608 -0.589403
 H -0.555427 4.082590 2.708124
 H -0.312524 5.399540 1.934251
 H -4.711582 1.206493 -3.409321
 H -5.993722 0.378532 -3.358707
 H 0.754554 -4.700335 -0.662165
 H 0.684866 -3.891713 0.627797
 H 3.720657 3.625569 -4.042635
 H 4.562463 2.805920 -5.030241
 H 3.194581 4.886905 5.144583
 H 2.870239 6.134717 5.965372
 H -5.857896 3.903447 -1.273258
 H -4.821119 4.290488 -2.343874
 H -0.001043 0.381233 -2.130334
 H -1.296572 1.175836 -1.970166
 H -3.145750 -3.323953 -2.170252
 H -2.805765 -4.199939 -0.952596
 H -3.192442 5.882220 2.778379
 H -2.457938 6.103907 4.115407
 H -1.575594 1.825012 3.813204
 H -2.382702 3.095567 3.521208
 H -2.385631 -1.057581 -0.282708
 H -2.796740 0.351587 0.138098
 H -2.366353 -2.099312 5.385228
 H -1.331575 -3.179503 5.064557
 H 1.638702 1.739805 5.293093
 H 0.172546 2.185401 5.466653
 H -5.359610 3.362905 2.285776
 H -3.934517 3.220948 1.717029
 H 3.365370 4.549753 -0.156681
 H 2.811500 4.028117 -1.482804
 H 3.582690 -6.041020 -3.861227
 H 2.275650 -5.274735 -4.126122
 H -2.570678 3.896554 -2.967857
 H -2.143586 4.300583 -1.557148
 H 5.948740 0.249505 6.173108
 H 4.760087 0.459340 5.217865
 H -2.943854 -0.651467 2.454648
 H -3.615063 0.718396 2.624454
 H -0.113661 -3.274395 -2.337369
 H -0.223301 -2.037443 -1.462786
 H 0.432872 -3.501530 -4.678845
 H 0.759274 -3.196418 -6.148482
 H 4.982887 -5.470872 4.947913
 H 6.492337 -5.744492 4.913712
 H 5.655753 -3.584057 0.339305
 H 4.572120 -2.505553 0.368506
 H 4.203920 -0.552239 1.584551
 H 4.367551 -0.042745 3.017221
 H 1.449994 3.704069 -5.028110
 H 1.756893 4.866830 -4.048777
 H -0.890692 -6.346921 -0.208759
 H -1.356522 -5.241768 0.753017
 H -5.376153 -2.035078 -6.440846
 H -4.734041 -0.997959 -5.493289
 H -3.859348 2.093144 -1.046208
 H -4.832110 1.536186 -0.011696
 H 5.774221 2.539400 -2.887769
 H 4.403216 2.011444 -2.449211
 H 3.464621 -0.697745 -0.555379
 H 3.039727 0.407060 -1.532286
 H -5.919294 -0.571805 1.656213
 H -4.862072 -1.660236 1.870766
 H 1.488644 3.726378 1.530788
 H 2.306700 2.579220 0.913153
K_POINTS
 1
0.0 0.0 0.0 1.0