
&control
    calculation='scf'
    pseudo_dir = './',
    outdir='./outputs',
    disk_io='high'
/
&system
    ibrav= 1, celldm(1)=20.000000, nat=  192, ntyp= 2,
    ecutwfc = 30.0, nosym=.true., occupations='smearing',
    smearing='m-v', degauss=0.025
/
&electrons
    conv_thr =  1.0d-8,
    mixing_beta = 0.7
/
&ions
    pot_extrapolation='second-order'
    wfc_extrapolation='second-order'
    ion_temperature = 'andersen'
    tempw = 1000

/
ATOMIC_SPECIES
 H  1.01  H.blyp-hgh.UPF
 O  16.0  O.blyp-hgh.UPF
ATOMIC_POSITIONS bohr
 O -5.261834 -1.545218 -1.468226
 O 3.947546 -2.145411 5.389338
 O -5.737296 5.376908 -5.493454
 O -0.178512 3.718916 -1.536258
 O -4.721212 0.756773 3.889903
 O -0.233790 5.449326 5.211135
 O -0.128018 -5.389337 -3.405668
 O 2.393882 0.197470 3.619975
 O -2.852126 -5.292253 5.642130
 O 1.934632 -2.905800 1.832009
 O 2.537708 -6.093545 2.906313
 O -4.115206 -3.031240 4.436552
 O -4.438251 -5.889736 0.722972
 O -3.594561 -5.692527 -3.716673
 O 2.277875 -2.748826 -2.249723
 O -1.930111 2.442752 1.176842
 O -1.187659 -1.618430 1.802110
 O 0.212783 -4.221212 3.730290
 O 5.421011 -4.246425 -4.968725
 O 5.471684 4.902324 2.192710
 O 5.931968 -2.982378 3.257285
 O -3.240682 -2.946571 -3.841037
 O -0.890860 2.626542 -4.942964
 O 3.902902 2.355272 2.872057
 O 2.327780 1.326333 -3.102296
 O -4.879854 2.752004 -6.194520
 O 4.465503 -5.969884 -1.245398
 O 1.981054 -1.297714 -4.604867
 O -2.030351 0.188282 -4.830820
 O 0.896285 -0.325833 0.734295
 O 4.766681 -1.743735 -3.706573
 O 5.182414 0.082554 -0.108980
 O -0.201054 4.573867 1.888242
 O -5.114558 0.723452 -4.004787
 O 0.726788 -3.823077 -0.370993
 O 4.578239 3.654922 -4.427811
 O 3.467298 5.467819 5.850145
 O -5.195938 3.810126 -1.919376
 O -0.372972 1.024942 -1.685957
 O -3.070638 -3.409889 -1.061120
 O -2.628642 5.475188 3.332475
 O -1.519890 2.804341 4.083255
 O -2.618058 -0.277623 -0.695815
 O -1.534731 -2.178904 4.881861
 O 0.665638 1.841843 4.939230
 O -4.748021 3.340909 1.407681
 O 2.866539 3.946900 -0.612730
 O 2.695739 -6.015092 -3.603173
 O -2.585253 4.536759 -2.321963
 O 5.508742 0.616842 5.331312
 O -3.040486 0.246721 1.982236
 O -0.666999 -2.388720 -2.371288
 O 0.010738 -3.303343 -5.487603
 O 5.726690 -5.964606 4.344616
 O 5.036680 -3.087374 -0.211473
 O 4.657264 -0.712101 2.449209
 O 1.135098 4.318900 -4.313643
 O -0.665050 -5.815249 0.457980
 O -5.535485 -1.424479 -5.736122
 O -4.638526 1.352613 -0.866613
 O 5.193501 1.536014 -2.572541
 O 2.811181 -0.282055 -1.064480
 O -5.282642 -1.255015 1.287853
 O 1.558961 2.615787 1.467878
 H -5.139790 -1.404575 -0.496762
 H -4.473310 -1.040890 -1.774950
 H 3.615744 -2.909953 5.890862
 H 3.230960 -1.852858 4.796380
 H -6.398600 4.944035 -4.913811
 H -5.620641 4.729199 -6.214013
 H 0.338516 3.062214 -1.039376
 H 0.501576 4.286509 -1.932216
 H -5.562496 0.272647 3.806017
 H -4.818173 1.354105 4.666080
 H 0.190947 6.318861 5.108838
 H 0.053648 5.130575 6.080999
 H -0.451380 -5.496633 -2.495164
 H -0.881179 -5.711073 -3.934325
 H 2.615437 1.115785 3.353617
 H 1.420916 0.180004 3.639273
 H -3.459723 -5.494595 6.379536
 H -1.973052 -5.409157 6.041895
 H 2.050797 -2.037659 1.395625
 H 2.845139 -3.255519 1.849635
 H 3.269187 -6.416859 2.349705
 H 1.734797 -6.491768 2.526444
 H -3.311126 -3.439390 4.067346
 H -4.494498 -2.411826 3.779702
 H -3.774725 -6.520751 0.383812
 H -4.264204 -5.051886 0.251084
 H -4.464403 -5.397339 -3.395629
 H -3.626534 -6.666339 -3.721726
 H 2.273184 -1.786350 -2.104867
 H 1.889805 -3.071440 -1.380888
 H -1.153216 2.992720 0.928363
 H -1.662217 1.516641 1.044786
 H -0.322324 -1.385693 1.318606
 H -0.842820 -1.654909 2.715025
 H 1.080099 -3.892694 3.376473
 H -0.399719 -3.856845 3.064750
 H 6.158067 -4.870002 -5.129774
 H 5.709691 -3.323149 -4.752791
 H 5.786632 5.380299 2.998854
 H 6.300238 5.015364 1.685260
 H 5.448106 -2.342745 2.690266
 H 6.263260 -3.695069 2.682858
 H -2.341783 -2.749561 -4.156316
 H -3.767287 -2.939565 -4.659005
 H -0.368029 2.880241 -4.167501
 H -1.312089 1.760642 -4.743800
 H 4.786991 2.613514 3.179357
 H 3.476138 3.192211 2.625770
 H 2.833326 1.050255 -3.884053
 H 1.832630 2.110634 -3.406871
 H -4.997648 2.116903 -5.451754
 H -3.979646 3.097804 -6.058611
 H 4.111642 -5.081699 -1.422626
 H 5.398022 -5.797827 -1.040776
 H 2.755282 -1.275100 -5.199830
 H 1.255186 -0.991968 -5.173215
 H -1.985908 -0.505887 -5.518220
 H -2.887979 0.626012 -4.986979
 H 0.936566 0.626107 1.016195
 H 1.367140 -0.376121 -0.138741
 H 3.994592 -2.191659 -3.322691
 H 5.370483 -1.644803 -2.949872
 H 5.376360 0.997372 -0.416507
 H 5.914739 -0.377234 -0.578954
 H -0.682413 3.969752 2.479479
 H -0.717888 5.378569 2.110110
 H -4.697569 0.818144 -3.125451
 H -6.090980 0.722965 -3.913399
 H 0.466317 -4.736665 -0.604123
 H 1.174140 -3.823135 0.518206
 H 3.652927 3.950095 -4.542361
 H 4.646024 2.832005 -4.944408
 H 3.358372 5.167133 4.924282
 H 2.724393 6.076071 5.998191
 H -5.664598 3.886122 -1.059493
 H -4.683928 4.642924 -1.849631
 H 0.020439 0.281469 -2.176152
 H -1.254874 0.626092 -1.351742
 H -2.972129 -3.036272 -1.958211
 H -2.493424 -4.190897 -1.189106
 H -3.468514 5.780456 2.947892
 H -2.707972 5.825055 4.244140
 H -1.401414 2.043736 3.472985
 H -2.183828 3.290262 3.550613
 H -2.113384 -1.098336 -0.559897
 H -3.059498 -0.065294 0.167492
 H -2.508208 -2.288068 4.954246
 H -1.098310 -2.977727 5.230926
 H 1.447779 1.549138 5.433872
 H 0.207228 2.469968 5.522388
 H -5.165039 3.580813 2.252022
 H -3.881709 2.953656 1.631063
 H 3.378604 4.685445 -0.237077
 H 2.843838 4.151780 -1.563216
 H 3.600407 -5.701837 -3.798507
 H 2.186251 -5.176292 -3.655311
 H -2.477487 3.937417 -3.080935
 H -1.876459 4.251975 -1.711732
 H 5.938707 -0.226878 5.618234
 H 4.593956 0.284361 5.306029
 H -2.546184 -0.588904 2.152552
 H -3.780828 0.371650 2.613384
 H 0.085883 -3.007830 -2.484025
 H -0.560819 -2.023599 -1.473657
 H 0.338543 -3.231869 -4.573981
 H 0.785830 -2.952868 -5.963227
 H 4.969667 -5.812714 4.954967
 H 6.483676 -5.604899 4.837119
 H 5.841533 -3.348455 0.282208
 H 4.742343 -2.325087 0.325766
 H 4.752965 -0.136237 1.645493
 H 3.859254 -0.465073 2.991457
 H 1.328988 3.969079 -5.203805
 H 1.583134 5.184411 -4.381246
 H -1.077660 -6.666401 0.215721
 H -1.333624 -5.106561 0.456409
 H -5.286066 -1.931422 -6.532322
 H -4.705629 -0.992569 -5.471203
 H -4.149243 2.183055 -1.048550
 H -4.782635 1.347420 0.095552
 H 5.819607 2.286598 -2.579817
 H 4.317610 1.960015 -2.459437
 H 3.739931 -0.078470 -0.756053
 H 2.594562 0.312513 -1.816637
 H -6.142869 -0.921705 1.583886
 H -4.851458 -1.520874 2.113688
 H 0.802836 3.217852 1.359196
 H 2.153300 2.962022 0.755713
K_POINTS
 1
0.0 0.0 0.0 1.0