
&control
    calculation='scf'
    pseudo_dir = './',
    outdir='./outputs',
    disk_io='high'
/
&system
    ibrav= 1, celldm(1)=20.000000, nat=  192, ntyp= 2,
    ecutwfc = 30.0, nosym=.true., occupations='smearing',
    smearing='m-v', degauss=0.025
/
&electrons
    conv_thr =  1.0d-8,
    mixing_beta = 0.7
/
&ions
    pot_extrapolation='second-order'
    wfc_extrapolation='second-order'
    ion_temperature = 'andersen'
    tempw = 1000

/
ATOMIC_SPECIES
 H  1.01  H.blyp-hgh.UPF
 O  16.0  O.blyp-hgh.UPF
ATOMIC_POSITIONS bohr
 O -5.600512 -1.629029 -0.570293
 O 3.053171 -2.449777 6.203528
 O -5.716353 6.735610 -5.596819
 O 1.659724 2.699970 -1.074633
 O -4.982045 0.991379 4.131993
 O 0.230265 5.940343 5.884804
 O -1.492461 -5.852127 -2.522797
 O 3.311242 1.321156 4.702973
 O -2.955785 -6.728482 5.455736
 O 1.847722 -2.529035 3.709265
 O 2.657798 -6.458102 2.270907
 O -3.211490 -3.608763 4.729028
 O -4.533911 -7.001344 0.035109
 O -3.746482 -4.221952 -4.000734
 O 2.399489 -4.095348 -1.860446
 O -1.712695 3.101451 -1.356164
 O -1.234404 -2.893945 1.629431
 O 0.143580 -4.871952 3.582624
 O 4.337717 -4.223829 -4.610998
 O 4.702869 4.500520 2.160166
 O 5.217683 -3.966864 3.960447
 O -2.462060 -2.015705 -3.030966
 O -1.089786 3.330604 -4.628044
 O 4.433071 1.714892 1.445032
 O 2.911691 1.528382 -3.446937
 O -4.581629 3.481603 -5.372658
 O 4.899420 -5.607003 0.291642
 O 0.681675 -0.697772 -6.017295
 O -2.585956 0.540074 -5.192104
 O 0.583988 -0.772938 1.666686
 O 5.923334 -2.094724 -3.814017
 O 4.293197 -0.234891 -1.424644
 O 0.309161 4.408839 3.902548
 O -4.617447 0.256458 -3.180400
 O -0.042127 -4.028193 -0.782826
 O 5.424684 4.105899 -7.461122
 O 3.978471 6.601722 5.497934
 O -5.741233 5.749299 -2.224609
 O -0.023113 1.157867 -2.694341
 O -4.298990 -4.160983 -0.933201
 O -2.934565 5.786168 2.680099
 O -2.871140 3.026523 3.749731
 O -2.039356 -1.369931 -0.471604
 O -1.693071 -1.487359 5.277391
 O 0.367759 2.348144 5.568786
 O -4.471773 2.988478 1.662597
 O 3.668099 5.067937 -1.938921
 O 1.304260 -5.674243 -3.662492
 O -2.961522 4.632367 -3.229324
 O 5.550927 1.161406 6.703292
 O -1.362903 0.856120 2.119113
 O 0.181246 -1.757594 -3.597595
 O 0.181245 -3.684909 -5.599370
 O 7.263165 -6.502353 4.007021
 O 3.818119 -2.849862 1.245543
 O 6.071297 -1.395381 2.970485
 O 1.675367 3.858120 -4.081264
 O -1.728700 -7.483489 0.845111
 O -4.632649 -1.348385 -6.979773
 O -4.380542 1.490093 -0.713874
 O 5.164152 3.706726 -4.487237
 O 1.443824 -1.127050 -1.221028
 O -5.075311 -4.010606 2.274425
 O 1.750801 2.852116 2.217750
 H -5.080441 -2.482077 -0.597591
 H -4.862698 -1.017826 -0.331650
 H 2.531479 -2.314570 7.012598
 H 2.406936 -2.482858 5.444436
 H -5.372133 5.850036 -5.394903
 H -5.182285 7.404563 -5.109969
 H 2.430413 3.287577 -1.280435
 H 0.904919 3.269289 -0.814932
 H -5.589163 0.313346 4.483263
 H -4.259798 0.774109 4.762057
 H 0.495336 6.892038 5.883459
 H 0.321230 5.721038 6.837563
 H -1.160014 -6.758489 -2.326255
 H -0.872036 -5.635651 -3.246015
 H 3.797031 1.891834 4.097352
 H 3.390231 0.390801 4.431022
 H -3.073932 -7.399896 6.147765
 H -2.127282 -6.248715 5.690543
 H 1.476271 -1.771220 3.166148
 H 2.710089 -2.516864 3.277728
 H 1.942839 -5.997412 2.753951
 H 3.049325 -5.889996 1.572775
 H -3.213348 -4.594246 4.842309
 H -3.153338 -3.559413 3.759359
 H -4.613868 -7.967102 0.181581
 H -4.991252 -6.740125 -0.819264
 H -3.123124 -3.464219 -3.764581
 H -3.302131 -4.995133 -3.568957
 H 2.997733 -3.540595 -2.393019
 H 1.700487 -3.631235 -1.361964
 H -1.929693 3.726785 -2.084814
 H -1.601786 3.581281 -0.511849
 H -1.519697 -2.258475 0.916086
 H -0.383890 -2.389855 1.872036
 H 0.554986 -3.991379 3.373388
 H -0.532334 -4.981852 2.873025
 H 4.859398 -5.000413 -4.896450
 H 3.878771 -3.702050 -5.307016
 H 3.875888 4.856383 2.617650
 H 5.357010 5.163426 2.421317
 H 5.679677 -3.108015 4.031007
 H 4.702114 -4.197176 4.759515
 H -1.487951 -1.911572 -3.313854
 H -2.916705 -1.229260 -3.437343
 H -0.136037 3.173650 -4.468571
 H -1.345458 2.445461 -4.953533
 H 5.208393 2.296815 1.538231
 H 3.638627 2.298215 1.423176
 H 2.428488 0.689553 -3.428335
 H 2.388521 2.325902 -3.606105
 H -5.133014 3.773523 -6.148633
 H -5.071179 2.625635 -5.338953
 H 5.083022 -6.378087 0.875257
 H 5.768818 -5.240773 0.029191
 H -0.013648 -0.725762 -6.722639
 H 1.252573 0.064417 -6.259543
 H -2.905600 -0.140812 -5.811807
 H -3.320945 1.177130 -5.175231
 H -0.154511 -0.136283 1.793261
 H 0.930234 -0.749735 0.751410
 H 5.607232 -2.959169 -4.170332
 H 6.452861 -2.247012 -3.011629
 H 4.231000 0.473070 -0.743982
 H 5.197314 -0.627065 -1.352060
 H 0.195857 5.109973 4.619332
 H -0.568048 4.058682 3.922566
 H -4.268357 -0.047251 -2.325264
 H -5.358208 -0.357803 -3.370656
 H -0.516489 -4.077406 -1.627840
 H -0.767777 -3.735243 -0.186431
 H 5.591621 5.040515 -7.268204
 H 5.375067 4.059122 -8.436671
 H 3.236396 6.074708 5.137462
 H 3.766846 6.391503 6.425298
 H -6.256566 4.932443 -2.379260
 H -4.763247 5.772032 -2.349757
 H -0.913336 1.530828 -2.671281
 H 0.560305 1.837385 -2.271378
 H -3.622974 -4.055817 -1.608362
 H -3.993016 -4.388936 -0.027207
 H -3.620039 5.588642 1.992231
 H -3.495068 5.950785 3.473506
 H -2.518980 3.730203 3.166450
 H -3.571472 3.518701 4.219903
 H -2.057449 -1.507276 -1.463272
 H -2.028587 -0.398015 -0.400207
 H -2.050924 -1.895871 4.468039
 H -1.635452 -2.209935 5.931982
 H 0.886089 2.950405 4.990437
 H -0.590455 2.622594 5.603953
 H -4.698825 2.670906 2.564859
 H -3.786065 2.375215 1.338200
 H 3.866015 5.892684 -1.432716
 H 3.938701 5.337916 -2.838023
 H 0.769136 -4.871177 -3.797532
 H 1.791290 -5.423076 -2.823478
 H -3.834564 4.389935 -3.608213
 H -2.298156 4.151348 -3.826955
 H 5.236223 0.621539 7.454170
 H 4.792062 1.145146 6.076787
 H -1.995963 1.492244 2.508499
 H -0.759374 1.536736 1.750491
 H 0.591745 -1.371261 -2.797342
 H 0.212926 -1.161614 -4.412057
 H 0.812905 -3.493350 -4.864394
 H 0.648986 -3.227988 -6.341841
 H 7.126040 -6.271493 4.963708
 H 6.896244 -5.660237 3.614218
 H 4.353515 -3.655775 1.045366
 H 3.628460 -2.535641 0.344425
 H 6.192044 -0.599794 2.401286
 H 5.088099 -1.471770 2.888266
 H 1.689514 3.592829 -5.025618
 H 1.573503 4.841869 -3.931443
 H -1.187048 -7.135757 1.581251
 H -2.266194 -6.727346 0.538544
 H -5.463020 -1.601522 -6.523339
 H -4.142740 -2.200246 -7.041448
 H -4.271627 2.377252 -1.090908
 H -5.321051 1.209599 -0.680902
 H 4.738823 4.375758 -5.056421
 H 5.149183 2.867142 -5.021608
 H 2.426111 -1.011552 -1.232313
 H 1.158604 -0.264167 -1.602327
 H -4.103042 -3.938931 2.066180
 H -5.511757 -3.169439 2.017874
 H 1.734541 3.830442 2.411914
 H 1.301794 2.904542 1.345662
K_POINTS
 1
0.0 0.0 0.0 1.0