
&control
    calculation='scf'
    pseudo_dir = './',
    outdir='./outputs',
    disk_io='high'
/
&system
    ibrav= 1, celldm(1)=20.000000, nat=  192, ntyp= 2,
    ecutwfc = 30.0, nosym=.true., occupations='smearing',
    smearing='m-v', degauss=0.025
/
&electrons
    conv_thr =  1.0d-8,
    mixing_beta = 0.7
/
&ions
    pot_extrapolation='second-order'
    wfc_extrapolation='second-order'
    ion_temperature = 'andersen'
    tempw = 1000

/
ATOMIC_SPECIES
 H  1.01  H.blyp-hgh.UPF
 O  16.0  O.blyp-hgh.UPF
ATOMIC_POSITIONS bohr
 O -5.603459 -1.629984 -0.567197
 O 3.058668 -2.446474 6.205859
 O -5.719201 6.739764 -5.599812
 O 1.665458 2.697843 -1.074912
 O -4.981630 0.990307 4.137443
 O 0.232785 5.939566 5.888546
 O -1.493867 -5.854446 -2.522171
 O 3.316367 1.320916 4.703116
 O -2.953101 -6.730116 5.456095
 O 1.843797 -2.527107 3.707418
 O 2.655620 -6.452460 2.269457
 O -3.207680 -3.607715 4.733781
 O -4.530085 -7.000299 0.030802
 O -3.743887 -4.218050 -4.005007
 O 2.400160 -4.099829 -1.860917
 O -1.712017 3.101610 -1.359692
 O -1.233649 -2.893397 1.627555
 O 0.138676 -4.872006 3.583355
 O 4.337429 -4.220958 -4.607680
 O 4.704746 4.495691 2.159611
 O 5.214962 -3.968056 3.964517
 O -2.462441 -2.011092 -3.029051
 O -1.088614 3.331425 -4.632286
 O 4.434252 1.715066 1.439332
 O 2.913514 1.530622 -3.446948
 O -4.582316 3.484445 -5.373894
 O 4.897839 -5.604360 0.297416
 O 0.679487 -0.701300 -6.020632
 O -2.590250 0.540964 -5.193517
 O 0.583271 -0.774801 1.667119
 O 5.928421 -2.091092 -3.811239
 O 4.290865 -0.235686 -1.426091
 O 0.306979 4.406584 3.899336
 O -4.619793 0.252181 -3.177561
 O -0.043559 -4.031427 -0.782390
 O 5.429698 4.102507 -7.468649
 O 3.980768 6.600440 5.495206
 O -5.746194 5.753420 -2.222532
 O -0.022428 1.159500 -2.694648
 O -4.300881 -4.163264 -0.930558
 O -2.934800 5.790534 2.680270
 O -2.870967 3.022794 3.746314
 O -2.044311 -1.362833 -0.469846
 O -1.695673 -1.485603 5.278563
 O 0.370920 2.348049 5.566012
 O -4.471217 2.985088 1.666166
 O 3.667545 5.070397 -1.939775
 O 1.300371 -5.673089 -3.660469
 O -2.968281 4.634433 -3.230650
 O 5.555470 1.162703 6.705102
 O -1.363332 0.860988 2.123199
 O 0.182985 -1.757237 -3.596813
 O 0.179535 -3.688325 -5.598901
 O 7.262958 -6.503852 4.008179
 O 3.819508 -2.850483 1.245984
 O 6.070801 -1.397020 2.970020
 O 1.677603 3.859379 -4.078657
 O -1.726029 -7.486119 0.843806
 O -4.628503 -1.347018 -6.983677
 O -4.382583 1.489416 -0.713698
 O 5.161298 3.708508 -4.492374
 O 1.443019 -1.129112 -1.216613
 O -5.077248 -4.016698 2.270571
 O 1.750596 2.849673 2.219904
 H -5.079339 -2.478757 -0.598066
 H -4.869357 -1.022980 -0.302236
 H 2.535075 -2.305064 7.011105
 H 2.415362 -2.486094 5.447651
 H -5.368591 5.855102 -5.398225
 H -5.173764 7.404354 -5.116711
 H 2.426642 3.293818 -1.279851
 H 0.900095 3.253775 -0.813286
 H -5.581919 0.308542 4.485270
 H -4.260707 0.772801 4.763281
 H 0.493083 6.892632 5.884596
 H 0.329845 5.710627 6.838443
 H -1.176397 -6.766457 -2.330388
 H -0.871241 -5.633929 -3.243773
 H 3.795813 1.893431 4.098087
 H 3.402598 0.388862 4.439076
 H -3.087622 -7.400779 6.146413
 H -2.126896 -6.249991 5.698796
 H 1.472664 -1.772781 3.167675
 H 2.705193 -2.520043 3.274824
 H 1.944835 -5.983378 2.751235
 H 3.046216 -5.892398 1.563385
 H -3.210238 -4.593475 4.839859
 H -3.158061 -3.572154 3.764788
 H -4.615607 -7.966286 0.168338
 H -4.984164 -6.722101 -0.814321
 H -3.135708 -3.451299 -3.760486
 H -3.297991 -4.994265 -3.581957
 H 2.997966 -3.541674 -2.388947
 H 1.695736 -3.647156 -1.357992
 H -1.911108 3.717874 -2.093663
 H -1.594702 3.592509 -0.517484
 H -1.512627 -2.258726 0.916934
 H -0.380413 -2.394593 1.861712
 H 0.565299 -3.998937 3.367005
 H -0.540331 -4.981460 2.876559
 H 4.843467 -5.009423 -4.894181
 H 3.874505 -3.710527 -5.313361
 H 3.882309 4.859290 2.616070
 H 5.356432 5.163594 2.411073
 H 5.669359 -3.106198 4.049238
 H 4.710727 -4.211132 4.767440
 H -1.488891 -1.920859 -3.316712
 H -2.911638 -1.228398 -3.449789
 H -0.133000 3.181576 -4.484123
 H -1.337794 2.439478 -4.940532
 H 5.210070 2.295981 1.533190
 H 3.639402 2.295777 1.414600
 H 2.428962 0.690455 -3.418146
 H 2.386882 2.327813 -3.605497
 H -5.125260 3.780198 -6.152019
 H -5.075728 2.632473 -5.340457
 H 5.080119 -6.379652 0.875238
 H 5.769218 -5.240012 0.040317
 H -0.008269 -0.725039 -6.735363
 H 1.251268 0.066808 -6.249425
 H -2.903338 -0.144420 -5.810537
 H -3.326948 1.175947 -5.184711
 H -0.160238 -0.143869 1.795974
 H 0.932037 -0.744319 0.752450
 H 5.593591 -2.954228 -4.162913
 H 6.455190 -2.253221 -3.007092
 H 4.238214 0.471811 -0.741839
 H 5.196759 -0.637467 -1.357250
 H 0.187283 5.117355 4.608323
 H -0.581394 4.066850 3.915876
 H -4.269237 -0.053301 -2.323852
 H -5.358566 -0.365994 -3.362964
 H -0.516383 -4.077282 -1.629326
 H -0.765589 -3.725777 -0.187765
 H 5.583194 5.039553 -7.270249
 H 5.369083 4.062274 -8.444128
 H 3.239981 6.071533 5.129703
 H 3.785088 6.380318 6.424583
 H -6.246608 4.923762 -2.385063
 H -4.761591 5.775665 -2.340530
 H -0.912636 1.534774 -2.659363
 H 0.564117 1.831464 -2.267946
 H -3.631344 -4.059038 -1.609787
 H -3.999738 -4.390753 -0.021124
 H -3.614473 5.588604 1.986713
 H -3.504074 5.961155 3.468867
 H -2.531458 3.723345 3.154833
 H -3.564948 3.511764 4.229409
 H -2.056424 -1.495661 -1.460684
 H -2.035382 -0.390003 -0.405722
 H -2.050462 -1.891119 4.465175
 H -1.637976 -2.213538 5.927188
 H 0.883554 2.953017 4.982695
 H -0.582995 2.634466 5.590756
 H -4.689150 2.670524 2.573189
 H -3.783841 2.376304 1.338368
 H 3.858771 5.895429 -1.427005
 H 3.943052 5.344495 -2.837671
 H 0.765243 -4.871169 -3.787921
 H 1.788746 -5.432472 -2.818072
 H -3.845010 4.394153 -3.607562
 H -2.304129 4.143734 -3.820462
 H 5.238611 0.625547 7.453696
 H 4.787758 1.159154 6.085601
 H -1.999943 1.503026 2.498360
 H -0.745577 1.530591 1.739022
 H 0.602128 -1.380695 -2.794141
 H 0.210265 -1.161017 -4.411631
 H 0.805639 -3.491507 -4.860176
 H 0.643495 -3.215937 -6.332387
 H 7.132288 -6.280448 4.966628
 H 6.893667 -5.662628 3.617670
 H 4.348107 -3.661161 1.053675
 H 3.628531 -2.529622 0.347508
 H 6.203636 -0.601095 2.401887
 H 5.088598 -1.476249 2.865157
 H 1.686276 3.599728 -5.025022
 H 1.581440 4.844413 -3.939571
 H -1.181851 -7.153767 1.585129
 H -2.265566 -6.724933 0.554523
 H -5.458008 -1.592421 -6.519853
 H -4.138639 -2.197630 -7.030132
 H -4.279388 2.374403 -1.097877
 H -5.317614 1.191970 -0.697826
 H 4.716582 4.365094 -5.061764
 H 5.149312 2.868532 -5.030045
 H 2.427919 -1.010488 -1.222492
 H 1.162754 -0.262869 -1.597292
 H -4.100703 -3.926665 2.090621
 H -5.510593 -3.173773 2.015770
 H 1.747639 3.827187 2.407302
 H 1.319087 2.897192 1.340998
K_POINTS
 1
0.0 0.0 0.0 1.0