
&control
    calculation='scf'
    pseudo_dir = './',
    outdir='./outputs',
    disk_io='high'
/
&system
    ibrav= 1, celldm(1)=20.000000, nat=  192, ntyp= 2,
    ecutwfc = 30.0, nosym=.true., occupations='smearing',
    smearing='m-v', degauss=0.025
/
&electrons
    conv_thr =  1.0d-8,
    mixing_beta = 0.7
/
&ions
    pot_extrapolation='second-order'
    wfc_extrapolation='second-order'
    ion_temperature = 'andersen'
    tempw = 1000

/
ATOMIC_SPECIES
 H  1.01  H.blyp-hgh.UPF
 O  16.0  O.blyp-hgh.UPF
ATOMIC_POSITIONS bohr
 O -5.613670 -1.633415 -0.554445
 O 3.081043 -2.433805 6.215201
 O -5.731100 6.756300 -5.612083
 O 1.687943 2.689450 -1.075327
 O -4.979720 0.986531 4.159551
 O 0.243090 5.937601 5.905181
 O -1.498603 -5.863307 -2.520057
 O 3.336432 1.319414 4.705677
 O -2.941610 -6.735871 5.457970
 O 1.827468 -2.518348 3.699633
 O 2.646556 -6.430061 2.263855
 O -3.192337 -3.605462 4.752523
 O -4.513885 -6.995705 0.014653
 O -3.732776 -4.202864 -4.021495
 O 2.403797 -4.119049 -1.862801
 O -1.708388 3.101154 -1.372957
 O -1.229473 -2.890594 1.620426
 O 0.119429 -4.871638 3.585360
 O 4.336456 -4.209482 -4.592903
 O 4.712111 4.476377 2.158170
 O 5.203896 -3.972801 3.980456
 O -2.463456 -1.991985 -3.022297
 O -1.084248 3.334282 -4.649500
 O 4.439026 1.714915 1.416195
 O 2.922745 1.538518 -3.447085
 O -4.585656 3.495477 -5.380527
 O 4.891181 -5.593408 0.320608
 O 0.671193 -0.714966 -6.034740
 O -2.607093 0.545172 -5.199174
 O 0.581396 -0.783097 1.669478
 O 5.948971 -2.076023 -3.800212
 O 4.281958 -0.239176 -1.431352
 O 0.298344 4.399140 3.886557
 O -4.629511 0.234400 -3.166611
 O -0.049780 -4.043970 -0.780641
 O 5.449649 4.087940 -7.497859
 O 3.988529 6.593993 5.484690
 O -5.765918 5.771024 -2.214528
 O -0.018845 1.165319 -2.696035
 O -4.310680 -4.172079 -0.918506
 O -2.936533 5.808832 2.681179
 O -2.869224 3.007685 3.733422
 O -2.064353 -1.333516 -0.463179
 O -1.705397 -1.477966 5.283302
 O 0.383354 2.347091 5.555872
 O -4.469953 2.971689 1.680299
 O 3.665509 5.081371 -1.943157
 O 1.284819 -5.669246 -3.652172
 O -2.996001 4.641965 -3.237032
 O 5.573417 1.168010 6.712171
 O -1.364646 0.882769 2.138381
 O 0.189204 -1.756688 -3.594480
 O 0.173813 -3.701965 -5.597503
 O 7.260619 -6.508158 4.013007
 O 3.825287 -2.853192 1.247770
 O 6.067228 -1.402664 2.967249
 O 1.686095 3.864831 -4.068490
 O -1.713704 -7.497365 0.837131
 O -4.612498 -1.341814 -6.998192
 O -4.390347 1.485404 -0.712237
 O 5.149391 3.715978 -4.513168
 O 1.440548 -1.136309 -1.199031
 O -5.083241 -4.041441 2.254309
 O 1.749866 2.841003 2.227499
 H -5.079603 -2.468460 -0.603524
 H -4.901674 -1.044704 -0.185809
 H 2.546617 -2.261199 7.004463
 H 2.451533 -2.496416 5.460649
 H -5.353411 5.876831 -5.405352
 H -5.136467 7.400950 -5.143336
 H 2.407927 3.319743 -1.278603
 H 0.885545 3.193616 -0.809818
 H -5.559313 0.286920 4.489275
 H -4.259206 0.770996 4.764465
 H 0.480076 6.894312 5.887910
 H 0.363317 5.667377 6.838473
 H -1.246665 -6.792980 -2.344152
 H -0.869482 -5.627192 -3.233509
 H 3.794641 1.899185 4.091662
 H 3.453680 0.384369 4.465929
 H -3.139774 -7.404907 6.143779
 H -2.126245 -6.261689 5.732834
 H 1.451370 -1.778923 3.176472
 H 2.696193 -2.542208 3.259408
 H 1.951031 -5.923533 2.737269
 H 3.029405 -5.900403 1.529913
 H -3.200057 -4.585807 4.836876
 H -3.177644 -3.617952 3.782693
 H -4.624510 -7.961025 0.116020
 H -4.960299 -6.656573 -0.786531
 H -3.191847 -3.402118 -3.746309
 H -3.281757 -4.988232 -3.637564
 H 2.995286 -3.542483 -2.370335
 H 1.674936 -3.705475 -1.342467
 H -1.843193 3.685623 -2.125210
 H -1.569797 3.642505 -0.543500
 H -1.490823 -2.259820 0.917793
 H -0.374569 -2.419055 1.819466
 H 0.604649 -4.034394 3.344120
 H -0.569657 -4.978358 2.894748
 H 4.781826 -5.037792 -4.889052
 H 3.860525 -3.749505 -5.344756
 H 3.910278 4.869734 2.601348
 H 5.362416 5.166170 2.372842
 H 5.627080 -3.102397 4.125739
 H 4.747660 -4.264245 4.798398
 H -1.493297 -1.957596 -3.327716
 H -2.890203 -1.227753 -3.498569
 H -0.117551 3.218322 -4.541765
 H -1.313003 2.412331 -4.888836
 H 5.214541 2.295997 1.512416
 H 3.644510 2.286089 1.383128
 H 2.426288 0.701485 -3.378909
 H 2.373857 2.333617 -3.602374
 H -5.091865 3.811144 -6.164516
 H -5.092078 2.657008 -5.338030
 H 5.069380 -6.385524 0.870793
 H 5.770379 -5.240015 0.085144
 H 0.012071 -0.721862 -6.781532
 H 1.240971 0.075233 -6.207020
 H -2.893057 -0.161856 -5.809667
 H -3.352518 1.170234 -5.219311
 H -0.182090 -0.177728 1.806833
 H 0.936845 -0.722791 0.755045
 H 5.538541 -2.933542 -4.128628
 H 6.462146 -2.283372 -2.990743
 H 4.269457 0.463834 -0.735503
 H 5.185759 -0.676817 -1.375609
 H 0.160220 5.142957 4.559557
 H -0.642656 4.091734 3.884847
 H -4.273338 -0.073421 -2.315568
 H -5.359276 -0.397913 -3.335010
 H -0.515473 -4.081058 -1.636711
 H -0.750465 -3.687332 -0.187703
 H 5.546232 5.037405 -7.281900
 H 5.346344 4.074916 -8.474641
 H 3.256930 6.061975 5.091172
 H 3.860812 6.340651 6.424512
 H -6.196556 4.890127 -2.410098
 H -4.766532 5.781061 -2.312628
 H -0.911788 1.552330 -2.608124
 H 0.578429 1.807995 -2.254137
 H -3.654717 -4.072840 -1.615414
 H -4.021162 -4.398323 -0.007122
 H -3.587501 5.588840 1.968361
 H -3.540655 6.000088 3.449666
 H -2.584792 3.700967 3.106231
 H -3.537363 3.482128 4.267426
 H -2.054911 -1.454748 -1.448385
 H -2.062198 -0.357292 -0.423001
 H -2.046432 -1.872181 4.457057
 H -1.648948 -2.229601 5.904830
 H 0.865093 2.962805 4.949638
 H -0.540949 2.680990 5.534489
 H -4.647101 2.668078 2.601960
 H -3.778628 2.379261 1.338862
 H 3.829505 5.901192 -1.402822
 H 3.959029 5.365813 -2.834847
 H 0.750869 -4.871507 -3.751592
 H 1.778584 -5.467406 -2.798962
 H -3.881782 4.406865 -3.605785
 H -2.333898 4.117665 -3.793869
 H 5.247471 0.640740 7.455099
 H 4.770984 1.216819 6.119555
 H -2.020558 1.541462 2.465420
 H -0.693321 1.500299 1.696608
 H 0.644327 -1.417331 -2.784507
 H 0.204372 -1.158613 -4.402504
 H 0.769926 -3.480639 -4.844965
 H 0.615658 -3.169502 -6.293655
 H 7.160710 -6.315107 4.975455
 H 6.885123 -5.674857 3.630620
 H 4.324276 -3.682725 1.089588
 H 3.628355 -2.503796 0.359969
 H 6.254198 -0.609566 2.408712
 H 5.096688 -1.498389 2.771199
 H 1.674157 3.632629 -5.022693
 H 1.614195 4.848271 -3.975670
 H -1.164087 -7.226034 1.598800
 H -2.262758 -6.718433 0.618271
 H -5.434565 -1.553742 -6.505772
 H -4.122167 -2.188528 -6.986900
 H -4.314047 2.361706 -1.128399
 H -5.300908 1.131428 -0.768481
 H 4.629110 4.318579 -5.083132
 H 5.149808 2.876635 -5.059397
 H 2.435208 -1.007057 -1.184177
 H 1.175551 -0.256037 -1.573217
 H -4.103379 -3.876787 2.188175
 H -5.504401 -3.188916 2.010788
 H 1.799097 3.808400 2.393527
 H 1.391273 2.862678 1.320565
K_POINTS
 1
0.0 0.0 0.0 1.0