
&control
    calculation='scf'
    pseudo_dir = './',
    outdir='./outputs',
    disk_io='high'
/
&system
    ibrav= 1, celldm(1)=20.000000, nat=  192, ntyp= 2,
    ecutwfc = 30.0, nosym=.true., occupations='smearing',
    smearing='m-v', degauss=0.025
/
&electrons
    conv_thr =  1.0d-8,
    mixing_beta = 0.7
/
&ions
    pot_extrapolation='second-order'
    wfc_extrapolation='second-order'
    ion_temperature = 'andersen'
    tempw = 1000

/
ATOMIC_SPECIES
 H  1.01  H.blyp-hgh.UPF
 O  16.0  O.blyp-hgh.UPF
ATOMIC_POSITIONS bohr
 O -5.618721 -1.635035 -0.546044
 O 3.095499 -2.426353 6.221172
 O -5.738487 6.766465 -5.619773
 O 1.701325 2.684093 -1.074883
 O -4.978546 0.984781 4.173264
 O 0.249640 5.937067 5.916555
 O -1.500996 -5.868251 -2.519060
 O 3.348610 1.318098 4.708905
 O -2.934038 -6.739048 5.459544
 O 1.817310 -2.512562 3.694595
 O 2.640600 -6.416153 2.260530
 O -3.182655 -3.605580 4.763852
 O -4.502756 -6.992588 0.005971
 O -3.725618 -4.193645 -4.031519
 O 2.406554 -4.132106 -1.863700
 O -1.705240 3.100018 -1.379787
 O -1.226199 -2.888759 1.616267
 O 0.107901 -4.870981 3.586023
 O 4.335854 -4.202353 -4.583109
 O 4.716891 4.464494 2.157853
 O 5.196828 -3.975631 3.990324
 O -2.463724 -1.979580 -3.018934
 O -1.081779 3.335581 -4.660412
 O 4.442179 1.714020 1.401472
 O 2.929727 1.542735 -3.447338
 O -4.587973 3.502192 -5.385819
 O 4.886708 -5.586258 0.335168
 O 0.666416 -0.723039 -6.044232
 O -2.617387 0.548219 -5.202743
 O 0.581021 -0.788913 1.671352
 O 5.961911 -2.066643 -3.793311
 O 4.277001 -0.241713 -1.434108
 O 0.291730 4.395451 3.878648
 O -4.635859 0.222743 -3.160011
 O -0.054021 -4.051474 -0.779668
 O 5.462022 4.078339 -7.515452
 O 3.992261 6.588828 5.478524
 O -5.777965 5.782218 -2.210040
 O -0.016366 1.168389 -2.697055
 O -4.318647 -4.177255 -0.910019
 O -2.938258 5.820966 2.682022
 O -2.867293 2.998105 3.726015
 O -2.077035 -1.314322 -0.459216
 O -1.710936 -1.472783 5.286263
 O 0.391298 2.346295 5.550051
 O -4.470002 2.963524 1.689056
 O 3.664337 5.089210 -1.945158
 O 1.275277 -5.667719 -3.646727
 O -3.013983 4.646069 -3.241818
 O 5.584167 1.171571 6.716096
 O -1.364762 0.898443 2.146654
 O 0.192597 -1.757137 -3.593399
 O 0.171007 -3.710509 -5.596932
 O 7.258147 -6.509747 4.016028
 O 3.828907 -2.854805 1.249108
 O 6.063716 -1.405506 2.964689
 O 1.691028 3.868521 -4.062659
 O -1.704756 -7.504981 0.831830
 O -4.603017 -1.338714 -7.006357
 O -4.394799 1.482047 -0.710733
 O 5.141453 3.720881 -4.526596
 O 1.439859 -1.139734 -1.188142
 O -5.085520 -4.057005 2.243464
 O 1.749634 2.836033 2.231473
 H -5.082992 -2.465675 -0.609993
 H -4.927525 -1.059718 -0.115095
 H 2.551476 -2.229307 7.000229
 H 2.474584 -2.500765 5.467209
 H -5.344641 5.892163 -5.405710
 H -5.112669 7.397058 -5.160561
 H 2.395104 3.338269 -1.279306
 H 0.880854 3.157698 -0.810351
 H -5.551413 0.270641 4.488932
 H -4.251337 0.771995 4.764454
 H 0.469161 6.895078 5.890481
 H 0.383517 5.640465 6.836256
 H -1.293384 -6.805812 -2.351234
 H -0.869530 -5.624570 -3.225394
 H 3.796856 1.901847 4.080307
 H 3.487048 0.384133 4.478244
 H -3.169105 -7.406463 6.143453
 H -2.125869 -6.274270 5.755597
 H 1.431975 -1.779777 3.181802
 H 2.695750 -2.562718 3.247825
 H 1.953982 -5.884248 2.725685
 H 3.015517 -5.904056 1.512336
 H -3.195319 -4.579934 4.842787
 H -3.190146 -3.640452 3.790360
 H -4.631862 -7.956323 0.083551
 H -4.950895 -6.620179 -0.766344
 H -3.229745 -3.374113 -3.738581
 H -3.270409 -4.982432 -3.673894
 H 2.990946 -3.539499 -2.357288
 H 1.662254 -3.738040 -1.334194
 H -1.805966 3.670214 -2.144845
 H -1.557636 3.675451 -0.565274
 H -1.484251 -2.258746 0.914302
 H -0.373534 -2.437149 1.794367
 H 0.626622 -4.060327 3.332086
 H -0.586374 -4.974947 2.908209
 H 4.745349 -5.047965 -4.886795
 H 3.854980 -3.777770 -5.365424
 H 3.927036 4.875555 2.586573
 H 5.372265 5.167821 2.350568
 H 5.600326 -3.102831 4.175310
 H 4.772432 -4.295774 4.816367
 H -1.496643 -1.979655 -3.333720
 H -2.875794 -1.229256 -3.527534
 H -0.106071 3.245356 -4.574106
 H -1.301987 2.393756 -4.856920
 H 5.215484 2.298623 1.498934
 H 3.648586 2.280856 1.365835
 H 2.421890 0.715038 -3.355603
 H 2.362448 2.333778 -3.599274
 H -5.070442 3.833560 -6.172658
 H -5.101679 2.669541 -5.330307
 H 5.063123 -6.389474 0.864893
 H 5.771218 -5.241728 0.112840
 H 0.024232 -0.719581 -6.805519
 H 1.229856 0.078575 -6.179349
 H -2.885370 -0.174207 -5.812093
 H -3.369617 1.165712 -5.238408
 H -0.194892 -0.201599 1.813462
 H 0.937397 -0.709633 0.756284
 H 5.505107 -2.917500 -4.103371
 H 6.463950 -2.305721 -2.983104
 H 4.290643 0.456093 -0.733793
 H 5.169840 -0.698341 -1.385315
 H 0.149738 5.155316 4.525787
 H -0.677932 4.104122 3.862005
 H -4.275872 -0.082697 -2.308418
 H -5.359669 -0.417178 -3.320383
 H -0.514429 -4.086752 -1.641012
 H -0.736111 -3.663238 -0.183780
 H 5.520470 5.035272 -7.292125
 H 5.333332 4.082504 -8.493427
 H 3.270328 6.059351 5.063598
 H 3.909266 6.319231 6.423517
 H -6.156917 4.874401 -2.425769
 H -4.780719 5.778415 -2.301999
 H -0.910281 1.563569 -2.573428
 H 0.587565 1.794589 -2.245229
 H -3.661625 -4.082684 -1.617706
 H -4.029385 -4.403308 -0.005942
 H -3.567774 5.589347 1.959813
 H -3.563088 6.021511 3.436013
 H -2.621140 3.691159 3.074682
 H -3.518439 3.462186 4.290748
 H -2.056102 -1.434574 -1.440687
 H -2.078747 -0.336598 -0.429121
 H -2.042252 -1.860030 4.454534
 H -1.656218 -2.240707 5.888569
 H 0.848691 2.967039 4.928040
 H -0.509416 2.708540 5.498418
 H -4.618263 2.665818 2.615826
 H -3.778016 2.379473 1.338675
 H 3.811177 5.899778 -1.388231
 H 3.967977 5.375438 -2.830981
 H 0.742235 -4.870267 -3.730736
 H 1.771759 -5.486852 -2.790202
 H -3.899617 4.411559 -3.605427
 H -2.357375 4.105058 -3.777837
 H 5.252170 0.648625 7.460250
 H 4.763267 1.253668 6.140591
 H -2.034543 1.561546 2.449693
 H -0.668149 1.475018 1.676454
 H 0.670270 -1.439430 -2.782449
 H 0.204791 -1.156489 -4.391385
 H 0.742723 -3.471272 -4.835827
 H 0.594147 -3.141203 -6.270365
 H 7.180568 -6.334916 4.979451
 H 6.880443 -5.683068 3.638143
 H 4.308133 -3.696699 1.112420
 H 3.628814 -2.487728 0.368106
 H 6.288500 -0.617529 2.417055
 H 5.107368 -1.515334 2.711580
 H 1.667718 3.655725 -5.021203
 H 1.635047 4.847842 -3.998885
 H -1.155164 -7.271044 1.605867
 H -2.260185 -6.717174 0.657778
 H -5.417416 -1.527860 -6.496850
 H -4.111497 -2.184500 -6.961731
 H -4.338440 2.351716 -1.149450
 H -5.288873 1.101222 -0.815108
 H 4.576059 4.286911 -5.095446
 H 5.150832 2.883599 -5.072997
 H 2.437848 -1.006138 -1.161253
 H 1.180385 -0.251836 -1.554795
 H -4.114191 -3.846181 2.248067
 H -5.500448 -3.196811 2.010984
 H 1.829777 3.794931 2.388578
 H 1.438259 2.837723 1.305756
K_POINTS
 1
0.0 0.0 0.0 1.0