
&control
    calculation='scf'
    pseudo_dir = './',
    outdir='./outputs',
    disk_io='high'
/
&system
    ibrav= 1, celldm(1)=20.000000, nat=  192, ntyp= 2,
    ecutwfc = 30.0, nosym=.true., occupations='smearing',
    smearing='m-v', degauss=0.025
/
&electrons
    conv_thr =  1.0d-8,
    mixing_beta = 0.7
/
&ions
    pot_extrapolation='second-order'
    wfc_extrapolation='second-order'
    ion_temperature = 'andersen'
    tempw = 1000

/
ATOMIC_SPECIES
 H  1.01  H.blyp-hgh.UPF
 O  16.0  O.blyp-hgh.UPF
ATOMIC_POSITIONS bohr
 O -5.619609 -1.635298 -0.544313
 O 3.098441 -2.424906 6.222394
 O -5.739917 6.768475 -5.621293
 O 1.703924 2.682996 -1.074721
 O -4.978335 0.984492 4.175976
 O 0.250952 5.937001 5.918882
 O -1.501441 -5.869161 -2.518886
 O 3.351024 1.317821 4.709684
 O -2.932514 -6.739670 5.459903
 O 1.815340 -2.511420 3.693575
 O 2.639377 -6.413374 2.259887
 O -3.180710 -3.605730 4.766057
 O -4.500417 -6.991955 0.004404
 O -3.724203 -4.191819 -4.033519
 O 2.407122 -4.134808 -1.863828
 O -1.704524 3.099729 -1.380978
 O -1.225523 -2.888417 1.615451
 O 0.105661 -4.870820 3.586123
 O 4.335716 -4.200934 -4.581158
 O 4.717904 4.462155 2.157837
 O 5.195399 -3.976174 3.992306
 O -2.463746 -1.977063 -3.018349
 O -1.081306 3.335773 -4.662606
 O 4.442837 1.713761 1.398505
 O 2.931204 1.543534 -3.447412
 O -4.588438 3.503522 -5.386961
 O 4.885782 -5.584798 0.338086
 O 0.665501 -0.724606 -6.046190
 O -2.619430 0.548852 -5.203468
 O 0.581020 -0.790130 1.671753
 O 5.964500 -2.064809 -3.791923
 O 4.276070 -0.242257 -1.434607
 O 0.290200 4.394774 3.877064
 O -4.637152 0.220363 -3.158705
 O -0.054896 -4.052944 -0.779494
 O 5.464484 4.076403 -7.518919
 O 3.992916 6.587691 5.477339
 O -5.780347 5.784414 -2.209210
 O -0.015886 1.168958 -2.697271
 O -4.320400 -4.178248 -0.908284
 O -2.938654 5.823458 2.682227
 O -2.866827 2.996188 3.724584
 O -2.079585 -1.310394 -0.458433
 O -1.711994 -1.471716 5.286857
 O 0.392939 2.346134 5.548914
 O -4.470091 2.961917 1.690797
 O 3.664103 5.090860 -1.945538
 O 1.273394 -5.667510 -3.645610
 O -3.017644 4.646841 -3.242834
 O 5.586248 1.172312 6.716818
 O -1.364704 0.901764 2.148184
 O 0.193240 -1.757311 -3.593191
 O 0.170500 -3.712225 -5.596844
 O 7.257581 -6.509991 4.016618
 O 3.829619 -2.855098 1.249412
 O 6.062902 -1.406023 2.964098
 O 1.691979 3.869275 -4.061566
 O -1.702863 -7.506554 0.830671
 O -4.601163 -1.338109 -7.007909
 O -4.395652 1.481321 -0.710383
 O 5.139809 3.721888 -4.529336
 O 1.439815 -1.140304 -1.185976
 O -5.085843 -4.060108 2.241232
 O 1.749614 2.835039 2.232194
 H -5.083913 -2.465514 -0.611569
 H -4.933279 -1.062906 -0.101236
 H 2.552267 -2.222556 6.999354
 H 2.479110 -2.501445 5.468242
 H -5.343090 5.895411 -5.405484
 H -5.108061 7.396157 -5.164134
 H 2.392552 3.342282 -1.279626
 H 0.880322 3.150700 -0.810702
 H -5.550383 0.267158 4.488609
 H -4.248982 0.772334 4.764521
 H 0.466775 6.895254 5.891172
 H 0.387504 5.635209 6.835698
 H -1.302894 -6.808114 -2.352570
 H -0.869606 -5.624307 -3.223609
 H 3.797477 1.902164 4.077507
 H 3.493858 0.384294 4.480295
 H -3.174568 -7.406536 6.143399
 H -2.125692 -6.277229 5.760347
 H 1.427548 -1.779480 3.182672
 H 2.695709 -2.567303 3.245475
 H 1.954546 -5.876338 2.723077
 H 3.012467 -5.904645 1.509094
 H -3.194497 -4.578928 4.844845
 H -3.192644 -3.644260 3.791646
 H -4.633511 -7.955270 0.077063
 H -4.949666 -6.613216 -0.762351
 H -3.237413 -3.368813 -3.737081
 H -3.267890 -4.981116 -3.681172
 H 2.989857 -3.538540 -2.354588
 H 1.659926 -3.744259 -1.332787
 H -1.798963 3.667623 -2.148931
 H -1.555559 3.681997 -0.570274
 H -1.483694 -2.258278 0.913150
 H -0.373148 -2.440841 1.789643
 H 0.630709 -4.065768 3.329883
 H -0.589661 -4.974118 2.910947
 H 4.738309 -5.049240 -4.886236
 H 3.854223 -3.783716 -5.369305
 H 3.930074 4.876709 2.583239
 H 5.374656 5.167944 2.346196
 H 5.594986 -3.103166 4.185279
 H 4.777509 -4.301979 4.819760
 H -1.497381 -1.983939 -3.334795
 H -2.872826 -1.229680 -3.533137
 H -0.103771 3.251109 -4.580255
 H -1.300114 2.390091 -4.850561
 H 5.215500 2.299368 1.496192
 H 3.649412 2.279943 1.362597
 H 2.420820 0.718332 -3.351047
 H 2.360064 2.333333 -3.598503
 H -5.066228 3.838265 -6.174404
 H -5.103602 2.671806 -5.328275
 H 5.061887 -6.390356 0.863474
 H 5.771437 -5.242156 0.118299
 H 0.026623 -0.719089 -6.809814
 H 1.227194 0.079031 -6.173762
 H -2.883679 -0.176664 -5.812766
 H -3.373118 1.164692 -5.242011
 H -0.197388 -0.206599 1.814765
 H 0.937242 -0.707052 0.756577
 H 5.498632 -2.913821 -4.097993
 H 6.464051 -2.310432 -2.981879
 H 4.294998 0.454303 -0.733659
 H 5.165818 -0.702331 -1.387106
 H 0.148248 5.157469 4.518827
 H -0.683998 4.106523 3.857148
 H -4.276348 -0.084249 -2.306842
 H -5.359791 -0.420978 -3.317756
 H -0.514185 -4.088181 -1.641714
 H -0.732818 -3.658450 -0.182696
 H 5.515086 5.034577 -7.294443
 H 5.330866 4.083947 -8.497057
 H 3.273276 6.059153 5.057970
 H 3.918950 6.315190 6.422948
 H -6.148314 4.872064 -2.428791
 H -4.784529 5.777492 -2.300457
 H -0.909652 1.565726 -2.566280
 H 0.589479 1.792089 -2.243416
 H -3.662465 -4.084816 -1.617852
 H -4.030472 -4.404358 -0.006202
 H -3.563691 5.589469 1.958312
 H -3.567475 6.025466 3.433065
 H -2.628737 3.689504 3.068392
 H -3.514463 3.458076 4.295334
 H -2.056538 -1.431089 -1.439273
 H -2.082046 -0.332464 -0.429867
 H -2.041292 -1.857551 4.454201
 H -1.657682 -2.242993 5.885137
 H 0.845183 2.967616 4.923674
 H -0.503122 2.713879 5.491288
 H -4.612298 2.665285 2.618250
 H -3.778107 2.379328 1.338550
 H 3.807542 5.899042 -1.385463
 H 3.969702 5.377077 -2.829991
 H 0.740514 -4.869778 -3.726742
 H 1.770325 -5.490501 -2.788815
 H -3.902711 4.412193 -3.605459
 H -2.362467 4.102848 -3.774806
 H 5.253038 0.650033 7.461717
 H 4.762174 1.261051 6.144846
 H -2.037198 1.565175 2.446881
 H -0.664124 1.469382 1.673231
 H 0.675337 -1.443780 -2.782496
 H 0.205262 -1.155927 -4.388775
 H 0.736905 -3.469173 -4.833919
 H 0.589523 -3.135546 -6.265923
 H 7.184669 -6.338630 4.980198
 H 6.879484 -5.684589 3.639593
 H 4.304829 -3.699572 1.116873
 H 3.629035 -2.484653 0.369788
 H 6.295548 -0.619322 2.419101
 H 5.110046 -1.518972 2.699601
 H 1.666572 3.660407 -5.020909
 H 1.639219 4.847750 -4.003387
 H -1.153552 -7.280008 1.607144
 H -2.259532 -6.717220 0.665630
 H -5.413822 -1.522547 -6.495027
 H -4.109336 -2.183837 -6.956882
 H -4.343523 2.349436 -1.153809
 H -5.286374 1.095812 -0.824653
 H 4.565640 4.280376 -5.097716
 H 5.151169 2.885099 -5.075227
 H 2.438077 -1.006100 -1.156787
 H 1.181058 -0.251109 -1.550795
 H -4.117110 -3.840220 2.259874
 H -5.499753 -3.198295 2.011364
 H 1.835727 3.792347 2.387902
 H 1.447817 2.832493 1.302636
K_POINTS
 1
0.0 0.0 0.0 1.0