
&control
    calculation='scf'
    pseudo_dir = './',
    outdir='./outputs',
    disk_io='high'
/
&system
    ibrav= 1, celldm(1)=20.000000, nat=  192, ntyp= 2,
    ecutwfc = 30.0, nosym=.true., occupations='smearing',
    smearing='m-v', degauss=0.025
/
&electrons
    conv_thr =  1.0d-8,
    mixing_beta = 0.7
/
&ions
    pot_extrapolation='second-order'
    wfc_extrapolation='second-order'
    ion_temperature = 'andersen'
    tempw = 1000

/
ATOMIC_SPECIES
 H  1.01  H.blyp-hgh.UPF
 O  16.0  O.blyp-hgh.UPF
ATOMIC_POSITIONS bohr
 O -5.626395 -1.636792 -0.525924
 O 3.128687 -2.411131 6.235446
 O -5.752583 6.788100 -5.635855
 O 1.728698 2.671513 -1.071759
 O -4.976896 0.982430 4.202539
 O 0.263913 5.936660 5.942343
 O -1.505771 -5.876397 -2.517308
 O 3.375248 1.315403 4.719187
 O -2.917606 -6.746063 5.464391
 O 1.797672 -2.500851 3.683028
 O 2.626411 -6.385505 2.254055
 O -3.161161 -3.609186 4.786373
 O -4.474710 -6.985630 -0.007844
 O -3.711004 -4.173733 -4.053864
 O 2.412662 -4.163273 -1.863737
 O -1.695823 3.096378 -1.389830
 O -1.219382 -2.885766 1.607008
 O 0.084745 -4.869011 3.587029
 O 4.333583 -4.186883 -4.562779
 O 4.729938 4.439953 2.158389
 O 5.180874 -3.981007 4.012627
 O -2.463363 -1.951476 -3.014187
 O -1.076820 3.335924 -4.684661
 O 4.450071 1.709677 1.368388
 O 2.946977 1.551247 -3.448741
 O -4.592876 3.516569 -5.399536
 O 4.876007 -5.569636 0.367443
 O 0.657141 -0.739510 -6.066546
 O -2.639712 0.555204 -5.211163
 O 0.582354 -0.803156 1.676095
 O 5.990108 -2.047827 -3.777773
 O 4.267406 -0.248299 -1.438695
 O 0.270089 4.388624 3.860750
 O -4.650426 0.195773 -3.145706
 O -0.063896 -4.067109 -0.778139
 O 5.488642 4.057268 -7.552897
 O 3.998331 6.574705 5.466512
 O -5.803963 5.804703 -2.202420
 O -0.011894 1.174076 -2.699449
 O -4.340398 -4.187085 -0.891681
 O -2.943225 5.849549 2.685118
 O -2.860564 2.977457 3.710767
 O -2.105304 -1.269465 -0.450634
 O -1.721653 -1.460646 5.293023
 O 0.410781 2.344758 5.537708
 O -4.472368 2.946468 1.707779
 O 3.661451 5.108323 -1.948716
 O 1.254947 -5.667280 -3.633997
 O -3.055411 4.653966 -3.253607
 O 5.605312 1.180153 6.723063
 O -1.362801 0.937648 2.161323
 O 0.199194 -1.760880 -3.590710
 O 0.166178 -3.729542 -5.596552
 O 7.251023 -6.511639 4.022002
 O 3.836368 -2.857206 1.253491
 O 6.052937 -1.410657 2.956848
 O 1.700799 3.876962 -4.052444
 O -1.682278 -7.523034 0.817470
 O -4.583059 -1.332552 -7.022018
 O -4.403700 1.473502 -0.706233
 O 5.122119 3.732736 -4.557871
 O 1.441163 -1.143809 -1.164517
 O -5.086755 -4.090485 2.217718
 O 1.749872 2.824393 2.237733
 H -5.096715 -2.470427 -0.631867
 H -5.001426 -1.099014 0.030556
 H 2.558726 -2.149656 6.988073
 H 2.521538 -2.504738 5.472204
 H -5.333749 5.930227 -5.399211
 H -5.068447 7.386486 -5.203259
 H 2.367408 3.387557 -1.286357
 H 0.880755 3.085258 -0.817961
 H -5.546490 0.231512 4.480394
 H -4.212937 0.777550 4.766277
 H 0.440506 6.898649 5.903913
 H 0.426822 5.587052 6.830498
 H -1.399467 -6.827915 -2.365670
 H -0.869536 -5.628288 -3.204279
 H 3.803639 1.897515 4.045164
 H 3.564260 0.388783 4.493693
 H -3.220089 -7.400852 6.141273
 H -2.119540 -6.313530 5.812435
 H 1.376049 -1.767735 3.186158
 H 2.687146 -2.618137 3.224099
 H 1.960701 -5.798989 2.691583
 H 2.978369 -5.907363 1.480037
 H -3.188025 -4.576305 4.883133
 H -3.216849 -3.668461 3.803930
 H -4.653321 -7.942899 0.012336
 H -4.950466 -6.547602 -0.726431
 H -3.312429 -3.322293 -3.721851
 H -3.235561 -4.965703 -3.751451
 H 2.974936 -3.522564 -2.326219
 H 1.643523 -3.802311 -1.325174
 H -1.735524 3.647668 -2.191744
 H -1.541591 3.743648 -0.631520
 H -1.492054 -2.249826 0.895257
 H -0.358126 -2.475429 1.750264
 H 0.665433 -4.121652 3.311014
 H -0.623749 -4.962983 2.935830
 H 4.675055 -5.049446 -4.875244
 H 3.853549 -3.845402 -5.397256
 H 3.950616 4.889497 2.545490
 H 5.402460 5.160518 2.302981
 H 5.542478 -3.110628 4.283616
 H 4.829635 -4.363442 4.848600
 H -1.506387 -2.023693 -3.342426
 H -2.842093 -1.234607 -3.585104
 H -0.085372 3.313445 -4.636437
 H -1.284641 2.359916 -4.787293
 H 5.212585 2.310099 1.467997
 H 3.656875 2.273713 1.334229
 H 2.407245 0.758916 -3.306951
 H 2.338170 2.318802 -3.587608
 H -5.027473 3.887028 -6.194565
 H -5.123318 2.692190 -5.301640
 H 5.049109 -6.402181 0.845846
 H 5.774895 -5.246580 0.170638
 H 0.049003 -0.713264 -6.844008
 H 1.193639 0.080629 -6.118429
 H -2.863199 -0.197231 -5.820685
 H -3.409058 1.151621 -5.274483
 H -0.221736 -0.260049 1.827362
 H 0.930456 -0.682786 0.761442
 H 5.439768 -2.866075 -4.039946
 H 6.460917 -2.360137 -2.975184
 H 4.339734 0.433380 -0.735096
 H 5.114938 -0.738441 -1.402540
 H 0.143809 5.175348 4.448621
 H -0.718900 4.131085 3.804450
 H -4.280439 -0.094434 -2.289630
 H -5.362554 -0.458338 -3.297246
 H -0.512044 -4.107245 -1.644030
 H -0.692958 -3.611991 -0.167920
 H 5.457911 5.019758 -7.322069
 H 5.309348 4.095601 -8.529012
 H 3.306147 6.061850 5.002873
 H 4.013175 6.277341 6.406455
 H -6.055160 4.866473 -2.455347
 H -4.833416 5.765507 -2.294788
 H -0.893932 1.583626 -2.492225
 H 0.610758 1.770427 -2.225347
 H -3.665985 -4.110118 -1.608761
 H -4.029423 -4.416935 -0.011492
 H -3.523605 5.590456 1.944878
 H -3.609109 6.058245 3.399659
 H -2.711721 3.675227 3.010313
 H -3.470773 3.415067 4.339169
 H -2.064498 -1.406348 -1.428795
 H -2.115068 -0.291623 -0.428316
 H -2.030481 -1.831666 4.451566
 H -1.671960 -2.266117 5.848261
 H 0.811803 2.967223 4.879183
 H -0.450019 2.763730 5.424897
 H -4.550300 2.657898 2.638356
 H -3.782601 2.374166 1.334778
 H 3.772788 5.886041 -1.361099
 H 3.987004 5.390032 -2.817437
 H 0.724166 -4.860393 -3.690112
 H 1.754995 -5.522178 -2.781675
 H -3.927850 4.412455 -3.609181
 H -2.418037 4.084810 -3.750620
 H 5.261533 0.662625 7.482184
 H 4.762010 1.333533 6.188577
 H -2.057155 1.594545 2.423046
 H -0.643837 1.406909 1.656692
 H 0.722620 -1.485737 -2.791838
 H 0.216827 -1.145770 -4.359021
 H 0.673396 -3.444173 -4.811142
 H 0.538067 -3.078557 -6.226825
 H 7.226713 -6.369858 4.988221
 H 6.867754 -5.694035 3.653099
 H 4.270707 -3.729503 1.156705
 H 3.634749 -2.458839 0.387565
 H 6.368314 -0.638991 2.445490
 H 5.146197 -1.558952 2.579195
 H 1.658404 3.704680 -5.018501
 H 1.680563 4.851779 -4.041954
 H -1.140001 -7.368675 1.617291
 H -2.249087 -6.724061 0.742651
 H -5.376928 -1.467499 -6.475036
 H -4.088308 -2.178214 -6.912179
 H -4.396201 2.320152 -1.199056
 H -5.260045 1.051097 -0.923376
 H 4.465798 4.212098 -5.115113
 H 5.158313 2.899272 -5.088949
 H 2.434411 -1.008516 -1.114804
 H 1.182330 -0.247097 -1.505539
 H -4.157738 -3.785750 2.373727
 H -5.496702 -3.213176 2.021705
 H 1.891113 3.772422 2.385779
 H 1.546842 2.777594 1.271740
K_POINTS
 1
0.0 0.0 0.0 1.0