
&control
    calculation='scf'
    pseudo_dir = './',
    outdir='./outputs',
    disk_io='high'
/
&system
    ibrav= 1, celldm(1)=20.000000, nat=  192, ntyp= 2,
    ecutwfc = 30.0, nosym=.true., occupations='smearing',
    smearing='m-v', degauss=0.025
/
&electrons
    conv_thr =  1.0d-8,
    mixing_beta = 0.7
/
&ions
    pot_extrapolation='second-order'
    wfc_extrapolation='second-order'
    ion_temperature = 'andersen'
    tempw = 1000

/
ATOMIC_SPECIES
 H  1.01  H.blyp-hgh.UPF
 O  16.0  O.blyp-hgh.UPF
ATOMIC_POSITIONS bohr
 O -5.627344 -1.636887 -0.522003
 O 3.134862 -2.408498 6.238260
 O -5.754654 6.791921 -5.638591
 O 1.733480 2.669137 -1.070896
 O -4.976746 0.982118 4.207781
 O 0.266438 5.936594 5.946955
 O -1.506701 -5.877393 -2.516959
 O 3.380194 1.315087 4.721324
 O -2.914758 -6.747416 5.465491
 O 1.794643 -2.498953 3.680804
 O 2.623641 -6.379888 2.253044
 O -3.157249 -3.610278 4.789967
 O -4.469071 -6.984372 -0.009591
 O -3.708661 -4.170149 -4.058077
 O 2.413712 -4.169229 -1.863387
 O -1.693767 3.095747 -1.391080
 O -1.218416 -2.885385 1.605140
 O 0.080908 -4.868682 3.587274
 O 4.332916 -4.184089 -4.559465
 O 4.732851 4.435845 2.158629
 O 5.177927 -3.981812 4.016853
 O -2.463153 -1.946312 -3.013727
 O -1.075968 3.335505 -4.689070
 O 4.451667 1.708553 1.362255
 O 2.950283 1.552796 -3.449153
 O -4.593697 3.519115 -5.402249
 O 4.873971 -5.566492 0.373354
 O 0.655651 -0.742364 -6.070705
 O -2.643749 0.556422 -5.212831
 O 0.582903 -0.805924 1.677028
 O 5.995114 -2.044794 -3.774864
 O 4.265671 -0.249593 -1.439342
 O 0.264994 4.387458 3.857295
 O -4.653145 0.190698 -3.143096
 O -0.065700 -4.069832 -0.777927
 O 5.493331 4.053552 -7.559579
 O 3.999283 6.571842 5.464568
 O -5.808730 5.808302 -2.201420
 O -0.011296 1.175027 -2.699837
 O -4.344857 -4.188575 -0.888730
 O -2.944206 5.855016 2.685887
 O -2.858946 2.973889 3.708020
 O -2.110481 -1.260940 -0.449073
 O -1.723379 -1.458374 5.294338
 O 0.414669 2.344586 5.535452
 O -4.473098 2.943522 1.711031
 O 3.660787 5.111887 -1.949183
 O 1.251290 -5.667617 -3.631616
 O -3.063182 4.655332 -3.255808
 O 5.608694 1.181773 6.724191
 O -1.362226 0.945205 2.163560
 O 0.200302 -1.762042 -3.590068
 O 0.165457 -3.733014 -5.596648
 O 7.249576 -6.511866 4.022930
 O 3.837635 -2.857431 1.254597
 O 6.050597 -1.411542 2.955133
 O 1.702405 3.878543 -4.051076
 O -1.677841 -7.526461 0.814518
 O -4.579471 -1.331595 -7.024545
 O -4.405274 1.471882 -0.705316
 O 5.118274 3.735137 -4.563822
 O 1.441796 -1.144043 -1.160268
 O -5.086460 -4.096324 2.212763
 O 1.750016 2.822045 2.238413
 H -5.099972 -2.472457 -0.636692
 H -5.017135 -1.107230 0.055264
 H 2.560096 -2.134216 6.984818
 H 2.529431 -2.504594 5.471691
 H -5.333561 5.937325 -5.397272
 H -5.062430 7.384820 -5.211901
 H 2.362202 3.397271 -1.288420
 H 0.881630 3.073385 -0.820033
 H -5.546254 0.224968 4.477621
 H -4.203934 0.778931 4.766444
 H 0.434953 6.899850 5.908136
 H 0.434638 5.578699 6.829946
 H -1.418908 -6.831318 -2.368449
 H -0.868882 -5.630768 -3.200487
 H 3.804314 1.894326 4.038699
 H 3.578764 0.390167 4.494977
 H -3.227045 -7.398219 6.140378
 H -2.117048 -6.322062 5.823909
 H 1.365002 -1.764001 3.185780
 H 2.682500 -2.628655 3.220565
 H 1.962116 -5.784323 2.684207
 H 2.971051 -5.907145 1.474615
 H -3.187009 -4.577705 4.894673
 H -3.221357 -3.670278 3.807004
 H -4.657977 -7.940027 -0.000524
 H -4.953282 -6.535310 -0.720049
 H -3.326568 -3.314587 -3.718613
 H -3.227227 -4.962087 -3.764576
 H 2.970966 -3.518214 -2.320203
 H 1.642036 -3.813155 -1.325212
 H -1.724014 3.644063 -2.200109
 H -1.540244 3.754832 -0.645694
 H -1.496483 -2.247762 0.891038
 H -0.351979 -2.481453 1.744246
 H 0.671052 -4.132513 3.307781
 H -0.631110 -4.960092 2.939815
 H 4.664496 -5.047393 -4.871417
 H 3.854820 -3.857483 -5.399715
 H 3.952254 4.892480 2.537251
 H 5.408313 5.156496 2.294379
 H 5.532267 -3.112905 4.302582
 H 4.840169 -4.375845 4.853059
 H -1.508577 -2.030858 -3.343154
 H -2.835840 -1.235423 -3.594560
 H -0.083435 3.326582 -4.646587
 H -1.281751 2.356148 -4.774779
 H 5.211382 2.312812 1.462202
 H 3.658142 2.273049 1.329418
 H 2.403983 0.767980 -3.298326
 H 2.334716 2.313863 -3.584767
 H -5.020734 3.896610 -6.199064
 H -5.127360 2.696318 -5.295473
 H 5.046313 -6.405327 0.841678
 H 5.775802 -5.247290 0.180525
 H 0.052871 -0.711845 -6.849224
 H 1.185733 0.080647 -6.107746
 H -2.858253 -0.199900 -5.822211
 H -3.416368 1.148265 -5.280265
 H -0.226569 -0.271379 1.829801
 H 0.927980 -0.678385 0.762887
 H 5.429487 -2.853982 -4.027857
 H 6.459635 -2.370356 -2.974897
 H 4.348773 0.428893 -0.735708
 H 5.103761 -0.745504 -1.405144
 H 0.144998 5.178677 4.435071
 H -0.720018 4.136154 3.793216
 H -4.281129 -0.095383 -2.286098
 H -5.363506 -0.465706 -3.294378
 H -0.511967 -4.111988 -1.643338
 H -0.683645 -3.603166 -0.164407
 H 5.445978 5.014841 -7.328363
 H 5.305849 4.097033 -8.534238
 H 3.313005 6.062993 4.992495
 H 4.031035 6.269907 6.400525
 H -6.036241 4.869111 -2.459731
 H -4.843688 5.763390 -2.295597
 H -0.888498 1.586183 -2.477074
 H 0.615449 1.766653 -2.221978
 H -3.666412 -4.116152 -1.604046
 H -4.026448 -4.420059 -0.012126
 H -3.516265 5.590493 1.942154
 H -3.617017 6.063288 3.392317
 H -2.729920 3.672238 3.000578
 H -3.461161 3.406117 4.347438
 H -2.066885 -1.403464 -1.427480
 H -2.121715 -0.283575 -0.426107
 H -2.028244 -1.826207 4.450722
 H -1.674650 -2.270618 5.840470
 H 0.806553 2.965663 4.870030
 H -0.442615 2.772701 5.413266
 H -4.537636 2.655857 2.641963
 H -3.784306 2.372356 1.333322
 H 3.766392 5.882931 -1.356846
 H 3.990748 5.392231 -2.814723
 H 0.721391 -4.857812 -3.683517
 H 1.751882 -5.527400 -2.781515
 H -3.932378 4.411074 -3.610986
 H -2.429586 4.081732 -3.747604
 H 5.263478 0.665261 7.486874
 H 4.764463 1.347462 6.197463
 H -2.059273 1.599133 2.419006
 H -0.643617 1.394344 1.656394
 H 0.731248 -1.493702 -2.795478
 H 0.220548 -1.142457 -4.352866
 H 0.659709 -3.438337 -4.805570
 H 0.526662 -3.067189 -6.220162
 H 7.235128 -6.374623 4.990047
 H 6.864733 -5.694242 3.655664
 H 4.263616 -3.735544 1.163268
 H 3.636782 -2.455071 0.391198
 H 6.383174 -0.642949 2.451839
 H 5.155288 -1.567533 2.555028
 H 1.657577 3.712362 -5.018228
 H 1.688716 4.854220 -4.047682
 H -1.137744 -7.386179 1.618699
 H -2.245945 -6.726923 0.757582
 H -5.369667 -1.456154 -6.470478
 H -4.084468 -2.176957 -6.904150
 H -4.406706 2.312828 -1.208262
 H -5.254400 1.043777 -0.943590
 H 4.446868 4.197958 -5.117200
 H 5.160795 2.901355 -5.090033
 H 2.432607 -1.009550 -1.107059
 H 1.181377 -0.247032 -1.495519
 H -4.167918 -3.776351 2.395449
 H -5.497309 -3.216532 2.025174
 H 1.901168 3.769932 2.386081
 H 1.567481 2.766392 1.266384
K_POINTS
 1
0.0 0.0 0.0 1.0