
&control
    calculation='scf'
    pseudo_dir = './',
    outdir='./outputs',
    disk_io='high'
/
&system
    ibrav= 1, celldm(1)=20.000000, nat=  192, ntyp= 2,
    ecutwfc = 30.0, nosym=.true., occupations='smearing',
    smearing='m-v', degauss=0.025
/
&electrons
    conv_thr =  1.0d-8,
    mixing_beta = 0.7
/
&ions
    pot_extrapolation='second-order'
    wfc_extrapolation='second-order'
    ion_temperature = 'andersen'
    tempw = 1000

/
ATOMIC_SPECIES
 H  1.01  H.blyp-hgh.UPF
 O  16.0  O.blyp-hgh.UPF
ATOMIC_POSITIONS bohr
 O -5.261501 -1.542831 -1.478735
 O 3.944888 -2.141101 5.389020
 O -5.738106 5.383843 -5.489931
 O -0.179185 3.727309 -1.533356
 O -4.721993 0.758603 3.893442
 O -0.233730 5.450664 5.212734
 O -0.128245 -5.390734 -3.405238
 O 2.398675 0.191356 3.617294
 O -2.852155 -5.292384 5.643401
 O 1.937879 -2.899633 1.841928
 O 2.539867 -6.094821 2.906354
 O -4.109400 -3.029579 4.441891
 O -4.438703 -5.885871 0.723109
 O -3.596232 -5.693703 -3.721723
 O 2.288689 -2.750086 -2.254950
 O -1.936616 2.441322 1.162471
 O -1.193001 -1.631542 1.809659
 O 0.212330 -4.218861 3.734355
 O 5.419014 -4.253283 -4.969834
 O 5.467785 4.908868 2.193697
 O 5.927552 -2.983310 3.258356
 O -3.241030 -2.941600 -3.842206
 O -0.890532 2.628799 -4.943576
 O 3.904772 2.355509 2.874502
 O 2.328147 1.329905 -3.101903
 O -4.877552 2.745811 -6.198571
 O 4.467600 -5.971709 -1.245005
 O 1.983240 -1.296345 -4.606597
 O -2.031286 0.184559 -4.830490
 O 0.899809 -0.325666 0.739466
 O 4.765388 -1.743120 -3.701261
 O 5.184315 0.084279 -0.112787
 O -0.196277 4.578433 1.892774
 O -5.105341 0.724253 -4.005212
 O 0.727447 -3.823926 -0.371795
 O 4.575856 3.665442 -4.433831
 O 3.461368 5.466517 5.851271
 O -5.203318 3.821688 -1.926804
 O -0.373671 1.022587 -1.692356
 O -3.074519 -3.418230 -1.055256
 O -2.631659 5.476981 3.329426
 O -1.522984 2.804007 4.094239
 O -2.616162 -0.282008 -0.697787
 O -1.536192 -2.175741 4.879275
 O 0.661800 1.844790 4.942403
 O -4.743673 3.337261 1.404498
 O 2.871859 3.950460 -0.617020
 O 2.696685 -6.016567 -3.607593
 O -2.580261 4.532757 -2.322382
 O 5.498981 0.618159 5.337086
 O -3.035112 0.251178 1.982611
 O -0.668338 -2.385733 -2.377224
 O 0.011131 -3.308783 -5.486541
 O 5.730207 -5.963555 4.338303
 O 5.029774 -3.093636 -0.208108
 O 4.654644 -0.712996 2.449980
 O 1.141352 4.320506 -4.312226
 O -0.669674 -5.818784 0.456601
 O -5.534458 -1.429013 -5.734084
 O -4.639104 1.347207 -0.862478
 O 5.191667 1.528910 -2.560072
 O 2.816707 -0.283174 -1.072117
 O -5.281455 -1.259118 1.291991
 O 1.561220 2.609788 1.468697
 H -5.160989 -1.403525 -0.506409
 H -4.478533 -1.022506 -1.770735
 H 3.622985 -2.905529 5.897763
 H 3.226030 -1.872661 4.784719
 H -6.407747 4.950217 -4.918784
 H -5.602159 4.733200 -6.205024
 H 0.336214 3.049395 -1.057777
 H 0.505484 4.290696 -1.927435
 H -5.573878 0.291586 3.808770
 H -4.799172 1.357028 4.671187
 H 0.191141 6.321354 5.107309
 H 0.065351 5.134146 6.080531
 H -0.454683 -5.489158 -2.494490
 H -0.886833 -5.701018 -3.934223
 H 2.630909 1.110966 3.359956
 H 1.425950 0.184102 3.650419
 H -3.456294 -5.487395 6.387818
 H -1.970285 -5.415209 6.037114
 H 2.057095 -2.039445 1.391528
 H 2.849537 -3.244690 1.857794
 H 3.268110 -6.427992 2.350178
 H 1.731472 -6.487181 2.527929
 H -3.300144 -3.434827 4.079998
 H -4.505588 -2.436562 3.767798
 H -3.795262 -6.535493 0.378531
 H -4.249317 -5.052385 0.245880
 H -4.462483 -5.382972 -3.403943
 H -3.634037 -6.667933 -3.703985
 H 2.285085 -1.786605 -2.110351
 H 1.863491 -3.075735 -1.403629
 H -1.144540 2.978064 0.941641
 H -1.681272 1.508691 1.037600
 H -0.334075 -1.345651 1.329154
 H -0.843597 -1.657379 2.723061
 H 1.078698 -3.920741 3.351909
 H -0.406395 -3.866841 3.066453
 H 6.170754 -4.866830 -5.105811
 H 5.686101 -3.319196 -4.772586
 H 5.778490 5.365932 3.013559
 H 6.301084 5.008039 1.694108
 H 5.455347 -2.333555 2.691918
 H 6.240899 -3.697906 2.675640
 H -2.340190 -2.744707 -4.155348
 H -3.756910 -2.938911 -4.667455
 H -0.365999 2.872530 -4.164564
 H -1.330223 1.774990 -4.740677
 H 4.791615 2.620533 3.172057
 H 3.477688 3.189244 2.615119
 H 2.827481 1.048982 -3.887851
 H 1.819219 2.101174 -3.418532
 H -4.994346 2.102029 -5.463105
 H -3.979779 3.094637 -6.047611
 H 4.105758 -5.082550 -1.412374
 H 5.398480 -5.792886 -1.035751
 H 2.754537 -1.282759 -5.208417
 H 1.258627 -0.987425 -5.176555
 H -1.974816 -0.503426 -5.524375
 H -2.893452 0.613293 -4.993534
 H 0.915569 0.622129 1.031657
 H 1.386349 -0.365261 -0.128044
 H 3.993354 -2.191821 -3.316016
 H 5.370221 -1.640538 -2.944478
 H 5.391498 0.990696 -0.435219
 H 5.902082 -0.379937 -0.589079
 H -0.676042 3.970131 2.480204
 H -0.728587 5.371788 2.116177
 H -4.703559 0.800308 -3.116597
 H -6.081315 0.736240 -3.939250
 H 0.455175 -4.737318 -0.590482
 H 1.193030 -3.816435 0.507913
 H 3.654853 3.965193 -4.570180
 H 4.648915 2.835986 -4.940633
 H 3.366581 5.182604 4.917625
 H 2.718956 6.075862 6.000167
 H -5.652501 3.878882 -1.054019
 H -4.674960 4.643314 -1.832761
 H 0.025088 0.279378 -2.179983
 H -1.233548 0.608625 -1.317310
 H -2.978339 -3.020995 -1.942034
 H -2.480863 -4.182422 -1.196862
 H -3.477183 5.775350 2.951842
 H -2.711852 5.813570 4.246033
 H -1.390142 2.058938 3.468640
 H -2.176616 3.305966 3.563079
 H -2.107328 -1.100899 -0.570562
 H -3.065839 -0.084229 0.164913
 H -2.509281 -2.297749 4.934556
 H -1.087938 -2.964362 5.239614
 H 1.435323 1.545851 5.445848
 H 0.208312 2.475319 5.530331
 H -5.151537 3.581232 2.251678
 H -3.879065 2.943707 1.631503
 H 3.380361 4.693167 -0.240623
 H 2.845829 4.155297 -1.567524
 H 3.599521 -5.689702 -3.795517
 H 2.183552 -5.177507 -3.627430
 H -2.475859 3.940621 -3.087777
 H -1.861022 4.251549 -1.720674
 H 5.932708 -0.226656 5.592593
 H 4.585923 0.281801 5.306224
 H -2.526770 -0.580730 2.136427
 H -3.775087 0.358358 2.615763
 H 0.095766 -2.990227 -2.491993
 H -0.578116 -2.024872 -1.477567
 H 0.330759 -3.221628 -4.569101
 H 0.782817 -2.942552 -5.955710
 H 4.973380 -5.834407 4.955829
 H 6.480303 -5.596037 4.837639
 H 5.850449 -3.336756 0.269921
 H 4.745768 -2.316867 0.315031
 H 4.765879 -0.120977 1.662958
 H 3.838347 -0.482879 2.975185
 H 1.321818 3.980036 -5.207971
 H 1.578329 5.186564 -4.381579
 H -1.089377 -6.674593 0.238648
 H -1.334589 -5.106407 0.438743
 H -5.271062 -1.929356 -6.531525
 H -4.705375 -0.993056 -5.472092
 H -4.169659 2.187423 -1.050288
 H -4.780510 1.340215 0.101033
 H 5.817734 2.280348 -2.565537
 H 4.314953 1.957122 -2.467438
 H 3.740834 -0.054242 -0.771645
 H 2.575051 0.306702 -1.819955
 H -6.147632 -0.936697 1.587243
 H -4.849587 -1.516418 2.118814
 H 0.790751 3.189072 1.359293
 H 2.137415 2.977933 0.750556
K_POINTS
 1
0.0 0.0 0.0 1.0