
&control
    calculation='scf'
    pseudo_dir = './',
    outdir='./outputs',
    disk_io='high'
/
&system
    ibrav= 1, celldm(1)=20.000000, nat=  192, ntyp= 2,
    ecutwfc = 30.0, nosym=.true., occupations='smearing',
    smearing='m-v', degauss=0.025
/
&electrons
    conv_thr =  1.0d-8,
    mixing_beta = 0.7
/
&ions
    pot_extrapolation='second-order'
    wfc_extrapolation='second-order'
    ion_temperature = 'andersen'
    tempw = 1000

/
ATOMIC_SPECIES
 H  1.01  H.blyp-hgh.UPF
 O  16.0  O.blyp-hgh.UPF
ATOMIC_POSITIONS bohr
 O -5.628557 -1.636951 -0.515986
 O 3.144142 -2.404604 6.242595
 O -5.757423 6.797590 -5.642573
 O 1.740630 2.665571 -1.069458
 O -4.976572 0.981654 4.215649
 O 0.270165 5.936460 5.953751
 O -1.508195 -5.878596 -2.516362
 O 3.387724 1.314753 4.724587
 O -2.910577 -6.749483 5.467265
 O 1.790391 -2.496225 3.677374
 O 2.619379 -6.371422 2.251630
 O -3.151397 -3.612176 4.795038
 O -4.460345 -6.982470 -0.011857
 O -3.705372 -4.164803 -4.064523
 O 2.415261 -4.178279 -1.862658
 O -1.690503 3.094914 -1.392778
 O -1.217160 -2.884854 1.602148
 O 0.075357 -4.868264 3.587720
 O 4.331723 -4.179888 -4.554759
 O 4.737539 4.429936 2.159061
 O 5.173491 -3.982900 4.023324
 O -2.462753 -1.938571 -3.013267
 O -1.074726 3.334584 -4.695653
 O 4.454148 1.706700 1.352976
 O 2.955303 1.555137 -3.449870
 O -4.594884 3.522892 -5.406416
 O 4.870902 -5.561720 0.382244
 O 0.653542 -0.746604 -6.076928
 O -2.649795 0.558186 -5.215423
 O 0.583885 -0.810159 1.678475
 O 6.002519 -2.040492 -3.770438
 O 4.262946 -0.251544 -1.440226
 O 0.256757 4.385719 3.851933
 O -4.657260 0.182999 -3.139165
 O -0.068361 -4.073854 -0.777612
 O 5.500242 4.048068 -7.569549
 O 4.000715 6.567459 5.461767
 O -5.815970 5.813396 -2.200146
 O -0.010504 1.176442 -2.700346
 O -4.351777 -4.190626 -0.884609
 O -2.945673 5.863363 2.687139
 O -2.856289 2.968700 3.703852
 O -2.118251 -1.247976 -0.446739
 O -1.725838 -1.454954 5.296381
 O 0.420648 2.344450 5.532020
 O -4.474344 2.939186 1.715786
 O 3.659660 5.117167 -1.949764
 O 1.245772 -5.668330 -3.628048
 O -3.074941 4.657391 -3.259085
 O 5.613487 1.184201 6.725895
 O -1.361345 0.956595 2.166767
 O 0.201921 -1.764088 -3.589003
 O 0.164470 -3.738185 -5.596901
 O 7.247349 -6.512162 4.024213
 O 3.839493 -2.857658 1.256487
 O 6.046908 -1.412889 2.952414
 O 1.704710 3.880984 -4.049344
 O -1.671007 -7.531666 0.809931
 O -4.574075 -1.330291 -7.028150
 O -4.407678 1.469446 -0.703937
 O 5.112300 3.738927 -4.572891
 O 1.442929 -1.144137 -1.153915
 O -5.085742 -4.104865 2.205191
 O 1.750289 2.818381 2.239123
 H -5.105263 -2.475768 -0.644175
 H -5.041707 -1.120175 0.091268
 H 2.562473 -2.110760 6.979011
 H 2.541077 -2.503827 5.470359
 H -5.334493 5.947686 -5.394025
 H -5.054813 7.382853 -5.225354
 H 2.353993 3.411739 -1.291873
 H 0.883056 3.056479 -0.823364
 H -5.545626 0.216037 4.472780
 H -4.190217 0.781189 4.766142
 H 0.426583 6.902026 5.915765
 H 0.446374 5.567174 6.829643
 H -1.448061 -6.836048 -2.372874
 H -0.867160 -5.635675 -3.195152
 H 3.804689 1.887935 4.029557
 H 3.600691 0.392486 4.496198
 H -3.236147 -7.393457 6.138811
 H -2.112460 -6.335586 5.841708
 H 1.348709 -1.758182 3.184753
 H 2.673271 -2.644145 3.215744
 H 1.964314 -5.763056 2.672630
 H 2.959964 -5.906336 1.466495
 H -3.185588 -4.580846 4.914239
 H -3.227785 -3.671257 3.812430
 H -4.665338 -7.935432 -0.019693
 H -4.958766 -6.517561 -0.710570
 H -3.346936 -3.304169 -3.713571
 H -3.213466 -4.956169 -3.783482
 H 2.964268 -3.511254 -2.310888
 H 1.640945 -3.828981 -1.326211
 H -1.707331 3.638167 -2.211982
 H -1.539056 3.770818 -0.667570
 H -1.504501 -2.244846 0.884980
 H -0.340927 -2.489892 1.736290
 H 0.678696 -4.148159 3.303149
 H -0.642533 -4.955292 2.945009
 H 4.650373 -5.043687 -4.864442
 H 3.857410 -3.874836 -5.401181
 H 3.953268 4.897203 2.524510
 H 5.417034 5.148639 2.281528
 H 5.517180 -3.116710 4.330325
 H 4.855894 -4.394689 4.858827
 H -1.512097 -2.041052 -3.343690
 H -2.826490 -1.236312 -3.608145
 H -0.081984 3.346391 -4.661161
 H -1.277214 2.352308 -4.756204
 H 5.209249 2.317121 1.453426
 H 3.659953 2.272290 1.322731
 H 2.398834 0.781622 -3.285403
 H 2.330320 2.305574 -3.580183
 H -5.011399 3.910433 -6.205896
 H -5.133444 2.702956 -5.286106
 H 5.041848 -6.410526 0.835048
 H 5.777177 -5.248133 0.194964
 H 0.058036 -0.709511 -6.856341
 H 1.173388 0.080791 -6.092133
 H -2.850304 -0.202726 -5.824339
 H -3.427374 1.142706 -5.288535
 H -0.233840 -0.288708 1.833424
 H 0.923641 -0.672142 0.765282
 H 5.415017 -2.834315 -4.009817
 H 6.457551 -2.385680 -2.974930
 H 4.362278 0.422252 -0.736604
 H 5.087469 -0.756609 -1.408794
 H 0.147899 5.183932 4.415470
 H -0.718569 4.143720 3.776052
 H -4.282109 -0.096219 -2.280890
 H -5.365180 -0.476698 -3.290786
 H -0.512342 -4.119596 -1.641612
 H -0.668978 -3.590331 -0.159009
 H 5.427954 5.006276 -7.338077
 H 5.301178 4.098398 -8.541323
 H 3.323082 6.064717 4.977493
 H 4.056971 6.258478 6.390100
 H -6.008729 4.874894 -2.465747
 H -4.857902 5.761056 -2.297880
 H -0.879012 1.589320 -2.454271
 H 0.622675 1.761140 -2.217301
 H -3.667268 -4.125833 -1.595020
 H -4.020304 -4.425155 -0.012384
 H -3.505944 5.590400 1.937863
 H -3.628747 6.069938 3.381126
 H -2.758172 3.667288 2.987674
 H -3.446215 3.392530 4.359523
 H -2.070978 -1.400227 -1.425816
 H -2.131738 -0.271549 -0.421717
 H -2.024957 -1.817783 4.448973
 H -1.678533 -2.277167 5.828632
 H 0.800249 2.962323 4.856082
 H -0.433742 2.785215 5.397264
 H -4.518649 2.652378 2.647425
 H -3.787432 2.369225 1.330610
 H 3.757290 5.878553 -1.350687
 H 3.996741 5.395538 -2.810804
 H 0.717819 -4.853811 -3.674099
 H 1.747371 -5.534501 -2.781802
 H -3.939450 4.408042 -3.614580
 H -2.446763 4.077210 -3.744488
 H 5.266756 0.669625 7.493755
 H 4.769583 1.367830 6.210684
 H -2.061177 1.605514 2.413325
 H -0.644815 1.376564 1.657161
 H 0.743691 -1.505299 -2.801773
 H 0.226915 -1.136588 -4.343830
 H 0.638593 -3.429129 -4.796605
 H 0.508827 -3.050392 -6.210743
 H 7.247606 -6.380746 4.992864
 H 6.859727 -5.693395 3.659558
 H 4.252753 -3.744407 1.172023
 H 3.640425 -2.450437 0.396523
 H 6.405511 -0.648704 2.461878
 H 5.169939 -1.580613 2.518753
 H 1.656886 3.722767 -5.018000
 H 1.700865 4.858986 -4.054699
 H -1.134567 -7.412300 1.620372
 H -2.240483 -6.732152 0.779558
 H -5.358993 -1.438968 -6.463220
 H -4.079096 -2.174769 -6.892741
 H -4.422089 2.301020 -1.222028
 H -5.245558 1.033501 -0.973950
 H 4.419131 4.176563 -5.119359
 H 5.165325 2.903623 -5.090815
 H 2.429576 -1.011353 -1.095877
 H 1.179175 -0.247301 -1.480056
 H -4.184179 -3.763443 2.427319
 H -5.499229 -3.222070 2.031180
 H 1.915497 3.766938 2.386739
 H 1.598977 2.749703 1.259416
K_POINTS
 1
0.0 0.0 0.0 1.0