
&control
    calculation='scf'
    pseudo_dir = './',
    outdir='./outputs',
    disk_io='high'
/
&system
    ibrav= 1, celldm(1)=20.000000, nat=  192, ntyp= 2,
    ecutwfc = 30.0, nosym=.true., occupations='smearing',
    smearing='m-v', degauss=0.025
/
&electrons
    conv_thr =  1.0d-8,
    mixing_beta = 0.7
/
&ions
    pot_extrapolation='second-order'
    wfc_extrapolation='second-order'
    ion_temperature = 'andersen'
    tempw = 1000

/
ATOMIC_SPECIES
 H  1.01  H.blyp-hgh.UPF
 O  16.0  O.blyp-hgh.UPF
ATOMIC_POSITIONS bohr
 O -5.630637 -1.636985 -0.501476
 O 3.165588 -2.395705 6.253059
 O -5.762286 6.810541 -5.651334
 O 1.757491 2.657507 -1.065533
 O -4.976180 0.980485 4.234175
 O 0.278540 5.935927 5.968875
 O -1.512291 -5.880094 -2.514483
 O 3.405906 1.314552 4.732250
 O -2.901075 -6.754271 5.471955
 O 1.781445 -2.490243 3.668943
 O 2.608999 -6.351450 2.248731
 O -3.137896 -3.617987 4.805508
 O -4.439072 -6.977840 -0.015922
 O -3.698776 -4.152578 -4.080231
 O 2.418940 -4.199736 -1.860119
 O -1.682103 3.093694 -1.396481
 O -1.214903 -2.883487 1.594091
 O 0.063194 -4.867826 3.589152
 O 4.327984 -4.169961 -4.544907
 O 4.749651 4.417426 2.160391
 O 5.163107 -3.984839 4.039131
 O -2.461456 -1.920641 -3.013225
 O -1.072123 3.331221 -4.710763
 O 4.460262 1.701739 1.330967
 O 2.967242 1.560559 -3.451994
 O -4.597448 3.531534 -5.416548
 O 4.863822 -5.550436 0.403119
 O 0.649265 -0.756424 -6.091123
 O -2.663812 0.561999 -5.221847
 O 0.586801 -0.820341 1.682172
 O 6.019264 -2.031560 -3.759762
 O 4.255653 -0.255967 -1.441942
 O 0.235544 4.381744 3.838501
 O -4.667050 0.164670 -3.129919
 O -0.074164 -4.082966 -0.776703
 O 5.515713 4.035638 -7.592579
 O 4.004340 6.557160 5.455557
 O -5.833364 5.824025 -2.198165
 O -0.008905 1.179777 -2.701060
 O -4.368779 -4.194633 -0.876226
 O -2.948961 5.883458 2.690313
 O -2.849052 2.957462 3.693769
 O -2.136339 -1.217113 -0.441416
 O -1.730985 -1.447025 5.301448
 O 0.434867 2.344984 5.523627
 O -4.477848 2.929394 1.726275
 O 3.656275 5.128821 -1.950581
 O 1.232526 -5.670826 -3.619911
 O -3.102765 4.662307 -3.266518
 O 5.623509 1.189749 6.730270
 O -1.359721 0.982588 2.174031
 O 0.205491 -1.770252 -3.586200
 O 0.162691 -3.749818 -5.597983
 O 7.241913 -6.512574 4.026660
 O 3.843707 -2.857781 1.262139
 O 6.037608 -1.416238 2.945415
 O 1.709607 3.887303 -4.046897
 O -1.654261 -7.544079 0.798618
 O -4.561416 -1.327932 -7.035667
 O -4.413774 1.463756 -0.700907
 O 5.097367 3.748711 -4.594626
 O 1.446187 -1.143355 -1.139158
 O -5.082838 -4.123538 2.186972
 O 1.751258 2.809328 2.239271
 H -5.119413 -2.483071 -0.661626
 H -5.102251 -1.153081 0.170731
 H 2.570244 -2.055442 6.960488
 H 2.568490 -2.499254 5.466189
 H -5.342582 5.968954 -5.384934
 H -5.043610 7.382323 -5.258563
 H 2.331971 3.442729 -1.301184
 H 0.885780 3.021471 -0.831623
 H -5.541208 0.200466 4.458793
 H -4.160681 0.787157 4.761357
 H 0.407281 6.908545 5.940268
 H 0.473887 5.545626 6.831708
 H -1.515920 -6.844622 -2.384927
 H -0.858806 -5.653112 -3.185131
 H 3.802245 1.866106 4.011742
 H 3.652129 0.399036 4.496649
 H -3.251899 -7.379928 6.135145
 H -2.098460 -6.370651 5.885056
 H 1.314890 -1.746396 3.181256
 H 2.641882 -2.677510 3.205837
 H 1.969178 -5.717224 2.644226
 H 2.934178 -5.902493 1.447110
 H -3.182478 -4.590713 4.968871
 H -3.240815 -3.666583 3.829391
 H -4.683849 -7.923004 -0.063447
 H -4.975058 -6.480673 -0.686501
 H -3.389724 -3.285681 -3.700910
 H -3.175852 -4.938809 -3.823592
 H 2.944689 -3.494431 -2.287478
 H 1.642768 -3.863748 -1.332110
 H -1.670786 3.619886 -2.235051
 H -1.539738 3.804848 -0.718672
 H -1.527893 -2.240253 0.874501
 H -0.310159 -2.507656 1.721641
 H 0.693032 -4.180326 3.292994
 H -0.670160 -4.941678 2.953805
 H 4.626806 -5.035195 -4.842050
 H 3.865253 -3.909368 -5.394914
 H 3.950897 4.908645 2.492570
 H 5.437226 5.122274 2.252194
 H 5.483151 -3.126914 4.390983
 H 4.891712 -4.440321 4.867807
 H -1.521110 -2.062113 -3.342285
 H -2.805128 -1.236112 -3.637040
 H -0.085545 3.391897 -4.692128
 H -1.264801 2.351749 -4.714343
 H 5.203074 2.327858 1.432634
 H 3.664293 2.270834 1.309554
 H 2.386351 0.811987 -3.254957
 H 2.323655 2.284773 -3.568618
 H -4.993566 3.938476 -6.221180
 H -5.147601 2.721786 -5.265169
 H 5.029700 -6.424287 0.817656
 H 5.779727 -5.248800 0.226875
 H 0.066103 -0.702927 -6.870980
 H 1.143158 0.082705 -6.058123
 H -2.829533 -0.203725 -5.828758
 H -3.453276 1.127226 -5.306096
 H -0.250862 -0.330547 1.841739
 H 0.911111 -0.659468 0.771253
 H 5.384996 -2.782347 -3.969803
 H 6.453058 -2.420962 -2.976290
 H 4.393211 0.408007 -0.737922
 H 5.055057 -0.786981 -1.416310
 H 0.159125 5.198416 4.374059
 H -0.706252 4.160009 3.734672
 H -4.284249 -0.095973 -2.269511
 H -5.369982 -0.501977 -3.285291
 H -0.516695 -4.139331 -1.634985
 H -0.632142 -3.562646 -0.146593
 H 5.385975 4.981781 -7.360981
 H 5.293143 4.097124 -8.555006
 H 3.344266 6.067425 4.945335
 H 4.113031 6.228915 6.360470
 H -5.952505 4.893160 -2.477803
 H -4.880982 5.762049 -2.307509
 H -0.852189 1.593633 -2.400996
 H 0.640042 1.748118 -2.209085
 H -3.670575 -4.151150 -1.565981
 H -3.999475 -4.438454 -0.010269
 H -3.485348 5.589592 1.926998
 H -3.656226 6.081505 3.355333
 H -2.827888 3.652839 2.966602
 H -3.409021 3.360263 4.386371
 H -2.083038 -1.396561 -1.422097
 H -2.155453 -0.243427 -0.407150
 H -2.017814 -1.796572 4.442180
 H -1.686770 -2.291122 5.800703
 H 0.794580 2.949572 4.822501
 H -0.421801 2.808206 5.368155
 H -4.474992 2.642239 2.660889
 H -3.797816 2.360402 1.321615
 H 3.738789 5.871759 -1.336628
 H 4.013045 5.404015 -2.802958
 H 0.713229 -4.845096 -3.654511
 H 1.738500 -5.547598 -2.783602
 H -3.958883 4.396532 -3.627592
 H -2.484997 4.066684 -3.744141
 H 5.276567 0.682594 7.507569
 H 4.786835 1.412524 6.239844
 H -2.060378 1.619899 2.401904
 H -0.649603 1.344390 1.660690
 H 0.770878 -1.530413 -2.818733
 H 0.244916 -1.119208 -4.324014
 H 0.586245 -3.406046 -4.773926
 H 0.463654 -3.013801 -6.190509
 H 7.275543 -6.390056 4.998987
 H 6.846188 -5.686745 3.669672
 H 4.226118 -3.763109 1.186895
 H 3.651582 -2.444504 0.407448
 H 6.457147 -0.661142 2.487385
 H 5.208437 -1.611453 2.434206
 H 1.657907 3.740857 -5.018339
 H 1.728791 4.873918 -4.062949
 H -1.127837 -7.472709 1.622015
 H -2.224252 -6.748280 0.828365
 H -5.334968 -1.398157 -6.444507
 H -4.068678 -2.167921 -6.869233
 H -4.454830 2.270668 -1.253502
 H -5.222441 1.011676 -1.043677
 H 4.357205 4.126212 -5.119869
 H 5.180025 2.904130 -5.089283
 H 2.422901 -1.016155 -1.071843
 H 1.170408 -0.248832 -1.442747
 H -4.225847 -3.739781 2.498248
 H -5.509234 -3.238197 2.048414
 H 1.944865 3.761394 2.388238
 H 1.674670 2.712163 1.249582
K_POINTS
 1
0.0 0.0 0.0 1.0