
&control
    calculation='scf'
    pseudo_dir = './',
    outdir='./outputs',
    disk_io='high'
/
&system
    ibrav= 1, celldm(1)=20.000000, nat=  192, ntyp= 2,
    ecutwfc = 30.0, nosym=.true., occupations='smearing',
    smearing='m-v', degauss=0.025
/
&electrons
    conv_thr =  1.0d-8,
    mixing_beta = 0.7
/
&ions
    pot_extrapolation='second-order'
    wfc_extrapolation='second-order'
    ion_temperature = 'andersen'
    tempw = 1000

/
ATOMIC_SPECIES
 H  1.01  H.blyp-hgh.UPF
 O  16.0  O.blyp-hgh.UPF
ATOMIC_POSITIONS bohr
 O -5.631314 -1.637051 -0.495155
 O 3.174576 -2.391944 6.257585
 O -5.763712 6.815966 -5.654892
 O 1.764869 2.654285 -1.063642
 O -4.975921 0.979950 4.242207
 O 0.281972 5.935601 5.974993
 O -1.514338 -5.880211 -2.513438
 O 3.413971 1.314628 4.735492
 O -2.896982 -6.756182 5.474192
 O 1.777787 -2.487757 3.665199
 O 2.604420 -6.342797 2.247591
 O -3.132205 -3.621158 4.809559
 O -4.429751 -6.975726 -0.017340
 O -3.696395 -4.147508 -4.087261
 O 2.420652 -4.208986 -1.858742
 O -1.678191 3.093512 -1.398172
 O -1.214055 -2.882716 1.590137
 O 0.058224 -4.867931 3.589905
 O 4.325990 -4.165634 -4.541053
 O 4.755118 4.412617 2.161097
 O 5.158662 -3.985406 4.046239
 O -2.460773 -1.913049 -3.013625
 O -1.071225 3.329392 -4.717082
 O 4.462979 1.699411 1.321394
 O 2.972426 1.562754 -3.453080
 O -4.598454 3.535191 -5.421046
 O 4.860895 -5.545597 0.412127
 O 0.647744 -0.760635 -6.096965
 O -2.669753 0.563527 -5.224714
 O 0.588252 -0.824794 1.683944
 O 6.026225 -2.028151 -3.755004
 O 4.252049 -0.257767 -1.442538
 O 0.226092 4.380161 3.832370
 O -4.671340 0.156684 -3.125936
 O -0.076384 -4.086762 -0.776154
 O 5.522052 4.030410 -7.602340
 O 4.006093 6.552860 5.452911
 O -5.840966 5.828155 -2.197706
 O -0.008196 1.181240 -2.701114
 O -4.376327 -4.196084 -0.872941
 O -2.950282 5.892285 2.691653
 O -2.845538 2.953036 3.689276
 O -2.144044 -1.203730 -0.439229
 O -1.732949 -1.443702 5.303708
 O 0.440876 2.345716 5.519783
 O -4.479561 2.925292 1.730531
 O 3.654457 5.133411 -1.950727
 O 1.226605 -5.672199 -3.616573
 O -3.114846 4.664448 -3.269626
 O 5.627416 1.192051 6.732448
 O -1.359411 0.993101 2.177262
 O 0.206928 -1.773436 -3.584982
 O 0.162193 -3.754472 -5.598615
 O 7.239472 -6.512557 4.027469
 O 3.845494 -2.857718 1.265156
 O 6.033386 -1.417784 2.942126
 O 1.711507 3.890435 -4.046562
 O -1.646747 -7.549514 0.793574
 O -4.556000 -1.327221 -7.038473
 O -4.416721 1.461305 -0.699791
 O 5.090554 3.753302 -4.604152
 O 1.447724 -1.142703 -1.132844
 O -5.081095 -4.130909 2.178989
 O 1.751854 2.805331 2.238694
 H -5.126168 -2.485321 -0.668508
 H -5.128861 -1.168247 0.203118
 H 2.574703 -2.031765 6.950332
 H 2.580891 -2.496021 5.464686
 H -5.348613 5.976174 -5.380360
 H -5.041385 7.384549 -5.273272
 H 2.321024 3.453874 -1.305534
 H 0.886399 3.008329 -0.835166
 H -5.537590 0.196189 4.451992
 H -4.150357 0.789864 4.757096
 H 0.399258 6.911677 5.953846
 H 0.485733 5.538952 6.833768
 H -1.544916 -6.846809 -2.391042
 H -0.853201 -5.663369 -3.181988
 H 3.799842 1.854475 4.005618
 H 3.674003 0.402358 4.496293
 H -3.256831 -7.373902 6.134196
 H -2.091565 -6.387302 5.903796
 H 1.303364 -1.743222 3.179681
 H 2.625197 -2.690176 3.201457
 H 1.970750 -5.699224 2.632000
 H 2.923367 -5.900251 1.438549
 H -3.181109 -4.594693 4.995174
 H -3.245421 -3.662307 3.838300
 H -4.692083 -7.916722 -0.081548
 H -4.982370 -6.467412 -0.674337
 H -3.405743 -3.280422 -3.695135
 H -3.157741 -4.929177 -3.838995
 H 2.934475 -3.487639 -2.276648
 H 1.644706 -3.877628 -1.335595
 H -1.656039 3.609411 -2.242685
 H -1.541302 3.818357 -0.739288
 H -1.539119 -2.239672 0.872440
 H -0.296985 -2.514941 1.716442
 H 0.697669 -4.191828 3.288820
 H -0.681811 -4.934697 2.956527
 H 4.621217 -5.032890 -4.829735
 H 3.868565 -3.920589 -5.388928
 H 3.949089 4.913253 2.477673
 H 5.446193 5.108174 2.240141
 H 5.469092 -3.131592 4.414974
 H 4.906471 -4.460785 4.869696
 H -1.525096 -2.069939 -3.340574
 H -2.796282 -1.234799 -3.648199
 H -0.089709 3.410595 -4.704079
 H -1.258419 2.354542 -4.697289
 H 5.200091 2.332549 1.423623
 H 3.666473 2.269938 1.304916
 H 2.381324 0.823820 -3.241666
 H 2.322110 2.276667 -3.563634
 H -4.987763 3.948031 -6.227011
 H -5.153639 2.731660 -5.257188
 H 5.023552 -6.430455 0.809268
 H 5.780191 -5.248444 0.239839
 H 0.067470 -0.699544 -6.876920
 H 1.129859 0.084505 -6.044774
 H -2.819850 -0.202013 -5.830719
 H -3.464532 1.119534 -5.312938
 H -0.258082 -0.349028 1.845241
 H 0.904976 -0.654930 0.773597
 H 5.373181 -2.758152 -3.954298
 H 6.451792 -2.435718 -2.977067
 H 4.406090 0.402680 -0.737974
 H 5.044412 -0.802445 -1.419191
 H 0.165475 5.205654 4.358304
 H -0.700744 4.165726 3.716280
 H -4.285131 -0.095239 -2.265053
 H -5.372271 -0.512593 -3.283927
 H -0.520590 -4.148493 -1.631349
 H -0.615567 -3.551899 -0.141677
 H 5.368279 4.970019 -7.370392
 H 5.290961 4.094342 -8.560172
 H 3.351891 6.067506 4.932840
 H 4.135088 6.214249 6.346603
 H -5.933415 4.901050 -2.482509
 H -4.885501 5.766339 -2.313078
 H -0.839636 1.594414 -2.378172
 H 0.647586 1.742135 -2.207109
 H -3.672346 -4.163004 -1.551123
 H -3.988760 -4.444343 -0.008986
 H -3.477919 5.589145 1.922285
 H -3.668374 6.084949 3.344923
 H -2.858988 3.645347 2.961615
 H -3.392153 3.346268 4.397389
 H -2.089345 -1.395995 -1.419932
 H -2.165795 -0.231212 -0.399443
 H -2.014989 -1.786535 4.438147
 H -1.689925 -2.296408 5.788788
 H 0.796468 2.941814 4.807777
 H -0.419230 2.814550 5.359793
 H -4.456836 2.637060 2.666886
 H -3.803803 2.356179 1.316550
 H 3.732188 5.871016 -1.330552
 H 4.021171 5.408196 -2.800145
 H 0.713201 -4.842033 -3.647254
 H 1.735814 -5.551732 -2.784273
 H -3.968790 4.389869 -3.635186
 H -2.500278 4.062240 -3.746855
 H 5.281763 0.689534 7.512129
 H 4.795620 1.430374 6.250983
 H -2.058401 1.626853 2.397902
 H -0.650126 1.336274 1.661116
 H 0.782027 -1.540235 -2.826133
 H 0.253685 -1.110719 -4.315938
 H 0.562263 -3.395799 -4.764170
 H 0.442749 -2.999940 -6.182160
 H 7.286795 -6.391882 5.000949
 H 6.839887 -5.682493 3.674865
 H 4.214088 -3.769852 1.190766
 H 3.657401 -2.444010 0.411064
 H 6.478668 -0.666198 2.499143
 H 5.226678 -1.624479 2.398182
 H 1.659477 3.745679 -5.018802
 H 1.740532 4.881005 -4.062806
 H -1.125099 -7.498434 1.621661
 H -2.215920 -6.756533 0.848003
 H -5.324782 -1.380386 -6.435974
 H -4.065138 -2.164301 -6.860517
 H -4.466879 2.257093 -1.266535
 H -5.211162 1.002727 -1.072406
 H 4.331647 4.104601 -5.118245
 H 5.188174 2.902277 -5.087325
 H 2.421136 -1.018147 -1.062415
 H 1.165113 -0.249454 -1.426595
 H -4.244954 -3.732791 2.527135
 H -5.516210 -3.246805 2.056873
 H 1.955432 3.758586 2.388449
 H 1.707817 2.697009 1.248476
K_POINTS
 1
0.0 0.0 0.0 1.0