
&control
    calculation='scf'
    pseudo_dir = './',
    outdir='./outputs',
    disk_io='high'
/
&system
    ibrav= 1, celldm(1)=20.000000, nat=  192, ntyp= 2,
    ecutwfc = 30.0, nosym=.true., occupations='smearing',
    smearing='m-v', degauss=0.025
/
&electrons
    conv_thr =  1.0d-8,
    mixing_beta = 0.7
/
&ions
    pot_extrapolation='second-order'
    wfc_extrapolation='second-order'
    ion_temperature = 'andersen'
    tempw = 1000

/
ATOMIC_SPECIES
 H  1.01  H.blyp-hgh.UPF
 O  16.0  O.blyp-hgh.UPF
ATOMIC_POSITIONS bohr
 O -5.632318 -1.637330 -0.484659
 O 3.189174 -2.385716 6.265004
 O -5.765308 6.824803 -5.660627
 O 1.777357 2.649398 -1.060240
 O -4.975257 0.979125 4.255650
 O 0.287473 5.934959 5.984683
 O -1.518109 -5.879763 -2.511409
 O 3.427753 1.314770 4.740822
 O -2.889897 -6.758982 5.478231
 O 1.771503 -2.483609 3.658960
 O 2.596723 -6.328268 2.245676
 O -3.122868 -3.627458 4.816087
 O -4.414233 -6.971999 -0.019532
 O -3.692962 -4.139384 -4.099355
 O 2.423858 -4.224367 -1.856167
 O -1.671285 3.093627 -1.401317
 O -1.212520 -2.881065 1.582895
 O 0.050117 -4.868537 3.591257
 O 4.322255 -4.158379 -4.534853
 O 4.764176 4.405271 2.162432
 O 5.151284 -3.986014 4.058548
 O -2.459534 -1.900547 -3.014812
 O -1.070204 3.326117 -4.727356
 O 4.467574 1.695360 1.305275
 O 2.981079 1.566017 -3.455075
 O -4.599971 3.541284 -5.428716
 O 4.856254 -5.537647 0.427239
 O 0.645671 -0.767646 -6.106287
 O -2.679508 0.566019 -5.229535
 O 0.590830 -0.832269 1.687224
 O 6.037617 -2.022909 -3.746767
 O 4.245497 -0.260678 -1.443321
 O 0.210731 4.377903 3.821785
 O -4.678639 0.143258 -3.119305
 O -0.079597 -4.092952 -0.774927
 O 5.532236 4.021719 -7.618413
 O 4.009309 6.546022 5.448320
 O -5.853518 5.834633 -2.197421
 O -0.006794 1.183717 -2.700833
 O -4.389086 -4.198279 -0.867412
 O -2.952374 5.907179 2.693642
 O -2.839198 2.946147 3.681601
 O -2.156801 -1.181371 -0.435746
 O -1.735931 -1.438343 5.307479
 O 0.450522 2.347776 5.512927
 O -4.482630 2.918503 1.737396
 O 3.650919 5.140460 -1.950754
 O 1.216333 -5.674850 -3.611260
 O -3.135229 4.667933 -3.274816
 O 5.633643 1.195794 6.736608
 O -1.359517 1.009346 2.183002
 O 0.209209 -1.779319 -3.583151
 O 0.161754 -3.761565 -5.599778
 O 7.235221 -6.512118 4.028496
 O 3.848489 -2.857527 1.271026
 O 6.026121 -1.420505 2.936211
 O 1.714434 3.896438 -4.046981
 O -1.633763 -7.558744 0.784993
 O -4.547105 -1.326391 -7.042538
 O -4.422241 1.457174 -0.698332
 O 5.078704 3.761404 -4.620266
 O 1.450304 -1.141358 -1.122300
 O -5.077570 -4.142241 2.165557
 O 1.753152 2.798652 2.236949
 H -5.138082 -2.487145 -0.678263
 H -5.173143 -1.194887 0.255319
 H 2.583609 -1.992570 6.930728
 H 2.603116 -2.488905 5.463456
 H -5.362029 5.985067 -5.371728
 H -5.040409 7.392442 -5.297854
 H 2.300800 3.468575 -1.313089
 H 0.886782 2.988574 -0.840886
 H -5.529182 0.191708 4.440267
 H -4.137290 0.794190 4.746922
 H 0.386393 6.916736 5.980690
 H 0.505496 5.531560 6.838530
 H -1.593163 -6.847817 -2.402712
 H -0.841431 -5.684534 -3.177914
 H 3.794461 1.833722 3.996699
 H 3.709756 0.408571 4.495770
 H -3.263640 -7.364845 6.134430
 H -2.079800 -6.417370 5.934098
 H 1.289335 -1.741479 3.177219
 H 2.595554 -2.708900 3.192478
 H 1.971973 -5.671227 2.612436
 H 2.905846 -5.896226 1.424139
 H -3.178605 -4.598974 5.041084
 H -3.251724 -3.653424 3.854271
 H -4.705664 -7.904626 -0.110423
 H -4.993382 -6.449336 -0.650567
 H -3.429052 -3.275285 -3.685176
 H -3.125693 -4.909233 -3.862296
 H 2.915111 -3.477722 -2.257638
 H 1.648043 -3.899269 -1.341595
 H -1.632555 3.588072 -2.252902
 H -1.545331 3.839961 -0.770203
 H -1.558317 -2.240757 0.872961
 H -0.278358 -2.527258 1.708307
 H 0.703184 -4.207676 3.282117
 H -0.699865 -4.921424 2.960451
 H 4.618240 -5.031948 -4.805460
 H 3.872565 -3.933242 -5.376668
 H 3.947082 4.919781 2.450925
 H 5.462592 5.082494 2.221125
 H 5.446359 -3.139350 4.452105
 H 4.930020 -4.496238 4.870214
 H -1.531436 -2.081378 -3.336375
 H -2.782051 -1.230755 -3.665074
 H -0.098995 3.440111 -4.722196
 H -1.246168 2.361474 -4.670316
 H 5.194975 2.340176 1.408526
 H 3.670866 2.267496 1.298456
 H 2.374479 0.841558 -3.219142
 H 2.320808 2.266421 -3.555833
 H -4.980797 3.959981 -6.235378
 H -5.163781 2.750630 -5.245904
 H 5.011807 -6.440302 0.793873
 H 5.779693 -5.246899 0.260600
 H 0.066692 -0.693101 -6.886744
 H 1.107366 0.088839 -6.024408
 H -2.802972 -0.197150 -5.834844
 H -3.483660 1.105394 -5.323510
 H -0.269749 -0.380474 1.850957
 H 0.894121 -0.648663 0.776674
 H 5.353757 -2.716480 -3.931671
 H 6.451189 -2.459656 -2.978293
 H 4.426873 0.394866 -0.737409
 H 5.030595 -0.831151 -1.423655
 H 0.177449 5.218428 4.334352
 H -0.697511 4.172567 3.684398
 H -4.286547 -0.093749 -2.258195
 H -5.376145 -0.529920 -3.282545
 H -0.530465 -4.164496 -1.624569
 H -0.587462 -3.535633 -0.134443
 H 5.339468 4.949854 -7.384797
 H 5.288974 4.086341 -8.568904
 H 3.362386 6.065734 4.913889
 H 4.169372 6.186113 6.323623
 H -5.909990 4.911567 -2.490314
 H -4.886616 5.780081 -2.323508
 H -0.818888 1.594700 -2.340072
 H 0.660304 1.731323 -2.206306
 H -3.675010 -4.183781 -1.525288
 H -3.970502 -4.453599 -0.007961
 H -3.466979 5.588651 1.915153
 H -3.689435 6.088939 3.329026
 H -2.911755 3.631544 2.958324
 H -3.362865 3.322783 4.415262
 H -2.101457 -1.395271 -1.414708
 H -2.183328 -0.210482 -0.385320
 H -2.010492 -1.768035 4.430403
 H -1.694698 -2.304199 5.769265
 H 0.805410 2.925544 4.783191
 H -0.416289 2.819449 5.351912
 H -4.427769 2.627455 2.676555
 H -3.816121 2.348840 1.306436
 H 3.723089 5.873043 -1.320522
 H 4.036196 5.416000 -2.795632
 H 0.715926 -4.837995 -3.636905
 H 1.733289 -5.556739 -2.784644
 H -3.987021 4.377037 -3.650183
 H -2.524217 4.055486 -3.754581
 H 5.291512 0.702774 7.517982
 H 4.810593 1.458376 6.266756
 H -2.054142 1.641117 2.392649
 H -0.646610 1.331702 1.658522
 H 0.800369 -1.555313 -2.837415
 H 0.269157 -1.096436 -4.302467
 H 0.519912 -3.378862 -4.749123
 H 0.405986 -2.980221 -6.168232
 H 7.304302 -6.392090 5.002650
 H 6.829301 -5.674699 3.685240
 H 4.193257 -3.779002 1.193879
 H 3.668280 -2.445743 0.415188
 H 6.512992 -0.674808 2.519848
 H 5.259401 -1.645391 2.338873
 H 1.663570 3.749714 -5.019807
 H 1.759665 4.892088 -4.057673
 H -1.120464 -7.541219 1.619567
 H -2.200538 -6.771368 0.878749
 H -5.307298 -1.350455 -6.421662
 H -4.060256 -2.157836 -6.847724
 H -4.483447 2.234836 -1.287402
 H -5.190240 0.987567 -1.117680
 H 4.289952 4.068643 -5.113343
 H 5.204117 2.897115 -5.082257
 H 2.420816 -1.020830 -1.047850
 H 1.154369 -0.249882 -1.399940
 H -4.278016 -3.725837 2.573212
 H -5.531772 -3.263767 2.071866
 H 1.969981 3.751961 2.387757
 H 1.763523 2.673347 1.250663
K_POINTS
 1
0.0 0.0 0.0 1.0