
&control
    calculation='scf'
    pseudo_dir = './',
    outdir='./outputs',
    disk_io='high'
/
&system
    ibrav= 1, celldm(1)=20.000000, nat=  192, ntyp= 2,
    ecutwfc = 30.0, nosym=.true., occupations='smearing',
    smearing='m-v', degauss=0.025
/
&electrons
    conv_thr =  1.0d-8,
    mixing_beta = 0.7
/
&ions
    pot_extrapolation='second-order'
    wfc_extrapolation='second-order'
    ion_temperature = 'andersen'
    tempw = 1000

/
ATOMIC_SPECIES
 H  1.01  H.blyp-hgh.UPF
 O  16.0  O.blyp-hgh.UPF
ATOMIC_POSITIONS bohr
 O -5.632711 -1.637506 -0.480509
 O 3.194871 -2.383234 6.267890
 O -5.765701 6.828251 -5.662870
 O 1.782388 2.647640 -1.058792
 O -4.974898 0.978868 4.261012
 O 0.289595 5.934680 5.988388
 O -1.519720 -5.879367 -2.510523
 O 3.433377 1.314780 4.742939
 O -2.886921 -6.759933 5.479966
 O 1.768831 -2.481934 3.656522
 O 2.593647 -6.322424 2.244865
 O -3.119185 -3.630342 4.818719
 O -4.408088 -6.970442 -0.020394
 O -3.691756 -4.136272 -4.104315
 O 2.425296 -4.230489 -1.855058
 O -1.668393 3.093799 -1.402694
 O -1.211811 -2.880274 1.579789
 O 0.046911 -4.868929 3.591806
 O 4.320660 -4.155494 -4.532381
 O 4.767683 4.402535 2.163012
 O 5.148351 -3.986148 4.063631
 O -2.459025 -1.895599 -3.015459
 O -1.070012 3.324808 -4.731371
 O 4.469426 1.693698 1.298773
 O 2.984514 1.567136 -3.455925
 O -4.600507 3.543737 -5.431833
 O 4.854494 -5.534533 0.433320
 O 0.645011 -0.770431 -6.109867
 O -2.683345 0.567022 -5.231448
 O 0.591893 -0.835264 1.688661
 O 6.042124 -2.020941 -3.743348
 O 4.242748 -0.261845 -1.443548
 O 0.204898 4.377188 3.817464
 O -4.681613 0.137867 -3.116666
 O -0.080686 -4.095384 -0.774319
 O 5.536181 4.018226 -7.624751
 O 4.010690 6.543423 5.446388
 O -5.858390 5.837103 -2.197476
 O -0.006126 1.184716 -2.700588
 O -4.394213 -4.199109 -0.865074
 O -2.953186 5.913175 2.694309
 O -2.836507 2.943545 3.678492
 O -2.161875 -1.172444 -0.434406
 O -1.737028 -1.436277 5.308955
 O 0.454215 2.348915 5.510009
 O -4.483919 2.915787 1.740091
 O 3.649332 5.143083 -1.950699
 O 1.212080 -5.676040 -3.609221
 O -3.143487 4.669249 -3.276939
 O 5.636091 1.197273 6.738462
 O -1.359738 1.015344 2.185422
 O 0.210089 -1.781829 -3.582535
 O 0.161714 -3.764126 -5.600246
 O 7.233449 -6.511763 4.028794
 O 3.849697 -2.857429 1.273665
 O 6.023153 -1.421637 2.933674
 O 1.715528 3.899148 -4.047489
 O -1.628404 -7.562503 0.781516
 O -4.543629 -1.326161 -7.043939
 O -4.424687 1.455498 -0.697922
 O 5.073810 3.764770 -4.626791
 O 1.451318 -1.140759 -1.118065
 O -5.075955 -4.146422 2.160162
 O 1.753790 2.795997 2.236005
 H -5.142977 -2.487126 -0.681369
 H -5.190671 -1.206047 0.275641
 H 2.587619 -1.976986 6.922093
 H 2.612647 -2.485473 5.463521
 H -5.368549 5.987504 -5.367898
 H -5.040777 7.397200 -5.307574
 H 2.292133 3.472993 -1.316208
 H 0.886833 2.981298 -0.843088
 H -5.525096 0.190564 4.435617
 H -4.133509 0.795733 4.741881
 H 0.381451 6.918541 5.992876
 H 0.513389 5.529952 6.840818
 H -1.612456 -6.847186 -2.407916
 H -0.836047 -5.694498 -3.176500
 H 3.791966 1.825410 3.993291
 H 3.723707 0.411257 4.495772
 H -3.266104 -7.361811 6.135327
 H -2.075184 -6.430209 5.945618
 H 1.285658 -1.742076 3.176262
 H 2.583730 -2.715600 3.187911
 H 1.971815 -5.660666 2.605085
 H 2.899027 -5.894646 1.418421
 H -3.177495 -4.599502 5.059728
 H -3.253781 -3.649570 3.860690
 H -4.710900 -7.899161 -0.121415
 H -4.997090 -6.443548 -0.639749
 H -3.437153 -3.274463 -3.681116
 H -3.112425 -4.899731 -3.870808
 H 2.906644 -3.474373 -2.249780
 H 1.649062 -3.907398 -1.343805
 H -1.623514 3.578247 -2.256416
 H -1.547396 3.848354 -0.781077
 H -1.565961 -2.241846 0.874574
 H -0.272687 -2.532308 1.705061
 H 0.704527 -4.212863 3.279569
 H -0.706373 -4.915538 2.961983
 H 4.619221 -5.032576 -4.794405
 H 3.873298 -3.935991 -5.371553
 H 3.947062 4.921855 2.439534
 H 5.469945 5.071878 2.213970
 H 5.437505 -3.142335 4.465967
 H 4.939028 -4.510874 4.869499
 H -1.533739 -2.085397 -3.334270
 H -2.776546 -1.228474 -3.671187
 H -0.103162 3.451260 -4.728805
 H -1.240699 2.364492 -4.660055
 H 5.192951 2.343088 1.402469
 H 3.672921 2.266082 1.296292
 H 2.372572 0.847944 -3.210022
 H 2.320660 2.263875 -3.553000
 H -4.979026 3.963299 -6.238248
 H -5.167925 2.759017 -5.242200
 H 5.006551 -6.443905 0.787198
 H 5.778993 -5.245928 0.268630
 H 0.065339 -0.690248 -6.890613
 H 1.098230 0.090949 -6.016975
 H -2.796028 -0.194756 -5.837006
 H -3.491483 1.099303 -5.327466
 H -0.274210 -0.393249 1.853187
 H 0.889631 -0.646636 0.777532
 H 5.345810 -2.699606 -3.923929
 H 6.451571 -2.468972 -2.978748
 H 4.434904 0.392046 -0.737031
 H 5.026018 -0.843325 -1.425340
 H 0.182536 5.223493 4.325402
 H -0.699492 4.174236 3.671134
 H -4.287084 -0.093207 -2.255638
 H -5.377667 -0.536718 -3.282198
 H -0.535700 -4.171108 -1.621611
 H -0.576196 -3.529718 -0.131957
 H 5.328230 4.941811 -7.389973
 H 5.288737 4.081908 -8.572699
 H 3.365841 6.064326 4.907028
 H 4.182278 6.173401 6.314749
 H -5.903764 4.914459 -2.493504
 H -4.885454 5.788116 -2.327879
 H -0.810967 1.594537 -2.324787
 H 0.665494 1.726692 -2.206908
 H -3.675772 -4.192369 -1.515120
 H -3.963554 -4.456918 -0.008267
 H -3.462986 5.588647 1.912760
 H -3.698143 6.089973 3.323249
 H -2.933034 3.625753 2.958556
 H -3.350740 3.313336 4.422273
 H -2.106875 -1.394794 -1.411923
 H -2.190457 -0.202052 -0.379391
 H -2.008727 -1.759896 4.427117
 H -1.696451 -2.306959 5.761626
 H 0.810896 2.917811 4.773469
 H -0.415164 2.819313 5.350919
 H -4.416677 2.623309 2.680090
 H -3.821916 2.345851 1.301797
 H 3.720123 5.874922 -1.316695
 H 4.042663 5.419392 -2.793666
 H 0.717954 -4.836680 -3.633438
 H 1.733007 -5.558118 -2.784491
 H -3.994665 4.371499 -3.656843
 H -2.533321 4.053225 -3.758573
 H 5.295668 0.708521 7.519877
 H 4.816374 1.468972 6.271892
 H -2.052366 1.648086 2.391089
 H -0.643644 1.333003 1.656288
 H 0.807680 -1.560921 -2.841340
 H 0.275503 -1.091013 -4.296913
 H 0.502100 -3.372286 -4.743801
 H 0.390684 -2.973673 -6.162631
 H 7.310818 -6.391215 5.002668
 H 6.825167 -5.671597 3.690080
 H 4.184694 -3.781918 1.193995
 H 3.672996 -2.447280 0.416128
 H 6.526001 -0.678479 2.528526
 H 5.273328 -1.653347 2.315556
 H 1.665709 3.749975 -5.020235
 H 1.767127 4.895927 -4.053979
 H -1.118513 -7.558335 1.618197
 H -2.193962 -6.777499 0.890308
 H -5.299962 -1.338398 -6.416062
 H -4.058569 -2.155277 -6.843170
 H -4.488675 2.226322 -1.295389
 H -5.181118 0.981241 -1.134645
 H 4.273500 4.054266 -5.110683
 H 5.211237 2.894622 -5.079534
 H 2.421749 -1.021550 -1.042430
 H 1.149463 -0.249761 -1.389458
 H -4.291571 -3.724785 2.590907
 H -5.539418 -3.271525 2.078046
 H 1.974673 3.748446 2.387056
 H 1.785847 2.664476 1.252788
K_POINTS
 1
0.0 0.0 0.0 1.0