
&control
    calculation='scf'
    pseudo_dir = './',
    outdir='./outputs',
    disk_io='high'
/
&system
    ibrav= 1, celldm(1)=20.000000, nat=  192, ntyp= 2,
    ecutwfc = 30.0, nosym=.true., occupations='smearing',
    smearing='m-v', degauss=0.025
/
&electrons
    conv_thr =  1.0d-8,
    mixing_beta = 0.7
/
&ions
    pot_extrapolation='second-order'
    wfc_extrapolation='second-order'
    ion_temperature = 'andersen'
    tempw = 1000

/
ATOMIC_SPECIES
 H  1.01  H.blyp-hgh.UPF
 O  16.0  O.blyp-hgh.UPF
ATOMIC_POSITIONS bohr
 O -5.632911 -1.637606 -0.478449
 O 3.197690 -2.381994 6.269311
 O -5.765849 6.829953 -5.663983
 O 1.784904 2.646807 -1.058049
 O -4.974699 0.978766 4.263682
 O 0.290641 5.934540 5.990205
 O -1.520542 -5.879124 -2.510069
 O 3.436212 1.314767 4.743997
 O -2.885395 -6.760369 5.480862
 O 1.767449 -2.481094 3.655326
 O 2.592115 -6.319496 2.244444
 O -3.117354 -3.631861 4.820057
 O -4.405037 -6.969651 -0.020827
 O -3.691186 -4.134748 -4.106819
 O 2.426053 -4.233542 -1.854489
 O -1.666920 3.093908 -1.403404
 O -1.211429 -2.879853 1.578197
 O 0.045314 -4.869156 3.592078
 O 4.319850 -4.154063 -4.531135
 O 4.769397 4.401205 2.163309
 O 5.146890 -3.986193 4.066206
 O -2.458771 -1.893137 -3.015817
 O -1.069971 3.324167 -4.733359
 O 4.470354 1.692861 1.295509
 O 2.986219 1.567649 -3.456359
 O -4.600757 3.544969 -5.433400
 O 4.853636 -5.532995 0.436368
 O 0.644718 -0.771815 -6.111626
 O -2.685248 0.567529 -5.232397
 O 0.592427 -0.836759 1.689407
 O 6.044372 -2.019982 -3.741609
 O 4.241361 -0.262436 -1.443640
 O 0.202069 4.376878 3.815291
 O -4.683113 0.135172 -3.115352
 O -0.081185 -4.096591 -0.773991
 O 5.538125 4.016473 -7.627896
 O 4.011397 6.542155 5.445398
 O -5.860775 5.838313 -2.197541
 O -0.005766 1.185216 -2.700438
 O -4.396775 -4.199518 -0.863862
 O -2.953591 5.916177 2.694609
 O -2.835131 2.942272 3.676935
 O -2.164406 -1.167991 -0.433746
 O -1.737558 -1.435263 5.309681
 O 0.456022 2.349554 5.508509
 O -4.484575 2.914426 1.741434
 O 3.648504 5.144357 -1.950660
 O 1.209923 -5.676664 -3.608217
 O -3.147642 4.669881 -3.278019
 O 5.637316 1.198013 6.739428
 O -1.359874 1.018233 2.186653
 O 0.210525 -1.783109 -3.582258
 O 0.161722 -3.765342 -5.600475
 O 7.232546 -6.511541 4.028919
 O 3.850303 -2.857375 1.275045
 O 6.021658 -1.422211 2.932366
 O 1.716059 3.900572 -4.047815
 O -1.625688 -7.564397 0.779770
 O -4.541914 -1.326064 -7.044590
 O -4.425964 1.454655 -0.697760
 O 5.071334 3.766473 -4.630070
 O 1.451818 -1.140450 -1.115943
 O -5.075106 -4.148436 2.157463
 O 1.754136 2.794675 2.235487
 H -5.145431 -2.486956 -0.682722
 H -5.199377 -1.211744 0.285686
 H 2.589703 -1.969209 6.917636
 H 2.617556 -2.483640 5.463678
 H -5.372051 5.988496 -5.365899
 H -5.041090 7.399933 -5.312387
 H 2.287706 3.474887 -1.317790
 H 0.886867 2.977769 -0.844168
 H -5.522927 0.190070 4.433330
 H -4.131899 0.796440 4.739185
 H 0.379028 6.919369 5.999269
 H 0.517329 5.529440 6.842028
 H -1.622107 -6.846638 -2.410633
 H -0.833247 -5.699810 -3.175796
 H 3.790669 1.821332 3.991566
 H 3.730591 0.412632 4.495849
 H -3.267316 -7.360448 6.135963
 H -2.072919 -6.436797 5.951205
 H 1.284235 -1.742638 3.175773
 H 2.577937 -2.718795 3.185356
 H 1.971574 -5.655512 2.601539
 H 2.895660 -5.893882 1.415591
 H -3.176912 -4.599470 5.069036
 H -3.254716 -3.647632 3.863839
 H -4.713450 -7.896291 -0.126772
 H -4.998759 -6.440953 -0.634063
 H -3.440938 -3.274302 -3.679078
 H -3.105728 -4.894637 -3.874895
 H 2.902282 -3.472842 -2.245816
 H 1.649449 -3.911354 -1.344829
 H -1.619063 3.573085 -2.258119
 H -1.548520 3.852500 -0.786162
 H -1.569747 -2.242508 0.875669
 H -0.270310 -2.534860 1.703414
 H 0.704995 -4.215218 3.278336
 H -0.709441 -4.912474 2.962766
 H 4.620155 -5.033070 -4.788585
 H 3.873429 -3.936852 -5.369049
 H 3.947280 4.922761 2.433693
 H 5.473835 5.066565 2.210499
 H 5.433127 -3.143784 4.472692
 H 4.943438 -4.518281 4.868943
 H -1.534819 -2.087288 -3.333135
 H -2.773832 -1.227193 -3.674100
 H -0.105276 3.456685 -4.731971
 H -1.237845 2.365952 -4.655036
 H 5.191955 2.344502 1.399439
 H 3.674012 2.265268 1.295295
 H 2.371847 0.850989 -3.205444
 H 2.320665 2.262984 -3.551660
 H -4.978372 3.964642 -6.239591
 H -5.170030 2.763358 -5.240531
 H 5.003802 -6.445608 0.783749
 H 5.778532 -5.245363 0.272591
 H 0.064453 -0.688767 -6.892515
 H 1.093623 0.092059 -6.013421
 H -2.792524 -0.193506 -5.838232
 H -3.495438 1.096169 -5.329387
 H -0.276382 -0.399672 1.854287
 H 0.887364 -0.645731 0.777874
 H 5.341759 -2.691164 -3.920361
 H 6.451906 -2.473570 -2.978975
 H 4.438851 0.390683 -0.736828
 H 5.023838 -0.849482 -1.426163
 H 0.185107 5.225957 4.321026
 H -0.701310 4.174842 3.664388
 H -4.287344 -0.092973 -2.254396
 H -5.378417 -0.540090 -3.282051
 H -0.538601 -4.174453 -1.620070
 H -0.570583 -3.526887 -0.130810
 H 5.322679 4.937822 -7.392418
 H 5.288734 4.079421 -8.574701
 H 3.367424 6.063475 4.903765
 H 4.188567 6.166716 6.310402
 H -5.901338 4.915593 -2.495117
 H -4.884672 5.792701 -2.330073
 H -0.807130 1.594406 -2.317133
 H 0.668125 1.724315 -2.207409
 H -3.676060 -4.196711 -1.510160
 H -3.960236 -4.458466 -0.008612
 H -3.461051 5.588704 1.911693
 H -3.702549 6.090377 3.320490
 H -2.943687 3.622839 2.958960
 H -3.344589 3.308599 4.425753
 H -2.109708 -1.394471 -1.410370
 H -2.194049 -0.197809 -0.376395
 H -2.007845 -1.755650 4.425465
 H -1.697297 -2.308265 5.757850
 H 0.814016 2.913675 4.768656
 H -0.414557 2.818794 5.350879
 H -4.411266 2.621177 2.681745
 H -3.825005 2.344352 1.299349
 H 3.718783 5.876061 -1.314856
 H 4.045979 5.421137 -2.792603
 H 0.719155 -4.836062 -3.631860
 H 1.733022 -5.558683 -2.784356
 H -3.998509 4.368682 -3.660282
 H -2.537786 4.052231 -3.760720
 H 5.297773 0.711460 7.520771
 H 4.819176 1.474140 6.274183
 H -2.051496 1.651884 2.390430
 H -0.641886 1.334288 1.654957
 H 0.811333 -1.563645 -2.843150
 H 0.278685 -1.088419 -4.294075
 H 0.493006 -3.369064 -4.741328
 H 0.382922 -2.970701 -6.159829
 H 7.313965 -6.390580 5.002525
 H 6.823139 -5.670089 3.692655
 H 4.180374 -3.783224 1.193822
 H 3.675424 -2.448221 0.416448
 H 6.532321 -0.680390 2.532949
 H 5.280476 -1.657215 2.304014
 H 1.666882 3.749832 -5.020444
 H 1.770810 4.897674 -4.051799
 H -1.117503 -7.566900 1.617398
 H -2.190600 -6.780575 0.895923
 H -5.296195 -1.332357 -6.413314
 H -4.057763 -2.154039 -6.841004
 H -4.490965 2.222189 -1.299294
 H -5.176401 0.977992 -1.142847
 H 4.265311 4.047072 -5.109213
 H 5.214934 2.893346 -5.078010
 H 2.422448 -1.021812 -1.039809
 H 1.146895 -0.249634 -1.384266
 H -4.298402 -3.724640 2.599595
 H -5.543549 -3.275621 2.081154
 H 1.976773 3.746491 2.386611
 H 1.796998 2.660170 1.254077
K_POINTS
 1
0.0 0.0 0.0 1.0