
&control
    calculation='scf'
    pseudo_dir = './',
    outdir='./outputs',
    disk_io='high'
/
&system
    ibrav= 1, celldm(1)=20.000000, nat=  192, ntyp= 2,
    ecutwfc = 30.0, nosym=.true., occupations='smearing',
    smearing='m-v', degauss=0.025
/
&electrons
    conv_thr =  1.0d-8,
    mixing_beta = 0.7
/
&ions
    pot_extrapolation='second-order'
    wfc_extrapolation='second-order'
    ion_temperature = 'andersen'
    tempw = 1000

/
ATOMIC_SPECIES
 H  1.01  H.blyp-hgh.UPF
 O  16.0  O.blyp-hgh.UPF
ATOMIC_POSITIONS bohr
 O -5.635043 -1.638662 -0.460409
 O 3.222290 -2.370884 6.281309
 O -5.765935 6.844461 -5.673829
 O 1.807099 2.640670 -1.050743
 O -4.972482 0.979149 4.286971
 O 0.299585 5.933362 6.005659
 O -1.528128 -5.875612 -2.505978
 O 3.462414 1.313825 4.753655
 O -2.870422 -6.763144 5.490007
 O 1.753433 -2.473613 3.645712
 O 2.578582 -6.292890 2.239939
 O -3.101085 -3.647583 4.833424
 O -4.378388 -6.962316 -0.024886
 O -3.686844 -4.122093 -4.130001
 O 2.433991 -4.260686 -1.848899
 O -1.652891 3.095455 -1.410084
 O -1.207097 -2.875616 1.562957
 O 0.031071 -4.872007 3.594292
 O 4.312508 -4.141962 -4.519228
 O 4.783258 4.390089 2.166061
 O 5.133954 -3.986102 4.090245
 O -2.456669 -1.871291 -3.020035
 O -1.071558 3.319313 -4.750709
 O 4.478821 1.685226 1.265734
 O 3.000842 1.570765 -3.460448
 O -4.602312 3.556340 -5.447621
 O 4.846535 -5.519824 0.464050
 O 0.643135 -0.783760 -6.126668
 O -2.701840 0.572419 -5.240528
 O 0.597205 -0.850074 1.696897
 O 6.064509 -2.012027 -3.724965
 O 4.229106 -0.268374 -1.443667
 O 0.179204 4.375594 3.795487
 O -4.696954 0.111091 -3.103761
 O -0.084217 -4.107243 -0.770443
 O 5.554829 4.000423 -7.655317
 O 4.018132 6.531522 5.435864
 O -5.879874 5.848274 -2.199382
 O -0.001802 1.189684 -2.698248
 O -4.419423 -4.203192 -0.851316
 O -2.957418 5.943182 2.696182
 O -2.821904 2.931537 3.663120
 O -2.187018 -1.128399 -0.427899
 O -1.741784 -1.426755 5.315620
 O 0.471228 2.357221 5.493837
 O -4.490746 2.902055 1.753540
 O 3.640136 5.155024 -1.949948
 O 1.189759 -5.683292 -3.599454
 O -3.185902 4.674357 -3.288704
 O 5.648639 1.204926 6.749036
 O -1.361073 1.041192 2.197788
 O 0.214521 -1.795049 -3.580801
 O 0.162471 -3.774209 -5.602085
 O 7.223900 -6.508051 4.029308
 O 3.855811 -2.856692 1.289036
 O 6.007990 -1.427608 2.919263
 O 1.720453 3.915388 -4.052793
 O -1.600160 -7.581930 0.763888
 O -4.527392 -1.325500 -7.048954
 O -4.439108 1.446910 -0.697771
 O 5.048346 3.782133 -4.660121
 O 1.456153 -1.137463 -1.096663
 O -5.066397 -4.164218 2.133250
 O 1.758054 2.782857 2.229692
 H -5.166535 -2.481505 -0.687954
 H -5.275675 -1.267287 0.372004
 H 2.609993 -1.899255 6.874861
 H 2.665741 -2.464160 5.467995
 H -5.410455 5.992226 -5.345435
 H -5.046638 7.434630 -5.353516
 H 2.247030 3.483506 -1.333096
 H 0.888889 2.948102 -0.853183
 H -5.501326 0.184962 4.415006
 H -4.122864 0.799706 4.711695
 H 0.358720 6.923570 6.064903
 H 0.552470 5.533313 6.854372
 H -1.709536 -6.834686 -2.438281
 H -0.806773 -5.757571 -3.167518
 H 3.778230 1.790086 3.973233
 H 3.789372 0.425064 4.499996
 H -3.278528 -7.352965 6.146812
 H -2.054139 -6.500514 5.994768
 H 1.282501 -1.753328 3.169551
 H 2.532708 -2.743623 3.152443
 H 1.963981 -5.612767 2.574357
 H 2.866559 -5.888538 1.391772
 H -3.170799 -4.590117 5.149383
 H -3.260611 -3.632065 3.887983
 H -4.733222 -7.866728 -0.170132
 H -5.007723 -6.425008 -0.575766
 H -3.467213 -3.279321 -3.660864
 H -3.044847 -4.838657 -3.906954
 H 2.860738 -3.463261 -2.210390
 H 1.647567 -3.944436 -1.350463
 H -1.580661 3.520956 -2.275464
 H -1.561315 3.887569 -0.821211
 H -1.602111 -2.250228 0.892623
 H -0.263824 -2.557827 1.687181
 H 0.702304 -4.229798 3.269158
 H -0.730833 -4.881590 2.970964
 H 4.640002 -5.039527 -4.727548
 H 3.866339 -3.929529 -5.351273
 H 3.957682 4.927086 2.377497
 H 5.516276 5.020712 2.182684
 H 5.395117 -3.154940 4.527710
 H 4.980185 -4.586775 4.858002
 H -1.541579 -2.100766 -3.320844
 H -2.750505 -1.211634 -3.695763
 H -0.122578 3.501020 -4.756311
 H -1.208673 2.373716 -4.612846
 H 5.184047 2.355442 1.372117
 H 3.685195 2.254551 1.288636
 H 2.374091 0.874257 -3.164084
 H 2.323968 2.267053 -3.542322
 H -4.979995 3.967901 -6.250058
 H -5.190642 2.805231 -5.231033
 H 4.975518 -6.457129 0.749528
 H 5.771396 -5.237763 0.306699
 H 0.051429 -0.674216 -6.907090
 H 1.050543 0.102319 -5.986681
 H -2.760257 -0.182198 -5.854833
 H -3.532544 1.065447 -5.345090
 H -0.293634 -0.458065 1.863588
 H 0.866480 -0.641140 0.778646
 H 5.302248 -2.615868 -3.897689
 H 6.459155 -2.513044 -2.981653
 H 4.471873 0.378784 -0.735672
 H 5.002989 -0.902991 -1.432995
 H 0.207195 5.243642 4.283028
 H -0.740418 4.175258 3.601360
 H -4.289257 -0.093144 -2.244241
 H -5.384727 -0.569859 -3.280769
 H -0.573036 -4.205391 -1.603193
 H -0.521806 -3.505069 -0.123575
 H 5.275113 4.903217 -7.409911
 H 5.291999 4.049004 -8.597036
 H 3.378366 6.051934 4.880033
 H 4.240413 6.097185 6.273159
 H -5.899492 4.917839 -2.509662
 H -4.878694 5.850796 -2.348727
 H -0.776960 1.591657 -2.248140
 H 0.693802 1.701659 -2.217691
 H -3.675704 -4.236640 -1.472070
 H -3.938018 -4.468254 -0.017626
 H -3.444838 5.591608 1.906865
 H -3.742585 6.090816 3.299220
 H -3.039124 3.597935 2.969032
 H -3.286364 3.265470 4.456445
 H -2.138873 -1.387379 -1.391909
 H -2.227285 -0.159187 -0.349749
 H -1.999679 -1.711581 4.411597
 H -1.704228 -2.318017 5.725403
 H 0.851374 2.868392 4.727821
 H -0.406482 2.801691 5.363204
 H -4.367657 2.600214 2.691738
 H -3.858628 2.330860 1.273452
 H 3.710835 5.890405 -1.302487
 H 4.077490 5.437807 -2.778775
 H 0.734701 -4.830106 -3.622799
 H 1.737240 -5.560460 -2.782486
 H -4.031384 4.343762 -3.692903
 H -2.576094 4.049224 -3.782652
 H 5.315980 0.738139 7.529682
 H 4.840830 1.516469 6.286068
 H -2.044386 1.695870 2.388021
 H -0.623470 1.361785 1.640862
 H 0.843503 -1.586466 -2.854557
 H 0.306447 -1.070702 -4.266045
 H 0.405948 -3.343016 -4.725716
 H 0.310783 -2.952918 -6.135514
 H 7.338870 -6.379460 4.996867
 H 6.806565 -5.658866 3.720265
 H 4.140957 -3.791307 1.186108
 H 3.699044 -2.461484 0.415653
 H 6.582665 -0.700813 2.575071
 H 5.350419 -1.687791 2.205184
 H 1.680389 3.741439 -5.021849
 H 1.802235 4.907312 -4.023556
 H -1.106763 -7.644427 1.606896
 H -2.158738 -6.807528 0.941392
 H -5.258643 -1.277952 -6.390903
 H -4.050838 -2.145665 -6.824338
 H -4.501088 2.190152 -1.331173
 H -5.129988 0.945028 -1.207064
 H 4.192596 3.981560 -5.092072
 H 5.251018 2.883931 -5.058883
 H 2.434599 -1.020392 -1.019089
 H 1.121257 -0.246912 -1.339282
 H -4.360744 -3.734881 2.673018
 H -5.589676 -3.319285 2.108810
 H 1.988427 3.723980 2.380024
 H 1.896274 2.625026 1.270227
K_POINTS
 1
0.0 0.0 0.0 1.0