
&control
    calculation='scf'
    pseudo_dir = './',
    outdir='./outputs',
    disk_io='high'
/
&system
    ibrav= 1, celldm(1)=20.000000, nat=  192, ntyp= 2,
    ecutwfc = 30.0, nosym=.true., occupations='smearing',
    smearing='m-v', degauss=0.025
/
&electrons
    conv_thr =  1.0d-8,
    mixing_beta = 0.7
/
&ions
    pot_extrapolation='second-order'
    wfc_extrapolation='second-order'
    ion_temperature = 'andersen'
    tempw = 1000

/
ATOMIC_SPECIES
 H  1.01  H.blyp-hgh.UPF
 O  16.0  O.blyp-hgh.UPF
ATOMIC_POSITIONS bohr
 O -5.635645 -1.638859 -0.456508
 O 3.227610 -2.368422 6.283785
 O -5.765680 6.847455 -5.675988
 O 1.811815 2.639613 -1.048953
 O -4.971957 0.979673 4.291872
 O 0.301466 5.933160 6.008914
 O -1.529782 -5.874517 -2.505143
 O 3.468414 1.313383 4.755846
 O -2.866801 -6.763528 5.492374
 O 1.749982 -2.472065 3.643939
 O 2.575650 -6.286903 2.238726
 O -3.097498 -3.651471 4.836830
 O -4.372678 -6.960682 -0.025816
 O -3.686033 -4.119542 -4.135290
 O 2.435995 -4.266621 -1.847512
 O -1.649592 3.095917 -1.411524
 O -1.205941 -2.874674 1.559427
 O 0.027954 -4.872808 3.594702
 O 4.310933 -4.139556 -4.516363
 O 4.785936 4.387778 2.166649
 O 5.131146 -3.985995 4.095766
 O -2.456275 -1.866514 -3.021197
 O -1.072446 3.318535 -4.754451
 O 4.480755 1.683517 1.259018
 O 3.003819 1.571110 -3.461390
 O -4.602453 3.558954 -5.450776
 O 4.845085 -5.517076 0.470249
 O 0.643021 -0.786223 -6.129865
 O -2.705391 0.573600 -5.242214
 O 0.598239 -0.852975 1.698721
 O 6.068960 -2.010440 -3.721009
 O 4.226574 -0.269926 -1.443445
 O 0.174581 4.375641 3.791002
 O -4.700104 0.105829 -3.101262
 O -0.084526 -4.109573 -0.769567
 O 5.558342 3.996792 -7.661167
 O 4.019687 6.529282 5.433659
 O -5.883387 5.850201 -2.200136
 O -0.000793 1.190663 -2.697552
 O -4.424261 -4.204035 -0.848118
 O -2.958371 5.949161 2.696256
 O -2.818778 2.929298 3.660164
 O -2.192001 -1.119743 -0.426559
 O -1.742597 -1.425015 5.316754
 O 0.474419 2.359321 5.490318
 O -4.492171 2.899270 1.756271
 O 3.638088 5.157285 -1.949700
 O 1.185140 -5.685045 -3.597511
 O -3.194645 4.674962 -3.291400
 O 5.651270 1.206595 6.751314
 O -1.361165 1.045673 2.200128
 O 0.215487 -1.797734 -3.580715
 O 0.162756 -3.775670 -5.602270
 O 7.221854 -6.506888 4.029211
 O 3.857037 -2.856468 1.292454
 O 6.004920 -1.428864 2.915999
 O 1.721345 3.919106 -4.054360
 O -1.594237 -7.585946 0.760331
 O -4.524419 -1.325406 -7.049570
 O -4.442421 1.445166 -0.698172
 O 5.043103 3.785637 -4.666941
 O 1.457105 -1.136750 -1.092328
 O -5.064252 -4.167152 2.127914
 O 1.759108 2.780204 2.228190
 H -5.170667 -2.479706 -0.687281
 H -5.292133 -1.280872 0.389920
 H 2.614694 -1.883610 6.865052
 H 2.677229 -2.459287 5.469267
 H -5.420544 5.992342 -5.340318
 H -5.048382 7.444459 -5.361969
 H 2.238337 3.483799 -1.336898
 H 0.890071 2.941759 -0.854974
 H -5.496402 0.183003 4.411690
 H -4.121234 0.799386 4.705362
 H 0.354578 6.923524 6.081163
 H 0.560181 5.536098 6.857370
 H -1.729248 -6.830398 -2.445104
 H -0.801019 -5.772745 -3.164720
 H 3.775330 1.785002 3.968170
 H 3.801599 0.427571 4.501990
 H -3.281176 -7.352282 6.150125
 H -2.050269 -6.515527 6.002544
 H 1.284234 -1.756247 3.167227
 H 2.524657 -2.748268 3.142608
 H 1.960937 -5.604203 2.569580
 H 2.860374 -5.887828 1.387025
 H -3.169247 -4.586135 5.165816
 H -3.261355 -3.629559 3.892004
 H -4.736591 -7.859478 -0.178437
 H -5.008326 -6.422685 -0.561541
 H -3.471241 -3.281674 -3.656947
 H -3.031402 -4.823964 -3.913025
 H 2.851383 -3.462016 -2.202923
 H 1.645665 -3.951463 -1.350714
 H -1.572419 3.508469 -2.280634
 H -1.564800 3.894502 -0.826555
 H -1.608844 -2.251835 0.897599
 H -0.265810 -2.562606 1.683153
 H 0.699869 -4.231556 3.267780
 H -0.734097 -4.874030 2.973098
 H 4.646634 -5.040431 -4.712014
 H 3.862741 -3.924551 -5.348822
 H 3.962163 4.927293 2.364378
 H 5.527444 5.011235 2.177355
 H 5.386978 -3.156857 4.538798
 H 4.987611 -4.602159 4.854128
 H -1.542221 -2.102873 -3.317691
 H -2.745559 -1.207259 -3.699416
 H -0.125547 3.509808 -4.760701
 H -1.201339 2.373500 -4.604093
 H 5.182670 2.357319 1.366037
 H 3.687803 2.251367 1.287664
 H 2.377074 0.878490 -3.154939
 H 2.325897 2.270730 -3.540957
 H -4.982318 3.966724 -6.252361
 H -5.195789 2.814776 -5.230190
 H 4.968448 -6.458672 0.741232
 H 5.769241 -5.235427 0.313922
 H 0.047651 -0.670832 -6.909268
 H 1.040483 0.104326 -5.982097
 H -2.752931 -0.179863 -5.860022
 H -3.541171 1.058019 -5.348207
 H -0.296799 -0.471041 1.865480
 H 0.861736 -0.641080 0.778429
 H 5.292838 -2.599329 -3.894898
 H 6.461697 -2.521338 -2.982623
 H 4.478489 0.375976 -0.735839
 H 4.997131 -0.913518 -1.434367
 H 0.211377 5.246025 4.274599
 H -0.752857 4.174844 3.587348
 H -4.289540 -0.094012 -2.242246
 H -5.386037 -0.576421 -3.280329
 H -0.582565 -4.212407 -1.598332
 H -0.511655 -3.501052 -0.122723
 H 5.265233 4.895731 -7.412762
 H 5.293505 4.040353 -8.603145
 H 3.380261 6.048597 4.876259
 H 4.250734 6.079797 6.264821
 H -5.903612 4.917126 -2.512670
 H -4.879216 5.867518 -2.352356
 H -0.771243 1.590567 -2.232932
 H 0.700237 1.696510 -2.221271
 H -3.675163 -4.245592 -1.465620
 H -3.935454 -4.469321 -0.020761
 H -3.441439 5.592930 1.907011
 H -3.751195 6.090178 3.295227
 H -3.060053 3.593112 2.972383
 H -3.272668 3.255721 4.463120
 H -2.146219 -1.384449 -1.386962
 H -2.234914 -0.150632 -0.344191
 H -1.997781 -1.700288 4.408985
 H -1.705665 -2.319762 5.718594
 H 0.861362 2.856446 4.719565
 H -0.404051 2.795351 5.368642
 H -4.359445 2.595068 2.692491
 H -3.867512 2.327873 1.266755
 H 3.709997 5.894099 -1.301194
 H 4.084703 5.441602 -2.774285
 H 0.739078 -4.828272 -3.622155
 H 1.738949 -5.560168 -2.782284
 H -4.037796 4.338763 -3.700199
 H -2.584268 4.050384 -3.787742
 H 5.319467 0.743727 7.532466
 H 4.844807 1.524706 6.286633
 H -2.042714 1.707787 2.388266
 H -0.620274 1.370899 1.638422
 H 0.850209 -1.591346 -2.855979
 H 0.312155 -1.068484 -4.259180
 H 0.385510 -3.338123 -4.723941
 H 0.294470 -2.950968 -6.130678
 H 7.343589 -6.375821 4.994733
 H 6.803309 -5.657042 3.727311
 H 4.132228 -3.792495 1.183126
 H 3.704646 -2.465504 0.414887
 H 6.592102 -0.706271 2.584891
 H 5.367293 -1.693350 2.184825
 H 1.684066 3.738186 -5.021986
 H 1.808752 4.908005 -4.015562
 H -1.103821 -7.661819 1.603784
 H -2.151356 -6.813159 0.950237
 H -5.249359 -1.265940 -6.386572
 H -4.049221 -2.144784 -6.821211
 H -4.500667 2.184524 -1.337286
 H -5.118954 0.936559 -1.218794
 H 4.176759 3.966634 -5.087324
 H 5.259340 2.883008 -5.053242
 H 2.438233 -1.018967 -1.015247
 H 1.115217 -0.246141 -1.329738
 H -4.374621 -3.739936 2.688191
 H -5.601969 -3.330731 2.114702
 H 1.989354 3.718298 2.378067
 H 1.917917 2.617996 1.274351
K_POINTS
 1
0.0 0.0 0.0 1.0