
&control
    calculation='scf'
    pseudo_dir = './',
    outdir='./outputs',
    disk_io='high'
/
&system
    ibrav= 1, celldm(1)=20.000000, nat=  192, ntyp= 2,
    ecutwfc = 30.0, nosym=.true., occupations='smearing',
    smearing='m-v', degauss=0.025
/
&electrons
    conv_thr =  1.0d-8,
    mixing_beta = 0.7
/
&ions
    pot_extrapolation='second-order'
    wfc_extrapolation='second-order'
    ion_temperature = 'andersen'
    tempw = 1000

/
ATOMIC_SPECIES
 H  1.01  H.blyp-hgh.UPF
 O  16.0  O.blyp-hgh.UPF
ATOMIC_POSITIONS bohr
 O -5.636310 -1.639008 -0.452630
 O 3.232893 -2.365958 6.286205
 O -5.765335 6.850357 -5.678139
 O 1.816415 2.638647 -1.047097
 O -4.971457 0.980391 4.296643
 O 0.303310 5.932992 6.012123
 O -1.531397 -5.873314 -2.504362
 O 3.474481 1.312860 4.758044
 O -2.863093 -6.763858 5.494892
 O 1.746463 -2.470612 3.642317
 O 2.572743 -6.280884 2.237428
 O -3.093914 -3.655443 4.840413
 O -4.367039 -6.959067 -0.026743
 O -3.685263 -4.117083 -4.140621
 O 2.438058 -4.272511 -1.846050
 O -1.646230 3.096421 -1.412905
 O -1.204744 -2.873785 1.555874
 O 0.024868 -4.873658 3.595077
 O 4.309393 -4.137280 -4.513417
 O 4.788493 4.385511 2.167209
 O 5.128369 -3.985873 4.101336
 O -2.455916 -1.861767 -3.022435
 O -1.073538 3.317873 -4.758157
 O 4.482720 1.681807 1.252268
 O 3.006662 1.571352 -3.462343
 O -4.602511 3.561604 -5.453919
 O 4.843667 -5.514395 0.476455
 O 0.642983 -0.788593 -6.133028
 O -2.708892 0.574813 -5.243857
 O 0.599260 -0.855846 1.700586
 O 6.073389 -2.008929 -3.716960
 O 4.224149 -0.271587 -1.443129
 O 0.170017 4.375779 3.786458
 O -4.703273 0.100616 -3.098794
 O -0.084703 -4.111897 -0.768687
 O 5.561778 3.993143 -7.666924
 O 4.021255 6.527048 5.431459
 O -5.886598 5.851999 -2.201027
 O 0.000234 1.191636 -2.696777
 O -4.428987 -4.204894 -0.844797
 O -2.959383 5.955129 2.696239
 O -2.815591 2.927110 3.657266
 O -2.196965 -1.111142 -0.425173
 O -1.743363 -1.423328 5.317812
 O 0.477586 2.361520 5.486725
 O -4.493613 2.896475 1.759020
 O 3.635986 5.159537 -1.949419
 O 1.180492 -5.686911 -3.595545
 O -3.203483 4.675395 -3.294238
 O 5.653945 1.208340 6.753610
 O -1.361148 1.049993 2.202367
 O 0.216507 -1.800411 -3.580695
 O 0.163062 -3.776956 -5.602372
 O 7.219767 -6.505583 4.029047
 O 3.858261 -2.856210 1.295948
 O 6.001845 -1.430146 2.912600
 O 1.722210 3.922937 -4.056076
 O -1.588232 -7.590003 0.756768
 O -4.521542 -1.325312 -7.050068
 O -4.445864 1.443421 -0.698727
 O 5.037820 3.789134 -4.673817
 O 1.458070 -1.136013 -1.087977
 O -5.062057 -4.169880 2.122606
 O 1.760219 2.777512 2.226628
 H -5.174472 -2.477883 -0.685922
 H -5.308429 -1.294980 0.407238
 H 2.619418 -1.867899 6.855242
 H 2.688890 -2.454300 5.470434
 H -5.431125 5.992454 -5.335016
 H -5.050302 7.454841 -5.370130
 H 2.229995 3.483726 -1.340915
 H 0.891600 2.935421 -0.856661
 H -5.491544 0.180561 4.408697
 H -4.119337 0.798586 4.699159
 H 0.350564 6.923081 6.097881
 H 0.567853 5.539488 6.860437
 H -1.749135 -6.825569 -2.452123
 H -0.795454 -5.788688 -3.161413
 H 3.772349 1.780689 3.962753
 H 3.813521 0.429868 4.504437
 H -3.283862 -7.351812 6.153559
 H -2.046412 -6.530741 6.009572
 H 1.286435 -1.758960 3.164332
 H 2.517242 -2.752579 3.131968
 H 1.957431 -5.596029 2.565267
 H 2.854288 -5.887302 1.382501
 H -3.167645 -4.581722 5.181571
 H -3.261897 -3.627574 3.895547
 H -4.739508 -7.852123 -0.186219
 H -5.008542 -6.420505 -0.547087
 H -3.474673 -3.284318 -3.653120
 H -3.018049 -4.808605 -3.918765
 H 2.842158 -3.461013 -2.195742
 H 1.643252 -3.958525 -1.350619
 H -1.564237 3.495826 -2.286517
 H -1.568511 3.900967 -0.831149
 H -1.615435 -2.253165 0.902771
 H -0.268763 -2.567089 1.678978
 H 0.696741 -4.232812 3.266716
 H -0.736903 -4.866270 2.975313
 H 4.653822 -5.040730 -4.695879
 H 3.858529 -3.918573 -5.346856
 H 3.967363 4.927362 2.351156
 H 5.539075 5.001992 2.172331
 H 5.378935 -3.158555 4.549566
 H 4.994764 -4.617463 4.849741
 H -1.542528 -2.104638 -3.314410
 H -2.740685 -1.202577 -3.702640
 H -0.128118 3.518228 -4.764720
 H -1.193683 2.372510 -4.595535
 H 5.181478 2.358953 1.359952
 H 3.690351 2.247924 1.286856
 H 2.381032 0.882398 -3.145836
 H 2.328460 2.275239 -3.539849
 H -4.985389 3.964982 -6.254818
 H -5.201185 2.824235 -5.229751
 H 4.961141 -6.459856 0.732731
 H 5.766967 -5.232849 0.321019
 H 0.043693 -0.667464 -6.910893
 H 1.030230 0.106123 -5.978024
 H -2.745547 -0.177586 -5.865742
 H -3.549923 1.050369 -5.351193
 H -0.299696 -0.483949 1.867301
 H 0.856953 -0.641409 0.778170
 H 5.283365 -2.582810 -3.892850
 H 6.464508 -2.529464 -2.983819
 H 4.484800 0.373026 -0.736245
 H 4.990575 -0.923270 -1.435684
 H 0.215117 5.247752 4.266087
 H -0.765648 4.174585 3.573638
 H -4.289758 -0.095283 -2.240365
 H -5.387331 -0.583007 -3.279775
 H -0.592681 -4.219453 -1.592901
 H -0.501848 -3.497307 -0.122131
 H 5.255656 4.888216 -7.415306
 H 5.295294 4.031065 -8.609625
 H 3.382059 6.045060 4.873056
 H 4.260580 6.061923 6.256182
 H -5.909178 4.916353 -2.515485
 H -4.880918 5.885423 -2.355737
 H -0.765772 1.589240 -2.217861
 H 0.707023 1.691406 -2.225264
 H -3.674669 -4.254517 -1.459953
 H -3.933861 -4.469990 -0.024058
 H -3.438110 5.594508 1.907553
 H -3.759526 6.089291 3.291437
 H -3.080814 3.588648 2.976015
 H -3.258669 3.245895 4.469738
 H -2.153860 -1.380933 -1.381868
 H -2.242640 -0.142150 -0.338867
 H -1.995856 -1.688451 4.406589
 H -1.707092 -2.321384 5.711928
 H 0.871713 2.843881 4.711665
 H -0.401503 2.788360 5.374857
 H -4.351855 2.589696 2.692665
 H -3.876898 2.324890 1.259724
 H 3.709458 5.897803 -1.300560
 H 4.091928 5.445373 -2.769191
 H 0.743713 -4.826116 -3.622051
 H 1.740829 -5.559675 -2.782325
 H -4.043768 4.334107 -3.707394
 H -2.592334 4.052314 -3.792776
 H 5.322621 0.749071 7.535726
 H 4.848579 1.532432 6.286524
 H -2.040801 1.720252 2.388751
 H -0.617943 1.380753 1.636679
 H 0.856611 -1.596253 -2.857072
 H 0.317612 -1.066953 -4.252133
 H 0.364773 -3.333603 -4.722743
 H 0.278165 -2.949620 -6.126221
 H 7.348035 -6.371827 4.992399
 H 6.800178 -5.655433 3.734580
 H 4.123572 -3.793589 1.179795
 H 3.710345 -2.469866 0.414057
 H 6.600888 -0.712069 2.594818
 H 5.384604 -1.698397 2.165182
 H 1.687970 3.734587 -5.022054
 H 1.815095 4.908284 -4.007117
 H -1.100624 -7.679287 1.600399
 H -2.143872 -6.818629 0.958619
 H -5.239765 -1.253991 -6.382461
 H -4.047542 -2.144331 -6.818258
 H -4.499265 2.179482 -1.342970
 H -5.107777 0.927609 -1.229562
 H 4.161114 3.951497 -5.082221
 H 5.267610 2.882722 -5.047098
 H 2.441953 -1.017078 -1.011708
 H 1.109169 -0.245424 -1.320363
 H -4.388435 -3.745960 2.702967
 H -5.614915 -3.342848 2.120448
 H 1.989740 3.712661 2.376007
 H 1.939355 2.611201 1.278470
K_POINTS
 1
0.0 0.0 0.0 1.0