
&control
    calculation='scf'
    pseudo_dir = './',
    outdir='./outputs',
    disk_io='high'
/
&system
    ibrav= 1, celldm(1)=20.000000, nat=  192, ntyp= 2,
    ecutwfc = 30.0, nosym=.true., occupations='smearing',
    smearing='m-v', degauss=0.025
/
&electrons
    conv_thr =  1.0d-8,
    mixing_beta = 0.7
/
&ions
    pot_extrapolation='second-order'
    wfc_extrapolation='second-order'
    ion_temperature = 'andersen'
    tempw = 1000

/
ATOMIC_SPECIES
 H  1.01  H.blyp-hgh.UPF
 O  16.0  O.blyp-hgh.UPF
ATOMIC_POSITIONS bohr
 O -5.636669 -1.639060 -0.450696
 O 3.235523 -2.364723 6.287397
 O -5.765130 6.851774 -5.679212
 O 1.818667 2.638195 -1.046143
 O -4.971223 0.980827 4.298977
 O 0.304219 5.932924 6.013713
 O -1.532186 -5.872674 -2.503995
 O 3.477541 1.312570 4.759143
 O -2.861211 -6.764008 5.496212
 O 1.744689 -2.469930 3.641563
 O 2.571298 -6.277861 2.236749
 O -3.092121 -3.657450 4.842269
 O -4.364243 -6.958270 -0.027202
 O -3.684892 -4.115886 -4.143302
 O 2.439107 -4.275438 -1.845288
 O -1.644525 3.096690 -1.413569
 O -1.204137 -2.873368 1.554093
 O 0.023338 -4.874100 3.595252
 O 4.308636 -4.136192 -4.511916
 O 4.789734 4.384393 2.167476
 O 5.126993 -3.985808 4.104138
 O -2.455749 -1.859406 -3.023081
 O -1.074161 3.317584 -4.759997
 O 4.483716 1.680950 1.248882
 O 3.008029 1.571439 -3.462824
 O -4.602509 3.562942 -5.455484
 O 4.842967 -5.513078 0.479560
 O 0.642990 -0.789739 -6.134599
 O -2.710624 0.575429 -5.244664
 O 0.599765 -0.857271 1.701531
 O 6.075592 -2.008204 -3.714901
 O 4.222979 -0.272461 -1.442934
 O 0.167740 4.375876 3.784160
 O -4.704864 0.098031 -3.097573
 O -0.084743 -4.113057 -0.768249
 O 5.563467 3.991313 -7.669767
 O 4.022043 6.525928 5.430369
 O -5.888088 5.852847 -2.201526
 O 0.000749 1.192120 -2.696358
 O -4.431302 -4.205331 -0.843099
 O -2.959913 5.958109 2.696199
 O -2.813976 2.926036 3.655841
 O -2.199439 -1.106861 -0.424456
 O -1.743729 -1.422502 5.318313
 O 0.479169 2.362649 5.484906
 O -4.494340 2.895074 1.760402
 O 3.634915 5.160664 -1.949264
 O 1.178158 -5.687886 -3.594549
 O -3.207938 4.675545 -3.295712
 O 5.655298 1.209243 6.754761
 O -1.361097 1.052103 2.203443
 O 0.217041 -1.801745 -3.580706
 O 0.163220 -3.777536 -5.602390
 O 7.218709 -6.504879 4.028939
 O 3.858872 -2.856067 1.297718
 O 6.000306 -1.430797 2.910850
 O 1.722632 3.924887 -4.056985
 O -1.585202 -7.592045 0.754986
 O -4.520137 -1.325264 -7.050275
 O -4.447632 1.442551 -0.699064
 O 5.035165 3.790880 -4.677275
 O 1.458561 -1.135634 -1.085796
 O -5.060944 -4.171167 2.119964
 O 1.760795 2.776147 2.225826
 H -5.176235 -2.476993 -0.684987
 H -5.316520 -1.302238 0.415651
 H 2.621788 -1.860018 6.850348
 H 2.694765 -2.451778 5.470942
 H -5.436586 5.992548 -5.332299
 H -5.051332 7.460197 -5.374097
 H 2.225986 3.483588 -1.343015
 H 0.892499 2.932244 -0.857461
 H -5.489146 0.179148 4.407324
 H -4.118236 0.797994 4.696129
 H 0.348603 6.922710 6.106385
 H 0.571676 5.541393 6.861995
 H -1.759155 -6.822961 -2.455697
 H -0.792756 -5.796931 -3.159552
 H 3.770815 1.778819 3.959931
 H 3.819371 0.430921 4.505835
 H -3.285211 -7.351630 6.155287
 H -2.044468 -6.538406 6.012806
 H 1.287664 -1.760177 3.162638
 H 2.513733 -2.754600 3.126383
 H 1.955514 -5.592100 2.563280
 H 2.851281 -5.887104 1.380321
 H -3.166830 -4.579407 5.189181
 H -3.262088 -3.626799 3.897161
 H -4.740788 -7.848433 -0.189912
 H -5.008530 -6.419418 -0.539810
 H -3.476178 -3.285725 -3.651247
 H -3.011412 -4.800706 -3.921519
 H 2.837617 -3.460589 -2.192276
 H 1.641871 -3.962096 -1.350451
 H -1.560163 3.489464 -2.289739
 H -1.570448 3.904000 -0.833192
 H -1.618685 -2.253692 0.905395
 H -0.270535 -2.569189 1.676841
 H 0.694918 -4.233255 3.266312
 H -0.738156 -4.862324 2.976441
 H 4.657588 -5.040601 -4.687610
 H 3.856227 -3.915252 -5.346020
 H 3.970208 4.927374 2.344528
 H 5.545020 4.997440 2.169932
 H 5.374948 -3.159323 4.554846
 H 4.998237 -4.625061 4.847359
 H -1.542558 -2.105388 -3.312725
 H -2.738275 -1.200124 -3.704093
 H -0.129260 3.522301 -4.766590
 H -1.189730 2.371745 -4.591329
 H 5.180957 2.359674 1.356909
 H 3.691586 2.246113 1.286511
 H 2.383378 0.884231 -3.141301
 H 2.330010 2.277771 -3.539389
 H -4.987205 3.963920 -6.256127
 H -5.203978 2.828910 -5.229672
 H 4.957408 -6.460319 0.728411
 H 5.765800 -5.231469 0.324522
 H 0.041665 -0.665800 -6.911478
 H 1.025033 0.106933 -5.976179
 H -2.741832 -0.176456 -5.868787
 H -3.554341 1.046459 -5.352637
 H -0.301042 -0.490366 1.868185
 H 0.854546 -0.641725 0.778040
 H 5.278645 -2.574545 -3.892087
 H 6.466002 -2.533467 -2.984514
 H 4.487836 0.371490 -0.736547
 H 4.987019 -0.927832 -1.436321
 H 0.216799 5.248370 4.261793
 H -0.772021 4.174560 3.566944
 H -4.289841 -0.096083 -2.239473
 H -5.387975 -0.586315 -3.279449
 H -0.597941 -4.222986 -1.589950
 H -0.497086 -3.495531 -0.121929
 H 5.250990 4.884427 -7.416480
 H 5.296295 4.026194 -8.612986
 H 3.382933 6.043228 4.871668
 H 4.265317 6.052844 6.251707
 H -5.912467 4.916002 -2.516805
 H -4.882260 5.894780 -2.357332
 H -0.763103 1.588477 -2.210393
 H 0.710558 1.688883 -2.227406
 H -3.674484 -4.258962 -1.457405
 H -3.933428 -4.470183 -0.025716
 H -3.436475 5.595391 1.907955
 H -3.763560 6.088758 3.289609
 H -3.091119 3.586555 2.977930
 H -3.251553 3.240951 4.473025
 H -2.157788 -1.378948 -1.379296
 H -2.246540 -0.137945 -0.336305
 H -1.994885 -1.682332 4.405472
 H -1.707807 -2.322152 5.708646
 H 0.876989 2.837383 4.707851
 H -0.400216 2.784669 5.378221
 H -4.348304 2.586914 2.692538
 H -3.881777 2.323399 1.256085
 H 3.709292 5.899639 -1.300500
 H 4.095539 5.447243 -2.766413
 H 0.746118 -4.824905 -3.622206
 H 1.741817 -5.559361 -2.782459
 H -4.046587 4.331924 -3.710942
 H -2.596323 4.053574 -3.795259
 H 5.324059 0.751642 7.537548
 H 4.850413 1.536088 6.286236
 H -2.039715 1.726642 2.389076
 H -0.617160 1.385911 1.636120
 H 0.859674 -1.598729 -2.857510
 H 0.320237 -1.066440 -4.248557
 H 0.354310 -3.331486 -4.722346
 H 0.270032 -2.949149 -6.124161
 H 7.350162 -6.369709 4.991180
 H 6.798649 -5.654696 3.738277
 H 4.119277 -3.794117 1.178017
 H 3.713225 -2.472165 0.413641
 H 6.605043 -0.715090 2.599811
 H 5.393411 -1.700722 2.155643
 H 1.690004 3.732683 -5.022062
 H 1.818202 4.908298 -4.002752
 H -1.098923 -7.688051 1.598605
 H -2.140090 -6.821305 0.962637
 H -5.234863 -1.248043 -6.380479
 H -4.046680 -2.144267 -6.816845
 H -4.498198 2.177178 -1.345642
 H -5.102153 0.922948 -1.234585
 H 4.153379 3.943838 -5.079533
 H 5.271702 2.882837 -5.043844
 H 2.443806 -1.015953 -1.010056
 H 1.106160 -0.245105 -1.315737
 H -4.395310 -3.749324 2.710210
 H -5.621615 -3.349163 2.123260
 H 1.989741 3.709910 2.374951
 H 1.949991 2.607883 1.280504
K_POINTS
 1
0.0 0.0 0.0 1.0