
&control
    calculation='scf'
    pseudo_dir = './',
    outdir='./outputs',
    disk_io='high'
/
&system
    ibrav= 1, celldm(1)=20.000000, nat=  192, ntyp= 2,
    ecutwfc = 30.0, nosym=.true., occupations='smearing',
    smearing='m-v', degauss=0.025
/
&electrons
    conv_thr =  1.0d-8,
    mixing_beta = 0.7
/
&ions
    pot_extrapolation='second-order'
    wfc_extrapolation='second-order'
    ion_temperature = 'andersen'
    tempw = 1000

/
ATOMIC_SPECIES
 H  1.01  H.blyp-hgh.UPF
 O  16.0  O.blyp-hgh.UPF
ATOMIC_POSITIONS bohr
 O -5.638288 -1.639073 -0.442968
 O 3.245982 -2.359753 6.292079
 O -5.764092 6.857214 -5.683485
 O 1.827332 2.636561 -1.042146
 O -4.970433 0.983081 4.307958
 O 0.307769 5.932767 6.020006
 O -1.535191 -5.869870 -2.502712
 O 3.489956 1.311254 4.763496
 O -2.853538 -6.764558 5.501932
 O 1.737621 -2.467582 3.638907
 O 2.565565 -6.265681 2.233836
 O -3.084943 -3.665512 4.850093
 O -4.353200 -6.955176 -0.028981
 O -3.683484 -4.111304 -4.154104
 O 2.443361 -4.287002 -1.841997
 O -1.637554 3.097886 -1.416028
 O -1.201736 -2.871966 1.546971
 O 0.017328 -4.875971 3.595872
 O 4.305687 -4.132167 -4.505755
 O 4.794536 4.380006 2.168432
 O 5.121578 -3.985539 4.115425
 O -2.455170 -1.850048 -3.025836
 O -1.077142 3.316658 -4.767268
 O 4.487810 1.677515 1.235267
 O 3.013115 1.571613 -3.464784
 O -4.602298 3.568380 -5.461701
 O 4.840210 -5.507955 0.491971
 O 0.643180 -0.794047 -6.140835
 O -2.717439 0.577936 -5.247812
 O 0.601749 -0.862887 1.705371
 O 6.084282 -2.005534 -3.706453
 O 4.218595 -0.276253 -1.441914
 O 0.158521 4.376392 3.774730
 O -4.711256 0.087843 -3.092767
 O -0.084590 -4.117694 -0.766549
 O 5.570010 3.983963 -7.680909
 O 4.025219 6.521353 5.426121
 O -5.893299 5.855880 -2.203878
 O 0.002779 1.194046 -2.694460
 O -4.440192 -4.207127 -0.836139
 O -2.962214 5.970008 2.695860
 O -2.807394 2.921890 3.650302
 O -2.209278 -1.089872 -0.421391
 O -1.745073 -1.419310 5.320128
 O 0.485588 2.367284 5.477523
 O -4.497294 2.889460 1.765959
 O 3.630522 5.165203 -1.948553
 O 1.168786 -5.692062 -3.590451
 O -3.225986 4.675686 -3.301978
 O 5.660792 1.213094 6.759361
 O -1.360600 1.060308 2.207415
 O 0.219371 -1.807048 -3.580836
 O 0.163850 -3.779462 -5.602220
 O 7.214395 -6.501727 4.028342
 O 3.861301 -2.855401 1.304900
 O 5.994147 -1.433483 2.903521
 O 1.724254 3.932837 -4.060943
 O -1.572914 -7.600301 0.747856
 O -4.514732 -1.325072 -7.050838
 O -4.454993 1.439099 -0.700808
 O 5.024451 3.797841 -4.691240
 O 1.460606 -1.134040 -1.077042
 O -5.056433 -4.175807 2.109479
 O 1.763215 2.770509 2.222489
 H -5.182229 -2.473847 -0.679592
 H -5.348534 -1.332664 0.447478
 H 2.631335 -1.828353 6.830900
 H 2.718400 -2.441619 5.472126
 H -5.459407 5.993515 -5.321028
 H -5.056000 7.482304 -5.389174
 H 2.211292 3.482663 -1.352117
 H 0.896958 2.919432 -0.860303
 H -5.479763 0.172241 4.402653
 H -4.112448 0.794288 4.684636
 H 0.341040 6.920258 6.141120
 H 0.586889 5.550217 6.868399
 H -1.799861 -6.811299 -2.470334
 H -0.782614 -5.831519 -3.150592
 H 3.764263 1.773125 3.948193
 H 3.842063 0.434356 4.512617
 H -3.290562 -7.351005 6.161942
 H -2.036350 -6.569292 6.023892
 H 1.293007 -1.763586 3.153946
 H 2.500568 -2.761671 3.102704
 H 1.946861 -5.577553 2.556408
 H 2.839496 -5.886695 1.372103
 H -3.163529 -4.570015 5.217798
 H -3.262277 -3.625346 3.902868
 H -4.744664 -7.833870 -0.203359
 H -5.007958 -6.414622 -0.510695
 H -3.480925 -3.291673 -3.644095
 H -2.985142 -4.767948 -3.931862
 H 2.820116 -3.459324 -2.179394
 H 1.635393 -3.976894 -1.349117
 H -1.543946 3.463883 -2.304446
 H -1.578711 3.914609 -0.839927
 H -1.631466 -2.254583 0.915824
 H -0.278850 -2.576331 1.668043
 H 0.685975 -4.233789 3.265629
 H -0.742406 -4.846182 2.980968
 H 4.673474 -5.037826 -4.653472
 H 3.846086 -3.900174 -5.343228
 H 3.982915 4.927574 2.318087
 H 5.569204 4.979470 2.161075
 H 5.359204 -3.161909 4.575404
 H 5.011435 -4.654881 4.836631
 H -1.541897 -2.107448 -3.305700
 H -2.728791 -1.189595 -3.708872
 H -0.132997 3.537701 -4.773144
 H -1.173058 2.367214 -4.575008
 H 5.179424 2.361888 1.344718
 H 3.696123 2.238341 1.285510
 H 2.395145 0.890728 -3.123272
 H 2.338262 2.289379 -3.538138
 H -4.996318 3.958574 -6.262062
 H -5.215754 2.847069 -5.230196
 H 4.942043 -6.461422 0.710740
 H 5.761058 -5.225354 0.338230
 H 0.033368 -0.659384 -6.912171
 H 1.003813 0.109531 -5.970061
 H -2.726817 -0.171817 -5.882030
 H -3.572235 1.030235 -5.358083
 H -0.305756 -0.515683 1.871545
 H 0.844817 -0.644048 0.777666
 H 5.260296 -2.541333 -3.890584
 H 6.472434 -2.549126 -2.988027
 H 4.499143 0.364895 -0.738450
 H 4.970901 -0.943857 -1.438734
 H 0.222081 5.249289 4.244347
 H -0.796063 4.175559 3.541680
 H -4.289985 -0.100495 -2.236290
 H -5.390568 -0.599717 -3.277760
 H -0.620162 -4.237174 -1.576383
 H -0.479069 -3.489030 -0.121698
 H 5.233225 4.868866 -7.420677
 H 5.301021 4.005306 -8.627009
 H 3.386343 6.035582 4.867494
 H 4.282951 6.015979 6.232411
 H -5.928624 4.915338 -2.521377
 H -4.891199 5.934500 -2.363087
 H -0.752632 1.584668 -2.181148
 H 0.725700 1.679084 -2.236869
 H -3.674584 -4.276533 -1.449010
 H -3.934062 -4.470098 -0.031857
 H -3.430190 5.599493 1.910234
 H -3.778598 6.086073 3.282670
 H -3.131710 3.579078 2.986253
 H -3.222274 3.220945 4.486004
 H -2.174182 -1.369449 -1.369144
 H -2.262402 -0.121430 -0.326827
 H -1.990983 -1.656584 4.401499
 H -1.710723 -2.324985 5.695831
 H 0.898406 2.810107 4.693504
 H -0.395327 2.769058 5.393047
 H -4.335790 2.575014 2.690693
 H -3.902517 2.317439 1.240740
 H 3.709254 5.906757 -1.301997
 H 4.109927 5.454544 -2.753805
 H 0.756292 -4.819143 -3.624253
 H 1.745943 -5.557709 -2.783940
 H -4.056790 4.324271 -3.724736
 H -2.611927 4.060592 -3.804873
 H 5.328804 0.761243 7.546131
 H 4.857641 1.549181 6.283710
 H -2.034143 1.752764 2.390880
 H -0.616925 1.407700 1.636311
 H 0.870801 -1.608913 -2.858672
 H 0.329982 -1.065981 -4.234095
 H 0.311981 -3.323984 -4.721920
 H 0.237762 -2.948390 -6.117310
 H 7.358084 -6.360538 4.986166
 H 6.792666 -5.652033 3.753270
 H 4.102383 -3.796237 1.170343
 H 3.724898 -2.482049 0.412179
 H 6.620154 -0.727895 2.619870
 H 5.429511 -1.708658 2.119483
 H 1.698668 3.724621 -5.021954
 H 1.830224 4.907831 -3.984589
 H -1.091394 -7.723315 1.590750
 H -2.124648 -6.831653 0.977541
 H -5.214685 -1.224462 -6.372919
 H -4.043115 -2.145053 -6.811592
 H -4.491545 2.169374 -1.355094
 H -5.079599 0.903060 -1.252295
 H 4.123213 3.912514 -5.067819
 H 5.287577 2.885143 -5.029692
 H 2.450816 -1.010198 -1.004251
 H 1.094365 -0.244255 -1.297656
 H -4.422523 -3.765036 2.738262
 H -5.649751 -3.376192 2.134068
 H 1.988569 3.699804 2.370672
 H 1.991903 2.595090 1.288338
K_POINTS
 1
0.0 0.0 0.0 1.0