
&control
    calculation='scf'
    pseudo_dir = './',
    outdir='./outputs',
    disk_io='high'
/
&system
    ibrav= 1, celldm(1)=20.000000, nat=  192, ntyp= 2,
    ecutwfc = 30.0, nosym=.true., occupations='smearing',
    smearing='m-v', degauss=0.025
/
&electrons
    conv_thr =  1.0d-8,
    mixing_beta = 0.7
/
&ions
    pot_extrapolation='second-order'
    wfc_extrapolation='second-order'
    ion_temperature = 'andersen'
    tempw = 1000

/
ATOMIC_SPECIES
 H  1.01  H.blyp-hgh.UPF
 O  16.0  O.blyp-hgh.UPF
ATOMIC_POSITIONS bohr
 O -5.640762 -1.638562 -0.433230
 O 3.258925 -2.353401 6.297847
 O -5.762337 6.863554 -5.688802
 O 1.837357 2.634813 -1.036739
 O -4.969877 0.986985 4.318399
 O 0.312024 5.932874 6.027820
 O -1.538547 -5.865898 -2.501582
 O 3.505887 1.309385 4.768681
 O -2.843780 -6.765282 5.510152
 O 1.729184 -2.465702 3.636277
 O 2.558464 -6.250262 2.229825
 O -3.075938 -3.675325 4.860605
 O -4.339612 -6.951586 -0.030992
 O -3.681838 -4.105982 -4.167724
 O 2.448642 -4.301062 -1.837226
 O -1.628501 3.099693 -1.418672
 O -1.199096 -2.871031 1.538132
 O 0.010122 -4.878523 3.596490
 O 4.302108 -4.127791 -4.497796
 O 4.800519 4.374671 2.169290
 O 5.115048 -3.985222 4.129630
 O -2.454620 -1.838582 -3.029627
 O -1.081874 3.315832 -4.776132
 O 4.493221 1.673181 1.218108
 O 3.018582 1.571615 -3.467351
 O -4.601652 3.575345 -5.469382
 O 4.836789 -5.501820 0.507421
 O 0.643729 -0.798758 -6.148562
 O -2.725726 0.581065 -5.251663
 O 0.604159 -0.869717 1.710230
 O 6.094724 -2.002747 -3.695478
 O 4.213732 -0.281648 -1.440096
 O 0.146390 4.377140 3.762255
 O -4.719279 0.075502 -3.086933
 O -0.083729 -4.123500 -0.764640
 O 5.577686 3.974723 -7.694352
 O 4.029242 6.515233 5.421239
 O -5.898274 5.858865 -2.207604
 O 0.005128 1.196438 -2.691545
 O -4.450348 -4.209473 -0.827378
 O -2.965533 5.984848 2.695134
 O -2.798960 2.917127 3.643715
 O -2.221428 -1.068926 -0.416953
 O -1.746465 -1.415520 5.322020
 O 0.494077 2.373072 5.468229
 O -4.501099 2.882457 1.772891
 O 3.624808 5.171003 -1.947449
 O 1.157015 -5.697844 -3.584993
 O -3.249002 4.674838 -3.310618
 O 5.667751 1.218470 6.765075
 O -1.359396 1.070325 2.211569
 O 0.222793 -1.813627 -3.581028
 O 0.164545 -3.781078 -5.601447
 O 7.208864 -6.497095 4.027236
 O 3.864314 -2.854384 1.313949
 O 5.986454 -1.437062 2.893659
 O 1.726129 3.942840 -4.066496
 O -1.557226 -7.610773 0.738971
 O -4.508366 -1.324869 -7.051027
 O -4.464753 1.434907 -0.703867
 O 5.010824 3.806517 -4.708952
 O 1.463414 -1.131834 -1.066063
 O -5.050779 -4.180492 2.096587
 O 1.766472 2.762932 2.218022
 H -5.187062 -2.471578 -0.669334
 H -5.387809 -1.373804 0.482704
 H 2.643637 -1.788689 6.806938
 H 2.747783 -2.429152 5.470746
 H -5.489537 5.997002 -5.306092
 H -5.063353 7.510040 -5.406137
 H 2.196581 3.481468 -1.365292
 H 0.904163 2.903089 -0.862820
 H -5.468243 0.161324 4.398582
 H -4.101588 0.786627 4.671806
 H 0.332096 6.915240 6.185261
 H 0.605790 5.563266 6.876807
 H -1.852502 -6.794065 -2.489127
 H -0.771483 -5.877677 -3.135755
 H 3.754675 1.769348 3.933768
 H 3.868986 0.436572 4.523744
 H -3.296874 -7.349708 6.168761
 H -2.024637 -6.607927 6.033793
 H 1.299600 -1.763364 3.138286
 H 2.484490 -2.767824 3.071678
 H 1.934209 -5.562373 2.549983
 H 2.825301 -5.886762 1.362680
 H -3.159498 -4.559976 5.249550
 H -3.261011 -3.627772 3.909512
 H -4.746609 -7.817037 -0.217256
 H -5.006907 -6.406216 -0.475184
 H -3.484518 -3.299101 -3.636177
 H -2.952966 -4.725431 -3.943646
 H 2.800186 -3.458543 -2.165846
 H 1.625977 -3.997326 -1.346465
 H -1.523812 3.431825 -2.326073
 H -1.590034 3.923967 -0.845972
 H -1.647170 -2.252226 0.927913
 H -0.289311 -2.581402 1.656803
 H 0.671454 -4.231561 3.267094
 H -0.746866 -4.825462 2.986252
 H 4.694287 -5.028491 -4.609443
 H 3.832663 -3.878756 -5.339402
 H 4.000603 4.929256 2.285788
 H 5.598701 4.956776 2.151620
 H 5.339907 -3.164290 4.600264
 H 5.026329 -4.690151 4.820786
 H -1.539560 -2.107703 -3.296315
 H -2.717259 -1.174872 -3.712674
 H -0.136541 3.554949 -4.779262
 H -1.150231 2.359808 -4.555944
 H 5.178895 2.363067 1.329430
 H 3.700534 2.227632 1.285064
 H 2.414815 0.896856 -3.100890
 H 2.353809 2.306061 -3.537752
 H -5.011611 3.949915 -6.271392
 H -5.231555 2.868166 -5.232407
 H 4.922204 -6.461495 0.687983
 H 5.755337 -5.216460 0.354714
 H 0.022880 -0.652294 -6.909136
 H 0.976558 0.111375 -5.965116
 H -2.707705 -0.165018 -5.900235
 H -3.594842 1.008558 -5.364137
 H -0.310238 -0.546179 1.875396
 H 0.832481 -0.649459 0.777903
 H 5.240056 -2.499160 -3.891512
 H 6.481077 -2.568114 -2.994252
 H 4.511325 0.355672 -0.742381
 H 4.946919 -0.959009 -1.441473
 H 0.224970 5.247546 4.222031
 H -0.819613 4.180247 3.514673
 H -4.289694 -0.109068 -2.233407
 H -5.393932 -0.617009 -3.274636
 H -0.650043 -4.255061 -1.555017
 H -0.459096 -3.482150 -0.122540
 H 5.213288 4.847944 -7.425391
 H 5.308585 3.976482 -8.644968
 H 3.390536 6.025624 4.865112
 H 4.301865 5.969910 6.204302
 H -5.954269 4.917460 -2.525244
 H -4.910592 5.987934 -2.369078
 H -0.739205 1.577972 -2.146509
 H 0.746873 1.667739 -2.250521
 H -3.677989 -4.297767 -1.442043
 H -3.939655 -4.468448 -0.036518
 H -3.423141 5.605674 1.913759
 H -3.794285 6.081647 3.274688
 H -3.180481 3.571407 2.998446
 H -3.183747 3.195383 4.501766
 H -2.196100 -1.354052 -1.357751
 H -2.282868 -0.101609 -0.316959
 H -1.986200 -1.621791 4.397376
 H -1.714660 -2.328092 5.680357
 H 0.924829 2.773758 4.677440
 H -0.390909 2.749090 5.413561
 H -4.324098 2.557895 2.685887
 H -3.931152 2.310012 1.219940
 H 3.710336 5.914993 -1.307543
 H 4.127766 5.463093 -2.735046
 H 0.770256 -4.810116 -3.630136
 H 1.751104 -5.554945 -2.788358
 H -4.067649 4.317326 -3.741045
 H -2.630274 4.073622 -3.816073
 H 5.332408 0.771936 7.559350
 H 4.867227 1.561657 6.278127
 H -2.023397 1.785069 2.394194
 H -0.623527 1.436536 1.642569
 H 0.881583 -1.622584 -2.859169
 H 0.340335 -1.068374 -4.216451
 H 0.258529 -3.316736 -4.723311
 H 0.198408 -2.949326 -6.112604
 H 7.366884 -6.347895 4.980248
 H 6.785037 -5.648693 3.771748
 H 4.082020 -3.799189 1.160139
 H 3.739646 -2.495512 0.411372
 H 6.636089 -0.745116 2.644791
 H 5.476015 -1.715478 2.078926
 H 1.710605 3.714344 -5.021644
 H 1.844461 4.907195 -3.961087
 H -1.080269 -7.767836 1.579351
 H -2.104440 -6.843998 0.993547
 H -5.188688 -1.195528 -6.363798
 H -4.038636 -2.148046 -6.805950
 H -4.478130 2.162485 -1.363886
 H -5.051800 0.875517 -1.269240
 H 4.087883 3.871594 -5.050855
 H 5.305715 2.892246 -5.009808
 H 2.457704 -1.000068 -0.998847
 H 1.080587 -0.244591 -1.276029
 H -4.455727 -3.789376 2.771393
 H -5.687251 -3.414134 2.146510
 H 1.984722 3.690446 2.365525
 H 2.042598 2.580044 1.297262
K_POINTS
 1
0.0 0.0 0.0 1.0