
&control
    calculation='scf'
    pseudo_dir = './',
    outdir='./outputs',
    disk_io='high'
/
&system
    ibrav= 1, celldm(1)=20.000000, nat=  192, ntyp= 2,
    ecutwfc = 30.0, nosym=.true., occupations='smearing',
    smearing='m-v', degauss=0.025
/
&electrons
    conv_thr =  1.0d-8,
    mixing_beta = 0.7
/
&ions
    pot_extrapolation='second-order'
    wfc_extrapolation='second-order'
    ion_temperature = 'andersen'
    tempw = 1000

/
ATOMIC_SPECIES
 H  1.01  H.blyp-hgh.UPF
 O  16.0  O.blyp-hgh.UPF
ATOMIC_POSITIONS bohr
 O -5.641318 -1.638382 -0.431263
 O 3.261493 -2.352102 6.299002
 O -5.761929 6.864769 -5.689865
 O 1.839257 2.634493 -1.035604
 O -4.969827 0.987891 4.320391
 O 0.312852 5.932939 6.029389
 O -1.539161 -5.865055 -2.501425
 O 3.509130 1.309000 4.769663
 O -2.841826 -6.765448 5.511945
 O 1.727588 -2.465483 3.635817
 O 2.557047 -6.247155 2.228984
 O -3.074132 -3.677209 4.862779
 O -4.336912 -6.950910 -0.031357
 O -3.681515 -4.104962 -4.170453
 O 2.449672 -4.303810 -1.836173
 O -1.626645 3.100099 -1.419157
 O -1.198659 -2.870978 1.536376
 O 0.008728 -4.879061 3.596596
 O 4.301393 -4.126983 -4.496181
 O 4.801759 4.373616 2.169408
 O 5.113779 -3.985165 4.132472
 O -2.454530 -1.836325 -3.030426
 O -1.082937 3.315681 -4.777869
 O 4.494347 1.672307 1.214658
 O 3.019560 1.571610 -3.467885
 O -4.601487 3.576756 -5.470912
 O 4.836101 -5.500620 0.510499
 O 0.643876 -0.799608 -6.150101
 O -2.727356 0.581676 -5.252435
 O 0.604634 -0.871058 1.711202
 O 6.096737 -2.002265 -3.693238
 O 4.212826 -0.282807 -1.439664
 O 0.143851 4.377279 3.759650
 O -4.720885 0.073091 -3.085787
 O -0.083473 -4.124664 -0.764297
 O 5.579151 3.972867 -7.696981
 O 4.030054 6.513931 5.420337
 O -5.899098 5.859361 -2.208446
 O 0.005562 1.196916 -2.690884
 O -4.452241 -4.209953 -0.825660
 O -2.966258 5.987813 2.694962
 O -2.797257 2.916245 3.642436
 O -2.223836 -1.064775 -0.415967
 O -1.746702 -1.414783 5.322356
 O 0.495869 2.374195 5.466387
 O -4.501878 2.881065 1.774262
 O 3.623639 5.172183 -1.947200
 O 1.154654 -5.699062 -3.583848
 O -3.253655 4.674540 -3.312444
 O 5.669142 1.219621 6.766217
 O -1.359095 1.072329 2.212290
 O 0.223553 -1.814945 -3.581048
 O 0.164660 -3.781308 -5.601218
 O 7.207746 -6.496086 4.026972
 O 3.864914 -2.854163 1.315748
 O 5.984917 -1.437812 2.891602
 O 1.726483 3.944814 -4.067673
 O -1.554049 -7.612883 0.737202
 O -4.507132 -1.324841 -7.051006
 O -4.466767 1.434093 -0.704592
 O 5.008063 3.808256 -4.712521
 O 1.464017 -1.131362 -1.063866
 O -5.049662 -4.181283 2.094039
 O 1.767152 2.761333 2.217086
 H -5.187659 -2.471416 -0.666849
 H -5.395566 -1.382422 0.489105
 H 2.646188 -1.780794 6.802186
 H 2.753597 -2.426736 5.469994
 H -5.495689 5.998104 -5.302995
 H -5.065062 7.515413 -5.409262
 H 2.194184 3.481292 -1.368181
 H 0.905753 2.899778 -0.863151
 H -5.465910 0.158956 4.397987
 H -4.098961 0.784716 4.669418
 H 0.330355 6.914021 6.194063
 H 0.609565 5.566046 6.878544
 H -1.863305 -6.790261 -2.492915
 H -0.769454 -5.887196 -3.132289
 H 3.752515 1.768924 3.931103
 H 3.874199 0.436711 4.526309
 H -3.298057 -7.349297 6.169826
 H -2.021980 -6.615601 6.035280
 H 1.300818 -1.762645 3.134512
 H 2.481130 -2.768651 3.065499
 H 1.931485 -5.559781 2.548948
 H 2.822531 -5.886806 1.360861
 H -3.158730 -4.558457 5.255396
 H -3.260528 -3.628884 3.910943
 H -4.746608 -7.813973 -0.219666
 H -5.006744 -6.404059 -0.468288
 H -3.485002 -3.300494 -3.634769
 H -2.946622 -4.716856 -3.945905
 H 2.796501 -3.458494 -2.163507
 H 1.624034 -4.001763 -1.345873
 H -1.519809 3.425417 -2.330642
 H -1.592404 3.925282 -0.846972
 H -1.650290 -2.251228 0.930132
 H -0.291052 -2.581773 1.654568
 H 0.668174 -4.230703 3.267719
 H -0.747761 -4.821280 2.987208
 H 4.698480 -5.025801 -4.600606
 H 3.830060 -3.874323 -5.338384
 H 4.004217 4.929928 2.279498
 H 5.604290 4.952112 2.149938
 H 5.336090 -3.164698 4.605177
 H 5.029087 -4.696848 4.817341
 H -1.538933 -2.107413 -3.294360
 H -2.714992 -1.171724 -3.713171
 H -0.137223 3.558132 -4.780212
 H -1.145405 2.358335 -4.552349
 H 5.178990 2.363087 1.326364
 H 3.701219 2.225378 1.285078
 H 2.419333 0.897796 -3.096412
 H 2.357665 2.309542 -3.537808
 H -5.015132 3.947972 -6.273524
 H -5.234797 2.872143 -5.233015
 H 4.918200 -6.461391 0.683367
 H 5.754259 -5.214534 0.357929
 H 0.020785 -0.651050 -6.908016
 H 0.971054 0.111587 -5.964459
 H -2.703842 -0.163421 -5.903985
 H -3.599356 1.004026 -5.365244
 H -0.310967 -0.552078 1.876129
 H 0.830005 -0.650888 0.778080
 H 5.236564 -2.490614 -3.891977
 H 6.482830 -2.571872 -2.995751
 H 4.513501 0.353720 -0.743351
 H 4.941729 -0.961466 -1.441990
 H 0.225008 5.246925 4.217530
 H -0.823156 4.181733 3.510002
 H -4.289566 -0.111229 -2.233010
 H -5.394630 -0.620555 -3.273861
 H -0.656229 -4.258668 -1.550121
 H -0.455463 -3.480930 -0.122834
 H 5.209630 4.843506 -7.426341
 H 5.310321 3.970420 -8.648491
 H 3.391366 6.023617 4.864961
 H 4.305220 5.960852 6.198083
 H -5.959940 4.918398 -2.525758
 H -4.915496 5.998940 -2.370163
 H -0.736381 1.576356 -2.139897
 H 0.751380 1.665611 -2.253477
 H -3.679270 -4.301883 -1.441047
 H -3.941321 -4.467967 -0.036794
 H -3.421874 5.607012 1.914432
 H -3.796941 6.080646 3.273177
 H -3.189886 3.570026 3.001185
 H -3.175775 3.190193 4.504843
 H -2.200660 -1.350512 -1.355768
 H -2.287053 -0.097760 -0.315273
 H -1.985276 -1.614526 4.396616
 H -1.715510 -2.328670 5.677308
 H 0.929935 2.766281 4.674433
 H -0.390375 2.745209 5.417785
 H -4.322293 2.554096 2.684683
 H -3.937237 2.308536 1.215592
 H 3.710664 5.916563 -1.309075
 H 4.131323 5.464703 -2.730972
 H 0.773229 -4.808141 -3.631767
 H 1.752098 -5.554322 -2.789619
 H -4.069676 4.316290 -3.744200
 H -2.633726 4.076745 -3.818210
 H 5.332834 0.773962 7.562217
 H 4.869312 1.563582 6.276772
 H -2.020642 1.791282 2.395002
 H -0.625722 1.442415 1.644626
 H 0.883262 -1.625477 -2.859177
 H 0.342156 -1.069140 -4.213100
 H 0.247834 -3.315557 -4.723745
 H 0.190715 -2.949695 -6.112258
 H 7.368525 -6.345263 4.979187
 H 6.783427 -5.647932 3.775313
 H 4.078057 -3.799837 1.158109
 H 3.742589 -2.498285 0.411405
 H 6.638954 -0.748658 2.649711
 H 5.485409 -1.716436 2.071429
 H 1.713131 3.712369 -5.021584
 H 1.847223 4.907205 -3.956382
 H -1.077812 -7.776791 1.576849
 H -2.100247 -6.846422 0.996399
 H -5.183455 -1.189819 -6.361945
 H -4.037781 -2.148848 -6.804953
 H -4.474815 2.161435 -1.365217
 H -5.046358 0.869686 -1.271967
 H 4.081223 3.863157 -5.047133
 H 5.309049 2.894203 -5.005597
 H 2.458729 -0.997642 -0.998014
 H 1.078005 -0.244888 -1.271842
 H -4.462247 -3.794820 2.777779
 H -5.694966 -3.422296 2.148851
 H 1.983659 3.689129 2.364556
 H 2.052466 2.577152 1.298939
K_POINTS
 1
0.0 0.0 0.0 1.0