
&control
    calculation='scf'
    pseudo_dir = './',
    outdir='./outputs',
    disk_io='high'
/
&system
    ibrav= 1, celldm(1)=20.000000, nat=  192, ntyp= 2,
    ecutwfc = 30.0, nosym=.true., occupations='smearing',
    smearing='m-v', degauss=0.025
/
&electrons
    conv_thr =  1.0d-8,
    mixing_beta = 0.7
/
&ions
    pot_extrapolation='second-order'
    wfc_extrapolation='second-order'
    ion_temperature = 'andersen'
    tempw = 1000

/
ATOMIC_SPECIES
 H  1.01  H.blyp-hgh.UPF
 O  16.0  O.blyp-hgh.UPF
ATOMIC_POSITIONS bohr
 O -5.648614 -1.634969 -0.409101
 O 3.288935 -2.336788 6.311831
 O -5.756502 6.877413 -5.701814
 O 1.858306 2.631640 -1.022208
 O -4.970120 0.999502 4.340711
 O 0.321536 5.934699 6.047347
 O -1.544742 -5.855347 -2.501285
 O 3.546133 1.305019 4.778626
 O -2.820713 -6.768031 5.534887
 O 1.712529 -2.466102 3.630828
 O 2.541412 -6.212684 2.219294
 O -3.054185 -3.695179 4.887510
 O -4.307543 -6.944234 -0.034503
 O -3.677635 -4.094440 -4.200017
 O 2.459881 -4.332215 -1.822147
 O -1.605267 3.105417 -1.424452
 O -1.196979 -2.873621 1.517212
 O -0.005581 -4.885583 3.597403
 O 4.292997 -4.118401 -4.477955
 O 4.817490 4.361965 2.169253
 O 5.100802 -3.984665 4.163236
 O -2.453812 -1.812446 -3.039903
 O -1.096306 3.313319 -4.795917
 O 4.507691 1.662509 1.176265
 O 3.028420 1.572023 -3.474530
 O -4.599846 3.592466 -5.488102
 O 4.828247 -5.487636 0.544066
 O 0.646247 -0.806987 -6.166787
 O -2.744821 0.587632 -5.261455
 O 0.609729 -0.885320 1.721784
 O 6.116682 -1.998425 -3.668112
 O 4.203271 -0.296666 -1.433669
 O 0.113333 4.377871 3.728251
 O -4.738532 0.047946 -3.073617
 O -0.079032 -4.137506 -0.761569
 O 5.593820 3.951917 -7.724745
 O 4.039096 6.497282 5.412346
 O -5.906438 5.863256 -2.219206
 O 0.009546 1.202170 -2.681779
 O -4.469990 -4.215390 -0.808693
 O -2.975483 6.020371 2.692856
 O -2.778714 2.908581 3.628981
 O -2.249803 -1.020024 -0.402594
 O -1.748303 -1.406843 5.325433
 O 0.518172 2.384774 5.447512
 O -4.510994 2.866156 1.788312
 O 3.610228 5.185468 -1.943972
 O 1.128416 -5.713134 -3.570072
 O -3.305435 4.669026 -3.334024
 O 5.684002 1.233693 6.779279
 O -1.355423 1.095031 2.218180
 O 0.233508 -1.829954 -3.580185
 O 0.165082 -3.782003 -5.597256
 O 7.195426 -6.483365 4.023423
 O 3.871571 -2.851878 1.334719
 O 5.968185 -1.446881 2.867603
 O 1.729877 3.964977 -4.081491
 O -1.518393 -7.636257 0.718128
 O -4.493999 -1.325204 -7.049780
 O -4.489847 1.425842 -0.714707
 O 4.976600 3.827866 -4.752161
 O 1.471638 -1.125489 -1.039746
 O -5.038170 -4.186967 2.066752
 O 1.775393 2.742001 2.205709
 H -5.187270 -2.475935 -0.631465
 H -5.478461 -1.483599 0.546025
 H 2.678142 -1.697290 6.750056
 H 2.816466 -2.403176 5.451276
 H -5.562556 6.020791 -5.265984
 H -5.089570 7.565030 -5.436810
 H 2.179880 3.480064 -1.404609
 H 0.922909 2.863157 -0.861764
 H -5.437132 0.134958 4.395467
 H -4.066617 0.758179 4.644043
 H 0.311271 6.898433 6.285800
 H 0.651354 5.596578 6.898629
 H -1.988849 -6.739064 -2.534106
 H -0.750162 -5.994342 -3.083563
 H 3.722466 1.766972 3.912761
 H 3.928322 0.432065 4.560902
 H -3.309201 -7.340192 6.173748
 H -1.983168 -6.697474 6.041981
 H 1.312457 -1.743499 3.083756
 H 2.436732 -2.768546 3.004825
 H 1.898539 -5.541781 2.541706
 H 2.793325 -5.885981 1.340301
 H -3.151679 -4.558828 5.309819
 H -3.249258 -3.656263 3.933293
 H -4.738280 -7.790059 -0.239107
 H -5.006291 -6.368034 -0.397577
 H -3.488413 -3.311123 -3.624875
 H -2.879496 -4.625360 -3.971118
 H 2.762836 -3.461807 -2.145854
 H 1.605071 -4.060463 -1.340249
 H -1.477146 3.355501 -2.376536
 H -1.619504 3.928382 -0.856390
 H -1.683289 -2.229352 0.950188
 H -0.294300 -2.568876 1.631446
 H 0.627197 -4.210874 3.282559
 H -0.760899 -4.775758 2.994546
 H 4.743546 -4.980956 -4.508503
 H 3.808798 -3.828662 -5.316163
 H 4.041417 4.948488 2.215795
 H 5.653586 4.896291 2.135766
 H 5.294732 -3.169873 4.659498
 H 5.054134 -4.760059 4.776002
 H -1.530147 -2.095606 -3.271228
 H -2.690828 -1.132691 -3.714093
 H -0.148813 3.587550 -4.785006
 H -1.087827 2.350688 -4.519314
 H 5.184806 2.358755 1.292367
 H 3.705004 2.198197 1.287360
 H 2.478157 0.901402 -3.045951
 H 2.415408 2.347196 -3.540242
 H -5.060326 3.923022 -6.301034
 H -5.268539 2.910670 -5.242002
 H 4.875201 -6.459214 0.631685
 H 5.744228 -5.191353 0.391842
 H -0.003200 -0.642862 -6.886824
 H 0.911584 0.112922 -5.962941
 H -2.660940 -0.137493 -5.943762
 H -3.647186 0.949610 -5.374978
 H -0.316424 -0.610865 1.883974
 H 0.803577 -0.674235 0.782744
 H 5.215859 -2.394868 -3.899911
 H 6.500826 -2.614202 -3.017371
 H 4.532281 0.331871 -0.756079
 H 4.883780 -0.982599 -1.447379
 H 0.213240 5.239426 4.169023
 H -0.835207 4.210774 3.476081
 H -4.286242 -0.145836 -2.233767
 H -5.402774 -0.661469 -3.261717
 H -0.726664 -4.299818 -1.482966
 H -0.423502 -3.470946 -0.127829
 H 5.176779 4.788883 -7.439452
 H 5.334002 3.899923 -8.681558
 H 3.399334 6.002441 4.867640
 H 4.333448 5.868537 6.117937
 H -6.027179 4.940240 -2.526991
 H -4.983394 6.121123 -2.382654
 H -0.700248 1.552866 -2.075139
 H 0.804130 1.645164 -2.290846
 H -3.709830 -4.343436 -1.436533
 H -3.968040 -4.460920 -0.018643
 H -3.412112 5.622655 1.916880
 H -3.814620 6.068398 3.258966
 H -3.281878 3.555030 3.040668
 H -3.082082 3.131506 4.536346
 H -2.254225 -1.302199 -1.343063
 H -2.335510 -0.057150 -0.303144
 H -1.976544 -1.529543 4.387911
 H -1.727202 -2.334426 5.643493
 H 0.978184 2.683161 4.643127
 H -0.392355 2.708751 5.462121
 H -4.313690 2.501019 2.669895
 H -4.012092 2.292915 1.165185
 H 3.715099 5.934382 -1.330720
 H 4.171037 5.479419 -2.683188
 H 0.810829 -4.787557 -3.659914
 H 1.761808 -5.546640 -2.811324
 H -4.094517 4.311428 -3.778574
 H -2.663978 4.119297 -3.840764
 H 5.332649 0.797152 7.592548
 H 4.897979 1.571361 6.259044
 H -1.976852 1.849059 2.408343
 H -0.661302 1.508223 1.680471
 H 0.890596 -1.661228 -2.857298
 H 0.357072 -1.079100 -4.184564
 H 0.132157 -3.307751 -4.728588
 H 0.111518 -2.957344 -6.122646
 H 7.384723 -6.316136 4.971521
 H 6.761898 -5.634938 3.808623
 H 4.036798 -3.807566 1.139679
 H 3.773785 -2.527353 0.416758
 H 6.666316 -0.787422 2.701263
 H 5.586911 -1.719125 2.000535
 H 1.743646 3.696069 -5.022313
 H 1.876444 4.913593 -3.908113
 H -1.046130 -7.875732 1.543765
 H -2.049833 -6.873202 1.020495
 H -5.126958 -1.128894 -6.338646
 H -4.031130 -2.159241 -6.797290
 H -4.426828 2.154413 -1.370574
 H -4.990877 0.801132 -1.288979
 H 4.019631 3.765058 -4.998521
 H 5.337956 2.924472 -4.956516
 H 2.460998 -0.962274 -0.993913
 H 1.054029 -0.253347 -1.229387
 H -4.531616 -3.865626 2.842834
 H -5.780852 -3.525053 2.171547
 H 1.965361 3.686337 2.355395
 H 2.152844 2.548248 1.316772
K_POINTS
 1
0.0 0.0 0.0 1.0