
&control
    calculation='scf'
    pseudo_dir = './',
    outdir='./outputs',
    disk_io='high'
/
&system
    ibrav= 1, celldm(1)=20.000000, nat=  192, ntyp= 2,
    ecutwfc = 30.0, nosym=.true., occupations='smearing',
    smearing='m-v', degauss=0.025
/
&electrons
    conv_thr =  1.0d-8,
    mixing_beta = 0.7
/
&ions
    pot_extrapolation='second-order'
    wfc_extrapolation='second-order'
    ion_temperature = 'andersen'
    tempw = 1000

/
ATOMIC_SPECIES
 H  1.01  H.blyp-hgh.UPF
 O  16.0  O.blyp-hgh.UPF
ATOMIC_POSITIONS bohr
 O -5.260813 -1.537338 -1.499664
 O 3.939219 -2.132019 5.388493
 O -5.739490 5.398133 -5.482738
 O -0.180182 3.744372 -1.527231
 O -4.723327 0.761998 3.900330
 O -0.233585 5.453566 5.216087
 O -0.128705 -5.393502 -3.404274
 O 2.408293 0.178832 3.612252
 O -2.852313 -5.292784 5.645946
 O 1.944937 -2.887484 1.861701
 O 2.544323 -6.097374 2.906474
 O -4.097726 -3.025934 4.452833
 O -4.439573 -5.878189 0.723368
 O -3.599368 -5.696066 -3.732124
 O 2.309942 -2.753296 -2.265083
 O -1.949174 2.438959 1.133530
 O -1.202271 -1.657978 1.824765
 O 0.212007 -4.214004 3.742282
 O 5.414655 -4.267159 -4.972024
 O 5.460564 4.921840 2.195782
 O 5.918897 -2.985229 3.260345
 O -3.241540 -2.931311 -3.844908
 O -0.889964 2.633841 -4.944953
 O 3.908602 2.355990 2.879541
 O 2.328915 1.337710 -3.101653
 O -4.872627 2.733154 -6.206916
 O 4.471798 -5.975511 -1.244216
 O 1.987655 -1.293404 -4.610572
 O -2.033522 0.176989 -4.829933
 O 0.906550 -0.325526 0.750194
 O 4.762891 -1.741853 -3.690810
 O 5.188280 0.088644 -0.120080
 O -0.187236 4.587733 1.902087
 O -5.085995 0.726041 -4.006846
 O 0.729109 -3.825262 -0.373475
 O 4.570887 3.686393 -4.445663
 O 3.449516 5.463790 5.853392
 O -5.218503 3.845589 -1.940749
 O -0.375920 1.017252 -1.704778
 O -3.081937 -3.435659 -1.043032
 O -2.638068 5.480395 3.323060
 O -1.529658 2.803308 4.115273
 O -2.612030 -0.290868 -0.702184
 O -1.538940 -2.168765 4.873809
 O 0.654641 1.850565 4.948858
 O -4.734910 3.330009 1.397989
 O 2.882540 3.957494 -0.625516
 O 2.698514 -6.018701 -3.616726
 O -2.570579 4.525004 -2.323243
 O 5.478792 0.620621 5.348665
 O -3.024084 0.259916 1.982700
 O -0.671256 -2.379610 -2.389591
 O 0.012302 -3.319740 -5.484384
 O 5.737333 -5.961156 4.325834
 O 5.016016 -3.106231 -0.200741
 O 4.649672 -0.715065 2.451367
 O 1.153952 4.323071 -4.310062
 O -0.679134 -5.825738 0.453441
 O -5.532137 -1.438434 -5.730608
 O -4.640443 1.336527 -0.854336
 O 5.187821 1.514961 -2.534835
 O 2.827092 -0.285628 -1.087591
 O -5.278986 -1.267440 1.299926
 O 1.566082 2.597474 1.469681
 H -5.201677 -1.406591 -0.525396
 H -4.489989 -0.987015 -1.763308
 H 3.638740 -2.897910 5.910941
 H 3.216344 -1.913730 4.761776
 H -6.426966 4.961338 -4.929863
 H -5.566064 4.740314 -6.185474
 H 0.329227 3.021119 -1.095628
 H 0.513172 4.301210 -1.918990
 H -5.599054 0.333216 3.817161
 H -4.762294 1.363209 4.680859
 H 0.191608 6.327844 5.102049
 H 0.087696 5.140447 6.081054
 H -0.461860 -5.474775 -2.493120
 H -0.898449 -5.680087 -3.933630
 H 2.663800 1.103437 3.372142
 H 1.435951 0.192223 3.672521
 H -3.449744 -5.472676 6.406183
 H -1.963455 -5.428096 6.026647
 H 2.066359 -2.038968 1.384367
 H 2.859216 -3.225224 1.875343
 H 3.267223 -6.450088 2.350811
 H 1.723736 -6.479142 2.531199
 H -3.279917 -3.427840 4.103352
 H -4.528397 -2.490497 3.744978
 H -3.837746 -6.564387 0.368222
 H -4.218735 -5.053110 0.234567
 H -4.458088 -5.354276 -3.421209
 H -3.650615 -6.669895 -3.667227
 H 2.311379 -1.784841 -2.121286
 H 1.813318 -3.086044 -1.453409
 H -1.130317 2.948577 0.966783
 H -1.721970 1.492280 1.023975
 H -0.365416 -1.264358 1.350820
 H -0.848428 -1.663969 2.741831
 H 1.072106 -3.978741 3.304517
 H -0.420582 -3.887244 3.070845
 H 6.195641 -4.857334 -5.057889
 H 5.639861 -3.314752 -4.811752
 H 5.756394 5.340030 3.046784
 H 6.300605 4.993579 1.705813
 H 5.467977 -2.315025 2.696935
 H 6.194834 -3.704144 2.662029
 H -2.335366 -2.734848 -4.151533
 H -3.738559 -2.938026 -4.683331
 H -0.363028 2.857566 -4.156721
 H -1.363737 1.800504 -4.735308
 H 4.801363 2.634345 3.157743
 H 3.479800 3.182888 2.593062
 H 2.816095 1.043177 -3.895290
 H 1.791018 2.082595 -3.439919
 H -4.988811 2.071807 -5.484241
 H -3.979441 3.088453 -6.026320
 H 4.093680 -5.083466 -1.391109
 H 5.400016 -5.782965 -1.024782
 H 2.755414 -1.298639 -5.225218
 H 1.263628 -0.977028 -5.182560
 H -1.950636 -0.497527 -5.537383
 H -2.905631 0.586170 -5.005855
 H 0.876115 0.611696 1.060165
 H 1.427736 -0.340265 -0.104111
 H 3.989181 -2.193674 -3.300438
 H 5.371418 -1.632067 -2.932819
 H 5.420084 0.978330 -0.472632
 H 5.878441 -0.390754 -0.614306
 H -0.661359 3.966142 2.488410
 H -0.747974 5.361022 2.126932
 H -4.720034 0.765038 -3.098585
 H -6.061807 0.761613 -3.986170
 H 0.434476 -4.738665 -0.558747
 H 1.228560 -3.803661 0.486044
 H 3.660330 3.996589 -4.627051
 H 4.655501 2.844677 -4.933666
 H 3.380798 5.214708 4.904930
 H 2.707910 6.076202 6.003037
 H -5.629786 3.860428 -1.044659
 H -4.653759 4.641496 -1.804247
 H 0.034192 0.275639 -2.188547
 H -1.184885 0.578171 -1.251878
 H -2.994830 -2.988354 -1.912648
 H -2.455922 -4.164975 -1.211657
 H -3.494715 5.765384 2.956708
 H -2.716634 5.792375 4.252884
 H -1.367018 2.088225 3.463489
 H -2.163295 3.340147 3.591850
 H -2.097973 -1.108035 -0.589063
 H -3.076193 -0.122728 0.160425
 H -2.509974 -2.317434 4.897359
 H -1.069179 -2.937498 5.258104
 H 1.411437 1.538649 5.470050
 H 0.206373 2.485194 5.546341
 H -5.125657 3.579944 2.252294
 H -3.871109 2.923645 1.631432
 H 3.385050 4.710214 -0.249387
 H 2.850904 4.163046 -1.576595
 H 3.599470 -5.666992 -3.789835
 H 2.177151 -5.182526 -3.570203
 H -2.471428 3.945602 -3.101165
 H -1.827373 4.248704 -1.739965
 H 5.923885 -0.226646 5.546489
 H 4.567617 0.278686 5.305341
 H -2.487085 -0.563611 2.104126
 H -3.762719 0.333426 2.624734
 H 0.116063 -2.952249 -2.505279
 H -0.610507 -2.030172 -1.485850
 H 0.313328 -3.202314 -4.558205
 H 0.776177 -2.922249 -5.942371
 H 4.981803 -5.879839 4.956995
 H 6.473523 -5.578196 4.838608
 H 5.867572 -3.313096 0.242679
 H 4.751252 -2.300779 0.291318
 H 4.785789 -0.089736 1.699847
 H 3.797278 -0.516739 2.938396
 H 1.306154 3.998578 -5.216645
 H 1.572912 5.197425 -4.376011
 H -1.112730 -6.689708 0.284642
 H -1.337665 -5.107100 0.403851
 H -5.241445 -1.927864 -6.530087
 H -4.705728 -0.991618 -5.470714
 H -4.212508 2.195786 -1.052884
 H -4.775067 1.327181 0.112412
 H 5.814319 2.268885 -2.536928
 H 4.309963 1.950555 -2.485085
 H 3.741773 -0.007765 -0.803233
 H 2.537322 0.296698 -1.826037
 H -6.157970 -0.966073 1.595292
 H -4.843932 -1.508258 2.128366
 H 0.765577 3.134963 1.362579
 H 2.105611 3.006626 0.740550
K_POINTS
 1
0.0 0.0 0.0 1.0