
&control
    calculation='scf'
    pseudo_dir = './',
    outdir='./outputs',
    disk_io='high'
/
&system
    ibrav= 1, celldm(1)=20.000000, nat=  192, ntyp= 2,
    ecutwfc = 30.0, nosym=.true., occupations='smearing',
    smearing='m-v', degauss=0.025
/
&electrons
    conv_thr =  1.0d-8,
    mixing_beta = 0.7
/
&ions
    pot_extrapolation='second-order'
    wfc_extrapolation='second-order'
    ion_temperature = 'andersen'
    tempw = 1000

/
ATOMIC_SPECIES
 H  1.01  H.blyp-hgh.UPF
 O  16.0  O.blyp-hgh.UPF
ATOMIC_POSITIONS bohr
 O -5.656318 -1.631116 -0.388462
 O 3.311744 -2.320518 6.322708
 O -5.751086 6.888480 -5.713921
 O 1.873951 2.630692 -1.009453
 O -4.969803 1.010309 4.357700
 O 0.328982 5.937849 6.065887
 O -1.548715 -5.847281 -2.503637
 O 3.581756 1.302022 4.783668
 O -2.801876 -6.771268 5.560095
 O 1.701975 -2.468968 3.623512
 O 2.527288 -6.181533 2.210319
 O -3.036136 -3.707251 4.911365
 O -4.282226 -6.938448 -0.036412
 O -3.672381 -4.085444 -4.224914
 O 2.466965 -4.354578 -1.805602
 O -1.584398 3.110335 -1.431066
 O -1.200147 -2.879879 1.499505
 O -0.017448 -4.892267 3.597039
 O 4.283534 -4.108427 -4.459649
 O 4.834832 4.350985 2.166570
 O 5.090823 -3.984042 4.189185
 O -2.453425 -1.792342 -3.049162
 O -1.109543 3.308846 -4.810197
 O 4.520956 1.653323 1.140638
 O 3.035383 1.573233 -3.482321
 O -4.600966 3.606635 -5.505637
 O 4.820570 -5.475835 0.574027
 O 0.649821 -0.810885 -6.180983
 O -2.760176 0.591440 -5.271021
 O 0.614102 -0.897690 1.731434
 O 6.131322 -1.996257 -3.645326
 O 4.192730 -0.309451 -1.426945
 O 0.084218 4.376561 3.695807
 O -4.754615 0.027218 -3.063156
 O -0.072939 -4.148990 -0.760716
 O 5.605579 3.930667 -7.748146
 O 4.047199 6.478002 5.407731
 O -5.915134 5.866450 -2.229414
 O 0.012935 1.206787 -2.670897
 O -4.481853 -4.220551 -0.796495
 O -2.985354 6.049682 2.690533
 O -2.763040 2.905430 3.617602
 O -2.272588 -0.980987 -0.386989
 O -1.748024 -1.399402 5.327583
 O 0.541705 2.390621 5.434536
 O -4.520423 2.853460 1.798523
 O 3.597349 5.197625 -1.940740
 O 1.103759 -5.725594 -3.556122
 O -3.352326 4.661922 -3.354454
 O 5.696620 1.247990 6.793206
 O -1.353448 1.116265 2.221616
 O 0.244365 -1.845187 -3.577359
 O 0.163557 -3.779558 -5.591988
 O 7.184400 -6.469043 4.020070
 O 3.877883 -2.851295 1.349889
 O 5.953699 -1.456073 2.844784
 O 1.732190 3.980140 -4.094142
 O -1.484913 -7.657798 0.701585
 O -4.482542 -1.326984 -7.047305
 O -4.511466 1.419596 -0.726139
 O 4.945742 3.847252 -4.788434
 O 1.479807 -1.119469 -1.017771
 O -5.029741 -4.187697 2.043400
 O 1.784571 2.723064 2.193672
 H -5.181534 -2.484009 -0.590396
 H -5.549380 -1.579227 0.581860
 H 2.715748 -1.631246 6.702129
 H 2.876170 -2.387993 5.426327
 H -5.615738 6.056882 -5.225328
 H -5.117852 7.590224 -5.448005
 H 2.182161 3.472824 -1.439830
 H 0.931948 2.831937 -0.851090
 H -5.404181 0.126317 4.398180
 H -4.048739 0.733623 4.616072
 H 0.291614 6.886665 6.353075
 H 0.690246 5.617521 6.916362
 H -2.111389 -6.672248 -2.569345
 H -0.734956 -6.088900 -3.023841
 H 3.686667 1.763027 3.917914
 H 3.972503 0.422368 4.599034
 H -3.318980 -7.327074 6.169100
 H -1.933370 -6.766974 6.033325
 H 1.325355 -1.724222 3.040403
 H 2.386302 -2.758091 2.967696
 H 1.864021 -5.540493 2.539536
 H 2.767109 -5.879587 1.318694
 H -3.146526 -4.584736 5.342426
 H -3.229296 -3.705287 3.963984
 H -4.718220 -7.784351 -0.247779
 H -5.000009 -6.322925 -0.337681
 H -3.494790 -3.310154 -3.628490
 H -2.826160 -4.552631 -4.000089
 H 2.741661 -3.475560 -2.140574
 H 1.595483 -4.129799 -1.338702
 H -1.442744 3.296374 -2.395149
 H -1.643198 3.920169 -0.865494
 H -1.706197 -2.199808 0.966371
 H -0.279103 -2.533165 1.612354
 H 0.588084 -4.175100 3.310352
 H -0.779340 -4.738205 2.998209
 H 4.783770 -4.928841 -4.442943
 H 3.806633 -3.800730 -5.277549
 H 4.072837 4.982037 2.168497
 H 5.678829 4.841181 2.128701
 H 5.258029 -3.180081 4.711750
 H 5.067280 -4.798679 4.740095
 H -1.521044 -2.069661 -3.248083
 H -2.669789 -1.090880 -3.709907
 H -0.171229 3.607847 -4.781747
 H -1.033295 2.365290 -4.501504
 H 5.197509 2.348674 1.260996
 H 3.707474 2.168576 1.292415
 H 2.539789 0.896537 -2.996474
 H 2.483111 2.378160 -3.542480
 H -5.101951 3.895894 -6.326092
 H -5.287665 2.938558 -5.251272
 H 4.841272 -6.455598 0.583285
 H 5.736383 -5.170594 0.421120
 H -0.031427 -0.646916 -6.861481
 H 0.863955 0.118202 -5.967032
 H -2.622538 -0.099014 -5.972994
 H -3.685171 0.893226 -5.379683
 H -0.319270 -0.651766 1.892251
 H 0.783897 -0.706679 0.787725
 H 5.227092 -2.310620 -3.907092
 H 6.511951 -2.658263 -3.043428
 H 4.543518 0.316492 -0.765573
 H 4.847070 -1.009119 -1.452597
 H 0.185522 5.240141 4.129697
 H -0.826922 4.252119 3.466992
 H -4.278951 -0.195348 -2.244166
 H -5.409826 -0.699979 -3.245115
 H -0.790814 -4.342211 -1.404710
 H -0.405723 -3.468273 -0.133035
 H 5.156161 4.734855 -7.458520
 H 5.360845 3.834946 -8.698586
 H 3.401188 5.987037 4.870291
 H 4.350248 5.797555 6.037596
 H -6.083100 4.968549 -2.527742
 H -5.043423 6.226052 -2.402680
 H -0.660236 1.525969 -2.026766
 H 0.848461 1.629805 -2.332642
 H -3.760835 -4.375376 -1.440712
 H -4.002800 -4.451450 0.030816
 H -3.409598 5.637723 1.907306
 H -3.814671 6.057881 3.252879
 H -3.341313 3.537315 3.094287
 H -2.987832 3.076310 4.559354
 H -2.307216 -1.245022 -1.343691
 H -2.384314 -0.020045 -0.300712
 H -1.971396 -1.447586 4.378822
 H -1.743685 -2.339302 5.609130
 H 1.003813 2.612513 4.610946
 H -0.394027 2.686222 5.490651
 H -4.322178 2.430687 2.658086
 H -4.092784 2.280774 1.119103
 H 3.716715 5.957401 -1.347662
 H 4.209435 5.485838 -2.642955
 H 0.853272 -4.780996 -3.701607
 H 1.770428 -5.539611 -2.838878
 H -4.131442 4.313445 -3.814741
 H -2.675065 4.164354 -3.862985
 H 5.328041 0.825253 7.607590
 H 4.932342 1.558638 6.240268
 H -1.925200 1.883195 2.432913
 H -0.686360 1.572404 1.717309
 H 0.882991 -1.698705 -2.849103
 H 0.364002 -1.084586 -4.176565
 H 0.033275 -3.307522 -4.730107
 H 0.051238 -2.974274 -6.151505
 H 7.396713 -6.293351 4.969176
 H 6.735147 -5.616073 3.826308
 H 4.002563 -3.812846 1.135994
 H 3.798410 -2.544598 0.427616
 H 6.688406 -0.820050 2.743386
 H 5.668704 -1.712576 1.947628
 H 1.775185 3.695821 -5.028037
 H 1.901737 4.927341 -3.876952
 H -1.011680 -7.964227 1.503893
 H -1.996638 -6.898196 1.032986
 H -5.077191 -1.077611 -6.312024
 H -4.032064 -2.167037 -6.795772
 H -4.370436 2.149461 -1.363739
 H -4.949434 0.739686 -1.287580
 H 3.984876 3.670268 -4.942419
 H 5.352433 2.957425 -4.911755
 H 2.452755 -0.917396 -0.996698
 H 1.037634 -0.265929 -1.198328
 H -4.592848 -3.944591 2.891854
 H -5.853933 -3.637996 2.187978
 H 1.936300 3.690472 2.347391
 H 2.226462 2.528158 1.335465
K_POINTS
 1
0.0 0.0 0.0 1.0