
&control
    calculation='scf'
    pseudo_dir = './',
    outdir='./outputs',
    disk_io='high'
/
&system
    ibrav= 1, celldm(1)=20.000000, nat=  192, ntyp= 2,
    ecutwfc = 30.0, nosym=.true., occupations='smearing',
    smearing='m-v', degauss=0.025
/
&electrons
    conv_thr =  1.0d-8,
    mixing_beta = 0.7
/
&ions
    pot_extrapolation='second-order'
    wfc_extrapolation='second-order'
    ion_temperature = 'andersen'
    tempw = 1000

/
ATOMIC_SPECIES
 H  1.01  H.blyp-hgh.UPF
 O  16.0  O.blyp-hgh.UPF
ATOMIC_POSITIONS bohr
 O -5.657862 -1.630484 -0.384325
 O 3.315990 -2.316951 6.324596
 O -5.750094 6.890667 -5.716597
 O 1.876997 2.630771 -1.006937
 O -4.969462 1.012310 4.360999
 O 0.330450 5.938632 6.069963
 O -1.549502 -5.845907 -2.504378
 O 3.589046 1.301433 4.784449
 O -2.798005 -6.771911 5.565499
 O 1.700020 -2.469475 3.621509
 O 2.524534 -6.175416 2.208515
 O -3.032577 -3.709393 4.916455
 O -4.277471 -6.937205 -0.036747
 O -3.670991 -4.083665 -4.229534
 O 2.468158 -4.358658 -1.801915
 O -1.580085 3.111103 -1.432695
 O -1.201050 -2.881282 1.495876
 O -0.019768 -4.893610 3.596725
 O 4.281385 -4.105951 -4.455560
 O 4.838346 4.348756 2.165727
 O 5.089061 -3.983838 4.193987
 O -2.453388 -1.788480 -3.051045
 O -1.112188 3.307671 -4.812795
 O 4.523684 1.651452 1.133443
 O 3.036892 1.573448 -3.484117
 O -4.601736 3.609418 -5.509512
 O 4.818984 -5.473482 0.579933
 O 0.650736 -0.811353 -6.183635
 O -2.763200 0.592037 -5.273083
 O 0.614921 -0.900109 1.733410
 O 6.133992 -1.995839 -3.640819
 O 4.190224 -0.311921 -1.425528
 O 0.078813 4.376189 3.689034
 O -4.757854 0.023281 -3.061122
 O -0.071568 -4.151223 -0.760710
 O 5.607893 3.925973 -7.752571
 O 4.048745 6.473688 5.406987
 O -5.917516 5.867353 -2.231262
 O 0.013765 1.207645 -2.668526
 O -4.483864 -4.221617 -0.794194
 O -2.987423 6.055470 2.689917
 O -2.760083 2.905222 3.615474
 O -2.277049 -0.973393 -0.383657
 O -1.747768 -1.397834 5.327922
 O 0.546595 2.391341 5.432598
 O -4.522452 2.850998 1.800263
 O 3.594752 5.200063 -1.940118
 O 1.098711 -5.727935 -3.553243
 O -3.361573 4.660387 -3.358505
 O 5.699101 1.250947 6.796328
 O -1.353313 1.120421 2.222198
 O 0.246613 -1.848427 -3.576651
 O 0.162970 -3.778667 -5.590807
 O 7.182208 -6.465775 4.019491
 O 3.879184 -2.851471 1.352636
 O 5.950959 -1.457935 2.840222
 O 1.732579 3.982841 -4.096541
 O -1.478090 -7.662177 0.698352
 O -4.480357 -1.327483 -7.046640
 O -4.515774 1.418485 -0.728503
 O 4.939273 3.851350 -4.795662
 O 1.481507 -1.118254 -1.013343
 O -5.028349 -4.187389 2.038949
 O 1.786636 2.719341 2.191134
 H -5.180533 -2.485114 -0.581775
 H -5.563063 -1.597939 0.587986
 H 2.724208 -1.619416 6.692570
 H 2.888981 -2.385744 5.421903
 H -5.624992 6.065441 -5.216093
 H -5.123411 7.593239 -5.448230
 H 2.183714 3.469749 -1.446345
 H 0.932829 2.826206 -0.847907
 H -5.397149 0.126556 4.399162
 H -4.047798 0.729643 4.609524
 H 0.287138 6.885189 6.363950
 H 0.698124 5.620348 6.919467
 H -2.136159 -6.655945 -2.576086
 H -0.732128 -6.106870 -3.010275
 H 3.678999 1.761699 3.920866
 H 3.980692 0.420486 4.606897
 H -3.321379 -7.324572 6.168235
 H -1.922532 -6.780329 6.029814
 H 1.328610 -1.721868 3.034074
 H 2.376260 -2.755792 2.962201
 H 1.856377 -5.541511 2.539423
 H 2.761577 -5.877375 1.314154
 H -3.145287 -4.591369 5.346566
 H -3.224308 -3.717596 3.970404
 H -4.712851 -7.784478 -0.248691
 H -4.996763 -6.314022 -0.325673
 H -3.497033 -3.308571 -3.631022
 H -2.816909 -4.539696 -4.007151
 H 2.738242 -3.479912 -2.140430
 H 1.594406 -4.145093 -1.338782
 H -1.436559 3.285778 -2.395479
 H -1.647584 3.918403 -0.867479
 H -1.709339 -2.194017 0.970068
 H -0.276706 -2.524456 1.608517
 H 0.580403 -4.166163 3.317834
 H -0.783394 -4.731549 2.999158
 H 4.792052 -4.918688 -4.432808
 H 3.808106 -3.797148 -5.268772
 H 4.079978 4.989620 2.160417
 H 5.682780 4.830556 2.127772
 H 5.250830 -3.183134 4.722753
 H 5.068644 -4.804333 4.734020
 H -1.519079 -2.062697 -3.243299
 H -2.665631 -1.081989 -3.708656
 H -0.177041 3.611729 -4.780452
 H -1.022848 2.370352 -4.499231
 H 5.200779 2.346113 1.254676
 H 3.708614 2.161952 1.293706
 H 2.552636 0.895452 -2.986202
 H 2.496856 2.384219 -3.542529
 H -5.109241 3.890171 -6.330468
 H -5.289373 2.943319 -5.252914
 H 4.835435 -6.454329 0.573395
 H 5.734654 -5.166900 0.426857
 H -0.038397 -0.649328 -6.856597
 H 0.855611 0.120129 -5.968150
 H -2.615037 -0.090004 -5.978004
 H -3.691996 0.881295 -5.380143
 H -0.319696 -0.658236 1.894201
 H 0.780830 -0.714288 0.788238
 H 5.231833 -2.295039 -3.908357
 H 6.513217 -2.668034 -3.049251
 H 4.545396 0.314374 -0.766722
 H 4.842717 -1.016419 -1.453712
 H 0.178555 5.241506 4.122500
 H -0.828105 4.261013 3.466187
 H -4.276835 -0.207257 -2.247452
 H -5.411030 -0.707498 -3.241277
 H -0.803211 -4.351619 -1.387686
 H -0.403145 -3.468623 -0.133892
 H 5.152547 4.724492 -7.463269
 H 5.366451 3.822334 -8.700662
 H 3.400520 5.984733 4.870143
 H 4.353427 5.784355 6.022467
 H -6.092491 4.973376 -2.528896
 H -5.053225 6.245620 -2.408471
 H -0.651950 1.520575 -2.017608
 H 0.855894 1.626941 -2.341812
 H -3.772403 -4.381324 -1.442564
 H -4.011143 -4.448836 0.042772
 H -3.409514 5.641076 1.904241
 H -3.813490 6.056091 3.252894
 H -3.350215 3.533243 3.106886
 H -2.968080 3.065190 4.563062
 H -2.318104 -1.232301 -1.344224
 H -2.394708 -0.012325 -0.300861
 H -1.970631 -1.431033 4.377224
 H -1.747897 -2.340285 5.601463
 H 1.006348 2.599413 4.603552
 H -0.392307 2.682627 5.494170
 H -4.325621 2.414068 2.655650
 H -4.110326 2.278672 1.110295
 H 3.716277 5.963185 -1.349874
 H 4.217308 5.485975 -2.635846
 H 0.862492 -4.781894 -3.711758
 H 1.772463 -5.538351 -2.844546
 H -4.140879 4.314240 -3.822998
 H -2.675475 4.173567 -3.867806
 H 5.326784 0.831906 7.608646
 H 4.939644 1.554299 6.236095
 H -1.915425 1.888624 2.440089
 H -0.687751 1.586069 1.723316
 H 0.880591 -1.706432 -2.846103
 H 0.364823 -1.085356 -4.176834
 H 0.014524 -3.308178 -4.730226
 H 0.040897 -2.979521 -6.158731
 H 7.398679 -6.289592 4.968731
 H 6.729200 -5.612148 3.828360
 H 3.996052 -3.813486 1.137368
 H 3.802751 -2.546287 0.430062
 H 6.692564 -0.826367 2.751326
 H 5.683178 -1.710658 1.937594
 H 1.781868 3.697946 -5.030007
 H 1.906608 4.930067 -3.872974
 H -1.004362 -7.981476 1.494828
 H -1.985268 -6.903098 1.034821
 H -5.067032 -1.068094 -6.306434
 H -4.033116 -2.168296 -6.795985
 H -4.358333 2.148007 -1.361656
 H -4.942277 0.728506 -1.285909
 H 3.980313 3.651198 -4.929975
 H 5.354299 2.963791 -4.903133
 H 2.450912 -0.907163 -0.997777
 H 1.034533 -0.268387 -1.193212
 H -4.605125 -3.961789 2.900067
 H -5.867370 -3.662489 2.190845
 H 1.928883 3.690247 2.345472
 H 2.238784 2.525032 1.339551
K_POINTS
 1
0.0 0.0 0.0 1.0