
&control
    calculation='scf'
    pseudo_dir = './',
    outdir='./outputs',
    disk_io='high'
/
&system
    ibrav= 1, celldm(1)=20.000000, nat=  192, ntyp= 2,
    ecutwfc = 30.0, nosym=.true., occupations='smearing',
    smearing='m-v', degauss=0.025
/
&electrons
    conv_thr =  1.0d-8,
    mixing_beta = 0.7
/
&ions
    pot_extrapolation='second-order'
    wfc_extrapolation='second-order'
    ion_temperature = 'andersen'
    tempw = 1000

/
ATOMIC_SPECIES
 H  1.01  H.blyp-hgh.UPF
 O  16.0  O.blyp-hgh.UPF
ATOMIC_POSITIONS bohr
 O -5.660875 -1.629492 -0.376037
 O 3.324164 -2.309523 6.327944
 O -5.748297 6.894968 -5.722262
 O 1.883012 2.631214 -1.001976
 O -4.968429 1.016131 4.367496
 O 0.333381 5.940331 6.078532
 O -1.551155 -5.843462 -2.506120
 O 3.603736 1.300182 4.785984
 O -2.790027 -6.773107 5.576564
 O 1.696108 -2.470257 3.616956
 O 2.519152 -6.163355 2.204874
 O -3.025544 -3.713618 4.927094
 O -4.268338 -6.934590 -0.037389
 O -3.667811 -4.080104 -4.238356
 O 2.470387 -4.366497 -1.794223
 O -1.571346 3.112256 -1.436179
 O -1.202893 -2.884018 1.488507
 O -0.024385 -4.896200 3.595761
 O 4.276889 -4.100492 -4.446727
 O 4.845112 4.344296 2.163725
 O 5.085786 -3.983309 4.203108
 O -2.453382 -1.780871 -3.054830
 O -1.117452 3.305127 -4.817761
 O 4.529198 1.647665 1.118982
 O 3.040154 1.573707 -3.487954
 O -4.603920 3.614923 -5.517698
 O 4.815768 -5.468817 0.591645
 O 0.652771 -0.811936 -6.188725
 O -2.769200 0.593124 -5.277296
 O 0.616470 -0.904892 1.737422
 O 6.139272 -1.994947 -3.631825
 O 4.184855 -0.316828 -1.422651
 O 0.068818 4.375477 3.675347
 O -4.764365 0.015581 -3.057092
 O -0.068753 -4.155602 -0.760847
 O 5.612603 3.916038 -7.761099
 O 4.051707 6.464634 5.405575
 O -5.922973 5.869642 -2.234640
 O 0.015684 1.209246 -2.663700
 O -4.487656 -4.223780 -0.789455
 O -2.991605 6.066936 2.688412
 O -2.754302 2.905151 3.611449
 O -2.285879 -0.958393 -0.376949
 O -1.747062 -1.394588 5.328464
 O 0.556475 2.392359 5.429423
 O -4.526638 2.846096 1.803521
 O 3.589614 5.205009 -1.938918
 O 1.088522 -5.732442 -3.547428
 O -3.379909 4.657222 -3.366560
 O 5.704111 1.256937 6.802905
 O -1.353203 1.128561 2.223220
 O 0.251089 -1.855045 -3.575218
 O 0.161476 -3.776468 -5.588334
 O 7.177810 -6.458754 4.018480
 O 3.881819 -2.852145 1.357835
 O 5.945688 -1.461618 2.831139
 O 1.733299 3.987965 -4.101145
 O -1.464306 -7.671048 0.691923
 O -4.476172 -1.328553 -7.045121
 O -4.524322 1.416396 -0.733167
 O 4.926029 3.859732 -4.810057
 O 1.484912 -1.115852 -1.004442
 O -5.025892 -4.186363 2.030319
 O 1.790972 2.712079 2.186015
 H -5.179063 -2.486289 -0.564687
 H -5.590005 -1.634417 0.599540
 H 2.741759 -1.596986 6.673680
 H 2.915691 -2.382036 5.414515
 H -5.642008 6.083620 -5.196424
 H -5.133700 7.597954 -5.446383
 H 2.187495 3.461683 -1.458413
 H 0.934083 2.815403 -0.840680
 H -5.383306 0.128643 4.401500
 H -4.048437 0.723097 4.595570
 H 0.277494 6.883349 6.382823
 H 0.713930 5.624458 6.924948
 H -2.185177 -6.620203 -2.589316
 H -0.726923 -6.141585 -2.981596
 H 3.663558 1.758672 3.927538
 H 3.996366 0.417191 4.622408
 H -3.326871 -7.320204 6.167347
 H -1.900868 -6.806538 6.020952
 H 1.335680 -1.719174 3.024643
 H 2.357551 -2.751894 2.952453
 H 1.840118 -5.544463 2.539405
 H 2.749928 -5.871927 1.305189
 H -3.142248 -4.604719 5.352226
 H -3.213439 -3.744386 3.982625
 H -4.700823 -7.785318 -0.249786
 H -4.987634 -6.297392 -0.301482
 H -3.502700 -3.304000 -3.638030
 H -2.800132 -4.515576 -4.022792
 H 2.732041 -3.490146 -2.140874
 H 1.592720 -4.176574 -1.339140
 H -1.424896 3.266462 -2.393423
 H -1.655892 3.915484 -0.871605
 H -1.713963 -2.183341 0.978232
 H -0.274613 -2.506561 1.600679
 H 0.565095 -4.147057 3.334980
 H -0.791411 -4.719390 3.001702
 H 4.808948 -4.899212 -4.415908
 H 3.812411 -3.791831 -5.251674
 H 4.096090 5.004612 2.145765
 H 5.690949 4.810501 2.126250
 H 5.236633 -3.190349 4.745432
 H 5.069982 -4.813843 4.723551
 H -1.514825 -2.047082 -3.233644
 H -2.657316 -1.063911 -3.705759
 H -0.189492 3.619893 -4.777406
 H -1.002864 2.381463 -4.495609
 H 5.207894 2.340545 1.242004
 H 3.711956 2.148016 1.296536
 H 2.578832 0.894051 -2.965500
 H 2.523484 2.396521 -3.541903
 H -5.122276 3.878685 -6.338471
 H -5.290450 2.951811 -5.255702
 H 4.824896 -6.450836 0.553385
 H 5.730883 -5.160189 0.438197
 H -0.053791 -0.655954 -6.847254
 H 0.840264 0.124764 -5.970629
 H -2.600230 -0.071305 -5.987532
 H -3.704927 0.856927 -5.380603
 H -0.320329 -0.669307 1.898464
 H 0.775759 -0.730522 0.788512
 H 5.242357 -2.265870 -3.910923
 H 6.514528 -2.688535 -3.061571
 H 4.548901 0.311105 -0.768182
 H 4.836565 -1.032502 -1.455945
 H 0.163681 5.245137 4.108627
 H -0.836920 4.278684 3.464500
 H -4.271844 -0.232913 -2.255264
 H -5.413155 -0.722092 -3.233250
 H -0.827160 -4.371586 -1.352632
 H -0.398682 -3.470292 -0.135233
 H 5.145401 4.704852 -7.473692
 H 5.377579 3.797675 -8.704060
 H 3.397974 5.981193 4.868882
 H 4.360179 5.758394 5.994305
 H -6.108934 4.981088 -2.532895
 H -5.070748 6.282639 -2.422071
 H -0.635598 1.510238 -1.999165
 H 0.868878 1.621416 -2.360768
 H -3.795587 -4.393070 -1.447448
 H -4.029472 -4.442558 0.066837
 H -3.409435 5.648479 1.897503
 H -3.810510 6.052900 3.254434
 H -3.365421 3.524953 3.133457
 H -2.927826 3.042988 4.569422
 H -2.339957 -1.205827 -1.344759
 H -2.416147 0.003394 -0.301467
 H -1.969263 -1.398019 4.374733
 H -1.757385 -2.342263 5.585107
 H 1.008517 2.574319 4.587848
 H -0.385825 2.676139 5.498624
 H -4.334276 2.378712 2.649948
 H -4.146729 2.274801 1.093307
 H 3.714278 5.975719 -1.353074
 H 4.232950 5.484817 -2.622561
 H 0.881310 -4.785976 -3.733874
 H 1.777024 -5.536102 -2.855573
 H -4.161180 4.316231 -3.840528
 H -2.675119 4.192132 -3.877672
 H 5.323786 0.845990 7.609196
 H 4.954183 1.544274 6.227085
 H -1.897869 1.898930 2.457293
 H -0.686273 1.613870 1.733613
 H 0.875465 -1.721801 -2.838357
 H 0.366041 -1.087220 -4.178584
 H -0.021747 -3.310170 -4.730675
 H 0.022155 -2.992215 -6.174032
 H 7.402024 -6.283009 4.967503
 H 6.717032 -5.604858 3.831152
 H 3.983367 -3.814412 1.142411
 H 3.810802 -2.547614 0.434992
 H 6.700375 -0.839077 2.766792
 H 5.709994 -1.706406 1.917869
 H 1.795565 3.704570 -5.034790
 H 1.916088 4.934743 -3.867688
 H -0.989405 -8.015342 1.475787
 H -1.961959 -6.912572 1.038201
 H -5.046123 -1.050066 -6.295439
 H -4.035942 -2.170751 -6.796757
 H -4.333663 2.144267 -1.357307
 H -4.929105 0.707837 -1.281643
 H 3.973348 3.613425 -4.904014
 H 5.357299 2.976113 -4.886349
 H 2.447810 -0.885628 -1.000310
 H 1.028129 -0.272857 -1.184213
 H -4.629769 -3.997425 2.914523
 H -5.892794 -3.713025 2.196146
 H 1.912474 3.687814 2.341106
 H 2.261003 2.519741 1.347721
K_POINTS
 1
0.0 0.0 0.0 1.0