
&control
    calculation='scf'
    pseudo_dir = './',
    outdir='./outputs',
    disk_io='high'
/
&system
    ibrav= 1, celldm(1)=20.000000, nat=  192, ntyp= 2,
    ecutwfc = 30.0, nosym=.true., occupations='smearing',
    smearing='m-v', degauss=0.025
/
&electrons
    conv_thr =  1.0d-8,
    mixing_beta = 0.7
/
&ions
    pot_extrapolation='second-order'
    wfc_extrapolation='second-order'
    ion_temperature = 'andersen'
    tempw = 1000

/
ATOMIC_SPECIES
 H  1.01  H.blyp-hgh.UPF
 O  16.0  O.blyp-hgh.UPF
ATOMIC_POSITIONS bohr
 O -5.663745 -1.628940 -0.367695
 O 3.331955 -2.301740 6.330643
 O -5.746803 6.899103 -5.728359
 O 1.888887 2.632008 -0.997109
 O -4.966934 1.019758 4.373830
 O 0.336312 5.942194 6.087675
 O -1.552980 -5.841435 -2.508192
 O 3.618541 1.298773 4.787679
 O -2.781651 -6.774132 5.587902
 O 1.692096 -2.470663 3.611744
 O 2.513974 -6.151557 2.201168
 O -3.018651 -3.717926 4.938404
 O -4.259706 -6.931805 -0.037980
 O -3.664083 -4.076526 -4.246602
 O 2.472482 -4.374006 -1.786152
 O -1.562486 3.112794 -1.439799
 O -1.204635 -2.886511 1.480984
 O -0.028971 -4.898556 3.594289
 O 4.272223 -4.094432 -4.436816
 O 4.851321 4.339862 2.161294
 O 5.082847 -3.982594 4.211533
 O -2.453493 -1.773369 -3.058638
 O -1.122698 3.302434 -4.822460
 O 4.534797 1.643794 1.104408
 O 3.043811 1.573635 -3.492115
 O -4.606984 3.620347 -5.526491
 O 4.812496 -5.464244 0.603230
 O 0.655055 -0.811988 -6.193528
 O -2.775125 0.594127 -5.281554
 O 0.617877 -0.909593 1.741498
 O 6.144655 -1.993951 -3.622795
 O 4.179139 -0.321799 -1.419718
 O 0.059999 4.374914 3.661551
 O -4.770914 0.008074 -3.053085
 O -0.065925 -4.159856 -0.761186
 O 5.617507 3.905336 -7.769117
 O 4.054456 6.455016 5.404208
 O -5.929273 5.872714 -2.237554
 O 0.017986 1.210640 -2.658860
 O -4.491264 -4.225967 -0.784326
 O -2.995814 6.078220 2.686448
 O -2.748614 2.905446 3.607816
 O -2.294598 -0.943589 -0.370311
 O -1.746103 -1.391172 5.328778
 O 0.566495 2.392839 5.427159
 O -4.530979 2.841157 1.806579
 O 3.584630 5.210136 -1.937775
 O 1.078262 -5.736727 -3.541549
 O -3.398040 4.653910 -3.374597
 O 5.709266 1.263039 6.809869
 O -1.353118 1.136507 2.223943
 O 0.255482 -1.861779 -3.573861
 O 0.159528 -3.773741 -5.585713
 O 7.173379 -6.451040 4.017682
 O 3.884489 -2.853228 1.362637
 O 5.940733 -1.465199 2.822111
 O 1.733955 3.992751 -4.105475
 O -1.450326 -7.680102 0.685486
 O -4.472292 -1.329646 -7.043339
 O -4.532739 1.414498 -0.737626
 O 4.912381 3.868273 -4.824344
 O 1.488291 -1.113492 -0.995482
 O -5.023907 -4.184833 2.022089
 O 1.795537 2.705106 2.180929
 H -5.178434 -2.485882 -0.548334
 H -5.616471 -1.669232 0.610214
 H 2.759754 -1.575894 6.655316
 H 2.943822 -2.379376 5.409470
 H -5.657094 6.103098 -5.175245
 H -5.142347 7.601609 -5.441326
 H 2.191928 3.451203 -1.469017
 H 0.935252 2.805581 -0.832543
 H -5.370492 0.132235 4.404291
 H -4.051631 0.718634 4.580738
 H 0.266862 6.883032 6.397755
 H 0.729737 5.626506 6.929272
 H -2.232732 -6.580369 -2.602298
 H -0.722675 -6.174505 -2.950937
 H 3.648255 1.755402 3.934076
 H 4.011089 0.414701 4.637214
 H -3.333245 -7.316942 6.168017
 H -1.879958 -6.832108 6.009706
 H 1.343142 -1.719045 3.019783
 H 2.341779 -2.749678 2.943636
 H 1.822442 -5.548426 2.539537
 H 2.737264 -5.865086 1.296704
 H -3.138167 -4.617293 5.354467
 H -3.201390 -3.773711 3.993526
 H -4.687189 -7.786368 -0.249981
 H -4.974899 -6.282886 -0.277159
 H -3.509970 -3.297569 -3.647642
 H -2.785747 -4.493857 -4.040527
 H 2.726561 -3.502109 -2.142208
 H 1.591212 -4.208717 -1.339548
 H -1.414085 3.250171 -2.389029
 H -1.663511 3.913756 -0.875991
 H -1.716440 -2.174332 0.987482
 H -0.277214 -2.488851 1.592607
 H 0.549646 -4.126950 3.355220
 H -0.798998 -4.708973 3.005338
 H 4.826132 -4.880797 -4.403710
 H 3.817901 -3.788610 -5.236675
 H 4.115167 5.018629 2.133226
 H 5.700508 4.792537 2.125069
 H 5.222765 -3.199021 4.769075
 H 5.069362 -4.821240 4.715693
 H -1.509955 -2.029345 -3.223911
 H -2.648968 -1.045675 -3.702316
 H -0.202484 3.629121 -4.773906
 H -0.984376 2.392583 -4.492777
 H 5.215624 2.334447 1.229301
 H 3.716868 2.133285 1.299703
 H 2.605748 0.894426 -2.944811
 H 2.548319 2.409170 -3.540022
 H -5.133077 3.867425 -6.345660
 H -5.288468 2.958616 -5.257573
 H 4.815967 -6.445774 0.533068
 H 5.726666 -5.154475 0.449301
 H -0.070907 -0.665148 -6.838339
 H 0.826742 0.130129 -5.973499
 H -2.585652 -0.052318 -5.996814
 H -3.717021 0.832018 -5.380486
 H -0.320537 -0.677764 1.903229
 H 0.772187 -0.748048 0.787772
 H 5.252872 -2.239863 -3.913853
 H 6.513998 -2.710156 -3.074917
 H 4.552061 0.308895 -0.768673
 H 4.832800 -1.049371 -1.458057
 H 0.147991 5.249493 4.095239
 H -0.855420 4.295871 3.462297
 H -4.265799 -0.260795 -2.264779
 H -5.414908 -0.735902 -3.224935
 H -0.849532 -4.393221 -1.316478
 H -0.394895 -3.473278 -0.135925
 H 5.138116 4.686950 -7.485370
 H 5.388328 3.773817 -8.707090
 H 3.393814 5.979338 4.866276
 H 4.367765 5.732709 5.969536
 H -6.121894 4.985875 -2.539514
 H -5.086464 6.315995 -2.438311
 H -0.619838 1.500814 -1.980112
 H 0.879269 1.616262 -2.380294
 H -3.817819 -4.404866 -1.453912
 H -4.050011 -4.434715 0.089601
 H -3.409240 5.657119 1.890467
 H -3.807119 6.050231 3.258100
 H -3.377836 3.517002 3.161275
 H -2.886728 3.020940 4.574276
 H -2.361694 -1.178287 -1.343896
 H -2.438424 0.019283 -0.302185
 H -1.968033 -1.365332 4.373569
 H -1.768388 -2.344223 5.567240
 H 1.006585 2.550641 4.571246
 H -0.375134 2.670544 5.499485
 H -4.345352 2.341141 2.642369
 H -4.184795 2.271355 1.077258
 H 3.710486 5.989060 -1.354956
 H 4.248085 5.481548 -2.610315
 H 0.900277 -4.792888 -3.758435
 H 1.782242 -5.534338 -2.865942
 H -4.182399 4.318906 -3.859197
 H -2.674028 4.210960 -3.887560
 H 5.319862 0.860680 7.608400
 H 4.968320 1.532807 6.216997
 H -1.883809 1.909015 2.478638
 H -0.679746 1.641413 1.742109
 H 0.870200 -1.736793 -2.828194
 H 0.366843 -1.090191 -4.181270
 H -0.056216 -3.313018 -4.731770
 H 0.006106 -3.007856 -6.190062
 H 7.404457 -6.277696 4.965668
 H 6.704753 -5.598830 3.832408
 H 3.971140 -3.815078 1.150484
 H 3.818004 -2.546148 0.439912
 H 6.707248 -0.852155 2.781735
 H 5.733883 -1.701659 1.898745
 H 1.809656 3.714433 -5.040585
 H 1.925174 4.937989 -3.866134
 H -0.974056 -8.048250 1.455774
 H -1.938013 -6.921430 1.041509
 H -5.024189 -1.033597 -6.285013
 H -4.039541 -2.173443 -6.797819
 H -4.308609 2.139149 -1.353138
 H -4.917450 0.689733 -1.276605
 H 3.969044 3.576596 -4.876766
 H 5.359545 2.988072 -4.870270
 H 2.445941 -0.862881 -1.003233
 H 1.021194 -0.276590 -1.176926
 H -4.654452 -4.034556 2.926079
 H -5.916121 -3.765289 2.200786
 H 1.894106 3.682461 2.335943
 H 2.280144 2.515740 1.355367
K_POINTS
 1
0.0 0.0 0.0 1.0