
&control
    calculation='scf'
    pseudo_dir = './',
    outdir='./outputs',
    disk_io='high'
/
&system
    ibrav= 1, celldm(1)=20.000000, nat=  192, ntyp= 2,
    ecutwfc = 30.0, nosym=.true., occupations='smearing',
    smearing='m-v', degauss=0.025
/
&electrons
    conv_thr =  1.0d-8,
    mixing_beta = 0.7
/
&ions
    pot_extrapolation='second-order'
    wfc_extrapolation='second-order'
    ion_temperature = 'andersen'
    tempw = 1000

/
ATOMIC_SPECIES
 H  1.01  H.blyp-hgh.UPF
 O  16.0  O.blyp-hgh.UPF
ATOMIC_POSITIONS bohr
 O -5.673580 -1.631698 -0.332276
 O 3.361186 -2.268158 6.334996
 O -5.743489 6.912949 -5.755625
 O 1.909819 2.636671 -0.977656
 O -4.958265 1.034333 4.396650
 O 0.347917 5.951048 6.129552
 O -1.563359 -5.836616 -2.519014
 O 3.678427 1.291448 4.799390
 O -2.744377 -6.776442 5.635074
 O 1.675048 -2.469916 3.586870
 O 2.495295 -6.106862 2.185940
 O -2.993203 -3.738212 4.988222
 O -4.227798 -6.920127 -0.038795
 O -3.644836 -4.061755 -4.274257
 O 2.481117 -4.403611 -1.750868
 O -1.526521 3.107752 -1.450506
 O -1.209193 -2.892564 1.449504
 O -0.046113 -4.903444 3.583123
 O 4.254149 -4.066936 -4.383533
 O 4.869993 4.323218 2.147089
 O 5.074582 -3.977719 4.238070
 O -2.455295 -1.743379 -3.074248
 O -1.143833 3.292365 -4.839553
 O 4.558979 1.626553 1.044571
 O 3.062722 1.569708 -3.512341
 O -4.627041 3.641442 -5.567216
 O 4.798675 -5.447533 0.648617
 O 0.665268 -0.805474 -6.210488
 O -2.797782 0.598385 -5.297563
 O 0.621647 -0.927353 1.757294
 O 6.169470 -1.989605 -3.585183
 O 4.156397 -0.344607 -1.407008
 O 0.029146 4.375672 3.605265
 O -4.796758 -0.020673 -3.036080
 O -0.056625 -4.175724 -0.764641
 O 5.639943 3.855529 -7.794421
 O 4.062932 6.410075 5.398915
 O -5.960673 5.893246 -2.245182
 O 0.029714 1.213076 -2.640726
 O -4.506299 -4.234203 -0.758611
 O -3.012357 6.120965 2.673314
 O -2.724286 2.908017 3.598770
 O -2.328860 -0.884287 -0.346452
 O -1.739840 -1.375721 5.327258
 O 0.610252 2.389545 5.425169
 O -4.549511 2.819214 1.818680
 O 3.567792 5.234334 -1.933278
 O 1.038518 -5.752155 -3.517121
 O -3.468558 4.638909 -3.407519
 O 5.732447 1.289287 6.839375
 O -1.348998 1.169942 2.221466
 O 0.271689 -1.888855 -3.569710
 O 0.147139 -3.759645 -5.573573
 O 7.155233 -6.413578 4.016232
 O 3.895238 -2.860137 1.378049
 O 5.924328 -1.478026 2.786352
 O 1.736136 4.008241 -4.120809
 O -1.392702 -7.718248 0.658396
 O -4.460523 -1.333050 -7.034095
 O -4.564357 1.409702 -0.750965
 O 4.853836 3.901130 -4.879915
 O 1.501607 -1.103314 -0.959404
 O -5.021887 -4.174834 1.993944
 O 1.814480 2.679183 2.162923
 H -5.181540 -2.471936 -0.502734
 H -5.718937 -1.784316 0.640473
 H 2.826541 -1.496565 6.591189
 H 3.063904 -2.379012 5.408313
 H -5.702887 6.194237 -5.083697
 H -5.156967 7.615010 -5.392769
 H 2.213950 3.399001 -1.499099
 H 0.951920 2.778789 -0.796995
 H -5.345567 0.145694 4.419520
 H -4.058072 0.720332 4.520700
 H 0.215370 6.893675 6.420203
 H 0.791273 5.618068 6.934373
 H -2.390055 -6.391099 -2.654278
 H -0.725076 -6.286917 -2.813177
 H 3.592048 1.741497 3.941783
 H 4.062015 0.410167 4.679224
 H -3.356073 -7.312783 6.186562
 H -1.814864 -6.928917 5.947416
 H 1.363605 -1.726498 3.037569
 H 2.320688 -2.767912 2.908988
 H 1.739564 -5.574128 2.536709
 H 2.672641 -5.823663 1.272164
 H -3.106548 -4.653102 5.341979
 H -3.138579 -3.904095 4.027529
 H -4.622356 -7.784380 -0.244251
 H -4.901364 -6.245468 -0.185723
 H -3.551242 -3.254260 -3.709778
 H -2.747750 -4.431557 -4.129920
 H 2.708781 -3.555942 -2.155997
 H 1.577982 -4.331553 -1.338152
 H -1.375854 3.223965 -2.385061
 H -1.685015 3.918626 -0.899993
 H -1.715131 -2.157297 1.030161
 H -0.334860 -2.431955 1.561433
 H 0.481475 -4.052308 3.468031
 H -0.823796 -4.686846 3.029717
 H 4.888976 -4.808080 -4.403112
 H 3.841909 -3.788027 -5.220163
 H 4.219037 5.058685 2.105067
 H 5.757865 4.740740 2.122417
 H 5.171879 -3.246170 4.872668
 H 5.044915 -4.835173 4.713845
 H -1.482521 -1.940912 -3.184257
 H -2.615236 -0.976174 -3.683154
 H -0.250637 3.686106 -4.758624
 H -0.928848 2.412176 -4.480339
 H 5.249062 2.305962 1.178473
 H 3.749439 2.072030 1.317436
 H 2.720980 0.925150 -2.864404
 H 2.624963 2.455482 -3.513736
 H -5.157666 3.831053 -6.377143
 H -5.255542 2.960595 -5.251131
 H 4.796417 -6.407851 0.449117
 H 5.708026 -5.140638 0.488903
 H -0.143754 -0.730214 -6.797195
 H 0.789931 0.149945 -5.992601
 H -2.529540 0.015635 -6.038500
 H -3.760109 0.729504 -5.375533
 H -0.313500 -0.682345 1.926326
 H 0.772613 -0.829834 0.781212
 H 5.275680 -2.171958 -3.934630
 H 6.490040 -2.801377 -3.141434
 H 4.558229 0.301271 -0.768312
 H 4.816462 -1.094828 -1.462015
 H 0.087519 5.263201 4.041905
 H -0.977072 4.357884 3.454090
 H -4.231844 -0.386985 -2.322225
 H -5.420965 -0.780821 -3.193993
 H -0.911073 -4.497245 -1.165839
 H -0.381035 -3.497339 -0.128882
 H 5.108158 4.629105 -7.547441
 H 5.423329 3.685786 -8.727154
 H 3.365120 5.993390 4.845959
 H 4.405057 5.636196 5.904965
 H -6.131085 4.990159 -2.591747
 H -5.156206 6.394205 -2.524737
 H -0.561568 1.475611 -1.896660
 H 0.902001 1.604380 -2.456834
 H -3.886244 -4.455278 -1.483663
 H -4.145264 -4.389275 0.148204
 H -3.405836 5.708181 1.866692
 H -3.792872 6.043616 3.290400
 H -3.419108 3.500995 3.272319
 H -2.718339 2.936886 4.578344
 H -2.442271 -1.067725 -1.318884
 H -2.533937 0.077346 -0.298446
 H -1.963773 -1.241380 4.385394
 H -1.828764 -2.349430 5.479032
 H 0.956479 2.467497 4.507865
 H -0.307833 2.660368 5.469857
 H -4.414721 2.185489 2.580474
 H -4.350937 2.261767 1.022818
 H 3.672439 6.037460 -1.361019
 H 4.295372 5.445728 -2.565505
 H 0.969913 -4.841489 -3.881393
 H 1.804317 -5.535272 -2.899658
 H -4.251645 4.339922 -3.939138
 H -2.682782 4.290149 -3.920622
 H 5.287188 0.914670 7.611127
 H 5.020890 1.478950 6.166462
 H -1.863137 1.942459 2.602672
 H -0.634627 1.722359 1.778629
 H 0.846606 -1.787778 -2.771488
 H 0.370931 -1.123253 -4.188869
 H -0.173726 -3.328894 -4.747552
 H -0.031894 -3.091653 -6.257591
 H 7.402836 -6.266958 4.954907
 H 6.656382 -5.591238 3.827454
 H 3.926980 -3.822368 1.207265
 H 3.838709 -2.516987 0.462551
 H 6.722040 -0.911762 2.835731
 H 5.799595 -1.677306 1.837153
 H 1.868350 3.784691 -5.068493
 H 1.957851 4.938349 -3.894333
 H -0.908822 -8.168553 1.372922
 H -1.836092 -6.950599 1.059356
 H -4.925965 -0.985652 -6.250421
 H -4.057993 -2.192806 -6.801775
 H -4.208451 2.099175 -1.345457
 H -4.885801 0.643803 -1.260791
 H 3.974234 3.450811 -4.759366
 H 5.365016 3.043174 -4.816910
 H 2.450338 -0.767846 -1.016407
 H 0.986201 -0.288032 -1.164543
 H -4.747179 -4.193661 2.940469
 H -5.985414 -3.982603 2.208434
 H 1.806253 3.641615 2.307945
 H 2.332588 2.512315 1.366485
K_POINTS
 1
0.0 0.0 0.0 1.0