
&control
    calculation='scf'
    pseudo_dir = './',
    outdir='./outputs',
    disk_io='high'
/
&system
    ibrav= 1, celldm(1)=20.000000, nat=  192, ntyp= 2,
    ecutwfc = 30.0, nosym=.true., occupations='smearing',
    smearing='m-v', degauss=0.025
/
&electrons
    conv_thr =  1.0d-8,
    mixing_beta = 0.7
/
&ions
    pot_extrapolation='second-order'
    wfc_extrapolation='second-order'
    ion_temperature = 'andersen'
    tempw = 1000

/
ATOMIC_SPECIES
 H  1.01  H.blyp-hgh.UPF
 O  16.0  O.blyp-hgh.UPF
ATOMIC_POSITIONS bohr
 O -5.674135 -1.632113 -0.329891
 O 3.363007 -2.265965 6.335012
 O -5.743335 6.913683 -5.757336
 O 1.910963 2.636915 -0.976379
 O -4.957701 1.035312 4.397911
 O 0.348616 5.951666 6.132388
 O -1.564217 -5.836395 -2.519770
 O 3.682174 1.290970 4.800424
 O -2.741944 -6.776519 5.638094
 O 1.674042 -2.469928 3.585211
 O 2.494191 -6.104164 2.185014
 O -2.991756 -3.739682 4.991364
 O -4.225751 -6.919453 -0.038698
 O -3.643508 -4.060796 -4.275747
 O 2.481713 -4.405557 -1.748519
 O -1.524269 3.107072 -1.450814
 O -1.209379 -2.892765 1.447482
 O -0.047056 -4.903443 3.582193
 O 4.253094 -4.065142 -4.379524
 O 4.871000 4.322261 2.145960
 O 5.074255 -3.977320 4.239388
 O -2.455457 -1.741468 -3.075253
 O -1.145139 3.291810 -4.840543
 O 4.560638 1.625337 1.040738
 O 3.064104 1.569345 -3.513826
 O -4.628629 3.642735 -5.569991
 O 4.797770 -5.446582 0.651415
 O 0.665887 -0.804681 -6.211461
 O -2.799126 0.598681 -5.298481
 O 0.621777 -0.928399 1.758185
 O 6.171144 -1.989398 -3.582754
 O 4.155099 -0.346224 -1.406136
 O 0.026948 4.375925 3.601651
 O -4.798296 -0.022422 -3.034900
 O -0.056238 -4.176673 -0.764965
 O 5.641480 3.852117 -7.795614
 O 4.063339 6.406860 5.398613
 O -5.962917 5.894858 -2.245518
 O 0.030448 1.213023 -2.639665
 O -4.507355 -4.234657 -0.756850
 O -3.013361 6.123515 2.672263
 O -2.722598 2.908190 3.598522
 O -2.330997 -0.880482 -0.345130
 O -1.739319 -1.374680 5.327024
 O 0.613327 2.389056 5.425293
 O -4.550727 2.817649 1.819466
 O 3.566938 5.236079 -1.932974
 O 1.036204 -5.753031 -3.515531
 O -3.472863 4.637896 -3.409627
 O 5.734015 1.291049 6.841219
 O -1.348453 1.172323 2.220999
 O 0.272633 -1.890558 -3.569454
 O 0.146148 -3.758741 -5.572726
 O 7.154098 -6.410966 4.016188
 O 3.895902 -2.860614 1.378831
 O 5.923466 -1.478750 2.784137
 O 1.736255 4.008971 -4.121733
 O -1.389049 -7.720703 0.656597
 O -4.459975 -1.333207 -7.033456
 O -4.566202 1.409610 -0.751477
 O 4.849975 3.902972 -4.883251
 O 1.502462 -1.102538 -0.957162
 O -5.022145 -4.174066 1.992459
 O 1.815641 2.677553 2.161979
 H -5.181711 -2.470836 -0.501420
 H -5.725167 -1.790000 0.641519
 H 2.830121 -1.491643 6.587731
 H 3.071322 -2.379524 5.408509
 H -5.705288 6.200648 -5.078207
 H -5.157122 7.615747 -5.388806
 H 2.215568 3.396076 -1.500630
 H 0.953868 2.777930 -0.794851
 H -5.345824 0.146119 4.420693
 H -4.056759 0.721282 4.517195
 H 0.211830 6.894687 6.419917
 H 0.794962 5.616983 6.934205
 H -2.397448 -6.378528 -2.657634
 H -0.726654 -6.292985 -2.804113
 H 3.588893 1.740294 3.941341
 H 4.064896 0.409807 4.680510
 H -3.356521 -7.312668 6.188255
 H -1.811899 -6.934751 5.943077
 H 1.363720 -1.726129 3.039729
 H 2.321328 -2.770459 2.907084
 H 1.734038 -5.576408 2.536087
 H 2.667796 -5.820330 1.271115
 H -3.103647 -4.654892 5.341040
 H -3.133689 -3.912201 4.029807
 H -4.618155 -7.783853 -0.243708
 H -4.896714 -6.243646 -0.180742
 H -3.554121 -3.250720 -3.714738
 H -2.745964 -4.428926 -4.136224
 H 2.707715 -3.559150 -2.157296
 H 1.576623 -4.338425 -1.337900
 H -1.373644 3.224531 -2.386620
 H -1.685766 3.919248 -0.902066
 H -1.715254 -2.156974 1.032664
 H -0.339919 -2.429284 1.559854
 H 0.476758 -4.048539 3.476613
 H -0.825279 -4.686452 3.031441
 H 4.892173 -4.803109 -4.405474
 H 3.843579 -3.788461 -5.221257
 H 4.226284 5.060635 2.104422
 H 5.761802 4.738011 2.122346
 H 5.168992 -3.249669 4.879446
 H 5.042126 -4.835348 4.715204
 H -1.480503 -1.934650 -3.181707
 H -2.613159 -0.972157 -3.681740
 H -0.253425 3.690861 -4.757728
 H -0.926453 2.411727 -4.479361
 H 5.251153 2.304022 1.175311
 H 3.751876 2.068361 1.318949
 H 2.728545 0.928772 -2.859397
 H 2.628700 2.457453 -3.510918
 H -5.158659 3.829436 -6.379870
 H -5.252417 2.959135 -5.249936
 H 4.795949 -6.404707 0.443731
 H 5.706961 -5.140089 0.490989
 H -0.147817 -0.735775 -6.793827
 H 0.788454 0.150821 -5.994387
 H -2.526249 0.019271 -6.041345
 H -3.762591 0.723020 -5.375057
 H -0.312522 -0.680932 1.927889
 H 0.773339 -0.835484 0.781072
 H 5.276242 -2.169477 -3.936369
 H 6.487355 -2.807004 -3.146331
 H 4.558084 0.300433 -0.768513
 H 4.814659 -1.095659 -1.461922
 H 0.084316 5.263519 4.038445
 H -0.983600 4.361296 3.454017
 H -4.229306 -0.395226 -2.326985
 H -5.421519 -0.783053 -3.192424
 H -0.912937 -4.504617 -1.156362
 H -0.380032 -3.499381 -0.127801
 H 5.106509 4.625715 -7.552307
 H 5.425053 3.680631 -8.728952
 H 3.362994 5.995478 4.844470
 H 4.407369 5.631006 5.902361
 H -6.129146 4.990896 -2.596026
 H -5.161554 6.395741 -2.531025
 H -0.557807 1.474698 -1.891447
 H 0.903006 1.604380 -2.461221
 H -3.889516 -4.458540 -1.484663
 H -4.151136 -4.385979 0.150158
 H -3.405626 5.712235 1.865446
 H -3.791805 6.043356 3.292898
 H -3.421877 3.501053 3.278942
 H -2.707835 2.931974 4.577878
 H -2.446769 -1.061342 -1.316306
 H -2.540130 0.080407 -0.297505
 H -1.963575 -1.234054 4.386819
 H -1.833407 -2.349430 5.472653
 H 0.951345 2.462784 4.504573
 H -0.303715 2.660646 5.466645
 H -4.420348 2.176159 2.574803
 H -4.361922 2.261456 1.019893
 H 3.668755 6.039835 -1.361810
 H 4.297417 5.442385 -2.562720
 H 0.973676 -4.845469 -3.890301
 H 1.805340 -5.535868 -2.901436
 H -4.254338 4.341820 -3.944264
 H -2.684712 4.295230 -3.922174
 H 5.284076 0.917514 7.612101
 H 5.024295 1.475377 6.163073
 H -1.863062 1.943347 2.611832
 H -0.632169 1.724964 1.781824
 H 0.844693 -1.790298 -2.767821
 H 0.371524 -1.126461 -4.188927
 H -0.180003 -3.329784 -4.749116
 H -0.033047 -3.097397 -6.262023
 H 7.402070 -6.266651 4.954411
 H 6.653249 -5.591395 3.826847
 H 3.924467 -3.823339 1.211678
 H 3.839593 -2.514360 0.464358
 H 6.722371 -0.915863 2.838736
 H 5.802097 -1.675459 1.834473
 H 1.872049 3.790467 -5.070205
 H 1.959761 4.938207 -3.897491
 H -0.904550 -8.175416 1.367881
 H -1.829287 -6.952300 1.060832
 H -4.919486 -0.983554 -6.248386
 H -4.059310 -2.194544 -6.801950
 H -4.202320 2.095430 -1.345625
 H -4.884594 0.642153 -1.260553
 H 3.975584 3.444671 -4.751845
 H 5.365353 3.047575 -4.814440
 H 2.450790 -0.762188 -1.017188
 H 0.983727 -0.288981 -1.164563
 H -4.752194 -4.203949 2.939732
 H -5.988353 -3.996161 2.208040
 H 1.800236 3.638985 2.305922
 H 2.334851 2.512785 1.365641
K_POINTS
 1
0.0 0.0 0.0 1.0