
&control
    calculation='scf'
    pseudo_dir = './',
    outdir='./outputs',
    disk_io='high'
/
&system
    ibrav= 1, celldm(1)=20.000000, nat=  192, ntyp= 2,
    ecutwfc = 30.0, nosym=.true., occupations='smearing',
    smearing='m-v', degauss=0.025
/
&electrons
    conv_thr =  1.0d-8,
    mixing_beta = 0.7
/
&ions
    pot_extrapolation='second-order'
    wfc_extrapolation='second-order'
    ion_temperature = 'andersen'
    tempw = 1000

/
ATOMIC_SPECIES
 H  1.01  H.blyp-hgh.UPF
 O  16.0  O.blyp-hgh.UPF
ATOMIC_POSITIONS bohr
 O -5.675237 -1.633014 -0.325054
 O 3.366673 -2.261547 6.334998
 O -5.743006 6.915128 -5.760697
 O 1.913203 2.637348 -0.973787
 O -4.956590 1.037289 4.400369
 O 0.349996 5.952921 6.138107
 O -1.566012 -5.835939 -2.521289
 O 3.689658 1.290043 4.802578
 O -2.737086 -6.776657 5.644149
 O 1.672110 -2.470049 3.581879
 O 2.491986 -6.098787 2.183190
 O -2.988920 -3.742690 4.997578
 O -4.221568 -6.918148 -0.038430
 O -3.640850 -4.058865 -4.278661
 O 2.482929 -4.409509 -1.743772
 O -1.519767 3.105603 -1.451305
 O -1.209749 -2.893139 1.443426
 O -0.048874 -4.903327 3.580280
 O 4.251001 -4.061542 -4.371338
 O 4.873046 4.320377 2.143619
 O 5.073668 -3.976497 4.241932
 O -2.455780 -1.737626 -3.077275
 O -1.147719 3.290713 -4.842486
 O 4.564018 1.622845 1.033032
 O 3.066923 1.568617 -3.516882
 O -4.631899 3.645308 -5.575596
 O 4.795949 -5.444711 0.656999
 O 0.667096 -0.802965 -6.213385
 O -2.801781 0.599277 -5.300292
 O 0.622002 -0.930468 1.759915
 O 6.174476 -1.989045 -3.577889
 O 4.152559 -0.349514 -1.404356
 O 0.022324 4.376515 3.594380
 O -4.801322 -0.025904 -3.032476
 O -0.055550 -4.178562 -0.765645
 O 5.644585 3.845212 -7.797876
 O 4.064119 6.400273 5.398027
 O -5.967509 5.898136 -2.246166
 O 0.031871 1.212837 -2.637557
 O -4.509530 -4.235533 -0.753355
 O -3.015356 6.128585 2.670115
 O -2.719159 2.908540 3.598131
 O -2.335280 -0.872811 -0.342536
 O -1.738231 -1.372585 5.326517
 O 0.619626 2.387979 5.425591
 O -4.553182 2.814433 1.821041
 O 3.565294 5.239640 -1.932350
 O 1.031665 -5.754743 -3.512329
 O -3.481440 4.635861 -3.413849
 O 5.737165 1.294610 6.844897
 O -1.347269 1.177235 2.219981
 O 0.274499 -1.893985 -3.568906
 O 0.144105 -3.756974 -5.571008
 O 7.151841 -6.405686 4.016097
 O 3.897224 -2.861560 1.380345
 O 5.921784 -1.480177 2.779725
 O 1.736490 4.010332 -4.123597
 O -1.381735 -7.725622 0.652959
 O -4.458929 -1.333516 -7.032178
 O -4.569842 1.409516 -0.752373
 O 4.842186 3.906544 -4.889848
 O 1.504192 -1.100903 -0.952690
 O -5.022817 -4.172499 1.989589
 O 1.817948 2.674245 2.160158
 H -5.181926 -2.468715 -0.499435
 H -5.737548 -1.800816 0.643305
 H 2.837033 -1.481829 6.580975
 H 3.085962 -2.380729 5.408680
 H -5.710040 6.213684 -5.067523
 H -5.157348 7.617073 -5.380838
 H 2.218901 3.390599 -1.503667
 H 0.958027 2.776554 -0.790637
 H -5.346962 0.146887 4.423130
 H -4.053342 0.723436 4.510303
 H 0.204714 6.896729 6.418891
 H 0.802271 5.614749 6.933796
 H -2.411241 -6.353465 -2.664411
 H -0.730398 -6.304843 -2.785966
 H 3.582743 1.737586 3.940386
 H 4.070586 0.408923 4.682508
 H -3.356806 -7.312389 6.191710
 H -1.806291 -6.946380 5.934414
 H 1.363378 -1.724695 3.044057
 H 2.322994 -2.775891 2.903597
 H 1.722992 -5.581267 2.534609
 H 2.657833 -5.813408 1.269123
 H -3.097515 -4.658543 5.339480
 H -3.123528 -3.928131 4.034647
 H -4.609851 -7.782722 -0.242617
 H -4.887801 -6.239925 -0.171158
 H -3.559837 -3.243402 -3.724974
 H -2.742427 -4.424064 -4.148977
 H 2.705527 -3.565438 -2.160024
 H 1.573775 -4.351754 -1.337389
 H -1.369320 3.226387 -2.390313
 H -1.687024 3.920472 -0.906469
 H -1.715878 -2.156430 1.037432
 H -0.349972 -2.424169 1.556959
 H 0.467170 -4.041431 3.494206
 H -0.828350 -4.685958 3.034809
 H 4.898223 -4.792931 -4.410923
 H 3.847134 -3.789504 -5.223739
 H 4.240701 5.064574 2.103486
 H 5.769447 4.732484 2.122236
 H 5.163336 -3.256829 4.893001
 H 5.036084 -4.835461 4.718341
 H -1.476460 -1.921935 -3.176568
 H -2.609045 -0.964250 -3.678883
 H -0.259048 3.700714 -4.755992
 H -0.922077 2.410418 -4.477397
 H 5.255314 2.300108 1.168996
 H 3.756813 2.061142 1.322165
 H 2.743791 0.936563 -2.849301
 H 2.635907 2.460835 -3.504863
 H -5.160631 3.826444 -6.385751
 H -5.245825 2.955672 -5.247332
 H 4.795216 -6.398256 0.432903
 H 5.704916 -5.139025 0.494986
 H -0.155572 -0.747372 -6.786695
 H 0.785753 0.152447 -5.998215
 H -2.519819 0.026363 -6.047006
 H -3.767462 0.710039 -5.374071
 H -0.310362 -0.677463 1.931014
 H 0.775002 -0.846932 0.781021
 H 5.277385 -2.165007 -3.939893
 H 6.481603 -2.818140 -3.156361
 H 4.557564 0.298548 -0.769061
 H 4.810754 -1.096597 -1.461613
 H 0.078246 5.263932 4.031472
 H -0.995351 4.367883 3.454074
 H -4.224126 -0.411690 -2.336957
 H -5.422774 -0.787319 -3.189483
 H -0.915868 -4.519630 -1.137486
 H -0.377932 -3.503615 -0.125391
 H 5.103405 4.618829 -7.562422
 H 5.428376 3.670434 -8.732631
 H 3.358730 6.000047 4.841525
 H 4.411815 5.621094 5.897488
 H -6.124378 4.992933 -2.604776
 H -5.172566 6.397693 -2.543854
 H -0.550089 1.473084 -1.881229
 H 0.905050 1.604713 -2.469784
 H -3.895824 -4.465044 -1.485963
 H -4.162542 -4.379360 0.153725
 H -3.405306 5.720585 1.862941
 H -3.789508 6.042873 3.297858
 H -3.427497 3.501438 3.292093
 H -2.686915 2.922310 4.576748
 H -2.455536 -1.048939 -1.310973
 H -2.552564 0.086298 -0.295268
 H -1.963227 -1.219529 4.389769
 H -1.842983 -2.349242 5.459630
 H 0.940561 2.453487 4.498316
 H -0.295927 2.661599 5.459929
 H -4.432014 2.157785 2.562945
 H -4.384058 2.260988 1.014194
 H 3.660945 6.044352 -1.363629
 H 4.301198 5.435395 -2.557139
 H 0.980944 -4.853805 -3.908461
 H 1.807115 -5.537263 -2.904910
 H -4.259061 4.345779 -3.954590
 H -2.689142 4.305369 -3.925109
 H 5.277533 0.923040 7.614269
 H 5.031306 1.468220 6.156377
 H -1.863034 1.944382 2.630324
 H -0.627626 1.729227 1.788641
 H 0.840606 -1.795053 -2.760706
 H 0.372931 -1.133144 -4.188925
 H -0.192228 -3.331383 -4.752362
 H -0.034999 -3.108862 -6.270991
 H 7.400290 -6.266086 4.953623
 H 6.646836 -5.591754 3.825595
 H 3.919522 -3.825477 1.220644
 H 3.841216 -2.508997 0.468166
 H 6.722922 -0.924144 2.844593
 H 5.806526 -1.671646 1.829559
 H 1.879425 3.802369 -5.073543
 H 1.963556 4.938090 -3.904093
 H -0.895952 -8.188892 1.357908
 H -1.815469 -6.955774 1.063911
 H -4.906518 -0.979615 -6.244213
 H -4.062027 -2.198147 -6.802284
 H -4.190135 2.087459 -1.346193
 H -4.882435 0.639196 -1.260464
 H 3.978581 3.433166 -4.736838
 H 5.366096 3.056851 -4.809916
 H 2.451553 -0.751148 -1.018689
 H 0.978743 -0.291116 -1.164836
 H -4.761773 -4.224578 2.937742
 H -5.993719 -4.023107 2.206836
 H 1.788071 3.634020 2.301825
 H 2.339047 2.513996 1.363354
K_POINTS
 1
0.0 0.0 0.0 1.0