
&control
    calculation='scf'
    pseudo_dir = './',
    outdir='./outputs',
    disk_io='high'
/
&system
    ibrav= 1, celldm(1)=20.000000, nat=  192, ntyp= 2,
    ecutwfc = 30.0, nosym=.true., occupations='smearing',
    smearing='m-v', degauss=0.025
/
&electrons
    conv_thr =  1.0d-8,
    mixing_beta = 0.7
/
&ions
    pot_extrapolation='second-order'
    wfc_extrapolation='second-order'
    ion_temperature = 'andersen'
    tempw = 1000

/
ATOMIC_SPECIES
 H  1.01  H.blyp-hgh.UPF
 O  16.0  O.blyp-hgh.UPF
ATOMIC_POSITIONS bohr
 O -5.675787 -1.633497 -0.322603
 O 3.368520 -2.259322 6.334972
 O -5.742826 6.915841 -5.762340
 O 1.914301 2.637534 -0.972472
 O -4.956044 1.038284 4.401568
 O 0.350676 5.953558 6.140986
 O -1.566950 -5.835697 -2.522050
 O 3.693394 1.289597 4.803694
 O -2.734665 -6.776718 5.647183
 O 1.671189 -2.470167 3.580208
 O 2.490881 -6.096107 2.182295
 O -2.987530 -3.744229 5.000644
 O -4.219426 -6.917518 -0.038258
 O -3.639524 -4.057892 -4.280087
 O 2.483547 -4.411516 -1.741373
 O -1.517517 3.104816 -1.451495
 O -1.209938 -2.893317 1.441392
 O -0.049747 -4.903213 3.579300
 O 4.249961 -4.059735 -4.367172
 O 4.874094 4.319448 2.142407
 O 5.073408 -3.976074 4.243162
 O -2.455939 -1.735694 -3.078291
 O -1.148991 3.290169 -4.843438
 O 4.565740 1.621569 1.029158
 O 3.068358 1.568256 -3.518455
 O -4.633579 3.646587 -5.578422
 O 4.795034 -5.443791 0.659784
 O 0.667687 -0.802046 -6.214336
 O -2.803092 0.599578 -5.301188
 O 0.622097 -0.931492 1.760752
 O 6.176127 -1.988904 -3.575456
 O 4.151315 -0.351182 -1.403449
 O 0.019891 4.376851 3.590724
 O -4.802808 -0.027639 -3.031232
 O -0.055250 -4.179503 -0.765999
 O 5.646150 3.841723 -7.798948
 O 4.064494 6.396900 5.397744
 O -5.969857 5.899795 -2.246480
 O 0.032557 1.212704 -2.636507
 O -4.510652 -4.235953 -0.751630
 O -3.016347 6.131107 2.669023
 O -2.717410 2.908720 3.597986
 O -2.337425 -0.868944 -0.341259
 O -1.737664 -1.371533 5.326246
 O 0.622851 2.387392 5.425760
 O -4.554422 2.812780 1.821827
 O 3.564503 5.241453 -1.932030
 O 1.029441 -5.755576 -3.510720
 O -3.485711 4.634842 -3.415960
 O 5.738742 1.296408 6.846733
 O -1.346634 1.179767 2.219433
 O 0.275421 -1.895713 -3.568609
 O 0.143056 -3.756117 -5.570140
 O 7.150721 -6.403023 4.016049
 O 3.897883 -2.862027 1.381079
 O 5.920962 -1.480880 2.777530
 O 1.736606 4.010962 -4.124540
 O -1.378076 -7.728083 0.651121
 O -4.458429 -1.333671 -7.031541
 O -4.571638 1.409515 -0.752758
 O 4.838257 3.908270 -4.893107
 O 1.505068 -1.100039 -0.950462
 O -5.023235 -4.171705 1.988204
 O 1.819095 2.672565 2.159280
 H -5.181960 -2.467707 -0.498770
 H -5.743698 -1.805953 0.644051
 H 2.840368 -1.476946 6.577669
 H 3.093167 -2.381418 5.408627
 H -5.712402 6.220298 -5.062349
 H -5.157440 7.617647 -5.376871
 H 2.220614 3.388063 -1.505178
 H 0.960219 2.776043 -0.788568
 H -5.347826 0.147254 4.424394
 H -4.051254 0.724641 4.506914
 H 0.201149 6.897747 6.418170
 H 0.805889 5.613614 6.933569
 H -2.417640 -6.341013 -2.667832
 H -0.732566 -6.310644 -2.776900
 H 3.579752 1.736060 3.939913
 H 4.073396 0.408389 4.683212
 H -3.356624 -7.312221 6.193463
 H -1.803634 -6.952179 5.930106
 H 1.362917 -1.723605 3.046194
 H 2.323975 -2.778747 2.902041
 H 1.717485 -5.583852 2.533749
 H 2.652719 -5.809820 1.268169
 H -3.094285 -4.660433 5.338898
 H -3.118255 -3.935928 4.037225
 H -4.605765 -7.782129 -0.242077
 H -4.883572 -6.238006 -0.166563
 H -3.562655 -3.239634 -3.730244
 H -2.740659 -4.421824 -4.155415
 H 2.704396 -3.568521 -2.161446
 H 1.572301 -4.358201 -1.337140
 H -1.367214 3.227664 -2.392399
 H -1.687527 3.921060 -0.908800
 H -1.716410 -2.156191 1.039679
 H -0.354895 -2.421707 1.555658
 H 0.462304 -4.038096 3.503201
 H -0.829953 -4.685850 3.036435
 H 4.901074 -4.787721 -4.413991
 H 3.849039 -3.790115 -5.225055
 H 4.247833 5.066595 2.103188
 H 5.773121 4.729661 2.122196
 H 5.160568 -3.260488 4.899762
 H 5.032830 -4.835398 4.720102
 H -1.474451 -1.915492 -3.173977
 H -2.607013 -0.960357 -3.677447
 H -0.261905 3.705795 -4.755154
 H -0.920099 2.409597 -4.476426
 H 5.257383 2.298137 1.165844
 H 3.759310 2.057593 1.323872
 H 2.751472 0.940720 -2.844203
 H 2.639390 2.462229 -3.501632
 H -5.161627 3.825062 -6.388911
 H -5.242356 2.953682 -5.245938
 H 4.794942 -6.394962 0.427459
 H 5.703939 -5.138502 0.496893
 H -0.159250 -0.753398 -6.782926
 H 0.784524 0.153205 -6.000259
 H -2.516691 0.029829 -6.049801
 H -3.769846 0.703542 -5.373564
 H -0.309182 -0.675404 1.932571
 H 0.775936 -0.852724 0.781121
 H 5.278010 -2.162999 -3.941662
 H 6.478544 -2.823640 -3.161488
 H 4.557186 0.297498 -0.769408
 H 4.808669 -1.096727 -1.461399
 H 0.075391 5.264030 4.027961
 H -1.000525 4.371047 3.454197
 H -4.221489 -0.419899 -2.342172
 H -5.423484 -0.789355 -3.188115
 H -0.916931 -4.527265 -1.128099
 H -0.376832 -3.505803 -0.124061
 H 5.101961 4.615318 -7.567669
 H 5.429984 3.665391 -8.734489
 H 3.356603 6.002518 4.840079
 H 4.413932 5.616383 5.895203
 H -6.121559 4.994258 -2.609230
 H -5.178208 6.398136 -2.550393
 H -0.546119 1.472379 -1.876246
 H 0.906101 1.605047 -2.473958
 H -3.898872 -4.468280 -1.486227
 H -4.168043 -4.376050 0.155382
 H -3.405209 5.724871 1.861666
 H -3.788265 6.042651 3.300296
 H -3.430329 3.501737 3.298630
 H -2.676508 2.917563 4.576093
 H -2.459803 -1.042935 -1.308246
 H -2.558802 0.089132 -0.293964
 H -1.963081 -1.212325 4.391274
 H -1.847914 -2.349046 5.452992
 H 0.934940 2.448899 4.495351
 H -0.292280 2.662276 5.456447
 H -4.438046 2.148747 2.556783
 H -4.395203 2.260839 1.011417
 H 3.656825 6.046508 -1.364658
 H 4.302943 5.431759 -2.554346
 H 0.984446 -4.858175 -3.917697
 H 1.807855 -5.538061 -2.906608
 H -4.261102 4.347830 -3.959801
 H -2.691635 4.310416 -3.926500
 H 5.274121 0.925736 7.615437
 H 5.034931 1.464643 6.153090
 H -1.863050 1.944506 2.639617
 H -0.625542 1.730899 1.792258
 H 0.838424 -1.797285 -2.757282
 H 0.373755 -1.136594 -4.188878
 H -0.198185 -3.332073 -4.754031
 H -0.035807 -3.114567 -6.275526
 H 7.399274 -6.265821 4.953345
 H 6.643541 -5.591932 3.824958
 H 3.917091 -3.826637 1.225179
 H 3.841955 -2.506281 0.470169
 H 6.723157 -0.928316 2.847442
 H 5.808451 -1.669682 1.827317
 H 1.883100 3.808476 -5.075165
 H 1.965442 4.938136 -3.907513
 H -0.891630 -8.195503 1.352977
 H -1.808450 -6.957559 1.065512
 H -4.900040 -0.977765 -6.242059
 H -4.063433 -2.200000 -6.802448
 H -4.184082 2.083234 -1.346591
 H -4.881481 0.637881 -1.260620
 H 3.980217 3.427815 -4.729363
 H 5.366514 3.061734 -4.807877
 H 2.451844 -0.745783 -1.019406
 H 0.976242 -0.292315 -1.165084
 H -4.766318 -4.234912 2.936497
 H -5.996147 -4.036477 2.206015
 H 1.781927 3.631708 2.299754
 H 2.340974 2.514740 1.361918
K_POINTS
 1
0.0 0.0 0.0 1.0