
&control
    calculation='scf'
    pseudo_dir = './',
    outdir='./outputs',
    disk_io='high'
/
&system
    ibrav= 1, celldm(1)=20.000000, nat=  192, ntyp= 2,
    ecutwfc = 30.0, nosym=.true., occupations='smearing',
    smearing='m-v', degauss=0.025
/
&electrons
    conv_thr =  1.0d-8,
    mixing_beta = 0.7
/
&ions
    pot_extrapolation='second-order'
    wfc_extrapolation='second-order'
    ion_temperature = 'andersen'
    tempw = 1000

/
ATOMIC_SPECIES
 H  1.01  H.blyp-hgh.UPF
 O  16.0  O.blyp-hgh.UPF
ATOMIC_POSITIONS bohr
 O -5.680781 -1.638693 -0.299771
 O 3.385634 -2.238692 6.334475
 O -5.740412 6.922310 -5.775415
 O 1.923904 2.638205 -0.960097
 O -4.951231 1.047071 4.411473
 O 0.356339 5.959451 6.167006
 O -1.576523 -5.832642 -2.528710
 O 3.726833 1.286298 4.814488
 O -2.713449 -6.776945 5.674528
 O 1.664624 -2.473330 3.565033
 O 2.480674 -6.072176 2.174885
 O -2.975829 -3.759085 5.026544
 O -4.198249 -6.912509 -0.035474
 O -3.628048 -4.048940 -4.292101
 O 2.489316 -4.430485 -1.719018
 O -1.497257 3.096496 -1.452273
 O -1.212224 -2.895052 1.422947
 O -0.056457 -4.900621 3.570078
 O 4.240601 -4.043273 -4.328565
 O 4.884868 4.311384 2.130294
 O 5.072040 -3.972051 4.253370
 O -2.457059 -1.717929 -3.087599
 O -1.159568 3.285204 -4.851197
 O 4.582124 1.609169 0.993601
 O 3.081833 1.565310 -3.533918
 O -4.649983 3.657812 -5.604377
 O 4.786802 -5.435964 0.684653
 O 0.672541 -0.792246 -6.222537
 O -2.814369 0.602231 -5.309078
 O 0.622470 -0.940374 1.767424
 O 6.189845 -1.989063 -3.553854
 O 4.140572 -0.366489 -1.394783
 O -0.005974 4.381144 3.557292
 O -4.815174 -0.043039 -3.018921
 O -0.053870 -4.187930 -0.769531
 O 5.660435 3.809376 -7.807172
 O 4.067487 6.364314 5.395526
 O -5.992678 5.914784 -2.249173
 O 0.037815 1.210321 -2.627055
 O -4.522021 -4.239113 -0.737543
 O -3.024977 6.153553 2.659088
 O -2.701067 2.910714 3.598004
 O -2.356856 -0.833105 -0.330126
 O -1.731881 -1.362129 5.323355
 O 0.653748 2.380810 5.427629
 O -4.566038 2.796532 1.828591
 O 3.558053 5.258357 -1.928908
 O 1.010977 -5.762228 -3.496196
 O -3.523616 4.625909 -3.434603
 O 5.752591 1.312863 6.863319
 O -1.340130 1.204665 2.213892
 O 0.283294 -1.911951 -3.564882
 O 0.132968 -3.749538 -5.562251
 O 7.141066 -6.378706 4.015423
 O 3.903705 -2.865989 1.387221
 O 5.913969 -1.486943 2.758401
 O 1.737671 4.015216 -4.133565
 O -1.345092 -7.750148 0.634113
 O -4.454500 -1.335339 -7.025990
 O -4.587086 1.410935 -0.754399
 O 4.801899 3.921920 -4.921024
 O 1.513332 -1.090692 -0.930695
 O -5.029531 -4.164441 1.977219
 O 1.829330 2.656492 2.152190
 H -5.179545 -2.460829 -0.502510
 H -5.797546 -1.844794 0.647383
 H 2.867129 -1.435024 6.549222
 H 3.153646 -2.389814 5.402442
 H -5.734336 6.281301 -5.022379
 H -5.158988 7.619375 -5.344797
 H 2.237028 3.371801 -1.518321
 H 0.981070 2.777278 -0.771128
 H -5.362446 0.152519 4.437300
 H -4.024546 0.739710 4.477767
 H 0.169777 6.906004 6.407228
 H 0.837256 5.604261 6.932088
 H -2.460861 -6.234784 -2.699741
 H -0.761037 -6.360038 -2.696952
 H 3.555844 1.715698 3.938932
 H 4.097433 0.400504 4.680472
 H -3.344365 -7.309988 6.209716
 H -1.782878 -7.004295 5.893337
 H 1.350655 -1.702335 3.062936
 H 2.333658 -2.806116 2.895665
 H 1.669370 -5.611917 2.522220
 H 2.603102 -5.773971 1.260022
 H -3.060392 -4.681260 5.342557
 H -3.065286 -3.998944 4.065611
 H -4.572319 -7.777062 -0.237882
 H -4.853987 -6.218232 -0.131501
 H -3.585185 -3.203455 -3.781749
 H -2.723845 -4.406309 -4.214190
 H 2.692291 -3.595321 -2.175215
 H 1.559103 -4.408856 -1.335942
 H -1.350856 3.247924 -2.412979
 H -1.688162 3.924649 -0.933488
 H -1.729918 -2.153984 1.054634
 H -0.390315 -2.400640 1.549570
 H 0.416973 -4.014642 3.588487
 H -0.847260 -4.688278 3.048174
 H 4.921604 -4.737448 -4.449847
 H 3.871191 -3.798095 -5.232776
 H 4.307030 5.088506 2.105145
 H 5.799624 4.700815 2.122193
 H 5.137648 -3.295361 4.958620
 H 4.996609 -4.831167 4.740073
 H -1.458080 -1.855799 -3.149947
 H -2.589891 -0.926760 -3.665017
 H -0.290860 3.754205 -4.748749
 H -0.908899 2.400960 -4.469433
 H 5.275699 2.280293 1.137659
 H 3.782947 2.027264 1.342260
 H 2.822667 0.984921 -2.796169
 H 2.667969 2.465136 -3.467272
 H -5.172105 3.815208 -6.423736
 H -5.205434 2.929763 -5.232517
 H 4.794389 -6.364271 0.377502
 H 5.696372 -5.133290 0.511200
 H -0.185717 -0.813305 -6.742908
 H 0.776641 0.159732 -6.022766
 H -2.492200 0.059436 -6.072093
 H -3.789103 0.645032 -5.368753
 H -0.295717 -0.646846 1.945884
 H 0.787125 -0.906197 0.786071
 H 5.288703 -2.150114 -3.956462
 H 6.446477 -2.870475 -3.210296
 H 4.550406 0.285264 -0.774286
 H 4.788494 -1.091138 -1.458102
 H 0.056160 5.262439 3.996032
 H -1.024457 4.394740 3.457239
 H -4.196673 -0.491900 -2.396005
 H -5.432997 -0.804734 -3.179192
 H -0.914725 -4.599415 -1.046203
 H -0.365299 -3.527329 -0.108388
 H 5.092820 4.580865 -7.620115
 H 5.443728 3.621548 -8.749717
 H 3.338239 6.029253 4.828689
 H 4.428549 5.581392 5.878202
 H -6.084623 5.016490 -2.650184
 H -5.230181 6.389367 -2.612857
 H -0.506314 1.468996 -1.836785
 H 0.916547 1.612853 -2.508229
 H -3.923580 -4.496505 -1.474967
 H -4.209016 -4.347356 0.170397
 H -3.407351 5.765795 1.848016
 H -3.773482 6.041164 3.319065
 H -3.454143 3.504749 3.357365
 H -2.585323 2.877820 4.568149
 H -2.494719 -0.996059 -1.284575
 H -2.615523 0.111984 -0.275982
 H -1.962739 -1.148649 4.404224
 H -1.896171 -2.343551 5.390235
 H 0.880452 2.408932 4.473199
 H -0.266729 2.673966 5.423745
 H -4.497611 2.072017 2.497091
 H -4.497232 2.262921 0.988487
 H 3.614003 6.064647 -1.377301
 H 4.315430 5.396069 -2.529484
 H 1.011793 -4.905093 -4.003727
 H 1.809344 -5.547925 -2.920715
 H -4.271454 4.367458 -4.009504
 H -2.720934 4.354067 -3.937732
 H 5.241261 0.949431 7.625541
 H 5.072378 1.433216 6.126952
 H -1.861731 1.932464 2.721115
 H -0.610929 1.734736 1.829785
 H 0.814538 -1.812693 -2.731866
 H 0.385680 -1.168560 -4.188321
 H -0.247988 -3.333558 -4.769244
 H -0.038693 -3.164210 -6.317348
 H 7.386037 -6.263199 4.955004
 H 6.610060 -5.591720 3.819601
 H 3.896377 -3.838560 1.265956
 H 3.846337 -2.482421 0.490795
 H 6.725481 -0.966077 2.870546
 H 5.817012 -1.650425 1.812109
 H 1.915465 3.866094 -5.088240
 H 1.981924 4.942947 -3.939601
 H -0.852446 -8.250981 1.310276
 H -1.741683 -6.976099 1.081521
 H -4.842703 -0.964105 -6.219483
 H -4.078038 -2.216998 -6.804164
 H -4.131002 2.038172 -1.353070
 H -4.876351 0.630450 -1.268206
 H 3.997822 3.392566 -4.663839
 H 5.372664 3.113172 -4.797243
 H 2.450412 -0.703487 -1.024428
 H 0.954020 -0.307804 -1.170219
 H -4.798236 -4.327970 2.918503
 H -6.010658 -4.152034 2.191152
 H 1.725114 3.616490 2.280521
 H 2.352402 2.526115 1.341334
K_POINTS
 1
0.0 0.0 0.0 1.0