
&control
    calculation='scf'
    pseudo_dir = './',
    outdir='./outputs',
    disk_io='high'
/
&system
    ibrav= 1, celldm(1)=20.000000, nat=  192, ntyp= 2,
    ecutwfc = 30.0, nosym=.true., occupations='smearing',
    smearing='m-v', degauss=0.025
/
&electrons
    conv_thr =  1.0d-8,
    mixing_beta = 0.7
/
&ions
    pot_extrapolation='second-order'
    wfc_extrapolation='second-order'
    ion_temperature = 'andersen'
    tempw = 1000

/
ATOMIC_SPECIES
 H  1.01  H.blyp-hgh.UPF
 O  16.0  O.blyp-hgh.UPF
ATOMIC_POSITIONS bohr
 O -5.683042 -1.641428 -0.289410
 O 3.393538 -2.229121 6.334159
 O -5.738729 6.925399 -5.779922
 O 1.928294 2.637947 -0.954390
 O -4.948953 1.050626 4.415392
 O 0.358524 5.962080 6.178347
 O -1.581320 -5.830446 -2.531434
 O 3.741614 1.285242 4.819498
 O -2.704435 -6.776758 5.686594
 O 1.662786 -2.475984 3.558185
 O 2.475885 -6.061614 2.172002
 O -2.971061 -3.766315 5.036936
 O -4.187670 -6.910509 -0.033501
 O -3.623377 -4.044880 -4.297052
 O 2.491937 -4.439379 -1.708640
 O -1.488225 3.092283 -1.452622
 O -1.213809 -2.896040 1.414657
 O -0.058785 -4.898683 3.565908
 O 4.236393 -4.035873 -4.311440
 O 4.890610 4.307955 2.124251
 O 5.071951 -3.970228 4.257701
 O -2.457224 -1.709782 -3.091810
 O -1.163602 3.282852 -4.854076
 O 4.589802 1.603168 0.977423
 O 3.088010 1.564227 -3.541444
 O -4.658016 3.662553 -5.616130
 O 4.783269 -5.432777 0.695585
 O 0.674486 -0.787258 -6.225934
 O -2.819069 0.603334 -5.312564
 O 0.622369 -0.944147 1.769927
 O 6.194912 -1.990216 -3.544605
 O 4.135750 -0.373150 -1.390668
 O -0.019659 4.383734 3.542237
 O -4.819988 -0.049755 -3.012753
 O -0.053955 -4.191666 -0.771207
 O 5.666800 3.794530 -7.810251
 O 4.068646 6.348758 5.394711
 O -6.003833 5.921197 -2.250376
 O 0.039681 1.208617 -2.622782
 O -4.527975 -4.240091 -0.732397
 O -3.028567 6.163457 2.654831
 O -2.693653 2.911965 3.598684
 O -2.365521 -0.816597 -0.325198
 O -1.728951 -1.358120 5.321823
 O 0.668097 2.377308 5.428477
 O -4.571536 2.788509 1.831205
 O 3.555378 5.265896 -1.927397
 O 1.003718 -5.764593 -3.489928
 O -3.540181 4.622258 -3.442430
 O 5.758296 1.320169 6.870883
 O -1.337210 1.216633 2.211466
 O 0.286452 -1.919730 -3.562469
 O 0.128226 -3.747426 -5.558892
 O 7.137106 -6.367858 4.015003
 O 3.906228 -2.867626 1.389881
 O 5.910989 -1.489494 2.750515
 O 1.738221 4.016444 -4.138005
 O -1.330412 -7.759836 0.626369
 O -4.453020 -1.336374 -7.023658
 O -4.593556 1.412349 -0.754202
 O 4.785201 3.926901 -4.932527
 O 1.517200 -1.085577 -0.922103
 O -5.033816 -4.161307 1.973183
 O 1.833916 2.648872 2.149376
 H -5.176987 -2.458900 -0.509336
 H -5.820437 -1.858602 0.647905
 H 2.877456 -1.418472 6.536730
 H 3.177691 -2.394329 5.396478
 H -5.745154 6.307993 -5.009077
 H -5.160522 7.618103 -5.334511
 H 2.244423 3.367977 -1.523228
 H 0.989377 2.781472 -0.763986
 H -5.371306 0.157608 4.444004
 H -4.011353 0.749194 4.465351
 H 0.156874 6.908760 6.401049
 H 0.850406 5.601515 6.932516
 H -2.472802 -6.193134 -2.714647
 H -0.778716 -6.381126 -2.663229
 H 3.547187 1.702349 3.941938
 H 4.107041 0.395545 4.674147
 H -3.332960 -7.309147 6.217405
 H -1.774836 -7.027575 5.878764
 H 1.341768 -1.687901 3.068833
 H 2.336523 -2.817624 2.897909
 H 1.649204 -5.627057 2.515066
 H 2.579296 -5.756260 1.256313
 H -3.042609 -4.693201 5.350781
 H -3.038915 -4.021744 4.080749
 H -4.560061 -7.775486 -0.236655
 H -4.845607 -6.208631 -0.119581
 H -3.592467 -3.186828 -3.806712
 H -2.715726 -4.401137 -4.240222
 H 2.685320 -3.607573 -2.181248
 H 1.554307 -4.426707 -1.336504
 H -1.345650 3.260637 -2.419487
 H -1.686213 3.924821 -0.946180
 H -1.741619 -2.152866 1.057870
 H -0.398376 -2.391042 1.550711
 H 0.396392 -4.007735 3.627727
 H -0.856733 -4.690846 3.051278
 H 4.928007 -4.713494 -4.468959
 H 3.884032 -3.802540 -5.230235
 H 4.329475 5.100980 2.108396
 H 5.807233 4.685404 2.122276
 H 5.128773 -3.311567 4.982579
 H 4.976635 -4.827211 4.750110
 H -1.452632 -1.828955 -3.138865
 H -2.583228 -0.912366 -3.660266
 H -0.306617 3.775867 -4.746648
 H -0.907758 2.398650 -4.468157
 H 5.283759 2.272481 1.125242
 H 3.794687 2.014303 1.352045
 H 2.855953 1.007841 -2.773586
 H 2.679490 2.461138 -3.449759
 H -5.178111 3.811519 -6.442080
 H -5.185352 2.917118 -5.227580
 H 4.794617 -6.350425 0.354766
 H 5.693393 -5.130199 0.515904
 H -0.193659 -0.842300 -6.721932
 H 0.774597 0.163584 -6.035208
 H -2.484051 0.072074 -6.079317
 H -3.795896 0.619130 -5.366589
 H -0.288200 -0.628278 1.950978
 H 0.793564 -0.930222 0.790418
 H 5.297879 -2.146286 -3.961759
 H 6.430388 -2.889379 -3.232942
 H 4.545737 0.278863 -0.776851
 H 4.780997 -1.087682 -1.456227
 H 0.051964 5.261046 3.982031
 H -1.023400 4.401969 3.458825
 H -4.185187 -0.522157 -2.423805
 H -5.439295 -0.809738 -3.177239
 H -0.907505 -4.633176 -1.011966
 H -0.359253 -3.537843 -0.099418
 H 5.091128 4.563863 -7.645840
 H 5.450065 3.602746 -8.754411
 H 3.330813 6.042808 4.824972
 H 4.431933 5.569406 5.872406
 H -6.062991 5.031816 -2.668076
 H -5.251856 6.380773 -2.642634
 H -0.486246 1.469211 -1.822980
 H 0.921186 1.618572 -2.521704
 H -3.932721 -4.508499 -1.461770
 H -4.221207 -4.335712 0.179095
 H -3.410649 5.784800 1.839930
 H -3.764622 6.040764 3.324592
 H -3.462034 3.504334 3.384027
 H -2.546848 2.862201 4.563825
 H -2.508289 -0.979914 -1.276126
 H -2.641130 0.121269 -0.264125
 H -1.963138 -1.120594 4.408972
 H -1.919549 -2.338575 5.361233
 H 0.856101 2.391565 4.465505
 H -0.257959 2.681717 5.410109
 H -4.526620 2.040390 2.470098
 H -4.543106 2.266472 0.979417
 H 3.592233 6.073544 -1.384531
 H 4.320030 5.379369 -2.518872
 H 1.021414 -4.931284 -4.042216
 H 1.806905 -5.553489 -2.926109
 H -4.272992 4.376141 -4.034320
 H -2.736349 4.371718 -3.942814
 H 5.226886 0.960622 7.627858
 H 5.092349 1.420233 6.118161
 H -1.859146 1.919441 2.753912
 H -0.604625 1.732591 1.847984
 H 0.801822 -1.816684 -2.724002
 H 0.394072 -1.181878 -4.188812
 H -0.268442 -3.330666 -4.775524
 H -0.037800 -3.185136 -6.335686
 H 7.377512 -6.261462 4.958175
 H 6.592440 -5.589830 3.818037
 H 3.887849 -3.843593 1.283041
 H 3.846868 -2.473081 0.500877
 H 6.727444 -0.982615 2.879213
 H 5.815738 -1.641066 1.806811
 H 1.929281 3.891767 -5.093258
 H 1.988642 4.947739 -3.953172
 H -0.835161 -8.273200 1.292139
 H -1.709909 -6.986215 1.089425
 H -4.818037 -0.959525 -6.207337
 H -4.085963 -2.224018 -6.805283
 H -4.108335 2.014415 -1.357135
 H -4.875860 0.629594 -1.274882
 H 4.006249 3.384558 -4.636224
 H 5.377546 3.140071 -4.797612
 H 2.447032 -0.688760 -1.025615
 H 0.944551 -0.317539 -1.173939
 H -4.806277 -4.369005 2.906921
 H -6.013340 -4.199569 2.179784
 H 1.699277 3.612035 2.271597
 H 2.353384 2.534145 1.328826
K_POINTS
 1
0.0 0.0 0.0 1.0