
&control
    calculation='scf'
    pseudo_dir = './',
    outdir='./outputs',
    disk_io='high'
/
&system
    ibrav= 1, celldm(1)=20.000000, nat=  192, ntyp= 2,
    ecutwfc = 30.0, nosym=.true., occupations='smearing',
    smearing='m-v', degauss=0.025
/
&electrons
    conv_thr =  1.0d-8,
    mixing_beta = 0.7
/
&ions
    pot_extrapolation='second-order'
    wfc_extrapolation='second-order'
    ion_temperature = 'andersen'
    tempw = 1000

/
ATOMIC_SPECIES
 H  1.01  H.blyp-hgh.UPF
 O  16.0  O.blyp-hgh.UPF
ATOMIC_POSITIONS bohr
 O -5.684735 -1.643639 -0.281688
 O 3.399573 -2.221777 6.333837
 O -5.737190 6.927867 -5.782680
 O 1.931757 2.637580 -0.950094
 O -4.947086 1.053068 4.418144
 O 0.360002 5.964009 6.186645
 O -1.585060 -5.828326 -2.533331
 O 3.752686 1.284548 4.823272
 O -2.697819 -6.776439 5.695557
 O 1.661795 -2.478382 3.552998
 O 2.472161 -6.053708 2.169988
 O -2.967638 -3.772043 5.044294
 O -4.179316 -6.908996 -0.031732
 O -3.620085 -4.041824 -4.300646
 O 2.493902 -4.446187 -1.700686
 O -1.481431 3.089002 -1.453107
 O -1.215269 -2.896844 1.408393
 O -0.060311 -4.896974 3.562801
 O 4.233243 -4.030323 -4.298857
 O 4.895256 4.305477 2.119474
 O 5.072065 -3.968891 4.260998
 O -2.457158 -1.703548 -3.094990
 O -1.166327 3.281017 -4.855979
 O 4.595647 1.598505 0.965177
 O 3.092661 1.563473 -3.547259
 O -4.664350 3.665974 -5.625020
 O 4.780740 -5.430534 0.703726
 O 0.675913 -0.783379 -6.228348
 O -2.822473 0.604124 -5.315183
 O 0.622180 -0.946911 1.771663
 O 6.198185 -1.991622 -3.537871
 O 4.131956 -0.377954 -1.387499
 O -0.030600 4.385919 3.530911
 O -4.823292 -0.054738 -3.007836
 O -0.054250 -4.194463 -0.772466
 O 5.671552 3.783220 -7.812425
 O 4.069457 6.336815 5.394141
 O -6.012581 5.925843 -2.251320
 O 0.040976 1.207105 -2.619543
 O -4.532874 -4.240626 -0.728975
 O -3.031113 6.170869 2.651751
 O -2.688105 2.913097 3.599444
 O -2.372002 -0.804020 -0.321451
 O -1.726636 -1.355238 5.320548
 O 0.678834 2.374543 5.429030
 O -4.575834 2.782166 1.832918
 O 3.553359 5.271413 -1.926227
 O 0.998655 -5.766104 -3.485415
 O -3.552521 4.619723 -3.448005
 O 5.762313 1.325576 6.876700
 O -1.335223 1.225747 2.209827
 O 0.288622 -1.925832 -3.560348
 O 0.124601 -3.746203 -5.556516
 O 7.134291 -6.359737 4.014636
 O 3.908092 -2.868825 1.391948
 O 5.908772 -1.491344 2.744977
 O 1.738705 4.017223 -4.141546
 O -1.319390 -7.767036 0.620524
 O -4.452014 -1.337304 -7.021942
 O -4.598253 1.413683 -0.753768
 O 4.772495 3.930241 -4.940762
 O 1.520144 -1.081373 -0.915740
 O -5.037605 -4.159066 1.970493
 O 1.837401 2.643067 2.147337
 H -5.174708 -2.457598 -0.516140
 H -5.837101 -1.868061 0.648431
 H 2.884683 -1.407252 6.527170
 H 3.194573 -2.397713 5.391276
 H -5.753993 6.327137 -5.000998
 H -5.161941 7.616571 -5.329064
 H 2.249733 3.366067 -1.526039
 H 0.994615 2.786162 -0.758847
 H -5.378180 0.163078 4.449450
 H -4.002502 0.757535 4.456187
 H 0.147880 6.910367 6.396451
 H 0.859874 5.600428 6.933557
 H -2.479555 -6.165014 -2.726159
 H -0.793887 -6.396932 -2.638989
 H 3.541514 1.690690 3.945897
 H 4.113576 0.391612 4.667556
 H -3.322439 -7.309029 6.223619
 H -1.769152 -7.045076 5.868704
 H 1.334608 -1.676532 3.072962
 H 2.337577 -2.825404 2.901554
 H 1.634615 -5.639341 2.509073
 H 2.560901 -5.742448 1.253484
 H -3.028197 -4.702981 5.359954
 H -3.018228 -4.036473 4.092572
 H -4.552090 -7.774628 -0.236039
 H -4.840676 -6.201857 -0.112061
 H -3.596358 -3.174502 -3.826150
 H -2.709564 -4.397429 -4.259490
 H 2.679299 -3.617356 -2.185433
 H 1.551525 -4.438105 -1.337508
 H -1.342751 3.270991 -2.421962
 H -1.683915 3.924282 -0.956063
 H -1.752558 -2.152263 1.058971
 H -0.401093 -2.383687 1.553218
 H 0.380986 -4.003776 3.657145
 H -0.864335 -4.693188 3.052752
 H 4.931873 -4.695093 -4.483762
 H 3.894538 -3.805784 -5.224839
 H 4.344767 5.111153 2.111669
 H 5.811618 4.672783 2.122306
 H 5.122743 -3.323719 4.999230
 H 4.960201 -4.823494 4.757533
 H -1.449573 -1.809036 -3.130424
 H -2.578725 -0.901662 -3.657223
 H -0.319838 3.791572 -4.745381
 H -0.908347 2.398254 -4.468176
 H 5.289824 2.266731 1.115964
 H 3.804356 2.004518 1.359883
 H 2.881884 1.026116 -2.756434
 H 2.687740 2.456498 -3.436182
 H -5.183223 3.808598 -6.456359
 H -5.168689 2.907525 -5.225043
 H 4.794682 -6.339969 0.337578
 H 5.691075 -5.127374 0.518803
 H -0.198270 -0.864543 -6.705185
 H 0.773443 0.167374 -6.045554
 H -2.479236 0.081389 -6.083369
 H -3.800076 0.599831 -5.364993
 H -0.281954 -0.611999 1.954241
 H 0.798942 -0.948082 0.794278
 H 5.306717 -2.143696 -3.965120
 H 6.418000 -2.902652 -3.249993
 H 4.541789 0.274106 -0.778528
 H 4.777064 -1.086092 -1.454850
 H 0.050798 5.260101 3.971787
 H -1.019723 4.405884 3.459636
 H -4.176441 -0.543913 -2.446104
 H -5.444883 -0.812631 -3.176538
 H -0.899964 -4.659055 -0.987415
 H -0.354407 -3.546104 -0.091990
 H 5.090743 4.550639 -7.665717
 H 5.455204 3.588745 -8.756750
 H 3.325590 6.053166 4.822854
 H 4.433119 5.561177 5.868813
 H -6.045501 5.044718 -2.681094
 H -5.266719 6.373726 -2.665644
 H -0.470452 1.470118 -1.814153
 H 0.924165 1.623390 -2.531224
 H -3.938416 -4.517404 -1.448967
 H -4.227788 -4.327502 0.186748
 H -3.414215 5.799232 1.832927
 H -3.757145 6.040538 3.327352
 H -3.466206 3.502589 3.404442
 H -2.519119 2.851475 4.560398
 H -2.517722 -0.969784 -1.271062
 H -2.660566 0.128205 -0.253657
 H -1.963573 -1.099486 4.412058
 H -1.937690 -2.333693 5.339365
 H 0.838738 2.378504 4.460386
 H -0.251224 2.688127 5.401063
 H -4.549169 2.017545 2.450517
 H -4.577468 2.270487 0.973041
 H 3.575091 6.081304 -1.390450
 H 4.323500 5.366913 -2.511164
 H 1.027561 -4.953388 -4.070491
 H 1.803969 -5.557899 -2.929629
 H -4.273676 4.382354 -4.054511
 H -2.747987 4.383962 -3.947041
 H 5.216788 0.969646 7.628033
 H 5.108739 1.411154 6.112925
 H -1.856090 1.906921 2.776291
 H -0.598563 1.730893 1.861522
 H 0.791801 -1.818478 -2.719297
 H 0.401769 -1.191085 -4.189716
 H -0.283253 -3.326827 -4.779953
 H -0.036385 -3.200452 -6.348778
 H 7.369891 -6.259759 4.961328
 H 6.578074 -5.587651 3.817531
 H 3.881739 -3.846711 1.295002
 H 3.846631 -2.466919 0.508406
 H 6.729532 -0.994846 2.884982
 H 5.812752 -1.633750 1.802712
 H 1.939350 3.910352 -5.096804
 H 1.993182 4.952096 -3.962463
 H -0.822375 -8.288866 1.278790
 H -1.685322 -6.994625 1.095636
 H -4.799856 -0.956708 -6.197543
 H -4.092567 -2.228850 -6.806339
 H -4.091760 1.995336 -1.360372
 H -4.876133 0.629982 -1.280945
 H 4.012250 3.381539 -4.616261
 H 5.382420 3.161604 -4.800176
 H 2.443482 -0.679467 -1.026024
 H 0.937642 -0.325865 -1.177239
 H -4.809489 -4.399495 2.896851
 H -6.014175 -4.233237 2.169234
 H 1.679862 3.608714 2.264716
 H 2.352160 2.541428 1.318631
K_POINTS
 1
0.0 0.0 0.0 1.0