
&control
    calculation='scf'
    pseudo_dir = './',
    outdir='./outputs',
    disk_io='high'
/
&system
    ibrav= 1, celldm(1)=20.000000, nat=  192, ntyp= 2,
    ecutwfc = 30.0, nosym=.true., occupations='smearing',
    smearing='m-v', degauss=0.025
/
&electrons
    conv_thr =  1.0d-8,
    mixing_beta = 0.7
/
&ions
    pot_extrapolation='second-order'
    wfc_extrapolation='second-order'
    ion_temperature = 'andersen'
    tempw = 1000

/
ATOMIC_SPECIES
 H  1.01  H.blyp-hgh.UPF
 O  16.0  O.blyp-hgh.UPF
ATOMIC_POSITIONS bohr
 O -5.686407 -1.645988 -0.274084
 O 3.405691 -2.214308 6.333387
 O -5.735423 6.930484 -5.784889
 O 1.935403 2.637106 -0.945824
 O -4.945040 1.055306 4.420733
 O 0.361337 5.965869 6.194714
 O -1.588870 -5.825748 -2.535080
 O 3.763760 1.283870 4.827044
 O -2.691278 -6.775936 5.704416
 O 1.661069 -2.481029 3.547780
 O 2.468316 -6.045804 2.168074
 O -2.964331 -3.778079 5.051327
 O -4.170669 -6.907414 -0.029727
 O -3.616976 -4.038775 -4.304158
 O 2.495858 -4.453081 -1.692597
 O -1.474614 3.085657 -1.453863
 O -1.216941 -2.897639 1.402086
 O -0.061689 -4.895079 3.559720
 O 4.230133 -4.024804 -4.286574
 O 4.900104 4.303117 2.114503
 O 5.072310 -3.967607 4.264399
 O -2.456910 -1.697195 -3.098183
 O -1.168810 3.279139 -4.857667
 O 4.601528 1.593728 0.952857
 O 3.097304 1.562724 -3.553147
 O -4.670951 3.669268 -5.633977
 O 4.778357 -5.428445 0.711806
 O 0.677354 -0.779436 -6.230623
 O -2.825780 0.604888 -5.317795
 O 0.621884 -0.949620 1.773314
 O 6.200986 -1.993540 -3.531325
 O 4.127945 -0.382550 -1.384279
 O -0.041910 4.388295 3.519571
 O -4.826325 -0.059677 -3.002670
 O -0.054709 -4.197252 -0.773704
 O 5.676281 3.771759 -7.814520
 O 4.070221 6.324741 5.393581
 O -6.021601 5.930357 -2.252331
 O 0.042249 1.205407 -2.616290
 O -4.538171 -4.240978 -0.725834
 O -3.033504 6.178267 2.648755
 O -2.682581 2.914397 3.600420
 O -2.378452 -0.791303 -0.317650
 O -1.724242 -1.352486 5.319134
 O 0.689408 2.371710 5.429457
 O -4.580306 2.775536 1.834381
 O 3.551288 5.276743 -1.925031
 O 0.993902 -5.767397 -3.481126
 O -3.564819 4.617388 -3.453292
 O 5.766096 1.330893 6.882663
 O -1.333509 1.234833 2.208403
 O 0.290586 -1.932160 -3.558000
 O 0.120928 -3.745289 -5.554298
 O 7.131600 -6.351618 4.014235
 O 3.909932 -2.870012 1.394133
 O 5.906567 -1.493130 2.739824
 O 1.739277 4.017964 -4.145284
 O -1.308354 -7.774176 0.614668
 O -4.451108 -1.338362 -7.020225
 O -4.602817 1.415217 -0.753147
 O 4.759654 3.933285 -4.948656
 O 1.523090 -1.076892 -0.909441
 O -5.041851 -4.156951 1.968089
 O 1.840930 2.637263 2.145324
 H -5.172343 -2.456158 -0.524075
 H -5.853284 -1.877064 0.649324
 H 2.891485 -1.397154 6.517350
 H 3.210516 -2.400889 5.385973
 H -5.763596 6.345127 -4.994476
 H -5.163394 7.614827 -5.325762
 H 2.254697 3.364708 -1.527806
 H 0.998872 2.792161 -0.753904
 H -5.384927 0.170057 4.455258
 H -3.995224 0.766903 4.447147
 H 0.139583 6.911586 6.392166
 H 0.868945 5.600367 6.935311
 H -2.484902 -6.139916 -2.737975
 H -0.810632 -6.412881 -2.615774
 H 3.536482 1.677847 3.951225
 H 4.119399 0.387774 4.659581
 H -3.310623 -7.309659 6.230415
 H -1.763810 -7.062545 5.859404
 H 1.327585 -1.665690 3.077104
 H 2.337684 -2.832282 2.906585
 H 1.620437 -5.652298 2.502706
 H 2.542149 -5.728317 1.250702
 H -3.012883 -4.713062 5.371678
 H -2.996911 -4.049167 4.104362
 H -4.545152 -7.773932 -0.235658
 H -4.836427 -6.195987 -0.105713
 H -3.598694 -3.162476 -3.846133
 H -2.703550 -4.393569 -4.278447
 H 2.672579 -3.627849 -2.189193
 H 1.549548 -4.447793 -1.339017
 H -1.340731 3.281694 -2.422026
 H -1.680968 3.923181 -0.966008
 H -1.765029 -2.152178 1.059069
 H -0.401433 -2.376405 1.557066
 H 0.365695 -4.000745 3.686266
 H -0.872097 -4.695808 3.053605
 H 4.935039 -4.676454 -4.498496
 H 3.905393 -3.808595 -5.216304
 H 4.358984 5.121565 2.115582
 H 5.815350 4.659381 2.122274
 H 5.117317 -3.335652 5.014580
 H 4.942603 -4.819229 4.764573
 H -1.447464 -1.789491 -3.121903
 H -2.574686 -0.890994 -3.654712
 H -0.334218 3.806566 -4.744358
 H -0.910040 2.399125 -4.469038
 H 5.295930 2.261083 1.106698
 H 3.814960 1.994517 1.368024
 H 2.908835 1.045211 -2.739424
 H 2.695641 2.450895 -3.422510
 H -5.188825 3.805309 -6.470664
 H -5.150660 2.898161 -5.223875
 H 4.794502 -6.329356 0.320364
 H 5.688533 -5.124025 0.521202
 H -0.201909 -0.886956 -6.687756
 H 0.772475 0.172138 -6.056799
 H -2.475552 0.090490 -6.086252
 H -3.803405 0.580702 -5.363430
 H -0.275152 -0.593760 1.956887
 H 0.804775 -0.965657 0.798441
 H 5.316995 -2.141109 -3.968043
 H 6.405588 -2.915109 -3.266909
 H 4.537603 0.269650 -0.779745
 H 4.775007 -1.085907 -1.453585
 H 0.051393 5.259404 3.961833
 H -1.015248 4.408477 3.459873
 H -4.167604 -0.564785 -2.469554
 H -5.451167 -0.814693 -3.176423
 H -0.890847 -4.685341 -0.963922
 H -0.349356 -3.554706 -0.084045
 H 5.091011 4.537225 -7.685840
 H 5.460812 3.574682 -8.758064
 H 3.320645 6.063417 4.821346
 H 4.433177 5.553075 5.865978
 H -6.027425 5.058142 -2.693668
 H -5.280193 6.366790 -2.689026
 H -0.454254 1.471713 -1.806485
 H 0.926403 1.628414 -2.540323
 H -3.942748 -4.526387 -1.434170
 H -4.232331 -4.319703 0.195126
 H -3.418693 5.813807 1.825226
 H -3.749127 6.040342 3.328937
 H -3.468708 3.499401 3.425250
 H -2.492515 2.841687 4.556864
 H -2.526534 -0.961281 -1.267078
 H -2.680252 0.135249 -0.241899
 H -1.964030 -1.078272 4.414855
 H -1.956245 -2.327793 5.317591
 H 0.822607 2.365300 4.455764
 H -0.243668 2.694808 5.393463
 H -4.572282 1.995423 2.431854
 H -4.611635 2.275795 0.967019
 H 3.557408 6.090309 -1.396779
 H 4.327136 5.354725 -2.503646
 H 1.032777 -4.977630 -4.097908
 H 1.800277 -5.562354 -2.932571
 H -4.274276 4.388221 -4.076203
 H -2.759222 4.395253 -3.951766
 H 5.207470 0.979309 7.626714
 H 5.126268 1.402777 6.108844
 H -1.852044 1.892427 2.796475
 H -0.590590 1.729870 1.874649
 H 0.781652 -1.819234 -2.715328
 H 0.410698 -1.199597 -4.191069
 H -0.297605 -3.321535 -4.784236
 H -0.034393 -3.215520 -6.360960
 H 7.361131 -6.257646 4.964929
 H 6.562833 -5.584984 3.817805
 H 3.875884 -3.849024 1.306024
 H 3.845812 -2.461602 0.515656
 H 6.732170 -1.006956 2.890057
 H 5.808058 -1.626157 1.798201
 H 1.949143 3.928007 -5.100231
 H 1.997114 4.956774 -3.970711
 H -0.809783 -8.303704 1.265616
 H -1.660190 -7.003692 1.102087
 H -4.781882 -0.954500 -6.187414
 H -4.099736 -2.233295 -6.807601
 H -4.075581 1.975354 -1.363582
 H -4.876936 0.631303 -1.287700
 H 4.017669 3.380912 -4.596957
 H 5.388472 3.184112 -4.804779
 H 2.439288 -0.671619 -1.026020
 H 0.930866 -0.334908 -1.180962
 H -4.810184 -4.429653 2.885568
 H -6.014256 -4.265027 2.156966
 H 1.660557 3.604784 2.257671
 H 2.349140 2.549767 1.308010
K_POINTS
 1
0.0 0.0 0.0 1.0