
&control
    calculation='scf'
    pseudo_dir = './',
    outdir='./outputs',
    disk_io='high'
/
&system
    ibrav= 1, celldm(1)=20.000000, nat=  192, ntyp= 2,
    ecutwfc = 30.0, nosym=.true., occupations='smearing',
    smearing='m-v', degauss=0.025
/
&electrons
    conv_thr =  1.0d-8,
    mixing_beta = 0.7
/
&ions
    pot_extrapolation='second-order'
    wfc_extrapolation='second-order'
    ion_temperature = 'andersen'
    tempw = 1000

/
ATOMIC_SPECIES
 H  1.01  H.blyp-hgh.UPF
 O  16.0  O.blyp-hgh.UPF
ATOMIC_POSITIONS bohr
 O -5.260222 -1.530974 -1.520515
 O 3.932858 -2.122343 5.388045
 O -5.740630 5.412813 -5.475366
 O -0.180398 3.761454 -1.520551
 O -4.724486 0.764992 3.906933
 O -0.233265 5.456897 5.219782
 O -0.129263 -5.396248 -3.403144
 O 2.417972 0.166152 3.607579
 O -2.852612 -5.293435 5.648710
 O 1.952824 -2.875459 1.881175
 O 2.548849 -6.100042 2.906507
 O -4.086077 -3.021772 4.463903
 O -4.440294 -5.870471 0.723456
 O -3.602281 -5.698493 -3.742900
 O 2.330479 -2.757274 -2.274820
 O -1.961136 2.437020 1.104382
 O -1.209367 -1.684154 1.839837
 O 0.212404 -4.208994 3.749746
 O 5.409880 -4.281283 -4.974207
 O 5.453954 4.934561 2.198180
 O 5.910515 -2.987222 3.262005
 O -3.241692 -2.920539 -3.848215
 O -0.889407 2.639588 -4.946326
 O 3.912648 2.356625 2.884777
 O 2.329735 1.346406 -3.102355
 O -4.867129 2.720124 -6.215446
 O 4.475985 -5.979236 -1.243435
 O 1.992158 -1.290114 -4.615477
 O -2.036333 0.169246 -4.829646
 O 0.912802 -0.325759 0.761328
 O 4.760405 -1.740609 -3.680375
 O 5.192457 0.094252 -0.126964
 O -0.179040 4.597050 1.911919
 O -5.065417 0.728075 -4.009435
 O 0.731221 -3.826063 -0.375356
 O 4.565652 3.707113 -4.457218
 O 3.437650 5.460924 5.855209
 O -5.234097 3.870540 -1.953217
 O -0.379136 1.011045 -1.716554
 O -3.088857 -3.453792 -1.030418
 O -2.645006 5.483590 3.316534
 O -1.536948 2.802688 4.135058
 O -2.607433 -0.299827 -0.707067
 O -1.541301 -2.161007 4.868022
 O 0.648121 1.856345 4.955692
 O -4.725834 3.322732 1.391469
 O 2.893319 3.964564 -0.633812
 O 2.700363 -6.019527 -3.626190
 O -2.561204 4.517500 -2.324093
 O 5.457691 0.623045 5.360218
 O -3.012710 0.268396 1.981899
 O -0.674511 -2.373310 -2.402713
 O 0.014073 -3.330677 -5.481968
 O 5.744496 -5.958335 4.313794
 O 5.002461 -3.118810 -0.192508
 O 4.644956 -0.717505 2.452654
 O 1.166586 4.324757 -4.308780
 O -0.688986 -5.832552 0.449708
 O -5.529223 -1.448345 -5.728099
 O -4.642098 1.326049 -0.846294
 O 5.183790 1.501545 -2.509346
 O 2.836406 -0.288338 -1.103302
 O -5.276652 -1.275801 1.307385
 O 1.571325 2.584944 1.469657
 H -5.239333 -1.416322 -0.543347
 H -4.502164 -0.953195 -1.757128
 H 3.656462 -2.891734 5.922813
 H 3.208349 -1.956962 4.740519
 H -6.446628 4.971116 -4.943041
 H -5.531452 4.746738 -6.163319
 H 0.317106 2.991743 -1.136328
 H 0.520289 4.314185 -1.911676
 H -5.625964 0.380452 3.829653
 H -4.727218 1.369549 4.689347
 H 0.191443 6.335023 5.093889
 H 0.108030 5.146117 6.082300
 H -0.469598 -5.461175 -2.492086
 H -0.909962 -5.657950 -3.932255
 H 2.698489 1.096909 3.384134
 H 1.446322 0.200480 3.694112
 H -3.442377 -5.457372 6.425631
 H -1.955910 -5.441949 6.014639
 H 2.070511 -2.034121 1.379345
 H 2.870234 -3.209007 1.894736
 H 3.267261 -6.471474 2.351438
 H 1.716165 -6.472205 2.535511
 H -3.262961 -3.424527 4.123800
 H -4.551576 -2.551190 3.724921
 H -3.882370 -6.591642 0.358557
 H -4.187536 -5.055110 0.222893
 H -4.452337 -5.326011 -3.439269
 H -3.669154 -6.669318 -3.628992
 H 2.340813 -1.782194 -2.131674
 H 1.767804 -3.098010 -1.508070
 H -1.119580 2.919520 0.989277
 H -1.766554 1.477155 1.011818
 H -0.408247 -1.185493 1.374037
 H -0.858166 -1.673286 2.762859
 H 1.060461 -4.038682 3.260314
 H -0.435304 -3.908346 3.077347
 H 6.218633 -4.842847 -5.010422
 H 5.595744 -3.315099 -4.849505
 H 5.727710 5.317820 3.082442
 H 6.297539 4.980209 1.710564
 H 5.478075 -2.296727 2.704932
 H 6.147007 -3.711087 2.649968
 H -2.329222 -2.724964 -4.144571
 H -3.723533 -2.937624 -4.697346
 H -0.362325 2.843314 -4.147561
 H -1.393545 1.821539 -4.731419
 H 4.810554 2.647467 3.143526
 H 3.480928 3.175027 2.570303
 H 2.804517 1.033192 -3.901177
 H 1.761582 2.064079 -3.458212
 H -4.984704 2.041811 -5.503834
 H -3.979283 3.082162 -6.006386
 H 4.082130 -5.085219 -1.368527
 H 5.401542 -5.773259 -1.012785
 H 2.758219 -1.315207 -5.240443
 H 1.266988 -0.965200 -5.186958
 H -1.923914 -0.489900 -5.550805
 H -2.918621 0.556552 -5.016629
 H 0.841174 0.599460 1.085408
 H 1.472264 -0.311181 -0.076319
 H 3.984567 -2.196731 -3.282708
 H 5.373980 -1.624070 -2.921416
 H 5.446030 0.968068 -0.509673
 H 5.857193 -0.409495 -0.645918
 H -0.642767 3.957361 2.504352
 H -0.764745 5.354284 2.136114
 H -4.742605 0.730759 -3.081238
 H -6.042441 0.784921 -4.026386
 H 0.416104 -4.740623 -0.521372
 H 1.260849 -3.791731 0.463139
 H 3.668214 4.029292 -4.685476
 H 4.662946 2.855072 -4.927271
 H 3.391615 5.248273 4.893968
 H 2.697224 6.077385 6.004403
 H -5.609327 3.837073 -1.038505
 H -4.629025 4.635312 -1.783404
 H 0.042524 0.272839 -2.197916
 H -1.129109 0.554434 -1.192925
 H -3.017154 -2.954560 -1.885146
 H -2.430984 -4.147513 -1.225931
 H -3.511895 5.755813 2.957968
 H -2.717619 5.773382 4.261954
 H -1.343922 2.115836 3.462858
 H -2.151303 3.377247 3.625593
 H -2.092522 -1.118291 -0.603776
 H -3.083298 -0.161749 0.156453
 H -2.508446 -2.336742 4.863878
 H -1.054091 -2.909731 5.277550
 H 1.389167 1.530360 5.494265
 H 0.199425 2.492588 5.560827
 H -5.101505 3.575901 2.254255
 H -3.861167 2.904253 1.629075
 H 3.390579 4.728133 -0.261107
 H 2.857462 4.171664 -1.585995
 H 3.600381 -5.646990 -3.784567
 H 2.169990 -5.191912 -3.511725
 H -2.465574 3.949146 -3.113569
 H -1.791318 4.243685 -1.762023
 H 5.919563 -0.228622 5.507801
 H 4.546679 0.278110 5.302948
 H -2.446893 -0.546127 2.072641
 H -3.748504 0.310630 2.638969
 H 0.137038 -2.911021 -2.514995
 H -0.639552 -2.038804 -1.493743
 H 0.292807 -3.185058 -4.547920
 H 0.768739 -2.902758 -5.931205
 H 4.992093 -5.927632 4.957070
 H 6.466445 -5.560635 4.838944
 H 5.883041 -3.289192 0.211849
 H 4.754919 -2.285805 0.264451
 H 4.797917 -0.057314 1.738257
 H 3.758159 -0.548157 2.896433
 H 1.289047 4.012805 -5.225594
 H 1.573104 5.216547 -4.362391
 H -1.135208 -6.701935 0.330447
 H -1.342230 -5.109651 0.370126
 H -5.213258 -1.929493 -6.528092
 H -4.708113 -0.987147 -5.464703
 H -4.257449 2.203664 -1.054421
 H -4.767967 1.316019 0.123496
 H 5.810948 2.258065 -2.508400
 H 4.305526 1.942786 -2.504620
 H 3.741933 0.035679 -0.834750
 H 2.501768 0.288811 -1.831198
 H -6.167845 -0.995181 1.604206
 H -4.835266 -1.501185 2.137495
 H 0.739369 3.085001 1.370279
 H 2.074277 3.030545 0.731419
K_POINTS
 1
0.0 0.0 0.0 1.0