
&control
    calculation='scf'
    pseudo_dir = './',
    outdir='./outputs',
    disk_io='high'
/
&system
    ibrav= 1, celldm(1)=20.000000, nat=  192, ntyp= 2,
    ecutwfc = 30.0, nosym=.true., occupations='smearing',
    smearing='m-v', degauss=0.025
/
&electrons
    conv_thr =  1.0d-8,
    mixing_beta = 0.7
/
&ions
    pot_extrapolation='second-order'
    wfc_extrapolation='second-order'
    ion_temperature = 'andersen'
    tempw = 1000

/
ATOMIC_SPECIES
 H  1.01  H.blyp-hgh.UPF
 O  16.0  O.blyp-hgh.UPF
ATOMIC_POSITIONS bohr
 O -5.693003 -1.657738 -0.243749
 O 3.433142 -2.181171 6.328706
 O -5.725797 6.943508 -5.788516
 O 1.953039 2.634681 -0.928084
 O -4.934007 1.063566 4.430006
 O 0.365420 5.972402 6.226339
 O -1.605214 -5.808838 -2.540749
 O 3.812276 1.279325 4.843454
 O -2.662462 -6.771287 5.741177
 O 1.658876 -2.493174 3.525981
 O 2.450236 -6.011298 2.160054
 O -2.951016 -3.808756 5.079639
 O -4.131402 -6.899236 -0.018701
 O -3.605451 -4.026078 -4.318848
 O 2.504140 -4.483501 -1.656294
 O -1.444771 3.070980 -1.460691
 O -1.225486 -2.899053 1.374369
 O -0.066969 -4.885377 3.546712
 O 4.218392 -4.002282 -4.237089
 O 4.920833 4.295216 2.091172
 O 5.074334 -3.963218 4.281260
 O -2.453764 -1.667851 -3.112182
 O -1.177963 3.271447 -4.863153
 O 4.626797 1.572294 0.899061
 O 3.117075 1.558491 -3.577476
 O -4.702382 3.682185 -5.673722
 O 4.770470 -5.421826 0.745580
 O 0.684715 -0.762203 -6.238292
 O -2.839244 0.608350 -5.328388
 O 0.618963 -0.960620 1.780300
 O 6.208193 -2.008378 -3.504993
 O 4.108025 -0.400366 -1.370166
 O -0.089550 4.400541 3.470721
 O -4.836321 -0.080631 -2.977675
 O -0.057907 -4.209180 -0.778479
 O 5.696590 3.720540 -7.822918
 O 4.073028 6.273143 5.390727
 O -6.061817 5.949076 -2.258875
 O 0.048839 1.196089 -2.602625
 O -4.565789 -4.240191 -0.712525
 O -3.041483 6.210093 2.635514
 O -2.658437 2.921551 3.607353
 O -2.405849 -0.735143 -0.300937
 O -1.713594 -1.342320 5.310467
 O 0.731238 2.359431 5.428653
 O -4.602213 2.743088 1.837535
 O 3.541220 5.296934 -1.919453
 O 0.976236 -5.771165 -3.466150
 O -3.618276 4.609564 -3.473304
 O 5.780438 1.352611 6.910289
 O -1.329286 1.271327 2.204356
 O 0.296102 -1.961387 -3.546763
 O 0.104357 -3.744648 -5.546617
 O 7.120854 -6.315851 4.012372
 O 3.917631 -2.874888 1.405851
 O 5.897219 -1.499963 2.722581
 O 1.743280 4.022532 -4.163981
 O -1.260136 -7.804387 0.589395
 O -4.448707 -1.343954 -7.012006
 O -4.620925 1.423434 -0.749711
 O 4.703124 3.944199 -4.979019
 O 1.534670 -1.055501 -0.882648
 O -5.064332 -4.149859 1.960867
 O 1.856589 2.613708 2.136226
 H -5.166317 -2.443128 -0.563663
 H -5.916073 -1.917508 0.659415
 H 2.914937 -1.365359 6.470964
 H 3.269870 -2.408085 5.372823
 H -5.816441 6.402342 -4.980813
 H -5.162991 7.613083 -5.336353
 H 2.270838 3.361283 -1.518770
 H 1.009860 2.831259 -0.735950
 H -5.408835 0.213680 4.484618
 H -3.987033 0.815842 4.409923
 H 0.113175 6.913604 6.382069
 H 0.902083 5.615131 6.951881
 H -2.500832 -6.069772 -2.792598
 H -0.900585 -6.485011 -2.528391
 H 3.518600 1.616920 3.982799
 H 4.134730 0.376980 4.614918
 H -3.253296 -7.326301 6.269779
 H -1.747221 -7.134865 5.827146
 H 1.309029 -1.642615 3.098690
 H 2.333757 -2.852009 2.932977
 H 1.561941 -5.713392 2.474973
 H 2.459545 -5.666592 1.242273
 H -2.937291 -4.748524 5.447003
 H -2.900202 -4.083728 4.145905
 H -4.524286 -7.767564 -0.235248
 H -4.816637 -6.189869 -0.090865
 H -3.587834 -3.116387 -3.937205
 H -2.683919 -4.369752 -4.355527
 H 2.637029 -3.682997 -2.199748
 H 1.549294 -4.471415 -1.349413
 H -1.340540 3.325975 -2.398646
 H -1.662651 3.913122 -1.003046
 H -1.826412 -2.165078 1.051663
 H -0.394190 -2.353142 1.585056
 H 0.301753 -3.996626 3.803139
 H -0.900502 -4.708836 3.053692
 H 4.943188 -4.596183 -4.551283
 H 3.943448 -3.806064 -5.151859
 H 4.415542 5.156884 2.137728
 H 5.837627 4.596819 2.120916
 H 5.102531 -3.378921 5.064821
 H 4.855282 -4.797481 4.785348
 H -1.448168 -1.713026 -3.085015
 H -2.562749 -0.845450 -3.650930
 H -0.404528 3.861006 -4.741625
 H -0.925042 2.412909 -4.479195
 H 5.322999 2.237221 1.065902
 H 3.873792 1.945887 1.403991
 H 3.040912 1.134147 -2.676920
 H 2.724681 2.426478 -3.368697
 H -5.217885 3.782792 -6.525225
 H -5.059250 2.863788 -5.240049
 H 4.787775 -6.278384 0.248432
 H 5.672216 -5.101870 0.526675
 H -0.210201 -0.980509 -6.608214
 H 0.766771 0.203976 -6.116926
 H -2.470599 0.123583 -6.089308
 H -3.808526 0.501380 -5.356937
 H -0.237142 -0.494901 1.957741
 H 0.834880 -1.035164 0.815675
 H 5.366255 -2.125408 -3.980875
 H 6.356998 -2.960112 -3.334146
 H 4.519211 0.257814 -0.775655
 H 4.786915 -1.101316 -1.449824
 H 0.073154 5.259766 3.921825
 H -1.029051 4.405693 3.451089
 H -4.129124 -0.644012 -2.582096
 H -5.484276 -0.811893 -3.180404
 H -0.837629 -4.801682 -0.874987
 H -0.326999 -3.596777 -0.045830
 H 5.097339 4.482022 -7.770373
 H 5.492798 3.508610 -8.756070
 H 3.301374 6.100945 4.822202
 H 4.421412 5.508004 5.865305
 H -5.952439 5.106867 -2.740468
 H -5.326393 6.347832 -2.785337
 H -0.385910 1.487802 -1.780952
 H 0.923443 1.647890 -2.576770
 H -3.938165 -4.570015 -1.359232
 H -4.235984 -4.288876 0.228334
 H -3.445839 5.879695 1.789875
 H -3.714202 6.038621 3.326034
 H -3.463269 3.469812 3.519303
 H -2.393090 2.811801 4.541382
 H -2.557798 -0.938934 -1.255796
 H -2.769219 0.167067 -0.179268
 H -1.963292 -0.985218 4.428444
 H -2.038826 -2.290582 5.228672
 H 0.774743 2.304222 4.442047
 H -0.192399 2.723911 5.384979
 H -4.676470 1.909995 2.365103
 H -4.753631 2.315298 0.944691
 H 3.477994 6.144858 -1.432118
 H 4.345198 5.309339 -2.470746
 H 1.044954 -5.103704 -4.201333
 H 1.781211 -5.578361 -2.935976
 H -4.277452 4.409934 -4.184949
 H -2.797655 4.432929 -3.977137
 H 5.175577 1.027771 7.606950
 H 5.211432 1.377030 6.100977
 H -1.825849 1.819196 2.858213
 H -0.529198 1.740518 1.926833
 H 0.742658 -1.810762 -2.698604
 H 0.462638 -1.232903 -4.198305
 H -0.352032 -3.284112 -4.805927
 H -0.020751 -3.278499 -6.397794
 H 7.308934 -6.242950 4.980323
 H 6.491617 -5.573897 3.832075
 H 3.853625 -3.848306 1.339402
 H 3.834702 -2.450047 0.539489
 H 6.748035 -1.059800 2.901890
 H 5.769347 -1.588342 1.773273
 H 1.987989 3.987431 -5.114880
 H 2.003383 4.972827 -3.989470
 H -0.757425 -8.360436 1.210224
 H -1.548053 -7.048073 1.132916
 H -4.705017 -0.954344 -6.146643
 H -4.136181 -2.250396 -6.815370
 H -4.010775 1.883032 -1.372634
 H -4.887045 0.648160 -1.319825
 H 4.029568 3.400055 -4.519995
 H 5.428076 3.289580 -4.848992
 H 2.422214 -0.650233 -1.022300
 H 0.902009 -0.377738 -1.202073
 H -4.784544 -4.554515 2.820917
 H -6.012117 -4.379177 2.086477
 H 1.581319 3.570022 2.226663
 H 2.315196 2.595698 1.261071
K_POINTS
 1
0.0 0.0 0.0 1.0