
&control
    calculation='scf'
    pseudo_dir = './',
    outdir='./outputs',
    disk_io='high'
/
&system
    ibrav= 1, celldm(1)=20.000000, nat=  192, ntyp= 2,
    ecutwfc = 30.0, nosym=.true., occupations='smearing',
    smearing='m-v', degauss=0.025
/
&electrons
    conv_thr =  1.0d-8,
    mixing_beta = 0.7
/
&ions
    pot_extrapolation='second-order'
    wfc_extrapolation='second-order'
    ion_temperature = 'andersen'
    tempw = 1000

/
ATOMIC_SPECIES
 H  1.01  H.blyp-hgh.UPF
 O  16.0  O.blyp-hgh.UPF
ATOMIC_POSITIONS bohr
 O -5.699622 -1.673067 -0.214987
 O 3.467513 -2.143547 6.316763
 O -5.713721 6.960298 -5.783358
 O 1.972896 2.632813 -0.908568
 O -4.920798 1.076603 4.436594
 O 0.367059 5.975120 6.255088
 O -1.623151 -5.780216 -2.544048
 O 3.870583 1.267274 4.862613
 O -2.626669 -6.762948 5.781283
 O 1.653175 -2.505931 3.508336
 O 2.425678 -5.970399 2.149343
 O -2.936362 -3.854100 5.111401
 O -4.085375 -6.888719 -0.002494
 O -3.595940 -4.013247 -4.335789
 O 2.513379 -4.519423 -1.612471
 O -1.410454 3.054436 -1.471957
 O -1.234645 -2.893706 1.342785
 O -0.073470 -4.873012 3.532781
 O 4.212571 -3.982132 -4.184242
 O 4.940246 4.292024 2.062018
 O 5.076599 -3.962155 4.306062
 O -2.447733 -1.628854 -3.129044
 O -1.190973 3.267148 -4.869312
 O 4.655241 1.547601 0.837431
 O 3.139016 1.551086 -3.596921
 O -4.742087 3.695925 -5.721609
 O 4.767511 -5.420367 0.780334
 O 0.697338 -0.741772 -6.241523
 O -2.853586 0.614410 -5.336696
 O 0.610903 -0.971182 1.789291
 O 6.209325 -2.038678 -3.478035
 O 4.085360 -0.420552 -1.353888
 O -0.135792 4.418223 3.415777
 O -4.841307 -0.103816 -2.945102
 O -0.062791 -4.223208 -0.782059
 O 5.719468 3.660163 -7.830473
 O 4.076399 6.218456 5.386204
 O -6.103141 5.969536 -2.277086
 O 0.059591 1.181193 -2.588754
 O -4.602874 -4.236120 -0.693220
 O -3.044647 6.246465 2.615397
 O -2.626416 2.930422 3.621078
 O -2.436362 -0.669520 -0.282699
 O -1.702786 -1.334102 5.293116
 O 0.770813 2.345402 5.420020
 O -4.633880 2.697195 1.835549
 O 3.527033 5.315158 -1.911120
 O 0.959890 -5.775588 -3.456438
 O -3.681115 4.603581 -3.497051
 O 5.797762 1.375515 6.944452
 O -1.321385 1.304089 2.196714
 O 0.296830 -1.994843 -3.535308
 O 0.083272 -3.750007 -5.539727
 O 7.107875 -6.271427 4.010657
 O 3.925934 -2.877500 1.424470
 O 5.886950 -1.505833 2.711656
 O 1.751691 4.033332 -4.190875
 O -1.203436 -7.836718 0.561048
 O -4.449614 -1.351012 -6.999794
 O -4.637733 1.434211 -0.748134
 O 4.639007 3.955109 -5.007431
 O 1.541499 -1.030829 -0.851854
 O -5.093903 -4.146987 1.958215
 O 1.874605 2.591433 2.123118
 H -5.176164 -2.412335 -0.599654
 H -5.964287 -1.982620 0.671541
 H 2.922729 -1.341306 6.412476
 H 3.320021 -2.399024 5.386037
 H -5.900931 6.421142 -4.986250
 H -5.127696 7.641369 -5.385266
 H 2.285515 3.365156 -1.475316
 H 1.033644 2.889534 -0.727072
 H -5.425451 0.260503 4.526910
 H -3.994919 0.867167 4.371717
 H 0.102041 6.914371 6.395432
 H 0.924141 5.665006 6.987750
 H -2.512250 -6.059295 -2.856411
 H -1.038728 -6.566920 -2.454259
 H 3.491418 1.565103 4.013699
 H 4.137221 0.374608 4.563012
 H -3.186759 -7.368753 6.326906
 H -1.744636 -7.199485 5.801867
 H 1.322793 -1.676480 3.123921
 H 2.349560 -2.863721 2.936492
 H 1.499461 -5.787421 2.453828
 H 2.371745 -5.601607 1.245228
 H -2.838777 -4.747042 5.556815
 H -2.787948 -4.098034 4.168350
 H -4.505058 -7.740298 -0.232012
 H -4.783130 -6.219733 -0.097559
 H -3.532430 -3.076223 -4.043983
 H -2.677196 -4.323102 -4.432762
 H 2.596484 -3.757586 -2.208144
 H 1.551250 -4.472098 -1.355343
 H -1.347646 3.364386 -2.377457
 H -1.636449 3.893411 -1.011367
 H -1.883637 -2.213610 1.034925
 H -0.420385 -2.355743 1.624024
 H 0.233275 -4.007958 3.903166
 H -0.910531 -4.721231 3.053528
 H 4.950514 -4.516256 -4.564804
 H 3.925068 -3.743094 -5.078626
 H 4.484535 5.157331 2.165313
 H 5.895015 4.524228 2.116207
 H 5.108906 -3.394170 5.095420
 H 4.741455 -4.775031 4.779835
 H -1.455599 -1.650231 -3.045980
 H -2.556789 -0.798942 -3.660700
 H -0.473930 3.906921 -4.736110
 H -0.937754 2.417445 -4.484844
 H 5.355121 2.207255 1.013244
 H 3.960799 1.875754 1.441238
 H 3.227535 1.231112 -2.653128
 H 2.745397 2.417938 -3.339296
 H -5.262207 3.735191 -6.566074
 H -4.940840 2.830767 -5.303740
 H 4.760515 -6.204248 0.179644
 H 5.640351 -5.056912 0.524275
 H -0.206606 -1.063532 -6.516691
 H 0.745163 0.245217 -6.211655
 H -2.474454 0.134446 -6.093176
 H -3.805335 0.421955 -5.348015
 H -0.166359 -0.357759 1.926958
 H 0.875484 -1.090486 0.830990
 H 5.393411 -2.088030 -4.014261
 H 6.324497 -3.001372 -3.386926
 H 4.496715 0.255221 -0.752940
 H 4.805937 -1.114341 -1.444305
 H 0.118225 5.256729 3.874985
 H -1.140384 4.385998 3.425301
 H -4.091262 -0.710948 -2.725542
 H -5.525569 -0.782968 -3.185338
 H -0.754360 -4.928162 -0.796588
 H -0.307361 -3.657135 -0.001230
 H 5.114449 4.431262 -7.849581
 H 5.549205 3.407834 -8.758093
 H 3.278828 6.115995 4.838533
 H 4.378260 5.424114 5.886562
 H -5.896903 5.121406 -2.760766
 H -5.383420 6.366848 -2.850237
 H -0.327319 1.524762 -1.754816
 H 0.903599 1.660233 -2.619199
 H -3.892794 -4.627704 -1.264223
 H -4.236436 -4.252872 0.233642
 H -3.480131 5.963392 1.765322
 H -3.691584 6.031076 3.319467
 H -3.456805 3.423361 3.631033
 H -2.313133 2.804112 4.531225
 H -2.583163 -0.921756 -1.226823
 H -2.878306 0.194276 -0.100424
 H -1.947662 -0.878271 4.459011
 H -2.130216 -2.228460 5.149326
 H 0.776320 2.222153 4.442800
 H -0.103899 2.762729 5.435874
 H -4.796399 1.845143 2.314553
 H -4.893454 2.391063 0.925032
 H 3.392146 6.219296 -1.508632
 H 4.362430 5.284160 -2.420718
 H 1.043585 -5.264724 -4.285958
 H 1.765559 -5.580185 -2.921262
 H -4.271598 4.434202 -4.308628
 H -2.829372 4.458823 -3.995805
 H 5.135957 1.086286 7.585095
 H 5.312013 1.372724 6.092725
 H -1.798456 1.758643 2.902968
 H -0.451767 1.764784 2.001437
 H 0.716654 -1.782939 -2.669501
 H 0.540640 -1.284465 -4.193306
 H -0.387875 -3.224908 -4.851605
 H -0.001360 -3.339552 -6.410478
 H 7.223954 -6.215962 4.988198
 H 6.415137 -5.576111 3.878127
 H 3.833901 -3.839479 1.343563
 H 3.805151 -2.463709 0.550113
 H 6.766818 -1.126515 2.887706
 H 5.695601 -1.526284 1.756571
 H 2.025480 4.010976 -5.132627
 H 1.983536 4.970460 -3.967961
 H -0.698153 -8.421470 1.150439
 H -1.421611 -7.102261 1.171350
 H -4.619341 -0.975775 -6.117742
 H -4.184147 -2.277397 -6.828877
 H -3.947649 1.782169 -1.360188
 H -4.917483 0.684612 -1.349534
 H 4.020939 3.445919 -4.441341
 H 5.478421 3.423580 -4.945513
 H 2.430790 -0.634495 -1.016910
 H 0.871140 -0.422153 -1.235426
 H -4.711565 -4.680173 2.708274
 H -6.018407 -4.465881 1.986427
 H 1.501213 3.492404 2.202124
 H 2.243944 2.654060 1.208775
K_POINTS
 1
0.0 0.0 0.0 1.0