
&control
    calculation='scf'
    pseudo_dir = './',
    outdir='./outputs',
    disk_io='high'
/
&system
    ibrav= 1, celldm(1)=20.000000, nat=  192, ntyp= 2,
    ecutwfc = 30.0, nosym=.true., occupations='smearing',
    smearing='m-v', degauss=0.025
/
&electrons
    conv_thr =  1.0d-8,
    mixing_beta = 0.7
/
&ions
    pot_extrapolation='second-order'
    wfc_extrapolation='second-order'
    ion_temperature = 'andersen'
    tempw = 1000

/
ATOMIC_SPECIES
 H  1.01  H.blyp-hgh.UPF
 O  16.0  O.blyp-hgh.UPF
ATOMIC_POSITIONS bohr
 O -5.700098 -1.674059 -0.213246
 O 3.469941 -2.141073 6.315815
 O -5.712956 6.961435 -5.782730
 O 1.974056 2.632742 -0.907245
 O -4.920115 1.077825 4.436883
 O 0.367074 5.975104 6.256713
 O -1.624386 -5.778160 -2.544204
 O 3.874521 1.266203 4.863812
 O -2.624253 -6.762433 5.783982
 O 1.652698 -2.506896 3.507610
 O 2.423838 -5.967639 2.148566
 O -2.935360 -3.857411 5.113481
 O -4.082281 -6.888081 -0.001302
 O -3.595469 -4.012443 -4.336937
 O 2.513973 -4.521849 -1.609478
 O -1.408213 3.053374 -1.472673
 O -1.235171 -2.893172 1.340751
 O -0.073912 -4.872217 3.531932
 O 4.212535 -3.981048 -4.180806
 O 4.941494 4.291975 2.060017
 O 5.076682 -3.962272 4.307913
 O -2.447325 -1.626024 -3.130214
 O -1.192089 3.267095 -4.869814
 O 4.657138 1.545986 0.833361
 O 3.140447 1.550596 -3.597741
 O -4.744775 3.696857 -5.724854
 O 4.767550 -5.420493 0.782465
 O 0.698346 -0.740358 -6.241516
 O -2.854492 0.614921 -5.337067
 O 0.610160 -0.971777 1.789909
 O 6.209141 -2.041144 -3.476397
 O 4.084089 -0.421961 -1.352771
 O -0.138865 4.419497 3.412154
 O -4.841374 -0.105305 -2.942846
 O -0.063144 -4.224198 -0.782208
 O 5.720936 3.656169 -7.830891
 O 4.076698 6.214952 5.385898
 O -6.105515 5.970770 -2.278891
 O 0.060347 1.180029 -2.587857
 O -4.605272 -4.235859 -0.691876
 O -3.044639 6.248887 2.613829
 O -2.624039 2.930991 3.622185
 O -2.438348 -0.665136 -0.281509
 O -1.702169 -1.333669 5.291670
 O 0.773264 2.344405 5.419159
 O -4.636264 2.693842 1.835257
 O 3.525986 5.316253 -1.910450
 O 0.958931 -5.776019 -3.455979
 O -3.685315 4.603241 -3.498932
 O 5.799101 1.376990 6.946756
 O -1.320363 1.305914 2.195845
 O 0.296756 -1.996940 -3.534581
 O 0.081782 -3.750598 -5.539255
 O 7.106920 -6.268324 4.010577
 O 3.926456 -2.877458 1.425848
 O 5.886262 -1.506153 2.711179
 O 1.752377 4.034228 -4.192856
 O -1.199615 -7.838720 0.559235
 O -4.449799 -1.351517 -6.998910
 O -4.638679 1.434936 -0.748204
 O 4.634875 3.955844 -5.009133
 O 1.541634 -1.029253 -0.849790
 O -5.095879 -4.147010 1.958209
 O 1.875796 2.590070 2.122087
 H -5.177311 -2.410182 -0.601402
 H -5.966246 -1.987949 0.671702
 H 2.922354 -1.339858 6.408597
 H 3.322637 -2.398033 5.387170
 H -5.907148 6.421154 -4.987418
 H -5.123848 7.644211 -5.389317
 H 2.286893 3.366182 -1.471603
 H 1.036233 2.893391 -0.726969
 H -5.426213 0.262517 4.530036
 H -3.994339 0.869556 4.369291
 H 0.101901 6.914453 6.397270
 H 0.924971 5.669365 6.990665
 H -2.512406 -6.060450 -2.860300
 H -1.049110 -6.571719 -2.450220
 H 3.489111 1.563023 4.015604
 H 4.137253 0.374231 4.560095
 H -3.182189 -7.371589 6.330313
 H -1.744785 -7.202759 5.800466
 H 1.324575 -1.679677 3.124782
 H 2.351649 -2.864131 2.935339
 H 1.495754 -5.792362 2.453037
 H 2.366495 -5.597566 1.245747
 H -2.832064 -4.745301 5.564083
 H -2.780733 -4.098555 4.169669
 H -4.503544 -7.737833 -0.231613
 H -4.780960 -6.222092 -0.098878
 H -3.527399 -3.073909 -4.050896
 H -2.676945 -4.319570 -4.437536
 H 2.594412 -3.762528 -2.208995
 H 1.550911 -4.471617 -1.354926
 H -1.348107 3.366403 -2.378152
 H -1.634626 3.891683 -1.010059
 H -1.886539 -2.217586 1.033497
 H -0.424196 -2.356742 1.626472
 H 0.228954 -4.009206 3.908118
 H -0.910526 -4.721716 3.053439
 H 4.951182 -4.511761 -4.563559
 H 3.920658 -3.736085 -5.074875
 H 4.489192 5.156273 2.167009
 H 5.899229 4.519319 2.115735
 H 5.110378 -3.393570 5.096724
 H 4.733739 -4.773759 4.778281
 H -1.455810 -1.647149 -3.043638
 H -2.556441 -0.796224 -3.661848
 H -0.477282 3.909570 -4.735457
 H -0.937921 2.416668 -4.484513
 H 5.357314 2.205068 1.009343
 H 3.966779 1.870572 1.443504
 H 3.241130 1.236606 -2.653745
 H 2.746333 2.418008 -3.339283
 H -5.265760 3.731279 -6.568331
 H -4.932897 2.828328 -5.309400
 H 4.757798 -6.198888 0.175711
 H 5.637832 -5.053095 0.523751
 H -0.205588 -1.067537 -6.510792
 H 0.742846 0.247326 -6.218872
 H -2.474737 0.133897 -6.093763
 H -3.805199 0.417270 -5.347251
 H -0.160342 -0.348508 1.923475
 H 0.878199 -1.092831 0.832129
 H 5.393800 -2.084653 -4.017240
 H 6.323388 -3.004067 -3.389247
 H 4.494870 0.254880 -0.751154
 H 4.806119 -1.113785 -1.443696
 H 0.121011 5.255994 3.871590
 H -1.147895 4.384678 3.423356
 H -4.089363 -0.714426 -2.735280
 H -5.528188 -0.780243 -3.185414
 H -0.747991 -4.935770 -0.792196
 H -0.306506 -3.661595 0.001563
 H 5.116216 4.428195 -7.853939
 H 5.553784 3.399920 -8.758688
 H 3.277180 6.115607 4.840236
 H 4.373766 5.417959 5.888317
 H -5.894916 5.121066 -2.760005
 H -5.388086 6.370070 -2.852015
 H -0.324398 1.527681 -1.753373
 H 0.902547 1.660791 -2.622272
 H -3.889707 -4.631132 -1.257146
 H -4.237118 -4.250238 0.232837
 H -3.482190 5.969142 1.764573
 H -3.690891 6.030375 3.319125
 H -3.457437 3.420391 3.638449
 H -2.308949 2.804505 4.531312
 H -2.584725 -0.920257 -1.223789
 H -2.885713 0.195177 -0.095599
 H -1.945858 -0.871214 4.461606
 H -2.135938 -2.223855 5.145217
 H 0.778517 2.216270 4.443426
 H -0.098040 2.766058 5.441460
 H -4.804126 1.842318 2.311970
 H -4.901526 2.396893 0.923889
 H 3.386989 6.223773 -1.515648
 H 4.363146 5.283828 -2.416681
 H 1.043241 -5.274932 -4.290519
 H 1.764722 -5.579488 -2.920004
 H -4.270563 4.436004 -4.315512
 H -2.831678 4.460077 -3.995727
 H 5.132465 1.089999 7.584536
 H 5.318406 1.373421 6.091754
 H -1.797331 1.756551 2.905949
 H -0.448497 1.765866 2.007705
 H 0.715424 -1.780831 -2.667669
 H 0.546160 -1.288807 -4.192178
 H -0.389015 -3.220753 -4.855505
 H -0.000121 -3.342766 -6.410868
 H 7.217757 -6.213952 4.988439
 H 6.410527 -5.576810 3.881978
 H 3.832804 -3.839296 1.342586
 H 3.802553 -2.465693 0.550498
 H 6.767961 -1.131202 2.885524
 H 5.689942 -1.521201 1.756847
 H 2.027759 4.010854 -5.133838
 H 1.981289 4.969711 -3.964848
 H -0.694143 -8.425746 1.146581
 H -1.413545 -7.105906 1.173746
 H -4.613961 -0.977832 -6.116264
 H -4.187480 -2.279679 -6.830015
 H -3.943811 1.776247 -1.358203
 H -4.920450 0.687323 -1.350978
 H 4.020118 3.449310 -4.436520
 H 5.480664 3.432930 -4.953314
 H 2.432572 -0.633497 -1.016692
 H 0.869488 -0.424691 -1.237829
 H -4.705890 -4.687646 2.699225
 H -6.019184 -4.470221 1.979790
 H 1.496006 3.486814 2.201524
 H 2.238538 2.657546 1.205302
K_POINTS
 1
0.0 0.0 0.0 1.0