
&control
    calculation='scf'
    pseudo_dir = './',
    outdir='./outputs',
    disk_io='high'
/
&system
    ibrav= 1, celldm(1)=20.000000, nat=  192, ntyp= 2,
    ecutwfc = 30.0, nosym=.true., occupations='smearing',
    smearing='m-v', degauss=0.025
/
&electrons
    conv_thr =  1.0d-8,
    mixing_beta = 0.7
/
&ions
    pot_extrapolation='second-order'
    wfc_extrapolation='second-order'
    ion_temperature = 'andersen'
    tempw = 1000

/
ATOMIC_SPECIES
 H  1.01  H.blyp-hgh.UPF
 O  16.0  O.blyp-hgh.UPF
ATOMIC_POSITIONS bohr
 O -5.700587 -1.675039 -0.211520
 O 3.472388 -2.138597 6.314862
 O -5.712198 6.962574 -5.782068
 O 1.975193 2.632679 -0.905916
 O -4.919468 1.079097 4.437154
 O 0.367079 5.975066 6.258303
 O -1.625635 -5.776106 -2.544357
 O 3.878458 1.265105 4.864989
 O -2.621843 -6.761934 5.786693
 O 1.652228 -2.507903 3.506945
 O 2.421966 -5.964877 2.147785
 O -2.934352 -3.860743 5.115548
 O -4.079182 -6.887457 -0.000094
 O -3.595018 -4.011641 -4.338089
 O 2.514561 -4.524276 -1.606477
 O -1.405980 3.052322 -1.473382
 O -1.235688 -2.892635 1.338731
 O -0.074351 -4.871432 3.531096
 O 4.212536 -3.979991 -4.177392
 O 4.942759 4.291935 2.058008
 O 5.076753 -3.962413 4.309785
 O -2.446921 -1.623165 -3.131389
 O -1.193238 3.267066 -4.870328
 O 4.659036 1.544374 0.829295
 O 3.141874 1.550118 -3.598499
 O -4.747464 3.697793 -5.728100
 O 4.767616 -5.420642 0.784575
 O 0.699374 -0.738936 -6.241482
 O -2.855389 0.615442 -5.337419
 O 0.609391 -0.972356 1.790525
 O 6.208916 -2.043658 -3.474788
 O 4.082856 -0.423373 -1.351646
 O -0.141969 4.420777 3.408534
 O -4.841407 -0.106785 -2.940584
 O -0.063498 -4.225199 -0.782345
 O 5.722392 3.652184 -7.831303
 O 4.077011 6.211455 5.385597
 O -6.107837 5.971977 -2.280774
 O 0.061098 1.178843 -2.586957
 O -4.607639 -4.235612 -0.690542
 O -3.044610 6.251308 2.612241
 O -2.621638 2.931562 3.623314
 O -2.440325 -0.660753 -0.280313
 O -1.701564 -1.333248 5.290193
 O 0.775707 2.343394 5.418270
 O -4.638682 2.690462 1.834949
 O 3.524924 5.317337 -1.909763
 O 0.957989 -5.776474 -3.455534
 O -3.689511 4.602907 -3.500863
 O 5.800465 1.378458 6.949060
 O -1.319269 1.307699 2.194930
 O 0.296675 -1.999015 -3.533847
 O 0.080283 -3.751220 -5.538779
 O 7.105951 -6.265205 4.010502
 O 3.926972 -2.877387 1.427235
 O 5.885571 -1.506467 2.710731
 O 1.753075 4.035136 -4.194858
 O -1.195788 -7.840700 0.557437
 O -4.449997 -1.352033 -6.998023
 O -4.639604 1.435660 -0.748298
 O 4.630764 3.956586 -5.010817
 O 1.541733 -1.027683 -0.847726
 O -5.097848 -4.147059 1.958221
 O 1.876988 2.588713 2.121033
 H -5.178481 -2.408080 -0.603083
 H -5.968038 -1.993408 0.671751
 H 2.921874 -1.338432 6.404739
 H 3.325160 -2.397039 5.388220
 H -5.913390 6.421090 -4.988699
 H -5.119860 7.647086 -5.393429
 H 2.288369 3.367338 -1.467827
 H 1.038929 2.897215 -0.726915
 H -5.426915 0.264373 4.533196
 H -3.993546 0.871777 4.366873
 H 0.101818 6.914534 6.399207
 H 0.925726 5.673816 6.993632
 H -2.512456 -6.061747 -2.864112
 H -1.059608 -6.576379 -2.446277
 H 3.486760 1.561128 4.017568
 H 4.137307 0.373771 4.557269
 H -3.177588 -7.374346 6.333602
 H -1.744922 -7.205896 5.799088
 H 1.326380 -1.682791 3.125454
 H 2.353798 -2.864462 2.934073
 H 1.492140 -5.797295 2.452324
 H 2.361334 -5.593550 1.246270
 H -2.825347 -4.743420 5.571297
 H -2.773576 -4.099058 4.171067
 H -4.501985 -7.735347 -0.231198
 H -4.778858 -6.224389 -0.100304
 H -3.522243 -3.071630 -4.057764
 H -2.676669 -4.316035 -4.442275
 H 2.592463 -3.767451 -2.209904
 H 1.550497 -4.471107 -1.354371
 H -1.348560 3.368338 -2.379136
 H -1.632792 3.889880 -1.008509
 H -1.889348 -2.221568 1.032012
 H -0.428230 -2.357771 1.628895
 H 0.224673 -4.010490 3.912846
 H -0.910489 -4.722142 3.053316
 H 4.951879 -4.507384 -4.562068
 H 3.915889 -3.728755 -5.071177
 H 4.493816 5.155189 2.168684
 H 5.903358 4.514388 2.115239
 H 5.111983 -3.392783 5.097951
 H 4.726037 -4.772502 4.776594
 H -1.455962 -1.644202 -3.041339
 H -2.556075 -0.793554 -3.663058
 H -0.480456 3.912164 -4.734760
 H -0.938000 2.415799 -4.484101
 H 5.359520 2.202857 1.005381
 H 3.972740 1.865333 1.445743
 H 3.254845 1.241933 -2.654620
 H 2.747221 2.418108 -3.339548
 H -5.269406 3.727295 -6.570581
 H -4.924965 2.825839 -5.315207
 H 4.754965 -6.193512 0.171849
 H 5.635274 -5.049177 0.523175
 H -0.204447 -1.071318 -6.504932
 H 0.740413 0.249315 -6.226184
 H -2.475023 0.133205 -6.094363
 H -3.805093 0.412673 -5.346456
 H -0.154159 -0.339304 1.919814
 H 0.880899 -1.094986 0.833317
 H 5.394096 -2.081177 -4.020251
 H 6.322400 -3.006775 -3.391419
 H 4.492956 0.254472 -0.749370
 H 4.806133 -1.113031 -1.443052
 H 0.123699 5.255185 3.868157
 H -1.155076 4.383410 3.421406
 H -4.087572 -0.717779 -2.745010
 H -5.530781 -0.777448 -3.185446
 H -0.741523 -4.943246 -0.787904
 H -0.305718 -3.666099 0.004325
 H 5.118087 4.425138 -7.858181
 H 5.558468 3.391865 -8.759305
 H 3.275510 6.115038 4.842022
 H 4.369035 5.411825 5.890065
 H -5.893157 5.120623 -2.758935
 H -5.392863 6.373555 -2.853479
 H -0.321592 1.530623 -1.752020
 H 0.901597 1.661330 -2.625390
 H -3.886751 -4.634440 -1.249943
 H -4.237912 -4.247558 0.231973
 H -3.484212 5.974888 1.763910
 H -3.690265 6.029668 3.318767
 H -3.458207 3.417431 3.645849
 H -2.304880 2.804994 4.531531
 H -2.586303 -0.918684 -1.220644
 H -2.893131 0.195939 -0.090873
 H -1.943957 -0.864162 4.464238
 H -2.141606 -2.219217 5.141264
 H 0.780934 2.210350 4.444099
 H -0.092270 2.769519 5.447279
 H -4.811811 1.839657 2.309476
 H -4.909426 2.402780 0.922763
 H 3.381917 6.228146 -1.522911
 H 4.363805 5.283674 -2.412562
 H 1.042895 -5.285005 -4.294967
 H 1.763877 -5.578687 -2.918765
 H -4.269464 4.437835 -4.322161
 H -2.834041 4.461278 -3.995434
 H 5.128860 1.093697 7.584086
 H 5.324755 1.374234 6.090744
 H -1.796288 1.754696 2.908932
 H -0.445536 1.766848 2.014143
 H 0.714218 -1.778738 -2.665925
 H 0.551698 -1.293254 -4.190963
 H -0.390006 -3.216583 -4.859476
 H 0.001105 -3.345848 -6.411263
 H 7.211538 -6.211935 4.988678
 H 6.405970 -5.577539 3.885873
 H 3.831737 -3.839192 1.341476
 H 3.799881 -2.467801 0.550876
 H 6.769100 -1.135908 2.883185
 H 5.684218 -1.515992 1.757323
 H 2.030021 4.010551 -5.135053
 H 1.978951 4.968939 -3.961542
 H -0.690129 -8.430063 1.142725
 H -1.405536 -7.109561 1.176093
 H -4.608642 -0.979937 -6.114784
 H -4.190833 -2.282007 -6.831192
 H -3.940005 1.770459 -1.356071
 H -4.923543 0.690041 -1.352350
 H 4.019335 3.452715 -4.431769
 H 5.482677 3.442316 -4.961239
 H 2.434438 -0.632521 -1.016494
 H 0.867925 -0.427171 -1.240235
 H -4.700185 -4.694995 2.689992
 H -6.019973 -4.474405 1.973216
 H 1.490775 3.481281 2.201101
 H 2.233094 2.660939 1.201826
K_POINTS
 1
0.0 0.0 0.0 1.0