
&control
    calculation='scf'
    pseudo_dir = './',
    outdir='./outputs',
    disk_io='high'
/
&system
    ibrav= 1, celldm(1)=20.000000, nat=  192, ntyp= 2,
    ecutwfc = 30.0, nosym=.true., occupations='smearing',
    smearing='m-v', degauss=0.025
/
&electrons
    conv_thr =  1.0d-8,
    mixing_beta = 0.7
/
&ions
    pot_extrapolation='second-order'
    wfc_extrapolation='second-order'
    ion_temperature = 'andersen'
    tempw = 1000

/
ATOMIC_SPECIES
 H  1.01  H.blyp-hgh.UPF
 O  16.0  O.blyp-hgh.UPF
ATOMIC_POSITIONS bohr
 O -5.701604 -1.676956 -0.208105
 O 3.477331 -2.133635 6.312946
 O -5.710699 6.964864 -5.780647
 O 1.977395 2.632573 -0.903242
 O -4.918284 1.081791 4.437646
 O 0.367063 5.974929 6.261387
 O -1.628182 -5.772013 -2.544659
 O 3.886322 1.262828 4.867261
 O -2.617044 -6.760994 5.792158
 O 1.651326 -2.510068 3.505795
 O 2.418126 -5.959349 2.146215
 O -2.932315 -3.867458 5.119638
 O -4.072961 -6.886248 0.002362
 O -3.594182 -4.010037 -4.340398
 O 2.515712 -4.529129 -1.600456
 O -1.401541 3.050256 -1.474788
 O -1.236695 -2.891568 1.334730
 O -0.075217 -4.869901 3.529465
 O 4.212638 -3.977948 -4.170641
 O 4.945355 4.291864 2.053970
 O 5.076855 -3.962764 4.313598
 O -2.446125 -1.617365 -3.133759
 O -1.195630 3.267076 -4.871389
 O 4.662840 1.541161 0.821178
 O 3.144719 1.549207 -3.599827
 O -4.752842 3.699674 -5.734594
 O 4.767833 -5.421005 0.788732
 O 0.701485 -0.736070 -6.241336
 O -2.857160 0.616514 -5.338075
 O 0.607779 -0.973464 1.791748
 O 6.208336 -2.048825 -3.471660
 O 4.080509 -0.426203 -1.349370
 O -0.148293 4.423347 3.401302
 O -4.841370 -0.109713 -2.936042
 O -0.064210 -4.227233 -0.782582
 O 5.725271 3.644243 -7.832116
 O 4.077679 6.204472 5.385010
 O -6.112330 5.974307 -2.284770
 O 0.062585 1.176410 -2.585137
 O -4.612270 -4.235163 -0.687919
 O -3.044489 6.256150 2.609017
 O -2.616774 2.932714 3.625635
 O -2.444249 -0.651986 -0.277899
 O -1.700395 -1.332441 5.287149
 O 0.780575 2.341324 5.416416
 O -4.643622 2.683624 1.834286
 O 3.522757 5.319476 -1.908340
 O 0.956160 -5.777457 -3.454671
 O -3.697887 4.602256 -3.504883
 O 5.803261 1.381371 6.953671
 O -1.316869 1.311158 2.192965
 O 0.296501 -2.003096 -3.532352
 O 0.077257 -3.752554 -5.537814
 O 7.103972 -6.258927 4.010372
 O 3.927986 -2.877160 1.430032
 O 5.884175 -1.507070 2.709915
 O 1.754500 4.036976 -4.198919
 O -1.188111 -7.844591 0.553894
 O -4.450427 -1.353105 -6.996248
 O -4.641389 1.437105 -0.748557
 O 4.622607 3.958094 -5.014135
 O 1.541826 -1.024562 -0.843599
 O -5.101767 -4.147234 1.958292
 O 1.879373 2.586011 2.118853
 H -5.180861 -2.404068 -0.606267
 H -5.971120 -2.004707 0.671514
 H 2.920614 -1.335660 6.397098
 H 3.329920 -2.395075 5.389989
 H -5.925911 6.420791 -4.991611
 H -5.111522 7.652845 -5.401812
 H 2.291643 3.370050 -1.460102
 H 1.044599 2.904747 -0.726938
 H -5.428114 0.267628 4.539608
 H -3.991343 0.875708 4.362060
 H 0.101811 6.914690 6.403357
 H 0.927020 5.682963 6.999711
 H -2.512229 -6.064701 -2.871493
 H -1.080912 -6.585247 -2.438667
 H 3.481955 1.557885 4.021744
 H 4.137501 0.372567 4.551906
 H -3.168291 -7.379579 6.339791
 H -1.745117 -7.211757 5.796389
 H 1.330000 -1.688628 3.126171
 H 2.358200 -2.864854 2.931270
 H 1.485211 -5.807131 2.451128
 H 2.351285 -5.585585 1.247303
 H -2.811903 -4.739309 5.585551
 H -2.759453 -4.100038 4.174161
 H -4.498728 -7.730365 -0.230323
 H -4.774886 -6.228733 -0.103474
 H -3.511587 -3.067174 -4.071358
 H -2.676009 -4.308992 -4.451660
 H 2.588957 -3.777246 -2.211895
 H 1.549451 -4.470022 -1.352829
 H -1.349451 3.371941 -2.381913
 H -1.629084 3.886026 -1.004689
 H -1.894724 -2.229485 1.028855
 H -0.436906 -2.359849 1.633673
 H 0.216249 -4.013140 3.921630
 H -0.910365 -4.722809 3.052943
 H 4.953358 -4.498986 -4.558387
 H 3.905346 -3.713198 -5.063803
 H 4.502927 5.153034 2.171976
 H 5.911271 4.504452 2.114169
 H 5.115594 -3.390678 5.100172
 H 4.710695 -4.770019 4.772842
 H -1.456091 -1.638708 -3.036879
 H -2.555267 -0.788352 -3.665663
 H -0.486277 3.917167 -4.733236
 H -0.937905 2.413858 -4.483056
 H 5.363976 2.198373 0.997267
 H 3.984584 1.854682 1.450135
 H 3.282613 1.252064 -2.657119
 H 2.748857 2.418362 -3.340922
 H -5.276977 3.719122 -6.575102
 H -4.909136 2.820719 -5.327249
 H 4.748950 -6.182735 0.164324
 H 5.630044 -5.041044 0.521862
 H -0.201785 -1.078201 -6.493342
 H 0.735197 0.252919 -6.241074
 H -2.475612 0.131422 -6.095559
 H -3.804972 0.403751 -5.344765
 H -0.141292 -0.321069 1.911964
 H 0.886246 -1.098714 0.835856
 H 5.394504 -2.073949 -4.026298
 H 6.320762 -3.012241 -3.395321
 H 4.488905 0.253428 -0.745820
 H 4.805672 -1.110957 -1.441658
 H 0.128739 5.253348 3.861180
 H -1.168278 4.381059 3.417501
 H -4.084331 -0.724115 -2.764421
 H -5.535883 -0.771675 -3.185372
 H -0.728300 -4.957791 -0.779623
 H -0.304349 -3.675228 0.009750
 H 5.122153 4.419035 -7.866325
 H 5.568152 3.375358 -8.760560
 H 3.272110 6.113358 4.845841
 H 4.358846 5.399684 5.893511
 H -5.890318 5.119474 -2.755860
 H -5.402726 6.381320 -2.855500
 H -0.316313 1.536555 -1.749621
 H 0.900033 1.662360 -2.631770
 H -3.881307 -4.640659 -1.235161
 H -4.239849 -4.242050 0.230158
 H -3.488150 5.986346 1.762804
 H -3.689169 6.028253 3.317970
 H -3.460115 3.411511 3.660588
 H -2.297063 2.806248 4.532390
 H -2.589536 -0.915304 -1.214067
 H -2.908001 0.197042 -0.081737
 H -1.939866 -0.850077 4.469578
 H -2.152785 -2.209864 5.133820
 H 0.786382 2.198421 4.445555
 H -0.081022 2.776842 5.459572
 H -4.827052 1.834786 2.304747
 H -4.924702 2.414694 0.920562
 H 3.372029 6.236567 -1.538160
 H 4.364961 5.283898 -2.404094
 H 1.042212 -5.304709 -4.303530
 H 1.762136 -5.576779 -2.916386
 H -4.267100 4.441578 -4.334732
 H -2.838932 4.463520 -3.994191
 H 5.121349 1.101070 7.583468
 H 5.337331 1.376207 6.088634
 H -1.794415 1.751655 2.914855
 H -0.440536 1.768517 2.027506
 H 0.711855 -1.774625 -2.662740
 H 0.562816 -1.302437 -4.188299
 H -0.391556 -3.208203 -4.867591
 H 0.003522 -3.351610 -6.412105
 H 7.199070 -6.207901 4.989173
 H 6.396993 -5.579046 3.893748
 H 3.829703 -3.839213 1.338876
 H 3.794322 -2.472372 0.551632
 H 6.771376 -1.145367 2.878033
 H 5.672591 -1.505197 1.758869
 H 2.034500 4.009432 -5.137490
 H 1.974022 4.967362 -3.954377
 H -0.682094 -8.438824 1.135008
 H -1.389699 -7.116907 1.180620
 H -4.598205 -0.984271 -6.111772
 H -4.197606 -2.286779 -6.833674
 H -3.932478 1.759305 -1.351369
 H -4.930111 0.695483 -1.354881
 H 4.017930 3.459554 -4.422489
 H 5.485964 3.461171 -4.977424
 H 2.438343 -0.630657 -1.016156
 H 0.865085 -0.431949 -1.245034
 H -4.688735 -4.709322 2.670987
 H -6.021556 -4.482325 1.960296
 H 1.480212 3.470446 2.200811
 H 2.222120 2.667423 1.194867
K_POINTS
 1
0.0 0.0 0.0 1.0