
&control
    calculation='scf'
    pseudo_dir = './',
    outdir='./outputs',
    disk_io='high'
/
&system
    ibrav= 1, celldm(1)=20.000000, nat=  192, ntyp= 2,
    ecutwfc = 30.0, nosym=.true., occupations='smearing',
    smearing='m-v', degauss=0.025
/
&electrons
    conv_thr =  1.0d-8,
    mixing_beta = 0.7
/
&ions
    pot_extrapolation='second-order'
    wfc_extrapolation='second-order'
    ion_temperature = 'andersen'
    tempw = 1000

/
ATOMIC_SPECIES
 H  1.01  H.blyp-hgh.UPF
 O  16.0  O.blyp-hgh.UPF
ATOMIC_POSITIONS bohr
 O -5.703836 -1.680579 -0.201393
 O 3.487401 -2.123636 6.309135
 O -5.707756 6.969510 -5.777433
 O 1.981540 2.632460 -0.897832
 O -4.916336 1.087746 4.438430
 O 0.366934 5.974429 6.267188
 O -1.633515 -5.763982 -2.545270
 O 3.901972 1.257984 4.871409
 O -2.607570 -6.759375 5.803278
 O 1.649787 -2.515128 3.504200
 O 2.410042 -5.948285 2.143066
 O -2.928150 -3.881001 5.127591
 O -4.060437 -6.883985 0.007447
 O -3.592752 -4.006790 -4.345046
 O 2.517880 -4.538791 -1.588360
 O -1.392771 3.046317 -1.477616
 O -1.238635 -2.889583 1.326890
 O -0.076884 -4.867031 3.526382
 O 4.213163 -3.974083 -4.157554
 O 4.950911 4.291685 2.045805
 O 5.076887 -3.963734 4.321479
 O -2.444590 -1.605447 -3.138570
 O -1.200754 3.267311 -4.873618
 O 4.670475 1.534769 0.805016
 O 3.150378 1.547599 -3.601757
 O -4.763594 3.703445 -5.747564
 O 4.768589 -5.421958 0.796809
 O 0.705930 -0.730253 -6.240737
 O -2.860593 0.618743 -5.339236
 O 0.604260 -0.975468 1.794141
 O 6.206603 -2.059663 -3.465823
 O 4.076276 -0.431831 -1.344702
 O -0.161470 4.428484 3.386859
 O -4.840879 -0.115426 -2.926903
 O -0.065635 -4.231441 -0.782908
 O 5.730880 3.628483 -7.833734
 O 4.079174 6.190484 5.383908
 O -6.120745 5.978582 -2.293633
 O 0.065474 1.171314 -2.581386
 O -4.621051 -4.234489 -0.682926
 O -3.044039 6.265830 2.602450
 O -2.606876 2.935110 3.630537
 O -2.451950 -0.634465 -0.272910
 O -1.698205 -1.330950 5.280741
 O 0.790283 2.336981 5.412471
 O -4.653911 2.669709 1.832779
 O 3.518240 5.323634 -1.905292
 O 0.952730 -5.779733 -3.453022
 O -3.714559 4.601031 -3.513556
 O 5.809082 1.387084 6.962904
 O -1.311278 1.317666 2.188579
 O 0.296133 -2.010977 -3.529185
 O 0.071110 -3.755589 -5.535855
 O 7.099849 -6.246237 4.010198
 O 3.929920 -2.876400 1.435674
 O 5.881316 -1.508190 2.708615
 O 1.757447 4.040692 -4.207247
 O -1.172659 -7.852096 0.547050
 O -4.451410 -1.355446 -6.992727
 O -4.644718 1.439975 -0.749348
 O 4.606558 3.961248 -5.020600
 O 1.541647 -1.018374 -0.835367
 O -5.109504 -4.147877 1.958595
 O 1.884154 2.580631 2.114186
 H -5.185580 -2.397076 -0.612100
 H -5.975334 -2.028813 0.669734
 H 2.917029 -1.330571 6.382212
 H 3.338313 -2.391471 5.391746
 H -5.950812 6.419911 -4.998832
 H -5.093818 7.663795 -5.419043
 H 2.299656 3.377066 -1.444043
 H 1.056675 2.919286 -0.727391
 H -5.429470 0.272515 4.552742
 H -3.984812 0.881534 4.352540
 H 0.102309 6.914918 6.412602
 H 0.928775 5.701982 7.012334
 H -2.510487 -6.071567 -2.885200
 H -1.124459 -6.600949 -2.424420
 H 3.472151 1.553539 4.031572
 H 4.138366 0.368873 4.542394
 H -3.149394 -7.388676 6.350455
 H -1.744891 -7.221837 5.791156
 H 1.336883 -1.697868 3.124780
 H 2.366905 -2.864365 2.925050
 H 1.472699 -5.826616 2.449622
 H 2.332294 -5.569836 1.249123
 H -2.784976 -4.730207 5.613282
 H -2.732071 -4.102082 4.181935
 H -4.491640 -7.720787 -0.228455
 H -4.768005 -6.236050 -0.111060
 H -3.489173 -3.058669 -4.097897
 H -2.674098 -4.295292 -4.470113
 H 2.583669 -3.796727 -2.216522
 H 1.546606 -4.467749 -1.347908
 H -1.351208 3.377880 -2.390107
 H -1.621457 3.877178 -0.994290
 H -1.904752 -2.244656 1.021676
 H -0.456171 -2.363574 1.643067
 H 0.200049 -4.018541 3.936568
 H -0.910195 -4.723354 3.051553
 H 4.956630 -4.483619 -4.548534
 H 3.880869 -3.678982 -5.048142
 H 4.520384 5.149411 2.178363
 H 5.925181 4.484302 2.111698
 H 5.124373 -3.384584 5.103681
 H 4.680416 -4.765024 4.763990
 H -1.455687 -1.629262 -3.028578
 H -2.553217 -0.778437 -3.671639
 H -0.495952 3.926261 -4.729686
 H -0.936831 2.409732 -4.480307
 H 5.373113 2.189189 0.980245
 H 4.007854 1.832701 1.458526
 H 3.339354 1.270135 -2.664908
 H 2.751582 2.418833 -3.347057
 H -5.293264 3.702082 -6.584422
 H -4.877638 2.810048 -5.352946
 H 4.735537 -6.161277 0.149961
 H 5.619131 -5.023642 0.518558
 H -0.194922 -1.089200 -6.470780
 H 0.723416 0.258602 -6.271791
 H -2.476957 0.126464 -6.097616
 H -3.805087 0.387066 -5.340932
 H -0.113625 -0.285544 1.894251
 H 0.896698 -1.103798 0.841689
 H 5.395225 -2.058596 -4.038018
 H 6.318691 -3.023405 -3.401441
 H 4.479847 0.250335 -0.738868
 H 4.803021 -1.104858 -1.438489
 H 0.137221 5.248890 3.846841
 H -1.189176 4.377308 3.409742
 H -4.079323 -0.735327 -2.802868
 H -5.545745 -0.759574 -3.184642
 H -0.700798 -4.985240 -0.764275
 H -0.302454 -3.693879 0.020193
 H 5.131650 4.406770 -7.881316
 H 5.588775 3.340921 -8.762773
 H 3.265094 6.107873 4.854504
 H 4.335526 5.376296 5.900050
 H -5.887269 5.116393 -2.745967
 H -5.423457 6.400086 -2.856222
 H -0.307012 1.548445 -1.746318
 H 0.898348 1.664200 -2.645136
 H -3.872720 -4.651316 -1.204211
 H -4.245161 -4.230347 0.226818
 H -3.495626 6.008960 1.761181
 H -3.687320 6.025579 3.315808
 H -3.464984 3.399394 3.689709
 H -2.282570 2.809771 4.535866
 H -2.596495 -0.907595 -1.200159
 H -2.937907 0.197584 -0.064877
 H -1.930562 -0.821957 4.480341
 H -2.174529 -2.190982 5.120745
 H 0.799390 2.174333 4.448699
 H -0.059695 2.793063 5.486435
 H -4.857052 1.826539 2.296331
 H -4.953110 2.438845 0.916366
 H 3.353254 6.252084 -1.571409
 H 4.366736 5.286452 -2.386360
 H 1.041014 -5.342136 -4.319308
 H 1.758272 -5.571773 -2.912282
 H -4.261973 4.449359 -4.356912
 H -2.849311 4.467347 -3.989015
 H 5.105438 1.115919 7.582978
 H 5.362050 1.381493 6.084347
 H -1.791253 1.747878 2.926069
 H -0.433968 1.770791 2.056006
 H 0.707171 -1.766920 -2.657844
 H 0.585159 -1.321768 -4.182230
 H -0.393067 -3.191251 -4.884211
 H 0.008234 -3.361520 -6.414147
 H 7.174258 -6.199942 4.990403
 H 6.379462 -5.581980 3.909506
 H 3.826094 -3.840065 1.332358
 H 3.782377 -2.482798 0.553258
 H 6.776007 -1.164393 2.865858
 H 5.648732 -1.482115 1.764188
 H 2.043357 4.005397 -5.142395
 H 1.963303 4.964325 -3.938021
 H -0.666076 -8.456848 1.119430
 H -1.358803 -7.131769 1.188883
 H -4.578190 -0.993307 -6.105249
 H -4.211458 -2.296609 -6.839202
 H -3.917674 1.738777 -1.340280
 H -4.944741 0.706306 -1.359106
 H 4.016088 3.473248 -4.404914
 H 5.489353 3.499015 -5.010850
 H 2.446313 -0.627464 -1.015670
 H 0.860718 -0.440760 -1.254478
 H -4.665993 -4.736469 2.630937
 H -6.024530 -4.496495 1.935640
 H 1.458537 3.450019 2.202621
 H 2.200016 2.679023 1.180956
K_POINTS
 1
0.0 0.0 0.0 1.0