
&control
    calculation='scf'
    pseudo_dir = './',
    outdir='./outputs',
    disk_io='high'
/
&system
    ibrav= 1, celldm(1)=20.000000, nat=  192, ntyp= 2,
    ecutwfc = 30.0, nosym=.true., occupations='smearing',
    smearing='m-v', degauss=0.025
/
&electrons
    conv_thr =  1.0d-8,
    mixing_beta = 0.7
/
&ions
    pot_extrapolation='second-order'
    wfc_extrapolation='second-order'
    ion_temperature = 'andersen'
    tempw = 1000

/
ATOMIC_SPECIES
 H  1.01  H.blyp-hgh.UPF
 O  16.0  O.blyp-hgh.UPF
ATOMIC_POSITIONS bohr
 O -5.705063 -1.682270 -0.198081
 O 3.492511 -2.118578 6.307261
 O -5.706303 6.971882 -5.775653
 O 1.983504 2.632463 -0.895106
 O -4.915550 1.090979 4.438725
 O 0.366831 5.974084 6.269922
 O -1.636323 -5.760093 -2.545591
 O 3.909735 1.255430 4.873247
 O -2.602906 -6.758709 5.808942
 O 1.649206 -2.518074 3.503737
 O 2.405793 -5.942756 2.141502
 O -2.926023 -3.887775 5.131433
 O -4.054136 -6.882915 0.010074
 O -3.592146 -4.005125 -4.347382
 O 2.518873 -4.543578 -1.582301
 O -1.388443 3.044471 -1.479080
 O -1.239590 -2.888734 1.323050
 O -0.077679 -4.865716 3.524930
 O 4.213530 -3.972222 -4.151274
 O 4.953914 4.291531 2.041675
 O 5.076811 -3.964343 4.325540
 O -2.443850 -1.599343 -3.141008
 O -1.203457 3.267508 -4.874767
 O 4.674302 1.531587 0.796982
 O 3.153198 1.546921 -3.602376
 O -4.768969 3.705316 -5.754031
 O 4.769124 -5.422528 0.800736
 O 0.708263 -0.727306 -6.240287
 O -2.862253 0.619881 -5.339769
 O 0.602359 -0.976356 1.795301
 O 6.205424 -2.065304 -3.463139
 O 4.074369 -0.434593 -1.342306
 O -0.168347 4.431029 3.379641
 O -4.840427 -0.118200 -2.922316
 O -0.066337 -4.233617 -0.782995
 O 5.733610 3.620659 -7.834563
 O 4.079997 6.183448 5.383395
 O -6.124697 5.980510 -2.298462
 O 0.066873 1.168665 -2.579440
 O -4.625176 -4.234282 -0.680596
 O -3.043728 6.270667 2.599153
 O -2.601893 2.936384 3.633126
 O -2.455711 -0.625718 -0.270298
 O -1.697175 -1.330256 5.277397
 O 0.795134 2.334706 5.410423
 O -4.659258 2.662671 1.831939
 O 3.515884 5.325654 -1.903668
 O 0.951133 -5.781029 -3.452215
 O -3.722846 4.600462 -3.518204
 O 5.812071 1.389872 6.967532
 O -1.308139 1.320733 2.186211
 O 0.295954 -2.014776 -3.527483
 O 0.067994 -3.757287 -5.534881
 O 7.097705 -6.239841 4.010164
 O 3.930831 -2.875894 1.438495
 O 5.879848 -1.508710 2.708137
 O 1.758952 4.042532 -4.211496
 O -1.164878 -7.855709 0.543768
 O -4.451956 -1.356739 -6.990996
 O -4.646268 1.441397 -0.749873
 O 4.598662 3.962918 -5.023767
 O 1.541405 -1.015297 -0.831275
 O -5.113311 -4.148336 1.958812
 O 1.886548 2.577949 2.111692
 H -5.187817 -2.394211 -0.614851
 H -5.976517 -2.041595 0.668250
 H 2.914790 -1.328344 6.375017
 H 3.341964 -2.389942 5.391546
 H -5.963029 6.419537 -5.003119
 H -5.084698 7.668645 -5.427780
 H 2.304474 3.381323 -1.435721
 H 1.062831 2.926271 -0.727751
 H -5.429486 0.274300 4.559422
 H -3.980810 0.883473 4.347853
 H 0.102743 6.914958 6.417592
 H 0.929259 5.711700 7.018806
 H -2.509031 -6.075205 -2.891506
 H -1.146505 -6.607681 -2.417703
 H 3.467282 1.552393 4.037476
 H 4.139095 0.366337 4.538276
 H -3.139868 -7.392451 6.354880
 H -1.744312 -7.226066 5.788587
 H 1.339974 -1.700920 3.122561
 H 2.370932 -2.863395 2.921891
 H 1.467177 -5.836220 2.449288
 H 2.323348 -5.562007 1.249813
 H -2.771483 -4.725517 5.626736
 H -2.718860 -4.103261 4.186782
 H -4.487803 -7.716430 -0.227495
 H -4.765109 -6.238877 -0.115449
 H -3.477575 -3.054631 -4.110799
 H -2.672795 -4.288784 -4.479210
 H 2.581964 -3.806490 -2.219104
 H 1.544903 -4.466642 -1.344485
 H -1.352102 3.380095 -2.395099
 H -1.617505 3.872103 -0.987806
 H -1.909548 -2.251665 1.017592
 H -0.466428 -2.364912 1.647765
 H 0.192336 -4.021149 3.942767
 H -0.910290 -4.723214 3.050466
 H 4.958400 -4.476643 -4.542568
 H 3.867344 -3.660644 -5.039283
 H 4.528630 5.148256 2.181484
 H 5.930945 4.474113 2.110290
 H 5.129506 -3.380763 5.104955
 H 4.665562 -4.762422 4.758999
 H -1.455208 -1.625271 -3.024779
 H -2.551898 -0.773674 -3.675022
 H -0.499915 3.930235 -4.727678
 H -0.935943 2.407888 -4.478740
 H 5.377819 2.184522 0.971320
 H 4.019243 1.821372 1.462485
 H 3.368233 1.278051 -2.670072
 H 2.752676 2.418929 -3.351788
 H -5.301970 3.693285 -6.589307
 H -4.861974 2.804623 -5.366561
 H 4.728149 -6.150692 0.143065
 H 5.613434 -5.014417 0.516551
 H -0.190747 -1.093324 -6.459868
 H 0.716887 0.260692 -6.287539
 H -2.477771 0.123414 -6.098289
 H -3.805297 0.379350 -5.338764
 H -0.098873 -0.268382 1.884457
 H 0.901797 -1.105151 0.845015
 H 5.395888 -2.050609 -4.043424
 H 6.318160 -3.029108 -3.403713
 H 4.474822 0.248264 -0.735478
 H 4.801031 -1.101077 -1.436745
 H 0.140542 5.246340 3.839526
 H -1.196564 4.376011 3.405925
 H -4.077598 -0.740228 -2.821803
 H -5.550499 -0.753346 -3.183974
 H -0.686589 -4.998162 -0.757212
 H -0.301937 -3.703341 0.025205
 H 5.137094 4.400569 -7.888209
 H 5.599701 3.323110 -8.763506
 H 3.261500 6.104105 4.859360
 H 4.322409 5.365235 5.903086
 H -5.886976 5.114595 -2.739200
 H -5.434157 6.411102 -2.855147
 H -0.302950 1.554320 -1.745538
 H 0.898226 1.664969 -2.652130
 H -3.869742 -4.655687 -1.188169
 H -4.248554 -4.224098 0.225665
 H -3.499193 6.020018 1.760484
 H -3.686405 6.024408 3.314308
 H -3.467658 3.393028 3.704015
 H -2.275817 2.811996 4.538497
 H -2.600328 -0.903278 -1.193079
 H -2.952973 0.197064 -0.057211
 H -1.925373 -0.807922 4.485641
 H -2.185119 -2.181528 5.115078
 H 0.806737 2.162263 4.450262
 H -0.049513 2.801871 5.500785
 H -4.871840 1.822959 2.292649
 H -4.966225 2.450948 0.914376
 H 3.344341 6.259202 -1.589299
 H 4.367431 5.288751 -2.377181
 H 1.040561 -5.359759 -4.326486
 H 1.756062 -5.568694 -2.910686
 H -4.259387 4.453369 -4.366548
 H -2.854713 4.468911 -3.985087
 H 5.097267 1.123511 7.582854
 H 5.374236 1.384778 6.082356
 H -1.789796 1.746906 2.931049
 H -0.432147 1.771511 2.071017
 H 0.704786 -1.763443 -2.656228
 H 0.596359 -1.331789 -4.178956
 H -0.393108 -3.182658 -4.892534
 H 0.010553 -3.365693 -6.415391
 H 7.162055 -6.196087 4.991222
 H 6.370828 -5.583250 3.917204
 H 3.824560 -3.840788 1.328569
 H 3.776013 -2.488553 0.554182
 H 6.778409 -1.173917 2.858850
 H 5.636557 -1.469839 1.767839
 H 2.047779 4.002640 -5.144861
 H 1.957591 4.962974 -3.928958
 H -0.658143 -8.466095 1.111500
 H -1.343773 -7.139293 1.192563
 H -4.568642 -0.997954 -6.101601
 H -4.218562 -2.301560 -6.842274
 H -3.910349 1.729441 -1.333939
 H -4.952767 0.711658 -1.360815
 H 4.015815 3.480047 -4.396667
 H 5.489383 3.517873 -5.027922
 H 2.450073 -0.626241 -1.015498
 H 0.859270 -0.444768 -1.259064
 H -4.654868 -4.749284 2.609968
 H -6.025806 -4.502821 1.924047
 H 1.447382 3.440521 2.204793
 H 2.188980 2.684065 1.174037
K_POINTS
 1
0.0 0.0 0.0 1.0