
&control
    calculation='scf'
    pseudo_dir = './',
    outdir='./outputs',
    disk_io='high'
/
&system
    ibrav= 1, celldm(1)=20.000000, nat=  192, ntyp= 2,
    ecutwfc = 30.0, nosym=.true., occupations='smearing',
    smearing='m-v', degauss=0.025
/
&electrons
    conv_thr =  1.0d-8,
    mixing_beta = 0.7
/
&ions
    pot_extrapolation='second-order'
    wfc_extrapolation='second-order'
    ion_temperature = 'andersen'
    tempw = 1000

/
ATOMIC_SPECIES
 H  1.01  H.blyp-hgh.UPF
 O  16.0  O.blyp-hgh.UPF
ATOMIC_POSITIONS bohr
 O -5.707053 -1.684643 -0.193156
 O 3.500243 -2.110893 6.304499
 O -5.704135 6.975523 -5.772798
 O 1.986352 2.632562 -0.891010
 O -4.914553 1.096097 4.439047
 O 0.366640 5.973470 6.273844
 O -1.640734 -5.754475 -2.546105
 O 3.921272 1.251442 4.875662
 O -2.596005 -6.757892 5.817566
 O 1.648625 -2.523040 3.503422
 O 2.399160 -5.934475 2.139185
 O -2.922782 -3.897864 5.137006
 O -4.044655 -6.881359 0.014117
 O -3.591340 -4.002547 -4.350903
 O 2.520214 -4.550666 -1.573223
 O -1.382025 3.041893 -1.481404
 O -1.241043 -2.887730 1.317378
 O -0.078824 -4.863926 3.522859
 O 4.214131 -3.969458 -4.142245
 O 4.958731 4.291169 2.035419
 O 5.076579 -3.965394 4.331766
 O -2.442766 -1.590026 -3.144702
 O -1.207640 3.267866 -4.876505
 O 4.680044 1.526826 0.785004
 O 3.157426 1.546075 -3.602903
 O -4.777029 3.708064 -5.763704
 O 4.770120 -5.423475 0.806496
 O 0.711906 -0.722838 -6.239428
 O -2.864670 0.621591 -5.340544
 O 0.599337 -0.977534 1.796984
 O 6.203239 -2.074001 -3.459435
 O 4.071728 -0.438621 -1.338631
 O -0.179020 4.434782 3.368803
 O -4.839500 -0.122241 -2.915430
 O -0.067361 -4.236969 -0.783027
 O 5.737618 3.608979 -7.835860
 O 4.081307 6.172806 5.382670
 O -6.130362 5.983122 -2.306137
 O 0.068928 1.164588 -2.576421
 O -4.631011 -4.234150 -0.677347
 O -3.043180 6.277918 2.594250
 O -2.594448 2.938427 3.637205
 O -2.461213 -0.612621 -0.266186
 O -1.695701 -1.329265 5.272237
 O 0.802404 2.331171 5.407321
 O -4.667518 2.652074 1.830571
 O 3.512221 5.328608 -1.901105
 O 0.948885 -5.783174 -3.451010
 O -3.735208 4.599673 -3.525536
 O 5.816600 1.393951 6.974495
 O -1.303097 1.325123 2.182524
 O 0.295708 -2.020301 -3.524751
 O 0.063275 -3.760052 -5.533460
 O 7.094385 -6.230204 4.010195
 O 3.932111 -2.875023 1.442693
 O 5.877591 -1.509441 2.707649
 O 1.761224 4.045228 -4.217948
 O -1.153127 -7.860963 0.539038
 O -4.452834 -1.358856 -6.988449
 O -4.648467 1.443510 -0.750811
 O 4.586966 3.965577 -5.028464
 O 1.540891 -1.010694 -0.825180
 O -5.118931 -4.149180 1.959198
 O 1.890133 2.573945 2.107742
 H -5.190918 -2.390787 -0.618905
 H -5.977239 -2.061633 0.665406
 H 2.911006 -1.325526 6.364603
 H 3.346808 -2.388101 5.389804
 H -5.980845 6.419305 -5.010315
 H -5.071015 7.674699 -5.440864
 H 2.312786 3.388499 -1.422836
 H 1.071829 2.936385 -0.728363
 H -5.428479 0.276407 4.569514
 H -3.974487 0.885272 4.340960
 H 0.103517 6.914879 6.425379
 H 0.929520 5.726300 7.028597
 H -2.506276 -6.080548 -2.900294
 H -1.179597 -6.616289 -2.408005
 H 3.460201 1.551885 4.047855
 H 4.140610 0.361679 4.532934
 H -3.125647 -7.397111 6.360398
 H -1.742667 -7.231405 5.784745
 H 1.344044 -1.703369 3.117329
 H 2.376244 -2.860970 2.917408
 H 1.459852 -5.850378 2.449270
 H 2.310597 -5.550266 1.250469
 H -2.751172 -4.718710 5.646396
 H -2.699682 -4.105391 4.195372
 H -4.481671 -7.710736 -0.226061
 H -4.761346 -6.241992 -0.122721
 H -3.459924 -3.048874 -4.129634
 H -2.670413 -4.279645 -4.492720
 H 2.580661 -3.821303 -2.223191
 H 1.542176 -4.465113 -1.338116
 H -1.353500 3.382312 -2.403034
 H -1.611355 3.863584 -0.976646
 H -1.916639 -2.261175 1.010783
 H -0.482096 -2.365831 1.654958
 H 0.181346 -4.024732 3.950567
 H -0.910797 -4.722482 3.048281
 H 4.961183 -4.467038 -4.532640
 H 3.846072 -3.632090 -5.023990
 H 4.540321 5.147661 2.186104
 H 5.937920 4.458758 2.107965
 H 5.138066 -3.374325 5.106234
 H 4.643744 -4.758257 4.750988
 H -1.454261 -1.620139 -3.019584
 H -2.549445 -0.766690 -3.680614
 H -0.504955 3.935298 -4.724415
 H -0.934312 2.405853 -4.476344
 H 5.385084 2.177474 0.957401
 H 4.036007 1.803953 1.468048
 H 3.412042 1.288544 -2.679234
 H 2.753977 2.418775 -3.360859
 H -5.315675 3.679848 -6.596974
 H -4.838591 2.796629 -5.387903
 H 4.716235 -6.135098 0.133010
 H 5.604542 -5.000007 0.513080
 H -0.183654 -1.097853 -6.444053
 H 0.706372 0.262947 -6.311534
 H -2.479247 0.118303 -6.098602
 H -3.805743 0.368631 -5.335163
 H -0.075695 -0.243543 1.868723
 H 0.909309 -1.105720 0.850516
 H 5.397681 -2.038469 -4.050634
 H 6.317846 -3.037802 -3.406232
 H 4.466673 0.244532 -0.730468
 H 4.797596 -1.094928 -1.433992
 H 0.144248 5.242243 3.828457
 H -1.203700 4.374906 3.400326
 H -4.076016 -0.746753 -2.849698
 H -5.557405 -0.743917 -3.182585
 H -0.664825 -5.016618 -0.747387
 H -0.301698 -3.717612 0.032460
 H 5.146112 4.391174 -7.897877
 H 5.616822 3.295831 -8.763831
 H 3.256043 6.097252 4.867307
 H 4.300994 5.349630 5.907319
 H -5.887905 5.111719 -2.726932
 H -5.450344 6.429664 -2.852100
 H -0.297550 1.562956 -1.745577
 H 0.898841 1.665824 -2.662999
 H -3.867007 -4.661034 -1.163667
 H -4.254592 -4.214148 0.225077
 H -3.504367 6.036154 1.759320
 H -3.684840 6.022980 3.311371
 H -3.471529 3.382856 3.725028
 H -2.266214 2.815857 4.543508
 H -2.606663 -0.896272 -1.182673
 H -2.975778 0.195399 -0.046716
 H -1.916955 -0.786920 4.493341
 H -2.200699 -2.167428 5.107594
 H 0.818498 2.144262 4.452421
 H -0.034540 2.815722 5.523098
 H -4.893817 1.817960 2.287790
 H -4.984521 2.468947 0.911542
 H 3.331496 6.269152 -1.617527
 H 4.368362 5.293410 -2.363156
 H 1.040141 -5.384723 -4.336264
 H 1.752313 -5.563389 -2.909006
 H -4.255762 4.459480 -4.379322
 H -2.862894 4.470781 -3.977581
 H 5.085102 1.135275 7.582448
 H 5.392355 1.390467 6.079841
 H -1.787543 1.746253 2.937275
 H -0.430719 1.772306 2.094284
 H 0.701101 -1.758832 -2.654878
 H 0.613172 -1.347077 -4.173946
 H -0.392393 -3.169592 -4.904787
 H 0.014025 -3.371059 -6.417517
 H 7.144195 -6.190549 4.992789
 H 6.357944 -5.584704 3.928268
 H 3.822667 -3.842046 1.322428
 H 3.766010 -2.497701 0.555756
 H 6.782171 -1.188161 2.847212
 H 5.618052 -1.450531 1.774332
 H 2.054474 3.997825 -5.148573
 H 1.948681 4.961243 -3.914479
 H -0.646417 -8.480222 1.099331
 H -1.321795 -7.150690 1.197465
 H -4.554913 -1.005045 -6.095533
 H -4.229471 -2.308884 -6.847295
 H -3.899405 1.716614 -1.323513
 H -4.965610 0.719600 -1.362895
 H 4.016409 3.490105 -4.385018
 H 5.487351 3.545867 -5.053742
 H 2.455037 -0.625012 -1.015293
 H 0.858094 -0.450242 -1.265705
 H -4.638694 -4.767560 2.577459
 H -6.027326 -4.511476 1.907755
 H 1.430278 3.427137 2.209695
 H 2.172561 2.690601 1.163769
K_POINTS
 1
0.0 0.0 0.0 1.0