
&control
    calculation='scf'
    pseudo_dir = './',
    outdir='./outputs',
    disk_io='high'
/
&system
    ibrav= 1, celldm(1)=20.000000, nat=  192, ntyp= 2,
    ecutwfc = 30.0, nosym=.true., occupations='smearing',
    smearing='m-v', degauss=0.025
/
&electrons
    conv_thr =  1.0d-8,
    mixing_beta = 0.7
/
&ions
    pot_extrapolation='second-order'
    wfc_extrapolation='second-order'
    ion_temperature = 'andersen'
    tempw = 1000

/
ATOMIC_SPECIES
 H  1.01  H.blyp-hgh.UPF
 O  16.0  O.blyp-hgh.UPF
ATOMIC_POSITIONS bohr
 O -5.259953 -1.526307 -1.534358
 O 3.928108 -2.115607 5.387765
 O -5.741311 5.422698 -5.470365
 O -0.179930 3.772661 -1.515736
 O -4.725268 0.766755 3.911188
 O -0.232874 5.459430 5.222508
 O -0.129745 -5.398074 -3.402278
 O 2.424476 0.157780 3.604634
 O -2.852880 -5.294045 5.650807
 O 1.958604 -2.867416 1.893857
 O 2.551847 -6.101954 2.906399
 O -4.078389 -3.018680 4.471207
 O -4.440621 -5.865257 0.723329
 O -3.604134 -5.700180 -3.750254
 O 2.343690 -2.760241 -2.281113
 O -1.968785 2.435857 1.084836
 O -1.212787 -1.701070 1.849831
 O 0.213035 -4.205612 3.754356
 O 5.406511 -4.290852 -4.975671
 O 5.449802 4.942865 2.200077
 O 5.905105 -2.988606 3.262862
 O -3.241548 -2.913086 -3.850813
 O -0.889017 2.643741 -4.947097
 O 3.915509 2.357217 2.888367
 O 2.330299 1.352698 -3.103476
 O -4.863070 2.711206 -6.221133
 O 4.478771 -5.981523 -1.242916
 O 1.995227 -1.287686 -4.619392
 O -2.038560 0.163974 -4.829684
 O 0.916688 -0.326167 0.768875
 O 4.758676 -1.739850 -3.673279
 O 5.195501 0.098594 -0.131465
 O -0.174174 4.603101 1.918930
 O -5.051097 0.729564 -4.011594
 O 0.732855 -3.826312 -0.376794
 O 4.562003 3.720762 -4.464761
 O 3.429712 5.458962 5.856170
 O -5.244621 3.887746 -1.960565
 O -0.381678 1.006440 -1.723995
 O -3.093156 -3.466085 -1.022026
 O -2.649952 5.485620 3.312261
 O -1.542131 2.802402 4.147581
 O -2.604115 -0.305867 -0.710491
 O -1.542575 -2.155449 4.864033
 O 0.644123 1.860273 4.960602
 O -4.719490 3.317824 1.387252
 O 2.900587 3.969396 -0.639210
 O 2.701651 -6.019230 -3.632632
 O -2.555036 4.512557 -2.324637
 O 5.443177 0.624604 5.367901
 O -3.004982 0.273865 1.980925
 O -0.676854 -2.369025 -2.411907
 O 0.015632 -3.337875 -5.480126
 O 5.749221 -5.956218 4.306123
 O 4.993604 -3.127133 -0.186527
 O 4.641870 -0.719304 2.453488
 O 1.175055 4.325566 -4.308429
 O -0.695838 -5.837017 0.446892
 O -5.526810 -1.455225 -5.727044
 O -4.643403 1.319208 -0.840960
 O 5.181033 1.493013 -2.492280
 O 2.841948 -0.290238 -1.113909
 O -5.275302 -1.281356 1.312121
 O 1.574878 2.576624 1.469004
 H -5.262306 -1.426319 -0.554644
 H -4.510350 -0.931516 -1.753532
 H 3.669545 -2.888180 5.929646
 H 3.204760 -1.986996 4.727944
 H -6.459450 4.977156 -4.953293
 H -5.509362 4.750987 -6.146828
 H 0.305169 2.973115 -1.165770
 H 0.524374 4.323748 -1.907098
 H -5.643821 0.415315 3.840311
 H -4.704924 1.373644 4.693943
 H 0.190566 6.339359 5.086966
 H 0.120132 5.149925 6.082769
 H -0.474910 -5.452545 -2.491778
 H -0.917280 -5.642491 -3.930811
 H 2.722005 1.091744 3.392331
 H 1.453846 0.206197 3.708041
 H -3.436267 -5.446798 6.438365
 H -1.951169 -5.451650 6.005596
 H 2.070168 -2.029513 1.377851
 H 2.878117 -3.199910 1.908709
 H 3.267259 -6.485025 2.352135
 H 1.712180 -6.467999 2.539303
 H -3.254077 -3.424852 4.135718
 H -4.566952 -2.595719 3.713973
 H -3.913462 -6.608341 0.352676
 H -4.166732 -5.058096 0.215424
 H -4.447419 -5.307590 -3.451687
 H -3.682446 -6.667004 -3.602891
 H 2.361955 -1.781423 -2.137964
 H 1.740927 -3.106422 -1.546648
 H -1.114073 2.900595 1.002489
 H -1.798553 1.468804 1.004767
 H -0.443452 -1.137053 1.390902
 H -0.867555 -1.681264 2.777316
 H 1.049981 -4.079350 3.233121
 H -0.445132 -3.922844 3.083286
 H 6.232179 -4.830068 -4.979328
 H 5.567978 -3.318032 -4.873401
 H 5.705785 5.304843 3.105379
 H 6.294042 4.972363 1.710862
 H 5.483408 -2.284972 2.712272
 H 6.114110 -3.715949 2.643054
 H -2.324939 -2.718452 -4.137943
 H -3.715267 -2.937537 -4.705348
 H -0.363559 2.834300 -4.141539
 H -1.411088 1.833440 -4.729968
 H 4.815722 2.655640 3.133973
 H 3.481352 3.168388 2.554955
 H 2.796316 1.024414 -3.903538
 H 1.741798 2.051465 -3.468444
 H -4.982670 2.022654 -5.516555
 H -3.979861 3.077686 -5.994074
 H 4.075233 -5.087830 -1.352627
 H 5.402004 -5.767109 -1.004358
 H 2.760328 -1.326528 -5.249126
 H 1.268949 -0.956739 -5.188640
 H -1.904833 -0.483571 -5.559637
 H -2.927285 0.535318 -5.022685
 H 0.820955 0.591267 1.100570
 H 1.503048 -0.289838 -0.055353
 H 3.982515 -2.198836 -3.270311
 H 5.375830 -1.619251 -2.914854
 H 5.461693 0.962451 -0.533867
 H 5.843225 -0.425678 -0.669483
 H -0.627173 3.950509 2.518013
 H -0.774409 5.351767 2.141555
 H -4.760926 0.708732 -3.070826
 H -6.029272 0.799017 -4.049473
 H 0.405297 -4.742374 -0.493544
 H 1.280566 -3.784158 0.447763
 H 3.675045 4.051552 -4.725218
 H 4.668218 2.863303 -4.923275
 H 3.396694 5.271314 4.888112
 H 2.690658 6.078533 6.004526
 H -5.597004 3.819248 -1.036867
 H -4.611210 4.628212 -1.774044
 H 0.047397 0.271630 -2.204395
 H -1.088768 0.542508 -1.158053
 H -3.035475 -2.932906 -1.866000
 H -2.414453 -4.135891 -1.235424
 H -3.522641 5.749654 2.957243
 H -2.716383 5.761765 4.267584
 H -1.329065 2.133307 3.464744
 H -2.143856 3.402993 3.650665
 H -2.091154 -1.126943 -0.611622
 H -3.086190 -0.187827 0.153727
 H -2.506038 -2.348852 4.844033
 H -1.046596 -2.890354 5.290729
 H 1.375069 1.524251 5.510108
 H 0.192357 2.495372 5.568743
 H -5.086353 3.571673 2.255826
 H -3.854419 2.892279 1.625659
 H 3.394345 4.739828 -0.270879
 H 2.862642 4.177755 -1.592204
 H 3.600684 -5.635493 -3.781323
 H 2.165254 -5.201112 -3.472552
 H -2.461064 3.951079 -3.120934
 H -1.766918 4.239536 -1.778766
 H 5.918529 -0.230674 5.486109
 H 4.531721 0.278989 5.300637
 H -2.420511 -0.534471 2.052687
 H -3.737173 0.296567 2.650724
 H 0.151326 -2.881999 -2.519618
 H -0.656978 -2.046195 -1.498342
 H 0.277193 -3.174996 -4.542519
 H 0.763256 -2.890503 -5.924773
 H 5.000351 -5.960490 4.956328
 H 6.461479 -5.549315 4.838570
 H 5.892018 -3.273230 0.189339
 H 4.756324 -2.276806 0.244743
 H 4.801944 -0.035097 1.764232
 H 3.733805 -0.567780 2.865981
 H 1.277074 4.020319 -5.231329
 H 1.575681 5.231882 -4.349155
 H -1.149299 -6.707871 0.360567
 H -1.346072 -5.112725 0.348637
 H -5.195694 -1.931999 -6.525949
 H -4.711478 -0.982769 -5.458057
 H -4.288235 2.208515 -1.054944
 H -4.762338 1.309579 0.130310
 H 5.808456 2.250767 -2.489513
 H 4.303018 1.936815 -2.518485
 H 3.741596 0.062667 -0.855438
 H 2.479611 0.284526 -1.833846
 H -6.173245 -1.014696 1.610100
 H -4.827765 -1.497013 2.143335
 H 0.722411 3.053261 1.378017
 H 2.053870 3.043575 0.726086
K_POINTS
 1
0.0 0.0 0.0 1.0