
&control
    calculation='scf'
    pseudo_dir = './',
    outdir='./outputs',
    disk_io='high'
/
&system
    ibrav= 1, celldm(1)=20.000000, nat=  192, ntyp= 2,
    ecutwfc = 30.0, nosym=.true., occupations='smearing',
    smearing='m-v', degauss=0.025
/
&electrons
    conv_thr =  1.0d-8,
    mixing_beta = 0.7
/
&ions
    pot_extrapolation='second-order'
    wfc_extrapolation='second-order'
    ion_temperature = 'andersen'
    tempw = 1000

/
ATOMIC_SPECIES
 H  1.01  H.blyp-hgh.UPF
 O  16.0  O.blyp-hgh.UPF
ATOMIC_POSITIONS bohr
 O -5.712383 -1.689458 -0.181829
 O 3.518400 -2.092426 6.298163
 O -5.699077 6.984526 -5.765528
 O 1.992807 2.633406 -0.881576
 O -4.912698 1.108932 4.439246
 O 0.366116 5.971740 6.282335
 O -1.652067 -5.742652 -2.547510
 O 3.947558 1.241391 4.879543
 O -2.580263 -6.756782 5.838184
 O 1.648718 -2.536865 3.504093
 O 2.382572 -5.915303 2.133972
 O -2.915057 -3.920661 5.149151
 O -4.022622 -6.877719 0.023956
 O -3.589667 -3.995972 -4.359211
 O 2.522457 -4.566561 -1.552254
 O -1.367405 3.036928 -1.487764
 O -1.244793 -2.887048 1.304453
 O -0.081357 -4.860772 3.518454
 O 4.215261 -3.962778 -4.123167
 O 4.971361 4.289566 2.020547
 O 5.075492 -3.968351 4.346783
 O -2.440294 -1.567680 -3.153448
 O -1.217698 3.268838 -4.880455
 O 4.693364 1.515735 0.757461
 O 3.167391 1.544851 -3.602495
 O -4.795854 3.713918 -5.786199
 O 4.773335 -5.425977 0.819319
 O 0.721158 -0.712184 -6.236591
 O -2.869993 0.625427 -5.342420
 O 0.591547 -0.979478 1.800610
 O 6.196184 -2.095114 -3.452345
 O 4.066200 -0.447160 -1.329723
 O -0.205245 4.443059 3.343347
 O -4.836267 -0.131027 -2.899433
 O -0.069493 -4.245150 -0.782641
 O 5.746638 3.581837 -7.839248
 O 4.084559 6.147392 5.381127
 O -6.142781 5.987918 -2.325559
 O 0.073687 1.154746 -2.568937
 O -4.643030 -4.234682 -0.670956
 O -3.041641 6.294829 2.583292
 O -2.577582 2.944001 3.647842
 O -2.473232 -0.582232 -0.255450
 O -1.692491 -1.327053 5.259664
 O 0.819208 2.322486 5.400376
 O -4.687808 2.627548 1.826898
 O 3.503061 5.335120 -1.894569
 O 0.944317 -5.789110 -3.448192
 O -3.763692 4.598202 -3.543997
 O 5.827039 1.402892 6.990891
 O -1.290424 1.334428 2.173760
 O 0.295268 -2.032429 -3.517457
 O 0.052069 -3.767398 -5.530593
 O 7.086118 -6.207605 4.010779
 O 3.934588 -2.872812 1.452129
 O 5.872096 -1.510934 2.707663
 O 1.766467 4.051026 -4.233163
 O -1.125279 -7.872526 0.528984
 O -4.455137 -1.364718 -6.982719
 O -4.653104 1.448340 -0.753602
 O 4.560191 3.972739 -5.039381
 O 1.539212 -0.999974 -0.811234
 O -5.131499 -4.151748 1.960257
 O 1.898313 2.564894 2.097552
 H -5.196797 -2.386608 -0.628625
 H -5.974832 -2.111982 0.656891
 H 2.901018 -1.322076 6.342449
 H 3.355706 -2.386114 5.380013
 H -6.018888 6.421339 -5.029714
 H -5.040752 7.681060 -5.470005
 H 2.337321 3.407484 -1.390318
 H 1.089497 2.958370 -0.729650
 H -5.420273 0.280303 4.592957
 H -3.962315 0.885280 4.325913
 H 0.105176 6.913814 6.443893
 H 0.928104 5.758926 7.050967
 H -2.498832 -6.090410 -2.918157
 H -1.254723 -6.629358 -2.386169
 H 3.445597 1.555877 4.080120
 H 4.146179 0.347480 4.524554
 H -3.094246 -7.403880 6.368814
 H -1.734475 -7.239153 5.775628
 H 1.351150 -1.701151 3.097727
 H 2.384155 -2.850991 2.909472
 H 1.447035 -5.881735 2.451253
 H 2.283715 -5.522697 1.250013
 H -2.703225 -4.705770 5.689782
 H -2.657860 -4.113098 4.221211
 H -4.465383 -7.702628 -0.222815
 H -4.753711 -6.244516 -0.142362
 H -3.419035 -3.037129 -4.170794
 H -2.663600 -4.262219 -4.523612
 H 2.583754 -3.857578 -2.232735
 H 1.536307 -4.462612 -1.317520
 H -1.357242 3.381625 -2.419709
 H -1.595688 3.839126 -0.945256
 H -1.933218 -2.277715 0.991591
 H -0.517255 -2.360649 1.673305
 H 0.158995 -4.030281 3.962412
 H -0.913881 -4.718440 3.040513
 H 4.967948 -4.448344 -4.507092
 H 3.795776 -3.563659 -4.975909
 H 4.564740 5.151970 2.196570
 H 5.946756 4.423278 2.101669
 H 5.161444 -3.357761 5.106125
 H 4.595519 -4.746555 4.731149
 H -1.451945 -1.611701 -3.010246
 H -2.540897 -0.750572 -3.696159
 H -0.513767 3.941911 -4.715969
 H -0.929967 2.406689 -4.471590
 H 5.403095 2.161110 0.922433
 H 4.073846 1.761337 1.478617
 H 3.515452 1.307205 -2.706342
 H 2.755346 2.416738 -3.390048
 H -5.349975 3.648089 -6.616211
 H -4.784687 2.780571 -5.441744
 H 4.684764 -6.100305 0.110734
 H 5.581726 -4.964365 0.502797
 H -0.164428 -1.101604 -6.410313
 H 0.679124 0.264706 -6.368548
 H -2.484235 0.104790 -6.094897
 H -3.806915 0.348099 -5.324945
 H -0.017513 -0.190482 1.828170
 H 0.926554 -1.100767 0.865327
 H 5.407217 -2.010963 -4.061899
 H 6.318371 -3.058465 -3.408634
 H 4.445152 0.233611 -0.718511
 H 4.790402 -1.081469 -1.427387
 H 0.146486 5.232357 3.802784
 H -1.204063 4.376650 3.388156
 H -4.076893 -0.758614 -2.911561
 H -5.572410 -0.722188 -3.177490
 H -0.612814 -5.056189 -0.728098
 H -0.303604 -3.750636 0.048178
 H 5.170682 4.369105 -7.917954
 H 5.659817 3.230716 -8.759472
 H 3.243254 6.076373 4.888850
 H 4.243898 5.318364 5.916012
 H -5.894862 5.104633 -2.690072
 H -5.487010 6.482010 -2.840638
 H -0.288066 1.582014 -1.751479
 H 0.902677 1.665403 -2.689821
 H -3.867880 -4.668517 -1.106760
 H -4.273455 -4.187777 0.231269
 H -3.515770 6.070937 1.754656
 H -3.679422 6.021790 3.300778
 H -3.477452 3.355060 3.771108
 H -2.245890 2.827048 4.559282
 H -2.624888 -0.877907 -1.161368
 H -3.030520 0.188251 -0.026900
 H -1.894607 -0.738570 4.509559
 H -2.235998 -2.135361 5.094273
 H 0.847391 2.103735 4.455731
 H 0.001697 2.848805 5.576268
 H -4.944629 1.806223 2.279487
 H -5.020810 2.509022 0.905759
 H 3.303360 6.289647 -1.688522
 H 4.370823 5.309352 -2.330035
 H 1.040692 -5.435597 -4.353598
 H 1.741387 -5.547970 -2.908856
 H -4.250419 4.473771 -4.403000
 H -2.880774 4.472598 -3.953316
 H 5.059305 1.165311 7.578408
 H 5.434125 1.407014 6.077754
 H -1.781035 1.746620 2.943525
 H -0.429257 1.774645 2.150834
 H 0.692051 -1.751426 -2.656038
 H 0.652383 -1.382847 -4.162984
 H -0.387646 -3.138269 -4.931020
 H 0.022417 -3.380233 -6.422982
 H 7.105698 -6.179270 4.998103
 H 6.327895 -5.585066 3.950465
 H 3.820645 -3.844416 1.307400
 H 3.740744 -2.520247 0.560421
 H 6.791740 -1.220954 2.814980
 H 5.574095 -1.401512 1.792789
 H 2.070828 3.985032 -5.157222
 H 1.926804 4.958395 -3.878268
 H -0.620349 -8.514059 1.069141
 H -1.273426 -7.177560 1.205999
 H -4.525640 -1.022311 -6.078702
 H -4.256226 -2.324788 -6.861003
 H -3.873889 1.692038 -1.295506
 H -4.998480 0.737901 -1.365648
 H 4.023276 3.512377 -4.361228
 H 5.473819 3.608358 -5.113610
 H 2.461604 -0.625609 -1.014867
 H 0.860155 -0.460103 -1.279812
 H -4.604337 -4.805828 2.497581
 H -6.028657 -4.528609 1.875728
 H 1.389601 3.398448 2.228682
 H 2.135444 2.700813 1.140828
K_POINTS
 1
0.0 0.0 0.0 1.0