
&control
    calculation='scf'
    pseudo_dir = './',
    outdir='./outputs',
    disk_io='high'
/
&system
    ibrav= 1, celldm(1)=20.000000, nat=  192, ntyp= 2,
    ecutwfc = 30.0, nosym=.true., occupations='smearing',
    smearing='m-v', degauss=0.025
/
&electrons
    conv_thr =  1.0d-8,
    mixing_beta = 0.7
/
&ions
    pot_extrapolation='second-order'
    wfc_extrapolation='second-order'
    ion_temperature = 'andersen'
    tempw = 1000

/
ATOMIC_SPECIES
 H  1.01  H.blyp-hgh.UPF
 O  16.0  O.blyp-hgh.UPF
ATOMIC_POSITIONS bohr
 O -5.718489 -1.693611 -0.170746
 O 3.536288 -2.073257 6.291406
 O -5.694023 6.994365 -5.758086
 O 1.999405 2.635532 -0.872583
 O -4.910837 1.122357 4.438682
 O 0.365657 5.969868 6.290262
 O -1.664929 -5.732933 -2.549243
 O 3.972881 1.230155 4.880963
 O -2.564619 -6.756499 5.859149
 O 1.650556 -2.552441 3.505918
 O 2.364770 -5.896493 2.128990
 O -2.907302 -3.941894 5.160551
 O -4.001413 -6.873679 0.034083
 O -3.587599 -3.988341 -4.367722
 O 2.523163 -4.581252 -1.531822
 O -1.353293 3.033483 -1.495759
 O -1.249445 -2.888958 1.291756
 O -0.084032 -4.859237 3.514422
 O 4.215171 -3.955213 -4.106696
 O 4.985168 4.287034 2.005367
 O 5.073734 -3.971720 4.362093
 O -2.437757 -1.544722 -3.162301
 O -1.227660 3.269884 -4.884014
 O 4.706403 1.504606 0.730604
 O 3.177787 1.544346 -3.600287
 O -4.814789 3.718414 -5.808870
 O 4.777777 -5.428705 0.831148
 O 0.731674 -0.701085 -6.232633
 O -2.874962 0.628818 -5.344571
 O 0.582827 -0.980121 1.803775
 O 6.186747 -2.116818 -3.447253
 O 4.060810 -0.454103 -1.320535
 O -0.231857 4.450434 3.317396
 O -4.831840 -0.138791 -2.883749
 O -0.071044 -4.253688 -0.781588
 O 5.755459 3.554542 -7.843136
 O 4.087705 6.120952 5.379623
 O -6.154906 5.991229 -2.346142
 O 0.078851 1.144693 -2.561103
 O -4.653169 -4.236186 -0.665840
 O -3.039902 6.311795 2.573221
 O -2.561880 2.950848 3.660524
 O -2.483896 -0.552227 -0.242969
 O -1.689428 -1.324697 5.246549
 O 0.835511 2.313489 5.394592
 O -4.709242 2.603912 1.822696
 O 3.493130 5.341105 -1.887352
 O 0.940581 -5.796358 -3.445417
 O -3.791600 4.597414 -3.563464
 O 5.836845 1.410912 7.007523
 O -1.277549 1.342439 2.165398
 O 0.295006 -2.043591 -3.509072
 O 0.040553 -3.775612 -5.528804
 O 7.076945 -6.184903 4.012385
 O 3.936149 -2.870951 1.460685
 O 5.866406 -1.512113 2.709356
 O 1.771376 4.055944 -4.248131
 O -1.096684 -7.883335 0.520298
 O -4.457792 -1.371836 -6.977067
 O -4.657264 1.453052 -0.757019
 O 4.533697 3.981737 -5.050608
 O 1.537145 -0.989322 -0.797715
 O -5.143007 -4.154868 1.961333
 O 1.905765 2.556789 2.086125
 H -5.201476 -2.385558 -0.639191
 H -5.968449 -2.165979 0.647522
 H 2.890751 -1.323686 6.323915
 H 3.362746 -2.386731 5.366977
 H -6.050378 6.427802 -5.050001
 H -5.014598 7.674583 -5.494277
 H 2.368486 3.426166 -1.352923
 H 1.099742 2.978150 -0.730365
 H -5.402839 0.285369 4.615468
 H -3.960035 0.881542 4.312999
 H 0.105183 6.911286 6.460803
 H 0.924134 5.786369 7.070907
 H -2.494128 -6.093301 -2.934079
 H -1.322526 -6.633624 -2.363287
 H 3.434541 1.566256 4.123331
 H 4.154271 0.330767 4.522012
 H -3.068753 -7.407577 6.373635
 H -1.719990 -7.239971 5.766189
 H 1.356765 -1.696378 3.073172
 H 2.385952 -2.836771 2.906019
 H 1.438748 -5.909653 2.455634
 H 2.260163 -5.494945 1.247377
 H -2.654375 -4.698498 5.728937
 H -2.619247 -4.126585 4.252053
 H -4.445335 -7.702242 -0.219330
 H -4.743420 -6.242883 -0.164314
 H -3.381329 -3.028283 -4.207298
 H -2.657635 -4.251731 -4.553259
 H 2.595447 -3.897537 -2.240288
 H 1.533500 -4.462074 -1.289458
 H -1.361960 3.372713 -2.428416
 H -1.577785 3.808311 -0.909369
 H -1.949125 -2.286481 0.968351
 H -0.547806 -2.343009 1.694507
 H 0.142210 -4.030156 3.966405
 H -0.918495 -4.711664 3.029661
 H 4.974104 -4.433879 -4.482446
 H 3.751509 -3.498107 -4.908533
 H 4.587344 5.161420 2.205850
 H 5.949140 4.389929 2.094731
 H 5.188093 -3.342244 5.101819
 H 4.551568 -4.731016 4.712598
 H -1.451362 -1.607287 -3.005580
 H -2.527344 -0.733764 -3.715162
 H -0.520581 3.940117 -4.707093
 H -0.926220 2.417174 -4.469255
 H 5.422448 2.145300 0.884136
 H 4.110643 1.716181 1.484447
 H 3.617781 1.319944 -2.740411
 H 2.754256 2.412880 -3.427170
 H -5.385595 3.617354 -6.635898
 H -4.732203 2.771869 -5.500495
 H 4.648734 -6.067384 0.090626
 H 5.554939 -4.927402 0.489550
 H -0.144784 -1.098596 -6.382017
 H 0.649749 0.262835 -6.425592
 H -2.491471 0.090172 -6.084006
 H -3.807524 0.334736 -5.311889
 H 0.044436 -0.144974 1.784741
 H 0.944565 -1.088840 0.881329
 H 5.424562 -1.987559 -4.064921
 H 6.318756 -3.078911 -3.407619
 H 4.421347 0.221814 -0.704287
 H 4.789601 -1.074600 -1.421286
 H 0.139560 5.223909 3.778547
 H -1.192469 4.384418 3.378038
 H -4.083245 -0.767065 -2.967454
 H -5.585606 -0.701765 -3.169713
 H -0.560786 -5.092875 -0.713939
 H -0.308810 -3.782006 0.062225
 H 5.198773 4.348063 -7.936113
 H 5.706032 3.165500 -8.746594
 H 3.230754 6.050561 4.913920
 H 4.179709 5.294042 5.924610
 H -5.904384 5.097007 -2.646079
 H -5.519862 6.544248 -2.826621
 H -0.283060 1.599734 -1.764521
 H 0.906720 1.659379 -2.717683
 H -3.874502 -4.671708 -1.055411
 H -4.300494 -4.156374 0.249383
 H -3.525883 6.100501 1.745680
 H -3.670986 6.024267 3.285257
 H -3.475985 3.320563 3.811420
 H -2.228043 2.840875 4.578106
 H -2.648670 -0.857488 -1.146167
 H -3.088562 0.178263 -0.013046
 H -1.868975 -0.692687 4.523058
 H -2.270515 -2.104840 5.085369
 H 0.874649 2.067446 4.455927
 H 0.044845 2.878080 5.625578
 H -4.995634 1.791973 2.274681
 H -5.048455 2.544114 0.901277
 H 3.276334 6.307348 -1.763829
 H 4.374815 5.330946 -2.297526
 H 1.043721 -5.475230 -4.361732
 H 1.727990 -5.528516 -2.913786
 H -4.252978 4.487171 -4.422870
 H -2.893963 4.470169 -3.921589
 H 5.040073 1.199825 7.567479
 H 5.475202 1.427543 6.082970
 H -1.772599 1.747165 2.935492
 H -0.422435 1.780843 2.208593
 H 0.683226 -1.748967 -2.659885
 H 0.691249 -1.417333 -4.154706
 H -0.379011 -3.106653 -4.952477
 H 0.031796 -3.386718 -6.427132
 H 7.073467 -6.170979 5.004918
 H 6.298323 -5.580350 3.965539
 H 3.822879 -3.843918 1.294340
 H 3.713194 -2.541944 0.566456
 H 6.801744 -1.252897 2.776020
 H 5.529845 -1.347512 1.813875
 H 2.089070 3.973228 -5.165560
 H 1.904211 4.955417 -3.842653
 H -0.596818 -8.548543 1.035906
 H -1.229611 -7.203982 1.211125
 H -4.500050 -1.041638 -6.060075
 H -4.284833 -2.338394 -6.877366
 H -3.848613 1.674083 -1.263609
 H -5.033116 0.756609 -1.365836
 H 4.038467 3.531790 -4.341520
 H 5.451309 3.664090 -5.170706
 H 2.459439 -0.631566 -1.014327
 H 0.868455 -0.464903 -1.291834
 H -4.575986 -4.838054 2.414040
 H -6.027321 -4.543330 1.853062
 H 1.351201 3.368711 2.256930
 H 2.100818 2.704037 1.120244
K_POINTS
 1
0.0 0.0 0.0 1.0