
&control
    calculation='scf'
    pseudo_dir = './',
    outdir='./outputs',
    disk_io='high'
/
&system
    ibrav= 1, celldm(1)=20.000000, nat=  192, ntyp= 2,
    ecutwfc = 30.0, nosym=.true., occupations='smearing',
    smearing='m-v', degauss=0.025
/
&electrons
    conv_thr =  1.0d-8,
    mixing_beta = 0.7
/
&ions
    pot_extrapolation='second-order'
    wfc_extrapolation='second-order'
    ion_temperature = 'andersen'
    tempw = 1000

/
ATOMIC_SPECIES
 H  1.01  H.blyp-hgh.UPF
 O  16.0  O.blyp-hgh.UPF
ATOMIC_POSITIONS bohr
 O -5.239107 -1.545557 -1.188653
 O 3.996493 -2.212166 5.402587
 O -5.718446 5.219011 -5.569895
 O -0.157335 3.550164 -1.584257
 O -4.726833 0.695638 3.832033
 O -0.242390 5.421296 5.177031
 O -0.132725 -5.365638 -3.402907
 O 2.268671 0.348419 3.703227
 O -2.860051 -5.302331 5.615415
 O 1.857563 -3.048624 1.603217
 O 2.499707 -6.063493 2.905020
 O -4.242509 -3.056934 4.337795
 O -4.417685 -5.972639 0.713251
 O -3.553503 -5.678278 -3.616215
 O 2.030546 -2.742098 -2.091985
 O -1.744817 2.531901 1.497091
 O -1.018369 -1.379328 1.647703
 O 0.265872 -4.235718 3.629256
 O 5.447729 -4.101411 -4.937774
 O 5.649365 4.790738 2.181256
 O 6.041824 -2.949383 3.256579
 O -3.224554 -3.040771 -3.799862
 O -0.919005 2.568159 -4.933560
 O 3.862965 2.347340 2.824227
 O 2.317541 1.276949 -3.116044
 O -4.929445 2.874682 -6.117615
 O 4.423017 -5.934402 -1.257329
 O 1.937321 -1.327937 -4.576503
 O -2.022347 0.271551 -4.828776
 O 0.834768 -0.317222 0.614267
 O 4.796005 -1.770713 -3.814491
 O 5.175696 0.052741 -0.001018
 O -0.362573 4.438525 1.812513
 O -5.327144 0.722041 -3.986967
 O 0.737562 -3.790193 -0.336007
 O 4.636613 3.390208 -4.256058
 O 3.581405 5.493489 5.800759
 O -5.054231 3.583946 -1.716146
 O -0.426624 1.042005 -1.559362
 O -2.953645 -3.277288 -1.205392
 O -2.591796 5.443009 3.404320
 O -1.487389 2.789176 3.738400
 O -2.646923 -0.198568 -0.652202
 O -1.514087 -2.230166 4.936082
 O 0.782254 1.753821 4.837941
 O -4.851991 3.435723 1.460106
 O 2.760562 3.879204 -0.524988
 O 2.668741 -5.940292 -3.534959
 O -2.683300 4.606646 -2.311266
 O 5.727914 0.502320 5.252626
 O -3.175500 0.149138 1.961477
 O -0.625540 -2.456790 -2.238291
 O 0.028066 -3.187829 -5.510196
 O 5.659643 -5.980484 4.471831
 O 5.190163 -2.952809 -0.233181
 O 4.727666 -0.694170 2.391662
 O 1.024999 4.300422 -4.387964
 O -0.564735 -5.727707 0.467919
 O -5.593362 -1.325221 -5.809350
 O -4.627917 1.508559 -0.962316
 O 5.236676 1.727103 -2.854660
 O 2.675352 -0.253786 -0.916521
 O -5.311158 -1.163841 1.173271
 O 1.493647 2.759039 1.414869
 H -4.727411 -1.807617 -0.404662
 H -4.576476 -1.512899 -1.897534
 H 3.495403 -3.000123 5.671132
 H 3.312460 -1.575051 5.119309
 H -6.202928 4.831708 -4.817759
 H -5.997455 4.667664 -6.323024
 H 0.340471 3.286786 -0.779890
 H 0.415387 4.203263 -2.022371
 H -5.426606 0.018083 3.787703
 H -5.122613 1.383476 4.400096
 H 0.213234 6.284226 5.156087
 H -0.229096 5.156777 6.117040
 H -0.361032 -5.660450 -2.505287
 H -0.747009 -5.862612 -3.969480
 H 2.403474 1.200675 3.235253
 H 1.392925 0.052420 3.400768
 H -3.501652 -5.614092 6.283848
 H -2.004835 -5.320075 6.081670
 H 1.938616 -2.070070 1.621594
 H 2.768449 -3.379253 1.653149
 H 3.291945 -6.193259 2.353002
 H 1.828000 -6.649521 2.503840
 H -3.647714 -3.511292 3.717330
 H -4.247147 -2.132019 4.031141
 H -3.476556 -6.151671 0.540446
 H -4.558945 -5.077829 0.344785
 H -4.464044 -5.644476 -3.276124
 H -3.503978 -6.545336 -4.054366
 H 2.154821 -1.771754 -2.033884
 H 2.476670 -3.085671 -1.300075
 H -1.605325 3.132584 0.749228
 H -1.362974 1.682678 1.201051
 H -0.389494 -1.950614 1.174509
 H -0.921235 -1.631234 2.585856
 H 0.877779 -3.557721 3.963014
 H -0.354678 -3.729316 3.075353
 H 5.898437 -4.710903 -5.551411
 H 6.169925 -3.670661 -4.449687
 H 5.448776 5.606916 2.686769
 H 5.929658 5.102706 1.303479
 H 5.322135 -2.689268 2.652399
 H 6.580341 -3.579080 2.750749
 H -2.403577 -2.835418 -4.283410
 H -3.933868 -2.952503 -4.458841
 H -0.513563 2.976772 -4.144989
 H -0.609216 1.641862 -4.909419
 H 4.674240 2.475835 3.349493
 H 3.430346 3.219464 2.835164
 H 2.899432 1.066551 -3.870062
 H 2.175493 2.239115 -3.169868
 H -4.987018 2.506150 -5.213844
 H -3.986391 3.093092 -6.233884
 H 4.220519 -5.036178 -1.587582
 H 5.381891 -5.912208 -1.093408
 H 2.751693 -1.092663 -5.062976
 H 1.210122 -0.998679 -5.135616
 H -2.145211 -0.465149 -5.450558
 H -2.863563 0.760085 -4.864654
 H 1.339688 0.495347 0.774774
 H 1.133836 -0.587362 -0.269830
 H 4.014517 -2.200768 -3.407899
 H 5.436126 -1.710201 -3.078579
 H 5.098767 1.017834 -0.081304
 H 5.937217 -0.189742 -0.591217
 H -0.557749 4.078343 2.709647
 H -0.314370 5.401316 1.933745
 H -4.711944 1.204896 -3.405304
 H -5.995163 0.380381 -3.357828
 H 0.753326 -4.699970 -0.661658
 H 0.687040 -3.892844 0.627530
 H 3.720197 3.627753 -4.043851
 H 4.563857 2.805166 -5.030822
 H 3.193820 4.887942 5.142669
 H 2.868615 6.134184 5.964773
 H -5.858415 3.902808 -1.271123
 H -4.819162 4.294172 -2.343314
 H -0.001544 0.380218 -2.131106
 H -1.297613 1.172946 -1.969072
 H -3.144566 -3.322793 -2.173927
 H -2.804449 -4.200398 -0.953659
 H -3.194592 5.881643 2.778038
 H -2.458492 6.103987 4.119015
 H -1.574488 1.824376 3.811572
 H -2.381923 3.096972 3.520676
 H -2.384313 -1.057614 -0.282678
 H -2.797931 0.349306 0.140183
 H -2.367717 -2.100775 5.384066
 H -1.331288 -3.180300 5.065902
 H 1.639096 1.737737 5.292195
 H 0.169625 2.188448 5.466833
 H -5.360470 3.364604 2.285714
 H -3.931681 3.219183 1.715617
 H 3.366523 4.551690 -0.157639
 H 2.812292 4.029669 -1.483194
 H 3.584976 -6.039852 -3.861121
 H 2.274040 -5.273486 -4.124778
 H -2.568742 3.895040 -2.967627
 H -2.141183 4.298063 -1.557432
 H 5.950710 0.245725 6.174059
 H 4.758697 0.458496 5.217901
 H -2.942050 -0.651303 2.453191
 H -3.617872 0.718290 2.625952
 H -0.112180 -3.272662 -2.336089
 H -0.223574 -2.039180 -1.463071
 H 0.432959 -3.500749 -4.676224
 H 0.759640 -3.195169 -6.148253
 H 4.981752 -5.471983 4.947651
 H 6.493458 -5.744280 4.912829
 H 5.656425 -3.583296 0.340115
 H 4.572910 -2.504644 0.369526
 H 4.205771 -0.549310 1.583404
 H 4.364494 -0.043769 3.018115
 H 1.448539 3.703504 -5.030142
 H 1.758372 4.873434 -4.048176
 H -0.890926 -6.349935 -0.208183
 H -1.356488 -5.239961 0.752944
 H -5.378282 -2.036257 -6.443115
 H -4.733899 -0.995999 -5.491336
 H -3.860592 2.093124 -1.044887
 H -4.831014 1.535938 -0.010260
 H 5.775850 2.538181 -2.886477
 H 4.402634 2.010901 -2.448591
 H 3.468089 -0.695597 -0.555320
 H 3.038830 0.407645 -1.535069
 H -5.922346 -0.572172 1.656157
 H -4.862104 -1.659220 1.871835
 H 1.483526 3.726771 1.530173
 H 2.307322 2.579458 0.911894
K_POINTS
 1
0.0 0.0 0.0 1.0