
&control
    calculation='scf'
    pseudo_dir = './',
    outdir='./outputs',
    disk_io='high'
/
&system
    ibrav= 1, celldm(1)=20.000000, nat=  192, ntyp= 2,
    ecutwfc = 30.0, nosym=.true., occupations='smearing',
    smearing='m-v', degauss=0.025
/
&electrons
    conv_thr =  1.0d-8,
    mixing_beta = 0.7
/
&ions
    pot_extrapolation='second-order'
    wfc_extrapolation='second-order'
    ion_temperature = 'andersen'
    tempw = 1000

/
ATOMIC_SPECIES
 H  1.01  H.blyp-hgh.UPF
 O  16.0  O.blyp-hgh.UPF
ATOMIC_POSITIONS bohr
 O -5.259908 -1.525092 -1.537808
 O 3.926849 -2.113893 5.387698
 O -5.741476 5.425171 -5.469106
 O -0.179724 3.775428 -1.514485
 O -4.725474 0.767168 3.912236
 O -0.232749 5.460107 5.223226
 O -0.129883 -5.398530 -3.402045
 O 2.426110 0.155711 3.603916
 O -2.852954 -5.294221 5.651372
 O 1.960119 -2.865396 1.896980
 O 2.552591 -6.102453 2.906351
 O -4.076482 -3.017866 4.473011
 O -4.440678 -5.863942 0.723267
 O -3.604588 -5.700613 -3.752109
 O 2.346928 -2.761014 -2.282664
 O -1.970659 2.435578 1.079936
 O -1.213476 -1.705198 1.852319
 O 0.213235 -4.204767 3.755455
 O 5.405649 -4.293264 -4.976039
 O 5.448789 4.944916 2.200599
 O 5.903778 -2.988961 3.263042
 O -3.241480 -2.911189 -3.851514
 O -0.888919 2.644810 -4.947260
 O 3.916247 2.357391 2.889276
 O 2.330440 1.354332 -3.103844
 O -4.862001 2.708945 -6.222546
 O 4.479469 -5.982060 -1.242785
 O 1.996004 -1.287047 -4.620459
 O -2.039161 0.162640 -4.829728
 O 0.917627 -0.326302 0.770767
 O 4.758228 -1.739673 -3.671477
 O 5.196314 0.099740 -0.132598
 O -0.173044 4.604578 1.920754
 O -5.047455 0.729952 -4.012178
 O 0.733288 -3.826344 -0.377183
 O 4.561069 3.724154 -4.466628
 O 3.427723 5.458467 5.856373
 O -5.247259 3.892117 -1.962271
 O -0.382348 1.005236 -1.725803
 O -3.094187 -3.469170 -1.019950
 O -2.651231 5.486117 3.311217
 O -1.543467 2.802354 4.150634
 O -2.603255 -0.307389 -0.711358
 O -1.542849 -2.154014 4.863023
 O 0.643170 1.861268 4.961884
 O -4.717861 3.316588 1.386225
 O 2.902415 3.970626 -0.640543
 O 2.701981 -6.019043 -3.634254
 O -2.553496 4.511321 -2.324769
 O 5.439502 0.624975 5.369820
 O -3.003036 0.275204 1.980636
 O -0.677458 -2.367945 -2.414260
 O 0.016071 -3.339656 -5.479633
 O 5.750389 -5.955660 4.304257
 O 4.991416 -3.129201 -0.184970
 O 4.641098 -0.719771 2.453693
 O 1.177184 4.325753 -4.308404
 O -0.697590 -5.838122 0.446148
 O -5.526138 -1.456977 -5.726863
 O -4.643756 1.317521 -0.839629
 O 5.180337 1.490942 -2.488009
 O 2.843247 -0.290718 -1.116579
 O -5.274996 -1.282742 1.313280
 O 1.575756 2.574562 1.468756
 H -5.267744 -1.429236 -0.557400
 H -4.512383 -0.926199 -1.752675
 H 3.672989 -2.887337 5.931187
 H 3.204132 -1.994646 4.725041
 H -6.462577 4.978632 -4.956055
 H -5.503972 4.752073 -6.142476
 H 0.301645 2.968697 -1.173458
 H 0.525283 4.326205 -1.905959
 H -5.648184 0.424460 3.843263
 H -4.699487 1.374633 4.694922
 H 0.190224 6.340326 5.085066
 H 0.122954 5.150912 6.082789
 H -0.476243 -5.450442 -2.491758
 H -0.919043 -5.638541 -3.930384
 H 2.727876 1.090236 3.394428
 H 1.455840 0.207663 3.711448
 H -3.434538 -5.444111 6.441459
 H -1.950073 -5.454127 6.003195
 H 2.069684 -2.028288 1.377770
 H 2.880117 -3.197822 1.912326
 H 3.267212 -6.488299 2.352365
 H 1.711383 -6.466994 2.540384
 H -3.252208 -3.425293 4.138481
 H -4.570767 -2.607367 3.711610
 H -3.921409 -6.612287 0.351293
 H -4.161561 -5.059111 0.213631
 H -4.446034 -5.303047 -3.454830
 H -3.685866 -6.666148 -3.596312
 H 2.367402 -1.781470 -2.139424
 H 1.734717 -3.108534 -1.556502
 H -1.112892 2.895923 1.005551
 H -1.806833 1.466992 1.003153
 H -0.453073 -1.125709 1.395336
 H -0.870264 -1.683494 2.780928
 H 1.047037 -4.089572 3.226647
 H -0.447577 -3.926520 3.084999
 H 6.235291 -4.826470 -4.971651
 H 5.561276 -3.319098 -4.879176
 H 5.700044 5.301808 3.110804
 H 6.292976 4.970570 1.710680
 H 5.484568 -2.282115 2.714379
 H 6.105754 -3.717173 2.641487
 H -2.323885 -2.716838 -4.136032
 H -3.713403 -2.937527 -4.707160
 H -0.364107 2.832122 -4.140103
 H -1.415145 1.836205 -4.729781
 H 4.816858 2.657602 3.131571
 H 3.481433 3.166514 2.551114
 H 2.794179 1.021974 -3.903891
 H 1.736883 2.048255 -3.470743
 H -4.982237 2.018036 -5.519740
 H -3.980127 3.076515 -5.991134
 H 4.073640 -5.088716 -1.348544
 H 5.402011 -5.765631 -1.002210
 H 2.760822 -1.329378 -5.251079
 H 1.269455 -0.954568 -5.188887
 H -1.899922 -0.481810 -5.561801
 H -2.929424 0.529820 -5.024040
 H 0.816324 0.589291 1.104174
 H 1.510814 -0.284297 -0.049782
 H 3.982228 -2.199324 -3.267192
 H 5.376267 -1.618129 -2.913410
 H 5.465393 0.961176 -0.539822
 H 5.839597 -0.430047 -0.675535
 H -0.622791 3.948841 2.521686
 H -0.776624 5.351335 2.142851
 H -4.765890 0.703352 -3.068440
 H -6.025891 0.802335 -4.054791
 H 0.402792 -4.742853 -0.486247
 H 1.285278 -3.782298 0.443948
 H 3.676976 4.057145 -4.735244
 H 4.669560 2.865540 -4.922314
 H 3.397680 5.277135 4.886857
 H 2.689113 6.078859 6.004470
 H -5.594088 3.814567 -1.036818
 H -4.606646 4.626028 -1.772281
 H 0.048516 0.271412 -2.206030
 H -1.078375 0.540003 -1.149929
 H -3.040493 -2.927752 -1.860948
 H -2.410362 -4.132964 -1.237813
 H -3.525195 5.748142 2.956911
 H -2.715866 5.758980 4.268788
 H -1.325465 2.137563 3.465478
 H -2.142040 3.409496 3.657229
 H -2.091100 -1.129326 -0.613360
 H -3.086685 -0.194331 0.152999
 H -2.505255 -2.351735 4.839410
 H -1.045073 -2.885387 5.294030
 H 1.371609 1.522665 5.513998
 H 0.190311 2.495753 5.570450
 H -5.082676 3.570421 2.256199
 H -3.852785 2.889450 1.624534
 H 3.395276 4.742672 -0.273578
 H 2.864035 4.179304 -1.593727
 H 3.600664 -5.632867 -3.780552
 H 2.164118 -5.203813 -3.462784
 H -2.459883 3.951541 -3.122640
 H -1.760857 4.238437 -1.783235
 H 5.918391 -0.231168 5.481185
 H 4.527908 0.279349 5.299979
 H -2.414051 -0.531558 2.047882
 H -3.734020 0.293193 2.653866
 H 0.154922 -2.874571 -2.520563
 H -0.661097 -2.048232 -1.499392
 H 0.273045 -3.172682 -4.541413
 H 0.761810 -2.887558 -5.923268
 H 5.002620 -5.968793 4.956032
 H 6.460209 -5.546549 4.838389
 H 5.894064 -3.269251 0.183476
 H 4.756538 -2.274705 0.239593
 H 4.802478 -0.029491 1.770749
 H 3.727990 -0.572530 2.858101
 H 1.274035 4.022006 -5.232688
 H 1.576544 5.235780 -4.345371
 H -1.152685 -6.709046 0.368011
 H -1.347134 -5.113691 0.343418
 H -5.191481 -1.932777 -6.525277
 H -4.712596 -0.981533 -5.456072
 H -4.296007 2.209654 -1.055020
 H -4.760827 1.308087 0.131922
 H 5.807783 2.248902 -2.484816
 H 4.302464 1.935212 -2.522036
 H 3.741439 0.069136 -0.860550
 H 2.474296 0.283551 -1.834380
 H -6.174386 -1.019600 1.611529
 H -4.825690 -1.496025 2.144738
 H 0.718374 3.045445 1.380285
 H 2.048844 3.046455 0.724863
K_POINTS
 1
0.0 0.0 0.0 1.0