
&control
    calculation='scf'
    pseudo_dir = './',
    outdir='./outputs',
    disk_io='high'
/
&system
    ibrav= 1, celldm(1)=20.000000, nat=  192, ntyp= 2,
    ecutwfc = 30.0, nosym=.true., occupations='smearing',
    smearing='m-v', degauss=0.025
/
&electrons
    conv_thr =  1.0d-8,
    mixing_beta = 0.7
/
&ions
    pot_extrapolation='second-order'
    wfc_extrapolation='second-order'
    ion_temperature = 'andersen'
    tempw = 1000

/
ATOMIC_SPECIES
 H  1.01  H.blyp-hgh.UPF
 O  16.0  O.blyp-hgh.UPF
ATOMIC_POSITIONS bohr
 O -5.719405 -1.694191 -0.169185
 O 3.538796 -2.070473 6.290355
 O -5.693312 6.995838 -5.757064
 O 2.000373 2.635972 -0.871346
 O -4.910538 1.124286 4.438541
 O 0.365607 5.969606 6.291370
 O -1.666891 -5.731724 -2.549516
 O 3.976430 1.228439 4.880986
 O -2.562354 -6.756500 5.862144
 O 1.650920 -2.554689 3.506219
 O 2.362161 -5.893843 2.128286
 O -2.906205 -3.944785 5.162174
 O -3.998508 -6.873055 0.035527
 O -3.587222 -3.987152 -4.368962
 O 2.523127 -4.583242 -1.528958
 O -1.351319 3.033100 -1.497027
 O -1.250194 -2.889421 1.289955
 O -0.084456 -4.859150 3.513861
 O 4.215013 -3.954036 -4.104512
 O 4.987151 4.286628 2.003183
 O 5.073439 -3.972214 4.364269
 O -2.437381 -1.541405 -3.163573
 O -1.229050 3.270044 -4.884482
 O 4.708235 1.503008 0.726831
 O 3.179333 1.544296 -3.599860
 O -4.817512 3.718912 -5.812150
 O 4.778508 -5.429105 0.832740
 O 0.733293 -0.699447 -6.231981
 O -2.875651 0.629258 -5.344901
 O 0.581514 -0.980094 1.804187
 O 6.185256 -2.119930 -3.446655
 O 4.060015 -0.454962 -1.319219
 O -0.235537 4.451409 3.313630
 O -4.831137 -0.139811 -2.881549
 O -0.071205 -4.254926 -0.781382
 O 5.756725 3.550612 -7.843714
 O 4.088117 6.117080 5.379398
 O -6.156661 5.991629 -2.349119
 O 0.079654 1.143249 -2.559984
 O -4.654501 -4.236452 -0.665157
 O -3.039645 6.314230 2.571844
 O -2.559743 2.951926 3.662535
 O -2.485306 -0.547985 -0.241057
 O -1.688991 -1.324328 5.244641
 O 0.837790 2.312193 5.393901
 O -4.712377 2.600634 1.822072
 O 3.491663 5.341927 -1.886276
 O 0.940104 -5.797504 -3.445029
 O -3.795533 4.597369 -3.566258
 O 5.838182 1.411981 7.009918
 O -1.275729 1.343482 2.164255
 O 0.294980 -2.045113 -3.507820
 O 0.038875 -3.776820 -5.528658
 O 7.075540 -6.181652 4.012720
 O 3.936284 -2.870746 1.461810
 O 5.865590 -1.512250 2.709727
 O 1.772034 4.056570 -4.250214
 O -1.092529 -7.884834 0.519156
 O -4.458202 -1.372941 -6.976242
 O -4.657833 1.453720 -0.757542
 O 4.529904 3.983203 -5.052262
 O 1.536826 -0.987816 -0.795815
 O -5.144540 -4.155337 1.961477
 O 1.906732 2.555745 2.084410
 H -5.202145 -2.385428 -0.640764
 H -5.967331 -2.173848 0.646194
 H 2.889328 -1.324321 6.321595
 H 3.363722 -2.386943 5.365280
 H -6.054273 6.429071 -5.052736
 H -5.011200 7.672623 -5.497122
 H 2.373404 3.428572 -1.347090
 H 1.100562 2.980775 -0.730439
 H -5.399615 0.286303 4.618568
 H -3.960748 0.880844 4.311354
 H 0.104951 6.910806 6.462950
 H 0.923384 5.789646 7.073444
 H -2.493992 -6.092965 -2.936356
 H -1.331330 -6.633646 -2.359773
 H 3.433240 1.568208 4.130240
 H 4.155587 0.328347 4.522107
 H -3.065829 -7.408105 6.374249
 H -1.717475 -7.239484 5.764833
 H 1.357591 -1.696186 3.069712
 H 2.385868 -2.834600 2.905852
 H 1.437772 -5.913286 2.456427
 H 2.257010 -5.490996 1.246925
 H -2.647355 -4.697880 5.734073
 H -2.613886 -4.129103 4.256528
 H -4.442060 -7.702718 -0.218752
 H -4.741427 -6.242525 -0.167526
 H -3.376378 -3.027274 -4.212077
 H -2.657067 -4.250876 -4.557348
 H 2.597787 -3.903576 -2.241086
 H 1.533478 -4.462161 -1.284910
 H -1.362732 3.370874 -2.428849
 H -1.575032 3.803446 -0.904098
 H -1.951189 -2.287225 0.964788
 H -0.551848 -2.339520 1.697691
 H 0.140314 -4.029633 3.966373
 H -0.919123 -4.710525 3.027944
 H 4.974830 -4.432056 -4.479276
 H 3.746079 -3.489285 -4.897463
 H 4.590646 5.162819 2.206984
 H 5.949408 4.385456 2.093749
 H 5.192049 -3.340300 5.100913
 H 4.545635 -4.728447 4.710270
 H -1.451524 -1.606920 -3.005338
 H -2.524938 -0.731265 -3.718132
 H -0.521493 3.939180 -4.705840
 H -0.925796 2.419403 -4.469140
 H 5.425285 2.143102 0.878415
 H 4.115870 1.709558 1.484814
 H 3.632073 1.321491 -2.745810
 H 2.753903 2.412274 -3.432845
 H -5.390640 3.613171 -6.638615
 H -4.724869 2.771432 -5.509203
 H 4.643269 -6.062762 0.088022
 H 5.550716 -4.922125 0.487433
 H -0.142201 -1.097856 -6.378473
 H 0.645522 0.262344 -6.433641
 H -2.492650 0.088015 -6.081895
 H -3.807545 0.333464 -5.309776
 H 0.053434 -0.139099 1.778504
 H 0.947300 -1.086744 0.883574
 H 5.427498 -1.984725 -4.064812
 H 6.318673 -3.081758 -3.407300
 H 4.417867 0.220237 -0.701916
 H 4.790228 -1.074373 -1.420478
 H 0.137849 5.222942 3.775280
 H -1.191016 4.385960 3.376839
 H -4.084495 -0.768100 -2.974870
 H -5.587316 -0.698990 -3.168374
 H -0.553451 -5.098013 -0.712333
 H -0.309811 -3.786268 0.064091
 H 5.202958 4.345247 -7.938675
 H 5.712807 3.156276 -8.744091
 H 3.229001 6.046636 4.917701
 H 4.170211 5.291048 5.925989
 H -5.905612 5.095837 -2.639561
 H -5.524214 6.553590 -2.824538
 H -0.282737 1.602214 -1.766826
 H 0.907114 1.657927 -2.721659
 H -3.875472 -4.672064 -1.048880
 H -4.305178 -4.151471 0.252805
 H -3.527143 6.104237 1.744032
 H -3.669580 6.024925 3.282755
 H -3.475123 3.315110 3.816614
 H -2.225672 2.843038 4.580835
 H -2.652515 -0.854431 -1.144458
 H -3.097179 0.176692 -0.011487
 H -1.865086 -0.686487 4.524793
 H -2.275415 -2.100590 5.084354
 H 0.878179 2.062777 4.455734
 H 0.051818 2.881646 5.631938
 H -5.002971 1.789675 2.274169
 H -5.051742 2.548566 0.900736
 H 3.272461 6.309659 -1.774733
 H 4.375534 5.334377 -2.292974
 H 1.044362 -5.479904 -4.362091
 H 1.725961 -5.525416 -2.914825
 H -4.254179 4.488947 -4.425772
 H -2.895328 4.469433 -3.916593
 H 5.037941 1.205122 7.565301
 H 5.480982 1.430756 6.084348
 H -1.771346 1.747176 2.933167
 H -0.420652 1.782156 2.216839
 H 0.682083 -1.748987 -2.660319
 H 0.696725 -1.422119 -4.153790
 H -0.377442 -3.102249 -4.955121
 H 0.033251 -3.387566 -6.427480
 H 7.069474 -6.170063 5.005904
 H 6.294242 -5.579267 3.967015
 H 3.823599 -3.843547 1.292838
 H 3.709102 -2.544796 0.567424
 H 6.803107 -1.257391 2.769936
 H 5.523579 -1.339452 1.817060
 H 2.091887 3.971835 -5.166690
 H 1.900978 4.954799 -3.837919
 H -0.593692 -8.553493 1.030914
 H -1.223750 -7.207645 1.211668
 H -4.496680 -1.044672 -6.057478
 H -4.289061 -2.340163 -6.879896
 H -3.845077 1.671966 -1.258827
 H -5.038014 0.759377 -1.365690
 H 4.041310 3.534244 -4.338947
 H 5.447655 3.671328 -5.178515
 H 2.458445 -0.632835 -1.014244
 H 0.870068 -0.465097 -1.293396
 H -4.572473 -4.842166 2.401957
 H -6.027017 -4.545381 1.850608
 H 1.346187 3.364035 2.261563
 H 2.096116 2.703967 1.117541
K_POINTS
 1
0.0 0.0 0.0 1.0