
&control
    calculation='scf'
    pseudo_dir = './',
    outdir='./outputs',
    disk_io='high'
/
&system
    ibrav= 1, celldm(1)=20.000000, nat=  192, ntyp= 2,
    ecutwfc = 30.0, nosym=.true., occupations='smearing',
    smearing='m-v', degauss=0.025
/
&electrons
    conv_thr =  1.0d-8,
    mixing_beta = 0.7
/
&ions
    pot_extrapolation='second-order'
    wfc_extrapolation='second-order'
    ion_temperature = 'andersen'
    tempw = 1000

/
ATOMIC_SPECIES
 H  1.01  H.blyp-hgh.UPF
 O  16.0  O.blyp-hgh.UPF
ATOMIC_POSITIONS bohr
 O -5.721260 -1.695365 -0.166076
 O 3.543768 -2.064880 6.288166
 O -5.691908 6.998828 -5.755082
 O 2.002324 2.636969 -0.868909
 O -4.909911 1.128141 4.438216
 O 0.365525 5.969092 6.293576
 O -1.670904 -5.729438 -2.550081
 O 3.983486 1.224918 4.880917
 O -2.557781 -6.756520 5.868119
 O 1.651699 -2.559143 3.506832
 O 2.356911 -5.888574 2.126875
 O -2.904023 -3.950464 5.165448
 O -3.992816 -6.871769 0.038398
 O -3.586384 -3.984695 -4.371464
 O 2.522952 -4.587140 -1.523273
 O -1.347404 3.032398 -1.499641
 O -1.251750 -2.890460 1.286366
 O -0.085352 -4.859070 3.512746
 O 4.214578 -3.951608 -4.100238
 O 4.991078 4.285800 1.998808
 O 5.072824 -3.973204 4.368593
 O -2.436620 -1.534745 -3.166123
 O -1.231799 3.270379 -4.885388
 O 4.711874 1.499804 0.719332
 O 3.182484 1.544191 -3.598939
 O -4.822974 3.719788 -5.818754
 O 4.780041 -5.429912 0.835839
 O 0.736621 -0.696122 -6.230619
 O -2.877015 0.630106 -5.345572
 O 0.578844 -0.979946 1.804979
 O 6.182199 -2.126149 -3.445532
 O 4.058403 -0.456590 -1.316598
 O -0.242721 4.453300 3.306047
 O -4.829695 -0.141782 -2.877189
 O -0.071477 -4.257415 -0.780924
 O 5.759268 3.542723 -7.844870
 O 4.088899 6.109261 5.378936
 O -6.160203 5.992409 -2.355078
 O 0.081321 1.140353 -2.557763
 O -4.657097 -4.237007 -0.663792
 O -3.039124 6.319110 2.569120
 O -2.555546 2.954150 3.666718
 O -2.488045 -0.539541 -0.237154
 O -1.688115 -1.323557 5.240802
 O 0.842313 2.309594 5.392631
 O -4.718694 2.594158 1.820823
 O 3.488705 5.343553 -1.884099
 O 0.939184 -5.799883 -3.444261
 O -3.803354 4.597334 -3.571826
 O 5.840813 1.414063 7.014719
 O -1.272096 1.345498 2.162006
 O 0.294937 -2.048103 -3.505302
 O 0.035488 -3.779239 -5.528451
 O 7.072650 -6.175141 4.013480
 O 3.936482 -2.870390 1.463978
 O 5.863962 -1.512498 2.710555
 O 1.773307 4.057763 -4.254324
 O -1.084168 -7.887803 0.516933
 O -4.459045 -1.375208 -6.974568
 O -4.658958 1.455060 -0.758603
 O 4.522297 3.986283 -5.055618
 O 1.536164 -0.984823 -0.792035
 O -5.147509 -4.156280 1.961752
 O 1.908575 2.553754 2.080931
 H -5.203539 -2.385051 -0.643945
 H -5.964994 -2.189609 0.643554
 H 2.886531 -1.325864 6.317212
 H 3.365711 -2.387411 5.362214
 H -6.061597 6.431835 -5.057966
 H -5.004598 7.668003 -5.502235
 H 2.383543 3.433092 -1.335026
 H 1.101787 2.985846 -0.730595
 H -5.392672 0.288342 4.624675
 H -3.962944 0.879382 4.308210
 H 0.104270 6.909765 6.466983
 H 0.921763 5.795614 7.078242
 H -2.494258 -6.091673 -2.940995
 H -1.348163 -6.633324 -2.352485
 H 3.430812 1.572443 4.144482
 H 4.158309 0.323554 4.522613
 H -3.060605 -7.409279 6.375517
 H -1.712173 -7.238042 5.762141
 H 1.359311 -1.696467 3.063042
 H 2.385577 -2.830278 2.905698
 H 1.435882 -5.920254 2.458123
 H 2.250829 -5.483135 1.246031
 H -2.633320 -4.696885 5.743922
 H -2.603215 -4.134624 4.265347
 H -4.435140 -7.703974 -0.217494
 H -4.736931 -6.241813 -0.173952
 H -3.366871 -3.025442 -4.221281
 H -2.656240 -4.249674 -4.565394
 H 2.602939 -3.915882 -2.242432
 H 1.533754 -4.462447 -1.275459
 H -1.364363 3.366875 -2.429149
 H -1.569383 3.793420 -0.893555
 H -1.955057 -2.288435 0.957539
 H -0.559819 -2.331935 1.704069
 H 0.136907 -4.028233 3.965853
 H -0.920265 -4.708151 3.024433
 H 4.976097 -4.428523 -4.473317
 H 3.736029 -3.472152 -4.874418
 H 4.597417 5.165446 2.209053
 H 5.950150 4.376777 2.091827
 H 5.200014 -3.336680 5.098932
 H 4.534006 -4.723049 4.705962
 H -1.452053 -1.606356 -3.005186
 H -2.519754 -0.726192 -3.724238
 H -0.523291 3.936844 -4.703369
 H -0.925043 2.424293 -4.469053
 H 5.430983 2.138750 0.866801
 H 4.126320 1.696214 1.485178
 H 3.660281 1.324500 -2.757000
 H 2.753068 2.411078 -3.444333
 H -5.400630 3.605024 -6.643914
 H -4.710348 2.771213 -5.526797
 H 4.632133 -6.053532 0.083079
 H 5.541949 -4.911624 0.483039
 H -0.137309 -1.096264 -6.371769
 H 0.637123 0.261213 -6.449610
 H -2.495076 0.083635 -6.077319
 H -3.807551 0.331413 -5.305357
 H 0.071456 -0.127808 1.766111
 H 0.952939 -1.082360 0.887966
 H 5.433541 -1.979499 -4.064332
 H 6.318348 -3.087374 -3.406581
 H 4.410902 0.217244 -0.696854
 H 4.792032 -1.074482 -1.418898
 H 0.133914 5.221238 3.768924
 H -1.188955 4.389315 3.374675
 H -4.087189 -0.770095 -2.989247
 H -5.590591 -0.693556 -3.165520
 H -0.538885 -5.108254 -0.709433
 H -0.311998 -3.794590 0.067710
 H 5.211405 4.339802 -7.943841
 H 5.726441 3.137923 -8.738666
 H 3.225516 6.038702 4.925352
 H 4.151104 5.285359 5.928951
 H -5.907792 5.093424 -2.626519
 H -5.532713 6.572357 -2.820312
 H -0.282404 1.607178 -1.771678
 H 0.907700 1.654539 -2.729563
 H -3.877191 -4.672824 -1.036554
 H -4.315249 -4.141378 0.260111
 H -3.529457 6.111323 1.740501
 H -3.666676 6.026453 3.277636
 H -3.472970 3.303862 3.826549
 H -2.221045 2.847489 4.586231
 H -2.660510 -0.848210 -1.141286
 H -3.114660 0.173454 -0.008644
 H -1.857159 -0.674436 4.528141
 H -2.285193 -2.092144 5.082470
 H 0.884869 2.053913 4.455236
 H 0.066405 2.888216 5.643991
 H -5.017681 1.784911 2.273194
 H -5.057852 2.556979 0.899715
 H 3.264659 6.314081 -1.796548
 H 4.377062 5.341439 -2.283935
 H 1.045792 -5.488475 -4.362225
 H 1.721871 -5.518975 -2.917091
 H -4.257250 4.492367 -4.431786
 H -2.897674 4.467658 -3.906318
 H 5.034106 1.215964 7.560516
 H 5.492447 1.437374 6.087540
 H -1.768912 1.747157 2.927718
 H -0.416457 1.785076 2.233283
 H 0.679939 -1.749273 -2.660920
 H 0.707581 -1.431601 -4.152146
 H -0.374026 -3.093624 -4.960106
 H 0.036259 -3.389266 -6.427951
 H 7.061983 -6.168433 5.007817
 H 6.286266 -5.576819 3.969439
 H 3.825356 -3.842598 1.290193
 H 3.700816 -2.550231 0.569438
 H 6.805714 -1.266330 2.757402
 H 5.511143 -1.323119 1.823591
 H 2.097702 3.969365 -5.168879
 H 1.894539 4.953328 -3.828862
 H -0.587616 -8.563407 1.020771
 H -1.212333 -7.214852 1.212667
 H -4.490149 -1.050996 -6.052441
 H -4.297613 -2.343602 -6.885084
 H -3.838105 1.668009 -1.249138
 H -5.047672 0.765010 -1.365292
 H 4.047480 3.538872 -4.333927
 H 5.440164 3.685198 -5.193832
 H 2.456028 -0.635655 -1.014087
 H 0.873557 -0.465076 -1.296417
 H -4.565859 -4.850018 2.377756
 H -6.026400 -4.549517 1.846279
 H 1.336650 3.354227 2.271177
 H 2.086908 2.703463 1.112319
K_POINTS
 1
0.0 0.0 0.0 1.0