
&control
    calculation='scf'
    pseudo_dir = './',
    outdir='./outputs',
    disk_io='high'
/
&system
    ibrav= 1, celldm(1)=20.000000, nat=  192, ntyp= 2,
    ecutwfc = 30.0, nosym=.true., occupations='smearing',
    smearing='m-v', degauss=0.025
/
&electrons
    conv_thr =  1.0d-8,
    mixing_beta = 0.7
/
&ions
    pot_extrapolation='second-order'
    wfc_extrapolation='second-order'
    ion_temperature = 'andersen'
    tempw = 1000

/
ATOMIC_SPECIES
 H  1.01  H.blyp-hgh.UPF
 O  16.0  O.blyp-hgh.UPF
ATOMIC_POSITIONS bohr
 O -5.723138 -1.696575 -0.162985
 O 3.548676 -2.059256 6.285847
 O -5.690539 7.001871 -5.753199
 O 2.004292 2.638130 -0.866518
 O -4.909245 1.131987 4.437835
 O 0.365466 5.968596 6.295772
 O -1.675036 -5.727328 -2.550670
 O 3.990495 1.221275 4.880710
 O -2.553144 -6.756557 5.874068
 O 1.652532 -2.563512 3.507450
 O 2.351631 -5.883347 2.125455
 O -2.901860 -3.956009 5.168780
 O -3.987296 -6.870438 0.041240
 O -3.585424 -3.982134 -4.373997
 O 2.522641 -4.590933 -1.517646
 O -1.343530 3.031769 -1.502337
 O -1.253377 -2.891628 1.282801
 O -0.086320 -4.859107 3.511636
 O 4.213980 -3.949086 -4.096063
 O 4.994925 4.284965 1.994425
 O 5.072180 -3.974190 4.372864
 O -2.435846 -1.528053 -3.168684
 O -1.234505 3.270741 -4.886256
 O 4.715481 1.496586 0.711898
 O 3.185721 1.544067 -3.597940
 O -4.828460 3.720502 -5.825425
 O 4.781663 -5.430724 0.838818
 O 0.740067 -0.692725 -6.229181
 O -2.878366 0.630912 -5.346254
 O 0.576118 -0.979667 1.805723
 O 6.179071 -2.132353 -3.444484
 O 4.056767 -0.458113 -1.313996
 O -0.249614 4.455116 3.298389
 O -4.828212 -0.143661 -2.872884
 O -0.071682 -4.259918 -0.780405
 O 5.761835 3.534795 -7.846014
 O 4.089615 6.101339 5.378453
 O -6.163794 5.993185 -2.361034
 O 0.083075 1.137444 -2.555574
 O -4.659615 -4.237581 -0.662405
 O -3.038596 6.324006 2.566422
 O -2.551441 2.956458 3.671122
 O -2.490685 -0.531150 -0.233160
 O -1.687231 -1.322738 5.236935
 O 0.846798 2.306984 5.391513
 O -4.725070 2.587785 1.819582
 O 3.485724 5.345168 -1.881894
 O 0.938306 -5.802380 -3.443501
 O -3.811109 4.597373 -3.577352
 O 5.843394 1.416072 7.019537
 O -1.268453 1.347429 2.159802
 O 0.294905 -2.051021 -3.502781
 O 0.032059 -3.781650 -5.528357
 O 7.069643 -6.168622 4.014364
 O 3.936582 -2.870109 1.466027
 O 5.862344 -1.512706 2.711486
 O 1.774521 4.058875 -4.258349
 O -1.075739 -7.890740 0.514784
 O -4.459920 -1.377540 -6.972854
 O -4.660069 1.456407 -0.759679
 O 4.514657 3.989565 -5.059045
 O 1.535467 -0.981863 -0.788278
 O -5.150343 -4.157225 1.962009
 O 1.910286 2.551898 2.077396
 H -5.205045 -2.384438 -0.647166
 H -5.962549 -2.205327 0.640928
 H 2.883801 -1.327740 6.313175
 H 3.367784 -2.387907 5.359696
 H -6.068295 6.434866 -5.062797
 H -4.998184 7.662526 -5.506503
 H 2.394055 3.437178 -1.322424
 H 1.102529 2.990658 -0.730790
 H -5.385130 0.290602 4.630657
 H -3.966094 0.877861 4.305249
 H 0.103275 6.908623 6.470638
 H 0.919997 5.800744 7.082655
 H -2.495308 -6.089523 -2.945797
 H -1.363912 -6.632564 -2.344810
 H 3.428575 1.577105 4.159194
 H 4.161128 0.318864 4.523511
 H -3.056246 -7.410677 6.376882
 H -1.706557 -7.235965 5.759494
 H 1.361134 -1.697780 3.056824
 H 2.385228 -2.826071 2.905732
 H 1.434012 -5.926805 2.459956
 H 2.244790 -5.475337 1.245194
 H -2.619328 -4.696145 5.753153
 H -2.592577 -4.140810 4.273880
 H -4.427692 -7.705558 -0.216071
 H -4.731700 -6.241153 -0.180352
 H -3.357931 -3.023842 -4.229994
 H -2.655876 -4.249164 -4.573246
 H 2.608695 -3.928458 -2.243432
 H 1.534463 -4.462865 -1.265569
 H -1.366116 3.362539 -2.428777
 H -1.563547 3.783042 -0.883083
 H -1.958507 -2.289343 0.950162
 H -0.567761 -2.323662 1.710363
 H 0.134021 -4.026399 3.964712
 H -0.921197 -4.705666 3.020850
 H 4.977067 -4.425094 -4.467933
 H 3.727114 -3.455738 -4.850329
 H 4.604473 5.167721 2.210818
 H 5.951327 4.368477 2.089986
 H 5.208011 -3.333444 5.096768
 H 4.522672 -4.717316 4.702186
 H -1.452860 -1.606001 -3.005477
 H -2.514061 -0.721022 -3.730542
 H -0.525052 3.933946 -4.700956
 H -0.924416 2.429648 -4.469127
 H 5.436687 2.134454 0.854971
 H 4.136773 1.682761 1.485049
 H 3.687895 1.327474 -2.768703
 H 2.752077 2.409938 -3.455914
 H -5.410449 3.597209 -6.649004
 H -4.696037 2.771876 -5.544580
 H 4.620743 -6.044292 0.078535
 H 5.532743 -4.901224 0.478444
 H -0.132829 -1.094598 -6.365579
 H 0.628856 0.259888 -6.465370
 H -2.497562 0.079143 -6.072325
 H -3.807528 0.330024 -5.300679
 H 0.089457 -0.117115 1.753899
 H 0.958828 -1.077796 0.892195
 H 5.439665 -1.974884 -4.063624
 H 6.317779 -3.092875 -3.405786
 H 4.403960 0.214504 -0.691333
 H 4.794502 -1.075276 -1.417345
 H 0.129321 5.219869 3.762823
 H -1.188449 4.392994 3.372861
 H -4.090097 -0.772022 -3.003003
 H -5.593661 -0.688274 -3.162427
 H -0.524468 -5.118460 -0.706943
 H -0.314432 -3.802627 0.071171
 H 5.219929 4.334625 -7.949105
 H 5.740154 3.119703 -8.732755
 H 3.222049 6.030717 4.933070
 H 4.131944 5.280032 5.932241
 H -5.909495 5.090920 -2.613565
 H -5.540993 6.591039 -2.815981
 H -0.282496 1.612180 -1.776795
 H 0.908000 1.650499 -2.737376
 H -3.878480 -4.673713 -1.025264
 H -4.326307 -4.130929 0.267891
 H -3.531449 6.117885 1.736700
 H -3.663700 6.028244 3.272440
 H -3.470328 3.292208 3.835870
 H -2.216560 2.852097 4.591499
 H -2.668875 -0.841838 -1.138353
 H -3.132447 0.170079 -0.006143
 H -1.849055 -0.662906 4.531343
 H -2.294937 -2.083742 5.080748
 H 0.891015 2.045738 4.454634
 H 0.081827 2.894004 5.655069
 H -5.032430 1.779969 2.272221
 H -5.063366 2.564697 0.898756
 H 3.256765 6.318188 -1.818304
 H 4.378684 5.348727 -2.274976
 H 1.047416 -5.495983 -4.361616
 H 1.717771 -5.512216 -2.919556
 H -4.261211 4.495595 -4.438157
 H -2.899550 4.465475 -3.895703
 H 5.030788 1.227109 7.555211
 H 5.503764 1.444232 6.091260
 H -1.766669 1.747104 2.921292
 H -0.411488 1.788324 2.249627
 H 0.678019 -1.749862 -2.661052
 H 0.718274 -1.440984 -4.150724
 H -0.370220 -3.085317 -4.964705
 H 0.039404 -3.390999 -6.428109
 H 7.055163 -6.167066 5.009610
 H 6.278592 -5.574017 3.971154
 H 3.827544 -3.841405 1.288078
 H 3.692404 -2.555262 0.571562
 H 6.808112 -1.275210 2.744391
 H 5.498878 -1.306537 1.830384
 H 2.103775 3.967371 -5.170952
 H 1.888154 4.951497 -3.820440
 H -0.581770 -8.573337 1.010444
 H -1.201324 -7.221882 1.213591
 H -4.483896 -1.057691 -6.047676
 H -4.306286 -2.346939 -6.890430
 H -3.831302 1.664386 -1.239315
 H -5.057079 0.770786 -1.364777
 H 4.054277 3.543110 -4.329037
 H 5.432511 3.698234 -5.208729
 H 2.453129 -0.638815 -1.013953
 H 0.877356 -0.464490 -1.299312
 H -4.559786 -4.857372 2.353560
 H -6.025826 -4.553740 1.842706
 H 1.327842 3.343754 2.281182
 H 2.077966 2.702503 1.107339
K_POINTS
 1
0.0 0.0 0.0 1.0