
&control
    calculation='scf'
    pseudo_dir = './',
    outdir='./outputs',
    disk_io='high'
/
&system
    ibrav= 1, celldm(1)=20.000000, nat=  192, ntyp= 2,
    ecutwfc = 30.0, nosym=.true., occupations='smearing',
    smearing='m-v', degauss=0.025
/
&electrons
    conv_thr =  1.0d-8,
    mixing_beta = 0.7
/
&ions
    pot_extrapolation='second-order'
    wfc_extrapolation='second-order'
    ion_temperature = 'andersen'
    tempw = 1000

/
ATOMIC_SPECIES
 H  1.01  H.blyp-hgh.UPF
 O  16.0  O.blyp-hgh.UPF
ATOMIC_POSITIONS bohr
 O -5.725033 -1.697843 -0.159909
 O 3.553518 -2.053610 6.283386
 O -5.689219 7.004958 -5.751434
 O 2.006266 2.639464 -0.864169
 O -4.908546 1.135823 4.437400
 O 0.365431 5.968122 6.297961
 O -1.679286 -5.725390 -2.551280
 O 3.997469 1.217509 4.880385
 O -2.548432 -6.756606 5.879984
 O 1.653398 -2.567763 3.508064
 O 2.346336 -5.878163 2.124022
 O -2.899718 -3.961430 5.172192
 O -3.981960 -6.869068 0.044041
 O -3.584333 -3.979471 -4.376565
 O 2.522200 -4.594623 -1.512078
 O -1.339698 3.031192 -1.505089
 O -1.255065 -2.892892 1.279269
 O -0.087369 -4.859251 3.510532
 O 4.213221 -3.946478 -4.091956
 O 4.998663 4.284135 1.990038
 O 5.071515 -3.975167 4.377068
 O -2.435060 -1.521329 -3.171261
 O -1.237169 3.271138 -4.887089
 O 4.719058 1.493352 0.704527
 O 3.189055 1.543909 -3.596878
 O -4.833973 3.721054 -5.832170
 O 4.783372 -5.431543 0.841668
 O 0.743624 -0.689249 -6.227673
 O -2.879703 0.631681 -5.346938
 O 0.573344 -0.979254 1.806415
 O 6.175906 -2.138534 -3.443485
 O 4.055121 -0.459551 -1.311423
 O -0.256165 4.456858 3.290654
 O -4.826701 -0.145447 -2.868640
 O -0.071819 -4.262436 -0.779824
 O 5.764430 3.526826 -7.847126
 O 4.090255 6.093311 5.377946
 O -6.167441 5.993985 -2.366980
 O 0.084918 1.134516 -2.553428
 O -4.662065 -4.238160 -0.660970
 O -3.038062 6.328921 2.563731
 O -2.547419 2.958841 3.675749
 O -2.493238 -0.522810 -0.229094
 O -1.686338 -1.321867 5.233042
 O 0.851257 2.304353 5.390550
 O -4.731503 2.581511 1.818364
 O 3.482731 5.346782 -1.879668
 O 0.937467 -5.804998 -3.442746
 O -3.818793 4.597489 -3.582820
 O 5.845938 1.418013 7.024370
 O -1.264769 1.349286 2.157634
 O 0.294887 -2.053868 -3.500278
 O 0.028582 -3.784037 -5.528374
 O 7.066511 -6.162095 4.015376
 O 3.936579 -2.869903 1.467950
 O 5.860740 -1.512867 2.712509
 O 1.775668 4.059904 -4.262281
 O -1.067245 -7.893648 0.512698
 O -4.460828 -1.379930 -6.971095
 O -4.661168 1.457768 -0.760762
 O 4.506977 3.993050 -5.062551
 O 1.534724 -0.978944 -0.784540
 O -5.153033 -4.158164 1.962246
 O 1.911856 2.550178 2.073820
 H -5.206696 -2.383497 -0.650421
 H -5.960031 -2.220911 0.638299
 H 2.881135 -1.329901 6.309488
 H 3.369981 -2.388402 5.357837
 H -6.074369 6.438126 -5.067145
 H -4.991861 7.656300 -5.509847
 H 2.404901 3.440792 -1.309284
 H 1.102896 2.995181 -0.731060
 H -5.377073 0.293058 4.636521
 H -3.970075 0.876309 4.302448
 H 0.101943 6.907390 6.473882
 H 0.918106 5.804972 7.086672
 H -2.497202 -6.086490 -2.950813
 H -1.378530 -6.631420 -2.336702
 H 3.426484 1.582176 4.174258
 H 4.164017 0.314308 4.524761
 H -3.052765 -7.412354 6.378374
 H -1.700687 -7.233250 5.756924
 H 1.363064 -1.700259 3.051188
 H 2.384949 -2.822085 2.905888
 H 1.432091 -5.932918 2.461909
 H 2.238862 -5.467622 1.244466
 H -2.605425 -4.695583 5.761705
 H -2.581931 -4.147671 4.282017
 H -4.419674 -7.707380 -0.214450
 H -4.725695 -6.240590 -0.186693
 H -3.349592 -3.022450 -4.238196
 H -2.656019 -4.249359 -4.580888
 H 2.615019 -3.941255 -2.244080
 H 1.535604 -4.463395 -1.255288
 H -1.368007 3.357987 -2.427870
 H -1.557535 3.772368 -0.872761
 H -1.961460 -2.290038 0.942700
 H -0.575819 -2.314856 1.716447
 H 0.131655 -4.024189 3.962926
 H -0.921857 -4.703094 3.017226
 H 4.977672 -4.421704 -4.463196
 H 3.719375 -3.440062 -4.825416
 H 4.611879 5.169516 2.212240
 H 5.953105 4.360576 2.088252
 H 5.216001 -3.330613 5.094475
 H 4.511603 -4.711264 4.699017
 H -1.453933 -1.605839 -3.006211
 H -2.507852 -0.715770 -3.737011
 H -0.526762 3.930567 -4.698612
 H -0.923911 2.435313 -4.469319
 H 5.442364 2.130206 0.842938
 H 4.147232 1.669231 1.484436
 H 3.714812 1.330508 -2.780904
 H 2.750962 2.408887 -3.467485
 H -5.420060 3.589773 -6.653858
 H -4.681947 2.773407 -5.562493
 H 4.609126 -6.035011 0.074446
 H 5.523092 -4.890956 0.473657
 H -0.128797 -1.092934 -6.359897
 H 0.620789 0.258368 -6.480876
 H -2.500067 0.074506 -6.066991
 H -3.807504 0.329299 -5.295739
 H 0.107370 -0.107003 1.741950
 H 0.964992 -1.073141 0.896229
 H 5.445684 -1.970899 -4.062849
 H 6.316931 -3.098255 -3.404953
 H 4.397073 0.212046 -0.685328
 H 4.797524 -1.076652 -1.415787
 H 0.124104 5.218867 3.756994
 H -1.189935 4.396952 3.371434
 H -4.093169 -0.773918 -3.016126
 H -5.596520 -0.683144 -3.159092
 H -0.510205 -5.128632 -0.704860
 H -0.317106 -3.810357 0.074464
 H 5.228506 4.329728 -7.954517
 H 5.753912 3.101617 -8.726460
 H 3.218590 6.022759 4.940793
 H 4.112839 5.275024 5.935926
 H -5.910598 5.088350 -2.600805
 H -5.549125 6.609394 -2.811507
 H -0.283024 1.617254 -1.782114
 H 0.908012 1.645810 -2.745068
 H -3.879202 -4.674788 -1.015046
 H -4.338402 -4.120169 0.275966
 H -3.533053 6.123914 1.732686
 H -3.660720 6.030272 3.267264
 H -3.467319 3.280214 3.844572
 H -2.212195 2.856846 4.596597
 H -2.677558 -0.835306 -1.135534
 H -3.150504 0.166543 -0.003952
 H -1.840798 -0.651957 4.534414
 H -2.304635 -2.075343 5.079154
 H 0.896559 2.038318 4.453987
 H 0.098024 2.898998 5.665091
 H -5.047199 1.774910 2.271170
 H -5.068317 2.571674 0.897838
 H 3.248756 6.321910 -1.839918
 H 4.380358 5.356195 -2.266077
 H 1.049221 -5.502397 -4.360321
 H 1.713698 -5.505142 -2.922159
 H -4.266031 4.498615 -4.444949
 H -2.901039 4.462884 -3.884791
 H 5.027898 1.238519 7.549463
 H 5.514902 1.451314 6.095429
 H -1.764737 1.747061 2.914020
 H -0.405876 1.791802 2.265823
 H 0.676358 -1.750727 -2.660597
 H 0.728762 -1.450297 -4.149481
 H -0.366001 -3.077419 -4.968936
 H 0.042692 -3.392798 -6.427954
 H 7.049026 -6.165951 5.011235
 H 6.271287 -5.570887 3.972166
 H 3.830168 -3.840028 1.286547
 H 3.683879 -2.559836 0.573800
 H 6.810239 -1.284036 2.730927
 H 5.486840 -1.289758 1.837499
 H 2.110118 3.965915 -5.172884
 H 1.881851 4.949259 -3.812746
 H -0.576144 -8.583283 0.999969
 H -1.190722 -7.228719 1.214486
 H -4.477918 -1.064787 -6.043242
 H -4.315072 -2.350213 -6.895919
 H -3.824710 1.661049 -1.229394
 H -5.066160 0.776714 -1.364175
 H 4.061682 3.546938 -4.324238
 H 5.424782 3.710412 -5.223189
 H 2.449875 -0.642272 -1.013859
 H 0.881415 -0.463313 -1.302092
 H -4.554248 -4.864221 2.329431
 H -6.025356 -4.558098 1.839865
 H 1.319839 3.332571 2.291490
 H 2.069295 2.701125 1.102589
K_POINTS
 1
0.0 0.0 0.0 1.0