
&control
    calculation='scf'
    pseudo_dir = './',
    outdir='./outputs',
    disk_io='high'
/
&system
    ibrav= 1, celldm(1)=20.000000, nat=  192, ntyp= 2,
    ecutwfc = 30.0, nosym=.true., occupations='smearing',
    smearing='m-v', degauss=0.025
/
&electrons
    conv_thr =  1.0d-8,
    mixing_beta = 0.7
/
&ions
    pot_extrapolation='second-order'
    wfc_extrapolation='second-order'
    ion_temperature = 'andersen'
    tempw = 1000

/
ATOMIC_SPECIES
 H  1.01  H.blyp-hgh.UPF
 O  16.0  O.blyp-hgh.UPF
ATOMIC_POSITIONS bohr
 O -5.725986 -1.698504 -0.158374
 O 3.555913 -2.050780 6.282099
 O -5.688582 7.006515 -5.750603
 O 2.007253 2.640197 -0.863009
 O -4.908186 1.137737 4.437164
 O 0.365422 5.967894 6.299052
 O -1.681455 -5.724485 -2.551594
 O 4.000946 1.215580 4.880185
 O -2.546046 -6.756632 5.882928
 O 1.653840 -2.569836 3.508368
 O 2.343687 -5.875587 2.123299
 O -2.898654 -3.964097 5.173933
 O -3.979364 -6.868371 0.045424
 O -3.583735 -3.978102 -4.377863
 O 2.521932 -4.596432 -1.509316
 O -1.337796 3.030916 -1.506476
 O -1.255929 -2.893550 1.277517
 O -0.087927 -4.859360 3.509982
 O 4.212782 -3.945146 -4.089916
 O 5.000484 4.283726 1.987842
 O 5.071176 -3.975652 4.379139
 O -2.434663 -1.517956 -3.172558
 O -1.238486 3.271352 -4.887495
 O 4.720836 1.491728 0.700864
 O 3.190759 1.543813 -3.596327
 O -4.836740 3.721269 -5.835573
 O 4.784256 -5.431954 0.843041
 O 0.745442 -0.687479 -6.226895
 O -2.880368 0.632054 -5.347278
 O 0.571941 -0.978996 1.806740
 O 6.174320 -2.141614 -3.442996
 O 4.054298 -0.460244 -1.310149
 O -0.259300 4.457702 3.286755
 O -4.825937 -0.146306 -2.866542
 O -0.071861 -4.263702 -0.779509
 O 5.765740 3.522827 -7.847664
 O 4.090543 6.089256 5.377683
 O -6.169288 5.994402 -2.369948
 O 0.085873 1.133042 -2.552374
 O -4.663267 -4.238449 -0.660228
 O -3.037792 6.331385 2.562382
 O -2.545434 2.960058 3.678147
 O -2.494487 -0.518658 -0.227041
 O -1.685888 -1.321411 5.231087
 O 0.853482 2.303028 5.390125
 O -4.734741 2.578410 1.817768
 O 3.481234 5.347593 -1.878551
 O 0.937061 -5.806352 -3.442369
 O -3.822607 4.597575 -3.585529
 O 5.847201 1.418958 7.026792
 O -1.262900 1.350190 2.156561
 O 0.294885 -2.055263 -3.499039
 O 0.026825 -3.785216 -5.528422
 O 7.064896 -6.158830 4.015930
 O 3.936539 -2.869826 1.468863
 O 5.859944 -1.512929 2.713049
 O 1.776214 4.060386 -4.264209
 O -1.062976 -7.895092 0.511675
 O -4.461295 -1.381144 -6.970197
 O -4.661715 1.458456 -0.761302
 O 4.503120 3.994870 -5.064334
 O 1.534332 -0.977501 -0.782676
 O -5.154322 -4.158629 1.962356
 O 1.912585 2.549368 2.072021
 H -5.207586 -2.382878 -0.652061
 H -5.958754 -2.228623 0.636976
 H 2.879824 -1.331074 6.307777
 H 3.371136 -2.388641 5.357181
 H -6.077173 6.439829 -5.069115
 H -4.988700 7.652942 -5.511147
 H 2.410438 3.442414 -1.302513
 H 1.102974 2.997324 -0.731236
 H -5.372880 0.294348 4.639413
 H -3.972327 0.875528 4.301099
 H 0.101144 6.906742 6.475342
 H 0.917119 5.806730 7.088531
 H -2.498478 -6.084637 -2.953415
 H -1.385405 -6.630717 -2.332474
 H 3.425477 1.584858 4.181888
 H 4.165478 0.312086 4.525503
 H -3.051350 -7.413306 6.379172
 H -1.697676 -7.231655 5.755679
 H 1.364066 -1.701965 3.048621
 H 2.384877 -2.820206 2.905991
 H 1.431092 -5.935805 2.462925
 H 2.235930 -5.463801 1.244157
 H -2.598522 -4.695344 5.765709
 H -2.576597 -4.151355 4.285913
 H -4.415440 -7.708352 -0.213556
 H -4.722396 -6.240356 -0.189834
 H -3.345657 -3.021822 -4.242099
 H -2.656290 -4.249724 -4.584625
 H 2.618384 -3.947717 -2.244272
 H 1.536333 -4.463693 -1.250017
 H -1.369009 3.355671 -2.427268
 H -1.554466 3.766940 -0.867681
 H -1.962729 -2.290331 0.938950
 H -0.579938 -2.310307 1.719368
 H 0.130668 -4.022963 3.961783
 H -0.922069 -4.701781 3.015406
 H 4.977816 -4.420003 -4.461091
 H 3.715951 -3.432500 -4.812728
 H 4.615728 5.170201 2.212812
 H 5.954260 4.356780 2.087433
 H 5.219980 -3.329352 5.093301
 H 4.506158 -4.708124 4.697683
 H -1.454562 -1.605826 -3.006742
 H -2.504553 -0.713118 -3.740296
 H -0.527591 3.928724 -4.697471
 H -0.923700 2.438209 -4.469444
 H 5.445182 2.128098 0.836852
 H 4.152462 1.662448 1.483953
 H 3.727977 1.332076 -2.787184
 H 2.750372 2.408403 -3.473237
 H -5.424778 3.586210 -6.656191
 H -4.674988 2.774487 -5.571477
 H 4.603241 -6.030347 0.072589
 H 5.518101 -4.885881 0.471196
 H -0.126951 -1.092124 -6.357243
 H 0.616852 0.257534 -6.488518
 H -2.501314 0.072121 -6.064221
 H -3.807503 0.329185 -5.293170
 H 0.116272 -0.102159 1.736100
 H 0.968182 -1.070807 0.898166
 H 5.448595 -1.969145 -4.062488
 H 6.316393 -3.100900 -3.404532
 H 4.393659 0.210929 -0.682140
 H 4.799197 -1.077516 -1.414995
 H 0.121273 5.218510 3.754187
 H -1.191525 4.399023 3.370876
 H -4.094750 -0.774865 -3.022447
 H -5.597869 -0.680635 -3.157332
 H -0.503131 -5.133700 -0.703970
 H -0.318532 -3.814102 0.076043
 H 5.232809 4.327384 -7.957293
 H 5.760797 3.092622 -8.723204
 H 3.216860 6.018815 4.944635
 H 4.103342 5.272629 5.937936
 H -5.910889 5.087055 -2.594527
 H -5.553158 6.618373 -2.809203
 H -0.283453 1.619829 -1.784831
 H 0.907916 1.643227 -2.748861
 H -3.879319 -4.675406 -1.010341
 H -4.344851 -4.114690 0.280057
 H -3.533690 6.126725 1.730618
 H -3.659251 6.031366 3.264714
 H -3.465721 3.274112 3.848691
 H -2.210050 2.859270 4.599075
 H -2.682001 -0.831976 -1.134129
 H -3.159617 0.164704 -0.002964
 H -1.836620 -0.646717 4.535904
 H -2.309460 -2.071132 5.078396
 H 0.899091 2.034910 4.453665
 H 0.106386 2.901202 5.669686
 H -5.054584 1.772359 2.270589
 H -5.070591 2.574872 0.897385
 H 3.244704 6.323603 -1.850645
 H 4.381199 5.359983 -2.261643
 H 1.050188 -5.505185 -4.359440
 H 1.711681 -5.501488 -2.923492
 H -4.268746 4.500042 -4.448512
 H -2.901672 4.461437 -3.879237
 H 5.026581 1.244310 7.546450
 H 5.520396 1.454936 6.097652
 H -1.763928 1.747059 2.910111
 H -0.402882 1.793590 2.273850
 H 0.675632 -1.751255 -2.660119
 H 0.733915 -1.454937 -4.148912
 H -0.363730 -3.073651 -4.970921
 H 0.044392 -3.393729 -6.427763
 H 7.046214 -6.165483 5.011971
 H 6.267792 -5.569207 3.972411
 H 3.831644 -3.839291 1.286014
 H 3.679577 -2.561938 0.574966
 H 6.811181 -1.288431 2.724033
 H 5.480924 -1.281311 1.841199
 H 2.113395 3.965405 -5.173789
 H 1.878740 4.947979 -3.809199
 H -0.573409 -8.588264 0.994689
 H -1.185572 -7.232063 1.214937
 H -4.475032 -1.068492 -6.041163
 H -4.319505 -2.351839 -6.898713
 H -3.821507 1.659473 -1.224409
 H -5.070557 0.779735 -1.363853
 H 4.065606 3.548695 -4.321862
 H 5.420910 3.716176 -5.230250
 H 2.448159 -0.644097 -1.013833
 H 0.883526 -0.462496 -1.303442
 H -4.551675 -4.867455 2.317411
 H -6.025177 -4.560339 1.838712
 H 1.316159 3.326708 2.296731
 H 2.065061 2.700291 1.100294
K_POINTS
 1
0.0 0.0 0.0 1.0