
&control
    calculation='scf'
    pseudo_dir = './',
    outdir='./outputs',
    disk_io='high'
/
&system
    ibrav= 1, celldm(1)=20.000000, nat=  192, ntyp= 2,
    ecutwfc = 30.0, nosym=.true., occupations='smearing',
    smearing='m-v', degauss=0.025
/
&electrons
    conv_thr =  1.0d-8,
    mixing_beta = 0.7
/
&ions
    pot_extrapolation='second-order'
    wfc_extrapolation='second-order'
    ion_temperature = 'andersen'
    tempw = 1000

/
ATOMIC_SPECIES
 H  1.01  H.blyp-hgh.UPF
 O  16.0  O.blyp-hgh.UPF
ATOMIC_POSITIONS bohr
 O -5.727896 -1.699894 -0.155310
 O 3.560649 -2.045113 6.279413
 O -5.687363 7.009649 -5.749051
 O 2.009217 2.641801 -0.860713
 O -4.907453 1.141558 4.436654
 O 0.365424 5.967456 6.301228
 O -1.685881 -5.722801 -2.552236
 O 4.007885 1.211631 4.879722
 O -2.541215 -6.756689 5.888786
 O 1.654729 -2.573862 3.508967
 O 2.338393 -5.870466 2.121838
 O -2.896540 -3.969348 5.177492
 O -3.974318 -6.866955 0.048151
 O -3.582435 -3.975290 -4.380487
 O 2.521308 -4.599981 -1.503834
 O -1.334021 3.030377 -1.509253
 O -1.257689 -2.894898 1.274052
 O -0.089113 -4.859643 3.508889
 O 4.211791 -3.942436 -4.085843
 O 5.004021 4.282923 1.983449
 O 5.070491 -3.976612 4.383210
 O -2.433867 -1.511187 -3.175168
 O -1.241093 3.271818 -4.888286
 O 4.724374 1.488466 0.693580
 O 3.194247 1.543581 -3.595196
 O -4.842293 3.721582 -5.842445
 O 4.786084 -5.432778 0.845683
 O 0.749149 -0.683873 -6.225297
 O -2.881687 0.632778 -5.347950
 O 0.569108 -0.978374 1.807342
 O 6.171162 -2.147747 -3.442023
 O 4.052669 -0.461591 -1.307630
 O -0.265276 4.459335 3.278897
 O -4.824400 -0.147955 -2.862398
 O -0.071893 -4.266249 -0.778829
 O 5.768385 3.514802 -7.848694
 O 4.091051 6.081061 5.377137
 O -6.173029 5.995282 -2.375867
 O 0.087849 1.130072 -2.550310
 O -4.665628 -4.239021 -0.658684
 O -3.037247 6.336330 2.559665
 O -2.541508 2.962536 3.683110
 O -2.496939 -0.510386 -0.222907
 O -1.684978 -1.320457 5.227164
 O 0.857933 2.300347 5.389389
 O -4.741257 2.572274 1.816612
 O 3.478245 5.349232 -1.876311
 O 0.936273 -5.809154 -3.441612
 O -3.830172 4.597806 -3.590895
 O 5.849719 1.420802 7.031647
 O -1.259086 1.351958 2.154431
 O 0.294896 -2.057998 -3.496597
 O 0.023272 -3.787538 -5.528595
 O 7.061564 -6.152297 4.017137
 O 3.936377 -2.869725 1.470588
 O 5.858368 -1.513009 2.714180
 O 1.777249 4.061283 -4.267987
 O -1.054393 -7.897960 0.509663
 O -4.462252 -1.383604 -6.968363
 O -4.662802 1.459852 -0.762377
 O 4.495372 3.998664 -5.067964
 O 1.533497 -0.974657 -0.778957
 O -5.156786 -4.159548 1.962556
 O 1.913931 2.547844 2.068408
 H -5.209506 -2.381301 -0.655365
 H -5.956183 -2.243829 0.634298
 H 2.877237 -1.333569 6.304618
 H 3.373576 -2.389094 5.356448
 H -6.082314 6.443356 -5.072605
 H -4.982303 7.645812 -5.512962
 H 2.421719 3.445283 -1.288581
 H 1.103000 3.001357 -0.731692
 H -5.364233 0.297025 4.645124
 H -3.977234 0.873963 4.298482
 H 0.099270 6.905393 6.477926
 H 0.915080 5.809503 7.091954
 H -2.501691 -6.080251 -2.958823
 H -1.398281 -6.629072 -2.323655
 H 3.423513 1.590500 4.197273
 H 4.168415 0.307759 4.527184
 H -3.049151 -7.415447 6.380866
 H -1.691533 -7.227993 5.753287
 H 1.366132 -1.706344 3.044046
 H 2.384941 -2.816737 2.906204
 H 1.428983 -5.941226 2.465025
 H 2.230109 -5.456242 1.243670
 H -2.584842 -4.694906 5.773143
 H -2.565895 -4.159222 4.293327
 H -4.406507 -7.710367 -0.211580
 H -4.715208 -6.239988 -0.196043
 H -3.338265 -3.020678 -4.249498
 H -2.657243 -4.250996 -4.591927
 H 2.625492 -3.960728 -2.244397
 H 1.538092 -4.464336 -1.239245
 H -1.371139 3.351043 -2.425887
 H -1.548211 3.755942 -0.857726
 H -1.964814 -2.290861 0.931431
 H -0.588441 -2.301020 1.724887
 H 0.129081 -4.020317 3.958979
 H -0.922232 -4.699117 3.011764
 H 4.977748 -4.416549 -4.457440
 H 3.709984 -3.417910 -4.787050
 H 4.623740 5.171101 2.213660
 H 5.957157 4.349499 2.085901
 H 5.227886 -3.327141 5.090935
 H 4.495425 -4.701633 4.695556
 H -1.455984 -1.605930 -3.008127
 H -2.497564 -0.707776 -3.746945
 H -0.529179 3.924797 -4.695256
 H -0.923354 2.444016 -4.469718
 H 5.450755 2.123907 0.824549
 H 4.162920 1.648868 1.482655
 H 3.753664 1.335367 -2.800085
 H 2.749153 2.407527 -3.484616
 H -5.434028 3.579422 -6.660663
 H -4.661242 2.777243 -5.589464
 H 4.591333 -6.020959 0.069276
 H 5.507790 -4.875859 0.466141
 H -0.123590 -1.090580 -6.352298
 H 0.609215 0.255713 -6.503554
 H -2.503767 0.067197 -6.058526
 H -3.807549 0.329449 -5.287832
 H 0.133930 -0.092880 1.724698
 H 0.974783 -1.066183 0.901877
 H 5.454103 -1.966113 -4.061927
 H 6.315072 -3.106102 -3.403702
 H 4.386899 0.208914 -0.675401
 H 4.802763 -1.079503 -1.413357
 H 0.115190 5.218103 3.748793
 H -1.196511 4.403328 3.370083
 H -4.097976 -0.776771 -3.034601
 H -5.600402 -0.675729 -3.153626
 H -0.489097 -5.143787 -0.702487
 H -0.321560 -3.821346 0.079056
 H 5.241440 4.322896 -7.963016
 H 5.774561 3.074722 -8.716542
 H 3.213392 6.011042 4.952239
 H 4.084527 5.268040 5.942319
 H -5.910889 5.084485 -2.582222
 H -5.561200 6.635783 -2.804435
 H -0.284640 1.625073 -1.790353
 H 0.907541 1.637604 -2.756329
 H -3.879028 -4.676807 -1.001724
 H -4.358568 -4.103569 0.288232
 H -3.534593 6.131939 1.726400
 H -3.656398 6.033698 3.259749
 H -3.462438 3.261742 3.856471
 H -2.205815 2.864205 4.603879
 H -2.691049 -0.825183 -1.131246
 H -3.177970 0.160857 -0.001183
 H -1.828184 -0.636734 4.538792
 H -2.319052 -2.062658 5.076939
 H 0.903647 2.028737 4.453060
 H 0.123566 2.905051 5.678019
 H -5.069339 1.767259 2.269271
 H -5.074757 2.580664 0.896474
 H 3.236497 6.326594 -1.871887
 H 4.382858 5.367639 -2.252793
 H 1.052238 -5.509906 -4.357266
 H 1.707696 -5.493953 -2.926186
 H -4.274741 4.502725 -4.455974
 H -2.902801 4.458247 -3.867956
 H 5.024125 1.256036 7.540208
 H 5.531214 1.462331 6.102312
 H -1.762709 1.747131 2.901846
 H -0.396643 1.797182 2.289720
 H 0.674401 -1.752491 -2.658618
 H 0.744010 -1.464207 -4.147844
 H -0.358857 -3.066531 -4.974639
 H 0.047903 -3.395665 -6.427175
 H 7.041105 -6.164717 5.013271
 H 6.261156 -5.565631 3.972394
 H 3.834921 -3.837773 1.285436
 H 3.670904 -2.565747 0.577394
 H 6.812789 -1.297186 2.709934
 H 5.469332 -1.264340 1.848929
 H 2.120168 3.964857 -5.175455
 H 1.872617 4.945087 -3.802743
 H -0.568084 -8.598240 0.984076
 H -1.175568 -7.238598 1.215869
 H -4.469467 -1.076225 -6.037298
 H -4.328445 -2.355095 -6.904393
 H -3.815315 1.656477 -1.214411
 H -5.079020 0.785890 -1.363189
 H 4.073884 3.551895 -4.317144
 H 5.413183 3.727052 -5.244031
 H 2.444646 -0.647909 -1.013838
 H 0.887881 -0.460397 -1.306064
 H -4.546911 -4.873539 2.293496
 H -6.024963 -4.564969 1.836924
 H 1.309464 3.314442 2.307332
 H 2.056795 2.698364 1.095851
K_POINTS
 1
0.0 0.0 0.0 1.0