
&control
    calculation='scf'
    pseudo_dir = './',
    outdir='./outputs',
    disk_io='high'
/
&system
    ibrav= 1, celldm(1)=20.000000, nat=  192, ntyp= 2,
    ecutwfc = 30.0, nosym=.true., occupations='smearing',
    smearing='m-v', degauss=0.025
/
&electrons
    conv_thr =  1.0d-8,
    mixing_beta = 0.7
/
&ions
    pot_extrapolation='second-order'
    wfc_extrapolation='second-order'
    ion_temperature = 'andersen'
    tempw = 1000

/
ATOMIC_SPECIES
 H  1.01  H.blyp-hgh.UPF
 O  16.0  O.blyp-hgh.UPF
ATOMIC_POSITIONS bohr
 O -5.733641 -1.704730 -0.146105
 O 3.574415 -2.028109 6.270457
 O -5.684293 7.019128 -5.745395
 O 2.014935 2.647706 -0.853942
 O -4.905279 1.153002 4.434862
 O 0.365560 5.966305 6.307677
 O -1.699877 -5.718745 -2.554292
 O 4.028666 1.199124 4.878001
 O -2.526266 -6.756898 5.906124
 O 1.657373 -2.584891 3.510679
 O 2.322626 -5.855355 2.117334
 O -2.890257 -3.984541 5.188803
 O -3.960337 -6.862630 0.055971
 O -3.577691 -3.966315 -4.388603
 O 2.518817 -4.610160 -1.487696
 O -1.322896 3.028647 -1.517295
 O -1.263132 -2.898932 1.264054
 O -0.093269 -4.860909 3.505691
 O 4.208024 -3.934131 -4.073326
 O 5.013782 4.280676 1.970241
 O 5.068426 -3.979408 4.394721
 O -2.431504 -1.490689 -3.183196
 O -1.248752 3.273589 -4.890553
 O 4.734875 1.478538 0.672004
 O 3.205354 1.542497 -3.591692
 O -4.859101 3.721660 -5.863640
 O 4.791979 -5.435250 0.852697
 O 0.760671 -0.672501 -6.220233
 O -2.885572 0.634837 -5.349827
 O 0.560476 -0.975633 1.808680
 O 6.162054 -2.165873 -3.438927
 O 4.048101 -0.465478 -1.300330
 O -0.280991 4.463816 3.254817
 O -4.819771 -0.152370 -2.850409
 O -0.071585 -4.274056 -0.776358
 O 5.776539 3.490580 -7.851244
 O 4.091939 6.055749 5.375367
 O -6.184670 5.998420 -2.393484
 O 0.094237 1.120889 -2.544500
 O -4.672355 -4.240657 -0.653468
 O -3.035564 6.351297 2.551204
 O -2.529939 2.970251 3.699274
 O -2.504121 -0.485773 -0.210458
 O -1.682164 -1.317277 5.215327
 O 0.871495 2.291928 5.388018
 O -4.761125 2.554349 1.813563
 O 3.469425 5.354396 -1.869650
 O 0.934112 -5.818300 -3.439255
 O -3.852324 4.598942 -3.606579
 O 5.857365 1.425992 7.046295
 O -1.246657 1.357049 2.148095
 O 0.295114 -2.065723 -3.489646
 O 0.012282 -3.794119 -5.529658
 O 7.050729 -6.132710 4.021512
 O 3.935232 -2.869758 1.474914
 O 5.853780 -1.512849 2.717840
 O 1.779832 4.063366 -4.278672
 O -1.028319 -7.906411 0.503790
 O -4.465322 -1.391196 -6.962577
 O -4.666029 1.464285 -0.765449
 O 4.471848 4.011221 -5.079357
 O 1.530455 -0.966487 -0.767833
 O -5.163252 -4.162180 1.962981
 O 1.917056 2.543947 2.057581
 H -5.216458 -2.373424 -0.665595
 H -5.948583 -2.286857 0.625773
 H 2.869613 -1.341757 6.297238
 H 3.382103 -2.390220 5.358967
 H -6.094038 6.454572 -5.079054
 H -4.961470 7.622141 -5.511600
 H 2.456944 3.451028 -1.243892
 H 1.103088 3.011238 -0.734253
 H -5.337220 0.305340 4.661880
 H -3.993112 0.869288 4.290880
 H 0.091380 6.900992 6.482912
 H 0.908648 5.811574 7.100050
 H -2.516378 -6.061663 -2.976764
 H -1.430073 -6.622380 -2.294206
 H 3.417703 1.609294 4.243685
 H 4.177059 0.295566 4.533233
 H -3.046915 -7.423480 6.386359
 H -1.672564 -7.213449 5.747256
 H 1.372453 -1.727085 3.035281
 H 2.387724 -2.809387 2.906491
 H 1.421447 -5.954532 2.471623
 H 2.212699 -5.434295 1.243471
 H -2.545236 -4.693418 5.790633
 H -2.533610 -4.186546 4.312597
 H -4.375869 -7.716372 -0.203979
 H -4.689286 -6.239645 -0.214026
 H -3.319964 -3.017722 -4.268300
 H -2.663290 -4.259172 -4.612401
 H 2.649477 -3.999743 -2.242852
 H 1.545446 -4.466321 -1.205597
 H -1.378757 3.338461 -2.422216
 H -1.528674 3.722440 -0.830091
 H -1.967135 -2.292589 0.908942
 H -0.617062 -2.273153 1.737720
 H 0.127417 -4.011513 3.946147
 H -0.920447 -4.690964 3.000861
 H 4.974144 -4.405209 -4.451392
 H 3.698596 -3.377739 -4.710139
 H 4.650343 5.169815 2.213707
 H 5.970610 4.330093 2.082244
 H 5.250922 -3.322863 5.084301
 H 4.464199 -4.680651 4.694007
 H -1.461145 -1.607231 -3.014723
 H -2.473539 -0.691662 -3.767150
 H -0.533036 3.912063 -4.689227
 H -0.922796 2.459937 -4.470265
 H 5.466684 2.111473 0.786776
 H 4.194144 1.608360 1.476466
 H 3.824902 1.347164 -2.841096
 H 2.745766 2.405588 -3.517065
 H -5.460237 3.562037 -6.672638
 H -4.621338 2.789541 -5.642980
 H 4.554702 -5.992252 0.062897
 H 5.474380 -4.846973 0.450027
 H -0.115649 -1.086854 -6.340148
 H 0.588818 0.248957 -6.546251
 H -2.510489 0.050831 -6.040914
 H -3.808458 0.334074 -5.270226
 H 0.185164 -0.068126 1.693532
 H 0.996264 -1.053425 0.911805
 H 5.466711 -1.960764 -4.062859
 H 6.308968 -3.121173 -3.401570
 H 4.367250 0.204389 -0.652560
 H 4.813626 -1.086097 -1.407602
 H 0.093935 5.219430 3.734413
 H -1.225207 4.417321 3.370225
 H -4.107797 -0.782763 -3.067110
 H -5.606743 -0.661887 -3.141018
 H -0.447806 -5.173257 -0.700355
 H -0.332010 -3.841051 0.086792
 H 5.267587 4.310709 -7.981911
 H 5.815563 3.021633 -8.696359
 H 3.202833 5.989296 4.973784
 H 4.030447 5.255806 5.958702
 H -5.905538 5.077864 -2.547834
 H -5.585559 6.681753 -2.788515
 H -0.290750 1.641712 -1.807397
 H 0.905513 1.617519 -2.777692
 H -3.874019 -4.681994 -0.981601
 H -4.406272 -4.069555 0.311188
 H -3.533823 6.144238 1.713624
 H -3.649094 6.041620 3.246672
 H -3.453413 3.223936 3.876285
 H -2.193247 2.879568 4.617221
 H -2.718860 -0.803706 -1.121016
 H -3.233255 0.147502 0.002893
 H -1.802504 -0.611005 4.546656
 H -2.347109 -2.036407 5.072810
 H 0.913006 2.015786 4.451941
 H 0.177389 2.912907 5.696036
 H -5.113227 1.752614 2.263395
 H -5.084499 2.592940 0.893411
 H 3.211029 6.331574 -1.933144
 H 4.387176 5.390882 -2.226135
 H 1.059137 -5.517054 -4.348334
 H 1.696180 -5.469649 -2.933949
 H -4.296265 4.509316 -4.480594
 H -2.906493 4.446442 -3.833135
 H 5.016986 1.291960 7.520697
 H 5.562114 1.485635 6.116984
 H -1.763384 1.748549 2.874866
 H -0.377833 1.806881 2.335259
 H 0.672449 -1.757583 -2.649558
 H 0.772214 -1.492182 -4.144686
 H -0.341528 -3.049128 -4.983879
 H 0.059369 -3.402117 -6.424171
 H 7.029779 -6.163576 5.015626
 H 6.244467 -5.553313 3.968549
 H 3.847305 -3.833681 1.287812
 H 3.644432 -2.573767 0.585585
 H 6.814952 -1.323210 2.665434
 H 5.436971 -1.213372 1.875339
 H 2.142317 3.967338 -5.179060
 H 1.855328 4.933873 -3.788883
 H -0.553111 -8.628296 0.952264
 H -1.147810 -7.257106 1.219198
 H -4.454413 -1.102039 -6.027997
 H -4.355816 -2.365199 -6.922056
 H -3.798792 1.648360 -1.184547
 H -5.101297 0.805122 -1.361459
 H 4.102033 3.559096 -4.303234
 H 5.390321 3.754597 -5.282587
 H 2.434902 -0.660225 -1.014493
 H 0.901634 -0.450292 -1.313300
 H -4.535471 -4.888665 2.223291
 H -6.025722 -4.580193 1.835472
 H 1.294798 3.273780 2.339402
 H 2.033561 2.690911 1.083448
K_POINTS
 1
0.0 0.0 0.0 1.0