
&control
    calculation='scf'
    pseudo_dir = './',
    outdir='./outputs',
    disk_io='high'
/
&system
    ibrav= 1, celldm(1)=20.000000, nat=  192, ntyp= 2,
    ecutwfc = 30.0, nosym=.true., occupations='smearing',
    smearing='m-v', degauss=0.025
/
&electrons
    conv_thr =  1.0d-8,
    mixing_beta = 0.7
/
&ions
    pot_extrapolation='second-order'
    wfc_extrapolation='second-order'
    ion_temperature = 'andersen'
    tempw = 1000

/
ATOMIC_SPECIES
 H  1.01  H.blyp-hgh.UPF
 O  16.0  O.blyp-hgh.UPF
ATOMIC_POSITIONS bohr
 O -5.745129 -1.718076 -0.127161
 O 3.600110 -1.994171 6.249567
 O -5.681651 7.037997 -5.742800
 O 2.024848 2.663863 -0.840154
 O -4.902277 1.176109 4.430439
 O 0.366144 5.964638 6.319570
 O -1.731426 -5.715024 -2.559056
 O 4.070407 1.172477 4.874322
 O -2.495442 -6.757822 5.940167
 O 1.662818 -2.602969 3.513838
 O 2.292069 -5.826437 2.108210
 O -2.877129 -4.013157 5.213001
 O -3.936416 -6.854419 0.070056
 O -3.565198 -3.946607 -4.405935
 O 2.512272 -4.629213 -1.456409
 O -1.301169 3.022872 -1.529896
 O -1.274044 -2.905048 1.246701
 O -0.104209 -4.864391 3.500177
 O 4.198318 -3.919078 -4.043783
 O 5.031247 4.276343 1.943651
 O 5.064511 -3.984830 4.413574
 O -2.427400 -1.448558 -3.200724
 O -1.263683 3.279034 -4.894794
 O 4.755722 1.457679 0.629272
 O 3.229829 1.538515 -3.585658
 O -4.892883 3.719210 -5.908682
 O 4.805114 -5.439872 0.862400
 O 0.783557 -0.647543 -6.209657
 O -2.892807 0.638844 -5.352565
 O 0.543694 -0.966027 1.808226
 O 6.146723 -2.199974 -3.430920
 O 4.042192 -0.473426 -1.286614
 O -0.307309 4.471342 3.205274
 O -4.810707 -0.159127 -2.828539
 O -0.069216 -4.290947 -0.769219
 O 5.793639 3.442490 -7.852961
 O 4.090036 6.001205 5.371691
 O -6.210254 6.006684 -2.427934
 O 0.107850 1.100530 -2.534340
 O -4.683488 -4.243873 -0.640620
 O -3.032075 6.381760 2.532162
 O -2.506806 2.986399 3.736276
 O -2.519723 -0.436901 -0.186615
 O -1.676059 -1.309891 5.192010
 O 0.901700 2.271566 5.388358
 O -4.802023 2.520492 1.810276
 O 3.453216 5.366667 -1.857399
 O 0.931146 -5.839550 -3.433634
 O -3.894024 4.603043 -3.636705
 O 5.874150 1.435050 7.076011
 O -1.214769 1.367214 2.135474
 O 0.297117 -2.078752 -3.477300
 O -0.011233 -3.805292 -5.533578
 O 7.025585 -6.094055 4.032840
 O 3.929855 -2.870482 1.479677
 O 5.845397 -1.510193 2.725431
 O 1.782145 4.063809 -4.297411
 O -0.974941 -7.922590 0.492020
 O -4.472293 -1.407243 -6.950449
 O -4.672409 1.475080 -0.769819
 O 4.423940 4.040435 -5.103823
 O 1.520895 -0.951820 -0.745740
 O -5.172604 -4.166839 1.962705
 O 1.919965 2.537503 2.036924
 H -5.234207 -2.342767 -0.690133
 H -5.936417 -2.355077 0.605819
 H 2.853633 -1.357028 6.291386
 H 3.404526 -2.393737 5.378481
 H -6.100658 6.477774 -5.072919
 H -4.906670 7.570387 -5.476534
 H 2.531485 3.453887 -1.144897
 H 1.110682 3.021317 -0.747614
 H -5.288260 0.318961 4.695986
 H -4.010446 0.860172 4.272429
 H 0.066191 6.891039 6.481557
 H 0.896227 5.787253 7.109959
 H -2.560375 -6.002335 -3.017589
 H -1.468588 -6.600158 -2.224057
 H 3.406969 1.649048 4.334661
 H 4.190536 0.270714 4.543365
 H -3.051156 -7.440186 6.392536
 H -1.634068 -7.172470 5.743572
 H 1.379234 -1.791258 3.038593
 H 2.408148 -2.812907 2.905510
 H 1.400844 -5.966469 2.483128
 H 2.175113 -5.393264 1.248006
 H -2.475323 -4.688169 5.806166
 H -2.472882 -4.252563 4.345243
 H -4.298964 -7.725848 -0.181013
 H -4.626244 -6.238583 -0.248400
 H -3.298830 -3.009103 -4.289873
 H -2.685586 -4.294544 -4.647340
 H 2.705455 -4.070637 -2.232728
 H 1.564523 -4.466564 -1.137464
 H -1.401902 3.329002 -2.430741
 H -1.488206 3.659906 -0.789033
 H -1.955454 -2.300025 0.864065
 H -0.691674 -2.228764 1.739270
 H 0.138226 -3.995776 3.898852
 H -0.908261 -4.674952 2.977581
 H 4.948672 -4.374132 -4.464156
 H 3.695273 -3.302089 -4.580486
 H 4.711642 5.155485 2.203715
 H 6.008297 4.300473 2.078226
 H 5.292325 -3.322613 5.078249
 H 4.404659 -4.633054 4.715419
 H -1.470410 -1.614582 -3.036849
 H -2.413422 -0.660971 -3.805323
 H -0.533528 3.891500 -4.680784
 H -0.923800 2.473230 -4.467404
 H 5.492875 2.087045 0.709240
 H 4.254213 1.531747 1.458602
 H 3.938715 1.384176 -2.926728
 H 2.747120 2.402011 -3.569393
 H -5.507346 3.541938 -6.693628
 H -4.546000 2.822911 -5.743217
 H 4.478393 -5.933936 0.067252
 H 5.399026 -4.794802 0.414522
 H -0.100258 -1.083602 -6.325036
 H 0.564707 0.229936 -6.617330
 H -2.519795 0.009231 -6.007712
 H -3.816780 0.359028 -5.228224
 H 0.274953 -0.030443 1.649950
 H 1.043360 -1.039282 0.929961
 H 5.469672 -1.966992 -4.081867
 H 6.286278 -3.151961 -3.400790
 H 4.330340 0.196649 -0.601493
 H 4.823087 -1.090547 -1.388777
 H 0.041129 5.232398 3.712384
 H -1.307854 4.448446 3.376251
 H -4.125809 -0.796089 -3.113742
 H -5.615396 -0.638302 -3.109437
 H -0.368044 -5.223757 -0.705317
 H -0.358633 -3.871733 0.094850
 H 5.322947 4.286457 -8.030035
 H 5.894492 2.918281 -8.661271
 H 3.181161 5.957987 5.005686
 H 3.941399 5.240066 6.006006
 H -5.867838 5.082216 -2.493025
 H -5.634806 6.734895 -2.748469
 H -0.311566 1.678338 -1.844933
 H 0.905435 1.569182 -2.816026
 H -3.854604 -4.688201 -0.956234
 H -4.526829 -4.005649 0.339606
 H -3.513615 6.153169 1.690765
 H -3.643045 6.061085 3.231806
 H -3.450642 3.149312 3.901870
 H -2.165393 2.911482 4.643757
 H -2.770907 -0.757126 -1.088132
 H -3.335677 0.108820 0.008894
 H -1.752308 -0.577813 4.555980
 H -2.397563 -1.976770 5.063870
 H 0.911710 2.016949 4.453117
 H 0.278866 2.925044 5.704168
 H -5.197306 1.729780 2.238944
 H -5.093890 2.592998 0.883342
 H 3.156815 6.316755 -2.037379
 H 4.389360 5.435715 -2.170430
 H 1.073412 -5.499800 -4.327723
 H 1.672388 -5.416142 -2.943818
 H -4.343219 4.515178 -4.530504
 H -2.929007 4.414687 -3.764046
 H 4.994229 1.363878 7.485658
 H 5.616343 1.536327 6.140976
 H -1.791199 1.760997 2.820063
 H -0.355256 1.812149 2.411285
 H 0.673476 -1.775458 -2.616391
 H 0.816794 -1.549585 -4.134282
 H -0.295997 -3.034954 -4.992873
 H 0.086696 -3.417144 -6.418525
 H 7.022591 -6.164019 5.014774
 H 6.226500 -5.521364 3.947965
 H 3.882420 -3.835027 1.311126
 H 3.590356 -2.574189 0.607175
 H 6.804948 -1.374281 2.569574
 H 5.386076 -1.116322 1.945567
 H 2.195419 3.992877 -5.177752
 H 1.828433 4.905577 -3.785399
 H -0.526353 -8.688086 0.893377
 H -1.100449 -7.292531 1.229407
 H -4.431423 -1.163963 -6.014614
 H -4.412809 -2.388057 -6.959481
 H -3.776835 1.633051 -1.128940
 H -5.129040 0.844275 -1.364000
 H 4.172081 3.566670 -4.280081
 H 5.343941 3.790103 -5.347502
 H 2.430222 -0.686384 -1.019605
 H 0.929763 -0.413642 -1.323243
 H -4.522631 -4.904730 2.094569
 H -6.032293 -4.615569 1.848164
 H 1.285369 3.185064 2.399874
 H 1.992821 2.672745 1.060260
K_POINTS
 1
0.0 0.0 0.0 1.0