
&control
    calculation='scf'
    pseudo_dir = './',
    outdir='./outputs',
    disk_io='high'
/
&system
    ibrav= 1, celldm(1)=20.000000, nat=  192, ntyp= 2,
    ecutwfc = 30.0, nosym=.true., occupations='smearing',
    smearing='m-v', degauss=0.025
/
&electrons
    conv_thr =  1.0d-8,
    mixing_beta = 0.7
/
&ions
    pot_extrapolation='second-order'
    wfc_extrapolation='second-order'
    ion_temperature = 'andersen'
    tempw = 1000

/
ATOMIC_SPECIES
 H  1.01  H.blyp-hgh.UPF
 O  16.0  O.blyp-hgh.UPF
ATOMIC_POSITIONS bohr
 O -5.746092 -1.719403 -0.125535
 O 3.602155 -1.991324 6.247749
 O -5.681633 7.039577 -5.742824
 O 2.025574 2.665408 -0.838952
 O -4.902136 1.178035 4.430036
 O 0.366195 5.964522 6.320454
 O -1.734289 -5.714965 -2.559499
 O 4.073894 1.170260 4.874044
 O -2.492905 -6.757944 5.942998
 O 1.663358 -2.604368 3.514105
 O 2.289591 -5.824126 2.107485
 O -2.875947 -4.015464 5.214987
 O -3.934561 -6.853793 0.071165
 O -3.564046 -3.944904 -4.407438
 O 2.511707 -4.630760 -1.453841
 O -1.299370 3.022184 -1.530712
 O -1.274934 -2.905388 1.245445
 O -0.105259 -4.864705 3.499801
 O 4.197436 -3.918037 -4.040920
 O 5.032742 4.275918 1.941421
 O 5.064194 -3.985292 4.414864
 O -2.427111 -1.444960 -3.202302
 O -1.264896 3.279579 -4.895113
 O 4.757461 1.455852 0.625699
 O 3.231935 1.538090 -3.585299
 O -4.895666 3.718929 -5.912562
 O 4.806267 -5.440212 0.862952
 O 0.785346 -0.645373 -6.208784
 O -2.893362 0.639174 -5.352733
 O 0.542393 -0.964979 1.807945
 O 6.145604 -2.202619 -3.430158
 O 4.041952 -0.474099 -1.285488
 O -0.309526 4.471929 3.201160
 O -4.809963 -0.159589 -2.826846
 O -0.068913 -4.292453 -0.768483
 O 5.795091 3.438549 -7.852895
 O 4.089607 5.996388 5.371410
 O -6.212564 6.007404 -2.430748
 O 0.108954 1.098685 -2.533542
 O -4.684231 -4.244173 -0.639469
 O -3.031791 6.384320 2.530463
 O -2.504881 2.987774 3.739568
 O -2.521205 -0.432821 -0.184726
 O -1.675514 -1.309246 5.190133
 O 0.904501 2.269562 5.388543
 O -4.805478 2.517799 1.810192
 O 3.451980 5.367817 -1.856478
 O 0.931030 -5.841451 -3.433106
 O -3.897365 4.603486 -3.639179
 O 5.875641 1.435731 7.078513
 O -1.211647 1.368107 2.134459
 O 0.297414 -2.079685 -3.476305
 O -0.013277 -3.806124 -5.533990
 O 7.023332 -6.090905 4.033869
 O 3.929219 -2.870540 1.479851
 O 5.844756 -1.509812 2.726057
 O 1.782142 4.063554 -4.298856
 O -0.970442 -7.923892 0.491010
 O -4.472919 -1.408650 -6.949467
 O -4.672946 1.476140 -0.770015
 O 4.419941 4.043021 -5.105899
 O 1.519873 -0.950673 -0.743938
 O -5.173233 -4.167202 1.962593
 O 1.920086 2.536927 2.035293
 H -5.235741 -2.339440 -0.692635
 H -5.935734 -2.359527 0.604074
 H 2.852233 -1.358079 6.291377
 H 3.406622 -2.394362 5.380270
 H -6.100172 6.479703 -5.071388
 H -4.901447 7.565802 -5.471816
 H 2.537832 3.453932 -1.136277
 H 1.111895 3.021743 -0.749337
 H -5.284929 0.319817 4.698969
 H -4.010346 0.859517 4.270497
 H 0.063649 6.890134 6.480926
 H 0.895266 5.783644 7.110633
 H -2.564282 -5.996329 -3.020977
 H -1.470786 -6.597647 -2.217811
 H 3.406367 1.651984 4.342183
 H 4.191240 0.268339 4.543745
 H -3.051340 -7.441191 6.392362
 H -1.630809 -7.168664 5.743924
 H 1.378956 -1.796806 3.039674
 H 2.410565 -2.814365 2.905584
 H 1.398923 -5.966509 2.483795
 H 2.171658 -5.389933 1.248512
 H -2.470116 -4.687708 5.806665
 H -2.468452 -4.258343 4.348194
 H -4.291849 -7.726567 -0.178713
 H -4.620955 -6.238164 -0.251333
 H -3.297775 -3.007980 -4.290708
 H -2.687715 -4.298525 -4.649948
 H 2.710370 -4.075780 -2.231489
 H 1.566058 -4.466112 -1.132030
 H -1.404400 3.329432 -2.432516
 H -1.484887 3.655351 -0.786600
 H -1.953823 -2.300921 0.860187
 H -0.698738 -2.226112 1.737825
 H 0.140025 -3.994771 3.893600
 H -0.906971 -4.673666 2.975369
 H 4.945457 -4.370935 -4.466817
 H 3.695602 -3.295400 -4.572099
 H 4.716871 5.154303 2.202459
 H 6.011144 4.298420 2.077961
 H 5.295449 -3.322965 5.078364
 H 4.399912 -4.628747 4.718704
 H -1.470877 -1.615528 -3.039100
 H -2.407843 -0.658566 -3.808217
 H -0.533062 3.890450 -4.680362
 H -0.924133 2.472985 -4.466974
 H 5.494664 2.085068 0.702772
 H 4.259000 1.525799 1.457045
 H 3.946597 1.388220 -2.933583
 H 2.748120 2.401524 -3.572816
 H -5.511129 3.541115 -6.695503
 H -4.539895 2.825728 -5.750990
 H 4.471846 -5.929218 0.068579
 H 5.392420 -4.790773 0.411436
 H -0.098422 -1.083503 -6.324154
 H 0.563938 0.228145 -6.622266
 H -2.520397 0.005290 -6.005117
 H -3.817921 0.361956 -5.224367
 H 0.281441 -0.027885 1.647637
 H 1.047227 -1.039053 0.931659
 H 5.468914 -1.968630 -4.084242
 H 6.283752 -3.154765 -3.401001
 H 4.327356 0.195707 -0.597379
 H 4.822744 -1.090048 -1.386642
 H 0.036254 5.233879 3.710761
 H -1.313697 4.451087 3.376605
 H -4.127142 -0.797218 -3.116483
 H -5.616019 -0.636608 -3.106463
 H -0.361562 -5.227222 -0.706185
 H -0.361168 -3.873829 0.095006
 H 5.327877 4.284072 -8.034750
 H 5.900801 2.909969 -8.658720
 H 3.179406 5.956302 5.007433
 H 3.935535 5.239479 6.010664
 H -5.863097 5.084366 -2.489356
 H -5.638624 6.736962 -2.744730
 H -0.313559 1.681433 -1.848488
 H 0.906113 1.565029 -2.819007
 H -3.853141 -4.687859 -0.954294
 H -4.537931 -4.000960 0.340651
 H -3.510779 6.152928 1.689056
 H -3.643021 6.063011 3.231136
 H -3.451521 3.143231 3.903247
 H -2.162756 2.914153 4.646321
 H -2.774686 -0.753206 -1.084683
 H -3.343237 0.104788 0.009521
 H -1.748341 -0.575948 4.556132
 H -2.401333 -1.971260 5.063005
 H 0.910460 2.018647 4.453203
 H 0.286106 2.926663 5.703519
 H -5.204045 1.728249 2.236083
 H -5.094143 2.591498 0.882187
 H 3.152137 6.313850 -2.044641
 H 4.389079 5.439235 -2.165587
 H 1.074399 -5.496611 -4.326101
 H 1.670071 -5.411625 -2.944110
 H -4.346696 4.515171 -4.534104
 H -2.932353 4.411662 -3.758658
 H 4.991649 1.369745 7.483185
 H 5.620480 1.540727 6.142417
 H -1.795077 1.762645 2.815494
 H -0.354734 1.811487 2.416505
 H 0.673604 -1.777563 -2.613315
 H 0.819780 -1.554362 -4.133033
 H -0.291718 -3.034946 -4.992900
 H 0.089242 -3.418445 -6.418402
 H 7.022705 -6.164061 5.014597
 H 6.225804 -5.518163 3.945779
 H 3.885877 -3.835953 1.314096
 H 3.585819 -2.573391 0.609324
 H 6.803252 -1.378475 2.561354
 H 5.382686 -1.108740 1.952408
 H 2.200398 3.996262 -5.177041
 H 1.826792 4.903376 -3.786302
 H -0.524278 -8.692929 0.888985
 H -1.096853 -7.295667 1.230451
 H -4.429903 -1.169604 -6.013353
 H -4.417694 -2.390053 -6.962697
 H -3.775661 1.631715 -1.124748
 H -5.130281 0.847382 -1.364850
 H 4.178637 3.567244 -4.278806
 H 5.339798 3.792151 -5.352255
 H 2.430977 -0.688665 -1.020204
 H 0.932080 -0.409713 -1.323623
 H -4.521969 -4.905238 2.084778
 H -6.032894 -4.618624 1.850071
 H 1.285286 3.177991 2.404550
 H 1.989660 2.671266 1.058323
K_POINTS
 1
0.0 0.0 0.0 1.0