
&control
    calculation='scf'
    pseudo_dir = './',
    outdir='./outputs',
    disk_io='high'
/
&system
    ibrav= 1, celldm(1)=20.000000, nat=  192, ntyp= 2,
    ecutwfc = 30.0, nosym=.true., occupations='smearing',
    smearing='m-v', degauss=0.025
/
&electrons
    conv_thr =  1.0d-8,
    mixing_beta = 0.7
/
&ions
    pot_extrapolation='second-order'
    wfc_extrapolation='second-order'
    ion_temperature = 'andersen'
    tempw = 1000

/
ATOMIC_SPECIES
 H  1.01  H.blyp-hgh.UPF
 O  16.0  O.blyp-hgh.UPF
ATOMIC_POSITIONS bohr
 O -5.748022 -1.722139 -0.122261
 O 3.606205 -1.985608 6.244123
 O -5.681665 7.042757 -5.742949
 O 2.026994 2.668561 -0.836514
 O -4.901891 1.181865 4.429221
 O 0.366291 5.964292 6.322154
 O -1.740125 -5.714950 -2.560405
 O 4.080868 1.165865 4.873507
 O -2.487875 -6.758207 5.948668
 O 1.664520 -2.607186 3.514654
 O 2.284666 -5.819558 2.106068
 O -2.873527 -4.020048 5.218896
 O -3.930873 -6.852569 0.073370
 O -3.561718 -3.941488 -4.410467
 O 2.510593 -4.633846 -1.448717
 O -1.295771 3.020702 -1.532271
 O -1.276704 -2.905991 1.243020
 O -0.107415 -4.865340 3.499097
 O 4.195639 -3.916072 -4.034992
 O 5.035810 4.275006 1.936955
 O 5.063556 -3.986229 4.417316
 O -2.426555 -1.437723 -3.205520
 O -1.267293 3.280691 -4.895714
 O 4.760938 1.452147 0.618542
 O 3.236146 1.537206 -3.584677
 O -4.901195 3.718355 -5.920356
 O 4.808594 -5.440858 0.863942
 O 0.788839 -0.641013 -6.207051
 O -2.894445 0.639824 -5.353046
 O 0.539858 -0.962771 1.807254
 O 6.143412 -2.207794 -3.428617
 O 4.041587 -0.475437 -1.283227
 O -0.314065 4.473112 3.192982
 O -4.808475 -0.160476 -2.823520
 O -0.068255 -4.295513 -0.766944
 O 5.798001 3.430702 -7.852681
 O 4.088605 5.986625 5.370872
 O -6.217287 6.008809 -2.436342
 O 0.111125 1.094922 -2.531952
 O -4.685628 -4.244801 -0.637166
 O -3.031231 6.389444 2.527039
 O -2.501057 2.990535 3.746223
 O -2.524282 -0.424648 -0.180990
 O -1.674404 -1.307954 5.186426
 O 0.910249 2.265397 5.388984
 O -4.812404 2.512481 1.810109
 O 3.449567 5.370163 -1.854689
 O 0.930879 -5.845287 -3.432035
 O -3.904005 4.604418 -3.644115
 O 5.878637 1.437064 7.083528
 O -1.205219 1.369927 2.132471
 O 0.298075 -2.081487 -3.474301
 O -0.017397 -3.807757 -5.534853
 O 7.018782 -6.084658 4.035935
 O 3.927864 -2.870651 1.480108
 O 5.843503 -1.508974 2.727309
 O 1.782040 4.062885 -4.301712
 O -0.961428 -7.926474 0.488972
 O -4.474191 -1.411506 -6.947537
 O -4.674031 1.478349 -0.770313
 O 4.411965 4.048223 -5.110039
 O 1.517741 -0.948397 -0.740374
 O -5.174452 -4.167922 1.962320
 O 1.920310 2.535715 2.032075
 H -5.238759 -2.332513 -0.697925
 H -5.934577 -2.367883 0.600633
 H 2.849422 -1.360064 6.291549
 H 3.410863 -2.395879 5.383621
 H -6.098716 6.483561 -5.067958
 H -4.890931 7.556399 -5.461705
 H 2.550536 3.454043 -1.118930
 H 1.114522 3.022521 -0.753086
 H -5.278704 0.321445 4.705015
 H -4.009455 0.858345 4.266421
 H 0.058428 6.888278 6.479516
 H 0.893358 5.775794 7.111974
 H -2.571973 -5.983981 -3.027609
 H -1.474931 -6.592280 -2.205271
 H 3.405433 1.657469 4.357256
 H 4.192380 0.263380 4.544201
 H -3.051418 -7.442914 6.391594
 H -1.624230 -7.161005 5.744977
 H 1.377814 -1.807458 3.041935
 H 2.415557 -2.817776 2.905954
 H 1.395050 -5.966126 2.484933
 H 2.164552 -5.383272 1.249502
 H -2.459972 -4.686871 5.807504
 H -2.460035 -4.269875 4.354375
 H -4.277414 -7.728063 -0.173993
 H -4.610591 -6.237074 -0.257304
 H -3.295879 -3.005501 -4.291950
 H -2.691976 -4.306884 -4.655045
 H 2.720229 -4.085635 -2.228799
 H 1.568998 -4.464901 -1.121377
 H -1.409656 3.330830 -2.436301
 H -1.478326 3.646672 -0.782201
 H -1.950444 -2.302809 0.852274
 H -0.713055 -2.221299 1.734286
 H 0.144070 -3.992914 3.882524
 H -0.904381 -4.671124 2.970739
 H 4.938581 -4.364273 -4.472894
 H 3.696439 -3.281731 -4.556556
 H 4.727228 5.152257 2.199840
 H 6.016379 4.294451 2.077406
 H 5.301541 -3.323816 5.078890
 H 4.390580 -4.619953 4.725928
 H -1.471635 -1.617594 -3.043747
 H -2.396494 -0.653822 -3.813843
 H -0.531933 3.888703 -4.679682
 H -0.925004 2.471965 -4.466124
 H 5.498067 2.081173 0.689874
 H 4.268468 1.514158 1.453958
 H 3.961751 1.396769 -2.946971
 H 2.750646 2.400411 -3.579199
 H -5.518703 3.539815 -6.699437
 H -4.527755 2.831276 -5.766252
 H 4.458642 -5.919944 0.071621
 H 5.379129 -4.782851 0.405236
 H -0.094322 -1.083351 -6.322507
 H 0.563025 0.224563 -6.631674
 H -2.521604 -0.002727 -5.999956
 H -3.820372 0.368168 -5.216523
 H 0.293890 -0.022980 1.643652
 H 1.054804 -1.039088 0.935242
 H 5.467214 -1.972485 -4.089109
 H 6.278415 -3.160528 -3.401557
 H 4.321417 0.193571 -0.589382
 H 4.821556 -1.088666 -1.382099
 H 0.026329 5.236898 3.707510
 H -1.324164 4.456314 3.377060
 H -4.129714 -0.799451 -3.121423
 H -5.617280 -0.633358 -3.100377
 H -0.348695 -5.233772 -0.708081
 H -0.366372 -3.877843 0.095072
 H 5.337918 4.279015 -8.044511
 H 5.913268 2.893580 -8.653707
 H 3.175978 5.953387 5.010458
 H 3.924634 5.238715 6.020211
 H -5.852937 5.089678 -2.482436
 H -5.645920 6.740211 -2.737140
 H -0.317552 1.687558 -1.855894
 H 0.907878 1.556761 -2.824884
 H -3.850508 -4.686585 -0.950254
 H -4.560403 -3.991997 0.342148
 H -3.504619 6.151972 1.685688
 H -3.643115 6.067073 3.229926
 H -3.453640 3.131113 3.905679
 H -2.157314 2.919484 4.651731
 H -2.781885 -0.745448 -1.077599
 H -3.357787 0.096385 0.010946
 H -1.740547 -0.572525 4.556050
 H -2.408668 -1.959988 5.061197
 H 0.907485 2.022727 4.453221
 H 0.299859 2.930392 5.701737
 H -5.217414 1.725271 2.230021
 H -5.094410 2.587808 0.879733
 H 3.142707 6.307318 -2.058438
 H 4.388332 5.446153 -2.155811
 H 1.076170 -5.489541 -4.322887
 H 1.665156 -5.402670 -2.944390
 H -4.353259 4.514904 -4.540877
 H -2.939791 4.405467 -3.748185
 H 4.986294 1.381390 7.478427
 H 5.628641 1.549569 6.145078
 H -1.803353 1.766146 2.806197
 H -0.354285 1.809687 2.426427
 H 0.673786 -1.782108 -2.607257
 H 0.825461 -1.563828 -4.130361
 H -0.283017 -3.035371 -4.992536
 H 0.094454 -3.421045 -6.418386
 H 7.023161 -6.164084 5.014307
 H 6.224684 -5.511455 3.941316
 H 3.892995 -3.838161 1.320451
 H 3.576737 -2.571493 0.613775
 H 6.799504 -1.386834 2.544870
 H 5.376244 -1.093837 1.966440
 H 2.210618 4.003581 -5.175326
 H 1.823823 4.899263 -3.788501
 H -0.520204 -8.702481 0.880500
 H -1.089770 -7.302134 1.232603
 H -4.427029 -1.181058 -6.010596
 H -4.427524 -2.394020 -6.969166
 H -3.773565 1.628995 -1.116631
 H -5.132273 0.853456 -1.366927
 H 4.192005 3.568520 -4.276716
 H 5.331299 3.795936 -5.361514
 H 2.432928 -0.693334 -1.021413
 H 0.936701 -0.401515 -1.324091
 H -4.520753 -4.905893 2.065697
 H -6.033999 -4.624687 1.854247
 H 1.285223 3.164279 2.413721
 H 1.983395 2.668396 1.054439
K_POINTS
 1
0.0 0.0 0.0 1.0