
&control
    calculation='scf'
    pseudo_dir = './',
    outdir='./outputs',
    disk_io='high'
/
&system
    ibrav= 1, celldm(1)=20.000000, nat=  192, ntyp= 2,
    ecutwfc = 30.0, nosym=.true., occupations='smearing',
    smearing='m-v', degauss=0.025
/
&electrons
    conv_thr =  1.0d-8,
    mixing_beta = 0.7
/
&ions
    pot_extrapolation='second-order'
    wfc_extrapolation='second-order'
    ion_temperature = 'andersen'
    tempw = 1000

/
ATOMIC_SPECIES
 H  1.01  H.blyp-hgh.UPF
 O  16.0  O.blyp-hgh.UPF
ATOMIC_POSITIONS bohr
 O -5.756803 -1.735433 -0.107337
 O 3.623770 -1.959294 6.228423
 O -5.682318 7.057637 -5.744081
 O 2.033261 2.683412 -0.824941
 O -4.900863 1.198202 4.425387
 O 0.366658 5.963113 6.328552
 O -1.768086 -5.716241 -2.564818
 O 4.112180 1.146984 4.871411
 O -2.466201 -6.759501 5.974311
 O 1.671643 -2.621053 3.517547
 O 2.263011 -5.799975 2.100372
 O -2.861617 -4.040172 5.234968
 O -3.914226 -6.847404 0.083259
 O -3.551131 -3.926164 -4.424368
 O 2.506100 -4.647617 -1.425895
 O -1.279601 3.012396 -1.538926
 O -1.284692 -2.907758 1.233416
 O -0.117967 -4.868334 3.496748
 O 4.186682 -3.908941 -4.005330
 O 5.051323 4.269614 1.916757
 O 5.060425 -3.990682 4.426437
 O -2.424220 -1.404575 -3.220997
 O -1.277209 3.285745 -4.897513
 O 4.776428 1.434504 0.586134
 O 3.254722 1.532653 -3.583704
 O -4.925179 3.715725 -5.955649
 O 4.819416 -5.443049 0.866607
 O 0.803059 -0.621422 -6.199448
 O -2.898845 0.642427 -5.354252
 O 0.529834 -0.951197 1.802030
 O 6.133915 -2.229034 -3.421835
 O 4.041460 -0.480960 -1.272741
 O -0.336774 4.478966 3.157412
 O -4.801813 -0.163944 -2.809542
 O -0.064379 -4.309941 -0.758997
 O 5.811062 3.395927 -7.850680
 O 4.081593 5.940669 5.368937
 O -6.240510 6.013914 -2.460854
 O 0.120206 1.076942 -2.524788
 O -4.690620 -4.248157 -0.627300
 O -3.028951 6.412507 2.511645
 O -2.484806 3.003138 3.777127
 O -2.540111 -0.387624 -0.164714
 O -1.669004 -1.302145 5.170648
 O 0.938221 2.244264 5.392241
 O -4.843762 2.489860 1.810900
 O 3.439692 5.381002 -1.847428
 O 0.931868 -5.862657 -3.427310
 O -3.933586 4.609417 -3.666029
 O 5.891741 1.442644 7.106149
 O -1.174334 1.378731 2.124526
 O 0.302051 -2.088680 -3.464637
 O -0.036310 -3.814850 -5.539541
 O 6.997965 -6.057731 4.044963
 O 3.920437 -2.871124 1.479961
 O 5.838478 -1.504044 2.733126
 O 1.779961 4.057113 -4.314306
 O -0.920556 -7.937775 0.479459
 O -4.480211 -1.425198 -6.939565
 O -4.679227 1.489813 -0.769955
 O 4.376682 4.071676 -5.128072
 O 1.507148 -0.938197 -0.725398
 O -5.179667 -4.171133 1.960207
 O 1.921371 2.528859 2.018285
 H -5.250909 -2.297840 -0.726898
 H -5.933399 -2.398120 0.587610
 H 2.837291 -1.367376 6.294763
 H 3.429992 -2.408049 5.392238
 H -6.084454 6.501031 -5.048307
 H -4.847104 7.508684 -5.408351
 H 2.606688 3.455625 -1.039630
 H 1.127420 3.026881 -0.775093
 H -5.257912 0.329161 4.733167
 H -3.997977 0.857322 4.244994
 H 0.033804 6.878947 6.472228
 H 0.884110 5.731960 7.117996
 H -2.602529 -5.925549 -3.053478
 H -1.492280 -6.562572 -2.149917
 H 3.407005 1.673466 4.426017
 H 4.192074 0.238089 4.540940
 H -3.045594 -7.446115 6.381060
 H -1.593179 -7.127305 5.755859
 H 1.361165 -1.842410 3.050215
 H 2.437942 -2.840107 2.913043
 H 1.377642 -5.956692 2.486495
 H 2.129051 -5.352868 1.252808
 H -2.418265 -4.685918 5.811727
 H -2.430644 -4.319672 4.387091
 H -4.210766 -7.737138 -0.151699
 H -4.569226 -6.227990 -0.286397
 H -3.289256 -2.990933 -4.291032
 H -2.710343 -4.349231 -4.676109
 H 2.764005 -4.122567 -2.212171
 H 1.579335 -4.453399 -1.078224
 H -1.436859 3.344297 -2.451187
 H -1.450612 3.615967 -0.769943
 H -1.936048 -2.312279 0.812564
 H -0.776465 -2.205859 1.710458
 H 0.170217 -3.986534 3.824040
 H -0.893720 -4.660283 2.945749
 H 4.901327 -4.330487 -4.512361
 H 3.704294 -3.217367 -4.504661
 H 4.770673 5.150962 2.187039
 H 6.030508 4.278163 2.073851
 H 5.326422 -3.330233 5.085429
 H 4.352659 -4.577121 4.768074
 H -1.472835 -1.629864 -3.066634
 H -2.343394 -0.633002 -3.836451
 H -0.525088 3.885861 -4.679845
 H -0.933803 2.461690 -4.464412
 H 5.510852 2.065098 0.632895
 H 4.309703 1.466548 1.440504
 H 4.022015 1.442693 -2.999894
 H 2.771224 2.393345 -3.600318
 H -5.553517 3.538668 -6.721505
 H -4.475007 2.855104 -5.830785
 H 4.396926 -5.882121 0.090855
 H 5.318859 -4.749497 0.377475
 H -0.068113 -1.083378 -6.316498
 H 0.569329 0.210348 -6.666831
 H -2.528531 -0.039317 -5.976031
 H -3.832812 0.401611 -5.179711
 H 0.340698 -0.003393 1.636082
 H 1.084759 -1.047404 0.955098
 H 5.460455 -1.999853 -4.109216
 H 6.249877 -3.188664 -3.406137
 H 4.295321 0.179271 -0.558548
 H 4.810638 -1.078480 -1.357519
 H -0.020557 5.249712 3.691173
 H -1.347241 4.477715 3.373126
 H -4.139531 -0.808692 -3.134647
 H -5.623733 -0.621068 -3.070977
 H -0.293010 -5.257603 -0.718493
 H -0.391871 -3.893460 0.091465
 H 5.386158 4.250717 -8.093761
 H 5.966518 2.825198 -8.630788
 H 3.162861 5.947440 5.016248
 H 3.889768 5.242558 6.065570
 H -5.797221 5.130580 -2.458037
 H -5.670083 6.745278 -2.702235
 H -0.334191 1.712999 -1.894993
 H 0.921920 1.520364 -2.849520
 H -3.844234 -4.669876 -0.927337
 H -4.662833 -3.959571 0.340824
 H -3.469891 6.139644 1.670321
 H -3.644545 6.089843 3.224334
 H -3.464674 3.076957 3.911687
 H -2.130666 2.943225 4.681144
 H -2.807477 -0.713437 -1.045795
 H -3.413660 0.054351 0.021884
 H -1.708045 -0.560914 4.548525
 H -2.438800 -1.905698 5.051573
 H 0.887231 2.051207 4.448965
 H 0.351018 2.954775 5.686515
 H -5.276384 1.711275 2.198385
 H -5.091395 2.560158 0.866798
 H 3.098601 6.268646 -2.108791
 H 4.382986 5.475309 -2.110680
 H 1.079175 -5.448738 -4.307354
 H 1.637076 -5.365107 -2.939830
 H -4.375156 4.509050 -4.563761
 H -2.984109 4.375191 -3.707551
 H 4.962556 1.431792 7.459021
 H 5.664677 1.589296 6.155476
 H -1.844500 1.783409 2.758477
 H -0.358650 1.795950 2.463969
 H 0.672731 -1.808327 -2.583719
 H 0.847513 -1.603388 -4.116180
 H -0.242520 -3.042770 -4.983030
 H 0.119603 -3.432641 -6.421795
 H 7.027544 -6.162375 5.015358
 H 6.222625 -5.475441 3.921581
 H 3.927579 -3.851897 1.354872
 H 3.535710 -2.559454 0.635856
 H 6.777760 -1.423952 2.470612
 H 5.351331 -1.030729 2.033165
 H 2.260881 4.044697 -5.162707
 H 1.815691 4.887647 -3.802551
 H -0.503247 -8.742220 0.847728
 H -1.059049 -7.335618 1.242962
 H -4.416654 -1.235126 -5.993351
 H -4.472707 -2.410388 -6.998727
 H -3.767244 1.615920 -1.084986
 H -5.133229 0.878130 -1.382901
 H 4.254665 3.578196 -4.276318
 H 5.289103 3.809315 -5.400386
 H 2.445783 -0.717191 -1.025570
 H 0.957380 -0.359957 -1.320323
 H -4.515945 -4.903338 1.988702
 H -6.036035 -4.650040 1.878629
 H 1.284523 3.112173 2.451772
 H 1.955465 2.657683 1.037089
K_POINTS
 1
0.0 0.0 0.0 1.0