
&control
    calculation='scf'
    pseudo_dir = './',
    outdir='./outputs',
    disk_io='high'
/
&system
    ibrav= 1, celldm(1)=20.000000, nat=  192, ntyp= 2,
    ecutwfc = 30.0, nosym=.true., occupations='smearing',
    smearing='m-v', degauss=0.025
/
&electrons
    conv_thr =  1.0d-8,
    mixing_beta = 0.7
/
&ions
    pot_extrapolation='second-order'
    wfc_extrapolation='second-order'
    ion_temperature = 'andersen'
    tempw = 1000

/
ATOMIC_SPECIES
 H  1.01  H.blyp-hgh.UPF
 O  16.0  O.blyp-hgh.UPF
ATOMIC_POSITIONS bohr
 O -5.758768 -1.738510 -0.104035
 O 3.627522 -1.953287 6.225129
 O -5.682429 7.061113 -5.744282
 O 2.034743 2.686786 -0.822230
 O -4.900514 1.201495 4.424503
 O 0.366734 5.962769 6.329668
 O -1.774622 -5.716725 -2.565858
 O 4.119129 1.143000 4.871013
 O -2.461612 -6.759741 5.980017
 O 1.673724 -2.624520 3.518304
 O 2.258315 -5.795846 2.099265
 O -2.858741 -4.044535 5.238140
 O -3.910459 -6.846281 0.085476
 O -3.548802 -3.922816 -4.427495
 O 2.505256 -4.650656 -1.420883
 O -1.276030 3.010227 -1.540524
 O -1.286536 -2.908037 1.231506
 O -0.120499 -4.869034 3.496403
 O 4.184411 -3.907625 -3.998221
 O 5.055174 4.268126 1.912262
 O 5.059621 -3.991723 4.428109
 O -2.423674 -1.397116 -3.224649
 O -1.279130 3.286812 -4.897632
 O 4.779795 1.430347 0.578900
 O 3.258715 1.531498 -3.583925
 O -4.930230 3.715142 -5.963469
 O 4.821894 -5.443338 0.866810
 O 0.805898 -0.617144 -6.197786
 O -2.899721 0.642893 -5.354501
 O 0.527955 -0.948312 1.800419
 O 6.131813 -2.233309 -3.420452
 O 4.041636 -0.481995 -1.270314
 O -0.342369 4.480475 3.149859
 O -4.800351 -0.164619 -2.806658
 O -0.063294 -4.313245 -0.757029
 O 5.813933 3.388302 -7.850082
 O 4.079457 5.930053 5.368624
 O -6.246148 6.014655 -2.466136
 O 0.122092 1.072755 -2.523191
 O -4.691531 -4.249021 -0.625332
 O -3.028507 6.417619 2.508326
 O -2.481527 3.005963 3.784180
 O -2.544064 -0.379354 -0.161168
 O -1.667697 -1.300850 5.167361
 O 0.944779 2.239155 5.393256
 O -4.850763 2.485161 1.811272
 O 3.437724 5.383326 -1.845952
 O 0.932519 -5.866434 -3.426376
 O -3.940196 4.610731 -3.670781
 O 5.894404 1.443825 7.111149
 O -1.167347 1.380809 2.123023
 O 0.303116 -2.090131 -3.462278
 O -0.040558 -3.816414 -5.540808
 O 6.993351 -6.052078 4.046827
 O 3.918518 -2.871263 1.479702
 O 5.837527 -1.502718 2.734508
 O 1.779147 4.055223 -4.317104
 O -0.911399 -7.940231 0.477268
 O -4.481609 -1.428445 -6.937949
 O -4.680487 1.492700 -0.769494
 O 4.369039 4.076802 -5.131860
 O 1.504696 -0.935885 -0.722399
 O -5.180840 -4.171843 1.959527
 O 1.921679 2.526972 2.015375
 H -5.253255 -2.289543 -0.734424
 H -5.934150 -2.403703 0.585660
 H 2.834901 -1.368757 6.295834
 H 3.434136 -2.411958 5.392473
 H -6.079713 6.504952 -5.043484
 H -4.839231 7.496655 -5.395633
 H 2.618575 3.456263 -1.021823
 H 1.129948 3.028554 -0.781150
 H -5.254782 0.331459 4.739494
 H -3.994933 0.858516 4.239714
 H 0.028352 6.876613 6.470777
 H 0.881614 5.720844 7.119254
 H -2.608172 -5.912631 -3.058066
 H -1.496478 -6.554898 -2.138256
 H 3.408793 1.674702 4.441498
 H 4.190573 0.232133 4.539109
 H -3.042857 -7.446104 6.377279
 H -1.585918 -7.120295 5.759734
 H 1.354762 -1.846595 3.051078
 H 2.442321 -2.846268 2.916110
 H 1.373803 -5.952900 2.486058
 H 2.120362 -5.345972 1.253217
 H -2.409771 -4.686589 5.813432
 H -2.426128 -4.329978 4.395200
 H -4.195939 -7.739897 -0.146719
 H -4.561362 -6.225280 -0.293352
 H -3.287825 -2.987201 -4.289541
 H -2.714182 -4.359140 -4.680348
 H 2.773358 -4.129120 -2.207200
 H 1.580926 -4.449312 -1.069977
 H -1.443449 3.348421 -2.452630
 H -1.444953 3.611188 -0.768839
 H -1.933595 -2.314512 0.802513
 H -0.789251 -2.203115 1.704251
 H 0.177925 -3.985410 3.809324
 H -0.891731 -4.658063 2.939195
 H 4.891796 -4.322286 -4.523599
 H 3.707400 -3.203283 -4.496257
 H 4.779421 5.152614 2.184015
 H 6.031552 4.274728 2.072726
 H 5.331417 -3.332310 5.087539
 H 4.345491 -4.566854 4.779238
 H -1.472917 -1.633239 -3.072085
 H -2.331406 -0.628320 -3.840915
 H -0.523597 3.886027 -4.680716
 H -0.937149 2.458934 -4.464960
 H 5.513219 2.061971 0.620561
 H 4.318694 1.457153 1.437492
 H 4.034086 1.454488 -3.009713
 H 2.777806 2.391542 -3.603395
 H -5.561454 3.539192 -6.727600
 H -4.464005 2.860401 -5.844394
 H 4.382607 -5.874832 0.096221
 H 5.305546 -4.742635 0.371486
 H -0.060635 -1.083602 -6.315394
 H 0.572996 0.208109 -6.673228
 H -2.530759 -0.047148 -5.970303
 H -3.835494 0.410154 -5.171373
 H 0.348974 0.000671 1.636584
 H 1.090197 -1.050984 0.960370
 H 5.459887 -2.008140 -4.112551
 H 6.242588 -3.195156 -3.407534
 H 4.289740 0.175091 -0.553008
 H 4.807887 -1.076115 -1.351270
 H -0.031253 5.252059 3.686826
 H -1.346895 4.481708 3.370642
 H -4.141239 -0.810515 -3.135602
 H -5.625406 -0.618849 -3.064053
 H -0.281301 -5.261930 -0.721029
 H -0.397969 -3.896507 0.089892
 H 5.397509 4.243129 -8.105823
 H 5.977663 2.811491 -8.625217
 H 3.160678 5.947549 5.015860
 H 3.885165 5.245045 6.075875
 H -5.782927 5.143176 -2.454049
 H -5.672921 6.745556 -2.694491
 H -0.337300 1.717969 -1.905076
 H 0.925993 1.512359 -2.854426
 H -3.843885 -4.663648 -0.920866
 H -4.685172 -3.954307 0.339251
 H -3.460894 6.135086 1.666630
 H -3.644806 6.096110 3.222555
 H -3.466315 3.064970 3.912076
 H -2.124533 2.948430 4.688701
 H -2.811486 -0.707312 -1.039544
 H -3.424107 0.044487 0.025722
 H -1.701414 -0.558959 4.545180
 H -2.445037 -1.893037 5.049070
 H 0.881485 2.059499 4.446839
 H 0.360715 2.961279 5.681628
 H -5.289368 1.707558 2.190712
 H -5.089694 2.551665 0.863654
 H 3.088242 6.258869 -2.117585
 H 4.381667 5.481405 -2.100512
 H 1.078359 -5.438333 -4.303218
 H 1.629289 -5.357673 -2.937308
 H -4.378251 4.506601 -4.567284
 H -2.995737 4.367868 -3.700259
 H 4.958294 1.442390 7.454895
 H 5.672814 1.597901 6.158022
 H -1.853280 1.787134 2.745864
 H -0.359882 1.792379 2.471288
 H 0.672031 -1.815387 -2.579586
 H 0.851986 -1.611104 -4.112767
 H -0.233408 -3.045255 -4.979012
 H 0.125466 -3.435218 -6.423075
 H 7.028686 -6.161385 5.016303
 H 6.222527 -5.466018 3.917721
 H 3.935603 -3.855134 1.363529
 H 3.526534 -2.556403 0.641051
 H 6.772074 -1.432096 2.454229
 H 5.346297 -1.017411 2.048240
 H 2.272957 4.055360 -5.158795
 H 1.815004 4.886858 -3.806123
 H -0.499822 -8.750106 0.841711
 H -1.052355 -7.344219 1.245359
 H -4.414888 -1.247691 -5.988503
 H -4.482925 -2.413471 -7.005358
 H -3.766261 1.612850 -1.079094
 H -5.131670 0.883027 -1.387900
 H 4.268647 3.581571 -4.278371
 H 5.278882 3.811798 -5.408786
 H 2.448673 -0.723365 -1.025848
 H 0.961968 -0.349906 -1.317965
 H -4.514766 -4.901680 1.973682
 H -6.035640 -4.655036 1.885175
 H 1.284016 3.103029 2.459350
 H 1.949163 2.655927 1.033380
K_POINTS
 1
0.0 0.0 0.0 1.0