
&control
    calculation='scf'
    pseudo_dir = './',
    outdir='./outputs',
    disk_io='high'
/
&system
    ibrav= 1, celldm(1)=20.000000, nat=  192, ntyp= 2,
    ecutwfc = 30.0, nosym=.true., occupations='smearing',
    smearing='m-v', degauss=0.025
/
&electrons
    conv_thr =  1.0d-8,
    mixing_beta = 0.7
/
&ions
    pot_extrapolation='second-order'
    wfc_extrapolation='second-order'
    ion_temperature = 'andersen'
    tempw = 1000

/
ATOMIC_SPECIES
 H  1.01  H.blyp-hgh.UPF
 O  16.0  O.blyp-hgh.UPF
ATOMIC_POSITIONS bohr
 O -5.259835 -1.518754 -1.554968
 O 3.920094 -2.105185 5.387384
 O -5.742293 5.437512 -5.462763
 O -0.178135 3.789008 -1.507958
 O -4.726620 0.769071 3.917394
 O -0.231955 5.463772 5.227036
 O -0.130700 -5.400804 -3.400773
 O 2.434332 0.145579 3.600439
 O -2.853352 -5.295259 5.654473
 O 1.968142 -2.855213 1.912285
 O 2.556269 -6.105085 2.905969
 O -4.067072 -3.013552 4.481834
 O -4.440801 -5.857304 0.722761
 O -3.606811 -5.702853 -3.761466
 O 2.362707 -2.765044 -2.290295
 O -1.979805 2.434271 1.055378
 O -1.215944 -1.725074 1.864666
 O 0.214486 -4.200571 3.760599
 O 5.401225 -4.305435 -4.977887
 O 5.443812 4.954988 2.203536
 O 5.897311 -2.990810 3.263717
 O -3.240950 -2.901516 -3.855323
 O -0.888452 2.650270 -4.947851
 O 3.920068 2.358427 2.893873
 O 2.331129 1.362858 -3.106234
 O -4.856334 2.697443 -6.229524
 O 4.482964 -5.984516 -1.242115
 O 1.999947 -1.283649 -4.626337
 O -2.042428 0.155867 -4.830178
 O 0.922152 -0.327168 0.780188
 O 4.755871 -1.738883 -3.662260
 O 5.200800 0.105737 -0.138448
 O -0.167954 4.611687 1.930370
 O -5.028959 0.731989 -4.015295
 O 0.735569 -3.826372 -0.379332
 O 4.556266 3.741020 -4.475853
 O 3.417739 5.455984 5.857138
 O -5.260471 3.914346 -1.969982
 O -0.385824 0.998957 -1.734543
 O -3.099064 -3.484588 -1.009795
 O -2.657868 5.488532 3.306214
 O -1.550376 2.802296 4.165476
 O -2.598775 -0.315096 -0.715700
 O -1.543922 -2.146567 4.857911
 O 0.638703 1.866302 4.968656
 O -4.709439 3.310345 1.381310
 O 2.911629 3.976940 -0.647125
 O 2.703671 -6.017408 -3.642390
 O -2.545774 4.505108 -2.325411
 O 5.420917 0.626622 5.379399
 O -2.993237 0.281688 1.978969
 O -0.680559 -2.362491 -2.426322
 O 0.018560 -3.348424 -5.476999
 O 5.756105 -5.952715 4.295269
 O 4.980670 -3.139447 -0.176815
 O 4.637188 -0.722156 2.454685
 O 1.187932 4.326736 -4.308658
 O -0.706601 -5.843564 0.442187
 O -5.522326 -1.465921 -5.726455
 O -4.645677 1.309250 -0.833005
 O 5.176815 1.481001 -2.466646
 O 2.849227 -0.293103 -1.130037
 O -5.273666 -1.289658 1.318953
 O 1.579975 2.564417 1.466998
 H -5.292896 -1.446172 -0.570982
 H -4.522392 -0.900216 -1.748481
 H 3.691314 -2.883280 5.937746
 H 3.202744 -2.033622 4.712068
 H -6.477560 4.985925 -4.971068
 H -5.477821 4.757752 -6.119340
 H 0.280667 2.948503 -1.213942
 H 0.529055 4.338612 -1.900163
 H -5.668961 0.472709 3.859662
 H -4.673089 1.379298 4.698624
 H 0.187710 6.344269 5.074657
 H 0.135799 5.156198 6.082176
 H -0.482850 -5.440248 -2.492000
 H -0.927389 -5.618303 -3.927899
 H 2.756905 1.080912 3.405275
 H 1.466649 0.215259 3.727939
 H -3.424513 -5.430473 6.456191
 H -1.945332 -5.466791 5.990342
 H 2.064910 -2.022172 1.379388
 H 2.890046 -3.188285 1.931069
 H 3.266539 -6.503891 2.353901
 H 1.708800 -6.462291 2.546617
 H -3.245185 -3.429895 4.151022
 H -4.589592 -2.668636 3.702379
 H -3.962184 -6.630464 0.344957
 H -4.136012 -5.065969 0.205222
 H -4.438129 -5.280707 -3.470702
 H -3.703426 -6.660087 -3.563249
 H 2.395416 -1.783584 -2.145863
 H 1.707099 -3.118903 -1.606680
 H -1.108168 2.872864 1.019366
 H -1.849810 1.459713 0.996042
 H -0.505833 -1.074857 1.419010
 H -0.885885 -1.696099 2.798791
 H 1.030517 -4.140814 3.196414
 H -0.459730 -3.945152 3.095005
 H 6.249041 -4.806115 -4.933989
 H 5.529362 -3.326331 -4.906661
 H 5.670384 5.287831 3.135048
 H 6.286453 4.962791 1.708822
 H 5.489312 -2.268414 2.726589
 H 6.063167 -3.723216 2.634693
 H -2.318837 -2.708853 -4.125000
 H -3.705173 -2.937485 -4.715044
 H -0.368307 2.821789 -4.133535
 H -1.433253 1.849100 -4.730099
 H 4.821547 2.666931 3.119490
 H 3.481721 3.155742 2.531944
 H 2.782877 1.008399 -3.904154
 H 1.712747 2.031812 -3.480683
 H -4.980469 1.996275 -5.535902
 H -3.982275 3.070298 -5.977309
 H 4.066518 -5.094625 -1.327512
 H 5.401257 -5.758693 -0.991263
 H 2.762838 -1.343662 -5.259464
 H 1.272292 -0.943442 -5.189078
 H -1.874656 -0.471837 -5.572232
 H -2.939898 0.501224 -5.029790
 H 0.795870 0.580186 1.121232
 H 1.549640 -0.255612 -0.019825
 H 3.982518 -2.201382 -3.251712
 H 5.378162 -1.613093 -2.907596
 H 5.482556 0.955341 -0.568840
 H 5.819714 -0.452845 -0.705809
 H -0.597682 3.941650 2.541012
 H -0.786418 5.350025 2.149066
 H -4.792768 0.677330 -3.058176
 H -6.008128 0.817564 -4.078798
 H 0.391569 -4.745287 -0.447860
 H 1.307606 -3.773083 0.425243
 H 3.688114 4.085102 -4.785851
 H 4.676334 2.877808 -4.917820
 H 3.400842 5.306450 4.881875
 H 2.682054 6.080714 6.003788
 H -5.580511 3.790182 -1.038922
 H -4.583405 4.612558 -1.766910
 H 0.053482 0.270778 -2.214262
 H -1.025132 0.530143 -1.112873
 H -3.068191 -2.904299 -1.833402
 H -2.390417 -4.117967 -1.249924
 H -3.536978 5.740760 2.954587
 H -2.712227 5.745748 4.272875
 H -1.308385 2.158211 3.470549
 H -2.133091 3.442060 3.691634
 H -2.092552 -1.142478 -0.620884
 H -3.087853 -0.226598 0.148889
 H -2.500292 -2.365015 4.818440
 H -1.039621 -2.859841 5.310518
 H 1.354492 1.514503 5.532842
 H 0.178471 2.495666 5.577231
 H -5.064905 3.562982 2.257667
 H -3.845120 2.876453 1.617139
 H 3.399836 4.756270 -0.288561
 H 2.871540 4.187077 -1.601068
 H 3.599826 -5.621248 -3.776998
 H 2.158931 -5.219814 -3.414380
 H -2.453811 3.953864 -3.130310
 H -1.731187 4.232773 -1.807300
 H 5.917661 -0.232750 5.459498
 H 4.508700 0.281857 5.296261
 H -2.383099 -0.516950 2.025257
 H -3.715896 0.277191 2.670317
 H 0.172913 -2.836475 -2.524194
 H -0.680342 -2.059497 -1.504084
 H 0.250909 -3.162394 -4.537444
 H 0.754094 -2.873695 -5.916226
 H 5.015324 -6.010622 4.953877
 H 6.453755 -5.533138 4.836960
 H 5.902959 -3.249528 0.152827
 H 4.756726 -2.265189 0.212558
 H 4.802551 -0.001385 1.803435
 H 3.700847 -0.595425 2.817390
 H 1.258710 4.029636 -5.238768
 H 1.581686 5.254131 -4.323945
 H -1.168720 -6.713030 0.404497
 H -1.353106 -5.119783 0.318385
 H -5.171513 -1.937465 -6.521007
 H -4.720072 -0.974706 -5.444289
 H -4.335174 2.214712 -1.055099
 H -4.752712 1.301270 0.139416
 H 5.804074 2.239264 -2.461515
 H 4.300225 1.926469 -2.540182
 H 3.740060 0.099621 -0.885685
 H 2.449239 0.279130 -1.836150
 H -6.178688 -1.044242 1.618283
 H -4.814280 -1.491323 2.151156
 H 0.700181 3.006718 1.393609
 H 2.024257 3.058582 0.719445
K_POINTS
 1
0.0 0.0 0.0 1.0