
&control
    calculation='scf'
    pseudo_dir = './',
    outdir='./outputs',
    disk_io='high'
/
&system
    ibrav= 1, celldm(1)=20.000000, nat=  192, ntyp= 2,
    ecutwfc = 30.0, nosym=.true., occupations='smearing',
    smearing='m-v', degauss=0.025
/
&electrons
    conv_thr =  1.0d-8,
    mixing_beta = 0.7
/
&ions
    pot_extrapolation='second-order'
    wfc_extrapolation='second-order'
    ion_temperature = 'andersen'
    tempw = 1000

/
ATOMIC_SPECIES
 H  1.01  H.blyp-hgh.UPF
 O  16.0  O.blyp-hgh.UPF
ATOMIC_POSITIONS bohr
 O -5.771336 -1.758270 -0.083860
 O 3.650340 -1.913468 6.204862
 O -5.680986 7.085250 -5.742413
 O 2.046611 2.708719 -0.803286
 O -4.895559 1.218270 4.418557
 O 0.367447 5.958912 6.333966
 O -1.818437 -5.719425 -2.572713
 O 4.164925 1.117905 4.868999
 O -2.432903 -6.759249 6.016364
 O 1.690816 -2.649489 3.523763
 O 2.228935 -5.770604 2.092877
 O -2.838187 -4.072150 5.255861
 O -3.885497 -6.838409 0.099879
 O -3.534176 -3.902090 -4.447772
 O 2.501139 -4.670103 -1.388929
 O -1.253507 2.994219 -1.553827
 O -1.300561 -2.910193 1.219544
 O -0.138915 -4.873584 3.495294
 O 4.166653 -3.899402 -3.950990
 O 5.082109 4.257461 1.883437
 O 5.052642 -3.998626 4.437272
 O -2.418625 -1.348471 -3.249949
 O -1.288253 3.292762 -4.895207
 O 4.800544 1.401149 0.532139
 O 3.283907 1.522136 -3.588776
 O -4.959470 3.711386 -6.013172
 O 4.838369 -5.443082 0.864468
 O 0.822679 -0.590579 -6.186703
 O -2.904713 0.644628 -5.356052
 O 0.518883 -0.927889 1.787138
 O 6.117964 -2.258348 -3.413149
 O 4.042189 -0.486299 -1.253930
 O -0.381500 4.492925 3.104382
 O -4.791564 -0.168336 -2.789811
 O -0.053958 -4.334548 -0.743026
 O 5.831844 3.339512 -7.845805
 O 4.060730 5.859018 5.367140
 O -6.286088 6.015837 -2.499406
 O 0.134241 1.044515 -2.513260
 O -4.698123 -4.255234 -0.615844
 O -3.026086 6.450568 2.488329
 O -2.464098 3.024172 3.831648
 O -2.572886 -0.325870 -0.138334
 O -1.658096 -1.291825 5.147662
 O 0.987701 2.205080 5.401203
 O -4.896465 2.457687 1.814522
 O 3.427121 5.394987 -1.836593
 O 0.941057 -5.888750 -3.422656
 O -3.984861 4.621694 -3.699281
 O 5.907561 1.451626 7.142667
 O -1.125609 1.394657 2.115012
 O 0.310676 -2.099282 -3.445115
 O -0.068081 -3.826612 -5.551555
 O 6.964287 -6.018770 4.056953
 O 3.904279 -2.873111 1.477249
 O 5.833253 -1.492487 2.744802
 O 1.771298 4.039145 -4.335842
 O -0.851382 -7.956030 0.462296
 O -4.491111 -1.451216 -6.927888
 O -4.689999 1.513998 -0.763760
 O 4.321994 4.108294 -5.153775
 O 1.489688 -0.920047 -0.706846
 O -5.189136 -4.176173 1.953157
 O 1.924179 2.511704 1.998279
 H -5.268200 -2.231580 -0.786677
 H -5.948302 -2.438219 0.584714
 H 2.824503 -1.377399 6.302652
 H 3.460199 -2.441202 5.387116
 H -6.040270 6.529849 -5.015274
 H -4.815613 7.408619 -5.319754
 H 2.683415 3.461367 -0.905810
 H 1.138780 3.051683 -0.831397
 H -5.244142 0.358154 4.778518
 H -3.986502 0.883488 4.203875
 H -0.002913 6.859017 6.468789
 H 0.856170 5.645106 7.123881
 H -2.638164 -5.840632 -3.076902
 H -1.534684 -6.501661 -2.072038
 H 3.429267 1.662314 4.540812
 H 4.165899 0.199289 4.521716
 H -3.017650 -7.450057 6.345538
 H -1.537252 -7.081696 5.799202
 H 1.298085 -1.854248 3.051012
 H 2.461141 -2.891065 2.948045
 H 1.346715 -5.914598 2.478992
 H 2.058362 -5.300937 1.255247
 H -2.362084 -4.698407 5.837059
 H -2.411862 -4.389129 4.443352
 H -4.103100 -7.762321 -0.116241
 H -4.518203 -6.210944 -0.339007
 H -3.273433 -2.966002 -4.271635
 H -2.738738 -4.417031 -4.702685
 H 2.828039 -4.157679 -2.160350
 H 1.587329 -4.408116 -1.031891
 H -1.486977 3.379058 -2.433167
 H -1.412716 3.597539 -0.775568
 H -1.927802 -2.332035 0.724975
 H -0.846185 -2.178563 1.669196
 H 0.245707 -3.980779 3.701016
 H -0.880740 -4.647023 2.890209
 H 4.816824 -4.264785 -4.608501
 H 3.744840 -3.129503 -4.452317
 H 4.829182 5.170582 2.159548
 H 6.031940 4.251550 2.062615
 H 5.360660 -3.352548 5.101559
 H 4.314541 -4.495606 4.860938
 H -1.478558 -1.659603 -3.109900
 H -2.255777 -0.594353 -3.866076
 H -0.520093 3.888012 -4.694618
 H -0.972961 2.446120 -4.481150
 H 5.524968 2.046595 0.544131
 H 4.377803 1.408299 1.414433
 H 4.102598 1.542772 -3.057069
 H 2.833179 2.384935 -3.611906
 H -5.611698 3.545374 -6.777639
 H -4.405468 2.900132 -5.930075
 H 4.284638 -5.838874 0.141430
 H 5.222252 -4.704252 0.336366
 H -0.004907 -1.089819 -6.310522
 H 0.614536 0.208230 -6.705584
 H -2.555492 -0.090710 -5.927882
 H -3.846100 0.473075 -5.118833
 H 0.384423 0.028441 1.655534
 H 1.112921 -1.086019 0.998486
 H 5.467513 -2.076213 -4.120642
 H 6.188579 -3.232922 -3.417237
 H 4.257738 0.144463 -0.526204
 H 4.802587 -1.072988 -1.305938
 H -0.097708 5.262135 3.649532
 H -1.318029 4.496559 3.341424
 H -4.146084 -0.820803 -3.125596
 H -5.637241 -0.608170 -3.016315
 H -0.213857 -5.288016 -0.736431
 H -0.441091 -3.914354 0.075493
 H 5.474722 4.184449 -8.192523
 H 6.044541 2.736045 -8.582250
 H 3.154897 5.956313 5.001421
 H 3.878632 5.272773 6.142142
 H -5.679053 5.244202 -2.439209
 H -5.670322 6.753342 -2.643354
 H -0.349500 1.742654 -1.981602
 H 0.951197 1.457693 -2.877664
 H -3.837687 -4.605235 -0.866131
 H -4.817353 -3.938559 0.326307
 H -3.394592 6.090323 1.639642
 H -3.644607 6.148385 3.202129
 H -3.456570 2.988901 3.910610
 H -2.089705 2.981317 4.740569
 H -2.820697 -0.678837 -1.014688
 H -3.481683 -0.017352 0.068177
 H -1.662903 -0.551660 4.511173
 H -2.484656 -1.809098 5.029705
 H 0.839655 2.125586 4.428882
 H 0.425070 2.996494 5.639175
 H -5.373232 1.673992 2.139514
 H -5.067605 2.478307 0.843428
 H 3.012267 6.201057 -2.160089
 H 4.376297 5.519784 -2.035398
 H 1.055318 -5.369576 -4.265054
 H 1.564699 -5.320690 -2.903707
 H -4.386985 4.478508 -4.585130
 H -3.073377 4.312630 -3.670301
 H 4.950097 1.502468 7.428078
 H 5.730607 1.648482 6.184355
 H -1.890017 1.805533 2.641426
 H -0.350677 1.777444 2.521643
 H 0.665700 -1.868904 -2.559350
 H 0.882016 -1.646716 -4.090656
 H -0.174132 -3.067285 -4.937907
 H 0.163523 -3.452609 -6.429351
 H 7.032405 -6.146083 5.027345
 H 6.223654 -5.393202 3.904523
 H 3.985966 -3.866668 1.423079
 H 3.465876 -2.540167 0.673891
 H 6.729767 -1.484162 2.350522
 H 5.313008 -0.934414 2.142289
 H 2.356982 4.131379 -5.122377
 H 1.817750 4.892553 -3.829421
 H -0.480476 -8.791530 0.813713
 H -1.008937 -7.410299 1.262010
 H -4.408349 -1.335108 -5.955935
 H -4.550012 -2.427240 -7.048429
 H -3.760687 1.592323 -1.049445
 H -5.105808 0.912185 -1.429401
 H 4.351128 3.616362 -4.305575
 H 5.208776 3.827770 -5.469111
 H 2.455790 -0.772746 -1.017554
 H 0.991385 -0.280138 -1.287735
 H -4.502711 -4.883513 1.895775
 H -6.026635 -4.681381 1.935511
 H 1.281090 3.062526 2.494503
 H 1.905600 2.651110 1.012830
K_POINTS
 1
0.0 0.0 0.0 1.0