
&control
    calculation='scf'
    pseudo_dir = './',
    outdir='./outputs',
    disk_io='high'
/
&system
    ibrav= 1, celldm(1)=20.000000, nat=  192, ntyp= 2,
    ecutwfc = 30.0, nosym=.true., occupations='smearing',
    smearing='m-v', degauss=0.025
/
&electrons
    conv_thr =  1.0d-8,
    mixing_beta = 0.7
/
&ions
    pot_extrapolation='second-order'
    wfc_extrapolation='second-order'
    ion_temperature = 'andersen'
    tempw = 1000

/
ATOMIC_SPECIES
 H  1.01  H.blyp-hgh.UPF
 O  16.0  O.blyp-hgh.UPF
ATOMIC_POSITIONS bohr
 O -5.775970 -1.765432 -0.077012
 O 3.658346 -1.898359 6.197052
 O -5.679150 7.095010 -5.739501
 O 2.052189 2.717132 -0.795330
 O -4.892326 1.222500 4.416226
 O 0.367897 5.956373 6.334163
 O -1.835192 -5.719401 -2.575214
 O 4.183265 1.107975 4.868466
 O -2.421843 -6.757548 6.029703
 O 1.697938 -2.659080 3.525852
 O 2.218150 -5.761362 2.090367
 O -2.829513 -4.082573 5.262073
 O -3.875916 -6.835074 0.105169
 O -3.528864 -3.894709 -4.455377
 O 2.499929 -4.677358 -1.376840
 O -1.245388 2.987567 -1.560189
 O -1.307292 -2.911125 1.214677
 O -0.146972 -4.874937 3.495125
 O 4.158780 -3.895930 -3.933820
 O 5.092310 4.253770 1.872684
 O 5.048929 -4.001143 4.440532
 O -2.415605 -1.329918 -3.260299
 O -1.290330 3.294704 -4.892878
 O 4.807990 1.389025 0.514497
 O 3.293815 1.517577 -3.591735
 O -4.968825 3.710089 -6.031537
 O 4.844617 -5.442011 0.861683
 O 0.828978 -0.580902 -6.182132
 O -2.906368 0.644847 -5.356488
 O 0.516606 -0.919692 1.781470
 O 6.112866 -2.267329 -3.410939
 O 4.041685 -0.487163 -1.247730
 O -0.395978 4.498927 3.088200
 O -4.788797 -0.169472 -2.784130
 O -0.049239 -4.342339 -0.737313
 O 5.838115 3.321228 -7.844163
 O 4.051699 5.831530 5.366453
 O -6.301703 6.015272 -2.512047
 O 0.139258 1.033274 -2.509897
 O -4.701968 -4.257680 -0.613964
 O -3.025261 6.463090 2.481073
 O -2.458967 3.030967 3.850593
 O -2.585113 -0.305719 -0.129818
 O -1.653972 -1.287812 5.140572
 O 1.003385 2.192589 5.403819
 O -4.914276 2.448236 1.815919
 O 3.424080 5.397198 -1.832779
 O 0.946278 -5.895943 -3.422513
 O -4.002955 4.627226 -3.708613
 O 5.910572 1.454882 7.154171
 O -1.111903 1.399921 2.112296
 O 0.313573 -2.102967 -3.438171
 O -0.078537 -3.830377 -5.556724
 O 6.953598 -6.007551 4.059863
 O 3.898247 -2.874284 1.476411
 O 5.832557 -1.487841 2.749311
 O 1.767529 4.032299 -4.343394
 O -0.828101 -7.962123 0.456153
 O -4.494908 -1.460577 -6.923742
 O -4.694232 1.523070 -0.760780
 O 4.305367 4.119371 -5.160997
 O 1.484721 -0.913658 -0.702784
 O -5.192566 -4.177488 1.949807
 O 1.925067 2.504756 1.992785
 H -5.275664 -2.207819 -0.804448
 H -5.957297 -2.452323 0.588576
 H 2.823032 -1.380810 6.304111
 H 3.470296 -2.449868 5.387217
 H -6.024414 6.538096 -5.007723
 H -4.818882 7.373821 -5.297886
 H 2.700409 3.463241 -0.861885
 H 1.140863 3.066675 -0.855820
 H -5.243260 0.374401 4.791908
 H -3.990189 0.900497 4.189975
 H -0.011882 6.851346 6.473282
 H 0.840769 5.617099 7.123299
 H -2.650266 -5.821981 -3.080208
 H -1.556253 -6.482846 -2.051166
 H 3.437619 1.650593 4.576752
 H 4.149607 0.192176 4.514595
 H -3.007573 -7.457681 6.332206
 H -1.519037 -7.070347 5.821314
 H 1.275982 -1.858159 3.052316
 H 2.464986 -2.908799 2.962942
 H 1.334001 -5.894419 2.476060
 H 2.033215 -5.284343 1.257275
 H -2.348551 -4.704362 5.851458
 H -2.411016 -4.409119 4.454115
 H -4.069620 -7.769918 -0.105633
 H -4.502903 -6.210870 -0.354533
 H -3.263918 -2.962232 -4.262182
 H -2.748560 -4.432449 -4.708425
 H 2.845991 -4.162269 -2.135627
 H 1.589803 -4.386068 -1.025168
 H -1.503182 3.391680 -2.413757
 H -1.401798 3.598576 -0.784448
 H -1.928866 -2.342113 0.691269
 H -0.854377 -2.164285 1.660067
 H 0.279139 -3.982202 3.654200
 H -0.875871 -4.645176 2.870519
 H 4.780191 -4.241729 -4.640392
 H 3.766147 -3.112439 -4.435044
 H 4.846186 5.174817 2.146056
 H 6.036296 4.241420 2.058022
 H 5.371625 -3.363025 5.105282
 H 4.310318 -4.468161 4.893943
 H -1.485090 -1.671019 -3.125190
 H -2.229019 -0.578904 -3.874200
 H -0.522256 3.887566 -4.703357
 H -0.992152 2.444095 -4.492976
 H 5.527437 2.042740 0.516469
 H 4.401113 1.395582 1.403167
 H 4.122786 1.580195 -3.069790
 H 2.857188 2.387348 -3.611457
 H -5.627977 3.547840 -6.800351
 H -4.390754 2.918429 -5.962907
 H 4.246075 -5.829833 0.164967
 H 5.192569 -4.692843 0.325028
 H 0.015751 -1.095521 -6.310427
 H 0.637421 0.215612 -6.714324
 H -2.570249 -0.103890 -5.910058
 H -3.845832 0.499379 -5.100304
 H 0.390525 0.040342 1.668152
 H 1.116489 -1.102845 1.011991
 H 5.473068 -2.105066 -4.120040
 H 6.165948 -3.243520 -3.419655
 H 4.248474 0.134440 -0.517589
 H 4.808320 -1.079245 -1.286694
 H -0.119201 5.265536 3.631484
 H -1.311788 4.495746 3.327308
 H -4.144259 -0.824570 -3.115139
 H -5.641163 -0.605366 -2.997004
 H -0.192597 -5.298906 -0.740862
 H -0.459133 -3.920923 0.069205
 H 5.504938 4.159071 -8.228834
 H 6.068707 2.711222 -8.563637
 H 3.156230 5.961200 4.992076
 H 3.883671 5.286865 6.167357
 H -5.637472 5.286496 -2.438045
 H -5.665978 6.759406 -2.621894
 H -0.350320 1.748799 -2.014542
 H 0.957606 1.434592 -2.881805
 H -3.826819 -4.577011 -0.840107
 H -4.859829 -3.941061 0.322342
 H -3.366120 6.067592 1.629723
 H -3.644806 6.172898 3.190892
 H -3.442879 2.961493 3.910436
 H -2.081359 2.993312 4.759166
 H -2.815900 -0.672057 -1.011875
 H -3.501947 -0.038517 0.093132
 H -1.649673 -0.552240 4.494527
 H -2.499862 -1.777048 5.021284
 H 0.824883 2.153887 4.425392
 H 0.455112 3.001672 5.620778
 H -5.404084 1.657804 2.120074
 H -5.053345 2.443089 0.836580
 H 2.978995 6.184796 -2.171820
 H 4.376155 5.535146 -2.011587
 H 1.037612 -5.345639 -4.245248
 H 1.534374 -5.312191 -2.881614
 H -4.388223 4.461461 -4.594253
 H -3.100605 4.287201 -3.666461
 H 4.955986 1.520175 7.418648
 H 5.755938 1.664615 6.199568
 H -1.891720 1.809820 2.592600
 H -0.337299 1.777769 2.544895
 H 0.664177 -1.891167 -2.551209
 H 0.894451 -1.653094 -4.081648
 H -0.151054 -3.080044 -4.917896
 H 0.177184 -3.459505 -6.428712
 H 7.030628 -6.134968 5.031948
 H 6.225822 -5.361609 3.907360
 H 4.002535 -3.864308 1.445128
 H 3.442041 -2.538098 0.684958
 H 6.710875 -1.503641 2.312557
 H 5.299781 -0.904290 2.176369
 H 2.389971 4.160329 -5.102545
 H 1.820302 4.894929 -3.838160
 H -0.473881 -8.803609 0.807580
 H -0.992173 -7.439221 1.269319
 H -4.408312 -1.371605 -5.946797
 H -4.575704 -2.430235 -7.064916
 H -3.758856 1.584692 -1.040463
 H -5.088996 0.923556 -1.447159
 H 4.376224 3.634885 -4.317736
 H 5.181965 3.834946 -5.498010
 H 2.451149 -0.795326 -1.009261
 H 1.002114 -0.251826 -1.269712
 H -4.495337 -4.873851 1.875204
 H -6.022006 -4.689722 1.957607
 H 1.282993 3.053345 2.498682
 H 1.887467 2.652192 1.007314
K_POINTS
 1
0.0 0.0 0.0 1.0