
&control
    calculation='scf'
    pseudo_dir = './',
    outdir='./outputs',
    disk_io='high'
/
&system
    ibrav= 1, celldm(1)=20.000000, nat=  192, ntyp= 2,
    ecutwfc = 30.0, nosym=.true., occupations='smearing',
    smearing='m-v', degauss=0.025
/
&electrons
    conv_thr =  1.0d-8,
    mixing_beta = 0.7
/
&ions
    pot_extrapolation='second-order'
    wfc_extrapolation='second-order'
    ion_temperature = 'andersen'
    tempw = 1000

/
ATOMIC_SPECIES
 H  1.01  H.blyp-hgh.UPF
 O  16.0  O.blyp-hgh.UPF
ATOMIC_POSITIONS bohr
 O -5.776883 -1.766824 -0.075708
 O 3.659899 -1.895383 6.195459
 O -5.678704 7.096971 -5.738749
 O 2.053342 2.718816 -0.793691
 O -4.891613 1.223222 4.415761
 O 0.367999 5.955781 6.334096
 O -1.838494 -5.719279 -2.575698
 O 4.187005 1.105936 4.868371
 O -2.419607 -6.757089 6.032321
 O 1.699315 -2.660928 3.526265
 O 2.216022 -5.759530 2.089836
 O -2.827730 -4.084654 5.263322
 O -3.874011 -6.834398 0.106196
 O -3.527832 -3.893275 -4.456872
 O 2.499688 -4.678788 -1.374423
 O -1.243811 2.986224 -1.561506
 O -1.308734 -2.911282 1.213671
 O -0.148642 -4.875146 3.495090
 O 4.157172 -3.895206 -3.930534
 O 5.094287 4.253103 1.870563
 O 5.048109 -4.001625 4.441193
 O -2.414915 -1.326231 -3.262407
 O -1.290680 3.295088 -4.892341
 O 4.809450 1.386554 0.511000
 O 3.295850 1.516614 -3.592365
 O -4.970568 3.709859 -6.035155
 O 4.845839 -5.441740 0.860989
 O 0.830261 -0.578993 -6.181191
 O -2.906682 0.644882 -5.356551
 O 0.516207 -0.918053 1.780352
 O 6.111893 -2.269115 -3.410511
 O 4.041546 -0.487334 -1.246526
 O -0.398704 4.500196 3.085008
 O -4.788300 -0.169678 -2.783039
 O -0.048219 -4.343860 -0.736161
 O 5.839306 3.317623 -7.843842
 O 4.049807 5.826066 5.366278
 O -6.304733 6.015142 -2.514584
 O 0.140298 1.030996 -2.509266
 O -4.702865 -4.258168 -0.613716
 O -3.025092 6.465585 2.479611
 O -2.458006 3.032307 3.854416
 O -2.587624 -0.301738 -0.128157
 O -1.653133 -1.286961 5.139165
 O 1.006421 2.190180 5.404237
 O -4.917873 2.446388 1.816197
 O 3.423533 5.397478 -1.831995
 O 0.947441 -5.897277 -3.422565
 O -4.006617 4.628422 -3.710350
 O 5.911061 1.455557 7.156431
 O -1.109278 1.400966 2.111756
 O 0.314142 -2.103725 -3.436803
 O -0.080618 -3.831106 -5.557801
 O 6.951490 -6.005408 4.060379
 O 3.897017 -2.874534 1.476275
 O 5.832478 -1.486859 2.750235
 O 1.766759 4.030960 -4.344932
 O -0.823435 -7.963344 0.454898
 O -4.495675 -1.462478 -6.922871
 O -4.695104 1.524925 -0.760169
 O 4.302152 4.121512 -5.162375
 O 1.483786 -0.912375 -0.702092
 O -5.193257 -4.177713 1.949077
 O 1.925221 2.503312 1.991768
 H -5.277373 -2.203029 -0.807609
 H -5.959251 -2.455200 0.589435
 H 2.822876 -1.381487 6.304275
 H 3.472343 -2.451173 5.387659
 H -6.021450 6.539561 -5.006493
 H -4.820097 7.367103 -5.294153
 H 2.703209 3.463619 -0.853214
 H 1.141494 3.070021 -0.861025
 H -5.243240 0.377966 4.794474
 H -3.991252 0.904244 4.187177
 H -0.013422 6.849771 6.474614
 H 0.837288 5.611690 7.123032
 H -2.652977 -5.819011 -3.080702
 H -1.561093 -6.479392 -2.047258
 H 3.439077 1.647993 4.583714
 H 4.145945 0.191191 4.513258
 H -3.005652 -7.459756 6.329537
 H -1.515487 -7.068308 5.826202
 H 1.271972 -1.859578 3.052884
 H 2.465700 -2.912310 2.965837
 H 1.331255 -5.890079 2.475572
 H 2.028195 -5.281119 1.257837
 H -2.346266 -4.705483 5.854564
 H -2.411017 -4.413004 4.455490
 H -4.063093 -7.771136 -0.103589
 H -4.499817 -6.211389 -0.357380
 H -3.261669 -2.961908 -4.260187
 H -2.750527 -4.434907 -4.709377
 H 2.849403 -4.162754 -2.130299
 H 1.590424 -4.381321 -1.024359
 H -1.506391 3.394280 -2.409427
 H -1.399648 3.599046 -0.786613
 H -1.929129 -2.344483 0.684465
 H -0.855227 -2.161250 1.658437
 H 0.286201 -3.982909 3.644541
 H -0.874766 -4.645013 2.866667
 H 4.772266 -4.237168 -4.646291
 H 3.770650 -3.109757 -4.431332
 H 4.849504 5.175190 2.142999
 H 6.037813 4.239270 2.057087
 H 5.373904 -3.365226 5.105838
 H 4.309944 -4.462844 4.900502
 H -1.486743 -1.673340 -3.128270
 H -2.223890 -0.575640 -3.875715
 H -0.522862 3.887355 -4.705269
 H -0.996212 2.443763 -4.495615
 H 5.527751 2.042069 0.511037
 H 4.405789 1.393457 1.400759
 H 4.126279 1.587736 -3.072123
 H 2.861979 2.388222 -3.611231
 H -5.630860 3.548288 -6.805012
 H -4.388357 2.922209 -5.969515
 H 4.238439 -5.828280 0.170189
 H 5.186841 -4.690797 0.322899
 H 0.019619 -1.096901 -6.310589
 H 0.642372 0.217497 -6.715803
 H -2.573533 -0.106356 -5.906508
 H -3.845492 0.504683 -5.096745
 H 0.391332 0.042774 1.670895
 H 1.116942 -1.106280 1.014400
 H 5.474079 -2.110724 -4.119963
 H 6.161397 -3.245351 -3.419933
 H 4.246883 0.132762 -0.515803
 H 4.809822 -1.080874 -1.282721
 H -0.123071 5.266377 3.627712
 H -1.312050 4.495073 3.324565
 H -4.143616 -0.825342 -3.112667
 H -5.641834 -0.604872 -2.993105
 H -0.188675 -5.301167 -0.741597
 H -0.462821 -3.922255 0.067959
 H 5.510953 4.153896 -8.236223
 H 6.073532 2.706322 -8.559901
 H 3.156661 5.962141 4.990077
 H 3.884939 5.289800 6.172412
 H -5.629355 5.294901 -2.438102
 H -5.665456 6.760707 -2.617406
 H -0.350249 1.749842 -2.021241
 H 0.958622 1.429832 -2.882324
 H -3.823798 -4.571085 -0.834605
 H -4.867670 -3.942124 0.321694
 H -3.360248 6.062828 1.627966
 H -3.645000 6.177993 3.188553
 H -3.439679 2.956189 3.910571
 H -2.080156 2.995649 4.762700
 H -2.814374 -0.670822 -1.011551
 H -3.505975 -0.042557 0.098644
 H -1.647089 -0.552635 4.491101
 H -2.502862 -1.770687 5.019584
 H 0.822248 2.159516 4.425239
 H 0.461616 3.002017 5.617239
 H -5.410036 1.654517 2.116232
 H -5.050076 2.435678 0.835319
 H 2.972202 6.181901 -2.173903
 H 4.376207 5.538336 -2.006949
 H 1.033495 -5.341127 -4.241053
 H 1.528021 -5.310884 -2.876544
 H -4.388532 4.457621 -4.596452
 H -3.105837 4.281854 -3.666145
 H 4.957558 1.523291 7.416936
 H 5.761236 1.667602 6.202850
 H -1.891268 1.810581 2.582508
 H -0.334254 1.778183 2.549761
 H 0.664041 -1.895621 -2.549330
 H 0.896949 -1.653906 -4.079707
 H -0.146397 -3.083031 -4.913839
 H 0.179809 -3.460864 -6.428321
 H 7.029999 -6.132347 5.032764
 H 6.226459 -5.355201 3.908572
 H 4.005551 -3.863373 1.449339
 H 3.437253 -2.538106 0.687020
 H 6.706873 -1.507479 2.305136
 H 5.297187 -0.898469 2.183110
 H 2.396464 4.165863 -5.098153
 H 1.820771 4.895087 -3.839884
 H -0.472571 -8.805863 0.806611
 H -0.988815 -7.445131 1.270864
 H -4.408478 -1.379089 -5.945369
 H -4.580809 -2.430751 -7.068214
 H -3.758547 1.583226 -1.038692
 H -5.085242 0.925915 -1.450676
 H 4.380697 3.638841 -4.319927
 H 5.176687 3.836502 -5.504325
 H 2.449755 -0.799988 -1.007302
 H 1.004191 -0.246079 -1.265750
 H -4.493669 -4.871775 1.871731
 H -6.021132 -4.691368 1.962161
 H 1.283723 3.051818 2.498778
 H 1.883764 2.652574 1.006405
K_POINTS
 1
0.0 0.0 0.0 1.0