
&control
    calculation='scf'
    pseudo_dir = './',
    outdir='./outputs',
    disk_io='high'
/
&system
    ibrav= 1, celldm(1)=20.000000, nat=  192, ntyp= 2,
    ecutwfc = 30.0, nosym=.true., occupations='smearing',
    smearing='m-v', degauss=0.025
/
&electrons
    conv_thr =  1.0d-8,
    mixing_beta = 0.7
/
&ions
    pot_extrapolation='second-order'
    wfc_extrapolation='second-order'
    ion_temperature = 'andersen'
    tempw = 1000

/
ATOMIC_SPECIES
 H  1.01  H.blyp-hgh.UPF
 O  16.0  O.blyp-hgh.UPF
ATOMIC_POSITIONS bohr
 O -5.780507 -1.772245 -0.070679
 O 3.665964 -1.883675 6.188966
 O -5.676720 7.104795 -5.735181
 O 2.057983 2.725562 -0.786979
 O -4.888629 1.225785 4.413914
 O 0.368440 5.953128 6.333453
 O -1.851484 -5.718348 -2.577578
 O 4.202210 1.097585 4.868012
 O -2.410588 -6.754889 6.042645
 O 1.704525 -2.668021 3.527924
 O 2.207581 -5.752236 2.087596
 O -2.820440 -4.092977 5.268374
 O -3.866422 -6.831706 0.110185
 O -3.523837 -3.887672 -4.462748
 O 2.498680 -4.684414 -1.364732
 O -1.237670 2.980836 -1.566824
 O -1.314788 -2.911710 1.209547
 O -0.155484 -4.875709 3.494915
 O 4.150695 -3.892230 -3.917988
 O 5.101963 4.250695 1.862185
 O 5.044567 -4.003457 4.443894
 O -2.411863 -1.311575 -3.270969
 O -1.291953 3.296654 -4.890014
 O 4.815224 1.376545 0.497121
 O 3.304218 1.512668 -3.594959
 O -4.977129 3.709092 -6.049437
 O 4.850588 -5.440489 0.857757
 O 0.835500 -0.571426 -6.177343
 O -2.907867 0.645053 -5.356700
 O 0.514751 -0.911526 1.776023
 O 6.108209 -2.276256 -3.408798
 O 4.040938 -0.488134 -1.241876
 O -0.408913 4.505469 3.072325
 O -4.786514 -0.170437 -2.778818
 O -0.043897 -4.349829 -0.731529
 O 5.843819 3.303426 -7.842602
 O 4.042033 5.804393 5.365401
 O -6.316334 6.014639 -2.524774
 O 0.144576 1.021751 -2.506888
 O -4.706862 -4.260138 -0.613172
 O -3.024376 6.475542 2.473640
 O -2.454275 3.037609 3.869777
 O -2.597883 -0.286017 -0.121698
 O -1.649769 -1.283397 5.133546
 O 1.018192 2.180873 5.405446
 O -4.932413 2.439063 1.817283
 O 3.421521 5.398098 -1.828798
 O 0.952458 -5.902265 -3.423001
 O -4.021342 4.633481 -3.716879
 O 5.912730 1.458335 7.165358
 O -1.098962 1.405121 2.109583
 O 0.316393 -2.106827 -3.431470
 O -0.088913 -3.833927 -5.562190
 O 6.943151 -5.997157 4.062228
 O 3.892031 -2.875529 1.475868
 O 5.832349 -1.482731 2.753975
 O 1.763686 4.025828 -4.351176
 O -0.804750 -7.968235 0.449801
 O -4.498761 -1.470169 -6.919237
 O -4.698642 1.532452 -0.757737
 O 4.289681 4.129820 -5.167698
 O 1.480204 -0.907266 -0.699691
 O -5.196011 -4.178459 1.945965
 O 1.925742 2.497372 1.987963
 H -5.285004 -2.183943 -0.818662
 H -5.967396 -2.466736 0.592673
 H 2.822596 -1.384109 6.304462
 H 3.480617 -2.454705 5.391020
 H -6.010759 6.544602 -5.002521
 H -4.825929 7.341624 -5.281356
 H 2.712458 3.465267 -0.819043
 H 1.145376 3.084354 -0.882814
 H -5.243620 0.392926 4.804438
 H -3.995953 0.919942 4.175809
 H -0.018691 6.843374 6.481460
 H 0.822105 5.590778 7.121587
 H -2.665107 -5.809804 -3.082235
 H -1.582254 -6.466870 -2.032402
 H 3.443932 1.637074 4.610806
 H 4.130102 0.188565 4.508330
 H -2.998209 -7.469730 6.318803
 H -1.501620 -7.060901 5.847267
 H 1.257881 -1.867965 3.056349
 H 2.468756 -2.926169 2.976654
 H 1.319653 -5.871800 2.474106
 H 2.008315 -5.268565 1.260629
 H -2.338659 -4.709491 5.867429
 H -2.411475 -4.428240 4.458354
 H -4.037591 -7.774690 -0.095685
 H -4.487331 -6.215318 -0.367796
 H -3.251420 -2.962131 -4.251940
 H -2.758213 -4.442563 -4.712572
 H 2.862580 -4.163233 -2.107911
 H 1.593518 -4.361411 -1.022831
 H -1.519235 3.405089 -2.391549
 H -1.391010 3.601494 -0.796424
 H -1.930027 -2.355285 0.657456
 H -0.856550 -2.149142 1.652087
 H 0.315382 -3.987578 3.605066
 H -0.869844 -4.645099 2.851738
 H 4.738613 -4.219421 -4.667655
 H 3.788862 -3.100976 -4.415430
 H 4.862543 5.174943 2.129546
 H 6.046174 4.230216 2.053254
 H 5.383537 -3.374169 5.107369
 H 4.309823 -4.442498 4.926404
 H -1.494437 -1.682694 -3.140606
 H -2.204205 -0.562043 -3.881365
 H -0.525575 3.886161 -4.713296
 H -1.012857 2.442239 -4.506793
 H 5.528329 2.039632 0.489590
 H 4.424420 1.386349 1.390731
 H 4.138290 1.617695 -3.080953
 H 2.880839 2.392812 -3.610081
 H -5.640889 3.549889 -6.823856
 H -4.380426 2.937367 -5.996123
 H 4.208431 -5.822785 0.192930
 H 5.164706 -4.683376 0.314762
 H 0.034075 -1.103077 -6.311957
 H 0.663252 0.226079 -6.720684
 H -2.587679 -0.115893 -5.892626
 H -3.843334 0.525874 -5.082993
 H 0.393373 0.052497 1.682351
 H 1.118040 -1.119945 1.022722
 H 5.477290 -2.132471 -4.120371
 H 6.143300 -3.251889 -3.420140
 H 4.241444 0.127385 -0.508253
 H 4.816301 -1.088085 -1.266386
 H -0.136958 5.270651 3.612287
 H -1.319341 4.490600 3.314224
 H -4.140122 -0.828506 -3.101600
 H -5.644061 -0.603117 -2.977455
 H -0.174080 -5.310345 -0.743957
 H -0.477782 -3.927717 0.063069
 H 5.534827 4.132950 -8.266036
 H 6.092992 2.686508 -8.545128
 H 3.158726 5.965579 4.981867
 H 3.890433 5.301824 6.192696
 H -5.598259 5.327996 -2.439335
 H -5.665532 6.766014 -2.598771
 H -0.349270 1.753486 -2.048187
 H 0.961992 1.410440 -2.883524
 H -3.809046 -4.546400 -0.811546
 H -4.896771 -3.948216 0.319601
 H -3.336208 6.043392 1.622088
 H -3.646575 6.198798 3.179202
 H -3.426063 2.935605 3.911882
 H -2.076985 3.004746 4.776278
 H -2.806452 -0.665911 -1.010487
 H -3.521932 -0.058187 0.122152
 H -1.636873 -0.555169 4.477267
 H -2.514534 -1.745412 5.012846
 H 0.813140 2.181453 4.426703
 H 0.489210 3.001311 5.604176
 H -5.432863 1.641572 2.101065
 H -5.035579 2.405005 0.830726
 H 2.945075 6.171009 -2.181236
 H 4.376477 5.551607 -1.988871
 H 1.015220 -5.324014 -4.223820
 H 1.501759 -5.306990 -2.854136
 H -4.390240 4.440898 -4.606554
 H -3.126365 4.259787 -3.666244
 H 4.964447 1.534279 7.410931
 H 5.783193 1.678789 6.216380
 H -1.887370 1.813653 2.541689
 H -0.321921 1.780625 2.569500
 H 0.664172 -1.913309 -2.540740
 H 0.906789 -1.655732 -4.071212
 H -0.127613 -3.096654 -4.897818
 H 0.189939 -3.466123 -6.425941
 H 7.026542 -6.120519 5.035533
 H 6.229824 -5.329536 3.915657
 H 4.016485 -3.858366 1.465308
 H 3.418081 -2.539758 0.694746
 H 6.689998 -1.522573 2.276111
 H 5.287234 -0.876113 2.210006
 H 2.421813 4.186713 -5.079183
 H 1.822232 4.894212 -3.846630
 H -0.467262 -8.814558 0.803451
 H -0.975357 -7.468987 1.277315
 H -4.409716 -1.409583 -5.941031
 H -4.601073 -2.432681 -7.081443
 H -3.757593 1.577655 -1.031423
 H -5.069133 0.935695 -1.464410
 H 4.396748 3.655343 -4.327341
 H 5.155817 3.843192 -5.531507
 H 2.442964 -0.818890 -0.998649
 H 1.012237 -0.222816 -1.248884
 H -4.486404 -4.863034 1.859999
 H -6.017959 -4.698048 1.980756
 H 1.287880 3.046687 2.496717
 H 1.868776 2.654556 1.003460
K_POINTS
 1
0.0 0.0 0.0 1.0