
&control
    calculation='scf'
    pseudo_dir = './',
    outdir='./outputs',
    disk_io='high'
/
&system
    ibrav= 1, celldm(1)=20.000000, nat=  192, ntyp= 2,
    ecutwfc = 30.0, nosym=.true., occupations='smearing',
    smearing='m-v', degauss=0.025
/
&electrons
    conv_thr =  1.0d-8,
    mixing_beta = 0.7
/
&ions
    pot_extrapolation='second-order'
    wfc_extrapolation='second-order'
    ion_temperature = 'andersen'
    tempw = 1000

/
ATOMIC_SPECIES
 H  1.01  H.blyp-hgh.UPF
 O  16.0  O.blyp-hgh.UPF
ATOMIC_POSITIONS bohr
 O -5.259886 -1.516108 -1.561780
 O 3.917174 -2.101652 5.387278
 O -5.742623 5.442423 -5.460206
 O -0.177236 3.794311 -1.505227
 O -4.727147 0.769764 3.919426
 O -0.231562 5.465370 5.228657
 O -0.131089 -5.401711 -3.400212
 O 2.437647 0.141643 3.599102
 O -2.853519 -5.295746 5.655844
 O 1.971567 -2.851098 1.918259
 O 2.557721 -6.106201 2.905752
 O -4.063374 -3.011715 4.485251
 O -4.440770 -5.854622 0.722464
 O -3.607677 -5.703788 -3.765238
 O 2.368823 -2.766730 -2.293299
 O -1.983363 2.433800 1.045534
 O -1.216497 -1.732622 1.869551
 O 0.215100 -4.198922 3.762485
 O 5.399401 -4.310355 -4.978632
 O 5.441840 4.958920 2.204872
 O 5.894810 -2.991593 3.263885
 O -3.240655 -2.897565 -3.856982
 O -0.888289 2.652487 -4.947972
 O 3.921654 2.358916 2.895734
 O 2.331392 1.366430 -3.107443
 O -4.853918 2.692748 -6.232268
 O 4.484369 -5.985390 -1.241836
 O 2.001551 -1.282195 -4.628937
 O -2.043847 0.153106 -4.830471
 O 0.923900 -0.327594 0.783914
 O 4.754866 -1.738615 -3.658473
 O 5.202827 0.108220 -0.140920
 O -0.166189 4.614382 1.934464
 O -5.021460 0.732845 -4.016611
 O 0.736524 -3.826345 -0.380296
 O 4.554280 3.747730 -4.479494
 O 3.413728 5.454991 5.857323
 O -5.265755 3.923392 -1.972681
 O -0.387239 0.996350 -1.737910
 O -3.100875 -3.490733 -1.005862
 O -2.660631 5.489464 3.304332
 O -1.553248 2.802374 4.171237
 O -2.596903 -0.318239 -0.717421
 O -1.544202 -2.143457 4.855840
 O 0.637068 1.868336 4.971539
 O -4.705944 3.307822 1.379461
 O 2.915346 3.979547 -0.649724
 O 2.704356 -6.016430 -3.645642
 O -2.542663 4.502596 -2.325659
 O 5.413413 0.627153 5.383218
 O -2.989291 0.284166 1.978218
 O -0.681822 -2.360289 -2.431271
 O 0.019688 -3.351858 -5.475880
 O 5.758320 -5.951471 4.291839
 O 4.976469 -3.143492 -0.173385
 O 4.635586 -0.723117 2.455053
 O 1.192291 4.327198 -4.308926
 O -0.710319 -5.845693 0.440495
 O -5.520586 -1.469577 -5.726523
 O -4.646519 1.306032 -0.830377
 O 5.175385 1.477229 -2.458115
 O 2.851380 -0.294032 -1.135468
 O -5.273218 -1.292425 1.321175
 O 1.581550 2.560451 1.466054
 H -5.301930 -1.453975 -0.576420
 H -4.526307 -0.890105 -1.746775
 H 3.699180 -2.881697 5.939793
 H 3.203017 -2.049497 4.707595
 H -6.483206 4.988842 -4.977614
 H -5.467725 4.760164 -6.109469
 H 0.270723 2.941417 -1.231081
 H 0.530190 4.343544 -1.897756
 H -5.676650 0.493137 3.866946
 H -4.662873 1.381019 4.699500
 H 0.186329 6.345400 5.070107
 H 0.140353 5.158514 6.081597
 H -0.485442 -5.436320 -2.492237
 H -0.930492 -5.609999 -3.926772
 H 2.768271 1.076225 3.409793
 H 1.471404 0.218436 3.734249
 H -3.419835 -5.424953 6.461704
 H -1.943822 -5.471979 5.984815
 H 2.061941 -2.019852 1.381048
 H 2.893892 -3.184796 1.938834
 H 3.266032 -6.509742 2.354697
 H 1.708442 -6.460600 2.549480
 H -3.243523 -3.432941 4.155467
 H -4.596995 -2.694499 3.700003
 H -3.978957 -6.636966 0.342707
 H -4.125976 -5.069555 0.202127
 H -4.434512 -5.271935 -3.477094
 H -3.710613 -6.656813 -3.550001
 H 2.406901 -1.785400 -2.147957
 H 1.697776 -3.122881 -1.627024
 H -1.106849 2.863750 1.024180
 H -1.867680 1.457625 0.993668
 H -0.528944 -1.057664 1.429237
 H -0.893046 -1.701821 2.805817
 H 1.023133 -4.161299 3.185379
 H -0.464582 -3.952691 3.099686
 H 6.253669 -4.796919 -4.919312
 H 5.517382 -3.330055 -4.916939
 H 5.658318 5.282796 3.143077
 H 6.283283 4.960284 1.707843
 H 5.490711 -2.263231 2.732250
 H 6.045748 -3.725552 2.632480
 H -2.316945 -2.705692 -4.119937
 H -3.702345 -2.937443 -4.717656
 H -0.370650 2.817967 -4.131223
 H -1.439411 1.853931 -4.730872
 H 4.822986 2.670455 3.114641
 H 3.481783 3.150762 2.524309
 H 2.778049 1.002354 -3.903568
 H 1.703380 2.025053 -3.483949
 H -4.979924 1.988277 -5.542527
 H -3.983505 3.067637 -5.972194
 H 4.064051 -5.097640 -1.318832
 H 5.400577 -5.756162 -0.986800
 H 2.763382 -1.349356 -5.262193
 H 1.273619 -0.938874 -5.188700
 H -1.864270 -0.467279 -5.576186
 H -2.943987 0.489287 -5.031599
 H 0.788993 0.576991 1.127663
 H 1.564999 -0.243793 -0.006820
 H 3.983511 -2.202004 -3.245633
 H 5.378776 -1.611363 -2.905966
 H 5.488784 0.953163 -0.580024
 H 5.810639 -0.462026 -0.717566
 H -0.586085 3.939592 2.549016
 H -0.789717 5.349766 2.151485
 H -4.804366 0.667372 -3.054972
 H -6.000525 0.822980 -4.087262
 H 0.387737 -4.746174 -0.431685
 H 1.315995 -3.769389 0.417999
 H 3.693311 4.096214 -4.806289
 H 4.679050 2.883194 -4.916210
 H 3.401266 5.318201 4.880462
 H 2.679561 6.081571 6.003384
 H -5.575549 3.780120 -1.040898
 H -4.573979 4.605972 -1.766336
 H 0.055178 0.270701 -2.217580
 H -1.003462 0.527331 -1.099655
 H -3.080461 -2.896238 -1.821138
 H -2.382792 -4.111703 -1.254863
 H -3.541189 5.737902 2.953431
 H -2.710367 5.740795 4.273413
 H -1.302068 2.166195 3.473152
 H -2.129518 3.454978 3.706046
 H -2.093922 -1.148269 -0.623423
 H -3.087750 -0.239322 0.146963
 H -2.497853 -2.369711 4.811083
 H -1.038438 -2.849338 5.317108
 H 1.347662 1.511181 5.540039
 H 0.172990 2.494712 5.579129
 H -5.058066 3.559454 2.257983
 H -3.842306 2.871828 1.613324
 H 3.401635 4.761407 -0.295203
 H 2.874779 4.190148 -1.603856
 H 3.599133 -5.617285 -3.775742
 H 2.157155 -5.227377 -3.395321
 H -2.451368 3.954838 -3.132993
 H -1.719729 4.230499 -1.817697
 H 5.917063 -0.232680 5.452176
 H 4.501050 0.283137 5.294585
 H -2.371563 -0.511057 2.016973
 H -3.707408 0.271216 2.677073
 H 0.180050 -2.820811 -2.525206
 H -0.687448 -2.064494 -1.505754
 H 0.241450 -3.158887 -4.536544
 H 0.750782 -2.868595 -5.913587
 H 5.021077 -6.027408 4.952708
 H 6.451161 -5.527975 4.836156
 H 5.905858 -3.241766 0.139984
 H 4.756360 -2.261865 0.201169
 H 4.801464 0.009779 1.816565
 H 3.690991 -0.604221 2.800610
 H 1.252583 4.032442 -5.240785
 H 1.583974 5.260419 -4.314366
 H -1.174714 -6.713777 0.418669
 H -1.355838 -5.122818 0.308914
 H -5.164025 -1.939683 -6.518874
 H -4.724003 -0.971745 -5.438749
 H -4.350926 2.216358 -1.055004
 H -4.749238 1.298818 0.142172
 H 5.802430 2.235262 -2.452300
 H 4.299611 1.922614 -2.547575
 H 3.739169 0.110869 -0.895515
 H 2.439975 0.277532 -1.836405
 H -6.179751 -1.054129 1.620771
 H -4.809313 -1.489520 2.153341
 H 0.694085 2.991289 1.399843
 H 2.014708 3.062387 0.717590
K_POINTS
 1
0.0 0.0 0.0 1.0