
&control
    calculation='scf'
    pseudo_dir = './',
    outdir='./outputs',
    disk_io='high'
/
&system
    ibrav= 1, celldm(1)=20.000000, nat=  192, ntyp= 2,
    ecutwfc = 30.0, nosym=.true., occupations='smearing',
    smearing='m-v', degauss=0.025
/
&electrons
    conv_thr =  1.0d-8,
    mixing_beta = 0.7
/
&ions
    pot_extrapolation='second-order'
    wfc_extrapolation='second-order'
    ion_temperature = 'andersen'
    tempw = 1000

/
ATOMIC_SPECIES
 H  1.01  H.blyp-hgh.UPF
 O  16.0  O.blyp-hgh.UPF
ATOMIC_POSITIONS bohr
 O -5.785956 -1.779888 -0.063547
 O 3.674685 -1.866755 6.178906
 O -5.673428 7.116316 -5.728258
 O 2.064738 2.735709 -0.776452
 O -4.884075 1.229014 4.411209
 O 0.369146 5.948307 6.331291
 O -1.870234 -5.715533 -2.580269
 O 4.225677 1.084517 4.867465
 O -2.396964 -6.750695 6.057792
 O 1.711145 -2.677686 3.530541
 O 2.194999 -5.741378 2.083869
 O -2.809014 -4.105507 5.276099
 O -3.855057 -6.827832 0.115817
 O -3.518384 -3.879631 -4.471179
 O 2.496886 -4.692502 -1.350066
 O -1.228965 2.972772 -1.574664
 O -1.324580 -2.911445 1.203111
 O -0.166041 -4.875538 3.494449
 O 4.141012 -3.887667 -3.901165
 O 5.112927 4.247806 1.849978
 O 5.038477 -4.005864 4.448181
 O -2.406454 -1.289857 -3.284210
 O -1.293802 3.299238 -4.886196
 O 4.823783 1.361224 0.476615
 O 3.317511 1.506804 -3.598939
 O -4.985835 3.708608 -6.070276
 O 4.857155 -5.438200 0.851569
 O 0.843707 -0.560276 -6.171339
 O -2.909382 0.645577 -5.356538
 O 0.512838 -0.901911 1.770203
 O 6.103413 -2.286983 -3.406121
 O 4.040173 -0.490023 -1.235442
 O -0.422260 4.513844 3.053480
 O -4.784433 -0.171362 -2.772855
 O -0.036739 -4.358474 -0.724530
 O 5.849692 3.282961 -7.841002
 O 4.029995 5.772599 5.363452
 O -6.331550 6.014089 -2.540145
 O 0.151265 1.007382 -2.503723
 O -4.713784 -4.263275 -0.613771
 O -3.023098 6.490395 2.464095
 O -2.448682 3.045425 3.892877
 O -2.613942 -0.263125 -0.112662
 O -1.644858 -1.277587 5.125053
 O 1.034730 2.167911 5.405604
 O -4.954760 2.428054 1.818736
 O 3.418888 5.397717 -1.823914
 O 0.961004 -5.908715 -3.424135
 O -4.043400 4.641711 -3.725604
 O 5.914730 1.462699 7.178526
 O -1.083256 1.411241 2.106244
 O 0.319758 -2.111662 -3.424009
 O -0.101296 -3.837873 -5.568776
 O 6.930888 -5.985679 4.064363
 O 3.884370 -2.876750 1.475741
 O 5.832657 -1.475881 2.759627
 O 1.759279 4.019080 -4.360833
 O -0.776714 -7.975574 0.441987
 O -4.503447 -1.481931 -6.913376
 O -4.703958 1.544005 -0.754307
 O 4.272209 4.141501 -5.175211
 O 1.475117 -0.899807 -0.697044
 O -5.200083 -4.179083 1.940719
 O 1.926235 2.487963 1.982962
 H -5.298756 -2.156434 -0.830090
 H -5.979990 -2.483543 0.595334
 H 2.822787 -1.387536 6.303293
 H 3.493148 -2.454748 5.400553
 H -5.999679 6.549119 -4.999305
 H -4.834060 7.309397 -5.267996
 H 2.721023 3.468723 -0.769726
 H 1.157062 3.107980 -0.917944
 H -5.245424 0.416019 4.818841
 H -4.001841 0.943976 4.157727
 H -0.023823 6.833549 6.496314
 H 0.796037 5.561571 7.118917
 H -2.687503 -5.804154 -3.083246
 H -1.619494 -6.452443 -2.012094
 H 3.448169 1.619835 4.649520
 H 4.103345 0.187560 4.502445
 H -2.986852 -7.488204 6.302095
 H -1.481703 -7.051933 5.883176
 H 1.243858 -1.889417 3.065116
 H 2.474903 -2.946151 2.989343
 H 1.300951 -5.841963 2.473723
 H 1.979605 -5.250695 1.266141
 H -2.331950 -4.713649 5.887065
 H -2.413548 -4.450112 4.455770
 H -4.001326 -7.775558 -0.084776
 H -4.468384 -6.226423 -0.380500
 H -3.232078 -2.966877 -4.238930
 H -2.768245 -4.447754 -4.715805
 H 2.881422 -4.159644 -2.071788
 H 1.600442 -4.329535 -1.025187
 H -1.538998 3.423013 -2.366101
 H -1.377404 3.605922 -0.813795
 H -1.930092 -2.375557 0.618775
 H -0.854269 -2.133297 1.641333
 H 0.360730 -4.001415 3.544019
 H -0.861084 -4.647479 2.831146
 H 4.682955 -4.195703 -4.691610
 H 3.814563 -3.091178 -4.388224
 H 4.881333 5.169887 2.105933
 H 6.064523 4.215214 2.046854
 H 5.400254 -3.387279 5.107510
 H 4.312977 -4.415874 4.963766
 H -1.508640 -1.696810 -3.158967
 H -2.177381 -0.540226 -3.888420
 H -0.529272 3.883632 -4.725875
 H -1.037937 2.437792 -4.524476
 H 5.527012 2.036488 0.458002
 H 4.451638 1.379768 1.375068
 H 4.150430 1.660643 -3.093055
 H 2.907550 2.401615 -3.608297
 H -5.650850 3.551684 -6.852201
 H -4.372556 2.958730 -6.036628
 H 4.165890 -5.816264 0.232805
 H 5.134064 -4.674313 0.303282
 H 0.052968 -1.113306 -6.316468
 H 0.697204 0.240833 -6.724381
 H -2.611568 -0.130065 -5.873597
 H -3.838460 0.557026 -5.063714
 H 0.393531 0.066318 1.700121
 H 1.117906 -1.139129 1.030472
 H 5.478600 -2.161036 -4.124403
 H 6.117092 -3.260264 -3.417077
 H 4.236057 0.123573 -0.495675
 H 4.824934 -1.098969 -1.240528
 H -0.152899 5.280700 3.588657
 H -1.348355 4.478495 3.300836
 H -4.132332 -0.833386 -3.081710
 H -5.645924 -0.601241 -2.954080
 H -0.155375 -5.323766 -0.745569
 H -0.500556 -3.936569 0.056035
 H 5.569836 4.100891 -8.310904
 H 6.123177 2.654979 -8.523849
 H 3.162070 5.969238 4.969618
 H 3.898625 5.320728 6.223058
 H -5.558138 5.375095 -2.444470
 H -5.674811 6.774156 -2.568900
 H -0.346039 1.757646 -2.088396
 H 0.966122 1.380816 -2.883459
 H -3.781224 -4.505899 -0.773414
 H -4.933568 -3.962733 0.317887
 H -3.298752 6.014288 1.617876
 H -3.652102 6.230673 3.166052
 H -3.405889 2.906565 3.916673
 H -2.077069 3.017505 4.795699
 H -2.789667 -0.657458 -1.007796
 H -3.544651 -0.080613 0.160535
 H -1.621583 -0.561629 4.456505
 H -2.530332 -1.708055 5.003344
 H 0.804698 2.211076 4.434935
 H 0.534514 2.995696 5.590064
 H -5.463547 1.623772 2.079205
 H -5.009558 2.356579 0.825531
 H 2.906488 6.154752 -2.188596
 H 4.376251 5.573349 -1.963340
 H 0.982905 -5.300876 -4.197764
 H 1.460041 -5.305313 -2.814698
 H -4.394751 4.412327 -4.624730
 H -3.157448 4.225619 -3.669931
 H 4.973899 1.546283 7.405233
 H 5.818326 1.693568 6.236370
 H -1.877898 1.819827 2.481302
 H -0.306583 1.785362 2.598170
 H 0.666417 -1.939209 -2.524645
 H 0.920447 -1.654634 -4.055489
 H -0.098942 -3.122501 -4.875443
 H 0.204104 -3.473047 -6.420449
 H 7.018662 -6.098889 5.038052
 H 6.237521 -5.291691 3.932995
 H 4.029234 -3.848493 1.486132
 H 3.389463 -2.547628 0.704761
 H 6.661752 -1.544198 2.234789
 H 5.274356 -0.846116 2.250593
 H 2.457234 4.212829 -5.046915
 H 1.822310 4.887511 -3.855813
 H -0.458800 -8.827344 0.800290
 H -0.955009 -7.504755 1.287635
 H -4.413199 -1.456763 -5.938116
 H -4.630851 -2.435492 -7.101522
 H -3.757177 1.570507 -1.019048
 H -5.042598 0.951402 -1.483458
 H 4.415575 3.681842 -4.333245
 H 5.124659 3.854782 -5.578005
 H 2.430792 -0.847184 -0.984066
 H 1.023490 -0.187132 -1.221086
 H -4.474000 -4.848715 1.848944
 H -6.014250 -4.708710 2.009578
 H 1.297534 3.042172 2.486956
 H 1.846145 2.658489 1.001158
K_POINTS
 1
0.0 0.0 0.0 1.0