
&control
    calculation='scf'
    pseudo_dir = './',
    outdir='./outputs',
    disk_io='high'
/
&system
    ibrav= 1, celldm(1)=20.000000, nat=  192, ntyp= 2,
    ecutwfc = 30.0, nosym=.true., occupations='smearing',
    smearing='m-v', degauss=0.025
/
&electrons
    conv_thr =  1.0d-8,
    mixing_beta = 0.7
/
&ions
    pot_extrapolation='second-order'
    wfc_extrapolation='second-order'
    ion_temperature = 'andersen'
    tempw = 1000

/
ATOMIC_SPECIES
 H  1.01  H.blyp-hgh.UPF
 O  16.0  O.blyp-hgh.UPF
ATOMIC_POSITIONS bohr
 O -5.786880 -1.781098 -0.062384
 O 3.676104 -1.864009 6.177207
 O -5.672880 7.118194 -5.726938
 O 2.065810 2.737403 -0.774646
 O -4.883343 1.229522 4.410769
 O 0.369263 5.947411 6.330783
 O -1.873273 -5.714897 -2.580709
 O 4.229646 1.082290 4.867363
 O -2.394704 -6.749924 6.060289
 O 1.712088 -2.679190 3.531006
 O 2.192892 -5.739576 2.083209
 O -2.807052 -4.107604 5.277387
 O -3.853151 -6.827219 0.116719
 O -3.517556 -3.878328 -4.472534
 O 2.496540 -4.693796 -1.347602
 O -1.227575 2.971439 -1.575932
 O -1.326273 -2.911268 1.202017
 O -0.167808 -4.875372 3.494338
 O 4.139416 -3.886915 -3.898604
 O 5.114723 4.247390 1.847989
 O 5.037373 -4.006219 4.448929
 O -2.405465 -1.286264 -3.286464
 O -1.294141 3.299709 -4.885543
 O 4.825209 1.358644 0.473234
 O 3.319813 1.505878 -3.599601
 O -4.987165 3.708628 -6.073675
 O 4.858170 -5.437781 0.850391
 O 0.845113 -0.558444 -6.170315
 O -2.909595 0.645715 -5.356461
 O 0.512537 -0.900339 1.769334
 O 6.102702 -2.288770 -3.405660
 O 4.040095 -0.490449 -1.234430
 O -0.424313 4.515281 3.050367
 O -4.784151 -0.171491 -2.771899
 O -0.035475 -4.359884 -0.723357
 O 5.850553 3.279660 -7.840787
 O 4.027971 5.767393 5.363047
 O -6.333770 6.014033 -2.542708
 O 0.152399 1.004915 -2.503235
 O -4.714995 -4.263835 -0.614043
 O -3.022855 6.492859 2.462418
 O -2.447717 3.046717 3.896712
 O -2.616700 -0.259395 -0.111237
 O -1.644074 -1.276570 5.123624
 O 1.037365 2.165857 5.405419
 O -4.958549 2.426195 1.818944
 O 3.418479 5.397522 -1.823100
 O 0.962539 -5.909672 -3.424354
 O -4.047045 4.643131 -3.726966
 O 5.915047 1.463444 7.180709
 O -1.080524 1.412239 2.105673
 O 0.320329 -2.112485 -3.422831
 O -0.103356 -3.838502 -5.569848
 O 6.928870 -5.983863 4.064646
 O 3.883071 -2.876890 1.475782
 O 5.832761 -1.474658 2.760568
 O 1.758586 4.018090 -4.362477
 O -0.772044 -7.976795 0.440676
 O -4.504235 -1.483916 -6.912363
 O -4.704829 1.545955 -0.753780
 O 4.269452 4.143352 -5.176416
 O 1.474274 -0.898603 -0.696697
 O -5.200755 -4.179127 1.939780
 O 1.926287 2.486334 1.982195
 H -5.301278 -2.152097 -0.831400
 H -5.982068 -2.486228 0.595355
 H 2.822844 -1.388018 6.302932
 H 3.495223 -2.454184 5.402555
 H -5.998558 6.549462 -4.999076
 H -4.834918 7.304908 -5.266349
 H 2.721919 3.469490 -0.761774
 H 1.159848 3.112088 -0.924025
 H -5.245850 0.419767 4.821225
 H -4.002407 0.947848 4.154534
 H -0.024349 6.831888 6.499311
 H 0.791379 5.556935 7.118494
 H -2.691700 -5.804157 -3.083237
 H -1.626348 -6.450563 -2.008912
 H 3.448582 1.616906 4.655814
 H 4.098610 0.187586 4.501656
 H -2.984795 -7.491459 6.299181
 H -1.478460 -7.050672 5.889630
 H 1.242430 -1.894008 3.066943
 H 2.476174 -2.949348 2.990947
 H 1.297777 -5.836747 2.473899
 H 1.975000 -5.247808 1.267153
 H -2.331361 -4.714115 5.890280
 H -2.414086 -4.453612 4.454745
 H -3.995538 -7.775181 -0.083092
 H -4.465256 -6.228798 -0.382306
 H -3.228377 -2.968131 -4.236696
 H -2.769614 -4.447954 -4.716201
 H 2.884515 -4.158568 -2.065546
 H 1.601896 -4.324081 -1.026049
 H -1.542396 3.426233 -2.362321
 H -1.374996 3.606651 -0.816881
 H -1.929891 -2.379384 0.612658
 H -0.853612 -2.131157 1.639208
 H 0.368320 -4.004644 3.533731
 H -0.859506 -4.648133 2.827939
 H 4.673196 -4.192272 -4.694572
 H 3.818399 -3.089596 -4.383306
 H 4.884355 5.168645 2.101652
 H 6.068026 4.212552 2.045645
 H 5.403381 -3.389347 5.107277
 H 4.313795 -4.412012 4.969777
 H -1.511225 -1.699165 -3.161989
 H -2.173242 -0.536453 -3.889409
 H -0.529693 3.883165 -4.727962
 H -1.042012 2.436640 -4.527433
 H 5.526532 2.036004 0.452771
 H 4.456027 1.379131 1.372454
 H 4.151818 1.667411 -3.094949
 H 2.911750 2.403106 -3.608071
 H -5.651876 3.551917 -6.856886
 H -4.371583 2.961950 -6.043450
 H 4.159175 -5.815334 0.240120
 H 5.129277 -4.673012 0.301395
 H 0.055871 -1.114971 -6.317534
 H 0.703094 0.243370 -6.724517
 H -2.615821 -0.132499 -5.870720
 H -3.837555 0.562086 -5.060636
 H 0.393294 0.068443 1.703051
 H 1.117693 -1.142038 1.031157
 H 5.478371 -2.165192 -4.125542
 H 6.112896 -3.261620 -3.416105
 H 4.235464 0.123413 -0.493486
 H 4.825983 -1.100578 -1.236065
 H -0.155017 5.282863 3.584703
 H -1.354829 4.475876 3.298793
 H -4.130777 -0.834191 -3.078035
 H -5.646067 -0.601037 -2.950230
 H -0.152616 -5.325867 -0.745594
 H -0.504348 -3.938152 0.054886
 H 5.575550 4.095468 -8.318321
 H 6.128366 2.649417 -8.520402
 H 3.162564 5.969627 4.967662
 H 3.899845 5.324011 6.228047
 H -5.552472 5.382534 -2.445749
 H -5.677662 6.775571 -2.563727
 H -0.345331 1.758214 -2.095005
 H 0.966865 1.375885 -2.883333
 H -3.776317 -4.498669 -0.766603
 H -4.938910 -3.965759 0.317748
 H -3.292389 6.009577 1.617817
 H -3.653450 6.236006 3.164029
 H -3.402854 2.901922 3.917840
 H -2.077607 3.019512 4.798953
 H -2.786388 -0.655804 -1.007043
 H -3.548179 -0.084305 0.167128
 H -1.619000 -0.562970 4.453064
 H -2.532681 -1.701903 5.001880
 H 0.803974 2.215459 4.436892
 H 0.542388 2.994496 5.588608
 H -5.468200 1.621078 2.075711
 H -5.004731 2.348308 0.824909
 H 2.900530 6.151836 -2.189323
 H 4.376043 5.577213 -1.959288
 H 0.977015 -5.297266 -4.193519
 H 1.452829 -5.305550 -2.807546
 H -4.395769 4.407262 -4.627929
 H -3.162845 4.219931 -3.670889
 H 4.975069 1.547764 7.404740
 H 5.824419 1.695837 6.239497
 H -1.876240 1.821220 2.471572
 H -0.304763 1.786151 2.602647
 H 0.667003 -1.943439 -2.521658
 H 0.922527 -1.654049 -4.052448
 H -0.094107 -3.127445 -4.871995
 H 0.206365 -3.474036 -6.419386
 H 7.017066 -6.094866 5.038295
 H 6.239114 -5.285529 3.936635
 H 4.030919 -3.846771 1.489194
 H 3.384733 -2.549617 0.706250
 H 6.656674 -1.547653 2.228184
 H 5.272523 -0.841601 2.257417
 H 2.462771 4.216443 -5.041169
 H 1.821980 4.885725 -3.857157
 H -0.457301 -8.829514 0.799870
 H -0.951583 -7.510645 1.289395
 H -4.413952 -1.464766 -5.937933
 H -4.635724 -2.435973 -7.104913
 H -3.757228 1.569496 -1.016714
 H -5.038018 0.954124 -1.486407
 H 4.418156 3.686456 -4.333560
 H 5.119382 3.856907 -5.586376
 H 2.428757 -0.851797 -0.981557
 H 1.025279 -0.181105 -1.216224
 H -4.471796 -4.846198 1.847870
 H -6.013722 -4.710581 2.014464
 H 1.299466 3.041853 2.484678
 H 1.842408 2.659202 1.001019
K_POINTS
 1
0.0 0.0 0.0 1.0