
&control
    calculation='scf'
    pseudo_dir = './',
    outdir='./outputs',
    disk_io='high'
/
&system
    ibrav= 1, celldm(1)=20.000000, nat=  192, ntyp= 2,
    ecutwfc = 30.0, nosym=.true., occupations='smearing',
    smearing='m-v', degauss=0.025
/
&electrons
    conv_thr =  1.0d-8,
    mixing_beta = 0.7
/
&ions
    pot_extrapolation='second-order'
    wfc_extrapolation='second-order'
    ion_temperature = 'andersen'
    tempw = 1000

/
ATOMIC_SPECIES
 H  1.01  H.blyp-hgh.UPF
 O  16.0  O.blyp-hgh.UPF
ATOMIC_POSITIONS bohr
 O -5.787811 -1.782287 -0.061224
 O 3.677514 -1.861283 6.175505
 O -5.672340 7.120056 -5.725575
 O 2.066861 2.739098 -0.772826
 O -4.882626 1.230030 4.410332
 O 0.369378 5.946489 6.330233
 O -1.876290 -5.714215 -2.581149
 O 4.233627 1.080053 4.867255
 O -2.392453 -6.749140 6.062782
 O 1.712985 -2.680670 3.531481
 O 2.190779 -5.737777 2.082539
 O -2.805073 -4.109704 5.278670
 O -3.851239 -6.826618 0.117613
 O -3.516754 -3.877033 -4.473874
 O 2.496177 -4.695072 -1.345133
 O -1.226204 2.970113 -1.577186
 O -1.327979 -2.911050 1.200919
 O -0.169571 -4.875165 3.494215
 O 4.137827 -3.886170 -3.896113
 O 5.116519 4.246986 1.846013
 O 5.036246 -4.006559 4.449687
 O -2.404452 -1.282679 -3.288732
 O -1.294496 3.300193 -4.884891
 O 4.826638 1.356057 0.469864
 O 3.322138 1.504975 -3.600261
 O -4.988462 3.708681 -6.077050
 O 4.859160 -5.437354 0.849174
 O 0.846527 -0.556622 -6.169285
 O -2.909795 0.645872 -5.356369
 O 0.512238 -0.898779 1.768499
 O 6.102014 -2.290555 -3.405197
 O 4.040038 -0.490911 -1.233433
 O -0.426336 4.516728 3.047265
 O -4.783886 -0.171613 -2.770952
 O -0.034194 -4.361288 -0.722182
 O 5.851379 3.276393 -7.840591
 O 4.025948 5.762215 5.362617
 O -6.335889 6.013987 -2.545268
 O 0.153536 1.002426 -2.502758
 O -4.716208 -4.264410 -0.614365
 O -3.022601 6.495319 2.460715
 O -2.446738 3.048007 3.900538
 O -2.619480 -0.255689 -0.109833
 O -1.643303 -1.275541 5.122190
 O 1.039970 2.163830 5.405173
 O -4.962355 2.424325 1.819140
 O 3.418075 5.397294 -1.822288
 O 0.964103 -5.910596 -3.424575
 O -4.050677 4.644557 -3.728311
 O 5.915366 1.464192 7.182893
 O -1.077742 1.413229 2.105097
 O 0.320904 -2.113312 -3.421671
 O -0.105416 -3.839126 -5.570910
 O 6.926859 -5.982074 4.064908
 O 3.881767 -2.877007 1.475842
 O 5.832879 -1.473411 2.761509
 O 1.757906 4.017142 -4.364130
 O -0.767375 -7.978017 0.439367
 O -4.505025 -1.485908 -6.911343
 O -4.705693 1.547913 -0.753269
 O 4.266743 4.145174 -5.177607
 O 1.473427 -0.897412 -0.696373
 O -5.201425 -4.179154 1.938822
 O 1.926331 2.484685 1.981444
 H -5.303853 -2.147856 -0.832551
 H -5.984127 -2.488871 0.595226
 H 2.822899 -1.388467 6.302524
 H 3.497286 -2.453479 5.404637
 H -5.997668 6.549680 -4.998932
 H -4.835552 7.300700 -5.264841
 H 2.722685 3.470327 -0.753905
 H 1.162890 3.116231 -0.930157
 H -5.246307 0.423449 4.823613
 H -4.002809 0.951646 4.151279
 H -0.024782 6.830221 6.502452
 H 0.786647 5.552357 7.118093
 H -2.696013 -5.804423 -3.083164
 H -1.633386 -6.448828 -2.005786
 H 3.448938 1.613964 4.662078
 H 4.093811 0.187634 4.500923
 H -2.982659 -7.494709 6.296218
 H -1.475232 -7.049472 5.896210
 H 1.241264 -1.898862 3.068854
 H 2.477515 -2.952495 2.992395
 H 1.294610 -5.831471 2.474146
 H 1.970457 -5.244940 1.268173
 H -2.330912 -4.714522 5.893463
 H -2.414689 -4.457062 4.453606
 H -3.989829 -7.774667 -0.081452
 H -4.462152 -6.231297 -0.384034
 H -3.224539 -2.969501 -4.234444
 H -2.770866 -4.447985 -4.716565
 H 2.887605 -4.157364 -2.059253
 H 1.603439 -4.318606 -1.027027
 H -1.545828 3.429516 -2.358718
 H -1.372536 3.607359 -0.819991
 H -1.929625 -2.383325 0.606651
 H -0.852915 -2.129198 1.636956
 H 0.375888 -4.008155 3.523434
 H -0.857909 -4.648856 2.824794
 H 4.663330 -4.189031 -4.697238
 H 3.822057 -3.087951 -4.378285
 H 4.887338 5.167334 2.097287
 H 6.071593 4.209848 2.044378
 H 5.406618 -3.391366 5.106969
 H 4.314677 -4.408337 4.975719
 H -1.513849 -1.701518 -3.164998
 H -2.169199 -0.532646 -3.890342
 H -0.530028 3.882694 -4.730034
 H -1.046037 2.435349 -4.530379
 H 5.525981 2.035529 0.447540
 H 4.460361 1.378621 1.369852
 H 4.153045 1.674037 -3.096803
 H 2.915866 2.404557 -3.607881
 H -5.652719 3.552134 -6.861553
 H -4.370680 2.965039 -6.050292
 H 4.152581 -5.814442 0.247621
 H 5.124584 -4.671762 0.299503
 H 0.058729 -1.116588 -6.318694
 H 0.709034 0.245903 -6.724507
 H -2.620146 -0.134967 -5.867939
 H -3.836646 0.567099 -5.057591
 H 0.392996 0.070501 1.705952
 H 1.117424 -1.144836 1.031666
 H 5.478025 -2.169155 -4.126810
 H 6.108760 -3.262990 -3.414990
 H 4.234952 0.123376 -0.491292
 H 4.826878 -1.102093 -1.231561
 H -0.156996 5.285169 3.580747
 H -1.361610 4.473099 3.296779
 H -4.129159 -0.834987 -3.074261
 H -5.646166 -0.600869 -2.946400
 H -0.149958 -5.327912 -0.745548
 H -0.508127 -3.939773 0.053738
 H 5.581224 4.090019 -8.325704
 H 6.133603 2.643757 -8.516972
 H 3.163023 5.969947 4.965744
 H 3.900999 5.327344 6.232995
 H -5.547145 5.389832 -2.447158
 H -5.680917 6.777022 -2.558506
 H -0.344581 1.758750 -2.101577
 H 0.967660 1.370969 -2.883197
 H -3.771432 -4.491289 -0.759656
 H -4.944031 -3.968953 0.317646
 H -3.286003 6.004932 1.617958
 H -3.654924 6.241337 3.162059
 H -3.399963 2.897331 3.919117
 H -2.078281 3.021483 4.802246
 H -2.782995 -0.654061 -1.006177
 H -3.551605 -0.088000 0.173738
 H -1.616398 -0.564373 4.449627
 H -2.534933 -1.695775 5.000458
 H 0.803454 2.219653 4.438972
 H 0.550321 2.993286 5.587461
 H -5.472719 1.618471 2.072271
 H -4.999767 2.339997 0.824368
 H 2.894750 6.148825 -2.189895
 H 4.375767 5.581148 -1.955296
 H 0.970995 -5.293715 -4.189322
 H 1.445544 -5.305942 -2.800256
 H -4.396869 4.402138 -4.631126
 H -3.168338 4.214273 -3.671930
 H 4.976068 1.549099 7.404387
 H 5.830575 1.698058 6.242536
 H -1.874628 1.822751 2.461979
 H -0.303211 1.786920 2.607005
 H 0.667637 -1.947643 -2.518613
 H 0.924538 -1.653357 -4.049276
 H -0.089256 -3.132564 -4.868639
 H 0.208604 -3.474969 -6.418299
 H 7.015399 -6.090735 5.038498
 H 6.240790 -5.279418 3.940478
 H 4.032478 -3.845071 1.492134
 H 3.380019 -2.551807 0.707689
 H 6.651487 -1.551060 2.221662
 H 5.270791 -0.837233 2.264260
 H 2.468194 4.219821 -5.035340
 H 1.821533 4.883753 -3.858427
 H -0.455773 -8.831707 0.799462
 H -0.948143 -7.516500 1.291156
 H -4.414751 -1.472805 -5.937805
 H -4.640567 -2.436458 -7.108320
 H -3.757310 1.568545 -1.014283
 H -5.033420 0.956869 -1.489286
 H 4.420593 3.691131 -4.333688
 H 5.114054 3.859088 -5.594907
 H 2.426770 -0.856361 -0.979049
 H 1.027047 -0.175060 -1.211309
 H -4.469562 -4.843647 1.847017
 H -6.013207 -4.712477 2.019367
 H 1.301468 3.041675 2.482249
 H 1.838693 2.659919 1.000948
K_POINTS
 1
0.0 0.0 0.0 1.0