
&control
    calculation='scf'
    pseudo_dir = './',
    outdir='./outputs',
    disk_io='high'
/
&system
    ibrav= 1, celldm(1)=20.000000, nat=  192, ntyp= 2,
    ecutwfc = 30.0, nosym=.true., occupations='smearing',
    smearing='m-v', degauss=0.025
/
&electrons
    conv_thr =  1.0d-8,
    mixing_beta = 0.7
/
&ions
    pot_extrapolation='second-order'
    wfc_extrapolation='second-order'
    ion_temperature = 'andersen'
    tempw = 1000

/
ATOMIC_SPECIES
 H  1.01  H.blyp-hgh.UPF
 O  16.0  O.blyp-hgh.UPF
ATOMIC_POSITIONS bohr
 O -5.789703 -1.784600 -0.058903
 O 3.680315 -1.855883 6.172106
 O -5.671294 7.123729 -5.722724
 O 2.068896 2.742490 -0.769146
 O -4.881242 1.231056 4.409468
 O 0.369601 5.944575 6.329003
 O -1.882259 -5.712716 -2.582029
 O 4.241609 1.075556 4.867019
 O -2.387982 -6.747545 6.067753
 O 1.714645 -2.683565 3.532470
 O 2.186526 -5.734187 2.081174
 O -2.801069 -4.113911 5.281207
 O -3.847390 -6.825454 0.119377
 O -3.515237 -3.874470 -4.476506
 O 2.495402 -4.697563 -1.340179
 O -1.223518 2.967482 -1.579657
 O -1.331423 -2.910486 1.198715
 O -0.173076 -4.874623 3.493933
 O 4.134670 -3.884709 -3.891332
 O 5.120125 4.246204 1.842103
 O 5.033919 -4.007194 4.451235
 O -2.402365 -1.275530 -3.293307
 O -1.295263 3.301201 -4.883588
 O 4.829504 1.350869 0.463161
 O 3.326854 1.503257 -3.601573
 O -4.990957 3.708893 -6.083729
 O 4.861062 -5.436476 0.846628
 O 0.849380 -0.553009 -6.167206
 O -2.910153 0.646242 -5.356141
 O 0.511646 -0.895696 1.766928
 O 6.100705 -2.294116 -3.404269
 O 4.039990 -0.491946 -1.231479
 O -0.430324 4.519648 3.041103
 O -4.783403 -0.171836 -2.769084
 O -0.031581 -4.364074 -0.719822
 O 5.852922 3.269957 -7.840271
 O 4.021909 5.751941 5.361688
 O -6.339820 6.013931 -2.550380
 O 0.155813 0.997377 -2.501828
 O -4.718623 -4.265604 -0.615158
 O -3.022065 6.500225 2.457233
 O -2.444731 3.050585 3.908154
 O -2.625110 -0.248350 -0.107088
 O -1.641805 -1.273447 5.119307
 O 1.045094 2.159847 5.404496
 O -4.970018 2.420551 1.819486
 O 3.417282 5.396740 -1.820673
 O 0.967320 -5.912345 -3.425016
 O -4.057894 4.647420 -3.730960
 O 5.916022 1.465699 7.187264
 O -1.072016 1.415181 2.103929
 O 0.322075 -2.114977 -3.419396
 O -0.109538 -3.840357 -5.572992
 O 6.922859 -5.978571 4.065370
 O 3.879137 -2.877157 1.476020
 O 5.833157 -1.470846 2.763388
 O 1.756593 4.015372 -4.367464
 O -0.758041 -7.980460 0.436754
 O -4.506612 -1.489914 -6.909288
 O -4.707396 1.551847 -0.752297
 O 4.261469 4.148731 -5.179949
 O 1.471708 -0.895077 -0.695790
 O -5.202763 -4.179160 1.936853
 O 1.926400 2.481329 1.979983
 H -5.309135 -2.139704 -0.834407
 H -5.988178 -2.494031 0.594489
 H 2.822996 -1.389262 6.301575
 H 3.501365 -2.451693 5.408969
 H -5.996606 6.549741 -4.998901
 H -4.836047 7.293162 -5.262212
 H 2.723863 3.472233 -0.738426
 H 1.169754 3.124606 -0.942560
 H -5.247299 0.430573 4.828413
 H -4.003071 0.958973 4.144577
 H -0.025363 6.826863 6.509145
 H 0.776989 5.543366 7.117382
 H -2.704941 -5.805728 -3.082809
 H -1.648016 -6.445774 -1.999701
 H 3.449535 1.608038 4.674551
 H 4.084050 0.187745 4.499627
 H -2.978105 -7.501110 6.290137
 H -1.468813 -7.047251 5.909737
 H 1.239698 -1.909297 3.072883
 H 2.480393 -2.958617 2.994826
 H 1.288338 -5.820750 2.474858
 H 1.961562 -5.239249 1.270210
 H -2.330410 -4.715180 5.899718
 H -2.416106 -4.463791 4.451082
 H -3.978654 -7.773263 -0.078319
 H -4.456049 -6.236623 -0.387284
 H -3.216452 -2.972558 -4.229881
 H -2.772984 -4.447579 -4.717210
 H 2.893794 -4.154595 -2.046530
 H 1.606790 -4.307623 -1.029300
 H -1.552793 3.436256 -2.352081
 H -1.367436 3.608696 -0.826239
 H -1.928898 -2.391523 0.594983
 H -0.851456 -2.125862 1.632029
 H 0.390905 -4.016043 3.502856
 H -0.854683 -4.650508 2.818680
 H 4.643338 -4.183181 -4.701703
 H 3.828773 -3.084359 -4.367941
 H 4.893179 5.164591 2.088337
 H 6.078814 4.204318 2.041647
 H 5.413437 -3.395245 5.106125
 H 4.316609 -4.401572 4.987392
 H -1.519179 -1.706222 -3.170966
 H -2.161399 -0.524942 -3.892034
 H -0.530398 3.881739 -4.734108
 H -1.053911 2.432332 -4.536223
 H 5.524667 2.034605 0.437067
 H 4.468844 1.377974 1.364702
 H 4.155058 1.686819 -3.100378
 H 2.923825 2.407273 -3.607632
 H -5.653854 3.552525 -6.870821
 H -4.369039 2.970777 -6.064036
 H 4.139770 -5.812759 0.263161
 H 5.115484 -4.669409 0.295682
 H 0.064348 -1.119616 -6.321297
 H 0.721038 0.250921 -6.724038
 H -2.629004 -0.140018 -5.862679
 H -3.834840 0.576966 -5.051592
 H 0.392237 0.074390 1.711636
 H 1.116708 -1.150049 1.032159
 H 5.477020 -2.176481 -4.129696
 H 6.100678 -3.265810 -3.412317
 H 4.234153 0.123637 -0.486939
 H 4.828159 -1.104801 -1.222439
 H -0.160574 5.290197 3.572829
 H -1.375817 4.467098 3.292793
 H -4.125757 -0.836536 -3.066421
 H -5.646242 -0.600655 -2.938812
 H -0.144937 -5.331804 -0.745235
 H -0.515631 -3.943135 0.051439
 H 5.592445 4.079036 -8.340344
 H 6.144221 2.632146 -8.510134
 H 3.163807 5.970372 4.962049
 H 3.903073 5.334178 6.242729
 H -5.537556 5.403961 -2.450380
 H -5.688668 6.780068 -2.547931
 H -0.342964 1.759729 -2.114590
 H 0.969456 1.361202 -2.882925
 H -3.761882 -4.476066 -0.745356
 H -4.953627 -3.975839 0.317539
 H -3.273183 5.995871 1.618845
 H -3.658240 6.251983 3.158272
 H -3.394670 2.888298 3.922002
 H -2.080010 3.025308 4.809000
 H -2.775907 -0.650288 -1.004078
 H -3.558114 -0.095418 0.186955
 H -1.611126 -0.567342 4.442762
 H -2.539130 -1.683602 4.997759
 H 0.803025 2.227431 4.443419
 H 0.566321 2.990936 5.586160
 H -5.481357 1.613521 2.065576
 H -4.989440 2.323282 0.823544
 H 2.883777 6.142479 -2.190560
 H 4.374989 5.589235 -1.947501
 H 0.958591 -5.286771 -4.181090
 H 1.430753 -5.307208 -2.785315
 H -4.399315 4.391766 -4.637433
 H -3.179658 4.203092 -3.674233
 H 4.977500 1.551333 7.404099
 H 5.843064 1.702373 6.248319
 H -1.871627 1.826272 2.443243
 H -0.300971 1.788387 2.615328
 H 0.669030 -1.955977 -2.512400
 H 0.928346 -1.651659 -4.042537
 H -0.079509 -3.143303 -4.862209
 H 0.213024 -3.476652 -6.416076
 H 7.011873 -6.082169 5.038802
 H 6.244379 -5.267359 3.948741
 H 4.035226 -3.841801 1.497642
 H 3.370641 -2.556792 0.710416
 H 6.640788 -1.557719 2.208874
 H 5.267630 -0.828943 2.277994
 H 2.478700 4.225840 -5.023474
 H 1.820265 4.879271 -3.860711
 H -0.452620 -8.836173 0.798653
 H -0.941211 -7.528089 1.294667
 H -4.416477 -1.488979 -5.937655
 H -4.650155 -2.437438 -7.115186
 H -3.757555 1.566835 -1.009105
 H -5.024211 0.962417 -1.494830
 H 4.425061 3.700675 -4.333407
 H 5.103207 3.863618 -5.612409
 H 2.423011 -0.865317 -0.974070
 H 1.030532 -0.162927 -1.201334
 H -4.465021 -4.838443 1.845972
 H -6.012179 -4.716340 2.029217
 H 1.305641 3.041777 2.476994
 H 1.831348 2.661344 1.001001
K_POINTS
 1
0.0 0.0 0.0 1.0