
&control
    calculation='scf'
    pseudo_dir = './',
    outdir='./outputs',
    disk_io='high'
/
&system
    ibrav= 1, celldm(1)=20.000000, nat=  192, ntyp= 2,
    ecutwfc = 30.0, nosym=.true., occupations='smearing',
    smearing='m-v', degauss=0.025
/
&electrons
    conv_thr =  1.0d-8,
    mixing_beta = 0.7
/
&ions
    pot_extrapolation='second-order'
    wfc_extrapolation='second-order'
    ion_temperature = 'andersen'
    tempw = 1000

/
ATOMIC_SPECIES
 H  1.01  H.blyp-hgh.UPF
 O  16.0  O.blyp-hgh.UPF
ATOMIC_POSITIONS bohr
 O -5.793636 -1.788929 -0.054212
 O 3.685853 -1.845257 6.165387
 O -5.669395 7.130849 -5.716557
 O 2.072677 2.749274 -0.761631
 O -4.878698 1.233208 4.407774
 O 0.370005 5.940483 6.326029
 O -1.893989 -5.709223 -2.583807
 O 4.257586 1.066516 4.866442
 O -2.379215 -6.744325 6.077659
 O 1.717485 -2.689198 3.534627
 O 2.177866 -5.727041 2.078368
 O -2.792889 -4.122342 5.286091
 O -3.839550 -6.823289 0.122840
 O -3.512575 -3.869432 -4.481578
 O 2.493639 -4.702260 -1.330225
 O -1.218402 2.962355 -1.584478
 O -1.338382 -2.908861 1.194291
 O -0.179933 -4.873019 3.493206
 O 4.128428 -3.881937 -3.882536
 O 5.127495 4.244655 1.834447
 O 5.028994 -4.008269 4.454470
 O -2.397974 -1.261313 -3.302607
 O -1.297077 3.303368 -4.881013
 O 4.835282 1.340454 0.449916
 O 3.336515 1.500251 -3.604163
 O -4.995557 3.709762 -6.096769
 O 4.864545 -5.434650 0.841131
 O 0.855168 -0.545940 -6.162979
 O -2.910678 0.647226 -5.355512
 O 0.510473 -0.889717 1.764212
 O 6.098311 -2.301186 -3.402452
 O 4.040196 -0.494463 -1.227691
 O -0.438283 4.525574 3.029000
 O -4.782594 -0.172193 -2.765443
 O -0.026182 -4.369567 -0.715060
 O 5.855573 3.257476 -7.839990
 O 4.013908 5.731722 5.359555
 O -6.346405 6.013952 -2.560539
 O 0.160355 0.986995 -2.500055
 O -4.723267 -4.268193 -0.617331
 O -3.020886 6.509974 2.449986
 O -2.440523 3.055735 3.923193
 O -2.636634 -0.233946 -0.101816
 O -1.639014 -1.269137 5.113483
 O 1.055053 2.152118 5.402439
 O -4.985520 2.412842 1.819962
 O 3.415734 5.395266 -1.817486
 O 0.974088 -5.915447 -3.425840
 O -4.072114 4.653115 -3.736196
 O 5.917451 1.468740 7.196051
 O -1.059835 1.418946 2.101528
 O 0.324520 -2.118347 -3.414985
 O -0.117793 -3.842790 -5.576972
 O 6.914944 -5.971852 4.066052
 O 3.873794 -2.877076 1.476608
 O 5.833874 -1.465439 2.767158
 O 1.754160 4.012329 -4.374240
 O -0.739390 -7.985351 0.431590
 O -4.509813 -1.498013 -6.905164
 O -4.710673 1.559793 -0.750581
 O 4.251533 4.155474 -5.184459
 O 1.468109 -0.890608 -0.694852
 O -5.205449 -4.178987 1.932712
 O 1.926475 2.474365 1.977179
 H -5.320034 -2.124979 -0.836578
 H -5.995927 -2.503862 0.590947
 H 2.823088 -1.390385 6.299168
 H 3.509228 -2.447021 5.417740
 H -5.997454 6.548379 -4.999875
 H -4.833413 7.281735 -5.258286
 H 2.725048 3.477093 -0.708546
 H 1.186548 3.141624 -0.967805
 H -5.249501 0.443565 4.838170
 H -4.001302 0.972278 4.130397
 H -0.025401 6.820042 6.524055
 H 0.757063 5.525940 7.116440
 H -2.723671 -5.811291 -3.081084
 H -1.679465 -6.441144 -1.988238
 H 3.450706 1.595986 4.699459
 H 4.064051 0.187711 4.497736
 H -2.967596 -7.512970 6.277291
 H -1.456057 -7.043443 5.938158
 H 1.239388 -1.932459 3.081390
 H 2.486737 -2.969999 2.997913
 H 1.276309 -5.798747 2.477153
 H 1.944611 -5.227964 1.274049
 H -2.330779 -4.716067 5.911719
 H -2.419885 -4.476460 4.445715
 H -3.957340 -7.769252 -0.072728
 H -4.444486 -6.248247 -0.393145
 H -3.198676 -2.979704 -4.220502
 H -2.775405 -4.445173 -4.718259
 H 2.906306 -4.147794 -2.020615
 H 1.614516 -4.285723 -1.034877
 H -1.567049 3.450208 -2.341190
 H -1.356391 3.610927 -0.838484
 H -1.926746 -2.408925 0.573065
 H -0.848569 -2.121695 1.620283
 H 0.420149 -4.035340 3.462056
 H -0.848319 -4.654566 2.807056
 H 4.602701 -4.174432 -4.707423
 H 3.839414 -3.075232 -4.346109
 H 4.904285 5.159234 2.069753
 H 6.092897 4.192837 2.035212
 H 5.428512 -3.402272 5.103495
 H 4.320987 -4.390545 5.009849
 H -1.529912 -1.715600 -3.182689
 H -2.146927 -0.509221 -3.894718
 H -0.529714 3.879789 -4.741859
 H -1.068828 2.424590 -4.547687
 H 5.521267 2.032876 0.415980
 H 4.484961 1.378111 1.354699
 H 4.157670 1.710246 -3.106863
 H 2.938513 2.411519 -3.607814
 H -5.653994 3.553192 -6.889058
 H -4.366187 2.980260 -6.091752
 H 4.115726 -5.809751 0.296246
 H 5.098427 -4.665209 0.287746
 H 0.075487 -1.124453 -6.327649
 H 0.745364 0.260586 -6.721271
 H -2.647517 -0.150584 -5.853405
 H -3.831457 0.595989 -5.039893
 H 0.390202 0.081158 1.722333
 H 1.114474 -1.158633 1.031129
 H 5.474124 -2.188643 -4.136546
 H 6.085342 -3.271975 -3.405132
 H 4.233347 0.125266 -0.478715
 H 4.828479 -1.108766 -1.203791
 H -0.166477 5.301776 3.556899
 H -1.404859 4.453564 3.284689
 H -4.118428 -0.839366 -3.049616
 H -5.645981 -0.600789 -2.923999
 H -0.136054 -5.338676 -0.743718
 H -0.530290 -3.950405 0.046748
 H 5.614312 4.056674 -8.368956
 H 6.165982 2.607819 -8.496290
 H 3.164692 5.970339 4.955345
 H 3.906080 5.348682 6.261256
 H -5.522915 5.430061 -2.458535
 H -5.709203 6.787064 -2.526323
 H -0.339305 1.761313 -2.140015
 H 0.974181 1.342026 -2.882580
 H -3.744700 -4.443729 -0.715196
 H -4.970343 -3.991539 0.317646
 H -3.247502 5.978862 1.623065
 H -3.666227 6.273187 3.151197
 H -3.386250 2.870810 3.929085
 H -2.084801 3.032481 4.823550
 H -2.760823 -0.641507 -0.998325
 H -3.569525 -0.110507 0.212975
 H -1.600223 -0.573751 4.428997
 H -2.546198 -1.659655 4.993011
 H 0.804563 2.240321 4.452771
 H 0.598554 2.987183 5.587976
 H -5.497130 1.604615 2.053079
 H -4.967271 2.289672 0.823060
 H 2.864463 6.128321 -2.189939
 H 4.372373 5.606279 -1.932690
 H 0.932488 -5.273429 -4.165353
 H 1.400277 -5.311768 -2.754382
 H -4.405233 4.370887 -4.649120
 H -3.203854 4.181541 -3.679547
 H 4.977845 1.554077 7.405151
 H 5.868670 1.710557 6.258580
 H -1.866926 1.835331 2.407766
 H -0.300179 1.790996 2.630258
 H 0.672133 -1.972356 -2.499897
 H 0.935048 -1.647045 -4.027469
 H -0.059832 -3.166591 -4.850468
 H 0.221693 -3.479216 -6.411587
 H 7.004198 -6.063999 5.039174
 H 6.252381 -5.243934 3.967357
 H 4.039273 -3.836187 1.507170
 H 3.352116 -2.569198 0.715269
 H 6.618106 -1.570362 2.184316
 H 5.262523 -0.814127 2.305583
 H 2.498367 4.234760 -4.999229
 H 1.816071 4.868390 -3.863993
 H -0.445900 -8.845473 0.796851
 H -0.927076 -7.550662 1.301505
 H -4.420388 -1.521680 -5.937390
 H -4.668892 -2.439384 -7.129158
 H -3.758258 1.564254 -0.997320
 H -5.006023 0.973635 -1.505055
 H 4.432574 3.720653 -4.330978
 H 5.080453 3.873321 -5.648878
 H 2.416800 -0.882352 -0.964476
 H 1.037373 -0.138584 -1.180903
 H -4.455738 -4.827657 1.846523
 H -6.009892 -4.724264 2.049008
 H 1.314396 3.044026 2.465328
 H 1.817143 2.664019 1.001823
K_POINTS
 1
0.0 0.0 0.0 1.0