
&control
    calculation='scf'
    pseudo_dir = './',
    outdir='./outputs',
    disk_io='high'
/
&system
    ibrav= 1, celldm(1)=20.000000, nat=  192, ntyp= 2,
    ecutwfc = 30.0, nosym=.true., occupations='smearing',
    smearing='m-v', degauss=0.025
/
&electrons
    conv_thr =  1.0d-8,
    mixing_beta = 0.7
/
&ions
    pot_extrapolation='second-order'
    wfc_extrapolation='second-order'
    ion_temperature = 'andersen'
    tempw = 1000

/
ATOMIC_SPECIES
 H  1.01  H.blyp-hgh.UPF
 O  16.0  O.blyp-hgh.UPF
ATOMIC_POSITIONS bohr
 O -5.795694 -1.790923 -0.051817
 O 3.688599 -1.840000 6.162111
 O -5.668562 7.134284 -5.713252
 O 2.074418 2.752664 -0.757800
 O -4.877541 1.234358 4.406940
 O 0.370180 5.938318 6.324293
 O -1.899779 -5.707259 -2.584714
 O 4.265532 1.061995 4.866083
 O -2.374938 -6.742742 6.082599
 O 1.718714 -2.692008 3.535812
 O 2.173437 -5.723488 2.076940
 O -2.788727 -4.126555 5.288391
 O -3.835537 -6.822291 0.124556
 O -3.511444 -3.866949 -4.484017
 O 2.492650 -4.704442 -1.325236
 O -1.215990 2.959887 -1.586860
 O -1.341870 -2.907814 1.192083
 O -0.183245 -4.871958 3.492755
 O 4.125329 -3.880640 -3.878487
 O 5.131311 4.243838 1.830700
 O 5.026402 -4.008700 4.456162
 O -2.395692 -1.254248 -3.307322
 O -1.298144 3.304514 -4.879749
 O 4.838198 1.335239 0.443387
 O 3.341440 1.499006 -3.605442
 O -4.997655 3.710425 -6.103118
 O 4.866124 -5.433709 0.838205
 O 0.858094 -0.542505 -6.160831
 O -2.910837 0.647843 -5.355118
 O 0.509890 -0.886843 1.763070
 O 6.097197 -2.304684 -3.401598
 O 4.040459 -0.495938 -1.225830
 O -0.442368 4.528571 3.023088
 O -4.782251 -0.172328 -2.763663
 O -0.023411 -4.372274 -0.712649
 O 5.856679 3.251422 -7.840074
 O 4.009967 5.721778 5.358359
 O -6.349055 6.014027 -2.565575
 O 0.162609 0.981665 -2.499202
 O -4.725421 -4.269593 -0.618700
 O -3.020251 6.514815 2.446246
 O -2.438331 3.058311 3.930591
 O -2.642517 -0.226871 -0.099262
 O -1.637733 -1.266928 5.110544
 O 1.059917 2.148344 5.401086
 O -4.993346 2.408902 1.820068
 O 3.414977 5.394348 -1.815916
 O 0.977631 -5.916798 -3.426194
 O -4.079106 4.655906 -3.738836
 O 5.918236 1.470271 7.200478
 O -1.053369 1.420753 2.100294
 O 0.325808 -2.120052 -3.412817
 O -0.121931 -3.844009 -5.578859
 O 6.911029 -5.968626 4.066277
 O 3.871078 -2.876822 1.477020
 O 5.834315 -1.462607 2.769060
 O 1.753040 4.011045 -4.377677
 O -0.730081 -7.987805 0.429060
 O -4.511430 -1.502109 -6.903119
 O -4.712236 1.563807 -0.749847
 O 4.246884 4.158650 -5.186618
 O 1.466200 -0.888485 -0.694483
 O -5.206808 -4.178818 1.930545
 O 1.926488 2.470752 1.975815
 H -5.325535 -2.118545 -0.837055
 H -5.999596 -2.508583 0.588099
 H 2.823070 -1.390688 6.297728
 H 3.512956 -2.444395 5.421835
 H -5.999372 6.547000 -5.000900
 H -4.830126 7.277873 -5.256910
 H 2.725190 3.480096 -0.694165
 H 1.196381 3.150234 -0.980598
 H -5.250634 0.449308 4.843137
 H -3.999323 0.978142 4.122953
 H -0.024862 6.816565 6.532183
 H 0.746888 5.517454 7.116251
 H -2.733259 -5.815447 -3.079618
 H -1.696260 -6.439432 -1.982894
 H 3.451543 1.589842 4.711998
 H 4.053923 0.187418 4.497158
 H -2.961526 -7.518157 6.270517
 H -1.449699 -7.041804 5.952999
 H 1.240431 -1.944746 3.085606
 H 2.490045 -2.975146 2.998660
 H 1.270700 -5.787531 2.478733
 H 1.936586 -5.222323 1.275728
 H -2.331509 -4.716435 5.917452
 H -2.422286 -4.482349 4.443231
 H -3.947229 -7.766860 -0.070324
 H -4.439153 -6.254346 -0.395873
 H -3.189023 -2.983657 -4.215671
 H -2.775586 -4.443333 -4.718704
 H 2.912669 -4.143890 -2.007451
 H 1.618849 -4.274913 -1.038043
 H -1.574253 3.457236 -2.336899
 H -1.350375 3.611770 -0.844278
 H -1.925396 -2.417962 0.562793
 H -0.847271 -2.120895 1.613392
 H 0.434199 -4.046742 3.442007
 H -0.845308 -4.656934 2.801477
 H 4.582285 -4.171759 -4.708887
 H 3.843178 -3.069357 -4.334635
 H 4.909512 5.156971 2.060233
 H 6.099394 4.186930 2.031417
 H 5.436774 -3.405396 5.101680
 H 4.323364 -4.386350 5.020616
 H -1.535181 -1.720258 -3.188435
 H -2.140231 -0.501226 -3.895716
 H -0.528570 3.878765 -4.745478
 H -1.075823 2.419966 -4.553323
 H 5.519229 2.032082 0.405307
 H 4.492539 1.378857 1.349869
 H 4.158494 1.720761 -3.109679
 H 2.945160 2.412830 -3.608327
 H -5.653056 3.553502 -6.898007
 H -4.364878 2.983926 -6.105713
 H 4.104505 -5.808400 0.313686
 H 5.090460 -4.663327 0.283554
 H 0.081157 -1.126048 -6.331401
 H 0.757586 0.265159 -6.718977
 H -2.657168 -0.156065 -5.849383
 H -3.829956 0.605106 -5.034164
 H 0.388989 0.083997 1.727242
 H 1.112889 -1.161825 1.029677
 H 5.472489 -2.193456 -4.140267
 H 6.078107 -3.275396 -3.400599
 H 4.233270 0.126487 -0.475059
 H 4.827482 -1.109991 -1.194303
 H -0.168984 5.308203 3.548831
 H -1.418651 4.446192 3.280425
 H -4.114586 -0.840589 -3.040674
 H -5.645692 -0.601185 -2.916815
 H -0.132180 -5.341611 -0.742513
 H -0.537367 -3.954342 0.044310
 H 5.624921 4.045265 -8.382844
 H 6.177069 2.595185 -8.489109
 H 3.164721 5.969879 4.952408
 H 3.906910 5.356442 6.269870
 H -5.517943 5.441860 -2.463519
 H -5.721963 6.791224 -2.515322
 H -0.337279 1.761908 -2.152387
 H 0.977240 1.332651 -2.882598
 H -3.737611 -4.426636 -0.699409
 H -4.977548 -4.000317 0.317813
 H -3.234737 5.970996 1.626365
 H -3.670790 6.283740 3.147806
 H -3.383133 2.862363 3.933267
 H -2.087750 3.035820 4.831538
 H -2.753007 -0.636485 -0.994681
 H -3.574321 -0.118247 0.225562
 H -1.594544 -0.577088 4.422051
 H -2.549042 -1.647933 4.990999
 H 0.806471 2.245342 4.457250
 H 0.614656 2.986096 5.591301
 H -5.504345 1.600589 2.047372
 H -4.955492 2.272884 0.823473
 H 2.856223 6.120489 -2.188666
 H 4.370469 5.615226 -1.925690
 H 0.918884 -5.267002 -4.157842
 H 1.384591 -5.315117 -2.738633
 H -4.408728 4.360602 -4.654189
 H -3.216808 4.171308 -3.682447
 H 4.976730 1.554596 7.406423
 H 5.881728 1.714456 6.263056
 H -1.865319 1.840898 2.391056
 H -0.301646 1.792165 2.636845
 H 0.673733 -1.980405 -2.493853
 H 0.937930 -1.644135 -4.019168
 H -0.049901 -3.179000 -4.845126
 H 0.225975 -3.480072 -6.409386
 H 7.000146 -6.054508 5.039351
 H 6.256707 -5.232571 3.977560
 H 4.040601 -3.834032 1.511200
 H 3.342974 -2.576608 0.717390
 H 6.606151 -1.576318 2.172538
 H 5.260535 -0.807549 2.319371
 H 2.507568 4.237589 -4.987044
 H 1.813067 4.862167 -3.864835
 H -0.442320 -8.850319 0.795733
 H -0.919835 -7.561579 1.304755
 H -4.422544 -1.538194 -5.937064
 H -4.678009 -2.440307 -7.136278
 H -3.758638 1.563420 -0.990634
 H -4.997203 0.979242 -1.509742
 H 4.435737 3.731158 -4.329034
 H 5.068393 3.878468 -5.667654
 H 2.414553 -0.890333 -0.959965
 H 1.040784 -0.126444 -1.170497
 H -4.451052 -4.822090 1.848113
 H -6.008481 -4.728266 2.058902
 H 1.318834 3.046287 2.459157
 H 1.810362 2.665185 1.002542
K_POINTS
 1
0.0 0.0 0.0 1.0