
&control
    calculation='scf'
    pseudo_dir = './',
    outdir='./outputs',
    disk_io='high'
/
&system
    ibrav= 1, celldm(1)=20.000000, nat=  192, ntyp= 2,
    ecutwfc = 30.0, nosym=.true., occupations='smearing',
    smearing='m-v', degauss=0.025
/
&electrons
    conv_thr =  1.0d-8,
    mixing_beta = 0.7
/
&ions
    pot_extrapolation='second-order'
    wfc_extrapolation='second-order'
    ion_temperature = 'andersen'
    tempw = 1000

/
ATOMIC_SPECIES
 H  1.01  H.blyp-hgh.UPF
 O  16.0  O.blyp-hgh.UPF
ATOMIC_POSITIONS bohr
 O -5.800030 -1.794513 -0.046885
 O 3.694058 -1.829525 6.155824
 O -5.667135 7.140885 -5.706208
 O 2.077621 2.759441 -0.749994
 O -4.875417 1.236833 4.405278
 O 0.370466 5.933782 6.320360
 O -1.911289 -5.702986 -2.586571
 O 4.281214 1.052982 4.865187
 O -2.366622 -6.739710 6.092457
 O 1.720952 -2.697826 3.538447
 O 2.164330 -5.716424 2.074066
 O -2.780307 -4.134932 5.292599
 O -3.827280 -6.820456 0.127994
 O -3.509590 -3.862042 -4.488700
 O 2.490469 -4.708408 -1.315265
 O -1.211514 2.955230 -1.591673
 O -1.348803 -2.905323 1.187705
 O -0.189552 -4.869339 3.491660
 O 4.119124 -3.878225 -3.870997
 O 5.139299 4.242005 1.823366
 O 5.020986 -4.009331 4.459719
 O -2.391000 -1.240219 -3.316858
 O -1.300622 3.306883 -4.877266
 O 4.844088 1.324820 0.430552
 O 3.351424 1.497110 -3.607972
 O -5.001410 3.712203 -6.115452
 O 4.868965 -5.431789 0.832069
 O 0.863997 -0.535883 -6.156452
 O -2.910930 0.649311 -5.354194
 O 0.508730 -0.881386 1.761224
 O 6.095062 -2.311588 -3.400081
 O 4.041296 -0.499275 -1.222110
 O -0.450969 4.534621 3.011605
 O -4.781649 -0.172507 -2.760165
 O -0.017773 -4.377599 -0.707755
 O 5.858465 3.239648 -7.840806
 O 4.002237 5.702222 5.355730
 O -6.353117 6.014292 -2.575534
 O 0.167071 0.970752 -2.497551
 O -4.729238 -4.272600 -0.621955
 O -3.018923 6.524432 2.438626
 O -2.433836 3.063459 3.945101
 O -2.654483 -0.212945 -0.094237
 O -1.635414 -1.262422 5.104619
 O 1.069468 2.140929 5.397826
 O -5.009103 2.400858 1.819958
 O 3.413501 5.392135 -1.812819
 O 0.985006 -5.919086 -3.426729
 O -4.092842 4.661282 -3.744278
 O 5.919939 1.473351 7.209415
 O -1.039769 1.424213 2.097756
 O 0.328537 -2.123507 -3.408473
 O -0.130233 -3.846499 -5.582430
 O 6.903284 -5.962411 4.066510
 O 3.865555 -2.875861 1.478082
 O 5.835374 -1.456719 2.772939
 O 1.750983 4.008898 -4.384641
 O -0.711514 -7.992750 0.424159
 O -4.514703 -1.510400 -6.899111
 O -4.715193 1.571923 -0.748646
 O 4.238241 4.164595 -5.190711
 O 1.462111 -0.884476 -0.693916
 O -5.209589 -4.178337 1.926035
 O 1.926473 2.463259 1.973127
 H -5.336362 -2.107819 -0.837219
 H -6.006500 -2.517872 0.580289
 H 2.822916 -1.390735 6.294420
 H 3.519872 -2.439238 5.428601
 H -6.006046 6.543053 -5.004107
 H -4.819739 7.273753 -5.255287
 H 2.724873 3.487278 -0.666546
 H 1.218493 3.167633 -1.006448
 H -5.252716 0.459129 4.853203
 H -3.993704 0.988131 4.107571
 H -0.022686 6.809436 6.549504
 H 0.726318 5.500826 7.116439
 H -2.752330 -5.826193 -3.075280
 H -1.731878 -6.436791 -1.973094
 H 3.454363 1.577305 4.737458
 H 4.033715 0.186050 4.496820
 H -2.947627 -7.526544 6.256322
 H -1.437018 -7.038891 5.983803
 H 1.244153 -1.969385 3.093178
 H 2.496451 -2.984053 2.998881
 H 1.260609 -5.764851 2.482744
 H 1.921497 -5.210944 1.278321
 H -2.333666 -4.717438 5.928420
 H -2.428140 -4.493167 4.439430
 H -3.928159 -7.761919 -0.066429
 H -4.429669 -6.266645 -0.401211
 H -3.168331 -2.992004 -4.205685
 H -2.773726 -4.438735 -4.719508
 H 2.925678 -4.135462 -1.980734
 H 1.628296 -4.253813 -1.044768
 H -1.588487 3.470787 -2.330279
 H -1.337193 3.612824 -0.854730
 H -1.922429 -2.436231 0.543440
 H -0.845139 -2.121718 1.597540
 H 0.460766 -4.072892 3.403046
 H -0.839947 -4.662248 2.790599
 H 4.541779 -4.170286 -4.709715
 H 3.847419 -3.054492 -4.310508
 H 4.919274 5.154042 2.040987
 H 6.110590 4.174901 2.022493
 H 5.454661 -3.410878 5.096953
 H 4.328399 -4.380681 5.041191
 H -1.545237 -1.729429 -3.199699
 H -2.127828 -0.485005 -3.897075
 H -0.524619 3.876431 -4.752097
 H -1.088843 2.409711 -4.564537
 H 5.514620 2.030684 0.383550
 H 4.506629 1.381598 1.340518
 H 4.159791 1.739151 -3.114183
 H 2.956834 2.413434 -3.610383
 H -5.649371 3.554189 -6.915541
 H -4.362393 2.989117 -6.133803
 H 4.083614 -5.805964 0.350051
 H 5.075593 -4.659945 0.274553
 H 0.092987 -1.127142 -6.340043
 H 0.781908 0.273713 -6.712654
 H -2.677271 -0.167188 -5.842449
 H -3.827437 0.622485 -5.022892
 H 0.386300 0.088589 1.735949
 H 1.108601 -1.165591 1.025115
 H 5.469557 -2.200582 -4.147611
 H 6.064510 -3.282952 -3.389661
 H 4.233581 0.129389 -0.469173
 H 4.823352 -1.111068 -1.175102
 H -0.173602 5.321920 3.532293
 H -1.442601 4.430677 3.271239
 H -4.106751 -0.842511 -3.021780
 H -5.644906 -0.602751 -2.902984
 H -0.125544 -5.346479 -0.739226
 H -0.550826 -3.962871 0.039147
 H 5.645386 4.021940 -8.409619
 H 6.199455 2.569274 -8.473754
 H 3.163835 5.968091 4.947517
 H 3.907025 5.373171 6.285358
 H -5.512640 5.462526 -2.475402
 H -5.752218 6.801423 -2.492966
 H -0.332848 1.762640 -2.176373
 H 0.984892 1.314331 -2.883142
 H -3.727521 -4.390779 -0.666731
 H -4.989910 -4.019636 0.318256
 H -3.209605 5.956645 1.635123
 H -3.680675 6.304761 3.140968
 H -3.378771 2.846153 3.942845
 H -2.094505 3.041999 4.849278
 H -2.737273 -0.625259 -0.986069
 H -3.581971 -0.134262 0.249413
 H -1.582628 -0.583794 4.407901
 H -2.553380 -1.625146 4.987763
 H 0.812319 2.252448 4.464723
 H 0.646689 2.985959 5.603098
 H -5.517726 1.593099 2.037280
 H -4.930746 2.239613 0.825786
 H 2.842611 6.103504 -2.184352
 H 4.365380 5.633914 -1.912536
 H 0.890816 -5.254653 -4.143366
 H 1.352333 -5.324071 -2.707208
 H -4.416876 4.340904 -4.662129
 H -3.244431 4.152185 -3.688443
 H 4.972234 1.553940 7.410157
 H 5.908174 1.721903 6.270919
 H -1.863315 1.853897 2.359550
 H -0.307980 1.794450 2.648462
 H 0.676759 -1.996222 -2.482752
 H 0.942788 -1.637087 -4.001194
 H -0.029840 -3.204932 -4.835338
 H 0.234484 -3.480926 -6.405151
 H 6.991877 -6.035039 5.039966
 H 6.265758 -5.210520 3.999319
 H 4.041942 -3.831303 1.517854
 H 3.324926 -2.593768 0.721008
 H 6.581122 -1.587447 2.149930
 H 5.257483 -0.795808 2.346711
 H 2.524892 4.239903 -4.963063
 H 1.805091 4.848690 -3.864536
 H -0.434701 -8.860373 0.792750
 H -0.904903 -7.582524 1.310727
 H -4.427190 -1.571531 -5.935606
 H -4.695657 -2.441922 -7.150812
 H -3.759223 1.562739 -0.975518
 H -4.980466 0.990284 -1.518298
 H 4.441191 3.753366 -4.324307
 H 5.042601 3.889239 -5.705777
 H 2.412053 -0.904994 -0.951694
 H 1.047740 -0.102436 -1.149411
 H -4.441718 -4.810640 1.853889
 H -6.004750 -4.736180 2.078560
 H 1.327572 3.053271 2.446670
 H 1.797644 2.666965 1.004420
K_POINTS
 1
0.0 0.0 0.0 1.0