
&control
    calculation='scf'
    pseudo_dir = './',
    outdir='./outputs',
    disk_io='high'
/
&system
    ibrav= 1, celldm(1)=20.000000, nat=  192, ntyp= 2,
    ecutwfc = 30.0, nosym=.true., occupations='smearing',
    smearing='m-v', degauss=0.025
/
&electrons
    conv_thr =  1.0d-8,
    mixing_beta = 0.7
/
&ions
    pot_extrapolation='second-order'
    wfc_extrapolation='second-order'
    ion_temperature = 'andersen'
    tempw = 1000

/
ATOMIC_SPECIES
 H  1.01  H.blyp-hgh.UPF
 O  16.0  O.blyp-hgh.UPF
ATOMIC_POSITIONS bohr
 O -5.803489 -1.796805 -0.043044
 O 3.698126 -1.821647 6.151412
 O -5.666239 7.145592 -5.700532
 O 2.079815 2.764524 -0.744022
 O -4.873932 1.238835 4.404019
 O 0.370618 5.930220 6.317055
 O -1.919924 -5.699560 -2.588002
 O 4.292695 1.046249 4.864327
 O -2.360585 -6.737601 6.099827
 O 1.722587 -2.702539 3.540697
 O 2.157250 -5.711157 2.071909
 O -2.773955 -4.141130 5.295342
 O -3.820857 -6.819209 0.130600
 O -3.508536 -3.858406 -4.492046
 O 2.488675 -4.710982 -1.307825
 O -1.208514 2.952052 -1.595418
 O -1.353927 -2.903190 1.184474
 O -0.193949 -4.866971 3.490659
 O 4.114405 -3.876536 -3.865839
 O 5.145640 4.240394 1.817998
 O 5.016740 -4.009585 4.462553
 O -2.387401 -1.229803 -3.324075
 O -1.302773 3.308682 -4.875432
 O 4.848554 1.317041 0.421160
 O 3.358992 1.496242 -3.609857
 O -5.003794 3.713903 -6.124375
 O 4.870837 -5.430322 0.827271
 O 0.868471 -0.531175 -6.153084
 O -2.910803 0.650591 -5.353404
 O 0.507871 -0.877600 1.760215
 O 6.093489 -2.316684 -3.399173
 O 4.042158 -0.502065 -1.219276
 O -0.457914 4.539205 3.003324
 O -4.781241 -0.172562 -2.757582
 O -0.013490 -4.381499 -0.704007
 O 5.859452 3.231078 -7.841927
 O 3.996595 5.687845 5.353570
 O -6.355158 6.014585 -2.582898
 O 0.170389 0.962383 -2.496361
 O -4.731583 -4.275020 -0.624798
 O -3.017907 6.531598 2.432881
 O -2.430443 3.067303 3.955725
 O -2.663586 -0.202673 -0.090465
 O -1.633886 -1.258970 5.100141
 O 1.076505 2.135481 5.394991
 O -5.020969 2.394693 1.819548
 O 3.412452 5.390111 -1.810513
 O 0.990764 -5.920424 -3.426950
 O -4.102932 4.665074 -3.748575
 O 5.921292 1.475681 7.216192
 O -1.029135 1.426684 2.095781
 O 0.330729 -2.126150 -3.405143
 O -0.136483 -3.848442 -5.584942
 O 6.897549 -5.957932 4.066517
 O 3.861336 -2.874752 1.479083
 O 5.836339 -1.452142 2.775954
 O 1.749577 4.007599 -4.389931
 O -0.697647 -7.996508 0.420663
 O -4.517196 -1.516711 -6.896197
 O -4.717252 1.578094 -0.747988
 O 4.232327 4.168693 -5.193557
 O 1.458799 -0.881685 -0.693631
 O -5.211746 -4.177873 1.922512
 O 1.926414 2.457423 1.971133
 H -5.344147 -2.101805 -0.836956
 H -6.011321 -2.524978 0.572733
 H 2.822739 -1.390261 6.291596
 H 3.524516 -2.435919 5.431886
 H -6.013284 6.539281 -5.007600
 H -4.809144 7.273616 -5.255149
 H 2.724295 3.493633 -0.646840
 H 1.236761 3.180855 -1.026058
 H -5.253875 0.465042 4.860759
 H -3.988712 0.994060 4.095859
 H -0.020110 6.803906 6.563170
 H 0.710839 5.488602 7.116973
 H -2.766143 -5.836083 -3.070711
 H -1.760223 -6.435127 -1.966619
 H 3.457921 1.567723 4.757015
 H 4.018872 0.184284 4.497380
 H -2.935721 -7.530895 6.245209
 H -1.427579 -7.036874 6.007774
 H 1.247647 -1.986746 3.097429
 H 2.500685 -2.989303 2.998228
 H 1.254212 -5.747779 2.486482
 H 1.911057 -5.202281 1.279430
 H -2.335579 -4.718775 5.936270
 H -2.433391 -4.500456 4.438033
 H -3.914888 -7.758567 -0.064401
 H -4.423750 -6.275642 -0.405289
 H -3.151771 -2.998449 -4.197896
 H -2.770399 -4.434697 -4.720054
 H 2.935703 -4.128947 -1.960354
 H 1.635885 -4.238601 -1.049871
 H -1.598694 3.479971 -2.326634
 H -1.326189 3.613020 -0.861252
 H -1.920239 -2.449705 0.529741
 H -0.843968 -2.124165 1.583932
 H 0.479102 -4.095188 3.375144
 H -0.836728 -4.666660 2.782549
 H 4.512016 -4.172823 -4.709107
 H 3.847793 -3.040626 -4.291252
 H 4.926019 5.153639 2.026514
 H 6.117096 4.165791 2.014552
 H 5.469115 -3.414398 5.092353
 H 4.332412 -4.378813 5.055758
 H -1.552196 -1.736075 -3.207968
 H -2.119295 -0.472645 -3.897602
 H -0.520295 3.874199 -4.756467
 H -1.097768 2.401685 -4.573057
 H 5.510819 2.029841 0.366761
 H 4.516215 1.384653 1.333675
 H 4.160927 1.750506 -3.116352
 H 2.963991 2.411964 -3.612950
 H -5.645236 3.554861 -6.928353
 H -4.360694 2.991312 -6.154961
 H 4.069213 -5.804344 0.378352
 H 5.065300 -4.657737 0.267157
 H 0.102414 -1.125885 -6.347511
 H 0.799874 0.279655 -6.706520
 H -2.693071 -0.175389 -5.838069
 H -3.825955 0.634736 -5.014588
 H 0.384120 0.091159 1.741361
 H 1.104276 -1.165844 1.020426
 H 5.468193 -2.203828 -4.152510
 H 6.055046 -3.289136 -3.379880
 H 4.234080 0.131733 -0.466357
 H 4.818735 -1.110966 -1.160575
 H -0.177117 5.332597 3.519368
 H -1.456140 4.418714 3.263709
 H -4.100886 -0.843399 -3.006794
 H -5.644202 -0.604684 -2.893139
 H -0.121527 -5.349343 -0.736017
 H -0.560175 -3.969855 0.034958
 H 5.659987 4.003984 -8.428742
 H 6.216235 2.549564 -8.461015
 H 3.162306 5.966022 4.944808
 H 3.905642 5.386885 6.295146
 H -5.512451 5.475146 -2.486052
 H -5.778741 6.811113 -2.475885
 H -0.329183 1.762718 -2.193660
 H 0.991901 1.300891 -2.884004
 H -3.724091 -4.362653 -0.641583
 H -4.997639 -4.035595 0.318583
 H -3.191306 5.947073 1.643300
 H -3.688402 6.320466 3.135478
 H -3.376652 2.834729 3.951021
 H -2.100171 3.046206 4.864221
 H -2.725719 -0.615955 -0.978756
 H -3.586049 -0.146826 0.265843
 H -1.573136 -0.588704 4.396979
 H -2.555554 -1.608770 4.986045
 H 0.818236 2.255259 4.468255
 H 0.670628 2.987620 5.616485
 H -5.527124 1.587678 2.031045
 H -4.911347 2.215131 0.828952
 H 2.834736 6.089953 -2.179788
 H 4.360433 5.648557 -1.903430
 H 0.869217 -5.245927 -4.132745
 H 1.327402 -5.332815 -2.684205
 H -4.424087 4.327309 -4.665798
 H -3.266489 4.139125 -3.692876
 H 4.967397 1.551973 7.413685
 H 5.928119 1.727176 6.276204
 H -1.862276 1.864892 2.337350
 H -0.315165 1.796412 2.656168
 H 0.678689 -2.007823 -2.475651
 H 0.945698 -1.630676 -3.986693
 H -0.014599 -3.225011 -4.828612
 H 0.240823 -3.480866 -6.402100
 H 6.985750 -6.020289 5.040845
 H 6.272686 -5.194533 4.016443
 H 4.041853 -3.830667 1.521693
 H 3.311577 -2.608585 0.723162
 H 6.561480 -1.595082 2.133732
 H 5.255760 -0.787970 2.366803
 H 2.537139 4.238725 -4.945807
 H 1.797309 4.838133 -3.862311
 H -0.428573 -8.868177 0.789626
 H -0.893235 -7.597342 1.314610
 H -4.430930 -1.596802 -5.933627
 H -4.708313 -2.442815 -7.161983
 H -3.759320 1.563124 -0.962574
 H -4.968941 0.998296 -1.524035
 H 4.444783 3.771166 -4.320539
 H 5.021640 3.897613 -5.734462
 H 2.411907 -0.914677 -0.946208
 H 1.053199 -0.084858 -1.133428
 H -4.434843 -4.801800 1.860453
 H -6.000897 -4.741902 2.093091
 H 1.333933 3.060690 2.437498
 H 1.788984 2.667658 1.006043
K_POINTS
 1
0.0 0.0 0.0 1.0