
&control
    calculation='scf'
    pseudo_dir = './',
    outdir='./outputs',
    disk_io='high'
/
&system
    ibrav= 1, celldm(1)=20.000000, nat=  192, ntyp= 2,
    ecutwfc = 30.0, nosym=.true., occupations='smearing',
    smearing='m-v', degauss=0.025
/
&electrons
    conv_thr =  1.0d-8,
    mixing_beta = 0.7
/
&ions
    pot_extrapolation='second-order'
    wfc_extrapolation='second-order'
    ion_temperature = 'andersen'
    tempw = 1000

/
ATOMIC_SPECIES
 H  1.01  H.blyp-hgh.UPF
 O  16.0  O.blyp-hgh.UPF
ATOMIC_POSITIONS bohr
 O -5.259988 -1.513406 -1.568556
 O 3.914129 -2.098098 5.387189
 O -5.742960 5.447313 -5.457641
 O -0.176192 3.799540 -1.502433
 O -4.727722 0.770423 3.921445
 O -0.231130 5.467042 5.230325
 O -0.131516 -5.402615 -3.399619
 O 2.440978 0.137782 3.597798
 O -2.853687 -5.296273 5.657289
 O 1.975117 -2.846960 1.924150
 O 2.559166 -6.107351 2.905502
 O -4.059719 -3.009815 4.488591
 O -4.440695 -5.851928 0.722114
 O -3.608529 -5.704747 -3.769020
 O 2.374826 -2.768460 -2.296284
 O -1.986866 2.433373 1.035676
 O -1.216822 -1.739919 1.874398
 O 0.215776 -4.197300 3.764270
 O 5.397545 -4.315302 -4.979381
 O 5.439862 4.962788 2.206301
 O 5.892364 -2.992407 3.263996
 O -3.240319 -2.893572 -3.858710
 O -0.888148 2.654707 -4.948023
 O 3.923268 2.359445 2.897605
 O 2.331644 1.370091 -3.108790
 O -4.851422 2.687997 -6.234982
 O 4.485781 -5.986207 -1.241549
 O 2.003167 -1.280686 -4.631672
 O -2.045323 0.150314 -4.830832
 O 0.925625 -0.328058 0.787600
 O 4.753824 -1.738374 -3.654631
 O 5.205004 0.110726 -0.143493
 O -0.164579 4.616984 1.938705
 O -5.013924 0.733725 -4.017952
 O 0.737496 -3.826312 -0.381322
 O 4.552255 3.754426 -4.483109
 O 3.409707 5.454002 5.857437
 O -5.271035 3.932510 -1.975161
 O -0.388647 0.993709 -1.741213
 O -3.102600 -3.496857 -1.002013
 O -2.663450 5.490371 3.302524
 O -1.556182 2.802518 4.176910
 O -2.594985 -0.321426 -0.719120
 O -1.544391 -2.140268 4.853755
 O 0.635528 1.870372 4.974522
 O -4.702383 3.305288 1.377685
 O 2.919078 3.982203 -0.652310
 O 2.705038 -6.015271 -3.648882
 O -2.539536 4.500063 -2.325906
 O 5.405887 0.627593 5.387025
 O -2.985331 0.286568 1.977430
 O -0.683088 -2.358076 -2.436279
 O 0.020884 -3.355249 -5.474737
 O 5.760485 -5.950194 4.288507
 O 4.972330 -3.147500 -0.169863
 O 4.633954 -0.724068 2.455398
 O 1.196687 4.327724 -4.309281
 O -0.714099 -5.847790 0.438743
 O -5.518724 -1.473275 -5.726716
 O -4.647401 1.302875 -0.827767
 O 5.173941 1.473578 -2.449604
 O 2.853401 -0.294936 -1.140924
 O -5.272808 -1.295197 1.323375
 O 1.583043 2.556544 1.464974
 H -5.310330 -1.462313 -0.581933
 H -4.530169 -0.880160 -1.745007
 H 3.707364 -2.880122 5.941492
 H 3.203750 -2.065495 4.703506
 H -6.488638 4.991781 -4.984443
 H -5.457823 4.762660 -6.099274
 H 0.259927 2.934931 -1.248738
 H 0.531119 4.348407 -1.895285
 H -5.683911 0.514162 3.874609
 H -4.652831 1.382657 4.700012
 H 0.184747 6.346282 5.065361
 H 0.144592 5.160960 6.080852
 H -0.487990 -5.432475 -2.492532
 H -0.933459 -5.601591 -3.925596
 H 2.779448 1.070946 3.414414
 H 1.476418 0.221701 3.740378
 H -3.414779 -5.419423 6.467003
 H -1.942539 -5.477236 5.979083
 H 2.058403 -2.017649 1.383310
 H 2.897614 -3.181427 1.946718
 H 3.265384 -6.515367 2.355586
 H 1.708452 -6.459054 2.552533
 H -3.242543 -3.436730 4.159608
 H -4.604322 -2.721083 3.698442
 H -3.995971 -6.643016 0.340621
 H -4.116060 -5.073601 0.199176
 H -4.430645 -5.263240 -3.483489
 H -3.717859 -6.653055 -3.536778
 H 2.418492 -1.787792 -2.149724
 H 1.689499 -3.126718 -1.647421
 H -1.105871 2.854675 1.028581
 H -1.885895 1.455976 0.991576
 H -0.553060 -1.042485 1.439916
 H -0.900679 -1.707924 2.812777
 H 1.015356 -4.181729 3.174981
 H -0.469455 -3.960257 3.104748
 H 6.257801 -4.787171 -4.904883
 H 5.505872 -3.334205 -4.926770
 H 5.646301 5.278087 3.149989
 H 6.279800 4.958154 1.706854
 H 5.491816 -2.258225 2.738342
 H 6.028106 -3.727813 2.630559
 H -2.315124 -2.702542 -4.114540
 H -3.699752 -2.937370 -4.719980
 H -0.373342 2.814360 -4.129086
 H -1.444917 1.858629 -4.732050
 H 4.824215 2.673883 3.109797
 H 3.481807 3.145404 2.516694
 H 2.773041 0.995970 -3.902614
 H 1.694218 2.018206 -3.486833
 H -4.979462 1.980718 -5.549260
 H -3.984919 3.064882 -5.967314
 H 4.061774 -5.100969 -1.310017
 H 5.399691 -5.753790 -0.982291
 H 2.763764 -1.355016 -5.264598
 H 1.275070 -0.934237 -5.188100
 H -1.853761 -0.462387 -5.579998
 H -2.948033 0.477082 -5.033125
 H 0.782881 0.574085 1.133909
 H 1.580146 -0.231855 0.006790
 H 3.985014 -2.202518 -3.239643
 H 5.379325 -1.609800 -2.904734
 H 5.494643 0.951014 -0.590924
 H 5.800764 -0.471002 -0.728905
 H -0.573598 3.938148 2.557095
 H -0.792656 5.349578 2.153906
 H -4.816358 0.657691 -3.052349
 H -5.992598 0.827990 -4.095132
 H 0.384316 -4.746932 -0.415090
 H 1.324092 -3.765656 0.410922
 H 3.698960 4.107244 -4.826819
 H 4.681757 2.888823 -4.914739
 H 3.401204 5.329918 4.879346
 H 2.677262 6.082505 6.002947
 H -5.570858 3.769981 -1.043525
 H -4.564507 4.598713 -1.766629
 H 0.056716 0.270695 -2.220919
 H -0.981729 0.525076 -1.087283
 H -3.093389 -2.889051 -1.808099
 H -2.375446 -4.105225 -1.259864
 H -3.545105 5.735110 2.952192
 H -2.708337 5.736055 4.273241
 H -1.296095 2.174036 3.476027
 H -2.125913 3.467755 3.720763
 H -2.095730 -1.154333 -0.625745
 H -3.087357 -0.251894 0.144845
 H -2.495192 -2.374004 4.804326
 H -1.037800 -2.838717 5.323709
 H 1.340804 1.507857 5.547013
 H 0.167075 2.493261 5.580592
 H -5.051375 3.555613 2.258105
 H -3.839613 2.867540 1.609015
 H 3.403444 4.766385 -0.302169
 H 2.878139 4.193164 -1.606555
 H 3.598256 -5.613687 -3.774598
 H 2.155584 -5.235584 -3.376495
 H -2.448961 3.955856 -3.135482
 H -1.708559 4.228261 -1.828491
 H 5.916115 -0.232049 5.445621
 H 4.493475 0.284537 5.292807
 H -2.360647 -0.505119 2.009195
 H -3.698148 0.265501 2.683829
 H 0.187103 -2.804913 -2.526018
 H -0.694246 -2.069767 -1.507357
 H 0.231686 -3.155724 -4.535974
 H 0.747351 -2.863773 -5.911022
 H 5.027230 -6.044165 4.951378
 H 6.448590 -5.522925 4.835237
 H 5.908363 -3.234109 0.126837
 H 4.755718 -2.258823 0.189474
 H 4.799806 0.020816 1.829740
 H 3.681762 -0.612837 2.783626
 H 1.246498 4.035190 -5.242523
 H 1.586314 5.265816 -4.304328
 H -1.180478 -6.714086 0.432547
 H -1.358795 -5.126189 0.299778
 H -5.156795 -1.942086 -6.516517
 H -4.728493 -0.968695 -5.432764
 H -4.366686 2.217735 -1.054844
 H -4.745655 1.296505 0.144817
 H 5.800704 2.231192 -2.443156
 H 4.299176 1.918544 -2.555015
 H 3.738044 0.121526 -0.905205
 H 2.431168 0.276012 -1.836393
 H -6.180467 -1.064006 1.623132
 H -4.804171 -1.487740 2.155241
 H 0.688789 2.975854 1.406570
 H 2.005345 3.065615 0.715895
K_POINTS
 1
0.0 0.0 0.0 1.0