
&control
    calculation='scf'
    pseudo_dir = './',
    outdir='./outputs',
    disk_io='high'
/
&system
    ibrav= 1, celldm(1)=20.000000, nat=  192, ntyp= 2,
    ecutwfc = 30.0, nosym=.true., occupations='smearing',
    smearing='m-v', degauss=0.025
/
&electrons
    conv_thr =  1.0d-8,
    mixing_beta = 0.7
/
&ions
    pot_extrapolation='second-order'
    wfc_extrapolation='second-order'
    ion_temperature = 'andersen'
    tempw = 1000

/
ATOMIC_SPECIES
 H  1.01  H.blyp-hgh.UPF
 O  16.0  O.blyp-hgh.UPF
ATOMIC_POSITIONS bohr
 O -5.814911 -1.801245 -0.030911
 O 3.710080 -1.797663 6.139997
 O -5.663839 7.158497 -5.681292
 O 2.085802 2.779891 -0.725561
 O -4.869406 1.245271 4.400050
 O 0.370754 5.918846 6.305923
 O -1.946343 -5.688931 -2.592385
 O 4.324985 1.025927 4.860561
 O -2.343160 -6.732225 6.121753
 O 1.728465 -2.719760 3.549178
 O 2.134585 -5.695381 2.065444
 O -2.755165 -4.158808 5.301211
 O -3.800379 -6.815992 0.138578
 O -3.506593 -3.847659 -4.501270
 O 2.482795 -4.716211 -1.285936
 O -1.201767 2.944718 -1.608063
 O -1.368787 -2.896383 1.175137
 O -0.205161 -4.858224 3.486597
 O 4.099357 -3.871426 -3.852228
 O 5.166244 4.234262 1.802521
 O 5.003253 -4.009095 4.472083
 O -2.376383 -1.199359 -3.345770
 O -1.310429 3.313797 -4.869925
 O 4.862179 1.294086 0.394572
 O 3.381885 1.496441 -3.615555
 O -5.008157 3.720413 -6.149402
 O 4.875350 -5.425777 0.812317
 O 0.882308 -0.518648 -6.142360
 O -2.909542 0.655003 -5.350734
 O 0.505414 -0.868265 1.759053
 O 6.088627 -2.331635 -3.397934
 O 4.045332 -0.511366 -1.210321
 O -0.481593 4.553227 2.980272
 O -4.780092 -0.172288 -2.749929
 O -0.000582 -4.392560 -0.692269
 O 5.860829 3.206377 -7.848733
 O 3.980474 5.646148 5.346199
 O -6.357237 6.016053 -2.604466
 O 0.180502 0.936714 -2.493140
 O -4.735657 -4.282864 -0.634836
 O -3.015041 6.553124 2.416428
 O -2.420866 3.078501 3.986550
 O -2.690971 -0.172443 -0.078470
 O -1.630210 -1.248207 5.086541
 O 1.096964 2.120130 5.385346
 O -5.056269 2.375719 1.816329
 O 3.409981 5.381690 -1.803421
 O 1.008892 -5.922354 -3.426587
 O -4.132319 4.674903 -3.762971
 O 5.925211 1.482846 7.236837
 O -0.996948 1.433632 2.089207
 O 0.338067 -2.134500 -3.394393
 O -0.155307 -3.854820 -5.591849
 O 6.880698 -5.945136 4.065983
 O 3.848319 -2.869843 1.483028
 O 5.840301 -1.437955 2.785902
 O 1.745757 4.004782 -4.405998
 O -0.656303 -8.008223 0.411368
 O -4.524885 -1.536160 -6.887812
 O -4.722569 1.597097 -0.747326
 O 4.217244 4.179256 -5.200722
 O 1.447887 -0.874448 -0.693486
 O -5.218632 -4.176114 1.911332
 O 1.925687 2.439197 1.965399
 H -5.364944 -2.094533 -0.835855
 H -6.024574 -2.550044 0.543633
 H 2.822518 -1.386207 6.281581
 H 3.535696 -2.430779 5.430483
 H -6.042917 6.526308 -5.024186
 H -4.771297 7.285579 -5.261760
 H 2.721915 3.516182 -0.592866
 H 1.295692 3.221656 -1.086404
 H -5.252819 0.476662 4.881814
 H -3.976957 1.004065 4.062597
 H -0.007735 6.786175 6.604872
 H 0.665237 5.453086 7.118622
 H -2.802547 -5.871981 -3.050697
 H -1.851537 -6.428463 -1.952179
 H 3.478462 1.539274 4.818654
 H 3.978767 0.175911 4.504400
 H -2.894806 -7.534732 6.210825
 H -1.400490 -7.030104 6.083043
 H 1.255543 -2.023996 3.097710
 H 2.507872 -2.996369 2.994485
 H 1.241744 -5.697711 2.501349
 H 1.884508 -5.175780 1.277854
 H -2.340495 -4.728553 5.958123
 H -2.452066 -4.519275 4.442445
 H -3.880326 -7.753718 -0.063347
 H -4.412250 -6.299770 -0.418457
 H -3.099110 -3.017848 -4.173157
 H -2.752518 -4.420489 -4.721143
 H 2.967145 -4.111671 -1.897461
 H 1.659186 -4.197164 -1.063093
 H -1.624154 3.498015 -2.318897
 H -1.286653 3.610243 -0.872239
 H -1.916216 -2.485700 0.490459
 H -0.841412 -2.136386 1.536309
 H 0.524643 -4.172328 3.300694
 H -0.832457 -4.681493 2.758377
 H 4.427298 -4.199383 -4.705734
 H 3.837287 -2.989963 -4.225845
 H 4.944592 5.161515 1.983305
 H 6.127386 4.138770 1.984338
 H 5.515500 -3.423129 5.072355
 H 4.346314 -4.384749 5.094858
 H -1.569449 -1.753189 -3.232250
 H -2.096577 -0.434538 -3.897492
 H -0.502628 3.862204 -4.766368
 H -1.120629 2.381270 -4.600684
 H 5.498600 2.028525 0.313087
 H 4.539819 1.398050 1.312455
 H 4.168533 1.771593 -3.115019
 H 2.975616 2.398254 -3.626707
 H -5.628063 3.558725 -6.964821
 H -4.358005 2.992269 -6.218032
 H 4.031369 -5.800268 0.466044
 H 5.037810 -4.653252 0.241150
 H 0.133140 -1.110836 -6.374960
 H 0.851149 0.296382 -6.682594
 H -2.744266 -0.196073 -5.827396
 H -3.822514 0.667346 -4.990622
 H 0.376961 0.095865 1.751055
 H 1.084955 -1.151701 1.001107
 H 5.471951 -2.204179 -4.160737
 H 6.029820 -3.307981 -3.343614
 H 4.235866 0.138493 -0.467987
 H 4.802255 -1.110323 -1.116773
 H -0.191277 5.363559 3.476707
 H -1.468632 4.383969 3.238629
 H -4.084270 -0.842697 -2.958470
 H -5.641590 -0.614862 -2.866688
 H -0.114317 -5.355604 -0.722966
 H -0.583550 -3.993500 0.020645
 H 5.699083 3.948037 -8.481188
 H 6.264658 2.491514 -8.414228
 H 3.153502 5.956432 4.942173
 H 3.893408 5.434300 6.313273
 H -5.526196 5.496042 -2.527081
 H -5.874604 6.852292 -2.422718
 H -0.316195 1.759735 -2.241657
 H 1.016873 1.260743 -2.888026
 H -3.735968 -4.274680 -0.566483
 H -5.015601 -4.090398 0.318715
 H -3.140925 5.923252 1.672581
 H -3.710018 6.367168 3.114724
 H -3.370675 2.805901 3.979867
 H -2.119595 3.056873 4.915716
 H -2.694840 -0.585534 -0.956136
 H -3.591922 -0.187963 0.306034
 H -1.541544 -0.602293 4.362363
 H -2.558274 -1.564618 4.984362
 H 0.841613 2.252529 4.464058
 H 0.744377 2.996697 5.677232
 H -5.554666 1.569687 2.020427
 H -4.851102 2.145801 0.846720
 H 2.819325 6.050031 -2.162201
 H 4.340469 5.694821 -1.880125
 H 0.803563 -5.224124 -4.099166
 H 1.249520 -5.369297 -2.622052
 H -4.452444 4.295715 -4.663975
 H -3.336390 4.106287 -3.703699
 H 4.951766 1.538647 7.424739
 H 5.986555 1.741088 6.293124
 H -1.854010 1.899320 2.275458
 H -0.342013 1.807194 2.679328
 H 0.681555 -2.040985 -2.462157
 H 0.951363 -1.605087 -3.939950
 H 0.032321 -3.285648 -4.810196
 H 0.259231 -3.478072 -6.392613
 H 6.969695 -5.977982 5.046510
 H 6.292442 -5.149228 4.068265
 H 4.036388 -3.833992 1.528295
 H 3.272327 -2.661783 0.726908
 H 6.499156 -1.614261 2.088237
 H 5.250865 -0.766533 2.423203
 H 2.571998 4.221225 -4.900676
 H 1.764550 4.807457 -3.844136
 H -0.407912 -8.892305 0.773952
 H -0.855252 -7.636317 1.322364
 H -4.443304 -1.673909 -5.923785
 H -4.742722 -2.442988 -7.196980
 H -3.756543 1.568856 -0.915225
 H -4.941040 1.020114 -1.537926
 H 4.455607 3.830488 -4.312121
 H 4.950385 3.922717 -5.817739
 H 2.417585 -0.935449 -0.933068
 H 1.071806 -0.036171 -1.085233
 H -4.415535 -4.774017 1.890996
 H -5.982575 -4.757116 2.134852
 H 1.353280 3.092375 2.412284
 H 1.768596 2.665112 1.010156
K_POINTS
 1
0.0 0.0 0.0 1.0