
&control
    calculation='scf'
    pseudo_dir = './',
    outdir='./outputs',
    disk_io='high'
/
&system
    ibrav= 1, celldm(1)=20.000000, nat=  192, ntyp= 2,
    ecutwfc = 30.0, nosym=.true., occupations='smearing',
    smearing='m-v', degauss=0.025
/
&electrons
    conv_thr =  1.0d-8,
    mixing_beta = 0.7
/
&ions
    pot_extrapolation='second-order'
    wfc_extrapolation='second-order'
    ion_temperature = 'andersen'
    tempw = 1000

/
ATOMIC_SPECIES
 H  1.01  H.blyp-hgh.UPF
 O  16.0  O.blyp-hgh.UPF
ATOMIC_POSITIONS bohr
 O -5.828922 -1.801708 -0.017224
 O 3.722395 -1.770892 6.129687
 O -5.660314 7.171081 -5.656143
 O 2.092250 2.797878 -0.704278
 O -4.863245 1.252112 4.395329
 O 0.370361 5.905150 6.293129
 O -1.977437 -5.678221 -2.596971
 O 4.356239 1.002031 4.853977
 O -2.323542 -6.727223 6.145793
 O 1.737449 -2.744517 3.561294
 O 2.107181 -5.677412 2.057833
 O -2.735760 -4.175725 5.304624
 O -3.776114 -6.813375 0.146959
 O -3.504482 -3.835812 -4.510087
 O 2.476283 -4.716969 -1.262595
 O -1.198683 2.941201 -1.625130
 O -1.384937 -2.890369 1.165041
 O -0.214519 -4.847038 3.479824
 O 4.080198 -3.863926 -3.839896
 O 5.189810 4.226412 1.786193
 O 4.987444 -4.006209 4.484630
 O -2.364019 -1.167663 -3.369283
 O -1.320042 3.318531 -4.863526
 O 4.877699 1.269810 0.368659
 O 3.407748 1.500595 -3.622035
 O -5.006871 3.728827 -6.174265
 O 4.878933 -5.420445 0.795475
 O 0.899235 -0.507668 -6.128808
 O -2.907291 0.660178 -5.347522
 O 0.502980 -0.862114 1.760862
 O 6.083186 -2.347990 -3.398726
 O 4.048129 -0.522353 -1.199823
 O -0.511365 4.569353 2.957188
 O -4.779030 -0.171167 -2.741334
 O 0.013646 -4.403527 -0.678314
 O 5.860085 3.179935 -7.862550
 O 3.963562 5.602619 5.336296
 O -6.355793 6.020011 -2.627548
 O 0.193026 0.908085 -2.490624
 O -4.735951 -4.291962 -0.647263
 O -3.012563 6.578164 2.401275
 O -2.412394 3.089754 4.020506
 O -2.719848 -0.138990 -0.062982
 O -1.626950 -1.235174 5.070977
 O 1.118162 2.106511 5.374071
 O -5.093819 2.354004 1.809068
 O 3.409425 5.367104 -1.794565
 O 1.029639 -5.920769 -3.424546
 O -4.164209 4.683170 -3.781506
 O 5.928324 1.491192 7.260232
 O -0.964573 1.441022 2.079912
 O 0.347447 -2.144827 -3.381178
 O -0.176024 -3.862723 -5.598684
 O 6.862514 -5.931147 4.065546
 O 3.833229 -2.863235 1.488432
 O 5.846915 -1.422011 2.799045
 O 1.741443 4.002796 -4.423555
 O -0.610831 -8.022428 0.403353
 O -4.533720 -1.558725 -6.878091
 O -4.726803 1.619139 -0.748964
 O 4.203841 4.188720 -5.206007
 O 1.435426 -0.868464 -0.694673
 O -5.226607 -4.173751 1.898025
 O 1.922786 2.419284 1.960292
 H -5.384560 -2.102483 -0.833365
 H -6.038879 -2.589679 0.505570
 H 2.824396 -1.377329 6.268094
 H 3.545880 -2.428701 5.415275
 H -6.079301 6.514251 -5.052365
 H -4.739980 7.312549 -5.282833
 H 2.719431 3.542049 -0.541552
 H 1.361264 3.267783 -1.156617
 H -5.238731 0.483971 4.897793
 H -3.981989 1.002629 4.033761
 H 0.013529 6.764826 6.645217
 H 0.618808 5.415977 7.114195
 H -2.833217 -5.914438 -3.023138
 H -1.956385 -6.412539 -1.943144
 H 3.518491 1.513579 4.892436
 H 3.948554 0.164121 4.523865
 H -2.850521 -7.531867 6.174089
 H -1.375069 -7.017755 6.169528
 H 1.255763 -2.035792 3.075674
 H 2.505867 -2.989102 2.990245
 H 1.238023 -5.647400 2.524192
 H 1.863579 -5.147520 1.269115
 H -2.342371 -4.752384 5.976752
 H -2.471925 -4.540932 4.455688
 H -3.850043 -7.758376 -0.070146
 H -4.406002 -6.321601 -0.431757
 H -3.043426 -3.040167 -4.144954
 H -2.728049 -4.400924 -4.720273
 H 3.004515 -4.102784 -1.825785
 H 1.680488 -4.159763 -1.069767
 H -1.640096 3.496276 -2.311697
 H -1.230570 3.600037 -0.870026
 H -1.918753 -2.513478 0.446935
 H -0.834176 -2.144711 1.478210
 H 0.559496 -4.263909 3.237636
 H -0.836852 -4.699829 2.733180
 H 4.338826 -4.254486 -4.702450
 H 3.815421 -2.938709 -4.138410
 H 4.968206 5.175134 1.934614
 H 6.134225 4.110223 1.941772
 H 5.565175 -3.432767 5.038989
 H 4.367931 -4.408297 5.130350
 H -1.582607 -1.761891 -3.259579
 H -2.073776 -0.390652 -3.896480
 H -0.482088 3.833354 -4.772007
 H -1.140266 2.373546 -4.637152
 H 5.484685 2.028106 0.246433
 H 4.557270 1.418212 1.283689
 H 4.186356 1.772937 -3.098993
 H 2.968642 2.373425 -3.653105
 H -5.606557 3.569082 -7.000815
 H -4.363323 2.991910 -6.284139
 H 3.996887 -5.795574 0.563362
 H 5.009979 -4.654221 0.205682
 H 0.166088 -1.078029 -6.414797
 H 0.902096 0.317503 -6.650267
 H -2.806760 -0.205681 -5.816373
 H -3.816290 0.696617 -4.966579
 H 0.367147 0.100007 1.750541
 H 1.053326 -1.109684 0.971262
 H 5.491370 -2.192321 -4.158269
 H 6.005250 -3.322122 -3.295840
 H 4.236891 0.146784 -0.486708
 H 4.792574 -1.120301 -1.067658
 H -0.219123 5.392219 3.422298
 H -1.440048 4.351538 3.212468
 H -4.068144 -0.836051 -2.901404
 H -5.636153 -0.633884 -2.843011
 H -0.114375 -5.363389 -0.703715
 H -0.601347 -4.021953 0.003411
 H 5.732350 3.884271 -8.533618
 H 6.311594 2.432788 -8.346399
 H 3.138020 5.940796 4.948524
 H 3.866118 5.496334 6.313489
 H -5.548417 5.488680 -2.587443
 H -6.001947 6.910721 -2.360801
 H -0.297824 1.749222 -2.287602
 H 1.042891 1.212605 -2.891466
 H -3.776397 -4.176732 -0.492153
 H -5.033677 -4.162227 0.315759
 H -3.095828 5.900863 1.704685
 H -3.726268 6.416809 3.082165
 H -3.354540 2.786905 4.017092
 H -2.145244 3.066250 4.974012
 H -2.670752 -0.552034 -0.937336
 H -3.596819 -0.241107 0.334688
 H -1.501876 -0.616914 4.322303
 H -2.559800 -1.526666 4.987172
 H 0.874232 2.236838 4.437374
 H 0.836449 2.993702 5.765597
 H -5.588083 1.543606 2.023512
 H -4.787019 2.079017 0.881626
 H 2.804592 6.019347 -2.143023
 H 4.312750 5.747341 -1.861127
 H 0.733624 -5.211758 -4.052677
 H 1.160123 -5.424825 -2.570435
 H -4.498900 4.280601 -4.644504
 H -3.410099 4.077031 -3.706810
 H 4.945933 1.512049 7.431109
 H 6.043956 1.752745 6.322539
 H -1.822181 1.929294 2.210373
 H -0.365784 1.834850 2.716955
 H 0.679214 -2.073999 -2.457327
 H 0.952699 -1.565052 -3.886484
 H 0.086200 -3.349751 -4.792273
 H 0.276657 -3.473792 -6.378243
 H 6.959765 -5.940653 5.056505
 H 6.309680 -5.104697 4.118086
 H 4.022473 -3.837785 1.530433
 H 3.230605 -2.732241 0.728400
 H 6.425761 -1.629185 2.041545
 H 5.241213 -0.741500 2.477056
 H 2.610269 4.181940 -4.865171
 H 1.713616 4.776612 -3.807511
 H -0.380264 -8.919416 0.743323
 H -0.807135 -7.668433 1.323799
 H -4.459127 -1.760952 -5.913480
 H -4.773748 -2.438008 -7.238807
 H -3.748058 1.582033 -0.848719
 H -4.922131 1.039732 -1.547131
 H 4.474761 3.903691 -4.312722
 H 4.860437 3.946202 -5.900124
 H 2.423615 -0.940897 -0.921575
 H 1.097541 0.007135 -1.032936
 H -4.397642 -4.740160 1.941402
 H -5.951472 -4.770468 2.177366
 H 1.382582 3.134448 2.387159
 H 1.757306 2.651579 1.009131
K_POINTS
 1
0.0 0.0 0.0 1.0