
&control
    calculation='scf'
    pseudo_dir = './',
    outdir='./outputs',
    disk_io='high'
/
&system
    ibrav= 1, celldm(1)=20.000000, nat=  192, ntyp= 2,
    ecutwfc = 30.0, nosym=.true., occupations='smearing',
    smearing='m-v', degauss=0.025
/
&electrons
    conv_thr =  1.0d-8,
    mixing_beta = 0.7
/
&ions
    pot_extrapolation='second-order'
    wfc_extrapolation='second-order'
    ion_temperature = 'andersen'
    tempw = 1000

/
ATOMIC_SPECIES
 H  1.01  H.blyp-hgh.UPF
 O  16.0  O.blyp-hgh.UPF
ATOMIC_POSITIONS bohr
 O -5.831814 -1.801342 -0.014569
 O 3.724662 -1.765671 6.127725
 O -5.659432 7.173449 -5.650770
 O 2.093530 2.801715 -0.699979
 O -4.861852 1.253333 4.394393
 O 0.370215 5.902288 6.290702
 O -1.983944 -5.676367 -2.597791
 O 4.361904 0.996968 4.852348
 O -2.319415 -6.726204 6.150581
 O 1.739374 -2.749872 3.563873
 O 2.101517 -5.673712 2.056173
 O -2.732149 -4.178666 5.305175
 O -3.771189 -6.813043 0.148419
 O -3.503791 -3.833420 -4.511653
 O 2.475081 -4.716457 -1.258033
 O -1.198585 2.941075 -1.628838
 O -1.388243 -2.889542 1.162963
 O -0.216141 -4.844806 3.478143
 O 4.076025 -3.862097 -3.837776
 O 5.194270 4.224919 1.783008
 O 4.984227 -4.005344 4.487358
 O -2.361550 -1.161665 -3.373848
 O -1.322004 3.319370 -4.862203
 O 4.880866 1.265193 0.363996
 O 3.413037 1.501754 -3.623329
 O -5.005761 3.730540 -6.178899
 O 4.879497 -5.419355 0.792138
 O 0.902921 -0.505798 -6.125837
 O -2.906831 0.661205 -5.346857
 O 0.502533 -0.861425 1.761589
 O 6.082216 -2.351248 -3.398980
 O 4.048461 -0.524632 -1.197745
 O -0.517344 4.572658 2.952725
 O -4.778892 -0.170837 -2.739580
 O 0.016470 -4.405582 -0.675426
 O 5.859690 3.174706 -7.866018
 O 3.960231 5.594320 5.334060
 O -6.355417 6.021340 -2.632024
 O 0.195785 0.902427 -2.490302
 O -4.735730 -4.293782 -0.649769
 O -3.012161 6.583430 2.398734
 O -2.410998 3.091802 4.027466
 O -2.725239 -0.132238 -0.059601
 O -1.626302 -1.232381 5.067774
 O 1.122180 2.104376 5.371819
 O -5.101054 2.349548 1.807200
 O 3.409644 5.363497 -1.792640
 O 1.033768 -5.920034 -3.423973
 O -4.170568 4.684562 -3.785414
 O 5.928765 1.492891 7.264998
 O -0.958671 1.442538 2.077805
 O 0.349471 -2.147035 -3.378496
 O -0.180085 -3.864341 -5.599909
 O 6.858940 -5.928261 4.065639
 O 3.830103 -2.861968 1.489523
 O 5.848516 -1.418810 2.801929
 O 1.740493 4.002526 -4.426921
 O -0.601811 -8.025448 0.402011
 O -4.535508 -1.563355 -6.875947
 O -4.727401 1.623670 -0.749589
 O 4.201379 4.190453 -5.206734
 O 1.433065 -0.867531 -0.695081
 O -5.228148 -4.173241 1.895265
 O 1.921818 2.415548 1.959527
 H -5.388363 -2.105433 -0.832266
 H -6.041784 -2.599026 0.497598
 H 2.825165 -1.375038 6.265141
 H 3.548103 -2.427486 5.411971
 H -6.085806 6.512497 -5.058782
 H -4.736814 7.318736 -5.288409
 H 2.719083 3.546719 -0.532297
 H 1.374254 3.276597 -1.170836
 H -5.233987 0.485246 4.899655
 H -3.985664 1.000840 4.029137
 H 0.018624 6.760525 6.651706
 H 0.610456 5.408840 7.111874
 H -2.838546 -5.922282 -3.018071
 H -1.976690 -6.408003 -1.941599
 H 3.528121 1.509948 4.907798
 H 3.944883 0.161594 4.529315
 H -2.843099 -7.531750 6.167192
 H -1.370777 -7.014387 6.186782
 H 1.255667 -2.036217 3.069931
 H 2.504856 -2.986123 2.989384
 H 1.238085 -5.638343 2.529534
 H 1.860402 -5.142360 1.266892
 H -2.342426 -4.758662 5.979065
 H -2.475012 -4.546265 4.457915
 H -3.844802 -7.759876 -0.072195
 H -4.404715 -6.325601 -0.433584
 H -3.033730 -3.044903 -4.139502
 H -2.723773 -4.396513 -4.719778
 H 3.012370 -4.102736 -1.811564
 H 1.683583 -4.153434 -1.069784
 H -1.641891 3.493429 -2.310620
 H -1.217920 3.596904 -0.868390
 H -1.919958 -2.517422 0.438425
 H -0.831492 -2.144338 1.466625
 H 0.564993 -4.281294 3.227593
 H -0.838534 -4.703630 2.728821
 H 4.321144 -4.267009 -4.701189
 H 3.810916 -2.931509 -4.119513
 H 4.974087 5.176746 1.924627
 H 6.136976 4.104701 1.932479
 H 5.574050 -3.434928 5.031172
 H 4.373403 -4.414667 5.136558
 H -1.584534 -1.761704 -3.265228
 H -2.069281 -0.381834 -3.896339
 H -0.478572 3.825238 -4.772521
 H -1.143582 2.374025 -4.645186
 H 5.481846 2.027839 0.232201
 H 4.559682 1.422698 1.276996
 H 4.190598 1.770678 -3.094275
 H 2.964724 2.368279 -3.659664
 H -5.602642 3.572267 -7.007250
 H -4.365604 2.992358 -6.296405
 H 3.990985 -5.794302 0.582354
 H 5.004334 -4.655444 0.197871
 H 0.171651 -1.070217 -6.424027
 H 0.911516 0.322458 -6.643375
 H -2.819676 -0.205572 -5.814090
 H -3.814318 0.701696 -4.962165
 H 0.364743 0.101028 1.749288
 H 1.046075 -1.098381 0.964136
 H 5.496556 -2.188903 -4.157166
 H 6.000477 -3.323425 -3.286033
 H 4.236947 0.149057 -0.491990
 H 4.792571 -1.124386 -1.057723
 H -0.226580 5.397310 3.410884
 H -1.431974 4.345830 3.208615
 H -4.065131 -0.834101 -2.889903
 H -5.634417 -0.638557 -2.838987
 H -0.115290 -5.365449 -0.699433
 H -0.604128 -4.027427 0.000218
 H 5.737551 3.871620 -8.543950
 H 6.319880 2.421931 -8.331262
 H 3.134429 5.937159 4.950674
 H 3.859191 5.509525 6.311433
 H -5.551648 5.483981 -2.601078
 H -6.029090 6.921538 -2.348487
 H -0.293673 1.746140 -2.295772
 H 1.047066 1.202214 -2.891690
 H -3.785450 -4.157540 -0.479201
 H -5.037892 -4.177873 0.314626
 H -3.088370 5.896550 1.710343
 H -3.728386 6.426133 3.074773
 H -3.349757 2.784901 4.024834
 H -2.150813 3.067948 4.984400
 H -2.667402 -0.545655 -0.934670
 H -3.598770 -0.252865 0.338653
 H -1.493654 -0.620161 4.314457
 H -2.560388 -1.520592 4.988083
 H 0.881507 2.233052 4.431031
 H 0.856566 2.989293 5.783604
 H -5.595156 1.537890 2.025787
 H -4.775345 2.067152 0.890355
 H 2.800915 6.015711 -2.139703
 H 4.306992 5.757542 -1.858128
 H 0.720416 -5.211054 -4.041879
 H 1.142211 -5.437216 -2.562371
 H -4.510472 4.280068 -4.639751
 H -3.423247 4.071528 -3.705910
 H 4.947020 1.505491 7.431122
 H 6.053969 1.754667 6.330199
 H -1.812658 1.933562 2.197553
 H -0.369195 1.842400 2.726280
 H 0.678248 -2.080023 -2.456531
 H 0.952131 -1.555769 -3.875889
 H 0.096975 -3.362038 -4.789366
 H 0.279512 -3.473184 -6.374638
 H 6.959093 -5.935053 5.058440
 H 6.312330 -5.096844 4.126183
 H 4.018971 -3.837510 1.530729
 H 3.222695 -2.747177 0.728818
 H 6.410625 -1.631387 2.032655
 H 5.238637 -0.736284 2.486834
 H 2.617820 4.172302 -4.859782
 H 1.702128 4.770275 -3.799338
 H -0.374015 -8.924882 0.735551
 H -0.796775 -7.673366 1.323326
 H -4.462555 -1.778356 -5.912572
 H -4.778991 -2.436423 -7.247614
 H -3.746103 1.585268 -0.833982
 H -4.919611 1.043110 -1.548063
 H 4.480387 3.918604 -4.314071
 H 4.841832 3.949841 -5.914984
 H 2.423593 -0.939555 -0.919302
 H 1.103277 0.014176 -1.022877
 H -4.394629 -4.732804 1.953098
 H -5.944463 -4.772879 2.185440
 H 1.390344 3.142387 2.382177
 H 1.756554 2.647286 1.007880
K_POINTS
 1
0.0 0.0 0.0 1.0