
&control
    calculation='scf'
    pseudo_dir = './',
    outdir='./outputs',
    disk_io='high'
/
&system
    ibrav= 1, celldm(1)=20.000000, nat=  192, ntyp= 2,
    ecutwfc = 30.0, nosym=.true., occupations='smearing',
    smearing='m-v', degauss=0.025
/
&electrons
    conv_thr =  1.0d-8,
    mixing_beta = 0.7
/
&ions
    pot_extrapolation='second-order'
    wfc_extrapolation='second-order'
    ion_temperature = 'andersen'
    tempw = 1000

/
ATOMIC_SPECIES
 H  1.01  H.blyp-hgh.UPF
 O  16.0  O.blyp-hgh.UPF
ATOMIC_POSITIONS bohr
 O -5.839109 -1.800051 -0.008123
 O 3.729980 -1.753010 6.122743
 O -5.657063 7.179263 -5.637138
 O 2.096629 2.811811 -0.689296
 O -4.858240 1.256115 4.392164
 O 0.369749 5.894974 6.284963
 O -2.000671 -5.672241 -2.599655
 O 4.375298 0.983850 4.847852
 O -2.308733 -6.723511 6.162544
 O 1.743989 -2.763310 3.570251
 O 2.087243 -5.664284 2.051729
 O -2.723548 -4.185336 5.306663
 O -3.758917 -6.812641 0.151564
 O -3.501422 -3.827362 -4.515249
 O 2.472295 -4.714238 -1.246714
 O -1.198920 2.941450 -1.638274
 O -1.396726 -2.888023 1.157562
 O -0.220056 -4.839453 3.473449
 O 4.065133 -3.857160 -3.832956
 O 5.204750 4.221463 1.775145
 O 4.976131 -4.002807 4.494388
 O -2.355407 -1.147198 -3.385018
 O -1.326922 3.321401 -4.858852
 O 4.888913 1.254093 0.353091
 O 3.426509 1.504949 -3.626520
 O -5.001766 3.734819 -6.190063
 O 4.880668 -5.416637 0.783885
 O 0.912627 -0.501499 -6.118023
 O -2.905758 0.663794 -5.345139
 O 0.501481 -0.860401 1.763870
 O 6.080185 -2.359328 -3.399452
 O 4.048985 -0.530647 -1.192704
 O -0.531627 4.581079 2.941477
 O -4.778726 -0.169863 -2.735123
 O 0.023504 -4.410627 -0.668115
 O 5.858362 3.161706 -7.875509
 O 3.951867 5.574195 5.328047
 O -6.354676 6.025679 -2.642936
 O 0.203070 0.888431 -2.489781
 O -4.735098 -4.298328 -0.655947
 O -3.011231 6.597012 2.393028
 O -2.407838 3.096625 4.045297
 O -2.738064 -0.115263 -0.050838
 O -1.624609 -1.225092 5.059608
 O 1.131947 2.099888 5.366185
 O -5.118758 2.338135 1.802081
 O 3.410584 5.353650 -1.787676
 O 1.043999 -5.917730 -3.422348
 O -4.186428 4.687766 -3.795230
 O 5.929719 1.497125 7.277140
 O -0.944435 1.446509 2.072403
 O 0.354763 -2.152727 -3.371956
 O -0.190042 -3.868353 -5.602635
 O 6.850101 -5.920794 4.066307
 O 3.822056 -2.859053 1.492091
 O 5.852864 -1.410715 2.809413
 O 1.737929 4.002058 -4.434987
 O -0.579341 -8.033262 0.398935
 O -4.539992 -1.575078 -6.870175
 O -4.728475 1.635192 -0.751556
 O 4.195297 4.194697 -5.208117
 O 1.427495 -0.865579 -0.696325
 O -5.231791 -4.171930 1.888239
 O 1.918766 2.406745 1.958036
 H -5.398056 -2.113809 -0.828112
 H -6.049013 -2.623252 0.477102
 H 2.827676 -1.368585 6.257462
 H 3.554438 -2.421861 5.404956
 H -6.099824 6.509044 -5.075046
 H -4.733723 7.334469 -5.303171
 H 2.718671 3.557230 -0.510464
 H 1.407160 3.297013 -1.205887
 H -5.219502 0.488351 4.902318
 H -3.997636 0.994149 4.018658
 H 0.032427 6.750132 6.664861
 H 0.591498 5.391208 7.103676
 H -2.851618 -5.939992 -3.007631
 H -2.025199 -6.394856 -1.936940
 H 3.553694 1.503767 4.946971
 H 3.939287 0.154691 4.545012
 H -2.827472 -7.533024 6.150696
 H -1.361168 -7.004606 6.229374
 H 1.257069 -2.037793 3.056363
 H 2.502769 -2.977192 2.986890
 H 1.238752 -5.617453 2.543904
 H 1.853651 -5.130512 1.261136
 H -2.342527 -4.776063 5.981830
 H -2.480845 -4.561879 4.461355
 H -3.832598 -7.763146 -0.077809
 H -4.400458 -6.335341 -0.436161
 H -3.012716 -3.057115 -4.126400
 H -2.714981 -4.385014 -4.718233
 H 3.032743 -4.105140 -1.776768
 H 1.689208 -4.139321 -1.067845
 H -1.645277 3.484060 -2.309514
 H -1.184617 3.587311 -0.863832
 H -1.923314 -2.525297 0.418239
 H -0.822891 -2.140054 1.438006
 H 0.577434 -4.321493 3.205999
 H -0.843331 -4.713165 2.719510
 H 4.276067 -4.297936 -4.695667
 H 3.800285 -2.919459 -4.071553
 H 4.991145 5.177819 1.899247
 H 6.147566 4.091113 1.908361
 H 5.594027 -3.440648 5.010677
 H 4.389097 -4.432460 5.151066
 H -1.588166 -1.757989 -3.279703
 H -2.058013 -0.360118 -3.896118
 H -0.470898 3.801745 -4.772998
 H -1.151114 2.377098 -4.666105
 H 5.474542 2.026382 0.195451
 H 4.564113 1.434438 1.258974
 H 4.200936 1.761909 -3.081039
 H 2.951838 2.356001 -3.677532
 H -5.594133 3.582233 -7.021941
 H -4.372634 2.994322 -6.325196
 H 3.978058 -5.790158 0.628751
 H 4.989643 -4.660202 0.177453
 H 0.183346 -1.049686 -6.448906
 H 0.934088 0.335976 -6.625505
 H -2.852075 -0.202686 -5.808439
 H -3.808189 0.713484 -4.951613
 H 0.357758 0.103804 1.745103
 H 1.027124 -1.066828 0.944517
 H 5.510039 -2.179318 -4.155253
 H 5.988367 -3.324341 -3.261989
 H 4.237013 0.156433 -0.506412
 H 4.794728 -1.137099 -1.032763
 H -0.247954 5.409905 3.382405
 H -1.414035 4.331842 3.202822
 H -4.057691 -0.828511 -2.861408
 H -5.628770 -0.651324 -2.829920
 H -0.118643 -5.371308 -0.688291
 H -0.610453 -4.040078 -0.006772
 H 5.748362 3.840377 -8.570366
 H 6.338947 2.395959 -8.292112
 H 3.124901 5.927450 4.956638
 H 3.840271 5.543039 6.304074
 H -5.556778 5.469448 -2.636928
 H -6.097881 6.943617 -2.318763
 H -0.282755 1.737139 -2.314595
 H 1.055816 1.175083 -2.891532
 H -3.806530 -4.110115 -0.450051
 H -5.050018 -4.218797 0.310832
 H -3.072024 5.886263 1.723295
 H -3.732456 6.448078 3.056034
 H -3.336425 2.782196 4.044127
 H -2.165020 3.072094 5.007488
 H -2.661155 -0.530014 -0.928986
 H -3.605689 -0.284058 0.346238
 H -1.473182 -0.629203 4.295495
 H -2.562338 -1.507487 4.990548
 H 0.900894 2.223780 4.416364
 H 0.909093 2.971683 5.826606
 H -5.612931 1.523886 2.033312
 H -4.748579 2.039641 0.914146
 H 2.790741 6.009597 -2.131853
 H 4.292743 5.781970 -1.851653
 H 0.688660 -5.211686 -4.012993
 H 1.097692 -5.469214 -2.544841
 H -4.543106 4.281723 -4.628737
 H -3.453357 4.057967 -3.701304
 H 4.952577 1.487638 7.429159
 H 6.076532 1.759179 6.351402
 H -1.785896 1.941983 2.165706
 H -0.376958 1.862923 2.750513
 H 0.675510 -2.094194 -2.453099
 H 0.948932 -1.531293 -3.849593
 H 0.123405 -3.392127 -4.783870
 H 0.285546 -3.472342 -6.364660
 H 6.959493 -5.924292 5.062408
 H 6.317653 -5.079217 4.142948
 H 4.009708 -3.834703 1.532013
 H 3.203877 -2.784909 0.730693
 H 6.372014 -1.635754 2.011329
 H 5.231742 -0.723580 2.510365
 H 2.635996 4.146565 -4.848149
 H 1.672480 4.753047 -3.779672
 H -0.357152 -8.938736 0.714096
 H -0.769908 -7.683632 1.321401
 H -4.471445 -1.821661 -5.912798
 H -4.790697 -2.431784 -7.270387
 H -3.741746 1.593821 -0.795662
 H -4.914557 1.050882 -1.548926
 H 4.498068 3.955414 -4.318662
 H 4.795337 3.956970 -5.949620
 H 2.421099 -0.932741 -0.913325
 H 1.118153 0.029430 -0.998650
 H -4.388020 -4.713180 1.983941
 H -5.926732 -4.778850 2.205182
 H 1.413124 3.160368 2.369538
 H 1.756830 2.634061 1.003207
K_POINTS
 1
0.0 0.0 0.0 1.0