
&control
    calculation='scf'
    pseudo_dir = './',
    outdir='./outputs',
    disk_io='high'
/
&system
    ibrav= 1, celldm(1)=20.000000, nat=  192, ntyp= 2,
    ecutwfc = 30.0, nosym=.true., occupations='smearing',
    smearing='m-v', degauss=0.025
/
&electrons
    conv_thr =  1.0d-8,
    mixing_beta = 0.7
/
&ions
    pot_extrapolation='second-order'
    wfc_extrapolation='second-order'
    ion_temperature = 'andersen'
    tempw = 1000

/
ATOMIC_SPECIES
 H  1.01  H.blyp-hgh.UPF
 O  16.0  O.blyp-hgh.UPF
ATOMIC_POSITIONS bohr
 O -5.846476 -1.798595 -0.001955
 O 3.734774 -1.741020 6.117520
 O -5.654703 7.185048 -5.623596
 O 2.099470 2.822747 -0.678855
 O -4.854613 1.258529 4.390212
 O 0.369142 5.887459 6.279735
 O -2.018064 -5.668879 -2.601229
 O 4.387714 0.970147 4.842826
 O -2.297632 -6.720625 6.174511
 O 1.747996 -2.776373 3.576258
 O 2.072955 -5.654628 2.046806
 O -2.715530 -4.191084 5.308419
 O -3.746805 -6.812999 0.153851
 O -3.498017 -3.821153 -4.518356
 O 2.469852 -4.710753 -1.235423
 O -1.199834 2.942561 -1.647620
 O -1.405505 -2.887096 1.151789
 O -0.223953 -4.834591 3.468088
 O 4.053659 -3.852020 -3.828704
 O 5.214237 4.218392 1.767434
 O 4.967951 -3.999795 4.501565
 O -2.349350 -1.133445 -3.395826
 O -1.331876 3.323446 -4.855470
 O 4.897202 1.243706 0.343186
 O 3.440343 1.508444 -3.629629
 O -4.996147 3.739137 -6.200729
 O 4.881466 -5.413997 0.775808
 O 0.922978 -0.497655 -6.109732
 O -2.904841 0.666508 -5.343317
 O 0.500544 -0.860216 1.766674
 O 6.078924 -2.367192 -3.399420
 O 4.049235 -0.537405 -1.187979
 O -0.544335 4.589763 2.929754
 O -4.778860 -0.168687 -2.730554
 O 0.030473 -4.415687 -0.660725
 O 5.856551 3.148869 -7.885939
 O 3.943354 5.555022 5.321421
 O -6.354401 6.031486 -2.653397
 O 0.210836 0.874636 -2.489638
 O -4.734550 -4.302887 -0.661889
 O -3.010303 6.611120 2.388083
 O -2.404959 3.101079 4.063823
 O -2.750032 -0.098234 -0.041750
 O -1.622787 -1.217372 5.051223
 O 1.141436 2.096399 5.360521
 O -5.135948 2.326233 1.796555
 O 3.411884 5.342949 -1.782639
 O 1.054086 -5.914954 -3.420474
 O -4.202121 4.690646 -3.804834
 O 5.930673 1.501269 7.289762
 O -0.930359 1.450840 2.067150
 O 0.360424 -2.158597 -3.365840
 O -0.199644 -3.872253 -5.604715
 O 6.841430 -5.912894 4.067723
 O 3.813580 -2.856586 1.494274
 O 5.857624 -1.402380 2.817135
 O 1.735054 4.001868 -4.442464
 O -0.556957 -8.041422 0.396141
 O -4.544490 -1.586979 -6.863794
 O -4.728901 1.647036 -0.754044
 O 4.189115 4.198917 -5.208925
 O 1.422453 -0.864155 -0.697830
 O -5.235034 -4.170603 1.881069
 O 1.914827 2.398769 1.957107
 H -5.408156 -2.122628 -0.821783
 H -6.055985 -2.646853 0.455644
 H 2.830916 -1.361089 6.249471
 H 3.562188 -2.411850 5.400567
 H -6.109878 6.506540 -5.090499
 H -4.736221 7.349979 -5.317505
 H 2.719266 3.565994 -0.490272
 H 1.441437 3.314055 -1.239241
 H -5.201913 0.491061 4.902543
 H -4.011515 0.984174 4.008611
 H 0.047560 6.740791 6.673155
 H 0.575862 5.373485 7.092269
 H -2.865205 -5.954249 -3.001845
 H -2.069426 -6.379506 -1.929838
 H 3.580858 1.501903 4.987066
 H 3.938381 0.146194 4.563280
 H -2.815829 -7.536141 6.135285
 H -1.352854 -6.993120 6.270752
 H 1.262131 -2.042794 3.046343
 H 2.502598 -2.966902 2.983636
 H 1.239629 -5.599276 2.559441
 H 1.848123 -5.120298 1.255398
 H -2.342981 -4.795429 5.979663
 H -2.483932 -4.580880 4.461474
 H -3.821404 -7.764664 -0.083645
 H -4.394107 -6.344700 -0.435464
 H -2.997057 -3.069406 -4.114078
 H -2.709245 -4.373456 -4.716647
 H 3.054337 -4.110795 -1.743677
 H 1.691741 -4.127704 -1.063263
 H -1.648403 3.473452 -2.312083
 H -1.149594 3.575247 -0.860071
 H -1.926470 -2.530823 0.400501
 H -0.812413 -2.131973 1.409717
 H 0.588651 -4.355480 3.189083
 H -0.848495 -4.722508 2.712782
 H 4.229143 -4.325879 -4.685557
 H 3.790732 -2.915682 -4.024346
 H 5.011823 5.174614 1.873389
 H 6.163460 4.077867 1.882916
 H 5.610586 -3.446540 4.989789
 H 4.407889 -4.452454 5.164499
 H -1.589653 -1.749617 -3.294666
 H -2.046735 -0.339388 -3.896015
 H -0.464466 3.774473 -4.772395
 H -1.157749 2.381014 -4.687873
 H 5.466853 2.023306 0.157284
 H 4.566163 1.446910 1.239518
 H 4.209569 1.749502 -3.066566
 H 2.935757 2.344665 -3.696885
 H -5.588044 3.595358 -7.034366
 H -4.380615 2.996913 -6.350977
 H 3.968199 -5.784199 0.673254
 H 4.973735 -4.667413 0.155876
 H 0.191941 -1.028032 -6.475977
 H 0.955483 0.350763 -6.606423
 H -2.884095 -0.196994 -5.803336
 H -3.800618 0.724268 -4.941449
 H 0.349014 0.106457 1.740256
 H 1.007402 -1.031713 0.922532
 H 5.522960 -2.168691 -4.156120
 H 5.975600 -3.322506 -3.239361
 H 4.237195 0.166795 -0.521707
 H 4.798183 -1.151781 -1.007833
 H -0.272916 5.423522 3.355024
 H -1.404678 4.316998 3.204241
 H -4.050181 -0.822029 -2.833624
 H -5.621085 -0.665476 -2.822233
 H -0.123172 -5.377745 -0.676694
 H -0.616352 -4.050569 -0.011826
 H 5.756092 3.809637 -8.598291
 H 6.355714 2.371464 -8.252256
 H 3.114638 5.916960 4.962492
 H 3.819787 5.576682 6.294388
 H -5.558103 5.453776 -2.674639
 H -6.166007 6.955649 -2.291579
 H -0.271328 1.726613 -2.331014
 H 1.062746 1.146567 -2.890664
 H -3.823850 -4.063259 -0.425701
 H -5.064672 -4.262241 0.305416
 H -3.058869 5.877563 1.735003
 H -3.735567 6.467597 3.038251
 H -3.322952 2.782096 4.062792
 H -2.178982 3.076251 5.026426
 H -2.657815 -0.514345 -0.923613
 H -3.614991 -0.317706 0.350424
 H -1.453384 -0.639831 4.277613
 H -2.564542 -1.497034 4.992967
 H 0.922063 2.215929 4.405471
 H 0.964045 2.945304 5.864965
 H -5.630197 1.511453 2.042753
 H -4.725727 2.014930 0.939802
 H 2.780264 6.005938 -2.123765
 H 4.278951 5.804125 -1.846458
 H 0.658463 -5.215107 -3.982235
 H 1.053730 -5.501920 -2.530041
 H -4.581140 4.286711 -4.620920
 H -3.480071 4.044925 -3.693570
 H 4.960667 1.467999 7.424516
 H 6.095541 1.763719 6.374217
 H -1.757918 1.948312 2.134089
 H -0.385423 1.883874 2.773351
 H 0.672623 -2.107109 -2.446306
 H 0.942548 -1.505808 -3.823476
 H 0.148475 -3.421478 -4.781638
 H 0.289957 -3.472598 -6.353781
 H 6.962871 -5.918418 5.064493
 H 6.320954 -5.064786 4.154314
 H 4.000461 -3.829022 1.534848
 H 3.186673 -2.822246 0.734272
 H 6.332136 -1.638494 1.991763
 H 5.224935 -0.712260 2.533267
 H 2.652407 4.119476 -4.838276
 H 1.642632 4.732960 -3.762956
 H -0.338333 -8.952979 0.690364
 H -0.741823 -7.691254 1.318873
 H -4.480655 -1.864609 -5.916657
 H -4.800432 -2.426318 -7.294331
 H -3.739107 1.602580 -0.756019
 H -4.910569 1.057797 -1.547650
 H 4.521690 3.990816 -4.324447
 H 4.749584 3.961103 -5.980523
 H 2.415337 -0.921416 -0.906741
 H 1.133272 0.041617 -0.976100
 H -4.382782 -4.691361 2.016169
 H -5.909547 -4.784922 2.224431
 H 1.440717 3.175255 2.356659
 H 1.760052 2.617197 0.996679
K_POINTS
 1
0.0 0.0 0.0 1.0