
&control
    calculation='scf'
    pseudo_dir = './',
    outdir='./outputs',
    disk_io='high'
/
&system
    ibrav= 1, celldm(1)=20.000000, nat=  192, ntyp= 2,
    ecutwfc = 30.0, nosym=.true., occupations='smearing',
    smearing='m-v', degauss=0.025
/
&electrons
    conv_thr =  1.0d-8,
    mixing_beta = 0.7
/
&ions
    pot_extrapolation='second-order'
    wfc_extrapolation='second-order'
    ion_temperature = 'andersen'
    tempw = 1000

/
ATOMIC_SPECIES
 H  1.01  H.blyp-hgh.UPF
 O  16.0  O.blyp-hgh.UPF
ATOMIC_POSITIONS bohr
 O -5.849445 -1.798071 0.000440
 O 3.736547 -1.736417 6.115348
 O -5.653853 7.187385 -5.618310
 O 2.100506 2.827380 -0.674789
 O -4.853201 1.259405 4.389538
 O 0.368863 5.884405 6.277782
 O -2.025204 -5.667755 -2.601776
 O 4.392435 0.964544 4.840694
 O -2.293130 -6.719444 6.179300
 O 1.749370 -2.781401 3.578493
 O 2.067277 -5.650719 2.044699
 O -2.712470 -4.193154 5.309180
 O -3.742023 -6.813390 0.154503
 O -3.496359 -3.818620 -4.519457
 O 2.468973 -4.709028 -1.230887
 O -1.200288 2.943133 -1.651248
 O -1.409072 -2.886816 1.149365
 O -0.225540 -4.832819 3.465774
 O 4.048933 -3.850024 -3.827109
 O 5.217798 4.217235 1.764398
 O 4.964646 -3.998476 4.504429
 O -2.346968 -1.128122 -3.400044
 O -1.333881 3.324296 -4.854116
 O 4.900597 1.239768 0.339477
 O 3.445960 1.509902 -3.630853
 O -4.993490 3.740897 -6.204882
 O 4.881673 -5.412981 0.772640
 O 0.927263 -0.496229 -6.106319
 O -2.904523 0.667660 -5.342552
 O 0.500212 -0.860327 1.767887
 O 6.078678 -2.370227 -3.399214
 O 4.049312 -0.540391 -1.186190
 O -0.548876 4.593305 2.924856
 O -4.779003 -0.168166 -2.728694
 O 0.033230 -4.417758 -0.657755
 O 5.855690 3.143804 -7.890314
 O 3.939878 5.547644 5.318604
 O -6.354449 6.034177 -2.657453
 O 0.214043 0.869161 -2.489672
 O -4.734371 -4.304715 -0.664167
 O -3.009901 6.616881 2.386263
 O -2.403829 3.102779 4.071426
 O -2.754629 -0.091440 -0.038050
 O -1.622024 -1.214173 5.047820
 O 1.145196 2.095187 5.358243
 O -5.142693 2.321321 1.794303
 O 3.412444 5.338531 -1.780647
 O 1.058085 -5.913764 -3.419654
 O -4.208316 4.691716 -3.808548
 O 5.931124 1.502884 7.294991
 O -0.924607 1.452692 2.065184
 O 0.362806 -2.160974 -3.363543
 O -0.203366 -3.873774 -5.605324
 O 6.838021 -5.909604 4.068518
 O 3.810043 -2.855734 1.495004
 O 5.859620 -1.398950 2.820245
 O 1.733807 4.001851 -4.445277
 O -0.548028 -8.044775 0.395067
 O -4.546293 -1.591778 -6.861085
 O -4.728884 1.651882 -0.755165
 O 4.186572 4.200615 -5.209093
 O 1.420584 -0.863725 -0.698487
 O -5.236204 -4.170084 1.878178
 O 1.913022 2.395806 1.956869
 H -5.412300 -2.126025 -0.818687
 H -6.058649 -2.655589 0.446785
 H 2.832369 -1.357793 6.246226
 H 3.565725 -2.406603 5.399603
 H -6.112643 6.505656 -5.096132
 H -4.738180 7.356012 -5.322639
 H 2.719898 3.569043 -0.482585
 H 1.455692 3.319679 -1.251842
 H -5.194255 0.491883 4.902141
 H -4.016969 0.979235 4.004355
 H 0.053931 6.737513 6.675036
 H 0.570693 5.366236 7.086951
 H -2.870959 -5.958824 -3.001172
 H -2.085687 -6.372850 -1.925985
 H 3.592128 1.502284 5.003280
 H 3.939127 0.142095 4.571191
 H -2.812061 -7.537571 6.129445
 H -1.349769 -6.988158 6.286855
 H 1.265374 -2.046271 3.043854
 H 2.503340 -2.962595 2.982110
 H 1.239943 -5.592812 2.565866
 H 1.846088 -5.116661 1.253141
 H -2.343345 -4.803632 5.977348
 H -2.484483 -4.589306 4.460788
 H -3.817139 -7.764605 -0.085936
 H -4.390907 -6.348271 -0.434236
 H -2.992408 -3.074136 -4.109321
 H -2.707778 -4.369042 -4.716145
 H 3.063342 -4.113828 -1.731078
 H 1.691930 -4.123771 -1.060778
 H -1.649938 3.469418 -2.314493
 H -1.135330 3.569802 -0.859190
 H -1.927532 -2.532501 0.394287
 H -0.808053 -2.128136 1.398415
 H 0.592875 -4.366995 3.183543
 H -0.850575 -4.726113 2.710822
 H 4.209753 -4.335644 -4.680045
 H 3.787142 -2.916100 -4.006198
 H 5.021097 5.172371 1.862960
 H 6.170955 4.072698 1.872302
 H 5.616250 -3.448834 4.981614
 H 4.416319 -4.460954 5.169680
 H -1.589475 -1.745036 -3.300768
 H -2.042253 -0.331517 -3.895977
 H -0.462055 3.762804 -4.771871
 H -1.160229 2.382264 -4.696732
 H 5.463664 2.021513 0.141702
 H 4.566285 1.452119 1.231481
 H 4.212232 1.743795 -3.060622
 H 2.928874 2.340286 -3.704833
 H -5.586424 3.601552 -7.038632
 H -4.383761 2.997878 -6.360388
 H 3.965212 -5.781213 0.690433
 H 4.966939 -4.670959 0.146942
 H 0.194690 -1.019035 -6.487224
 H 0.963777 0.356885 -6.598341
 H -2.896654 -0.194248 -5.801606
 H -3.797325 0.728395 -4.937374
 H 0.344922 0.107319 1.738393
 H 0.999370 -1.017011 0.913232
 H 5.527725 -2.164290 -4.157523
 H 5.970193 -3.321277 -3.230880
 H 4.237360 0.171836 -0.527909
 H 4.799364 -1.157684 -0.997948
 H -0.283790 5.429609 3.344656
 H -1.404250 4.310552 3.207144
 H -4.047112 -0.819199 -2.822796
 H -5.617438 -0.671492 -2.819533
 H -0.125205 -5.380320 -0.671971
 H -0.618678 -4.054001 -0.013215
 H 5.758356 3.797405 -8.610016
 H 6.361790 2.362044 -8.236438
 H 3.110327 5.912562 4.964507
 H 3.811384 5.589994 6.290056
 H -5.557890 5.448060 -2.690030
 H -6.192462 6.957115 -2.281648
 H -0.266698 1.722093 -2.336882
 H 1.065289 1.134887 -2.890262
 H -3.829674 -4.044651 -0.417354
 H -5.071214 -4.280289 0.302706
 H -3.054464 5.874835 1.739505
 H -3.736779 6.474611 3.031770
 H -3.318109 2.782554 4.069931
 H -2.184275 3.077954 5.033025
 H -2.657234 -0.507922 -0.921242
 H -3.619033 -0.331741 0.351071
 H -1.445801 -0.644551 4.270740
 H -2.565309 -1.493486 4.993836
 H 0.931021 2.213501 4.402541
 H 0.986437 2.932758 5.878701
 H -5.636802 1.507193 2.046875
 H -4.717745 2.005714 0.950268
 H 2.776367 6.004586 -2.120186
 H 4.273595 5.812127 -1.844683
 H 0.646693 -5.217031 -3.969702
 H 1.036334 -5.515046 -2.524599
 H -4.597801 4.289385 -4.619088
 H -3.490104 4.040008 -3.689736
 H 4.964062 1.459702 7.421996
 H 6.102195 1.765679 6.383349
 H -1.747325 1.950655 2.121463
 H -0.389433 1.891855 2.781361
 H 0.671467 -2.111939 -2.442457
 H 0.938944 -1.495564 -3.813050
 H 0.157950 -3.433031 -4.781798
 H 0.291276 -3.473013 -6.349365
 H 6.965035 -5.917458 5.064677
 H 6.321649 -5.059952 4.157295
 H 3.997001 -3.826123 1.536631
 H 3.180273 -2.836796 0.736268
 H 6.315794 -1.639139 1.984588
 H 5.222429 -0.708349 2.542434
 H 2.658267 4.108543 -4.834571
 H 1.630951 4.723994 -3.757500
 H -0.330214 -8.958795 0.680434
 H -0.730298 -7.693687 1.317824
 H -4.484377 -1.881706 -5.919096
 H -4.803780 -2.423914 -7.304250
 H -3.738763 1.606012 -0.740031
 H -4.909073 1.060335 -1.546561
 H 4.532942 4.004430 -4.327034
 H 4.731643 3.961910 -5.991782
 H 2.412328 -0.915799 -0.903912
 H 1.139212 0.045752 -0.967652
 H -4.381073 -4.681898 2.029179
 H -5.903000 -4.787373 2.231999
 H 1.452993 3.180382 2.351498
 H 1.762113 2.609433 0.993706
K_POINTS
 1
0.0 0.0 0.0 1.0