
&control
    calculation='scf'
    pseudo_dir = './',
    outdir='./outputs',
    disk_io='high'
/
&system
    ibrav= 1, celldm(1)=20.000000, nat=  192, ntyp= 2,
    ecutwfc = 30.0, nosym=.true., occupations='smearing',
    smearing='m-v', degauss=0.025
/
&electrons
    conv_thr =  1.0d-8,
    mixing_beta = 0.7
/
&ions
    pot_extrapolation='second-order'
    wfc_extrapolation='second-order'
    ion_temperature = 'andersen'
    tempw = 1000

/
ATOMIC_SPECIES
 H  1.01  H.blyp-hgh.UPF
 O  16.0  O.blyp-hgh.UPF
ATOMIC_POSITIONS bohr
 O -5.260350 -1.507856 -1.581982
 O 3.907679 -2.090955 5.387085
 O -5.743659 5.457025 -5.452489
 O -0.173699 3.809775 -1.496672
 O -4.729034 0.771653 3.925448
 O -0.230178 5.470598 5.233778
 O -0.132483 -5.404411 -3.398335
 O 2.447683 0.130292 3.595299
 O -2.854016 -5.297443 5.660377
 O 1.982584 -2.838638 1.935698
 O 2.562043 -6.109735 2.904922
 O -4.052553 -3.005843 4.495010
 O -4.440419 -5.846525 0.721271
 O -3.610184 -5.706735 -3.776607
 O 2.386495 -2.772068 -2.302221
 O -1.993724 2.432684 1.015901
 O -1.216861 -1.753733 1.883972
 O 0.217317 -4.194162 3.767539
 O 5.393724 -4.325273 -4.980896
 O 5.435831 4.970301 2.209419
 O 5.887645 -2.994150 3.264063
 O -3.239544 -2.885478 -3.862342
 O -0.887958 2.659135 -4.947922
 O 3.926570 2.360598 2.901373
 O 2.332113 1.377666 -3.111874
 O -4.846207 2.678332 -6.240335
 O 4.488623 -5.987692 -1.240945
 O 2.006435 -1.277509 -4.637507
 O -2.048418 0.144638 -4.831754
 O 0.929044 -0.329070 0.794814
 O 4.751630 -1.737967 -3.646807
 O 5.209833 0.115741 -0.149003
 O -0.161813 4.621904 1.947626
 O -4.998789 0.735545 -4.020668
 O 0.739474 -3.826277 -0.383561
 O 4.548089 3.767794 -4.490253
 O 3.401636 5.452044 5.857448
 O -5.281575 3.950909 -1.979482
 O -0.391386 0.988383 -1.747661
 O -3.105778 -3.509025 -0.994572
 O -2.669228 5.492099 3.299132
 O -1.562230 2.803025 4.188038
 O -2.591018 -0.327963 -0.722426
 O -1.544481 -2.133632 4.849537
 O 0.632754 1.874420 4.980767
 O -4.695089 3.300196 1.374354
 O 2.926579 3.987653 -0.657453
 O 2.706365 -6.012442 -3.655302
 O -2.533229 4.494926 -2.326396
 O 5.390821 0.628178 5.394592
 O -2.977375 0.291114 1.975766
 O -0.685597 -2.353620 -2.446432
 O 0.023462 -3.361900 -5.472432
 O 5.764647 -5.947556 4.282134
 O 4.964253 -3.155389 -0.162556
 O 4.630579 -0.725904 2.455989
 O 1.205599 4.329007 -4.310221
 O -0.721824 -5.851866 0.435068
 O -5.514649 -1.480777 -5.727460
 O -4.649288 1.296760 -0.822627
 O 5.171005 1.466646 -2.432682
 O 2.857060 -0.296644 -1.151887
 O -5.272065 -1.300771 1.327713
 O 1.585750 2.548909 1.462431
 H -5.325130 -1.480434 -0.593383
 H -4.537746 -0.860794 -1.741155
 H 3.724702 -2.876989 5.943839
 H 3.206487 -2.097747 4.696348
 H -6.498865 4.997759 -4.998837
 H -5.438537 4.767893 -6.078026
 H 0.235968 2.923721 -1.285513
 H 0.532448 4.357825 -1.890144
 H -5.697019 0.557835 3.890957
 H -4.633189 1.385706 4.699932
 H 0.181064 6.347401 5.055340
 H 0.152218 5.166263 6.079025
 H -0.492920 -5.425036 -2.493209
 H -0.938994 -5.584501 -3.923182
 H 2.801152 1.058628 3.423927
 H 1.487199 0.228512 3.752051
 H -3.403617 -5.408408 6.477051
 H -1.940611 -5.487957 5.967062
 H 2.049763 -2.013609 1.389618
 H 2.904596 -3.174885 1.962745
 H 3.263711 -6.525960 2.357572
 H 1.709441 -6.456530 2.559111
 H -3.242664 -3.446665 4.167068
 H -4.618764 -2.776220 3.697916
 H -4.030644 -6.653777 0.336920
 H -4.096600 -5.082922 0.193618
 H -4.422216 -5.246016 -3.496224
 H -3.732435 -6.644142 -3.510502
 H 2.441837 -1.794214 -2.152131
 H 1.676179 -3.133889 -1.688067
 H -1.104965 2.836573 1.036142
 H -1.923222 1.453843 0.988269
 H -0.603790 -1.018513 1.462612
 H -0.917214 -1.721235 2.826573
 H 0.998775 -4.222294 3.156151
 H -0.479368 -3.975388 3.115961
 H 6.264654 -4.766207 -4.876827
 H 5.484284 -3.343609 -4.945005
 H 5.622877 5.269710 3.160202
 H 6.271967 4.955083 1.705124
 H 5.493121 -2.248729 2.751749
 H 5.992156 -3.732052 2.627572
 H -2.311645 -2.696244 -4.102869
 H -3.695191 -2.937081 -4.723861
 H -0.379637 2.807891 -4.125249
 H -1.453947 1.867698 -4.735683
 H 4.826207 2.680530 3.100169
 H 3.481694 3.133619 2.501512
 H 2.762491 0.982203 -3.899736
 H 1.676579 2.004332 -3.491554
 H -4.978773 1.966926 -5.563019
 H -3.988164 3.059132 -5.958228
 H 4.057668 -5.108320 -1.292033
 H 5.397398 -5.749559 -0.973125
 H 2.764082 -1.366181 -5.268600
 H 1.278332 -0.924733 -5.186388
 H -1.832483 -0.451606 -5.587189
 H -2.956077 0.451921 -5.035338
 H 0.772973 0.569150 1.145940
 H 1.609500 -0.207843 0.035857
 H 3.989441 -2.203315 -3.227933
 H 5.380348 -1.607164 -2.903374
 H 5.505259 0.946672 -0.611776
 H 5.778347 -0.487779 -0.749849
 H -0.546048 3.937351 2.573377
 H -0.797461 5.349234 2.158871
 H -4.841248 0.639207 -3.048963
 H -5.975756 0.836764 -4.109276
 H 0.378789 -4.747838 -0.380791
 H 1.339455 -3.757971 0.397318
 H 3.711663 4.128951 -4.868100
 H 4.687123 2.900694 -4.912313
 H 3.399632 5.353107 4.877855
 H 2.673221 6.084650 6.002120
 H -5.562304 3.749734 -1.050662
 H -4.545445 4.582244 -1.769699
 H 0.059361 0.270788 -2.227687
 H -0.938456 0.521961 -1.064785
 H -3.121132 -2.877466 -1.779722
 H -2.361789 -4.091483 -1.270060
 H -3.552085 5.729765 2.949566
 H -2.703936 5.727299 4.270719
 H -1.285292 2.189329 3.482430
 H -2.118528 3.492684 3.750908
 H -2.100593 -1.167189 -0.629889
 H -3.085826 -0.276454 0.139989
 H -2.489357 -2.381280 4.792611
 H -1.038044 -2.817285 5.337011
 H 1.326942 1.501285 5.560264
 H 0.153881 2.489021 5.582366
 H -5.038430 3.547009 2.257716
 H -3.834428 2.859948 1.598938
 H 3.407203 4.775962 -0.316912
 H 2.885183 4.198929 -1.611708
 H 3.596088 -5.607459 -3.772690
 H 2.153122 -5.253808 -3.339685
 H -2.444380 3.958035 -3.140005
 H -1.687162 4.223992 -1.851083
 H 5.912792 -0.228819 5.434814
 H 4.478664 0.287584 5.288954
 H -2.341007 -0.493075 1.995331
 H -3.677237 0.254905 2.697121
 H 0.200809 -2.772433 -2.527194
 H -0.707010 -2.081130 -1.510540
 H 0.211367 -3.150393 -4.535541
 H 0.740192 -2.854993 -5.906058
 H 5.040749 -6.077433 4.948298
 H 6.443603 -5.513138 4.833120
 H 5.912174 -3.219210 0.099719
 H 4.753542 -2.253582 0.165230
 H 4.794966 0.042270 1.856269
 H 3.665295 -0.629609 2.749278
 H 1.234574 4.040707 -5.245114
 H 1.591017 5.273376 -4.283221
 H -1.191376 -6.713579 0.459296
 H -1.365490 -5.133877 0.282560
 H -5.142992 -1.947431 -6.511246
 H -4.739140 -0.962430 -5.419550
 H -4.398117 2.219554 -1.054347
 H -4.738229 1.292245 0.149870
 H 5.797067 2.222940 -2.425117
 H 4.298877 1.909742 -2.569950
 H 3.735004 0.140950 -0.924130
 H 2.414961 0.273192 -1.835588
 H -6.181020 -1.083632 1.627497
 H -4.793520 -1.484212 2.158032
 H 0.680766 2.944947 1.421413
 H 1.987241 3.070436 0.712882
K_POINTS
 1
0.0 0.0 0.0 1.0