
&control
    calculation='scf'
    pseudo_dir = './',
    outdir='./outputs',
    disk_io='high'
/
&system
    ibrav= 1, celldm(1)=20.000000, nat=  192, ntyp= 2,
    ecutwfc = 30.0, nosym=.true., occupations='smearing',
    smearing='m-v', degauss=0.025
/
&electrons
    conv_thr =  1.0d-8,
    mixing_beta = 0.7
/
&ions
    pot_extrapolation='second-order'
    wfc_extrapolation='second-order'
    ion_temperature = 'andersen'
    tempw = 1000

/
ATOMIC_SPECIES
 H  1.01  H.blyp-hgh.UPF
 O  16.0  O.blyp-hgh.UPF
ATOMIC_POSITIONS bohr
 O -5.877227 -1.798397 0.020479
 O 3.749536 -1.697792 6.095264
 O -5.653457 7.210229 -5.578534
 O 2.107207 2.875218 -0.642186
 O -4.841364 1.265251 4.386665
 O 0.365649 5.856128 6.262199
 O -2.094504 -5.663725 -2.604706
 O 4.429672 0.914151 4.819841
 O -2.255007 -6.710113 6.222263
 O 1.757096 -2.820878 3.592220
 O 2.019055 -5.615833 2.023154
 O -2.687556 -4.208431 5.313363
 O -3.700059 -6.823760 0.154224
 O -3.475883 -3.794830 -4.526012
 O 2.463839 -4.686520 -1.188253
 O -1.204428 2.948233 -1.680164
 O -1.439658 -2.882659 1.124934
 O -0.240044 -4.822095 3.442218
 O 4.004742 -3.840045 -3.810312
 O 5.249156 4.204486 1.738806
 O 4.933101 -3.984717 4.528018
 O -2.327210 -1.083406 -3.435090
 O -1.352826 3.332492 -4.841843
 O 4.933233 1.210106 0.311215
 O 3.495908 1.523781 -3.642878
 O -4.961800 3.758979 -6.240510
 O 4.881078 -5.405376 0.746441
 O 0.966502 -0.485952 -6.075931
 O -2.902631 0.680978 -5.334856
 O 0.499098 -0.863390 1.776871
 O 6.083121 -2.391214 -3.393173
 O 4.051286 -0.575593 -1.172035
 O -0.581178 4.624722 2.876511
 O -4.782078 -0.162668 -2.711051
 O 0.055666 -4.438897 -0.630055
 O 5.844558 3.101671 -7.932775
 O 3.905020 5.489935 5.290215
 O -6.359561 6.061513 -2.692882
 O 0.243309 0.819927 -2.491287
 O -4.731953 -4.320603 -0.680221
 O -3.004856 6.670161 2.372563
 O -2.392722 3.116907 4.142261
 O -2.795061 -0.033031 -0.003363
 O -1.614729 -1.183458 5.017363
 O 1.180218 2.081735 5.338240
 O -5.200762 2.274375 1.776437
 O 3.416438 5.299569 -1.764973
 O 1.093316 -5.902441 -3.409384
 O -4.261811 4.698763 -3.837681
 O 5.939512 1.515970 7.348185
 O -0.866071 1.472714 2.053624
 O 0.387831 -2.182143 -3.345241
 O -0.233038 -3.886857 -5.604174
 O 6.809895 -5.877746 4.080774
 O 3.773591 -2.850756 1.497173
 O 5.879361 -1.365032 2.846854
 O 1.719728 4.000306 -4.467352
 O -0.468015 -8.076924 0.384600
 O -4.562733 -1.635357 -6.835003
 O -4.724745 1.699371 -0.767189
 O 4.161706 4.215865 -5.205347
 O 1.406227 -0.862631 -0.704795
 O -5.244074 -4.167161 1.853180
 O 1.892993 2.372666 1.956127
 H -5.447004 -2.142835 -0.787688
 H -6.079619 -2.700154 0.368145
 H 2.846174 -1.320343 6.217914
 H 3.606185 -2.345116 5.395481
 H -6.102936 6.492293 -5.118722
 H -4.743363 7.404663 -5.332958
 H 2.740592 3.589673 -0.419823
 H 1.595879 3.336750 -1.340745
 H -5.124702 0.482675 4.899437
 H -4.046485 0.914916 3.946598
 H 0.117281 6.726583 6.657278
 H 0.558062 5.291285 7.031366
 H -2.928089 -5.967198 -3.042033
 H -2.192066 -6.299802 -1.859345
 H 3.711491 1.517158 5.144409
 H 3.960043 0.078175 4.655022
 H -2.782185 -7.530848 6.088884
 H -1.321407 -6.942244 6.416010
 H 1.315678 -2.113746 3.067030
 H 2.531052 -2.925843 2.972294
 H 1.242013 -5.556879 2.619126
 H 1.821463 -5.090875 1.230853
 H -2.352508 -4.888942 5.927441
 H -2.481784 -4.667903 4.460828
 H -3.781774 -7.754048 -0.104669
 H -4.351530 -6.366695 -0.406528
 H -2.988056 -3.095516 -4.063301
 H -2.704966 -4.347594 -4.723665
 H 3.149115 -4.152967 -1.638244
 H 1.679351 -4.106211 -1.028641
 H -1.675333 3.452556 -2.369163
 H -1.013837 3.516551 -0.880860
 H -1.933021 -2.537140 0.360450
 H -0.784792 -2.105454 1.296195
 H 0.616277 -4.408830 3.163250
 H -0.870493 -4.750415 2.703539
 H 4.019258 -4.376712 -4.606353
 H 3.748112 -2.926575 -3.884294
 H 5.124017 5.156824 1.769032
 H 6.231369 4.031814 1.761706
 H 5.647241 -3.461724 4.925675
 H 4.517302 -4.545477 5.214921
 H -1.558654 -1.681146 -3.356230
 H -2.005641 -0.275494 -3.895435
 H -0.433578 3.655200 -4.760989
 H -1.186469 2.369190 -4.779196
 H 5.434861 1.990298 -0.002065
 H 4.548852 1.506335 1.158261
 H 4.210258 1.690246 -3.005666
 H 2.882427 2.293849 -3.768383
 H -5.595439 3.680393 -7.056599
 H -4.398008 2.991741 -6.421709
 H 3.960125 -5.739011 0.825562
 H 4.891792 -4.717015 0.059619
 H 0.221013 -0.923159 -6.581677
 H 1.035111 0.408558 -6.509104
 H -2.997712 -0.170672 -5.800291
 H -3.770179 0.765877 -4.893011
 H 0.288051 0.101961 1.737958
 H 0.924192 -0.887016 0.834448
 H 5.564332 -2.132339 -4.187277
 H 5.908090 -3.314867 -3.175094
 H 4.242513 0.229215 -0.588211
 H 4.785390 -1.191339 -0.914328
 H -0.399990 5.508128 3.273321
 H -1.446378 4.251075 3.278261
 H -4.017552 -0.785595 -2.736433
 H -5.574159 -0.734304 -2.804520
 H -0.143763 -5.396919 -0.628761
 H -0.635362 -4.062181 -0.012311
 H 5.760742 3.679281 -8.729229
 H 6.398466 2.290066 -8.111672
 H 3.066433 5.866715 4.958784
 H 3.743560 5.696275 6.242394
 H -5.556841 5.448713 -2.822688
 H -6.380739 6.896139 -2.214881
 H -0.227340 1.680481 -2.371482
 H 1.099350 1.029949 -2.893756
 H -3.880563 -3.888698 -0.380985
 H -5.135837 -4.453840 0.258231
 H -3.033720 5.882329 1.779902
 H -3.751905 6.515602 2.999845
 H -3.308323 2.790584 4.119184
 H -2.211865 3.095464 5.091732
 H -2.664997 -0.440021 -0.886857
 H -3.638079 -0.458823 0.327058
 H -1.391786 -0.696100 4.208328
 H -2.558813 -1.472510 4.994843
 H 1.020774 2.225344 4.404748
 H 1.185719 2.811872 5.964713
 H -5.686676 1.489318 2.086395
 H -4.673250 1.931028 1.031585
 H 2.760643 5.973567 -2.069653
 H 4.230194 5.850713 -1.833818
 H 0.541067 -5.239444 -3.865609
 H 0.887016 -5.634119 -2.481887
 H -4.766021 4.324100 -4.631946
 H -3.583604 4.012404 -3.647876
 H 4.975714 1.374539 7.387886
 H 6.142586 1.791876 6.447966
 H -1.696040 1.978351 2.002446
 H -0.445205 1.939994 2.807804
 H 0.657463 -2.147840 -2.390956
 H 0.876811 -1.410940 -3.719993
 H 0.223956 -3.529034 -4.805935
 H 0.292592 -3.483329 -6.319735
 H 7.002283 -5.939901 5.050778
 H 6.306931 -5.036120 4.148657
 H 3.984593 -3.800577 1.578679
 H 3.130556 -2.945374 0.765337
 H 6.160300 -1.635175 1.943642
 H 5.207771 -0.691820 2.631893
 H 2.686512 4.021961 -4.796400
 H 1.545076 4.628304 -3.742098
 H -0.240781 -9.010237 0.591404
 H -0.621850 -7.709925 1.312391
 H -4.515555 -2.038350 -5.948268
 H -4.819548 -2.394004 -7.400545
 H -3.757175 1.628680 -0.605224
 H -4.889364 1.075886 -1.526022
 H 4.675454 4.110003 -4.368789
 H 4.583284 3.951445 -6.060105
 H 2.388883 -0.850952 -0.873944
 H 1.179037 0.071257 -0.911102
 H -4.373601 -4.573645 2.135468
 H -5.853977 -4.803471 2.292432
 H 1.582955 3.220901 2.310394
 H 1.795755 2.516799 0.969486
K_POINTS
 1
0.0 0.0 0.0 1.0