
&control
    calculation='scf'
    pseudo_dir = './',
    outdir='./outputs',
    disk_io='high'
/
&system
    ibrav= 1, celldm(1)=20.000000, nat=  192, ntyp= 2,
    ecutwfc = 30.0, nosym=.true., occupations='smearing',
    smearing='m-v', degauss=0.025
/
&electrons
    conv_thr =  1.0d-8,
    mixing_beta = 0.7
/
&ions
    pot_extrapolation='second-order'
    wfc_extrapolation='second-order'
    ion_temperature = 'andersen'
    tempw = 1000

/
ATOMIC_SPECIES
 H  1.01  H.blyp-hgh.UPF
 O  16.0  O.blyp-hgh.UPF
ATOMIC_POSITIONS bohr
 O -5.260612 -1.505019 -1.588624
 O 3.904280 -2.087373 5.387081
 O -5.744026 5.461845 -5.449904
 O -0.172273 3.814789 -1.493712
 O -4.729777 0.772231 3.927436
 O -0.229675 5.472474 5.235545
 O -0.133023 -5.405301 -3.397644
 O 2.451057 0.126659 3.594109
 O -2.854171 -5.298080 5.662006
 O 1.986492 -2.834469 1.941361
 O 2.563481 -6.110958 2.904605
 O -4.049051 -3.003775 4.498069
 O -4.440226 -5.843824 0.720789
 O -3.610983 -5.707765 -3.780408
 O 2.392169 -2.773957 -2.305190
 O -1.997086 2.432443 1.005975
 O -1.216618 -1.760251 1.888698
 O 0.218180 -4.192661 3.769025
 O 5.391754 -4.330294 -4.981664
 O 5.433748 4.973930 2.211093
 O 5.885378 -2.995088 3.264028
 O -3.239117 -2.881385 -3.864227
 O -0.887920 2.661332 -4.947776
 O 3.928248 2.361209 2.903268
 O 2.332328 1.381572 -3.113594
 O -4.843497 2.673420 -6.242982
 O 4.490056 -5.988377 -1.240626
 O 2.008081 -1.275843 -4.640584
 O -2.050023 0.141756 -4.832313
 O 0.930760 -0.329600 0.798326
 O 4.750482 -1.737796 -3.642841
 O 5.212489 0.118220 -0.151960
 O -0.160641 4.624224 1.952298
 O -4.991209 0.736482 -4.022026
 O 0.740471 -3.826299 -0.384769
 O 4.545946 3.774475 -4.493783
 O 3.397587 5.451079 5.857348
 O -5.286836 3.960171 -1.981336
 O -0.392694 0.985729 -1.750828
 O -3.107226 -3.515071 -0.990972
 O -2.672170 5.492909 3.297541
 O -1.565345 2.803397 4.193514
 O -2.588968 -0.331328 -0.724021
 O -1.544376 -2.130176 4.847400
 O 0.631529 1.876416 4.984015
 O -4.691372 3.297647 1.372795
 O 2.930342 3.990443 -0.660019
 O 2.706994 -6.010791 -3.658469
 O -2.530049 4.492318 -2.326645
 O 5.383299 0.628318 5.398346
 O -2.973379 0.293248 1.974901
 O -0.686824 -2.351377 -2.451557
 O 0.024828 -3.365164 -5.471296
 O 5.766637 -5.946202 4.279093
 O 4.960320 -3.159264 -0.158779
 O 4.628829 -0.726770 2.456222
 O 1.210112 4.329774 -4.310783
 O -0.725757 -5.853835 0.433148
 O -5.512450 -1.484575 -5.727995
 O -4.650291 1.293810 -0.820107
 O 5.169508 1.463367 -2.424290
 O 2.858705 -0.297440 -1.157384
 O -5.271711 -1.303580 1.329851
 O 1.586960 2.545177 1.460980
 H -5.331485 -1.490124 -0.599414
 H -4.541474 -0.851392 -1.739011
 H 3.733867 -2.875439 5.944494
 H 3.208422 -2.113946 4.693193
 H -6.503681 5.000810 -5.006335
 H -5.429113 4.770610 -6.067040
 H 0.222921 2.918939 -1.304576
 H 0.532914 4.362343 -1.887488
 H -5.702823 0.580382 3.899577
 H -4.623540 1.387141 4.699355
 H 0.179017 6.347715 5.050093
 H 0.155668 5.169120 6.078047
 H -0.495288 -5.421440 -2.493540
 H -0.941574 -5.575844 -3.921992
 H 2.811658 1.051647 3.428794
 H 1.492936 0.232068 3.757581
 H -3.397572 -5.402965 6.481874
 H -1.939917 -5.493428 5.960811
 H 2.044742 -2.011733 1.393622
 H 2.907836 -3.171629 1.970831
 H 3.262728 -6.530948 2.358622
 H 1.710319 -6.455625 2.562578
 H -3.243765 -3.452867 4.170446
 H -4.625890 -2.804657 3.699020
 H -4.048254 -6.658517 0.335288
 H -4.087048 -5.088095 0.190952
 H -4.417688 -5.237447 -3.502535
 H -3.739721 -6.639029 -3.497494
 H 2.453515 -1.798153 -2.152698
 H 1.671148 -3.137198 -1.708154
 H -1.105044 2.827514 1.039303
 H -1.942261 1.453269 0.987073
 H -0.630091 -1.009780 1.474583
 H -0.926034 -1.728414 2.833460
 H 0.990056 -4.242365 3.147739
 H -0.484467 -3.982914 3.122079
 H 6.267432 -4.755097 -4.863218
 H 5.474204 -3.348761 -4.953375
 H 5.611697 5.266084 3.163452
 H 6.267673 4.954167 1.704501
 H 5.493306 -2.244224 2.759021
 H 5.973849 -3.734003 2.626488
 H -2.309951 -2.693078 -4.096667
 H -3.693183 -2.936840 -4.725488
 H -0.383157 2.805081 -4.123479
 H -1.457484 1.872075 -4.738157
 H 4.827070 2.683799 3.095411
 H 3.481527 3.127238 2.493927
 H 2.756957 0.974821 -3.897893
 H 1.668116 1.997365 -3.493456
 H -4.978546 1.960665 -5.570005
 H -3.989906 3.056166 -5.953997
 H 4.055759 -5.112191 -1.282893
 H 5.396061 -5.747714 -0.968458
 H 2.764064 -1.371663 -5.270303
 H 1.280116 -0.919844 -5.185368
 H -1.821771 -0.445727 -5.590571
 H -2.960121 0.438993 -5.036040
 H 0.769175 0.567096 1.151771
 H 1.623555 -0.195889 0.051315
 H 3.992264 -2.203672 -3.222193
 H 5.380909 -1.606078 -2.903173
 H 5.510023 0.944431 -0.621691
 H 5.765741 -0.495345 -0.759256
 H -0.531074 3.938062 2.581578
 H -0.799349 5.349004 2.161480
 H -4.853993 0.630416 -3.048233
 H -5.966877 0.840526 -4.115662
 H 0.376721 -4.747875 -0.363171
 H 1.346736 -3.753968 0.390799
 H 3.718732 4.139583 -4.888824
 H 4.689775 2.906872 -4.911408
 H 3.398135 5.364510 4.877386
 H 2.671462 6.085889 6.001805
 H -5.558448 3.739751 -1.055109
 H -4.535852 4.573077 -1.772404
 H 0.060494 0.270833 -2.231138
 H -0.917098 0.520952 -1.054486
 H -3.135904 -2.873090 -1.764464
 H -2.355562 -4.084160 -1.275263
 H -3.555195 5.727238 2.948217
 H -2.701654 5.723339 4.268414
 H -1.280509 2.196803 3.485874
 H -2.114711 3.504749 3.766224
 H -2.103609 -1.173939 -0.631790
 H -3.084766 -0.288373 0.137244
 H -2.486276 -2.384222 4.787643
 H -1.038850 -2.806565 5.343760
 H 1.319925 1.498068 5.566546
 H 0.146563 2.486324 5.582780
 H -5.032179 3.542261 2.257212
 H -3.831820 2.856616 1.593200
 H 3.409218 4.780631 -0.324595
 H 2.888843 4.201630 -1.614189
 H 3.594893 -5.604752 -3.771944
 H 2.152249 -5.263743 -3.321759
 H -2.442271 3.959195 -3.142120
 H -1.676945 4.222004 -1.862763
 H 5.910270 -0.226147 5.430561
 H 4.471466 0.289174 5.286881
 H -2.332429 -0.486969 1.989320
 H -3.665590 0.250055 2.703571
 H 0.207385 -2.755858 -2.527638
 H -0.713025 -2.087215 -1.512214
 H 0.200879 -3.148193 -4.535511
 H 0.736511 -2.851040 -5.903639
 H 5.048110 -6.093870 4.946594
 H 6.441229 -5.508385 4.831959
 H 5.913480 -3.212019 0.085796
 H 4.751972 -2.251377 0.152720
 H 4.791884 0.052572 1.869644
 H 3.658091 -0.637808 2.732032
 H 1.228790 4.043567 -5.245966
 H 1.593345 5.275348 -4.272336
 H -1.196551 -6.712880 0.472110
 H -1.369287 -5.138150 0.274494
 H -5.136338 -1.950375 -6.508407
 H -4.745271 -0.959259 -5.412366
 H -4.413724 2.219941 -1.054020
 H -4.734420 1.290273 0.152334
 H 5.795196 2.218818 -2.416239
 H 4.299021 1.905008 -2.577406
 H 3.733060 0.149665 -0.933352
 H 2.407562 0.271897 -1.834826
 H -6.180964 -1.093326 1.629526
 H -4.788083 -1.482452 2.158867
 H 0.678051 2.929497 1.429477
 H 1.978532 3.072089 0.711502
K_POINTS
 1
0.0 0.0 0.0 1.0