
&control
    calculation='scf'
    pseudo_dir = './',
    outdir='./outputs',
    disk_io='high'
/
&system
    ibrav= 1, celldm(1)=20.000000, nat=  192, ntyp= 2,
    ecutwfc = 30.0, nosym=.true., occupations='smearing',
    smearing='m-v', degauss=0.025
/
&electrons
    conv_thr =  1.0d-8,
    mixing_beta = 0.7
/
&ions
    pot_extrapolation='second-order'
    wfc_extrapolation='second-order'
    ion_temperature = 'andersen'
    tempw = 1000

/
ATOMIC_SPECIES
 H  1.01  H.blyp-hgh.UPF
 O  16.0  O.blyp-hgh.UPF
ATOMIC_POSITIONS bohr
 O -5.908135 -1.808364 0.037187
 O 3.759492 -1.655134 6.079137
 O -5.666393 7.239298 -5.553986
 O 2.114841 2.931874 -0.612795
 O -4.820617 1.259480 4.387542
 O 0.361915 5.824678 6.245902
 O -2.177618 -5.671688 -2.603695
 O 4.460527 0.863798 4.796639
 O -2.223436 -6.700544 6.267918
 O 1.770553 -2.862662 3.597187
 O 1.978639 -5.583052 1.997950
 O -2.663778 -4.224896 5.305660
 O -3.654044 -6.844810 0.146791
 O -3.449666 -3.769957 -4.528417
 O 2.467281 -4.654520 -1.137590
 O -1.210989 2.948753 -1.714652
 O -1.463044 -2.871488 1.095749
 O -0.252025 -4.821109 3.416816
 O 3.959273 -3.845115 -3.772783
 O 5.288556 4.184107 1.715651
 O 4.894943 -3.968624 4.548626
 O -2.307303 -1.043492 -3.465245
 O -1.368442 3.334158 -4.827687
 O 4.968994 1.188543 0.290109
 O 3.540862 1.533809 -3.663022
 O -4.918657 3.782802 -6.277769
 O 4.879248 -5.399083 0.723223
 O 1.004282 -0.478709 -6.049848
 O -2.904102 0.699564 -5.327144
 O 0.502021 -0.865699 1.772238
 O 6.096670 -2.398272 -3.384615
 O 4.052126 -0.619359 -1.159367
 O -0.621047 4.656201 2.832996
 O -4.786956 -0.157605 -2.690429
 O 0.069421 -4.464182 -0.595809
 O 5.826906 3.067597 -7.980618
 O 3.856570 5.449050 5.257085
 O -6.377616 6.076685 -2.740264
 O 0.274171 0.767890 -2.495122
 O -4.726523 -4.335938 -0.688426
 O -3.000496 6.728133 2.368899
 O -2.384015 3.128890 4.216912
 O -2.842402 0.017822 0.037168
 O -1.604712 -1.148228 4.988592
 O 1.220893 2.049587 5.325255
 O -5.255173 2.227250 1.766116
 O 3.418753 5.261270 -1.752496
 O 1.123589 -5.886382 -3.388805
 O -4.322633 4.703060 -3.864746
 O 5.952468 1.527664 7.411663
 O -0.806821 1.501605 2.045846
 O 0.420138 -2.203782 -3.322373
 O -0.255918 -3.902071 -5.594668
 O 6.788287 -5.845853 4.095805
 O 3.728244 -2.850309 1.493710
 O 5.904170 -1.325217 2.871016
 O 1.698126 3.984967 -4.493149
 O -0.383319 -8.113762 0.368967
 O -4.581081 -1.681878 -6.808571
 O -4.718036 1.759118 -0.781635
 O 4.137427 4.229565 -5.185317
 O 1.394509 -0.862458 -0.710890
 O -5.251374 -4.169612 1.833300
 O 1.869671 2.349326 1.956626
 H -5.464445 -2.112623 -0.785231
 H -6.110551 -2.709778 0.334955
 H 2.854834 -1.271604 6.192569
 H 3.653237 -2.309662 5.350101
 H -6.026930 6.466464 -5.075676
 H -4.729690 7.437903 -5.269202
 H 2.786754 3.606501 -0.363713
 H 1.733382 3.319105 -1.416302
 H -5.073512 0.450447 4.914288
 H -4.083546 0.855033 3.860125
 H 0.195752 6.744785 6.592394
 H 0.614010 5.208535 6.973288
 H -2.965679 -5.924719 -3.138075
 H -2.253079 -6.183623 -1.763572
 H 3.880255 1.500826 5.253091
 H 3.992682 -0.011630 4.781130
 H -2.741237 -7.480742 6.076714
 H -1.289039 -6.910029 6.509999
 H 1.321688 -2.151884 3.118832
 H 2.572739 -2.905100 3.007583
 H 1.243056 -5.558252 2.639786
 H 1.756663 -5.066389 1.199725
 H -2.376637 -4.997483 5.859637
 H -2.483003 -4.711314 4.488824
 H -3.749503 -7.771818 -0.131760
 H -4.313819 -6.338325 -0.374830
 H -3.030376 -3.058901 -3.995175
 H -2.699885 -4.357914 -4.762730
 H 3.210303 -4.198036 -1.577687
 H 1.659733 -4.108191 -0.997606
 H -1.680569 3.451869 -2.414000
 H -0.924052 3.505788 -0.954367
 H -1.957661 -2.522047 0.335418
 H -0.804820 -2.133029 1.208553
 H 0.580618 -4.331020 3.193995
 H -0.900797 -4.748363 2.686782
 H 3.785578 -4.367249 -4.572326
 H 3.671913 -2.903694 -3.855336
 H 5.253005 5.174613 1.668213
 H 6.236127 3.990049 1.617146
 H 5.647813 -3.456897 4.910996
 H 4.674761 -4.633210 5.250297
 H -1.475093 -1.587409 -3.407447
 H -1.984108 -0.231118 -3.904529
 H -0.403464 3.560934 -4.742208
 H -1.256518 2.344492 -4.874949
 H 5.418676 1.940611 -0.146951
 H 4.505984 1.577366 1.068419
 H 4.168668 1.668495 -2.932695
 H 2.898285 2.237926 -3.789951
 H -5.631384 3.783882 -7.033206
 H -4.397512 2.964876 -6.444704
 H 3.962688 -5.681896 0.931756
 H 4.784950 -4.789296 -0.035620
 H 0.281854 -0.797191 -6.629794
 H 1.112658 0.447007 -6.385271
 H -3.071285 -0.139553 -5.818031
 H -3.748505 0.812466 -4.825315
 H 0.180525 0.068502 1.800056
 H 0.847685 -0.804841 0.812025
 H 5.619670 -2.142578 -4.195058
 H 5.813522 -3.316877 -3.170139
 H 4.253100 0.254424 -0.677406
 H 4.746121 -1.199885 -0.826047
 H -0.550880 5.585116 3.218103
 H -1.407429 4.245241 3.345558
 H -3.983190 -0.725683 -2.676008
 H -5.520990 -0.812446 -2.805591
 H -0.156793 -5.408976 -0.581436
 H -0.619882 -4.035472 -0.007008
 H 5.738531 3.514247 -8.861488
 H 6.391877 2.255960 -8.043803
 H 3.019154 5.796429 4.880959
 H 3.714000 5.759367 6.174683
 H -5.558100 5.572990 -2.916545
 H -6.442664 6.816858 -2.129432
 H -0.189521 1.643145 -2.379086
 H 1.153726 0.930200 -2.911027
 H -3.988731 -3.776505 -0.403869
 H -5.167220 -4.621034 0.168054
 H -3.035469 5.941285 1.798739
 H -3.748722 6.531612 3.000650
 H -3.322224 2.815157 4.141761
 H -2.192356 3.116228 5.187447
 H -2.666047 -0.343016 -0.851050
 H -3.601698 -0.555649 0.268372
 H -1.371501 -0.761832 4.121998
 H -2.525127 -1.469134 4.973840
 H 1.127544 2.331285 4.394559
 H 1.379831 2.749487 6.001135
 H -5.739202 1.472768 2.133228
 H -4.676796 1.849617 1.070412
 H 2.749618 5.914457 -1.987849
 H 4.211795 5.814326 -1.829309
 H 0.439579 -5.286666 -3.786831
 H 0.765007 -5.777162 -2.468953
 H -4.887601 4.375238 -4.640466
 H -3.708728 4.002912 -3.615917
 H 4.985799 1.273590 7.346312
 H 6.155931 1.828697 6.500651
 H -1.663113 1.975812 1.857757
 H -0.491203 1.979890 2.812121
 H 0.625193 -2.172574 -2.361134
 H 0.767766 -1.339065 -3.631956
 H 0.265063 -3.594947 -4.825718
 H 0.265660 -3.505885 -6.326149
 H 7.060267 -5.990796 5.028535
 H 6.241716 -5.028473 4.110073
 H 4.021789 -3.783604 1.678242
 H 3.069463 -3.005560 0.791004
 H 5.998205 -1.625316 1.945211
 H 5.184088 -0.682493 2.750650
 H 2.677508 3.984877 -4.730430
 H 1.501694 4.559981 -3.736081
 H -0.115033 -9.042852 0.525599
 H -0.507108 -7.750424 1.312176
 H -4.536262 -2.218260 -5.974240
 H -4.807562 -2.336100 -7.502887
 H -3.792367 1.624345 -0.501876
 H -4.844593 1.073155 -1.496943
 H 4.850177 4.186719 -4.497156
 H 4.456128 3.925251 -6.064702
 H 2.408102 -0.795891 -0.832864
 H 1.168922 0.081076 -0.898339
 H -4.366824 -4.417677 2.201093
 H -5.815968 -4.792079 2.325441
 H 1.736569 3.279157 2.271123
 H 1.841045 2.399374 0.971760
K_POINTS
 1
0.0 0.0 0.0 1.0