
&control
    calculation='scf'
    pseudo_dir = './',
    outdir='./outputs',
    disk_io='high'
/
&system
    ibrav= 1, celldm(1)=20.000000, nat=  192, ntyp= 2,
    ecutwfc = 30.0, nosym=.true., occupations='smearing',
    smearing='m-v', degauss=0.025
/
&electrons
    conv_thr =  1.0d-8,
    mixing_beta = 0.7
/
&ions
    pot_extrapolation='second-order'
    wfc_extrapolation='second-order'
    ion_temperature = 'andersen'
    tempw = 1000

/
ATOMIC_SPECIES
 H  1.01  H.blyp-hgh.UPF
 O  16.0  O.blyp-hgh.UPF
ATOMIC_POSITIONS bohr
 O -5.914470 -1.811081 0.039575
 O 3.761137 -1.646042 6.076025
 O -5.669335 7.245698 -5.550154
 O 2.117246 2.943976 -0.606736
 O -4.814224 1.255231 4.388145
 O 0.361218 5.817760 6.242378
 O -2.195646 -5.674380 -2.602968
 O 4.466421 0.852680 4.791376
 O -2.217329 -6.697183 6.277831
 O 1.775033 -2.872552 3.597752
 O 1.972024 -5.576793 1.992111
 O -2.658906 -4.229047 5.303246
 O -3.644131 -6.850168 0.144498
 O -3.443712 -3.764881 -4.528440
 O 2.469661 -4.647614 -1.126007
 O -1.212939 2.947720 -1.723542
 O -1.467171 -2.868807 1.088955
 O -0.254232 -4.822218 3.411591
 O 3.949783 -3.846447 -3.762431
 O 5.297000 4.180608 1.711144
 O 4.886500 -3.965272 4.553139
 O -2.302276 -1.036621 -3.470545
 O -1.370056 3.332620 -4.824525
 O 4.976183 1.185186 0.286728
 O 3.549772 1.534039 -3.668303
 O -4.908859 3.788183 -6.285876
 O 4.878873 -5.397712 0.718635
 O 1.012095 -0.477253 -6.044895
 O -2.905399 0.703791 -5.325701
 O 0.502789 -0.865834 1.769273
 O 6.100323 -2.398778 -3.382460
 O 4.051009 -0.627911 -1.157357
 O -0.631074 4.663599 2.826384
 O -4.788221 -0.157003 -2.685778
 O 0.070765 -4.469354 -0.587801
 O 5.822390 3.062183 -7.990771
 O 3.844599 5.443133 5.249393
 O -6.384117 6.078157 -2.751980
 O 0.281123 0.757321 -2.496439
 O -4.726027 -4.339741 -0.690289
 O -3.000252 6.740679 2.370501
 O -2.383123 3.130895 4.233041
 O -2.852683 0.026977 0.046054
 O -1.601731 -1.140196 4.982797
 O 1.229712 2.041184 5.323883
 O -5.265253 2.218150 1.764924
 O 3.419255 5.252642 -1.749998
 O 1.127904 -5.881992 -3.383043
 O -4.337173 4.704604 -3.870387
 O 5.954483 1.529905 7.424670
 O -0.796888 1.508486 2.043158
 O 0.427244 -2.208277 -3.316943
 O -0.259450 -3.905670 -5.592369
 O 6.784968 -5.839940 4.098148
 O 3.718489 -2.851306 1.492889
 O 5.909773 -1.316532 2.875701
 O 1.692328 3.979405 -4.499353
 O -0.365402 -8.121635 0.364996
 O -4.585102 -1.691918 -6.802812
 O -4.716841 1.772932 -0.785107
 O 4.133500 4.231974 -5.178726
 O 1.393192 -0.861913 -0.712140
 O -5.253036 -4.170442 1.830046
 O 1.864809 2.344873 1.957738
 H -5.466654 -2.098205 -0.788994
 H -6.119806 -2.714464 0.338947
 H 2.855470 -1.261988 6.187448
 H 3.663141 -2.304183 5.338813
 H -6.003257 6.463894 -5.060620
 H -4.735845 7.441985 -5.250904
 H 2.796715 3.609441 -0.354369
 H 1.758860 3.314698 -1.433598
 H -5.065416 0.446897 4.917878
 H -4.098653 0.849156 3.842161
 H 0.214300 6.747978 6.576043
 H 0.633758 5.196523 6.960084
 H -2.969102 -5.913907 -3.157353
 H -2.266104 -6.154408 -1.747216
 H 3.916615 1.492120 5.270138
 H 4.002183 -0.025340 4.814907
 H -2.735463 -7.473543 6.077000
 H -1.283492 -6.906500 6.522638
 H 1.310162 -2.146222 3.126344
 H 2.580939 -2.904091 3.021479
 H 1.241085 -5.561662 2.638645
 H 1.736491 -5.062321 1.194480
 H -2.384960 -5.019337 5.847352
 H -2.483546 -4.714536 4.488790
 H -3.743774 -7.780045 -0.139275
 H -4.304967 -6.328248 -0.368314
 H -3.043188 -3.049052 -3.981145
 H -2.699226 -4.357419 -4.772811
 H 3.214698 -4.204748 -1.569826
 H 1.656456 -4.108312 -0.993887
 H -1.674975 3.451997 -2.416211
 H -0.910993 3.514539 -0.972654
 H -1.967532 -2.517175 0.329231
 H -0.809182 -2.140566 1.196849
 H 0.564634 -4.300222 3.205594
 H -0.906924 -4.743336 2.682193
 H 3.731972 -4.360762 -4.571792
 H 3.653364 -2.904563 -3.859392
 H 5.280801 5.173411 1.646745
 H 6.236093 3.977394 1.584021
 H 5.642996 -3.454200 4.911556
 H 4.713134 -4.648651 5.252711
 H -1.456657 -1.564815 -3.416162
 H -1.983575 -0.220481 -3.909502
 H -0.402881 3.543915 -4.737996
 H -1.279747 2.345022 -4.895965
 H 5.418334 1.929129 -0.174167
 H 4.496527 1.593225 1.044768
 H 4.155061 1.670198 -2.915821
 H 2.905350 2.233006 -3.787692
 H -5.636731 3.803067 -7.023258
 H -4.400718 2.961632 -6.445470
 H 3.961286 -5.670556 0.950757
 H 4.759787 -4.807841 -0.053541
 H 0.295220 -0.772185 -6.634225
 H 1.130140 0.453926 -6.357457
 H -3.082005 -0.128582 -5.821494
 H -3.741682 0.822451 -4.810442
 H 0.151930 0.058969 1.822562
 H 0.835033 -0.798289 0.816111
 H 5.632983 -2.149686 -4.193547
 H 5.792073 -3.312573 -3.177176
 H 4.255782 0.250441 -0.698736
 H 4.742988 -1.204829 -0.804093
 H -0.583637 5.592453 3.204521
 H -1.383750 4.251862 3.351421
 H -3.974808 -0.709681 -2.668278
 H -5.508993 -0.828363 -2.807697
 H -0.158958 -5.413481 -0.570563
 H -0.611240 -4.027077 -0.006588
 H 5.731580 3.474270 -8.887519
 H 6.384949 2.253768 -8.039814
 H 3.010814 5.777926 4.855688
 H 3.713328 5.765723 6.160263
 H -5.550259 5.607306 -2.928534
 H -6.437573 6.805178 -2.106675
 H -0.180492 1.635112 -2.378591
 H 1.161389 0.911146 -2.913617
 H -4.014234 -3.758140 -0.410115
 H -5.165483 -4.648707 0.147543
 H -3.037095 5.955370 1.794503
 H -3.741777 6.534743 3.001871
 H -3.318984 2.824637 4.145448
 H -2.185333 3.119937 5.205629
 H -2.660787 -0.318444 -0.848219
 H -3.593106 -0.570772 0.258811
 H -1.372727 -0.778018 4.102448
 H -2.518023 -1.472204 4.966395
 H 1.153386 2.363715 4.392997
 H 1.418162 2.742103 5.998003
 H -5.751800 1.465821 2.143914
 H -4.686101 1.831773 1.074244
 H 2.740583 5.905530 -1.969604
 H 4.215481 5.798709 -1.829944
 H 0.423838 -5.303334 -3.774526
 H 0.747396 -5.810578 -2.471808
 H -4.897868 4.385267 -4.637704
 H -3.735915 3.997498 -3.611605
 H 4.998018 1.253443 7.340149
 H 6.156015 1.835575 6.516049
 H -1.647510 1.965055 1.826576
 H -0.493913 1.993765 2.820974
 H 0.617143 -2.176115 -2.358451
 H 0.741770 -1.325687 -3.615750
 H 0.271716 -3.602484 -4.824407
 H 0.254223 -3.512472 -6.331682
 H 7.071763 -5.999149 5.024786
 H 6.223307 -5.029393 4.104767
 H 4.033130 -3.774757 1.702694
 H 3.054510 -3.013443 0.794280
 H 5.966901 -1.624318 1.949219
 H 5.176141 -0.678541 2.780236
 H 2.674465 3.985822 -4.713444
 H 1.498210 4.553751 -3.731812
 H -0.084406 -9.045962 0.517245
 H -0.484548 -7.765141 1.310657
 H -4.538362 -2.256143 -5.983557
 H -4.801784 -2.320509 -7.522851
 H -3.798032 1.619516 -0.485602
 H -4.832617 1.071126 -1.490202
 H 4.882622 4.198000 -4.535321
 H 4.433025 3.919956 -6.059804
 H 2.413743 -0.790045 -0.822369
 H 1.158767 0.079226 -0.902263
 H -4.363988 -4.381546 2.208022
 H -5.810431 -4.787703 2.328910
 H 1.771344 3.287743 2.258422
 H 1.849473 2.376051 0.974873
K_POINTS
 1
0.0 0.0 0.0 1.0