
&control
    calculation='scf'
    pseudo_dir = './',
    outdir='./outputs',
    disk_io='high'
/
&system
    ibrav= 1, celldm(1)=20.000000, nat=  192, ntyp= 2,
    ecutwfc = 30.0, nosym=.true., occupations='smearing',
    smearing='m-v', degauss=0.025
/
&electrons
    conv_thr =  1.0d-8,
    mixing_beta = 0.7
/
&ions
    pot_extrapolation='second-order'
    wfc_extrapolation='second-order'
    ion_temperature = 'andersen'
    tempw = 1000

/
ATOMIC_SPECIES
 H  1.01  H.blyp-hgh.UPF
 O  16.0  O.blyp-hgh.UPF
ATOMIC_POSITIONS bohr
 O -5.922206 -1.814784 0.041908
 O 3.762938 -1.634949 6.071835
 O -5.672797 7.253475 -5.545575
 O 2.120589 2.959156 -0.599373
 O -4.805435 1.248373 4.389267
 O 0.360421 5.808978 6.237900
 O -2.217853 -5.677814 -2.601894
 O 4.473769 0.838123 4.784435
 O -2.209848 -6.691988 6.290457
 O 1.780707 -2.884807 3.598136
 O 1.964753 -5.569253 1.984358
 O -2.652868 -4.234721 5.300323
 O -3.631813 -6.857361 0.141135
 O -3.436119 -3.758550 -4.528206
 O 2.473403 -4.639211 -1.110952
 O -1.215393 2.945740 -1.735039
 O -1.472441 -2.865622 1.079893
 O -0.257000 -4.824166 3.404986
 O 3.937628 -3.848060 -3.749357
 O 5.307305 4.177171 1.705605
 O 4.875917 -3.961213 4.559187
 O -2.295230 -1.028794 -3.476661
 O -1.371244 3.329815 -4.820534
 O 4.984916 1.181606 0.282872
 O 3.561040 1.533180 -3.675098
 O -4.896477 3.795155 -6.296127
 O 4.878194 -5.395970 0.712973
 O 1.022129 -0.475313 -6.038633
 O -2.907569 0.709347 -5.323902
 O 0.503498 -0.865828 1.765159
 O 6.105295 -2.399368 -3.379304
 O 4.048933 -0.638386 -1.155307
 O -0.643859 4.673586 2.819177
 O -4.789975 -0.156583 -2.679794
 O 0.071846 -4.475724 -0.577517
 O 5.816257 3.056403 -8.003442
 O 3.828932 5.436824 5.239103
 O -6.393826 6.080145 -2.766782
 O 0.290039 0.744385 -2.498354
 O -4.726130 -4.345201 -0.693461
 O -3.000201 6.756444 2.373582
 O -2.382180 3.133256 4.253632
 O -2.865365 0.037749 0.057020
 O -1.597505 -1.129755 4.975454
 O 1.240810 2.030761 5.322322
 O -5.277220 2.206968 1.763963
 O 3.419741 5.241422 -1.746896
 O 1.132146 -5.876122 -3.375281
 O -4.356023 4.707199 -3.877115
 O 5.956572 1.532575 7.440531
 O -0.785346 1.517397 2.039536
 O 0.436116 -2.213747 -3.310264
 O -0.263103 -3.910348 -5.589318
 O 6.781374 -5.832961 4.100495
 O 3.706365 -2.853143 1.491986
 O 5.916701 -1.305404 2.881352
 O 1.684324 3.971668 -4.507038
 O -0.342989 -8.131427 0.359733
 O -4.590199 -1.704653 -6.795314
 O -4.715346 1.790587 -0.789805
 O 4.129328 4.234764 -5.169503
 O 1.392439 -0.860904 -0.713684
 O -5.255063 -4.171299 1.826257
 O 1.858840 2.339826 1.959994
 H -5.470151 -2.076466 -0.794155
 H -6.132007 -2.721510 0.348368
 H 2.855706 -1.251085 6.180883
 H 3.675482 -2.295259 5.327718
 H -5.971154 6.464133 -5.040668
 H -4.749366 7.446850 -5.227459
 H 2.808481 3.613118 -0.344502
 H 1.790390 3.308627 -1.454238
 H -5.056180 0.445343 4.921944
 H -4.119979 0.844854 3.819363
 H 0.238546 6.749830 6.555287
 H 0.661871 5.185905 6.942828
 H -2.972749 -5.901601 -3.179127
 H -2.285121 -6.117143 -1.729598
 H 3.960016 1.480662 5.290001
 H 4.015809 -0.038800 4.860753
 H -2.730738 -7.468395 6.078181
 H -1.277176 -6.903757 6.534661
 H 1.293778 -2.137691 3.136649
 H 2.591588 -2.904223 3.039889
 H 1.236564 -5.566471 2.635143
 H 1.708408 -5.058466 1.189685
 H -2.397371 -5.044485 5.833375
 H -2.483793 -4.716374 4.481923
 H -3.737275 -7.789706 -0.149151
 H -4.291531 -6.315931 -0.359336
 H -3.060454 -3.038829 -3.965677
 H -2.698688 -4.352814 -4.785171
 H 3.216135 -4.210228 -1.563209
 H 1.653043 -4.107649 -0.991193
 H -1.666350 3.453830 -2.418307
 H -0.897558 3.530039 -0.996629
 H -1.981317 -2.511156 0.322272
 H -0.811521 -2.147392 1.186404
 H 0.541228 -4.256033 3.222080
 H -0.913355 -4.734750 2.677332
 H 3.664532 -4.348383 -4.568006
 H 3.630190 -2.911405 -3.867230
 H 5.314784 5.166841 1.620194
 H 6.238591 3.958080 1.541501
 H 5.634519 -3.449756 4.912841
 H 4.762119 -4.665727 5.252251
 H -1.435364 -1.535647 -3.425666
 H -1.985815 -0.206422 -3.917329
 H -0.405398 3.523903 -4.732700
 H -1.312635 2.348244 -4.922318
 H 5.419378 1.914036 -0.205608
 H 4.485149 1.613240 1.012652
 H 4.135086 1.674675 -2.895564
 H 2.913151 2.232576 -3.782260
 H -5.640402 3.824105 -7.009175
 H -4.407272 2.959276 -6.445460
 H 3.959639 -5.656919 0.973260
 H 4.727573 -4.832640 -0.074144
 H 0.309301 -0.743506 -6.639166
 H 1.152640 0.462287 -6.322621
 H -3.093449 -0.112935 -5.825522
 H -3.731337 0.834460 -4.792492
 H 0.114277 0.045428 1.854335
 H 0.822460 -0.794658 0.822564
 H 5.648815 -2.158885 -4.193275
 H 5.765622 -3.303998 -3.189121
 H 4.259484 0.241990 -0.725078
 H 4.741666 -1.212715 -0.774929
 H -0.623460 5.597986 3.186217
 H -1.352304 4.260384 3.356469
 H -3.963338 -0.688363 -2.661259
 H -5.493337 -0.847053 -2.811080
 H -0.161626 -5.420100 -0.556136
 H -0.599061 -4.015581 -0.005683
 H 5.721848 3.423112 -8.918682
 H 6.374841 2.251602 -8.039534
 H 3.001422 5.753382 4.821169
 H 3.713852 5.771266 6.143658
 H -5.533959 5.650669 -2.940285
 H -6.423186 6.788632 -2.080230
 H -0.168172 1.624392 -2.377602
 H 1.168177 0.888647 -2.915890
 H -4.043613 -3.735102 -0.415809
 H -5.160134 -4.678788 0.124566
 H -3.039314 5.973695 1.784899
 H -3.730774 6.539210 3.004137
 H -3.311990 2.838139 4.150797
 H -2.176938 3.123785 5.224442
 H -2.650971 -0.284840 -0.846316
 H -3.585048 -0.588492 0.250203
 H -1.376832 -0.799796 4.078777
 H -2.509759 -1.478317 4.956125
 H 1.188126 2.405476 4.396859
 H 1.464311 2.732722 5.987599
 H -5.767333 1.456729 2.156757
 H -4.702460 1.809321 1.077623
 H 2.726715 5.896726 -1.946188
 H 4.224093 5.776491 -1.832064
 H 0.407399 -5.327156 -3.761938
 H 0.729633 -5.853619 -2.476438
 H -4.904574 4.395596 -4.634579
 H -3.769689 3.988115 -3.607163
 H 5.018542 1.229136 7.334987
 H 6.155771 1.843773 6.537497
 H -1.625048 1.947953 1.787887
 H -0.495828 2.012480 2.833308
 H 0.607507 -2.179761 -2.353829
 H 0.708317 -1.310501 -3.596525
 H 0.278529 -3.609116 -4.821339
 H 0.236782 -3.521491 -6.339833
 H 7.084504 -6.006572 5.020106
 H 6.199727 -5.033099 4.101326
 H 4.046923 -3.759015 1.732643
 H 3.035942 -3.022507 0.798327
 H 5.929463 -1.623656 1.955657
 H 5.166362 -0.673587 2.819894
 H 2.671339 3.990821 -4.691478
 H 1.496512 4.547943 -3.727595
 H -0.043891 -9.048757 0.509231
 H -0.457844 -7.786436 1.307324
 H -4.539669 -2.302333 -5.999033
 H -4.793348 -2.299869 -7.546700
 H -3.804626 1.612208 -0.467640
 H -4.817374 1.069091 -1.481096
 H 4.920292 4.209749 -4.585487
 H 4.405327 3.913784 -6.052896
 H 2.418555 -0.785953 -0.808389
 H 1.142651 0.074364 -0.910390
 H -4.360180 -4.335762 2.213676
 H -5.805292 -4.783123 2.332897
 H 1.816062 3.293722 2.238881
 H 1.859141 2.348406 0.978714
K_POINTS
 1
0.0 0.0 0.0 1.0