
&control
    calculation='scf'
    pseudo_dir = './',
    outdir='./outputs',
    disk_io='high'
/
&system
    ibrav= 1, celldm(1)=20.000000, nat=  192, ntyp= 2,
    ecutwfc = 30.0, nosym=.true., occupations='smearing',
    smearing='m-v', degauss=0.025
/
&electrons
    conv_thr =  1.0d-8,
    mixing_beta = 0.7
/
&ions
    pot_extrapolation='second-order'
    wfc_extrapolation='second-order'
    ion_temperature = 'andersen'
    tempw = 1000

/
ATOMIC_SPECIES
 H  1.01  H.blyp-hgh.UPF
 O  16.0  O.blyp-hgh.UPF
ATOMIC_POSITIONS bohr
 O -5.934242 -1.821693 0.044368
 O 3.765222 -1.617953 6.064193
 O -5.677939 7.264901 -5.538363
 O 2.126425 2.983475 -0.588567
 O -4.790158 1.234522 4.392220
 O 0.359336 5.794679 6.230405
 O -2.251760 -5.682858 -2.600055
 O 4.485676 0.813240 4.772433
 O -2.198743 -6.681754 6.311152
 O 1.788453 -2.902914 3.597893
 O 1.955306 -5.557834 1.970870
 O -2.643329 -4.245220 5.295846
 O -3.612364 -6.870096 0.134555
 O -3.424148 -3.748360 -4.527273
 O 2.480912 -4.626588 -1.085279
 O -1.218746 2.941038 -1.753229
 O -1.481563 -2.861058 1.063871
 O -0.261326 -4.828176 3.394035
 O 3.916964 -3.850796 -3.729600
 O 5.323568 4.173626 1.696746
 O 4.859200 -3.955237 4.570088
 O -2.281980 -1.017668 -3.485364
 O -1.371830 3.323748 -4.814127
 O 4.998312 1.177291 0.277232
 O 3.579263 1.529653 -3.685952
 O -4.876615 3.807244 -6.312591
 O 4.876202 -5.393204 0.704093
 O 1.039015 -0.471867 -6.028184
 O -2.912042 0.719286 -5.320876
 O 0.503419 -0.865450 1.758946
 O 6.114131 -2.400408 -3.373131
 O 4.044609 -0.655663 -1.152999
 O -0.663569 4.691494 2.808955
 O -4.793117 -0.156761 -2.669776
 O 0.072560 -4.485903 -0.560732
 O 5.805203 3.049514 -8.023729
 O 3.802704 5.428724 5.220710
 O -6.412103 6.084406 -2.789788
 O 0.304428 0.724320 -2.501886
 O -4.727780 -4.355685 -0.701361
 O -3.000304 6.781475 2.380305
 O -2.380209 3.137015 4.287366
 O -2.884990 0.053366 0.073724
 O -1.589934 -1.112173 4.963203
 O 1.258769 2.015446 5.319309
 O -5.295178 2.189125 1.763942
 O 3.419728 5.222815 -1.742082
 O 1.136575 -5.866233 -3.361805
 O -4.386660 4.712966 -3.886153
 O 5.959468 1.536627 7.465196
 O -0.767386 1.532186 2.034324
 O 0.450166 -2.221860 -3.300336
 O -0.267037 -3.918231 -5.583700
 O 6.776814 -5.822738 4.102810
 O 3.687201 -2.856989 1.490923
 O 5.927124 -1.286746 2.889865
 O 1.669965 3.958135 -4.518361
 O -0.307038 -8.146954 0.350623
 O -4.598506 -1.725466 -6.782686
 O -4.712503 1.819278 -0.798271
 O 4.124478 4.238743 -5.152911
 O 1.393396 -0.858704 -0.715991
 O -5.258012 -4.171852 1.820581
 O 1.849713 2.333017 1.965658
 H -5.479351 -2.034958 -0.801547
 H -6.150511 -2.731678 0.369821
 H 2.854836 -1.237167 6.169758
 H 3.694610 -2.274493 5.319446
 H -5.917586 6.473374 -5.008070
 H -4.780063 7.457726 -5.189878
 H 2.825819 3.620246 -0.333401
 H 1.842470 3.296605 -1.480657
 H -5.043296 0.447903 4.928094
 H -4.155316 0.842207 3.779089
 H 0.279558 6.746519 6.522552
 H 0.714423 5.179610 6.914276
 H -2.980344 -5.886994 -3.207557
 H -2.324902 -6.058620 -1.706890
 H 4.023722 1.463295 5.319788
 H 4.041518 -0.053665 4.941791
 H -2.726582 -7.465831 6.082579
 H -1.267279 -6.903212 6.545331
 H 1.271985 -2.130932 3.159627
 H 2.611036 -2.906737 3.067895
 H 1.224460 -5.574222 2.625345
 H 1.657825 -5.055553 1.186316
 H -2.421677 -5.078404 5.814120
 H -2.483027 -4.713217 4.455792
 H -3.728588 -7.800193 -0.165476
 H -4.263113 -6.299317 -0.342700
 H -3.088938 -3.029332 -3.946867
 H -2.696410 -4.334950 -4.803611
 H 3.210706 -4.210442 -1.561778
 H 1.649616 -4.104818 -0.991950
 H -1.652638 3.463530 -2.426690
 H -0.883070 3.561293 -1.038423
 H -2.004664 -2.502581 0.315040
 H -0.806533 -2.150097 1.179229
 H 0.495747 -4.176250 3.253052
 H -0.920394 -4.715950 2.672884
 H 3.559956 -4.318215 -4.546949
 H 3.593927 -2.933205 -3.882505
 H 5.365791 5.147149 1.578860
 H 6.246382 3.918344 1.471967
 H 5.616252 -3.438698 4.914912
 H 4.839672 -4.687710 5.243340
 H -1.406419 -1.488636 -3.437180
 H -1.997523 -0.183660 -3.933001
 H -0.413711 3.494670 -4.724063
 H -1.372650 2.355864 -4.964445
 H 5.424488 1.887870 -0.249088
 H 4.467974 1.645722 0.956527
 H 4.096559 1.685376 -2.867196
 H 2.923329 2.242848 -3.768831
 H -5.638426 3.849701 -6.985133
 H -4.422876 2.957314 -6.444918
 H 3.959836 -5.636328 1.006630
 H 4.675100 -4.875618 -0.102711
 H 0.324237 -0.704162 -6.647289
 H 1.189841 0.474431 -6.267516
 H -3.108435 -0.085998 -5.832397
 H -3.711766 0.851963 -4.765548
 H 0.052489 0.018101 1.910295
 H 0.811765 -0.796391 0.829404
 H 5.671357 -2.171148 -4.199895
 H 5.724935 -3.285245 -3.212705
 H 4.266657 0.224635 -0.763840
 H 4.740628 -1.225405 -0.727074
 H -0.682755 5.604414 3.155193
 H -1.309777 4.266423 3.366768
 H -3.942652 -0.651732 -2.656297
 H -5.466837 -0.873426 -2.818018
 H -0.166046 -5.431370 -0.530542
 H -0.579176 -3.995112 -0.001744
 H 5.703669 3.341304 -8.964729
 H 6.357581 2.246178 -8.048293
 H 2.988364 5.712309 4.761871
 H 3.715172 5.776426 6.121366
 H -5.497839 5.719683 -2.952662
 H -6.384955 6.753115 -2.049130
 H -0.146045 1.605579 -2.375930
 H 1.174953 0.856543 -2.918370
 H -4.083879 -3.696821 -0.418431
 H -5.147167 -4.716821 0.099412
 H -3.043009 6.007565 1.761898
 H -3.711097 6.547454 3.011429
 H -3.298839 2.861461 4.162134
 H -2.165931 3.127551 5.245926
 H -2.628879 -0.223388 -0.843095
 H -3.579164 -0.614689 0.244318
 H -1.388331 -0.837906 4.043872
 H -2.496235 -1.493045 4.938911
 H 1.248842 2.468442 4.420779
 H 1.533591 2.715415 5.958602
 H -5.789918 1.444218 2.174313
 H -4.738820 1.772963 1.079152
 H 2.704936 5.885353 -1.905936
 H 4.244544 5.735402 -1.839242
 H 0.386721 -5.369598 -3.749968
 H 0.710113 -5.924735 -2.482670
 H -4.907263 4.404106 -4.637828
 H -3.824534 3.969457 -3.602301
 H 5.058095 1.190869 7.333590
 H 6.156572 1.857255 6.573663
 H -1.589900 1.917203 1.726032
 H -0.500158 2.040819 2.847133
 H 0.594151 -2.183930 -2.340036
 H 0.653244 -1.291592 -3.567713
 H 0.284441 -3.614073 -4.816754
 H 0.202168 -3.537023 -6.354881
 H 7.099741 -6.009806 5.011960
 H 6.163014 -5.046213 4.104444
 H 4.065957 -3.724201 1.776376
 H 3.008654 -3.037499 0.806513
 H 5.873344 -1.623185 1.969829
 H 5.154655 -0.668068 2.889393
 H 2.667698 4.006104 -4.656122
 H 1.499062 4.539744 -3.728081
 H 0.026304 -9.051866 0.500651
 H -0.419637 -7.825502 1.298830
 H -4.538281 -2.373143 -6.032720
 H -4.777623 -2.264789 -7.581781
 H -3.816154 1.599321 -0.443983
 H -4.794429 1.068979 -1.464802
 H 4.974543 4.223635 -4.666190
 H 4.361892 3.905220 -6.042745
 H 2.418883 -0.786139 -0.784769
 H 1.110353 0.060789 -0.930819
 H -4.355349 -4.262655 2.216458
 H -5.800743 -4.779633 2.340145
 H 1.889828 3.291959 2.199401
 H 1.872697 2.307701 0.984049
K_POINTS
 1
0.0 0.0 0.0 1.0