
&control
    calculation='scf'
    pseudo_dir = './',
    outdir='./outputs',
    disk_io='high'
/
&system
    ibrav= 1, celldm(1)=20.000000, nat=  192, ntyp= 2,
    ecutwfc = 30.0, nosym=.true., occupations='smearing',
    smearing='m-v', degauss=0.025
/
&electrons
    conv_thr =  1.0d-8,
    mixing_beta = 0.7
/
&ions
    pot_extrapolation='second-order'
    wfc_extrapolation='second-order'
    ion_temperature = 'andersen'
    tempw = 1000

/
ATOMIC_SPECIES
 H  1.01  H.blyp-hgh.UPF
 O  16.0  O.blyp-hgh.UPF
ATOMIC_POSITIONS bohr
 O -5.935729 -1.822655 0.044596
 O 3.765458 -1.615883 6.063161
 O -5.678569 7.266215 -5.537457
 O 2.127177 2.986504 -0.587328
 O -4.788184 1.232609 4.392704
 O 0.359217 5.792873 6.229426
 O -2.255810 -5.683417 -2.599834
 O 4.487176 0.810009 4.770867
 O -2.197480 -6.680358 6.313772
 O 1.789222 -2.904985 3.597794
 O 1.954295 -5.556463 1.969100
 O -2.642148 -4.246677 5.295269
 O -3.609948 -6.871794 0.133638
 O -3.422719 -3.747079 -4.527119
 O 2.481968 -4.625092 -1.081921
 O -1.219082 2.940340 -1.755423
 O -1.482763 -2.860525 1.061738
 O -0.261833 -4.828712 3.392622
 O 3.914245 -3.851173 -3.727301
 O 5.325633 4.173299 1.695620
 O 4.857149 -3.954550 4.571567
 O -2.280153 -1.016363 -3.486367
 O -1.371848 3.322889 -4.813328
 O 4.999939 1.176868 0.276551
 O 3.581518 1.529090 -3.687280
 O -4.874142 3.808863 -6.314631
 O 4.875850 -5.392867 0.703002
 O 1.041193 -0.471410 -6.026840
 O -2.912658 0.720650 -5.320477
 O 0.503260 -0.865378 1.758293
 O 6.115298 -2.400544 -3.372286
 O 4.044028 -0.657946 -1.152779
 O -0.665891 4.693894 2.807704
 O -4.793525 -0.156859 -2.668482
 O 0.072584 -4.487188 -0.558626
 O 5.803713 3.048852 -8.026277
 O 3.799359 5.427846 5.218232
 O -6.414506 6.085047 -2.792552
 O 0.306202 0.721862 -2.502353
 O -4.728072 -4.357125 -0.702626
 O -3.000302 6.784559 2.381243
 O -2.379860 3.137507 4.291614
 O -2.887380 0.055167 0.075711
 O -1.588954 -1.109912 4.961615
 O 1.261037 2.013712 5.318840
 O -5.297338 2.186879 1.764092
 O 3.419632 5.220465 -1.741500
 O 1.136956 -5.864984 -3.360043
 O -4.390451 4.713815 -3.887065
 O 5.959847 1.537126 7.468241
 O -0.765084 1.534060 2.033797
 O 0.451905 -2.222800 -3.299173
 O -0.267361 -3.919253 -5.582912
 O 6.776342 -5.821544 4.102969
 O 3.684829 -2.857495 1.490827
 O 5.928342 -1.284330 2.890882
 O 1.668070 3.956384 -4.519648
 O -0.302533 -8.148888 0.349420
 O -4.599556 -1.728100 -6.781073
 O -4.712077 1.822873 -0.799415
 O 4.124043 4.239200 -5.150711
 O 1.393691 -0.858400 -0.716252
 O -5.258352 -4.171832 1.819892
 O 1.848621 2.332263 1.966524
 H -5.480906 -2.029369 -0.802332
 H -6.152549 -2.732579 0.372751
 H 2.854616 -1.235785 6.168307
 H 3.696897 -2.271379 5.319224
 H -5.911007 6.475242 -5.004023
 H -4.784206 7.459660 -5.185211
 H 2.827898 3.621347 -0.332435
 H 1.849232 3.294866 -1.483151
 H -5.041856 0.448423 4.928929
 H -4.159556 0.842023 3.773510
 H 0.284850 6.745537 6.518576
 H 0.721630 5.179720 6.910706
 H -2.981646 -5.885721 -3.210514
 H -2.330858 -6.051574 -1.704407
 H 4.031249 1.461268 5.323328
 H 4.045053 -0.055147 4.952517
 H -2.726095 -7.465616 6.083435
 H -1.265961 -6.903465 6.545946
 H 1.270162 -2.131199 3.163221
 H 2.613721 -2.907179 3.071044
 H 1.222589 -5.575124 2.623771
 H 1.651092 -5.055470 1.186220
 H -2.425054 -5.082069 5.811961
 H -2.482848 -4.712136 4.451528
 H -3.727667 -7.800948 -0.167547
 H -4.258961 -6.297597 -0.340466
 H -3.092389 -3.028746 -3.945013
 H -2.695783 -4.331820 -4.805787
 H 3.209460 -4.209655 -1.562494
 H 1.649397 -4.104358 -0.992507
 H -1.651126 3.465422 -2.428525
 H -0.881880 3.565421 -1.043981
 H -2.007572 -2.501617 0.314557
 H -0.805252 -2.149765 1.179094
 H 0.489309 -4.165884 3.257339
 H -0.921036 -4.713194 2.672644
 H 3.547448 -4.313720 -4.542727
 H 3.589484 -2.936474 -3.884394
 H 5.371787 5.144282 1.573804
 H 6.247301 3.912641 1.463285
 H 5.613656 -3.436846 4.915096
 H 4.849058 -4.690017 5.241567
 H -1.403230 -1.482885 -3.438272
 H -1.999765 -0.180926 -3.935184
 H -0.414793 3.491233 -4.722960
 H -1.380665 2.356773 -4.969702
 H 5.425448 1.884431 -0.253913
 H 4.465890 1.649829 0.949212
 H 4.091269 1.686868 -2.864094
 H 2.924584 2.244709 -3.766852
 H -5.637540 3.852166 -6.982206
 H -4.425170 2.957017 -6.444910
 H 3.960253 -5.633869 1.010595
 H 4.668516 -4.881233 -0.105916
 H 0.325520 -0.699761 -6.648295
 H 1.194558 0.475774 -6.260734
 H -3.110117 -0.082671 -5.833391
 H -3.709216 0.853970 -4.762308
 H 0.044875 0.014065 1.917438
 H 0.811326 -0.797009 0.829542
 H 5.673992 -2.172294 -4.201376
 H 5.720011 -3.282715 -3.215808
 H 4.267694 0.222458 -0.768228
 H 4.740207 -1.226702 -0.721237
 H -0.689708 5.605527 3.151301
 H -1.305834 4.265999 3.368774
 H -3.939901 -0.646963 -2.656224
 H -5.463429 -0.876401 -2.819006
 H -0.166630 -5.432705 -0.527087
 H -0.576836 -3.992404 -0.000941
 H 5.701149 3.331293 -8.970099
 H 6.355456 2.245152 -8.050032
 H 2.986849 5.707145 4.754305
 H 3.715185 5.776859 6.118919
 H -5.493149 5.728252 -2.953742
 H -6.379191 6.747802 -2.046503
 H -0.143101 1.603120 -2.375756
 H 1.175708 0.852927 -2.918701
 H -4.088511 -3.692046 -0.418219
 H -5.145362 -4.720736 0.097572
 H -3.043475 6.012422 1.758581
 H -3.708706 6.548535 3.012800
 H -3.297435 2.864366 4.163833
 H -2.164814 3.127783 5.248104
 H -2.625698 -0.215024 -0.842369
 H -3.578930 -0.617709 0.244180
 H -1.390091 -0.842896 4.039791
 H -2.494330 -1.495259 4.936818
 H 1.256776 2.475560 4.425311
 H 1.541863 2.713022 5.954271
 H -5.792473 1.442982 2.176156
 H -4.744148 1.768363 1.078914
 H 2.702747 5.883952 -1.900580
 H 4.247403 5.729798 -1.840505
 H 0.384433 -5.375073 -3.749287
 H 0.708357 -5.933772 -2.483138
 H -4.907344 4.404320 -4.639468
 H -3.831579 3.967063 -3.601894
 H 5.063109 1.185977 7.334032
 H 6.156909 1.859082 6.578068
 H -1.586121 1.913415 1.718228
 H -0.501076 2.043964 2.847840
 H 0.592699 -2.184324 -2.337693
 H 0.646290 -1.289807 -3.564256
 H 0.284672 -3.614240 -4.816434
 H 0.197328 -3.538995 -6.356890
 H 7.101141 -6.009394 5.010886
 H 6.158636 -5.048497 4.105611
 H 4.067991 -3.719266 1.781344
 H 3.005571 -3.039579 0.807776
 H 5.866639 -1.623106 1.971990
 H 5.153743 -0.667721 2.898558
 H 2.667256 4.008508 -4.651801
 H 1.499716 4.538650 -3.728977
 H 0.035541 -9.052180 0.499818
 H -0.415327 -7.830652 1.297565
 H -4.537771 -2.381766 -6.037604
 H -4.775504 -2.260253 -7.585852
 H -3.817819 1.597748 -0.441428
 H -4.791848 1.069358 -1.462644
 H 4.980843 4.224998 -4.675990
 H 4.356378 3.904291 -6.041688
 H 2.418257 -0.786651 -0.781780
 H 1.105868 0.058632 -0.934018
 H -4.354999 -4.253651 2.216319
 H -5.800378 -4.779566 2.341185
 H 1.899192 3.290907 2.193859
 H 1.874239 2.302885 0.984682
K_POINTS
 1
0.0 0.0 0.0 1.0