
&control
    calculation='scf'
    pseudo_dir = './',
    outdir='./outputs',
    disk_io='high'
/
&system
    ibrav= 1, celldm(1)=20.000000, nat=  192, ntyp= 2,
    ecutwfc = 30.0, nosym=.true., occupations='smearing',
    smearing='m-v', degauss=0.025
/
&electrons
    conv_thr =  1.0d-8,
    mixing_beta = 0.7
/
&ions
    pot_extrapolation='second-order'
    wfc_extrapolation='second-order'
    ion_temperature = 'andersen'
    tempw = 1000

/
ATOMIC_SPECIES
 H  1.01  H.blyp-hgh.UPF
 O  16.0  O.blyp-hgh.UPF
ATOMIC_POSITIONS bohr
 O -5.941675 -1.826718 0.045406
 O 3.766297 -1.607660 6.058922
 O -5.681112 7.271180 -5.533820
 O 2.130213 2.998562 -0.582641
 O -4.780201 1.224707 4.394895
 O 0.358781 5.785603 6.225394
 O -2.271525 -5.685447 -2.599006
 O 4.493169 0.796881 4.764518
 O -2.192804 -6.674629 6.324299
 O 1.791756 -2.912781 3.597282
 O 1.950577 -5.551111 1.961879
 O -2.637452 -4.252862 5.292813
 O -3.600280 -6.878801 0.129813
 O -3.417275 -3.741958 -4.526453
 O 2.486435 -4.619282 -1.068160
 O -1.220226 2.937404 -1.763965
 O -1.487636 -2.858417 1.052949
 O -0.263705 -4.830827 3.386864
 O 3.903039 -3.852792 -3.718553
 O 5.334087 4.172097 1.691025
 O 4.849064 -3.951952 4.577747
 O -2.272495 -1.011258 -3.490200
 O -1.371925 3.319290 -4.810146
 O 5.006341 1.175418 0.273848
 O 3.590363 1.526734 -3.692482
 O -4.864281 3.815621 -6.322691
 O 4.874185 -5.391546 0.698687
 O 1.050010 -0.469547 -6.021403
 O -2.915180 0.726423 -5.318831
 O 0.502221 -0.865066 1.756096
 O 6.120054 -2.401069 -3.368845
 O 4.041693 -0.667480 -1.152014
 O -0.674805 4.703778 2.802641
 O -4.795150 -0.157420 -2.663202
 O 0.072570 -4.492378 -0.550213
 O 5.797533 3.046603 -8.036526
 O 3.785897 5.424557 5.207931
 O -6.424076 6.087827 -2.803296
 O 0.313174 0.712121 -2.504239
 O -4.729311 -4.363090 -0.708301
 O -3.000206 6.796748 2.385101
 O -2.378135 3.139566 4.308558
 O -2.896810 0.062006 0.083409
 O -1.585046 -1.100758 4.955114
 O 1.270174 2.007249 5.316707
 O -5.305808 2.177843 1.765062
 O 3.419019 5.211072 -1.739220
 O 1.138158 -5.860016 -3.352836
 O -4.405414 4.717445 -3.890144
 O 5.961519 1.539136 7.480383
 O -0.755620 1.541562 2.032050
 O 0.458819 -2.226372 -3.294654
 O -0.268303 -3.923433 -5.579545
 O 6.774661 -5.816962 4.103296
 O 3.675389 -2.859437 1.490532
 O 5.932995 -1.274477 2.894849
 O 1.660374 3.949303 -4.524462
 O -0.284485 -8.156641 0.344459
 O -4.603783 -1.738684 -6.774602
 O -4.710162 1.837224 -0.804169
 O 4.122717 4.240935 -5.141700
 O 1.395194 -0.857171 -0.717201
 O -5.259661 -4.171540 1.817176
 O 1.844380 2.329406 1.970270
 H -5.488125 -2.006558 -0.805190
 H -6.159739 -2.734980 0.384422
 H 2.853464 -1.231125 6.162370
 H 3.705694 -2.258191 5.319735
 H -5.885637 6.483959 -4.987955
 H -4.800348 7.469343 -5.166613
 H 2.836135 3.626408 -0.329503
 H 1.876913 3.287414 -1.491130
 H -5.036508 0.450292 4.932673
 H -4.175807 0.841254 3.749720
 H 0.306318 6.740442 6.503051
 H 0.751841 5.181997 6.896579
 H -2.987913 -5.881982 -3.220950
 H -2.357113 -6.024238 -1.695037
 H 4.060725 1.453402 5.336807
 H 4.059907 -0.060669 4.996544
 H -2.723664 -7.464150 6.087739
 H -1.260356 -6.905121 6.546861
 H 1.265557 -2.135215 3.179191
 H 2.624892 -2.909098 3.082581
 H 1.214573 -5.578470 2.616680
 H 1.623426 -5.055707 1.186349
 H -2.439159 -5.095538 5.803815
 H -2.482008 -4.705899 4.433261
 H -3.724397 -7.802786 -0.175945
 H -4.241221 -6.291492 -0.331401
 H -3.105535 -3.027480 -3.938453
 H -2.691988 -4.317480 -4.814245
 H 3.203295 -4.204715 -1.567439
 H 1.649032 -4.102437 -0.995779
 H -1.645624 3.474289 -2.437866
 H -0.878467 3.581733 -1.066908
 H -2.019025 -2.497917 0.313539
 H -0.799254 -2.147387 1.180012
 H 0.461728 -4.124538 3.275449
 H -0.923304 -4.701358 2.672310
 H 3.499038 -4.294907 -4.522319
 H 3.571901 -2.949622 -3.891414
 H 5.394833 5.132967 1.553781
 H 6.249836 3.888404 1.428984
 H 5.602774 -3.428138 4.915541
 H 4.885439 -4.698369 5.233218
 H -1.391224 -1.460499 -3.441826
 H -2.010532 -0.170516 -3.944327
 H -0.418476 3.477853 -4.718490
 H -1.413573 2.359941 -4.990688
 H 5.430106 1.870391 -0.271919
 H 4.457623 1.666369 0.919521
 H 4.069388 1.692850 -2.852732
 H 2.930119 2.252459 -3.758566
 H -5.632879 3.860429 -6.971188
 H -4.434888 2.955294 -6.445163
 H 3.962951 -5.624330 1.026073
 H 4.642232 -4.904131 -0.118013
 H 0.329828 -0.683074 -6.651963
 H 1.213473 0.480599 -6.233944
 H -3.116611 -0.069803 -5.837833
 H -3.699211 0.861554 -4.749509
 H 0.015201 -0.003628 1.945643
 H 0.811550 -0.799848 0.828021
 H 5.684499 -2.175791 -4.208410
 H 5.700664 -3.272728 -3.228083
 H 4.272187 0.214303 -0.784539
 H 4.737226 -1.230791 -0.698701
 H -0.716479 5.611687 3.135999
 H -1.293672 4.261152 3.378954
 H -3.928689 -0.627509 -2.657150
 H -5.449693 -0.887634 -2.823212
 H -0.169089 -5.437643 -0.512634
 H -0.568055 -3.981377 0.003055
 H 5.690466 3.292168 -8.990584
 H 6.347148 2.240120 -8.058058
 H 2.980914 5.686705 4.724086
 H 3.714516 5.778273 6.109595
 H -5.475748 5.762308 -2.957294
 H -6.354766 6.724879 -2.038934
 H -0.131056 1.593210 -2.375199
 H 1.179117 0.839439 -2.920353
 H -4.106852 -3.673632 -0.416454
 H -5.138013 -4.734540 0.093376
 H -3.045354 6.033616 1.744807
 H -3.699702 6.552848 3.019501
 H -3.293092 2.875693 4.171287
 H -2.160905 3.128134 5.256532
 H -2.612384 -0.180165 -0.838198
 H -3.578656 -0.628902 0.244642
 H -1.397582 -0.863193 4.024030
 H -2.485818 -1.504794 4.928864
 H 1.288974 2.501734 4.446221
 H 1.574204 2.703072 5.936417
 H -5.802115 1.438874 2.182684
 H -4.766963 1.749811 1.076772
 H 2.696054 5.878075 -1.878338
 H 4.258859 5.706328 -1.846411
 H 0.375548 -5.396985 -3.748504
 H 0.702692 -5.970138 -2.484112
 H -4.907707 4.403209 -4.649431
 H -3.860373 3.957893 -3.600688
 H 5.082269 1.165773 7.337130
 H 6.158989 1.866910 6.594930
 H -1.573075 1.898878 1.686768
 H -0.505913 2.055441 2.847845
 H 0.587379 -2.185666 -2.327250
 H 0.618482 -1.284089 -3.550737
 H 0.284439 -3.613911 -4.816010
 H 0.176997 -3.546818 -6.365129
 H 7.105598 -6.005907 5.006591
 H 6.141723 -5.058954 4.111957
 H 4.075344 -3.699008 1.799966
 H 2.994095 -3.048687 0.813428
 H 5.840465 -1.622592 1.981587
 H 5.151577 -0.667219 2.936140
 H 2.665166 4.018886 -4.635009
 H 1.502700 4.534008 -3.734500
 H 0.073460 -9.053244 0.496708
 H -0.399279 -7.851453 1.292305
 H -4.534897 -2.415946 -6.058275
 H -4.766765 -2.241807 -7.601323
 H -3.825159 1.591841 -0.431992
 H -4.782501 1.071917 -1.453890
 H 5.004943 4.229749 -4.714038
 H 4.333770 3.900980 -6.038042
 H 2.414494 -0.789523 -0.769925
 H 1.087205 0.049103 -0.948254
 H -4.354419 -4.218202 2.214826
 H -5.798975 -4.780000 2.345621
 H 1.936901 3.285435 2.170681
 H 1.880092 2.284092 0.987367
K_POINTS
 1
0.0 0.0 0.0 1.0