
&control
    calculation='scf'
    pseudo_dir = './',
    outdir='./outputs',
    disk_io='high'
/
&system
    ibrav= 1, celldm(1)=20.000000, nat=  192, ntyp= 2,
    ecutwfc = 30.0, nosym=.true., occupations='smearing',
    smearing='m-v', degauss=0.025
/
&electrons
    conv_thr =  1.0d-8,
    mixing_beta = 0.7
/
&ions
    pot_extrapolation='second-order'
    wfc_extrapolation='second-order'
    ion_temperature = 'andersen'
    tempw = 1000

/
ATOMIC_SPECIES
 H  1.01  H.blyp-hgh.UPF
 O  16.0  O.blyp-hgh.UPF
ATOMIC_POSITIONS bohr
 O -5.944657 -1.828867 0.045779
 O 3.766657 -1.603556 6.056765
 O -5.682411 7.273486 -5.531994
 O 2.131745 3.004544 -0.580455
 O -4.776162 1.220648 4.396129
 O 0.358588 5.781936 6.223303
 O -2.279069 -5.686336 -2.598634
 O 4.496143 0.790216 4.761321
 O -2.190714 -6.671710 6.329583
 O 1.792693 -2.916387 3.596970
 O 1.948890 -5.548514 1.958197
 O -2.635124 -4.256170 5.291453
 O -3.595424 -6.882423 0.127826
 O -3.414756 -3.739407 -4.526108
 O 2.488820 -4.616471 -1.061091
 O -1.220684 2.935892 -1.768102
 O -1.490082 -2.857358 1.048422
 O -0.264526 -4.831825 3.383922
 O 3.897235 -3.853670 -3.714445
 O 5.338467 4.171501 1.688659
 O 4.845103 -3.950748 4.580994
 O -2.268475 -1.008750 -3.492015
 O -1.372007 3.317407 -4.808564
 O 5.009477 1.174831 0.272502
 O 3.594637 1.525544 -3.695001
 O -4.859363 3.819173 -6.326642
 O 4.873195 -5.390906 0.696560
 O 1.054460 -0.468602 -6.018665
 O -2.916452 0.729511 -5.317982
 O 0.501445 -0.864910 1.755272
 O 6.122462 -2.401314 -3.367131
 O 4.040540 -0.672513 -1.151685
 O -0.679054 4.708847 2.800071
 O -4.795940 -0.157797 -2.660498
 O 0.072502 -4.494999 -0.546019
 O 5.794323 3.045695 -8.041695
 O 3.779140 5.423025 5.202561
 O -6.428741 6.089336 -2.808470
 O 0.316569 0.707299 -2.505186
 O -4.729940 -4.366165 -0.711483
 O -3.000095 6.802745 2.387067
 O -2.377057 3.140658 4.316958
 O -2.901453 0.065202 0.087106
 O -1.583125 -1.096131 4.951771
 O 1.274784 2.004311 5.315481
 O -5.309939 2.173295 1.765772
 O 3.418577 5.206391 -1.738111
 O 1.138583 -5.857562 -3.349135
 O -4.412760 4.719371 -3.891341
 O 5.962485 1.540159 7.486440
 O -0.750728 1.545301 2.031392
 O 0.462249 -2.228041 -3.292450
 O -0.268572 -3.925585 -5.577730
 O 6.773946 -5.814794 4.103269
 O 3.670702 -2.860308 1.490440
 O 5.935190 -1.269442 2.896776
 O 1.656498 3.945730 -4.526662
 O -0.275443 -8.160538 0.341884
 O -4.605911 -1.743994 -6.771378
 O -4.709066 1.844368 -0.806649
 O 4.122323 4.241744 -5.137091
 O 1.396107 -0.856570 -0.717607
 O -5.260299 -4.171267 1.815839
 O 1.842343 2.328053 1.972280
 H -5.492336 -1.995028 -0.806501
 H -6.162670 -2.735409 0.390059
 H 2.852709 -1.229328 6.159331
 H 3.709847 -2.251369 5.320610
 H -5.873730 6.488907 -4.979987
 H -4.807839 7.475558 -5.157357
 H 2.840237 3.629385 -0.328587
 H 1.891116 3.283427 -1.493955
 H -5.034088 0.450872 4.934866
 H -4.183515 0.840781 3.736958
 H 0.317204 6.737263 6.495545
 H 0.767751 5.184174 6.889641
 H -2.991734 -5.880936 -3.225308
 H -2.371752 -6.011123 -1.690642
 H 4.075220 1.449553 5.343003
 H 4.067789 -0.063294 5.019150
 H -2.722022 -7.462830 6.090473
 H -1.257331 -6.906300 6.546406
 H 1.264968 -2.138981 3.188048
 H 2.630619 -2.910108 3.087677
 H 1.210356 -5.579960 2.612651
 H 1.609218 -5.056145 1.186639
 H -2.446510 -5.101618 5.800010
 H -2.481531 -4.701530 4.423762
 H -3.723030 -7.803093 -0.180248
 H -4.231790 -6.288850 -0.326889
 H -3.111578 -3.027349 -3.935563
 H -2.689154 -4.309296 -4.818352
 H 3.199480 -4.201229 -1.571146
 H 1.649167 -4.101496 -0.998029
 H -1.643139 3.479310 -2.443672
 H -0.877542 3.589562 -1.078731
 H -2.024630 -2.496105 0.313522
 H -0.795988 -2.145771 1.181252
 H 0.446808 -4.104285 3.285083
 H -0.924357 -4.694991 2.672468
 H 3.475848 -4.285348 -4.510168
 H 3.563220 -2.955836 -3.894456
 H 5.405783 5.127751 1.543865
 H 6.250109 3.875524 1.412234
 H 5.597089 -3.422932 4.915558
 H 4.902795 -4.702062 5.228383
 H -1.385571 -1.449777 -3.443108
 H -2.016990 -0.165704 -3.949127
 H -0.419727 3.471328 -4.716226
 H -1.430431 2.361202 -5.001140
 H 5.432971 1.863245 -0.280190
 H 4.453507 1.674697 0.904482
 H 4.058152 1.695737 -2.847664
 H 2.933368 2.256205 -3.754323
 H -5.630030 3.863643 -6.966269
 H -4.440008 2.954014 -6.445486
 H 3.964920 -5.619765 1.033620
 H 4.629152 -4.915812 -0.123662
 H 0.331694 -0.675187 -6.653432
 H 1.222923 0.482639 -6.220788
 H -3.119769 -0.063702 -5.840360
 H -3.694468 0.865068 -4.743159
 H 0.000995 -0.013407 1.959301
 H 0.812781 -0.801327 0.826016
 H 5.689896 -2.176850 -4.212389
 H 5.691199 -3.267957 -3.233997
 H 4.274636 0.210672 -0.791918
 H 4.734817 -1.232093 -0.688045
 H -0.729268 5.616028 3.128588
 H -1.289636 4.256897 3.385274
 H -3.923028 -0.617568 -2.658335
 H -5.442803 -0.892882 -2.825467
 H -0.170414 -5.439819 -0.505009
 H -0.564060 -3.975812 0.005521
 H 5.684743 3.273298 -9.000184
 H 6.343108 2.237064 -8.062591
 H 2.977972 5.676707 4.709124
 H 3.713633 5.778816 6.105072
 H -5.468403 5.779127 -2.958731
 H -6.342012 6.712602 -2.036830
 H -0.124925 1.588282 -2.375017
 H 1.181218 0.833301 -2.921452
 H -4.116164 -3.665096 -0.415153
 H -5.134301 -4.740298 0.093137
 H -3.046309 6.045344 1.737755
 H -3.695616 6.554965 3.023590
 H -3.291830 2.881129 4.175418
 H -2.159253 3.127953 5.260907
 H -2.605486 -0.161972 -0.835219
 H -3.578752 -0.633844 0.245354
 H -1.401505 -0.873481 4.016450
 H -2.480911 -1.509920 4.925238
 H 1.305238 2.513325 4.457972
 H 1.589988 2.697944 5.927558
 H -5.806642 1.437291 2.185458
 H -4.779201 1.740446 1.074919
 H 2.694147 5.874933 -1.866724
 H 4.264391 5.693962 -1.849883
 H 0.371166 -5.407869 -3.749272
 H 0.700637 -5.988405 -2.484070
 H -4.907966 4.401544 -4.656480
 H -3.875166 3.953696 -3.600307
 H 5.091049 1.155184 7.339449
 H 6.160499 1.871176 6.602799
 H -1.567821 1.892039 1.670930
 H -0.509078 2.060550 2.846141
 H 0.585002 -2.186221 -2.321584
 H 0.604647 -1.282087 -3.544166
 H 0.283662 -3.613128 -4.816351
 H 0.166303 -3.550646 -6.369340
 H 7.107163 -6.003079 5.004522
 H 6.133637 -5.064904 4.116085
 H 4.078589 -3.688856 1.808521
 H 2.988876 -3.053818 0.816600
 H 5.827747 -1.622171 1.986966
 H 5.151403 -0.667498 2.955430
 H 2.663800 4.024411 -4.627002
 H 1.504267 4.531558 -3.738352
 H 0.092970 -9.053624 0.495181
 H -0.392015 -7.861845 1.289651
 H -4.532934 -2.432934 -6.069157
 H -4.762264 -2.232405 -7.608535
 H -3.829257 1.589210 -0.427694
 H -4.778520 1.073851 -1.449515
 H 5.016288 4.231746 -4.732252
 H 4.322024 3.899607 -6.036554
 H 2.412002 -0.791349 -0.764118
 H 1.077535 0.043839 -0.956240
 H -4.354681 -4.200904 2.213570
 H -5.798153 -4.780559 2.347965
 H 1.955901 3.282164 2.158614
 H 1.882833 2.274924 0.988899
K_POINTS
 1
0.0 0.0 0.0 1.0