
&control
    calculation='scf'
    pseudo_dir = './',
    outdir='./outputs',
    disk_io='high'
/
&system
    ibrav= 1, celldm(1)=20.000000, nat=  192, ntyp= 2,
    ecutwfc = 30.0, nosym=.true., occupations='smearing',
    smearing='m-v', degauss=0.025
/
&electrons
    conv_thr =  1.0d-8,
    mixing_beta = 0.7
/
&ions
    pot_extrapolation='second-order'
    wfc_extrapolation='second-order'
    ion_temperature = 'andersen'
    tempw = 1000

/
ATOMIC_SPECIES
 H  1.01  H.blyp-hgh.UPF
 O  16.0  O.blyp-hgh.UPF
ATOMIC_POSITIONS bohr
 O -5.947652 -1.831079 0.046153
 O 3.766982 -1.599432 6.054607
 O -5.683734 7.275673 -5.530166
 O 2.133288 3.010487 -0.578365
 O -4.772088 1.216547 4.397441
 O 0.358415 5.778243 6.221160
 O -2.286395 -5.687140 -2.598296
 O 4.499089 0.783496 4.758133
 O -2.188799 -6.668777 6.334878
 O 1.793418 -2.919810 3.596635
 O 1.947300 -5.545970 1.954480
 O -2.632815 -4.259620 5.289977
 O -3.590537 -6.886115 0.125810
 O -3.412400 -3.736874 -4.525768
 O 2.491312 -4.613709 -1.053905
 O -1.221076 2.934388 -1.772164
 O -1.492503 -2.856280 1.043825
 O -0.265252 -4.832754 3.380938
 O 3.891302 -3.854590 -3.710504
 O 5.342971 4.170870 1.686237
 O 4.841202 -3.949608 4.584343
 O -2.264345 -1.006256 -3.493764
 O -1.372144 3.315473 -4.806992
 O 5.012567 1.174329 0.271157
 O 3.598782 1.524383 -3.697454
 O -4.854443 3.822840 -6.330528
 O 4.872100 -5.390279 0.694454
 O 1.058921 -0.467656 -6.015926
 O -2.917717 0.732735 -5.317119
 O 0.500494 -0.864768 1.754639
 O 6.124873 -2.401542 -3.365456
 O 4.039408 -0.677734 -1.151383
 O -0.683190 4.713961 2.797487
 O -4.796703 -0.158237 -2.657749
 O 0.072395 -4.497634 -0.541833
 O 5.791045 3.044911 -8.046903
 O 3.772381 5.421552 5.197055
 O -6.433259 6.090913 -2.813510
 O 0.319894 0.702503 -2.506132
 O -4.730553 -4.369283 -0.714870
 O -2.999935 6.808674 2.389043
 O -2.375832 3.141795 4.325277
 O -2.906053 0.068245 0.090707
 O -1.581244 -1.091481 4.948364
 O 1.279424 2.001568 5.314154
 O -5.313996 2.168727 1.766631
 O 3.418052 5.201723 -1.737021
 O 1.138900 -5.855137 -3.345368
 O -4.420016 4.721350 -3.892325
 O 5.963557 1.541201 7.492491
 O -0.745740 1.549018 2.030862
 O 0.465659 -2.229630 -3.290260
 O -0.268716 -3.927783 -5.575831
 O 6.773313 -5.812711 4.103111
 O 3.666037 -2.861077 1.490389
 O 5.937299 -1.264341 2.898672
 O 1.652633 3.942142 -4.528726
 O -0.266386 -8.164459 0.339245
 O -4.608049 -1.749307 -6.768179
 O -4.707871 1.851481 -0.809194
 O 4.122121 4.242511 -5.132434
 O 1.397098 -0.855992 -0.717956
 O -5.260937 -4.170912 1.814515
 O 1.840364 2.326736 1.974358
 H -5.496944 -1.983525 -0.807783
 H -6.165103 -2.735331 0.395452
 H 2.851820 -1.227891 6.156253
 H 3.713812 -2.244579 5.321702
 H -5.862494 6.494118 -4.972048
 H -4.814746 7.482829 -5.148139
 H 2.844344 3.632689 -0.328029
 H 1.905532 3.279303 -1.496073
 H -5.031839 0.451054 4.937319
 H -4.191000 0.840226 3.723685
 H 0.328171 6.733730 6.488225
 H 0.784170 5.186991 6.882799
 H -2.996030 -5.880435 -3.229074
 H -2.387421 -5.998395 -1.686430
 H 4.089659 1.445714 5.348720
 H 4.076004 -0.065889 5.042072
 H -2.720018 -7.460989 6.093623
 H -1.254159 -6.907677 6.545354
 H 1.265540 -2.143828 3.197387
 H 2.636320 -2.911127 3.092321
 H 1.206088 -5.581311 2.608299
 H 1.594811 -5.056778 1.187015
 H -2.454008 -5.107325 5.796364
 H -2.481023 -4.696272 4.414282
 H -3.721858 -7.803098 -0.184655
 H -4.222088 -6.286422 -0.322472
 H -3.117171 -3.027425 -3.932824
 H -2.685585 -4.300495 -4.822399
 H 3.195141 -4.197133 -1.575643
 H 1.649515 -4.100624 -1.000674
 H -1.640754 3.484532 -2.450130
 H -0.877107 3.597031 -1.090730
 H -2.030155 -2.494265 0.313766
 H -0.792748 -2.144030 1.182936
 H 0.431123 -4.084581 3.295101
 H -0.925441 -4.688355 2.672795
 H 3.453322 -4.275984 -4.496909
 H 3.554615 -2.961510 -3.897083
 H 5.416355 5.123067 1.533986
 H 6.249510 3.862216 1.395860
 H 5.591270 -3.417116 4.915415
 H 4.919496 -4.705467 5.223188
 H -1.380066 -1.439441 -3.444058
 H -2.024143 -0.161204 -3.954069
 H -0.420462 3.464857 -4.713955
 H -1.447473 2.362255 -5.011543
 H 5.436233 1.856055 -0.288015
 H 4.449394 1.683052 0.889354
 H 4.046830 1.698471 -2.842981
 H 2.937045 2.259652 -3.750116
 H -5.626966 3.866285 -6.961877
 H -4.445264 2.952411 -6.445947
 H 3.967282 -5.615357 1.041073
 H 4.616134 -4.927625 -0.129074
 H 0.333531 -0.667534 -6.654539
 H 1.232340 0.484404 -6.207820
 H -3.122900 -0.057846 -5.843095
 H -3.690000 0.868390 -4.736810
 H -0.012676 -0.023785 1.972494
 H 0.814679 -0.802733 0.823256
 H 5.695521 -2.177433 -4.216499
 H 5.681875 -3.263419 -3.239663
 H 4.277203 0.207383 -0.798775
 H 4.731730 -1.232877 -0.677873
 H -0.741693 5.621321 3.121382
 H -1.286746 4.251575 3.392250
 H -3.917388 -0.607495 -2.659994
 H -5.435930 -0.897914 -2.827821
 H -0.171824 -5.441777 -0.497108
 H -0.560341 -3.970276 0.008281
 H 5.678753 3.254997 -9.009323
 H 6.339124 2.233694 -8.067375
 H 2.975010 5.666923 4.694344
 H 3.712302 5.779264 6.100524
 H -5.462326 5.795723 -2.960052
 H -6.329108 6.699959 -2.035727
 H -0.118768 1.583432 -2.374905
 H 1.183678 0.827575 -2.922780
 H -4.125743 -3.657199 -0.413683
 H -5.130573 -4.745255 0.094052
 H -3.047283 6.057852 1.730688
 H -3.691835 6.557034 3.028148
 H -3.291227 2.886391 4.179826
 H -2.157770 3.127528 5.265643
 H -2.598511 -0.143346 -0.831573
 H -3.578879 -0.638263 0.246288
 H -1.405474 -0.883813 4.009035
 H -2.475499 -1.515249 4.921921
 H 1.321525 2.523875 4.470241
 H 1.605566 2.692775 5.919046
 H -5.811036 1.435974 2.187940
 H -4.791948 1.731031 1.072505
 H 2.693305 5.871656 -1.854790
 H 4.269647 5.681185 -1.853704
 H 0.366773 -5.418666 -3.750787
 H 0.699078 -6.006685 -2.483719
 H -4.908250 4.399241 -4.664821
 H -3.890222 3.949846 -3.600039
 H 5.099160 1.144210 7.342257
 H 6.162329 1.875692 6.610249
 H -1.563333 1.885488 1.655090
 H -0.512748 2.065313 2.843368
 H 0.582805 -2.186716 -2.315800
 H 0.590909 -1.280641 -3.537732
 H 0.282490 -3.611907 -4.817060
 H 0.155293 -3.554390 -6.373584
 H 7.108312 -5.999556 5.002575
 H 6.125792 -5.071264 4.120802
 H 4.081584 -3.678908 1.816577
 H 2.983990 -3.059410 0.819977
 H 5.815261 -1.621612 1.992728
 H 5.151824 -0.668107 2.975012
 H 2.662126 4.030064 -4.619326
 H 1.505760 4.529072 -3.742833
 H 0.112817 -9.053861 0.493592
 H -0.385293 -7.872136 1.287054
 H -4.530597 -2.449916 -6.080302
 H -4.757695 -2.222888 -7.615372
 H -3.833635 1.586856 -0.423633
 H -4.775078 1.076231 -1.445208
 H 5.027111 4.233522 -4.749855
 H 4.309904 3.898456 -6.035258
 H 2.409244 -0.793354 -0.758438
 H 1.067717 0.038268 -0.964805
 H -4.355339 -4.183952 2.212020
 H -5.797131 -4.781273 2.350356
 H 1.974999 3.278700 2.146327
 H 1.885447 2.265863 0.990631
K_POINTS
 1
0.0 0.0 0.0 1.0