
&control
    calculation='scf'
    pseudo_dir = './',
    outdir='./outputs',
    disk_io='high'
/
&system
    ibrav= 1, celldm(1)=20.000000, nat=  192, ntyp= 2,
    ecutwfc = 30.0, nosym=.true., occupations='smearing',
    smearing='m-v', degauss=0.025
/
&electrons
    conv_thr =  1.0d-8,
    mixing_beta = 0.7
/
&ions
    pot_extrapolation='second-order'
    wfc_extrapolation='second-order'
    ion_temperature = 'andersen'
    tempw = 1000

/
ATOMIC_SPECIES
 H  1.01  H.blyp-hgh.UPF
 O  16.0  O.blyp-hgh.UPF
ATOMIC_POSITIONS bohr
 O -5.959833 -1.840229 0.047907
 O 3.767952 -1.582382 6.046385
 O -5.689166 7.283302 -5.522805
 O 2.139676 3.033760 -0.570722
 O -4.755312 1.199981 4.403139
 O 0.358009 5.763081 6.212125
 O -2.313456 -5.689597 -2.597283
 O 4.510355 0.756133 4.745894
 O -2.182873 -6.657088 6.356152
 O 1.794601 -2.932061 3.595327
 O 1.941634 -5.536306 1.939392
 O -2.623833 -4.274662 5.282559
 O -3.570427 -6.901385 0.117723
 O -3.404885 -3.727113 -4.524691
 O 2.502516 -4.602910 -1.024243
 O -1.222255 2.929041 -1.788043
 O -1.501490 -2.851588 1.025056
 O -0.267036 -4.835333 3.368636
 O 3.866384 -3.858477 -3.696064
 O 5.362388 4.167596 1.675854
 O 4.826275 -3.945649 4.598696
 O -2.247009 -0.996252 -3.500101
 O -1.373500 3.307230 -4.800831
 O 5.024373 1.173120 0.265768
 O 3.613699 1.520434 -3.706447
 O -4.834599 3.838497 -6.345276
 O 4.866752 -5.387917 0.686219
 O 1.076638 -0.463983 -6.005110
 O -2.922553 0.746954 -5.313627
 O 0.494975 -0.864618 1.753859
 O 6.134263 -2.402291 -3.359615
 O 4.035166 -0.700357 -1.150310
 O -0.699220 4.734316 2.787539
 O -4.799269 -0.160559 -2.646287
 O 0.071566 -4.508159 -0.525116
 O 5.777468 3.042623 -8.068203
 O 3.745587 5.416064 5.173853
 O -6.449135 6.097733 -2.832380
 O 0.332507 0.683512 -2.509896
 O -4.732685 -4.382024 -0.729917
 O -2.998845 6.831748 2.396984
 O -2.369573 3.146778 4.357292
 O -2.924057 0.078964 0.104302
 O -1.574306 -1.072792 4.934043
 O 1.298330 1.992437 5.308082
 O -5.329323 2.150328 1.771423
 O 3.415320 5.183102 -1.732828
 O 1.139072 -5.845819 -3.329621
 O -4.448371 4.729399 -3.894674
 O 5.969007 1.545593 7.516586
 O -0.725363 1.563438 2.029406
 O 0.479064 -2.235238 -3.281240
 O -0.268262 -3.937138 -5.567532
 O 6.771616 -5.805301 4.101108
 O 3.647637 -2.862649 1.490650
 O 5.945014 -1.243405 2.906035
 O 1.637746 3.927674 -4.535730
 O -0.229892 -8.180522 0.328052
 O -4.616709 -1.770494 -6.755797
 O -4.702095 1.879548 -0.819938
 O 4.123433 4.245119 -5.113621
 O 1.401324 -0.854095 -0.718654
 O -5.263701 -4.168719 1.809332
 O 1.833106 2.321707 1.983054
 H -5.519153 -1.939315 -0.813468
 H -6.169447 -2.731120 0.413397
 H 2.846651 -1.225693 6.143697
 H 3.727529 -2.220672 5.325079
 H -5.826028 6.515665 -4.940299
 H -4.835351 7.523931 -5.112278
 H 2.860867 3.649312 -0.329175
 H 1.964586 3.262167 -1.499575
 H -5.024354 0.446044 4.949850
 H -4.220552 0.837434 3.667841
 H 0.372447 6.717315 6.460839
 H 0.854186 5.203944 6.856130
 H -3.017761 -5.883593 -3.237878
 H -2.460307 -5.951182 -1.671878
 H 4.148204 1.429932 5.365039
 H 4.112974 -0.076183 5.135277
 H -2.708211 -7.447766 6.110406
 H -1.240468 -6.914389 6.535291
 H 1.278064 -2.170565 3.237254
 H 2.656552 -2.915066 3.106786
 H 1.189875 -5.585238 2.587864
 H 1.536152 -5.061077 1.188468
 H -2.484678 -5.127624 5.783026
 H -2.478675 -4.666227 4.379747
 H -3.719413 -7.802157 -0.203994
 H -4.182274 -6.277682 -0.306995
 H -3.133964 -3.027790 -3.921661
 H -2.662992 -4.259715 -4.838169
 H 3.171608 -4.176217 -1.600392
 H 1.652883 -4.098744 -1.014763
 H -1.630649 3.503862 -2.480101
 H -0.879509 3.621705 -1.139098
 H -2.051794 -2.485642 0.316061
 H -0.782941 -2.137955 1.192885
 H 0.361086 -4.015031 3.338725
 H -0.931275 -4.659703 2.675112
 H 3.368558 -4.245364 -4.436872
 H 3.521357 -2.975236 -3.902048
 H 5.455076 5.111736 1.494525
 H 6.236527 3.805921 1.335520
 H 5.566809 -3.387574 4.912961
 H 4.978589 -4.716660 5.200193
 H -1.358244 -1.402656 -3.444618
 H -2.059043 -0.146816 -3.975317
 H -0.417650 3.438419 -4.705151
 H -1.516018 2.365530 -5.052069
 H 5.453871 1.827494 -0.315625
 H 4.432993 1.716347 0.828324
 H 4.002459 1.706630 -2.827517
 H 2.956795 2.268325 -3.735411
 H -5.614599 3.871983 -6.951341
 H -4.467342 2.943011 -6.448997
 H 3.979868 -5.599667 1.070619
 H 4.564971 -4.975909 -0.148740
 H 0.342748 -0.638337 -6.653766
 H 1.269303 0.488594 -6.158270
 H -3.135430 -0.036483 -5.855671
 H -3.676036 0.879634 -4.711166
 H -0.060732 -0.070214 2.018480
 H 0.827097 -0.806263 0.807395
 H 5.722153 -2.174974 -4.231569
 H 5.646293 -3.247982 -3.258731
 H 4.288114 0.197158 -0.821451
 H 4.712659 -1.231455 -0.642402
 H -0.788381 5.651462 3.094789
 H -1.281656 4.224073 3.422188
 H -3.895974 -0.566111 -2.671174
 H -5.409048 -0.916414 -2.838246
 H -0.178668 -5.447500 -0.462634
 H -0.548031 -3.949630 0.021610
 H 5.651934 3.188968 -9.040920
 H 6.323078 2.218338 -8.087670
 H 2.962470 5.630851 4.638142
 H 3.701407 5.780232 6.080274
 H -5.454274 5.858069 -2.966190
 H -6.278945 6.648918 -2.038388
 H -0.094582 1.565710 -2.375205
 H 1.197513 0.808682 -2.930574
 H -4.168484 -3.634214 -0.407758
 H -5.115213 -4.756230 0.106668
 H -3.051538 6.115285 1.703288
 H -3.679344 6.564719 3.049909
 H -3.294536 2.905879 4.200468
 H -2.153101 3.123363 5.291255
 H -2.570910 -0.066006 -0.810058
 H -3.578278 -0.649811 0.250747
 H -1.420764 -0.924865 3.980574
 H -2.448325 -1.538271 4.912824
 H 1.385726 2.556159 4.518132
 H 1.666596 2.672329 5.892684
 H -5.828614 1.432042 2.195817
 H -4.847679 1.693347 1.057060
 H 2.700830 5.858158 -1.804202
 H 4.286281 5.626310 -1.872432
 H 0.349130 -5.461003 -3.763251
 H 0.697680 -6.079057 -2.480620
 H -4.907784 4.386178 -4.707630
 H -3.952595 3.938500 -3.599278
 H 5.124974 1.096556 7.358105
 H 6.172428 1.895966 6.636208
 H -1.549652 1.861394 1.593795
 H -0.531998 2.083173 2.824541
 H 0.575683 -2.188434 -2.294301
 H 0.537690 -1.279757 -3.513617
 H 0.274981 -3.602035 -4.822918
 H 0.108575 -3.568224 -6.390339
 H 7.109456 -5.979156 4.997196
 H 6.096417 -5.099558 4.144488
 H 4.091778 -3.644000 1.844079
 H 2.967244 -3.087440 0.834825
 H 5.767340 -1.617697 2.019185
 H 5.158646 -0.673046 3.055746
 H 2.651273 4.052471 -4.593053
 H 1.509044 4.520109 -3.764715
 H 0.195010 -9.052611 0.485505
 H -0.364238 -7.911122 1.278060
 H -4.517241 -2.518447 -6.126340
 H -4.739049 -2.183741 -7.638733
 H -3.853351 1.580988 -0.408964
 H -4.767670 1.089990 -1.429845
 H 5.064178 4.238816 -4.813456
 H 4.256787 3.896673 -6.031111
 H 2.398197 -0.801892 -0.737693
 H 1.028227 0.013129 -1.004814
 H -4.361922 -4.120469 2.203680
 H -5.789360 -4.784586 2.359777
 H 2.052420 3.264673 2.096316
 H 1.894537 2.229896 1.000502
K_POINTS
 1
0.0 0.0 0.0 1.0