
&control
    calculation='scf'
    pseudo_dir = './',
    outdir='./outputs',
    disk_io='high'
/
&system
    ibrav= 1, celldm(1)=20.000000, nat=  192, ntyp= 2,
    ecutwfc = 30.0, nosym=.true., occupations='smearing',
    smearing='m-v', degauss=0.025
/
&electrons
    conv_thr =  1.0d-8,
    mixing_beta = 0.7
/
&ions
    pot_extrapolation='second-order'
    wfc_extrapolation='second-order'
    ion_temperature = 'andersen'
    tempw = 1000

/
ATOMIC_SPECIES
 H  1.01  H.blyp-hgh.UPF
 O  16.0  O.blyp-hgh.UPF
ATOMIC_POSITIONS bohr
 O -5.961381 -1.841363 0.048175
 O 3.768039 -1.580157 6.045442
 O -5.689836 7.284142 -5.521871
 O 2.140515 3.036604 -0.569815
 O -4.753141 1.197905 4.403867
 O 0.358004 5.761128 6.210953
 O -2.316595 -5.689832 -2.597188
 O 4.511682 0.752654 4.744464
 O -2.182309 -6.655639 6.358826
 O 1.794617 -2.933493 3.595201
 O 1.940975 -5.535151 1.937490
 O -2.622749 -4.276654 5.281439
 O -3.567829 -6.903329 0.116737
 O -3.404175 -3.725957 -4.524611
 O 2.504075 -4.601558 -1.020462
 O -1.222387 2.928502 -1.790033
 O -1.502490 -2.850946 1.022701
 O -0.267126 -4.835487 3.367061
 O 3.863152 -3.858951 -3.694363
 O 5.364975 4.167084 1.674467
 O 4.824493 -3.945213 4.600588
 O -2.244781 -0.994988 -3.500817
 O -1.373773 3.306136 -4.800080
 O 5.025776 1.173056 0.265094
 O 3.615352 1.520047 -3.707462
 O -4.832085 3.840538 -6.347022
 O 4.865987 -5.387636 0.685205
 O 1.078820 -0.463549 -6.003784
 O -2.923125 0.748868 -5.313195
 O 0.494109 -0.864680 1.753926
 O 6.135379 -2.402374 -3.359023
 O 4.034667 -0.703347 -1.150182
 O -0.701232 4.736804 2.786406
 O -4.799517 -0.160906 -2.644801
 O 0.071414 -4.509452 -0.523020
 O 5.775742 3.042391 -8.070924
 O 3.742289 5.415404 5.170837
 O -6.450824 6.098629 -2.834603
 O 0.334020 0.681154 -2.510370
 O -4.732912 -4.383643 -0.731903
 O -2.998668 6.834570 2.397989
 O -2.368663 3.147444 4.361120
 O -2.926265 0.080157 0.105935
 O -1.573517 -1.070459 4.932168
 O 1.300737 1.991487 5.307275
 O -5.331116 2.148018 1.772153
 O 3.414934 5.180758 -1.732319
 O 1.138961 -5.844705 -3.327577
 O -4.451874 4.730381 -3.894863
 O 5.969812 1.546167 7.519572
 O -0.722840 1.565160 2.029212
 O 0.480708 -2.235862 -3.280047
 O -0.268113 -3.938382 -5.566437
 O 6.771500 -5.804484 4.100702
 O 3.645372 -2.862639 1.490745
 O 5.945916 -1.240744 2.906943
 O 1.635991 3.925852 -4.536483
 O -0.225292 -8.182585 0.326588
 O -4.617803 -1.773130 -6.754307
 O -4.701265 1.883010 -0.821336
 O 4.123851 4.245390 -5.111281
 O 1.401824 -0.853921 -0.718648
 O -5.264093 -4.168363 1.808693
 O 1.832281 2.321106 1.984159
 H -5.522334 -1.934131 -0.814318
 H -6.169374 -2.730361 0.415159
 H 2.845793 -1.225804 6.142117
 H 3.728988 -2.218317 5.325102
 H -5.822555 6.518271 -4.936310
 H -4.837185 7.530494 -5.108023
 H 2.862925 3.651767 -0.329674
 H 1.972037 3.260028 -1.499728
 H -5.023543 0.444676 4.951669
 H -4.224435 0.837078 3.660876
 H 0.377981 6.715143 6.457614
 H 0.863313 5.206633 6.852811
 H -3.020936 -5.884522 -3.238245
 H -2.470518 -5.945654 -1.670421
 H 4.155717 1.427897 5.366185
 H 4.118152 -0.077434 5.146889
 H -2.706374 -7.445502 6.112940
 H -1.238728 -6.915268 6.533390
 H 1.280504 -2.174202 3.242221
 H 2.658541 -2.915529 3.108192
 H 1.188074 -5.585564 2.585016
 H 1.528816 -5.061804 1.188567
 H -2.488505 -5.130014 5.781459
 H -2.478329 -4.661516 4.376045
 H -3.719389 -7.802151 -0.206673
 H -4.177350 -6.276580 -0.305421
 H -3.135363 -3.027663 -3.920093
 H -2.659211 -4.254017 -4.840096
 H 3.167872 -4.173288 -1.604087
 H 1.653498 -4.098792 -1.016854
 H -1.629167 3.505731 -2.484056
 H -0.880181 3.624089 -1.145009
 H -2.054491 -2.484318 0.316355
 H -0.782320 -2.137470 1.194366
 H 0.351596 -4.007719 3.344535
 H -0.932278 -4.655953 2.675458
 H 3.358353 -4.242795 -4.429041
 H 3.517410 -2.975701 -3.901916
 H 5.459542 5.111202 1.489578
 H 6.233639 3.798654 1.328664
 H 5.563604 -3.383199 4.912416
 H 4.985014 -4.717822 5.197223
 H -1.355428 -1.398609 -3.444340
 H -2.064014 -0.145451 -3.978158
 H -0.416710 3.434923 -4.704137
 H -1.524463 2.366005 -5.056929
 H 5.456652 1.824005 -0.318738
 H 4.430971 1.720438 0.820653
 H 3.997196 1.707212 -2.825880
 H 2.959823 2.268722 -3.734002
 H -5.613223 3.872246 -6.950953
 H -4.470206 2.941603 -6.449477
 H 3.981681 -5.597962 1.074359
 H 4.558703 -4.982039 -0.151006
 H 0.344280 -0.634773 -6.652972
 H 1.273811 0.488807 -6.152384
 H -3.137008 -0.033950 -5.857348
 H -3.674803 0.880796 -4.707941
 H -0.065909 -0.076399 2.023286
 H 0.828972 -0.806354 0.805234
 H 5.726103 -2.174137 -4.233062
 H 5.642094 -3.246327 -3.260622
 H 4.289469 0.196072 -0.823832
 H 4.709613 -1.230908 -0.638529
 H -0.793939 5.656001 3.091692
 H -1.281214 4.220478 3.425633
 H -3.893516 -0.560846 -2.673053
 H -5.405793 -0.918595 -2.839662
 H -0.179701 -5.448016 -0.457998
 H -0.546735 -3.947352 0.023446
 H 5.648245 3.181666 -9.044295
 H 6.320977 2.216368 -8.090206
 H 2.960781 5.626768 4.631544
 H 3.699322 5.780274 6.077349
 H -5.455282 5.865188 -2.967286
 H -6.273115 6.642826 -2.039146
 H -0.091677 1.563762 -2.375327
 H 1.199640 0.806743 -2.931803
 H -4.174411 -3.632439 -0.407170
 H -5.113200 -4.756522 0.108918
 H -3.052131 6.123192 1.700029
 H -3.677978 6.565618 3.052850
 H -3.295386 2.908189 4.203421
 H -2.152633 3.122568 5.295396
 H -2.567582 -0.056192 -0.806630
 H -3.577985 -0.650530 0.251241
 H -1.422510 -0.929895 3.977119
 H -2.444310 -1.541324 4.912259
 H 1.393541 2.559205 4.523304
 H 1.674136 2.669813 5.890619
 H -5.830967 1.431539 2.196681
 H -4.855172 1.688709 1.054507
 H 2.702915 5.856597 -1.797603
 H 4.287756 5.619088 -1.875154
 H 0.346984 -5.466243 -3.765370
 H 0.698042 -6.087912 -2.480222
 H -4.907298 4.384424 -4.713573
 H -3.960546 3.937538 -3.599110
 H 5.127629 1.090276 7.360586
 H 6.173923 1.898678 6.639133
 H -1.547980 1.858510 1.586636
 H -0.534839 2.085583 2.821747
 H 0.574974 -2.188655 -2.292055
 H 0.531309 -1.280099 -3.510819
 H 0.273866 -3.600160 -4.823881
 H 0.102472 -3.569803 -6.392338
 H 7.109295 -5.975976 4.996910
 H 6.092915 -5.103283 4.147859
 H 4.092911 -3.640400 1.847007
 H 2.965397 -3.091675 0.836748
 H 5.761540 -1.617002 2.022808
 H 5.159955 -0.673841 3.066065
 H 2.649380 4.055098 -4.590374
 H 1.508951 4.519266 -3.767613
 H 0.205537 -9.052125 0.484198
 H -0.362295 -7.915659 1.277135
 H -4.515097 -2.527104 -6.132180
 H -4.736711 -2.178737 -7.641196
 H -3.855969 1.580712 -0.407218
 H -4.767541 1.092141 -1.428267
 H 5.068012 4.239310 -4.820591
 H 4.249567 3.896831 -6.030593
 H 2.397106 -0.802891 -0.735389
 H 1.023406 0.009670 -1.010448
 H -4.363150 -4.113093 2.202484
 H -5.787834 -4.784953 2.360889
 H 2.062208 3.262981 2.090091
 H 1.895502 2.225346 1.002131
K_POINTS
 1
0.0 0.0 0.0 1.0