
&control
    calculation='scf'
    pseudo_dir = './',
    outdir='./outputs',
    disk_io='high'
/
&system
    ibrav= 1, celldm(1)=20.000000, nat=  192, ntyp= 2,
    ecutwfc = 30.0, nosym=.true., occupations='smearing',
    smearing='m-v', degauss=0.025
/
&electrons
    conv_thr =  1.0d-8,
    mixing_beta = 0.7
/
&ions
    pot_extrapolation='second-order'
    wfc_extrapolation='second-order'
    ion_temperature = 'andersen'
    tempw = 1000

/
ATOMIC_SPECIES
 H  1.01  H.blyp-hgh.UPF
 O  16.0  O.blyp-hgh.UPF
ATOMIC_POSITIONS bohr
 O -5.964493 -1.843590 0.048752
 O 3.768192 -1.575630 6.043629
 O -5.691144 7.285753 -5.519981
 O 2.142232 3.042242 -0.568013
 O -4.748740 1.193747 4.405315
 O 0.358036 5.757172 6.208591
 O -2.322726 -5.690265 -2.597007
 O 4.514272 0.745649 4.741697
 O -2.181277 -6.652745 6.364190
 O 1.794614 -2.936343 3.595000
 O 1.939672 -5.532874 1.933677
 O -2.620615 -4.280691 5.279067
 O -3.562565 -6.907227 0.114797
 O -3.402907 -3.723701 -4.524498
 O 2.507314 -4.598827 -1.012873
 O -1.222660 2.927541 -1.794048
 O -1.504385 -2.849621 1.018006
 O -0.267223 -4.835659 3.363890
 O 3.856621 -3.859860 -3.691000
 O 5.370244 4.165996 1.671626
 O 4.820992 -3.944371 4.604428
 O -2.240305 -0.992449 -3.502196
 O -1.374389 3.303902 -4.798595
 O 5.028523 1.172985 0.263748
 O 3.618508 1.519351 -3.709409
 O -4.827027 3.844650 -6.350450
 O 4.864401 -5.387086 0.683185
 O 1.083155 -0.462707 -6.001149
 O -2.924249 0.752776 -5.312339
 O 0.492276 -0.864883 1.754140
 O 6.137555 -2.402543 -3.357949
 O 4.033685 -0.709401 -1.149925
 O -0.705300 4.741724 2.784259
 O -4.799956 -0.161633 -2.641795
 O 0.071073 -4.512007 -0.518815
 O 5.772287 3.041934 -8.076405
 O 3.735740 5.414090 5.164736
 O -6.453991 6.100445 -2.838966
 O 0.337018 0.676448 -2.511325
 O -4.733342 -4.386904 -0.735899
 O -2.998293 6.840183 2.400019
 O -2.366780 3.148798 4.368651
 O -2.930652 0.082465 0.109176
 O -1.571992 -1.065802 4.928358
 O 1.305586 1.989704 5.305660
 O -5.334602 2.143395 1.773684
 O 3.414152 5.176039 -1.731309
 O 1.138642 -5.842514 -3.323445
 O -4.458878 4.732304 -3.895228
 O 5.971492 1.547324 7.525510
 O -0.717857 1.568529 2.028748
 O 0.483972 -2.237066 -3.277597
 O -0.267770 -3.940927 -5.564225
 O 6.771331 -5.802926 4.099787
 O 3.640872 -2.862468 1.490984
 O 5.947694 -1.235404 2.908758
 O 1.632574 3.922201 -4.537918
 O -0.216065 -8.186754 0.323624
 O -4.619998 -1.778395 -6.751365
 O -4.699540 1.889903 -0.824163
 O 4.124861 4.245893 -5.106629
 O 1.402769 -0.853623 -0.718566
 O -5.264920 -4.167600 1.807414
 O 1.830694 2.319933 1.986370
 H -5.528957 -1.924069 -0.816149
 H -6.168832 -2.728867 0.418341
 H 2.843916 -1.226267 6.138963
 H 3.731733 -2.214151 5.324747
 H -5.816384 6.523346 -4.928316
 H -4.840493 7.544564 -5.099773
 H 2.867009 3.656910 -0.330892
 H 1.986926 3.255795 -1.500041
 H -5.021958 0.441443 4.955392
 H -4.232480 0.836407 3.647195
 H 0.389012 6.710806 6.451273
 H 0.881716 5.212345 6.846116
 H -3.027537 -5.886696 -3.238477
 H -2.491610 -5.934805 -1.667843
 H 4.170918 1.423811 5.367804
 H 4.128940 -0.079874 5.169923
 H -2.702553 -7.440675 6.118251
 H -1.235298 -6.916978 6.529174
 H 1.285703 -2.181220 3.251918
 H 2.662007 -2.916433 3.110776
 H 1.184696 -5.586113 2.579176
 H 1.514228 -5.063385 1.188670
 H -2.496104 -5.134788 5.778358
 H -2.477584 -4.651537 4.369129
 H -3.719547 -7.802341 -0.212245
 H -4.167629 -6.274308 -0.302569
 H -3.137678 -3.027213 -3.916776
 H -2.651054 -4.242212 -4.843905
 H 3.159816 -4.167362 -1.611754
 H 1.654828 -4.099147 -1.021199
 H -1.625974 3.508884 -2.491956
 H -0.881699 3.628349 -1.156608
 H -2.059906 -2.481441 0.316867
 H -0.781606 -2.136760 1.197407
 H 0.332216 -3.994195 3.356356
 H -0.934518 -4.648397 2.676164
 H 3.338035 -4.238783 -4.413450
 H 3.509736 -2.975742 -3.901078
 H 5.468242 5.110643 1.479676
 H 6.227053 3.784030 1.315453
 H 5.557066 -3.374040 4.911152
 H 4.997177 -4.720004 5.191325
 H -1.349687 -1.390881 -3.443571
 H -2.074278 -0.143018 -3.983981
 H -0.414552 3.427712 -4.702212
 H -1.541154 2.367128 -5.066449
 H 5.462629 1.817107 -0.324782
 H 4.426974 1.728528 0.805284
 H 3.986971 1.708007 -2.822755
 H 2.966191 2.269058 -3.731597
 H -5.610664 3.872543 -6.950848
 H -4.475998 2.938740 -6.450466
 H 3.985384 -5.594747 1.081922
 H 4.546269 -4.994350 -0.155423
 H 0.347662 -0.627666 -6.650885
 H 1.282737 0.489052 -6.140847
 H -3.140168 -0.028886 -5.860701
 H -3.672694 0.882944 -4.701509
 H -0.075691 -0.088871 2.032186
 H 0.832781 -0.806241 0.801052
 H 5.734491 -2.172118 -4.235673
 H 5.633914 -3.243138 -3.264039
 H 4.292108 0.193899 -0.828358
 H 4.703191 -1.229710 -0.631094
 H -0.804902 5.665340 3.085612
 H -1.280151 4.213545 3.431991
 H -3.888797 -0.550280 -2.677110
 H -5.399368 -0.922899 -2.842567
 H -0.181911 -5.448956 -0.448510
 H -0.544266 -3.943088 0.027167
 H 5.640635 3.167786 -9.050670
 H 6.316656 2.212509 -8.095196
 H 2.957296 5.618933 4.618689
 H 3.694616 5.780320 6.071159
 H -5.458634 5.878816 -2.969862
 H -6.261912 6.631047 -2.040684
 H -0.085986 1.560080 -2.375626
 H 1.204067 0.803116 -2.934389
 H -4.186648 -3.629635 -0.406183
 H -5.109087 -4.756342 0.113625
 H -3.053378 6.139390 1.693640
 H -3.675287 6.567384 3.058734
 H -3.297183 2.912770 4.209602
 H -2.151772 3.120803 5.304317
 H -2.561048 -0.036587 -0.799349
 H -3.577230 -0.651510 0.252100
 H -1.425834 -0.939842 3.970274
 H -2.435903 -1.547546 4.911571
 H 1.408977 2.564747 4.532684
 H 1.689169 2.664770 5.887483
 H -5.835883 1.430415 2.198406
 H -4.870520 1.679551 1.049035
 H 2.707732 5.853710 -1.784254
 H 4.290271 5.604458 -1.880849
 H 0.342809 -5.476737 -3.769848
 H 0.699116 -6.105416 -2.479544
 H -4.905876 4.381049 -4.725517
 H -3.976476 3.935881 -3.598642
 H 5.132761 1.077625 7.365874
 H 6.176995 1.904154 6.644879
 H -1.544361 1.852761 1.572845
 H -0.540751 2.090757 2.816197
 H 0.573678 -2.189126 -2.287983
 H 0.518777 -1.281005 -3.505396
 H 0.271621 -3.595925 -4.825874
 H 0.090109 -3.572851 -6.396215
 H 7.108830 -5.969255 4.996653
 H 6.085985 -5.110777 4.154776
 H 4.095107 -3.633789 1.852528
 H 2.961819 -3.100683 0.840583
 H 5.750037 -1.615473 2.030206
 H 5.162783 -0.675472 3.086835
 H 2.645223 4.060140 -4.585485
 H 1.508303 4.517882 -3.773325
 H 0.226718 -9.050885 0.481331
 H -0.358880 -7.924470 1.275410
 H -4.510484 -2.544452 -6.143898
 H -4.732050 -2.168666 -7.645822
 H -3.861228 1.580488 -0.403722
 H -4.767855 1.096690 -1.425424
 H 5.075097 4.240205 -4.834294
 H 4.234726 3.897442 -6.029475
 H 2.395296 -0.804766 -0.731019
 H 1.013938 0.002534 -1.022122
 H -4.365828 -4.098752 2.200051
 H -5.784345 -4.785608 2.363052
 H 2.081837 3.259614 2.077730
 H 1.897301 2.216148 1.005665
K_POINTS
 1
0.0 0.0 0.0 1.0