
&control
    calculation='scf'
    pseudo_dir = './',
    outdir='./outputs',
    disk_io='high'
/
&system
    ibrav= 1, celldm(1)=20.000000, nat=  192, ntyp= 2,
    ecutwfc = 30.0, nosym=.true., occupations='smearing',
    smearing='m-v', degauss=0.025
/
&electrons
    conv_thr =  1.0d-8,
    mixing_beta = 0.7
/
&ions
    pot_extrapolation='second-order'
    wfc_extrapolation='second-order'
    ion_temperature = 'andersen'
    tempw = 1000

/
ATOMIC_SPECIES
 H  1.01  H.blyp-hgh.UPF
 O  16.0  O.blyp-hgh.UPF
ATOMIC_POSITIONS bohr
 O -5.967621 -1.845743 0.049383
 O 3.768315 -1.571000 6.041921
 O -5.692390 7.287284 -5.518053
 O 2.144009 3.047812 -0.566212
 O -4.744253 1.189579 4.406740
 O 0.358135 5.753149 6.206212
 O -2.328669 -5.690655 -2.596834
 O 4.516768 0.738573 4.739070
 O -2.180358 -6.649850 6.369579
 O 1.794595 -2.939212 3.594885
 O 1.938378 -5.530635 1.929849
 O -2.618532 -4.284778 5.276521
 O -3.557208 -6.911131 0.112904
 O -3.401833 -3.721525 -4.524456
 O 2.510720 -4.596047 -1.005264
 O -1.222953 2.926745 -1.798127
 O -1.506129 -2.848241 1.013342
 O -0.267216 -4.835640 3.360691
 O 3.850009 -3.860697 -3.687679
 O 5.375630 4.164835 1.668696
 O 4.817574 -3.943564 4.608340
 O -2.235809 -0.989897 -3.503501
 O -1.375094 3.301602 -4.797134
 O 5.031188 1.172993 0.262403
 O 3.621466 1.518760 -3.711238
 O -4.821932 3.848786 -6.353798
 O 4.862748 -5.386547 0.681170
 O 1.087450 -0.461902 -5.998537
 O -2.925349 0.756783 -5.311495
 O 0.490321 -0.865209 1.754443
 O 6.139649 -2.402723 -3.357031
 O 4.032719 -0.715529 -1.149669
 O -0.709447 4.746567 2.782291
 O -4.800314 -0.162402 -2.638745
 O 0.070685 -4.514512 -0.514588
 O 5.768836 3.041474 -8.081937
 O 3.729261 5.412775 5.158545
 O -6.456879 6.102290 -2.843221
 O 0.339992 0.671757 -2.512297
 O -4.733750 -4.390203 -0.739903
 O -2.997899 6.845761 2.402086
 O -2.364826 3.150178 4.376022
 O -2.934998 0.084683 0.112399
 O -1.570539 -1.061161 4.924463
 O 1.310485 1.988075 5.304063
 O -5.337948 2.138765 1.775294
 O 3.413368 5.171259 -1.730307
 O 1.138185 -5.840374 -3.319254
 O -4.465893 4.734164 -3.895606
 O 5.973252 1.548491 7.531396
 O -0.712987 1.571779 2.028148
 O 0.487201 -2.238215 -3.275057
 O -0.267374 -3.943552 -5.561994
 O 6.771249 -5.801469 4.098741
 O 3.636415 -2.862091 1.491293
 O 5.949446 -1.230045 2.910578
 O 1.629291 3.918537 -4.539269
 O -0.206808 -8.190980 0.320621
 O -4.622200 -1.783655 -6.748474
 O -4.697735 1.896758 -0.827029
 O 4.126101 4.246346 -5.102028
 O 1.403620 -0.853396 -0.718384
 O -5.265813 -4.166768 1.806130
 O 1.829197 2.318810 1.988579
 H -5.535926 -1.914456 -0.818161
 H -6.167779 -2.727535 0.421073
 H 2.841817 -1.227040 6.135821
 H 3.734252 -2.210743 5.323831
 H -5.811253 6.528220 -4.920310
 H -4.843452 7.559852 -5.091947
 H 2.871031 3.662350 -0.332388
 H 2.001766 3.251641 -1.500476
 H -5.020385 0.437588 4.959153
 H -4.240981 0.835815 3.633990
 H 0.399968 6.706522 6.445057
 H 0.900244 5.218477 6.839297
 H -3.034437 -5.889264 -3.238042
 H -2.513546 -5.924205 -1.665785
 H 4.186361 1.419735 5.368499
 H 4.140337 -0.082203 5.192596
 H -2.698625 -7.435550 6.123847
 H -1.231987 -6.918580 6.524417
 H 1.291135 -2.187587 3.261155
 H 2.664718 -2.917309 3.113079
 H 1.181651 -5.586533 2.573189
 H 1.499808 -5.065141 1.188631
 H -2.503598 -5.139607 5.775279
 H -2.476749 -4.640892 4.362867
 H -3.719985 -7.802851 -0.218117
 H -4.158113 -6.271924 -0.300134
 H -3.139363 -3.026483 -3.913206
 H -2.642166 -4.229844 -4.847639
 H 3.150963 -4.161435 -1.619705
 H 1.656271 -4.099890 -1.025718
 H -1.622444 3.511149 -2.499778
 H -0.883401 3.631928 -1.167820
 H -2.065357 -2.478230 0.317239
 H -0.781644 -2.136417 1.200512
 H 0.312378 -3.982204 3.368421
 H -0.937082 -4.640801 2.676890
 H 3.317746 -4.236396 -4.398084
 H 3.502415 -2.974629 -3.899437
 H 5.476641 5.110649 1.469771
 H 6.219453 3.769314 1.302909
 H 5.550339 -3.364383 4.909649
 H 5.008409 -4.721995 5.185549
 H -1.343792 -1.383622 -3.442533
 H -2.084913 -0.140977 -3.990011
 H -0.412124 3.420158 -4.700458
 H -1.557510 2.368555 -5.075655
 H 5.469172 1.810325 -0.330599
 H 4.423058 1.736462 0.789873
 H 3.977211 1.708264 -2.819799
 H 2.972901 2.268832 -3.729816
 H -5.608382 3.872581 -6.951638
 H -4.481875 2.935900 -6.451473
 H 3.989138 -5.591802 1.089626
 H 4.533975 -5.006726 -0.159686
 H 0.351476 -0.620580 -6.648142
 H 1.291536 0.489079 -6.129642
 H -3.143329 -0.023765 -5.864008
 H -3.671047 0.884853 -4.695135
 H -0.084720 -0.101368 2.040107
 H 0.836578 -0.805713 0.797207
 H 5.743549 -2.169649 -4.237751
 H 5.626061 -3.240061 -3.266954
 H 4.294611 0.191631 -0.832613
 H 4.696425 -1.228480 -0.624010
 H -0.815677 5.674837 3.079658
 H -1.278710 4.207154 3.437480
 H -3.884365 -0.539686 -2.681543
 H -5.393060 -0.927135 -2.845566
 H -0.184331 -5.449802 -0.438737
 H -0.541938 -3.939260 0.030914
 H 5.632712 3.154915 -9.056557
 H 6.312149 2.208817 -8.100038
 H 2.953659 5.611559 4.606316
 H 3.689172 5.780329 6.064487
 H -5.463680 5.891534 -2.973054
 H -6.251403 6.619918 -2.042100
 H -0.080471 1.556689 -2.375997
 H 1.208648 0.799801 -2.937106
 H -4.199351 -3.627781 -0.405495
 H -5.104851 -4.755137 0.118463
 H -3.054713 6.156019 1.687423
 H -3.672587 6.569118 3.064531
 H -3.298983 2.917329 4.216164
 H -2.151028 3.118811 5.314026
 H -2.554694 -0.017085 -0.791561
 H -3.576266 -0.651920 0.252740
 H -1.428904 -0.949615 3.963519
 H -2.427031 -1.553934 4.911503
 H 1.424132 2.569623 4.540571
 H 1.704121 2.659660 5.885725
 H -5.841131 1.429079 2.200167
 H -4.886363 1.670597 1.043121
 H 2.713319 5.851246 -1.770720
 H 4.292215 5.589622 -1.886877
 H 0.338850 -5.487280 -3.774558
 H 0.700651 -6.122596 -2.479093
 H -4.903767 4.377979 -4.737346
 H -3.992394 3.934541 -3.597945
 H 5.137810 1.064951 7.371595
 H 6.180126 1.909647 6.650564
 H -1.540221 1.847006 1.559859
 H -0.546938 2.096542 2.810895
 H 0.572550 -2.189649 -2.284514
 H 0.506579 -1.282158 -3.500216
 H 0.269410 -3.591009 -4.827903
 H 0.077547 -3.575752 -6.399899
 H 7.108211 -5.962085 4.996836
 H 6.079134 -5.118290 4.161858
 H 4.097205 -3.627963 1.857593
 H 2.958378 -3.110429 0.844380
 H 5.738642 -1.613760 2.037767
 H 5.165837 -0.677117 3.107769
 H 2.640588 4.064849 -4.581249
 H 1.506972 4.516959 -3.778825
 H 0.248046 -9.049263 0.478104
 H -0.356094 -7.932924 1.273822
 H -4.505436 -2.561806 -6.155675
 H -4.727426 -2.158518 -7.650061
 H -3.866467 1.580709 -0.400186
 H -4.768942 1.101540 -1.423050
 H 5.081394 4.240984 -4.847233
 H 4.219359 3.898470 -6.028196
 H 2.394073 -0.806435 -0.726988
 H 1.004761 -0.004903 -1.034323
 H -4.368762 -4.084973 2.197599
 H -5.780256 -4.786146 2.365136
 H 2.101512 3.256213 2.065527
 H 1.898916 2.206784 1.009561
K_POINTS
 1
0.0 0.0 0.0 1.0