
&control
    calculation='scf'
    pseudo_dir = './',
    outdir='./outputs',
    disk_io='high'
/
&system
    ibrav= 1, celldm(1)=20.000000, nat=  192, ntyp= 2,
    ecutwfc = 30.0, nosym=.true., occupations='smearing',
    smearing='m-v', degauss=0.025
/
&electrons
    conv_thr =  1.0d-8,
    mixing_beta = 0.7
/
&ions
    pot_extrapolation='second-order'
    wfc_extrapolation='second-order'
    ion_temperature = 'andersen'
    tempw = 1000

/
ATOMIC_SPECIES
 H  1.01  H.blyp-hgh.UPF
 O  16.0  O.blyp-hgh.UPF
ATOMIC_POSITIONS bohr
 O -5.969191 -1.846783 0.049718
 O 3.768365 -1.568646 6.041106
 O -5.692983 7.288021 -5.517072
 O 2.144922 3.050571 -0.565307
 O -4.741977 1.187489 4.407443
 O 0.358213 5.751111 6.205020
 O -2.331574 -5.690837 -2.596746
 O 4.517980 0.735004 4.737815
 O -2.179933 -6.648400 6.372285
 O 1.794592 -2.940667 3.594866
 O 1.937731 -5.529529 1.927929
 O -2.617512 -4.286834 5.275186
 O -3.554496 -6.913082 0.111977
 O -3.401364 -3.720469 -4.524463
 O 2.512487 -4.594633 -1.001458
 O -1.223110 2.926412 -1.800196
 O -1.506942 -2.847531 1.011024
 O -0.267178 -4.835557 3.359080
 O 3.846674 -3.861080 -3.686030
 O 5.378362 4.164233 1.667197
 O 4.815898 -3.943170 4.610320
 O -2.233558 -0.988618 -3.504124
 O -1.375477 3.300426 -4.796413
 O 5.032488 1.173028 0.261731
 O 3.622872 1.518503 -3.712106
 O -4.819372 3.850856 -6.355444
 O 4.861897 -5.386282 0.680164
 O 1.089583 -0.461516 -5.997238
 O -2.925893 0.758821 -5.311078
 O 0.489304 -0.865425 1.754621
 O 6.140663 -2.402820 -3.356632
 O 4.032239 -0.718610 -1.149543
 O -0.711555 4.748959 2.781381
 O -4.800462 -0.162801 -2.637203
 O 0.070471 -4.515741 -0.512464
 O 5.767115 3.041236 -8.084721
 O 3.726049 5.412115 5.155417
 O -6.458223 6.103225 -2.845308
 O 0.341475 0.669418 -2.512792
 O -4.733948 -4.391871 -0.741898
 O -2.997697 6.848539 2.403138
 O -2.363826 3.150876 4.379651
 O -2.937155 0.085765 0.114009
 O -1.569839 -1.058848 4.922481
 O 1.312955 1.987320 5.303277
 O -5.339565 2.136445 1.776126
 O 3.412980 5.168841 -1.729809
 O 1.137903 -5.839325 -3.317139
 O -4.469409 4.735065 -3.895812
 O 5.974158 1.549075 7.534315
 O -0.710602 1.573356 2.027784
 O 0.488801 -2.238770 -3.273751
 O -0.267160 -3.944897 -5.560875
 O 6.771241 -5.800779 4.098170
 O 3.634205 -2.861826 1.491475
 O 5.950315 -1.227359 2.911492
 O 1.627703 3.916702 -4.539914
 O -0.202169 -8.193113 0.319108
 O -4.623304 -1.786284 -6.747046
 O -4.696804 1.900171 -0.828475
 O 4.126806 4.246553 -5.099750
 O 1.404003 -0.853310 -0.718255
 O -5.266286 -4.166326 1.805484
 O 1.828485 2.318273 1.989681
 H -5.539541 -1.909832 -0.819235
 H -6.167068 -2.726979 0.422274
 H 2.840682 -1.227539 6.134257
 H 3.735430 -2.209323 5.323163
 H -5.809076 6.530579 -4.916309
 H -4.844855 7.567931 -5.088222
 H 2.873011 3.665175 -0.333235
 H 2.009157 3.249598 -1.500776
 H -5.019588 0.435447 4.961016
 H -4.245428 0.835557 3.627616
 H 0.405406 6.704415 6.441986
 H 0.909525 5.221689 6.835822
 H -3.037984 -5.890685 -3.237577
 H -2.524807 -5.918986 -1.664978
 H 4.194175 1.417719 5.368493
 H 4.146275 -0.083315 5.203756
 H -2.696656 -7.432919 6.126735
 H -1.230393 -6.919322 6.521841
 H 1.293866 -2.190411 3.265550
 H 2.665767 -2.917739 3.114130
 H 1.180263 -5.586699 2.570157
 H 1.492684 -5.066087 1.188554
 H -2.507294 -5.142050 5.773737
 H -2.476291 -4.635350 4.359972
 H -3.720310 -7.803240 -0.221169
 H -4.153441 -6.270685 -0.299076
 H -3.139978 -3.026012 -3.911328
 H -2.637476 -4.223440 -4.849470
 H 3.146235 -4.158504 -1.623756
 H 1.657025 -4.100423 -1.028025
 H -1.620546 3.511915 -2.503641
 H -0.884303 3.633463 -1.173249
 H -2.068096 -2.476489 0.317363
 H -0.781957 -2.136388 1.202072
 H 0.302318 -3.976802 3.374536
 H -0.938489 -4.637003 2.677263
 H 3.307582 -4.235848 -4.390525
 H 3.498911 -2.973663 -3.898305
 H 5.480732 5.110816 1.464822
 H 6.215306 3.761928 1.296885
 H 5.546895 -3.359387 4.908806
 H 5.013671 -4.722918 5.182731
 H -1.340787 -1.380158 -3.441920
 H -2.090347 -0.140102 -3.993109
 H -0.410851 3.416232 -4.699658
 H -1.565536 2.369408 -5.080126
 H 5.472658 1.806978 -0.333427
 H 4.421140 1.740360 0.782151
 H 3.972526 1.708175 -2.818374
 H 2.976354 2.268533 -3.729185
 H -5.607344 3.872519 -6.952364
 H -4.484843 2.934520 -6.451974
 H 3.991016 -5.590434 1.093541
 H 4.527884 -5.012938 -0.161760
 H 0.353542 -0.617042 -6.646534
 H 1.295886 0.489020 -6.124170
 H -3.144906 -0.021161 -5.865627
 H -3.670389 0.885715 -4.691986
 H -0.088961 -0.107582 2.043694
 H 0.838438 -0.805284 0.795463
 H 5.748334 -2.168247 -4.238584
 H 5.622273 -3.238544 -3.268219
 H 4.295796 0.190427 -0.834656
 H 4.692952 -1.227895 -0.620573
 H -0.820997 5.679573 3.076717
 H -1.277804 4.204230 3.439846
 H -3.882264 -0.534387 -2.683894
 H -5.389951 -0.929230 -2.847100
 H -0.185624 -5.450200 -0.433745
 H -0.540819 -3.937526 0.032784
 H 5.628634 3.148875 -9.059326
 H 6.309816 2.207055 -8.102388
 H 2.951781 5.608053 4.600319
 H 3.686165 5.780326 6.060965
 H -5.466793 5.897513 -2.974920
 H -6.246440 6.614633 -2.042709
 H -0.077784 1.555103 -2.376210
 H 1.210965 0.798251 -2.938497
 H -4.205856 -3.627186 -0.405277
 H -5.102688 -4.754152 0.120879
 H -3.055419 6.164465 1.684378
 H -3.671212 6.569975 3.067362
 H -3.299836 2.919610 4.219593
 H -2.150706 3.117734 5.319141
 H -2.551589 -0.007399 -0.787501
 H -3.575714 -0.651933 0.252962
 H -1.430334 -0.954427 3.960180
 H -2.422438 -1.557195 4.911713
 H 1.431595 2.571832 4.543892
 H 1.711557 2.657054 5.885374
 H -5.843897 1.428313 2.201074
 H -4.894477 1.666216 1.040019
 H 2.716364 5.850214 -1.763888
 H 4.292980 5.582143 -1.890015
 H 0.336976 -5.492582 -3.776967
 H 0.701586 -6.131047 -2.478976
 H -4.902427 4.376602 -4.743152
 H -4.000329 3.933974 -3.597489
 H 5.140363 1.058646 7.374616
 H 6.181694 1.912381 6.653413
 H -1.537907 1.844119 1.553704
 H -0.550125 2.099711 2.808403
 H 0.572051 -2.189935 -2.283013
 H 0.500614 -1.282808 -3.497724
 H 0.268337 -3.588284 -4.828914
 H 0.071193 -3.577147 -6.401655
 H 7.107856 -5.958344 4.997095
 H 6.075733 -5.122041 4.165434
 H 4.098214 -3.625340 1.859950
 H 2.956704 -3.115583 0.846256
 H 5.732977 -1.612835 2.041594
 H 5.167430 -0.677930 3.118295
 H 2.638101 4.067060 -4.579386
 H 1.506027 4.516690 -3.781461
 H 0.258758 -9.048302 0.476348
 H -0.354935 -7.937016 1.273064
 H -4.502750 -2.570464 -6.161592
 H -4.725133 -2.153418 -7.652040
 H -3.869060 1.580987 -0.398391
 H -4.769780 1.104068 -1.422055
 H 5.084247 4.241333 -4.853414
 H 4.211483 3.899148 -6.027478
 H 2.393708 -0.807178 -0.725109
 H 1.000305 -0.008739 -1.040614
 H -4.370309 -4.078299 2.196379
 H -5.777983 -4.786371 2.366151
 H 2.111355 3.254471 2.059498
 H 1.899651 2.202026 1.011639
K_POINTS
 1
0.0 0.0 0.0 1.0