
&control
    calculation='scf'
    pseudo_dir = './',
    outdir='./outputs',
    disk_io='high'
/
&system
    ibrav= 1, celldm(1)=20.000000, nat=  192, ntyp= 2,
    ecutwfc = 30.0, nosym=.true., occupations='smearing',
    smearing='m-v', degauss=0.025
/
&electrons
    conv_thr =  1.0d-8,
    mixing_beta = 0.7
/
&ions
    pot_extrapolation='second-order'
    wfc_extrapolation='second-order'
    ion_temperature = 'andersen'
    tempw = 1000

/
ATOMIC_SPECIES
 H  1.01  H.blyp-hgh.UPF
 O  16.0  O.blyp-hgh.UPF
ATOMIC_POSITIONS bohr
 O -5.239502 -1.545703 -1.190475
 O 3.996288 -2.212012 5.402540
 O -5.718278 5.220272 -5.569485
 O -0.157450 3.551138 -1.584242
 O -4.726182 0.696071 3.831942
 O -0.242278 5.421477 5.177229
 O -0.132501 -5.365571 -3.403028
 O 2.269572 0.347181 3.702802
 O -2.859940 -5.302156 5.615412
 O 1.858442 -3.047928 1.604530
 O 2.499946 -6.063599 2.905108
 O -4.241789 -3.056884 4.338335
 O -4.417924 -5.972406 0.713434
 O -3.553591 -5.678128 -3.616705
 O 2.031825 -2.742290 -2.093041
 O -1.745998 2.531269 1.495131
 O -1.019316 -1.380450 1.648449
 O 0.265456 -4.236075 3.629880
 O 5.447625 -4.102135 -4.937926
 O 5.648137 4.791116 2.181184
 O 6.041234 -2.949777 3.256235
 O -3.224774 -3.040266 -3.800477
 O -0.918895 2.568711 -4.933715
 O 3.863134 2.347359 2.824426
 O 2.317607 1.277252 -3.116119
 O -4.929087 2.874038 -6.118053
 O 4.423189 -5.934815 -1.257166
 O 1.937478 -1.327720 -4.576731
 O -2.022391 0.271043 -4.828874
 O 0.834718 -0.317463 0.615321
 O 4.795942 -1.770340 -3.814299
 O 5.175311 0.053296 -0.001502
 O -0.361493 4.439844 1.812626
 O -5.325766 0.721915 -3.987947
 O 0.737381 -3.790384 -0.336450
 O 4.636000 3.392032 -4.257330
 O 3.581147 5.493353 5.801330
 O -5.055032 3.585307 -1.717282
 O -0.426069 1.042077 -1.559739
 O -2.954288 -3.277837 -1.203998
 O -2.591954 5.442992 3.403733
 O -1.487495 2.789329 3.740857
 O -2.646787 -0.198896 -0.652887
 O -1.513992 -2.229651 4.935603
 O 0.781710 1.754443 4.838836
 O -4.851498 3.435135 1.459961
 O 2.760860 3.879222 -0.525349
 O 2.668851 -5.940778 -3.535130
 O -2.683216 4.606837 -2.311449
 O 5.726472 0.503296 5.252525
 O -3.174537 0.149398 1.961436
 O -0.626102 -2.456238 -2.239231
 O 0.027865 -3.188381 -5.510259
 O 5.659978 -5.980348 4.471299
 O 5.189372 -2.953532 -0.233400
 O 4.727461 -0.694457 2.392236
 O 1.025284 4.300142 -4.387750
 O -0.565339 -5.728196 0.467952
 O -5.592574 -1.325903 -5.808898
 O -4.627987 1.507327 -0.961992
 O 5.236307 1.725713 -2.852864
 O 2.675850 -0.253997 -0.917228
 O -5.310774 -1.164567 1.173987
 O 1.494121 2.758062 1.415194
 H -4.728169 -1.804483 -0.404410
 H -4.574268 -1.510484 -1.897156
 H 3.496230 -3.000530 5.672828
 H 3.311545 -1.574374 5.116612
 H -6.205059 4.830808 -4.818350
 H -5.996765 4.666745 -6.322554
 H 0.341019 3.284034 -0.778024
 H 0.415440 4.204658 -2.023091
 H -5.428559 0.019272 3.789004
 H -5.123599 1.382438 4.403232
 H 0.213521 6.285899 5.154158
 H -0.228209 5.154332 6.118133
 H -0.362242 -5.660237 -2.505187
 H -0.748448 -5.862618 -3.968710
 H 2.404438 1.202543 3.234587
 H 1.391952 0.053082 3.401746
 H -3.503005 -5.614111 6.285020
 H -2.003697 -5.320313 6.081934
 H 1.936804 -2.066174 1.620199
 H 2.768398 -3.381419 1.654452
 H 3.293054 -6.193923 2.352638
 H 1.825551 -6.649320 2.503582
 H -3.645331 -3.511936 3.719124
 H -4.248841 -2.131481 4.029815
 H -3.476631 -6.153941 0.539279
 H -4.557675 -5.075821 0.343613
 H -4.464751 -5.644122 -3.276491
 H -3.505166 -6.547050 -4.052788
 H 2.155209 -1.769423 -2.034386
 H 2.474266 -3.085895 -1.298499
 H -1.602717 3.133192 0.749123
 H -1.363745 1.679864 1.200392
 H -0.388156 -1.948733 1.173409
 H -0.921524 -1.631090 2.588404
 H 0.879418 -3.557149 3.959775
 H -0.354546 -3.728474 3.074817
 H 5.899572 -4.713436 -5.550837
 H 6.168149 -3.667427 -4.449734
 H 5.450810 5.608213 2.691636
 H 5.933315 5.101453 1.303602
 H 5.320648 -2.685247 2.653084
 H 6.580557 -3.580415 2.752110
 H -2.400670 -2.835062 -4.281014
 H -3.935271 -2.952882 -4.459053
 H -0.511986 2.977618 -4.144161
 H -0.613352 1.639195 -4.908302
 H 4.676141 2.476196 3.349125
 H 3.429861 3.220145 2.833960
 H 2.900471 1.064167 -3.870278
 H 2.172164 2.239941 -3.169434
 H -4.988937 2.503049 -5.213397
 H -3.985241 3.094173 -6.234581
 H 4.219644 -5.034774 -1.587610
 H 5.382803 -5.911459 -1.093281
 H 2.754404 -1.093908 -5.063152
 H 1.208080 -0.999071 -5.135243
 H -2.144101 -0.466308 -5.450800
 H -2.863929 0.760643 -4.864760
 H 1.338860 0.496223 0.773093
 H 1.135591 -0.584173 -0.269739
 H 4.012721 -2.201729 -3.406388
 H 5.436470 -1.710159 -3.076372
 H 5.098471 1.018797 -0.081782
 H 5.941899 -0.194341 -0.592899
 H -0.560342 4.073643 2.710944
 H -0.316541 5.403305 1.933207
 H -4.712422 1.202983 -3.400751
 H -5.996683 0.382620 -3.357036
 H 0.751893 -4.699673 -0.661134
 H 0.689578 -3.894124 0.627230
 H 3.719660 3.630273 -4.045299
 H 4.565458 2.804373 -5.031384
 H 3.193017 4.889236 5.140544
 H 2.866788 6.133527 5.964079
 H -5.858920 3.902063 -1.268714
 H -4.816971 4.298310 -2.342488
 H -0.002150 0.379090 -2.131950
 H -1.298795 1.169578 -1.967758
 H -3.143077 -3.321420 -2.177634
 H -2.802903 -4.200997 -0.954890
 H -3.197014 5.880939 2.777750
 H -2.459226 6.103814 4.122890
 H -1.573213 1.823701 3.809647
 H -2.380997 3.098579 3.520066
 H -2.382781 -1.057639 -0.282686
 H -2.799305 0.346581 0.142469
 H -2.369238 -2.102474 5.382663
 H -1.330969 -3.181017 5.067429
 H 1.639516 1.735353 5.291191
 H 0.166499 2.191842 5.466862
 H -5.361389 3.366584 2.285591
 H -3.928707 3.217192 1.713927
 H 3.367715 4.553779 -0.158817
 H 2.813197 4.031454 -1.483621
 H 3.587373 -6.038446 -3.860927
 H 2.272244 -5.272125 -4.123139
 H -2.566530 3.893408 -2.967289
 H -2.138536 4.295249 -1.557954
 H 5.952884 0.241402 6.174777
 H 4.757114 0.457507 5.217972
 H -2.939933 -0.651170 2.451536
 H -3.620998 0.717954 2.627479
 H -0.110451 -3.270708 -2.334651
 H -0.223889 -2.041115 -1.463328
 H 0.432952 -3.499744 -4.673446
 H 0.760056 -3.193720 -6.147950
 H 4.980495 -5.473311 4.947327
 H 6.494670 -5.744043 4.911772
 H 5.657193 -3.582378 0.341026
 H 4.573877 -2.503615 0.370661
 H 4.207995 -0.545925 1.582129
 H 4.360979 -0.045043 3.019098
 H 1.446843 3.702967 -5.032397
 H 1.759645 4.880713 -4.047751
 H -0.891168 -6.353319 -0.207372
 H -1.356384 -5.237923 0.752800
 H -5.380743 -2.037429 -6.445584
 H -4.733835 -0.993819 -5.489154
 H -3.861977 2.093153 -1.043390
 H -4.829742 1.535630 -0.008716
 H 5.777649 2.536652 -2.884959
 H 4.401962 2.010278 -2.447875
 H 3.471961 -0.692984 -0.555333
 H 3.037699 0.408199 -1.538190
 H -5.925730 -0.572774 1.655958
 H -4.862092 -1.658092 1.873163
 H 1.477577 3.727071 1.529424
 H 2.307945 2.579803 0.910496
K_POINTS
 1
0.0 0.0 0.0 1.0