
&control
    calculation='scf'
    pseudo_dir = './',
    outdir='./outputs',
    disk_io='high'
/
&system
    ibrav= 1, celldm(1)=20.000000, nat=  192, ntyp= 2,
    ecutwfc = 30.0, nosym=.true., occupations='smearing',
    smearing='m-v', degauss=0.025
/
&electrons
    conv_thr =  1.0d-8,
    mixing_beta = 0.7
/
&ions
    pot_extrapolation='second-order'
    wfc_extrapolation='second-order'
    ion_temperature = 'andersen'
    tempw = 1000

/
ATOMIC_SPECIES
 H  1.01  H.blyp-hgh.UPF
 O  16.0  O.blyp-hgh.UPF
ATOMIC_POSITIONS bohr
 O -5.261497 -1.497787 -1.604999
 O 3.895313 -2.078417 5.387256
 O -5.744998 5.473787 -5.443424
 O -0.168294 3.827050 -1.486088
 O -4.731912 0.773603 3.932379
 O -0.228417 5.477411 5.239999
 O -0.134530 -5.407497 -3.395771
 O 2.459544 0.117860 3.591328
 O -2.854519 -5.299808 5.666254
 O 1.996704 -2.824112 1.955236
 O 2.567107 -6.114060 2.903795
 O -4.040562 -2.998396 4.505205
 O -4.439619 -5.837117 0.719464
 O -3.612885 -5.710436 -3.789921
 O 2.405937 -2.778988 -2.312689
 O -2.005337 2.432210 0.981045
 O -1.215468 -1.775492 1.900367
 O 0.220597 -4.189161 3.772327
 O 5.386635 -4.342937 -4.983627
 O 5.428213 4.982563 2.215505
 O 5.880005 -2.997673 3.263788
 O -3.237988 -2.871055 -3.869056
 O -0.888025 2.666755 -4.947179
 O 3.932492 2.362778 2.908043
 O 2.332823 1.391644 -3.118332
 O -4.836466 2.660938 -6.249563
 O 4.493667 -5.989996 -1.239779
 O 2.012208 -1.271469 -4.648625
 O -2.054135 0.134437 -4.833976
 O 0.935152 -0.330914 0.806771
 O 4.747490 -1.737427 -3.632859
 O 5.219794 0.124233 -0.159968
 O -0.158230 4.629645 1.964522
 O -4.972284 0.738886 -4.025352
 O 0.742970 -3.826554 -0.388015
 O 4.540416 3.791210 -4.502485
 O 3.387429 5.448727 5.856796
 O -5.299961 3.983450 -1.985159
 O -0.395706 0.979242 -1.758659
 O -3.110426 -3.530110 -0.982256
 O -2.679604 5.494731 3.293801
 O -1.573389 2.804686 4.207044
 O -2.583652 -0.340082 -0.727806
 O -1.543644 -2.121089 4.841961
 O 0.628970 1.881261 4.992425
 O -4.681960 3.291301 1.369169
 O 2.939765 3.997580 -0.666440
 O 2.708403 -6.006069 -3.666230
 O -2.522040 4.485682 -2.327291
 O 5.364584 0.628265 5.407623
 O -2.963329 0.298161 1.972670
 O -0.689746 -2.345722 -2.464427
 O 0.028401 -3.373169 -5.468612
 O 5.771329 -5.942742 4.271904
 O 4.950815 -3.168730 -0.149010
 O 4.624253 -0.728723 2.456571
 O 1.221530 4.332030 -4.312360
 O -0.735739 -5.858524 0.428126
 O -5.506566 -1.494178 -5.729733
 O -4.652978 1.286771 -0.813994
 O 5.165668 1.455698 -2.403554
 O 2.862321 -0.299245 -1.171113
 O -5.270781 -1.310692 1.335078
 O 1.589594 2.536051 1.456894
 H -5.344216 -1.515779 -0.615692
 H -4.550694 -0.828797 -1.732788
 H 3.758254 -2.871690 5.944727
 H 3.214589 -2.154444 4.686137
 H -6.515005 5.008637 -5.025639
 H -5.405991 4.777587 -6.038813
 H 0.187735 2.909022 -1.353963
 H 0.533870 4.372998 -1.880727
 H -5.715068 0.638353 3.922149
 H -4.599675 1.390608 4.696484
 H 0.173573 6.348187 5.036378
 H 0.163541 5.176834 6.075914
 H -0.500881 -5.412803 -2.494122
 H -0.947540 -5.553964 -3.919259
 H 2.836936 1.032282 3.441140
 H 1.508070 0.241428 3.770491
 H -3.381433 -5.389721 6.493758
 H -1.938701 -5.507467 5.944657
 H 2.030517 -2.007111 1.405797
 H 2.915260 -3.163241 1.991011
 H 3.260088 -6.542654 2.361165
 H 1.713128 -6.454731 2.571498
 H -3.249488 -3.472138 4.178172
 H -4.643483 -2.877722 3.706031
 H -4.092866 -6.668691 0.331731
 H -4.063597 -5.102009 0.184301
 H -4.405583 -5.215972 -3.518036
 H -3.757760 -6.624561 -3.465517
 H 2.482439 -1.809569 -2.151976
 H 1.663171 -3.144676 -1.756990
 H -1.106744 2.804745 1.045440
 H -1.990650 1.452908 0.985498
 H -0.697004 -0.996973 1.505910
 H -0.949369 -1.747735 2.850882
 H 0.967371 -4.291683 3.129646
 H -0.497864 -4.001455 3.138718
 H 6.272771 -4.725976 -4.830447
 H 5.451012 -3.362485 -4.972025
 H 5.586173 5.258902 3.166408
 H 6.256153 4.953741 1.703988
 H 5.492351 -2.233584 2.778655
 H 5.927128 -3.738318 2.624848
 H -2.305669 -2.685033 -4.080419
 H -3.688800 -2.935869 -4.728984
 H -0.392671 2.799496 -4.119128
 H -1.463667 1.882418 -4.746273
 H 4.829267 2.692044 3.083763
 H 3.480647 3.110092 2.474891
 H 2.742395 0.954905 -3.892462
 H 1.647973 1.980148 -3.497188
 H -4.978358 1.946587 -5.587488
 H -3.994196 3.048633 -5.944204
 H 4.051048 -5.121786 -1.259703
 H 5.392517 -5.743920 -0.956484
 H 2.763778 -1.385008 -5.274210
 H 1.284858 -0.907113 -5.182771
 H -1.795006 -0.429693 -5.598477
 H -2.970503 0.405759 -5.036691
 H 0.762983 0.562943 1.165984
 H 1.656332 -0.166653 0.092579
 H 4.000503 -2.204852 -3.208004
 H 5.382906 -1.603957 -2.903669
 H 5.520423 0.938560 -0.644908
 H 5.730220 -0.511201 -0.779154
 H -0.490666 3.943012 2.602510
 H -0.802741 5.348071 2.168654
 H -4.886053 0.609749 -3.049203
 H -5.943696 0.848161 -4.130152
 H 0.373685 -4.746370 -0.318124
 H 1.363797 -3.743276 0.375291
 H 3.738499 4.165368 -4.940762
 H 4.696304 2.922752 -4.910225
 H 3.392406 5.392190 4.876595
 H 2.667728 6.089592 6.001651
 H -5.550073 3.715658 -1.068403
 H -4.511627 4.547616 -1.782269
 H 0.062886 0.270712 -2.240056
 H -0.865105 0.519450 -1.030765
 H -3.175297 -2.866046 -1.723845
 H -2.341987 -4.064401 -1.288622
 H -3.562134 5.721462 2.944846
 H -2.696059 5.714926 4.260142
 H -1.270503 2.215085 3.494846
 H -2.104700 3.533464 3.804746
 H -2.112650 -1.191609 -0.636366
 H -3.081623 -0.316839 0.129525
 H -2.478529 -2.389452 4.777717
 H -1.042519 -2.780114 5.361123
 H 1.302182 1.490313 5.581382
 H 0.125986 2.478309 5.582897
 H -5.017245 3.529175 2.255213
 H -3.824677 2.849470 1.576992
 H 3.414933 4.792288 -0.344311
 H 2.898298 4.207653 -1.620282
 H 3.592059 -5.598800 -3.770732
 H 2.151122 -5.290536 -3.278502
 H -2.437794 3.962255 -3.147371
 H -1.652725 4.217618 -1.892519
 H 5.901150 -0.216495 5.423280
 H 4.454148 0.293103 5.281263
 H -2.315020 -0.471570 1.977224
 H -3.633210 0.239367 2.718920
 H 0.222721 -2.713475 -2.528665
 H -0.727206 -2.103575 -1.517008
 H 0.173953 -3.143894 -4.535261
 H 0.727266 -2.842387 -5.897719
 H 5.068191 -6.134120 4.942079
 H 6.435792 -5.496833 4.828920
 H 5.915033 -3.195005 0.050136
 H 4.746496 -2.247044 0.120467
 H 4.782660 0.076689 1.903450
 H 3.643108 -0.657939 2.689178
 H 1.215074 4.051316 -5.246939
 H 1.599129 5.274756 -4.244904
 H -1.208883 -6.710360 0.502327
 H -1.380339 -5.149855 0.255940
 H -5.120023 -1.958535 -6.501087
 H -4.762743 -0.951362 -5.392910
 H -4.452148 2.219247 -1.053019
 H -4.724753 1.285709 0.158516
 H 5.790550 2.208831 -2.394525
 H 4.300229 1.892232 -2.595852
 H 3.726934 0.168410 -0.955638
 H 2.391037 0.269082 -1.832083
 H -6.180365 -1.116989 1.634296
 H -4.774415 -1.478051 2.159239
 H 0.674699 2.891138 1.451276
 H 1.957866 3.074311 0.708100
K_POINTS
 1
0.0 0.0 0.0 1.0