
&control
    calculation='scf'
    pseudo_dir = './',
    outdir='./outputs',
    disk_io='high'
/
&system
    ibrav= 1, celldm(1)=20.000000, nat=  192, ntyp= 2,
    ecutwfc = 30.0, nosym=.true., occupations='smearing',
    smearing='m-v', degauss=0.025
/
&electrons
    conv_thr =  1.0d-8,
    mixing_beta = 0.7
/
&ions
    pot_extrapolation='second-order'
    wfc_extrapolation='second-order'
    ion_temperature = 'andersen'
    tempw = 1000

/
ATOMIC_SPECIES
 H  1.01  H.blyp-hgh.UPF
 O  16.0  O.blyp-hgh.UPF
ATOMIC_POSITIONS bohr
 O -5.984920 -1.855213 0.053691
 O 3.768379 -1.543987 6.034145
 O -5.697148 7.294636 -5.506210
 O 2.155228 3.077190 -0.555974
 O -4.718086 1.166184 4.414078
 O 0.360478 5.729797 6.193298
 O -2.358730 -5.692470 -2.595526
 O 4.528761 0.697851 4.727741
 O -2.176322 -6.633420 6.400022
 O 1.795566 -2.956955 3.596585
 O 1.930967 -5.518818 1.908311
 O -2.608283 -4.307259 5.260074
 O -3.526206 -6.932410 0.103410
 O -3.398578 -3.711039 -4.525531
 O 2.532604 -4.579092 -0.964016
 O -1.225206 2.925476 -1.822371
 O -1.512910 -2.839775 0.988575
 O -0.266096 -4.831910 3.342482
 O 3.812166 -3.862995 -3.669947
 O 5.406454 4.158182 1.651022
 O 4.800351 -3.939311 4.630817
 O -2.211156 -0.975850 -3.509206
 O -1.380180 3.287729 -4.789580
 O 5.044172 1.174606 0.254891
 O 3.634519 1.516990 -3.718907
 O -4.793607 3.870989 -6.371295
 O 4.852664 -5.383808 0.670036
 O 1.110578 -0.458373 -5.984218
 O -2.931329 0.780224 -5.307010
 O 0.478192 -0.870118 1.756756
 O 6.149480 -2.404317 -3.354723
 O 4.027265 -0.749148 -1.148479
 O -0.734164 4.771927 2.775368
 O -4.800767 -0.167273 -2.621273
 O 0.067621 -4.527015 -0.490739
 O 5.750237 3.038214 -8.113095
 O 3.695025 5.405165 5.122913
 O -6.468684 6.113234 -2.864583
 O 0.356514 0.646481 -2.518240
 O -4.736037 -4.409604 -0.760948
 O -2.995613 6.876179 2.414679
 O -2.353304 3.157987 4.414448
 O -2.957938 0.096299 0.130487
 O -1.563672 -1.036009 4.901271
 O 1.338678 1.982195 5.296327
 O -5.353497 2.112889 1.785002
 O 3.409480 5.143031 -1.724896
 O 1.132960 -5.829606 -3.295512
 O -4.505267 4.742802 -3.899360
 O 5.983777 1.554725 7.562330
 O -0.688956 1.586992 2.021183
 O 0.504212 -2.243755 -3.259434
 O -0.264601 -3.959580 -5.549775
 O 6.772325 -5.795213 4.091092
 O 3.612857 -2.856638 1.494429
 O 5.958998 -1.200366 2.920926
 O 1.613854 3.898325 -4.545304
 O -0.155530 -8.215071 0.303903
 O -4.634328 -1.812878 -6.733190
 O -4.686717 1.933906 -0.843336
 O 4.136616 4.247942 -5.078128
 O 1.405954 -0.853512 -0.715417
 O -5.272132 -4.160907 1.798650
 O 1.823025 2.314386 2.000646
 H -5.580679 -1.871190 -0.832004
 H -6.154056 -2.729505 0.428796
 H 2.826253 -1.236128 6.119024
 H 3.744484 -2.203553 5.311097
 H -5.800745 6.552059 -4.877269
 H -4.861404 7.661597 -5.060544
 H 2.890807 3.696664 -0.344761
 H 2.081306 3.230401 -1.508597
 H -5.009705 0.408819 4.975625
 H -4.298461 0.834627 3.575617
 H 0.457093 6.685353 6.411509
 H 0.999824 5.257865 6.796850
 H -3.075457 -5.908885 -3.224635
 H -2.645367 -5.868785 -1.667219
 H 4.275293 1.400658 5.355821
 H 4.214700 -0.091899 5.305034
 H -2.680475 -7.408681 6.157156
 H -1.218228 -6.923035 6.489616
 H 1.316323 -2.197021 3.297853
 H 2.664461 -2.921952 3.121051
 H 1.171865 -5.587141 2.540635
 H 1.426769 -5.078245 1.185324
 H -2.541485 -5.168950 5.757045
 H -2.469452 -4.575329 4.337106
 H -3.727274 -7.811659 -0.255601
 H -4.109847 -6.257268 -0.294048
 H -3.139372 -3.018674 -3.890517
 H -2.585246 -4.150538 -4.865588
 H 3.088698 -4.133151 -1.664352
 H 1.664747 -4.113165 -1.050904
 H -1.596891 3.504642 -2.540268
 H -0.893461 3.640318 -1.217970
 H -2.095394 -2.453835 0.316393
 H -0.795905 -2.140698 1.216804
 H 0.200279 -3.944115 3.437927
 H -0.956748 -4.600652 2.681879
 H 3.204328 -4.254524 -4.319775
 H 3.471763 -2.953221 -3.875097
 H 5.517930 5.112957 1.416040
 H 6.165509 3.687227 1.244607
 H 5.508676 -3.305634 4.896994
 H 5.053250 -4.729128 5.159463
 H -1.309512 -1.350193 -3.433101
 H -2.146547 -0.136558 -4.027667
 H -0.400135 3.370115 -4.695641
 H -1.638059 2.384411 -5.118682
 H 5.515151 1.774754 -0.358641
 H 4.404194 1.775801 0.704135
 H 3.934381 1.698081 -2.805384
 H 3.010719 2.262460 -3.734477
 H -5.599258 3.870588 -6.970211
 H -4.515129 2.925066 -6.456031
 H 4.008747 -5.580660 1.135537
 H 4.469206 -5.075861 -0.180084
 H 0.378339 -0.581958 -6.623778
 H 1.337542 0.486874 -6.074743
 H -3.160321 0.008319 -5.879258
 H -3.668682 0.890835 -4.663702
 H -0.122908 -0.163872 2.066095
 H 0.853067 -0.794620 0.788233
 H 5.805064 -2.148305 -4.240297
 H 5.590618 -3.222251 -3.273873
 H 4.303896 0.173132 -0.853303
 H 4.658690 -1.227257 -0.586990
 H -0.872016 5.720207 3.047920
 H -1.260033 4.189546 3.446872
 H -3.865757 -0.482144 -2.711540
 H -5.360260 -0.949319 -2.863396
 H -0.201949 -5.454019 -0.380334
 H -0.530764 -3.927754 0.050304
 H 5.583567 3.104170 -9.081800
 H 6.283186 2.193880 -8.122328
 H 2.930508 5.580053 4.547862
 H 3.645259 5.780896 6.019359
 H -5.512170 5.940111 -3.007056
 H -6.209982 6.573911 -2.042011
 H -0.053762 1.542463 -2.379309
 H 1.232048 0.785780 -2.952158
 H -4.273388 -3.629352 -0.408597
 H -5.079978 -4.731362 0.141064
 H -3.064304 6.250713 1.655770
 H -3.654985 6.578356 3.090530
 H -3.302908 2.943239 4.259479
 H -2.150176 3.104517 5.374472
 H -2.523294 0.084826 -0.743319
 H -3.569340 -0.647963 0.250352
 H -1.440168 -0.999045 3.928836
 H -2.372409 -1.592731 4.923492
 H 1.501463 2.586064 4.551982
 H 1.782638 2.626156 5.899977
 H -5.877559 1.416478 2.211706
 H -4.983050 1.627756 1.005825
 H 2.752774 5.850602 -1.693455
 H 4.294587 5.506818 -1.926035
 H 0.323940 -5.547607 -3.800019
 H 0.716323 -6.209061 -2.483092
 H -4.877197 4.371868 -4.792602
 H -4.077308 3.930440 -3.587191
 H 5.171798 1.000500 7.410459
 H 6.195768 1.937556 6.684336
 H -1.503661 1.814913 1.506304
 H -0.585213 2.143712 2.792443
 H 0.569802 -2.194091 -2.275607
 H 0.446747 -1.290559 -3.476845
 H 0.259827 -3.550626 -4.838048
 H 0.005259 -3.589017 -6.414944
 H 7.103641 -5.916312 5.005093
 H 6.042482 -5.158782 4.199864
 H 4.105982 -3.607771 1.876286
 H 2.941845 -3.177258 0.864208
 H 5.676722 -1.601258 2.080311
 H 5.184685 -0.684892 3.225289
 H 2.608727 4.082664 -4.570584
 H 1.484885 4.521680 -3.802196
 H 0.367149 -9.032900 0.453281
 H -0.351404 -7.973466 1.264624
 H -4.470240 -2.653696 -6.222717
 H -4.703365 -2.101761 -7.667379
 H -3.892534 1.589707 -0.378545
 H -4.788676 1.132367 -1.420222
 H 5.103020 4.243427 -4.904558
 H 4.126909 3.912476 -6.016092
 H 2.399672 -0.810342 -0.712088
 H 0.962574 -0.051794 -1.109714
 H -4.387117 -4.019529 2.185425
 H -5.747317 -4.787472 2.376080
 H 2.208343 3.232104 2.003137
 H 1.903905 2.150399 1.035983
K_POINTS
 1
0.0 0.0 0.0 1.0