
&control
    calculation='scf'
    pseudo_dir = './',
    outdir='./outputs',
    disk_io='high'
/
&system
    ibrav= 1, celldm(1)=20.000000, nat=  192, ntyp= 2,
    ecutwfc = 30.0, nosym=.true., occupations='smearing',
    smearing='m-v', degauss=0.025
/
&electrons
    conv_thr =  1.0d-8,
    mixing_beta = 0.7
/
&ions
    pot_extrapolation='second-order'
    wfc_extrapolation='second-order'
    ion_temperature = 'andersen'
    tempw = 1000

/
ATOMIC_SPECIES
 H  1.01  H.blyp-hgh.UPF
 O  16.0  O.blyp-hgh.UPF
ATOMIC_POSITIONS bohr
 O -6.000313 -1.859178 0.058438
 O 3.767205 -1.518836 6.027960
 O -5.696893 7.300700 -5.492654
 O 2.168161 3.102167 -0.546782
 O -4.692899 1.143795 4.420780
 O 0.366724 5.707595 6.182689
 O -2.383934 -5.694416 -2.592822
 O 4.537581 0.657133 4.722650
 O -2.172547 -6.616900 6.429304
 O 1.798026 -2.976222 3.602213
 O 1.923186 -5.508438 1.887264
 O -2.601327 -4.326039 5.243874
 O -3.496638 -6.951275 0.095422
 O -3.396990 -3.702973 -4.527928
 O 2.556808 -4.559967 -0.929393
 O -1.228073 2.927857 -1.847311
 O -1.515995 -2.831316 0.967289
 O -0.265884 -4.824047 3.324591
 O 3.774235 -3.860702 -3.655541
 O 5.433895 4.154131 1.633185
 O 4.786756 -3.934775 4.651926
 O -2.189431 -0.963617 -3.511951
 O -1.385762 3.273778 -4.783375
 O 5.053424 1.178748 0.247218
 O 3.642849 1.516045 -3.721899
 O -4.769120 3.888727 -6.387526
 O 4.842117 -5.381822 0.659763
 O 1.131975 -0.456750 -5.970025
 O -2.937516 0.803072 -5.302634
 O 0.466772 -0.880847 1.758461
 O 6.156198 -2.407263 -3.355488
 O 4.021402 -0.777487 -1.148190
 O -0.759129 4.793814 2.774419
 O -4.799213 -0.172579 -2.604733
 O 0.063528 -4.536567 -0.468000
 O 5.734212 3.033509 -8.141688
 O 3.666112 5.396997 5.088032
 O -6.476985 6.125638 -2.879657
 O 0.372524 0.625335 -2.525013
 O -4.739129 -4.430473 -0.777244
 O -2.993271 6.904219 2.428510
 O -2.342064 3.165008 4.448621
 O -2.976543 0.108312 0.148667
 O -1.558685 -1.013826 4.877264
 O 1.367187 1.983029 5.291197
 O -5.363577 2.087516 1.794266
 O 3.406446 5.113648 -1.720022
 O 1.124362 -5.821409 -3.273931
 O -4.542576 4.747850 -3.906812
 O 5.994036 1.559519 7.588023
 O -0.670531 1.597111 2.010607
 O 0.518377 -2.247895 -3.243946
 O -0.261241 -3.976381 -5.538696
 O 6.775302 -5.791676 4.083090
 O 3.592864 -2.848393 1.499255
 O 5.967793 -1.172956 2.931311
 O 1.603142 3.880713 -4.548134
 O -0.109055 -8.237300 0.289631
 O -4.645041 -1.841033 -6.719558
 O -4.675892 1.966980 -0.858824
 O 4.149594 4.248259 -5.059086
 O 1.404705 -0.855595 -0.709587
 O -5.279918 -4.153360 1.790482
 O 1.821527 2.314676 2.011635
 H -5.631603 -1.847903 -0.845903
 H -6.132148 -2.751780 0.425978
 H 2.808112 -1.249499 6.104837
 H 3.749627 -2.202028 5.301514
 H -5.812346 6.574500 -4.843131
 H -4.894858 7.766599 -5.054919
 H 2.903121 3.732872 -0.359784
 H 2.149018 3.211716 -1.521711
 H -4.992988 0.380333 4.974450
 H -4.366158 0.835259 3.546823
 H 0.499355 6.669532 6.377624
 H 1.077300 5.296006 6.746675
 H -3.112254 -5.931455 -3.201732
 H -2.770581 -5.819667 -1.691151
 H 4.359671 1.396984 5.323436
 H 4.297149 -0.096201 5.378910
 H -2.678289 -7.397087 6.186766
 H -1.215269 -6.916650 6.448706
 H 1.328561 -2.163878 3.309312
 H 2.646824 -2.926998 3.119075
 H 1.173059 -5.586564 2.519536
 H 1.376078 -5.095425 1.176575
 H -2.568180 -5.201310 5.733817
 H -2.456339 -4.516894 4.313944
 H -3.738883 -7.821391 -0.293549
 H -4.068908 -6.247167 -0.295932
 H -3.133366 -3.012966 -3.872908
 H -2.535368 -4.061003 -4.875817
 H 3.019426 -4.120607 -1.699494
 H 1.669297 -4.143180 -1.066660
 H -1.568864 3.473462 -2.578873
 H -0.899041 3.635264 -1.238708
 H -2.118171 -2.423101 0.314979
 H -0.824724 -2.148013 1.228143
 H 0.108360 -3.939496 3.504684
 H -0.979920 -4.572015 2.690192
 H 3.105308 -4.306412 -4.247577
 H 3.462296 -2.928628 -3.832304
 H 5.549742 5.102651 1.369523
 H 6.114720 3.610010 1.201533
 H 5.462770 -3.252437 4.879972
 H 5.070432 -4.727892 5.151545
 H -1.280646 -1.323458 -3.422108
 H -2.198920 -0.142891 -4.069478
 H -0.401984 3.309534 -4.701588
 H -1.692749 2.409546 -5.144222
 H 5.568911 1.742369 -0.376096
 H 4.392773 1.803395 0.624799
 H 3.913900 1.669466 -2.793958
 H 3.034493 2.263234 -3.764130
 H -5.587212 3.871149 -6.999915
 H -4.543612 2.928458 -6.456367
 H 4.024708 -5.577142 1.181814
 H 4.414757 -5.140072 -0.192578
 H 0.401907 -0.548548 -6.597986
 H 1.376190 0.484543 -6.035978
 H -3.174603 0.046475 -5.887006
 H -3.672034 0.890051 -4.646436
 H -0.147364 -0.197396 2.067017
 H 0.855745 -0.772774 0.804059
 H 5.873560 -2.118142 -4.237985
 H 5.571711 -3.200825 -3.268242
 H 4.303185 0.142832 -0.871122
 H 4.632395 -1.244497 -0.548198
 H -0.920009 5.738003 3.020305
 H -1.229159 4.205595 3.426005
 H -3.856629 -0.433783 -2.744095
 H -5.331885 -0.966483 -2.880020
 H -0.224217 -5.457663 -0.322387
 H -0.523088 -3.931245 0.064614
 H 5.531409 3.089820 -9.099370
 H 6.251618 2.189029 -8.134686
 H 2.904089 5.565250 4.509010
 H 3.584940 5.785827 5.970462
 H -5.555155 5.944114 -3.071603
 H -6.202489 6.554269 -2.029337
 H -0.034662 1.531095 -2.384057
 H 1.243706 0.776439 -2.962509
 H -4.334562 -3.630344 -0.423590
 H -5.059524 -4.692775 0.148475
 H -3.077558 6.333196 1.629920
 H -3.633441 6.585524 3.100743
 H -3.291494 2.968832 4.308321
 H -2.156262 3.088892 5.420641
 H -2.500066 0.163550 -0.698650
 H -3.567630 -0.646542 0.236222
 H -1.441359 -1.035496 3.903185
 H -2.318337 -1.634132 4.953567
 H 1.560837 2.581255 4.523198
 H 1.840825 2.578517 5.937078
 H -5.920062 1.400380 2.223506
 H -5.084936 1.603334 0.972075
 H 2.796522 5.873297 -1.619295
 H 4.291488 5.434920 -1.971050
 H 0.323431 -5.606785 -3.815202
 H 0.736977 -6.273531 -2.495919
 H -4.831371 4.388480 -4.821214
 H -4.147970 3.928181 -3.562658
 H 5.221151 0.958722 7.454502
 H 6.203350 1.955646 6.721785
 H -1.455387 1.787982 1.481432
 H -0.627483 2.203617 2.785178
 H 0.573764 -2.201196 -2.272879
 H 0.405725 -1.298505 -3.463889
 H 0.253939 -3.495772 -4.847784
 H -0.064356 -3.596918 -6.418600
 H 7.100123 -5.868482 5.016933
 H 6.012202 -5.194837 4.224017
 H 4.106721 -3.597638 1.877473
 H 2.934100 -3.253041 0.883524
 H 5.619433 -1.585394 2.118284
 H 5.205288 -0.690017 3.332967
 H 2.578737 4.084988 -4.578692
 H 1.441900 4.536347 -3.816374
 H 0.477601 -9.007726 0.421094
 H -0.359307 -8.004689 1.246898
 H -4.429099 -2.722169 -6.289823
 H -4.684923 -2.049551 -7.676584
 H -3.909888 1.607766 -0.354914
 H -4.823570 1.165909 -1.433256
 H 5.111746 4.242763 -4.937254
 H 4.037554 3.938219 -5.995422
 H 2.416436 -0.804940 -0.711616
 H 0.942004 -0.104192 -1.186712
 H -4.402619 -3.974342 2.178305
 H -5.705930 -4.789936 2.388994
 H 2.297415 3.192217 1.957353
 H 1.901387 2.088380 1.062874
K_POINTS
 1
0.0 0.0 0.0 1.0