
&control
    calculation='scf'
    pseudo_dir = './',
    outdir='./outputs',
    disk_io='high'
/
&system
    ibrav= 1, celldm(1)=20.000000, nat=  192, ntyp= 2,
    ecutwfc = 30.0, nosym=.true., occupations='smearing',
    smearing='m-v', degauss=0.025
/
&electrons
    conv_thr =  1.0d-8,
    mixing_beta = 0.7
/
&ions
    pot_extrapolation='second-order'
    wfc_extrapolation='second-order'
    ion_temperature = 'andersen'
    tempw = 1000

/
ATOMIC_SPECIES
 H  1.01  H.blyp-hgh.UPF
 O  16.0  O.blyp-hgh.UPF
ATOMIC_POSITIONS bohr
 O -6.001822 -1.859351 0.058952
 O 3.767001 -1.516387 6.027310
 O -5.696604 7.301323 -5.491144
 O 2.169620 3.104581 -0.545950
 O -4.690362 1.141504 4.421524
 O 0.367625 5.705396 6.181710
 O -2.386428 -5.694657 -2.592440
 O 4.538395 0.652847 4.722413
 O -2.172148 -6.615177 6.432302
 O 1.798213 -2.978145 3.602966
 O 1.922342 -5.507411 1.885049
 O -2.600774 -4.327778 5.242301
 O -3.493672 -6.953141 0.094600
 O -3.396778 -3.702185 -4.528203
 O 2.559405 -4.557824 -0.926155
 O -1.228364 2.928187 -1.849901
 O -1.516239 -2.830469 0.965192
 O -0.266028 -4.823126 3.322707
 O 3.770168 -3.860271 -3.654255
 O 5.436516 4.153895 1.631344
 O 4.785472 -3.934251 4.654032
 O -2.187323 -0.962440 -3.512092
 O -1.386346 3.272362 -4.782776
 O 5.054231 1.179311 0.246361
 O 3.643543 1.515918 -3.721981
 O -4.766843 3.890328 -6.389250
 O 4.840974 -5.381667 0.658742
 O 1.134195 -0.456674 -5.968482
 O -2.938204 0.805427 -5.302145
 O 0.465656 -0.882292 1.758594
 O 6.156798 -2.407637 -3.355630
 O 4.020769 -0.780185 -1.148201
 O -0.761675 4.795983 2.774488
 O -4.798979 -0.173158 -2.603065
 O 0.063061 -4.537473 -0.465675
 O 5.732653 3.032955 -8.144508
 O 3.663337 5.396089 5.084408
 O -6.477862 6.127077 -2.880837
 O 0.374174 0.623373 -2.525775
 O -4.739515 -4.432768 -0.778701
 O -2.992990 6.907077 2.429997
 O -2.340882 3.165696 4.452096
 O -2.978250 0.109677 0.150615
 O -1.558245 -1.011660 4.874717
 O 1.370237 1.983516 5.290751
 O -5.364419 2.084803 1.795204
 O 3.406113 5.110557 -1.719530
 O 1.123348 -5.820677 -3.271827
 O -4.546348 4.748196 -3.907765
 O 5.995122 1.559945 7.590501
 O -0.668752 1.598001 2.009535
 O 0.519717 -2.248264 -3.242424
 O -0.260832 -3.978148 -5.537546
 O 6.775686 -5.791405 4.082337
 O 3.590916 -2.847504 1.499805
 O 5.968657 -1.170180 2.932419
 O 1.602180 3.879048 -4.548219
 O -0.104470 -8.239482 0.288298
 O -4.646082 -1.843978 -6.718193
 O -4.674801 1.970239 -0.860407
 O 4.150938 4.248246 -5.057325
 O 1.404467 -0.855896 -0.708840
 O -5.280782 -4.152473 1.789572
 O 1.821635 2.314976 2.012738
 H -5.637250 -1.846441 -0.847226
 H -6.129524 -2.754880 0.425112
 H 2.806278 -1.250985 6.103492
 H 3.749980 -2.201492 5.301362
 H -5.814303 6.577087 -4.840100
 H -4.899504 7.777020 -5.055606
 H 2.904000 3.736735 -0.361356
 H 2.155484 3.209747 -1.522792
 H -4.990869 0.377640 4.973206
 H -4.373498 0.835240 3.544899
 H 0.502795 6.668023 6.373851
 H 1.084032 5.299546 6.740998
 H -3.115681 -5.933816 -3.199311
 H -2.782805 -5.814700 -1.694643
 H 4.368180 1.397674 5.319292
 H 4.305872 -0.096523 5.384529
 H -2.678922 -7.396633 6.189639
 H -1.215476 -6.915366 6.444331
 H 1.329843 -2.159609 3.309799
 H 2.644712 -2.927612 3.118159
 H 1.173631 -5.586494 2.518236
 H 1.372051 -5.097379 1.175308
 H -2.570310 -5.204784 5.730902
 H -2.454609 -4.511568 4.311089
 H -3.740122 -7.821925 -0.297256
 H -4.064738 -6.246681 -0.296280
 H -3.132879 -3.012810 -3.871682
 H -2.531094 -4.051269 -4.876500
 H 3.012417 -4.120206 -1.702553
 H 1.669382 -4.147299 -1.067444
 H -1.566152 3.469535 -2.583395
 H -0.899301 3.634268 -1.239312
 H -2.119911 -2.419739 0.315083
 H -0.827956 -2.148476 1.229088
 H 0.100418 -3.939626 3.511607
 H -0.982343 -4.569795 2.691294
 H 3.096341 -4.312429 -4.239499
 H 3.462269 -2.926673 -3.827225
 H 5.552738 5.100577 1.364960
 H 6.110173 3.602146 1.197481
 H 5.457838 -3.247513 4.878089
 H 5.071062 -4.727234 5.151915
 H -1.278142 -1.320691 -3.421040
 H -2.203561 -0.144148 -4.074031
 H -0.403039 3.302691 -4.702818
 H -1.697203 2.412241 -5.146087
 H 5.574690 1.738976 -0.377252
 H 4.391940 1.805746 0.616835
 H 3.912776 1.665609 -2.792929
 H 3.035991 2.264165 -3.768435
 H -5.585318 3.871604 -7.003110
 H -4.546137 2.929522 -6.456118
 H 4.026370 -5.577044 1.186496
 H 4.409530 -5.146544 -0.193424
 H 0.403693 -0.545365 -6.595745
 H 1.379918 0.484379 -6.032722
 H -3.175971 0.050726 -5.887551
 H -3.672512 0.889729 -4.645503
 H -0.149523 -0.199054 2.066124
 H 0.855266 -0.770061 0.806837
 H 5.880745 -2.114624 -4.238074
 H 5.570444 -3.198410 -3.267201
 H 4.302636 0.139178 -0.872901
 H 4.630218 -1.247334 -0.543973
 H -0.924731 5.738483 3.017736
 H -1.225898 4.208576 3.423077
 H -3.856017 -0.429282 -2.747469
 H -5.329051 -0.967935 -2.881598
 H -0.226698 -5.457920 -0.316486
 H -0.522560 -3.932116 0.065916
 H 5.525882 3.090058 -9.101094
 H 6.248352 2.188826 -8.135546
 H 2.901132 5.564465 4.505780
 H 3.577933 5.786730 5.965452
 H -5.558020 5.942192 -3.080010
 H -6.203427 6.553164 -2.027877
 H -0.032991 1.529731 -2.384605
 H 1.244302 0.775587 -2.963336
 H -4.339827 -3.629585 -0.425870
 H -5.057916 -4.688641 0.148523
 H -3.079152 6.341011 1.627565
 H -3.631166 6.586050 3.101115
 H -3.289687 2.971442 4.313536
 H -2.157224 3.087309 5.424095
 H -2.498044 0.170480 -0.694354
 H -3.567964 -0.646948 0.234046
 H -1.441037 -1.038630 3.900983
 H -2.312721 -1.638508 4.957528
 H 1.566113 2.579313 4.519278
 H 1.845603 2.572617 5.941291
 H -5.924515 1.398897 2.224539
 H -5.095743 1.601804 0.968992
 H 2.801494 5.876456 -1.611706
 H 4.291217 5.428079 -1.976074
 H 0.323956 -5.612849 -3.816159
 H 0.739101 -6.279280 -2.497410
 H -4.825911 4.391337 -4.823076
 H -4.154734 3.928070 -3.559338
 H 5.226998 0.955549 7.459181
 H 6.203655 1.957025 6.725733
 H -1.450678 1.785658 1.479584
 H -0.632163 2.209617 2.783938
 H 0.574565 -2.202068 -2.272201
 H 0.402457 -1.299313 -3.463010
 H 0.253220 -3.489637 -4.849121
 H -0.071487 -3.597475 -6.418421
 H 7.099882 -5.863503 5.017898
 H 6.009466 -5.198511 4.225468
 H 4.106344 -3.596598 1.876743
 H 2.934001 -3.260971 0.885766
 H 5.613612 -1.583528 2.122092
 H 5.207756 -0.690545 3.343553
 H 2.576165 4.084535 -4.580262
 H 1.436566 4.537867 -3.817932
 H 0.488788 -9.004757 0.417492
 H -0.360482 -8.007721 1.244244
 H -4.424615 -2.727829 -6.296906
 H -4.683319 -2.044317 -7.677233
 H -3.911357 1.609977 -0.352453
 H -4.827644 1.169641 -1.435223
 H 5.112626 4.242509 -4.939635
 H 4.028756 3.941448 -5.992887
 H 2.418041 -0.803986 -0.712344
 H 0.941068 -0.109953 -1.194619
 H -4.403987 -3.970478 2.177796
 H -5.701446 -4.790455 2.390608
 H 2.305671 3.187058 1.953510
 H 1.900703 2.081501 1.065570
K_POINTS
 1
0.0 0.0 0.0 1.0