
&control
    calculation='scf'
    pseudo_dir = './',
    outdir='./outputs',
    disk_io='high'
/
&system
    ibrav= 1, celldm(1)=20.000000, nat=  192, ntyp= 2,
    ecutwfc = 30.0, nosym=.true., occupations='smearing',
    smearing='m-v', degauss=0.025
/
&electrons
    conv_thr =  1.0d-8,
    mixing_beta = 0.7
/
&ions
    pot_extrapolation='second-order'
    wfc_extrapolation='second-order'
    ion_temperature = 'andersen'
    tempw = 1000

/
ATOMIC_SPECIES
 H  1.01  H.blyp-hgh.UPF
 O  16.0  O.blyp-hgh.UPF
ATOMIC_POSITIONS bohr
 O -5.261938 -1.494851 -1.611452
 O 3.891549 -2.074840 5.387410
 O -5.745411 5.478522 -5.440830
 O -0.166577 3.831856 -1.482949
 O -4.732882 0.774132 3.934347
 O -0.227942 5.479469 5.241768
 O -0.135195 -5.408361 -3.394964
 O 2.462955 0.114429 3.590301
 O -2.854638 -5.300544 5.667995
 O 2.000938 -2.820027 1.960695
 O 2.568579 -6.115301 2.903486
 O -4.037283 -2.996177 4.507827
 O -4.439342 -5.834465 0.718907
 O -3.613604 -5.711539 -3.793730
 O 2.411303 -2.781142 -2.315748
 O -2.008590 2.432282 0.971031
 O -1.214872 -1.781223 1.904998
 O 0.221663 -4.187879 3.773490
 O 5.384505 -4.348026 -4.984433
 O 5.425824 4.985816 2.217314
 O 5.877978 -2.998814 3.263647
 O -3.237528 -2.866894 -3.871005
 O -0.888154 2.668899 -4.946866
 O 3.934200 2.363403 2.909968
 O 2.333010 1.395780 -3.120376
 O -4.833564 2.655881 -6.252199
 O 4.495122 -5.990630 -1.239420
 O 2.013855 -1.269641 -4.651940
 O -2.055799 0.131473 -4.834738
 O 0.936975 -0.331408 0.810003
 O 4.746257 -1.737288 -3.628873
 O 5.222957 0.126537 -0.163411
 O -0.157434 4.631681 1.969598
 O -4.964736 0.739865 -4.026637
 O 0.743970 -3.826760 -0.389387
 O 4.538137 3.797930 -4.505917
 O 3.383351 5.447817 5.856457
 O -5.305194 3.992792 -1.986395
 O -0.396789 0.976740 -1.761783
 O -3.111539 -3.536116 -0.978849
 O -2.682580 5.495360 3.292366
 O -1.576708 2.805348 4.212424
 O -2.581447 -0.343738 -0.729230
 O -1.543157 -2.117267 4.839740
 O 0.628151 1.883126 4.995877
 O -4.678174 3.288784 1.367806
 O 2.943533 4.000489 -0.669018
 O 2.708881 -6.003979 -3.669264
 O -2.518817 4.482980 -2.327567
 O 5.357143 0.628113 5.411284
 O -2.959286 0.299960 1.971756
 O -0.690836 -2.343441 -2.469570
 O 0.029869 -3.376320 -5.467631
 O 5.773093 -5.941334 4.269190
 O 4.947148 -3.172422 -0.144983
 O 4.622341 -0.729402 2.456602
 O 1.226132 4.333042 -4.313021
 O -0.739774 -5.860294 0.426032
 O -5.504090 -1.498053 -5.730561
 O -4.654125 1.284091 -0.811634
 O 5.164089 1.452835 -2.395368
 O 2.863579 -0.299895 -1.176583
 O -5.270364 -1.313578 1.337108
 O 1.590517 2.532461 1.455099
 H -5.348031 -1.526471 -0.622751
 H -4.554369 -0.820155 -1.729893
 H 3.768611 -2.870276 5.944308
 H 3.217484 -2.170578 4.683515
 H -6.519314 5.011845 -5.033473
 H -5.396847 4.780413 -6.027310
 H 0.172820 2.905736 -1.374338
 H 0.534315 4.376994 -1.878035
 H -5.719061 0.662017 3.931486
 H -4.590142 1.392003 4.694831
 H 0.171363 6.348397 5.030684
 H 0.166498 5.180141 6.075356
 H -0.502973 -5.409489 -2.494183
 H -0.949750 -5.545147 -3.918320
 H 2.846699 1.023999 3.446092
 H 1.514345 0.245371 3.775289
 H -3.374686 -5.384623 6.498596
 H -1.938314 -5.513246 5.938043
 H 2.024288 -2.005130 1.411397
 H 2.918029 -3.159704 1.998984
 H 3.259057 -6.547085 2.362063
 H 1.714321 -6.455023 2.575080
 H -3.252927 -3.481378 4.181105
 H -4.650448 -2.907524 3.710623
 H -4.110877 -6.672172 0.330474
 H -4.054347 -5.107788 0.181534
 H -4.400465 -5.207302 -3.524098
 H -3.764853 -6.618187 -3.452992
 H 2.493815 -1.814541 -2.150739
 H 1.661700 -3.147388 -1.775735
 H -1.107978 2.795568 1.047210
 H -2.010224 1.453100 0.985468
 H -0.723627 -0.995043 1.518775
 H -0.959116 -1.755955 2.858006
 H 0.958065 -4.310991 3.123569
 H -0.503550 -4.008713 3.145866
 H 6.274365 -4.713954 -4.817836
 H 5.442491 -3.368149 -4.978559
 H 5.577200 5.256883 3.165752
 H 6.251363 4.954326 1.704267
 H 5.491391 -2.229543 2.787021
 H 5.908065 -3.739800 2.624570
 H -2.303883 -2.681738 -4.073729
 H -3.687247 -2.935302 -4.730281
 H -0.396636 2.797892 -4.117289
 H -1.465182 1.886222 -4.750270
 H 4.830290 2.695446 3.079224
 H 3.480064 3.102833 2.467212
 H 2.736282 0.946354 -3.890068
 H 1.640288 1.973447 -3.498387
 H -4.978454 1.941449 -5.594360
 H -3.995749 3.045622 -5.940552
 H 4.049074 -5.125389 -1.250319
 H 5.391148 -5.742734 -0.951547
 H 2.763672 -1.390184 -5.275818
 H 1.286801 -0.901777 -5.181861
 H -1.784387 -0.422784 -5.601458
 H -2.974824 0.392126 -5.036544
 H 0.761785 0.561576 1.171579
 H 1.668349 -0.155380 0.110066
 H 4.004034 -2.205600 -3.202311
 H 5.384105 -1.603313 -2.904119
 H 5.524018 0.936124 -0.653567
 H 5.714538 -0.516217 -0.785599
 H -0.473523 3.946145 2.611213
 H -0.803653 5.347527 2.171882
 H -4.898727 0.601991 -3.050651
 H -5.934203 0.850545 -4.135552
 H 0.373336 -4.745036 -0.299839
 H 1.370162 -3.738655 0.369368
 H 3.747226 4.175329 -4.961554
 H 4.698877 2.929202 -4.910231
 H 3.389359 5.402852 4.876289
 H 2.666466 6.091351 6.001958
 H -5.547239 3.706496 -1.074432
 H -4.501819 4.536460 -1.787349
 H 0.063701 0.270505 -2.243768
 H -0.845006 0.519096 -1.021861
 H -3.191998 -2.864608 -1.706906
 H -2.337390 -4.055906 -1.294133
 H -3.564691 5.719409 2.943516
 H -2.693972 5.712256 4.256103
 H -1.267315 2.222273 3.498471
 H -2.100488 3.544306 3.820080
 H -2.116789 -1.198956 -0.638230
 H -3.080303 -0.327605 0.126146
 H -2.475566 -2.390681 4.774697
 H -1.044533 -2.769779 5.368331
 H 1.295051 1.487337 5.587049
 H 0.116793 2.474718 5.582729
 H -5.011567 3.523486 2.254213
 H -3.821362 2.847024 1.569835
 H 3.417582 4.797053 -0.352271
 H 2.902167 4.209709 -1.622747
 H 3.591148 -5.596617 -3.770510
 H 2.151085 -5.301869 -3.261852
 H -2.436407 3.963521 -3.149592
 H -1.643510 4.216143 -1.904438
 H 5.896376 -0.211615 5.421695
 H 4.447487 0.294583 5.278836
 H -2.309732 -0.465438 1.973611
 H -3.619090 0.235711 2.724727
 H 0.228333 -2.696160 -2.529153
 H -0.732609 -2.110560 -1.519270
 H 0.162975 -3.142599 -4.534877
 H 0.723653 -2.839382 -5.895393
 H 5.076854 -6.149811 4.940256
 H 6.433851 -5.492320 4.827698
 H 5.914990 -3.188655 0.035601
 H 4.743640 -2.245776 0.107226
 H 4.778505 0.085586 1.917119
 H 3.638290 -0.665905 2.672295
 H 1.209952 4.054735 -5.246951
 H 1.601490 5.272396 -4.234079
 H -1.213636 -6.709216 0.513642
 H -1.385462 -5.154860 0.249159
 H -5.113477 -1.962120 -6.498198
 H -4.770495 -0.948257 -5.384597
 H -4.467184 2.218296 -1.052564
 H -4.720872 1.284002 0.161051
 H 5.788763 2.205067 -2.386054
 H 4.301031 1.886764 -2.603109
 H 3.724008 0.174677 -0.964222
 H 2.385164 0.268175 -1.830744
 H -6.180107 -1.126158 1.636139
 H -4.768979 -1.476303 2.158723
 H 0.674503 2.876024 1.460574
 H 1.950070 3.074547 0.706642
K_POINTS
 1
0.0 0.0 0.0 1.0