
&control
    calculation='scf'
    pseudo_dir = './',
    outdir='./outputs',
    disk_io='high'
/
&system
    ibrav= 1, celldm(1)=20.000000, nat=  192, ntyp= 2,
    ecutwfc = 30.0, nosym=.true., occupations='smearing',
    smearing='m-v', degauss=0.025
/
&electrons
    conv_thr =  1.0d-8,
    mixing_beta = 0.7
/
&ions
    pot_extrapolation='second-order'
    wfc_extrapolation='second-order'
    ion_temperature = 'andersen'
    tempw = 1000

/
ATOMIC_SPECIES
 H  1.01  H.blyp-hgh.UPF
 O  16.0  O.blyp-hgh.UPF
ATOMIC_POSITIONS bohr
 O -6.010752 -1.859825 0.062241
 O 3.765374 -1.502164 6.023192
 O -5.693982 7.305253 -5.481655
 O 2.179045 3.118739 -0.541559
 O -4.675186 1.127711 4.426490
 O 0.374150 5.692526 6.176103
 O -2.401524 -5.696332 -2.589712
 O 4.543166 0.626467 4.721971
 O -2.169867 -6.604813 6.450412
 O 1.798571 -2.988912 3.608060
 O 1.917048 -5.501306 1.871314
 O -2.598014 -4.337628 5.233155
 O -3.476023 -6.964281 0.089442
 O -3.395033 -3.697348 -4.529893
 O 2.575449 -4.544079 -0.907719
 O -1.229956 2.930220 -1.865471
 O -1.517778 -2.825526 0.952610
 O -0.267767 -4.817417 3.311008
 O 3.744612 -3.857221 -3.647167
 O 5.451690 4.152952 1.620165
 O 4.777891 -3.930796 4.666506
 O -2.175040 -0.955538 -3.512441
 O -1.389970 3.263989 -4.779196
 O 5.058720 1.183205 0.240749
 O 3.647152 1.515002 -3.721697
 O -4.754082 3.899292 -6.400161
 O 4.833726 -5.380957 0.652734
 O 1.147882 -0.456538 -5.958686
 O -2.942603 0.819833 -5.298937
 O 0.458992 -0.892302 1.759406
 O 6.160321 -2.410052 -3.356530
 O 4.016932 -0.796115 -1.148282
 O -0.776711 4.809059 2.774867
 O -4.797341 -0.176829 -2.593063
 O 0.060087 -4.542952 -0.451583
 O 5.723392 3.029455 -8.161137
 O 3.647090 5.390289 5.062202
 O -6.483425 6.136552 -2.886488
 O 0.384132 0.612299 -2.530657
 O -4.742062 -4.447196 -0.786774
 O -2.990986 6.924508 2.439073
 O -2.333432 3.169773 4.473251
 O -2.987898 0.118539 0.162834
 O -1.555888 -0.998967 4.859001
 O 1.389347 1.987997 5.288176
 O -5.369037 2.067668 1.800907
 O 3.403799 5.091835 -1.716530
 O 1.116927 -5.816613 -3.259530
 O -4.568895 4.749647 -3.913997
 O 6.002096 1.562390 7.605275
 O -0.657921 1.603147 2.003775
 O 0.527453 -2.250282 -3.233642
 O -0.257971 -3.988923 -5.530288
 O 6.778260 -5.790014 4.078263
 O 3.579301 -2.842232 1.503213
 O 5.973642 -1.153391 2.939359
 O 1.596597 3.869563 -4.547816
 O -0.077366 -8.252267 0.280677
 O -4.652190 -1.862160 -6.710048
 O -4.668315 1.989554 -0.870036
 O 4.158793 4.248055 -5.047216
 O 1.402868 -0.858003 -0.703786
 O -5.286203 -4.146647 1.783801
 O 1.823308 2.317724 2.019322
 H -5.673150 -1.840799 -0.854778
 H -6.112267 -2.774581 0.417208
 H 2.795924 -1.260019 6.095796
 H 3.751623 -2.195809 5.304601
 H -5.828182 6.594540 -4.823201
 H -4.932190 7.837409 -5.063724
 H 2.907971 3.760952 -0.370674
 H 2.192828 3.197247 -1.526616
 H -4.976781 0.361871 4.961756
 H -4.418724 0.834225 3.534913
 H 0.519701 6.658936 6.349338
 H 1.120466 5.318344 6.704955
 H -3.134698 -5.948095 -3.185903
 H -2.853589 -5.784364 -1.718497
 H 4.419382 1.405733 5.291011
 H 4.358703 -0.098732 5.411717
 H -2.684848 -7.394759 6.207001
 H -1.218155 -6.905298 6.417579
 H 1.340338 -2.136032 3.312284
 H 2.632536 -2.931984 3.109218
 H 1.178606 -5.585994 2.514111
 H 1.351965 -5.109693 1.165798
 H -2.580674 -5.226084 5.710642
 H -2.442735 -4.482244 4.291918
 H -3.747264 -7.822253 -0.318339
 H -4.038946 -6.246478 -0.298414
 H -3.131483 -3.013756 -3.866766
 H -2.509209 -3.990946 -4.879707
 H 2.972079 -4.120946 -1.719222
 H 1.668005 -4.176614 -1.067906
 H -1.551134 3.444968 -2.614842
 H -0.899919 3.626539 -1.237910
 H -2.127687 -2.398959 0.317229
 H -0.846877 -2.148749 1.234358
 H 0.058990 -3.939768 3.554489
 H -0.996984 -4.559258 2.698769
 H 3.048047 -4.348274 -4.186122
 H 3.464490 -2.917831 -3.795023
 H 5.570482 5.084876 1.337343
 H 6.085269 3.555200 1.174113
 H 5.427700 -3.220167 4.866604
 H 5.071365 -4.720897 5.159335
 H -1.264872 -1.303209 -3.415127
 H -2.228055 -0.154463 -4.102416
 H -0.411871 3.259041 -4.712617
 H -1.720639 2.427192 -5.155184
 H 5.610155 1.717779 -0.381572
 H 4.387823 1.818757 0.569132
 H 3.908929 1.639255 -2.787427
 H 3.042425 2.272695 -3.798592
 H -5.570418 3.876559 -7.022184
 H -4.559262 2.937739 -6.453409
 H 4.037355 -5.577087 1.213931
 H 4.378855 -5.185438 -0.196813
 H 0.411555 -0.526951 -6.584335
 H 1.401838 0.483588 -6.015597
 H -3.184041 0.077225 -5.890772
 H -3.675998 0.887307 -4.642892
 H -0.161208 -0.202529 2.057407
 H 0.849937 -0.752195 0.826776
 H 5.924265 -2.092163 -4.240883
 H 5.564360 -3.183587 -3.259767
 H 4.297996 0.116156 -0.883363
 H 4.617509 -1.267683 -0.518522
 H -0.953269 5.738386 3.003815
 H -1.208588 4.228563 3.406474
 H -3.853111 -0.403799 -2.767701
 H -5.311980 -0.975378 -2.890390
 H -0.242160 -5.458586 -0.281246
 H -0.520875 -3.938139 0.073683
 H 5.492001 3.097502 -9.111649
 H 6.229070 2.187642 -8.139771
 H 2.882131 5.562136 4.488303
 H 3.532761 5.793951 5.935389
 H -5.569634 5.922324 -3.136727
 H -6.214832 6.548593 -2.020574
 H -0.023844 1.519970 -2.388043
 H 1.246577 0.770730 -2.967953
 H -4.367589 -3.620942 -0.443496
 H -5.050936 -4.664829 0.147113
 H -3.089662 6.386176 1.615068
 H -3.618197 6.587870 3.101869
 H -3.277915 2.986907 4.345292
 H -2.163781 3.077962 5.440213
 H -2.487265 0.208091 -0.669323
 H -3.571724 -0.651383 0.217703
 H -1.437694 -1.055492 3.888922
 H -2.277529 -1.664797 4.984373
 H 1.595266 2.561286 4.495106
 H 1.869959 2.533472 5.966450
 H -5.950978 1.391627 2.229495
 H -5.162230 1.596111 0.951996
 H 2.835082 5.896245 -1.565921
 H 4.289922 5.388402 -2.008129
 H 0.328135 -5.649220 -3.820153
 H 0.751274 -6.311683 -2.505857
 H -4.791012 4.412237 -4.832406
 H -4.194815 3.928645 -3.536400
 H 5.263665 0.939334 7.487591
 H 6.203791 1.964002 6.748864
 H -1.426433 1.773783 1.468215
 H -0.661698 2.242663 2.771555
 H 0.581035 -2.207797 -2.265018
 H 0.386428 -1.304480 -3.459090
 H 0.247277 -3.451820 -4.859708
 H -0.114885 -3.599921 -6.415486
 H 7.099072 -5.833220 5.021657
 H 5.994368 -5.221098 4.229579
 H 4.102836 -3.589477 1.869629
 H 2.936633 -3.308124 0.900957
 H 5.578529 -1.570987 2.145561
 H 5.225004 -0.694163 3.405514
 H 2.563470 4.079707 -4.591679
 H 1.401718 4.545467 -3.829596
 H 0.556520 -8.985390 0.394947
 H -0.368134 -8.026142 1.224484
 H -4.396545 -2.756937 -6.340503
 H -4.674760 -2.012848 -7.680028
 H -3.919845 1.624385 -0.338058
 H -4.853059 1.193970 -1.448649
 H 5.119434 4.240090 -4.951217
 H 3.977865 3.963066 -5.976483
 H 2.425154 -0.797209 -0.719747
 H 0.939906 -0.146394 -1.242035
 H -4.411561 -3.949435 2.175132
 H -5.673788 -4.794793 2.401511
 H 2.352727 3.152342 1.933455
 H 1.894783 2.037692 1.082056
K_POINTS
 1
0.0 0.0 0.0 1.0