
&control
    calculation='scf'
    pseudo_dir = './',
    outdir='./outputs',
    disk_io='high'
/
&system
    ibrav= 1, celldm(1)=20.000000, nat=  192, ntyp= 2,
    ecutwfc = 30.0, nosym=.true., occupations='smearing',
    smearing='m-v', degauss=0.025
/
&electrons
    conv_thr =  1.0d-8,
    mixing_beta = 0.7
/
&ions
    pot_extrapolation='second-order'
    wfc_extrapolation='second-order'
    ion_temperature = 'andersen'
    tempw = 1000

/
ATOMIC_SPECIES
 H  1.01  H.blyp-hgh.UPF
 O  16.0  O.blyp-hgh.UPF
ATOMIC_POSITIONS bohr
 O -6.016584 -1.859830 0.064672
 O 3.763868 -1.493195 6.020257
 O -5.691525 7.308121 -5.475113
 O 2.185992 3.127829 -0.539296
 O -4.665131 1.118597 4.430350
 O 0.379529 5.684395 6.172548
 O -2.411834 -5.697686 -2.587511
 O 4.546322 0.608464 4.722543
 O -2.168637 -6.598055 6.462510
 O 1.797889 -2.994975 3.611905
 O 1.913326 -5.497331 1.861775
 O -2.596686 -4.343639 5.227267
 O -3.464482 -6.971666 0.085749
 O -3.393345 -3.693947 -4.531031
 O 2.586452 -4.534115 -0.896435
 O -1.230790 2.931514 -1.875692
 O -1.519007 -2.822438 0.944183
 O -0.269791 -4.813540 3.302859
 O 3.726548 -3.854987 -3.642952
 O 5.461283 4.152509 1.612626
 O 4.772842 -3.928214 4.674584
 O -2.167304 -0.951053 -3.512236
 O -1.392538 3.258645 -4.776773
 O 5.061438 1.186233 0.236508
 O 3.648941 1.514304 -3.720854
 O -4.746502 3.904724 -6.408032
 O 4.828501 -5.380734 0.648906
 O 1.157297 -0.456734 -5.951676
 O -2.945765 0.829697 -5.296509
 O 0.454428 -0.900112 1.760128
 O 6.162720 -2.411679 -3.357143
 O 4.014446 -0.806718 -1.148235
 O -0.786217 4.817912 2.774621
 O -4.796048 -0.179464 -2.586425
 O 0.057974 -4.546785 -0.442073
 O 5.717245 3.027070 -8.171891
 O 3.636577 5.386125 5.047053
 O -6.487259 6.143599 -2.888940
 O 0.390713 0.605598 -2.534190
 O -4.743888 -4.457230 -0.791513
 O -2.989272 6.936414 2.445091
 O -2.328046 3.172459 4.487582
 O -2.993831 0.125014 0.171493
 O -1.554638 -0.990880 4.848230
 O 1.402800 1.992319 5.286459
 O -5.371813 2.055361 1.804808
 O 3.401920 5.079472 -1.714463
 O 1.112487 -5.814212 -3.251672
 O -4.583717 4.750044 -3.918376
 O 6.007372 1.564018 7.615216
 O -0.650416 1.606518 2.000858
 O 0.532317 -2.251447 -3.228188
 O -0.255601 -3.996153 -5.525027
 O 6.780214 -5.789275 4.076073
 O 3.571540 -2.838918 1.505493
 O 5.976710 -1.142096 2.944260
 O 1.592941 3.863757 -4.546644
 O -0.059756 -8.260449 0.275896
 O -4.656123 -1.874720 -6.704730
 O -4.664098 2.002201 -0.876589
 O 4.163667 4.247860 -5.040833
 O 1.401781 -0.859653 -0.699926
 O -5.289991 -4.142335 1.779760
 O 1.825354 2.320301 2.023629
 H -5.698893 -1.839807 -0.859491
 H -6.099484 -2.787158 0.409149
 H 2.790026 -1.265830 6.091108
 H 3.752366 -2.189736 5.310651
 H -5.839016 6.608180 -4.812732
 H -4.957892 7.874894 -5.072100
 H 2.909453 3.778204 -0.376582
 H 2.216132 3.188171 -1.525998
 H -4.966548 0.351080 4.951045
 H -4.449530 0.832495 3.528460
 H 0.527102 6.652799 6.331119
 H 1.141412 5.327697 6.679643
 H -3.145590 -5.957610 -3.179059
 H -2.897725 -5.763416 -1.736018
 H 4.453665 1.414025 5.268599
 H 4.393511 -0.100976 5.424307
 H -2.689816 -7.392829 6.219099
 H -1.220884 -6.896558 6.399564
 H 1.350959 -2.124992 3.314529
 H 2.625509 -2.935781 3.099834
 H 1.183404 -5.585467 2.514825
 H 1.342233 -5.118225 1.157379
 H -2.585087 -5.240411 5.694367
 H -2.433651 -4.465332 4.278169
 H -3.751462 -7.819525 -0.330962
 H -4.020956 -6.248990 -0.299710
 H -3.132478 -3.015891 -3.865528
 H -2.498335 -3.949787 -4.881457
 H 2.947946 -4.124151 -1.728911
 H 1.665168 -4.200656 -1.063520
 H -1.542517 3.428654 -2.640394
 H -0.899760 3.619625 -1.233046
 H -2.130306 -2.384686 0.320125
 H -0.858065 -2.145878 1.237739
 H 0.037541 -3.938490 3.584406
 H -1.006846 -4.554836 2.704265
 H 3.021586 -4.370205 -4.145648
 H 3.467178 -2.914458 -3.772824
 H 5.582426 5.072536 1.318130
 H 6.070513 3.525119 1.159846
 H 5.407748 -3.204187 4.859111
 H 5.068756 -4.714220 5.169574
 H -1.257514 -1.290617 -3.411809
 H -2.240632 -0.164200 -4.122036
 H -0.419133 3.227819 -4.721340
 H -1.733748 2.434791 -5.159690
 H 5.634144 1.702883 -0.381916
 H 4.385654 1.826793 0.537521
 H 3.908579 1.619209 -2.784516
 H 3.045533 2.280108 -3.821928
 H -5.557007 3.882321 -7.034531
 H -4.565654 2.944059 -6.450394
 H 4.045998 -5.577551 1.231082
 H 4.358922 -5.211319 -0.197462
 H 0.414425 -0.515307 -6.578454
 H 1.416065 0.483079 -6.006480
 H -3.189357 0.095339 -5.893507
 H -3.679213 0.885556 -4.643650
 H -0.167203 -0.199376 2.048533
 H 0.844592 -0.739074 0.841965
 H 5.953302 -2.076538 -4.244815
 H 5.561012 -3.174015 -3.254138
 H 4.294079 0.100831 -0.889900
 H 4.608245 -1.283495 -0.502579
 H -0.972883 5.737440 2.996476
 H -1.201179 4.241298 3.399386
 H -3.851719 -0.388330 -2.780884
 H -5.300596 -0.979093 -2.895419
 H -0.252771 -5.458017 -0.258274
 H -0.521495 -3.942090 0.079122
 H 5.469141 3.107799 -9.118784
 H 6.216944 2.186209 -8.142157
 H 2.868318 5.562579 4.478011
 H 3.500192 5.800390 5.915231
 H -5.574349 5.902081 -3.178749
 H -6.227045 6.546938 -2.018162
 H -0.018642 1.511792 -2.390352
 H 1.247722 0.767792 -2.971171
 H -4.382648 -3.611915 -0.459860
 H -5.049275 -4.650973 0.145316
 H -3.097431 6.414785 1.608874
 H -3.610920 6.587447 3.101706
 H -3.270404 2.996794 4.366342
 H -2.168320 3.071911 5.447510
 H -2.481512 0.229273 -0.653257
 H -3.575286 -0.655395 0.203520
 H -1.434337 -1.064999 3.881649
 H -2.252020 -1.681601 5.004645
 H 1.612562 2.543307 4.479889
 H 1.882383 2.504790 5.982287
 H -5.967930 1.388759 2.231388
 H -5.207545 1.595467 0.942141
 H 2.861824 5.908464 -1.535568
 H 4.289011 5.363075 -2.031114
 H 0.330975 -5.673061 -3.821666
 H 0.758505 -6.331700 -2.510288
 H -4.766446 4.428918 -4.838604
 H -4.221549 3.930817 -3.518641
 H 5.287979 0.930080 7.506411
 H 6.202384 1.967767 6.762767
 H -1.415547 1.767943 1.459044
 H -0.682363 2.260657 2.757733
 H 0.586928 -2.211984 -2.257089
 H 0.379354 -1.308354 -3.457558
 H 0.241216 -3.426619 -4.869656
 H -0.144426 -3.600777 -6.411925
 H 7.099304 -5.812822 5.021800
 H 5.985419 -5.236696 4.227610
 H 4.099976 -3.583769 1.862875
 H 2.941502 -3.338048 0.912794
 H 5.555231 -1.561176 2.162214
 H 5.239193 -0.697089 3.444849
 H 2.557861 4.074881 -4.600527
 H 1.376601 4.548287 -3.840331
 H 0.602173 -8.970960 0.379362
 H -0.373322 -8.038899 1.207861
 H -4.376772 -2.772027 -6.370220
 H -4.670151 -1.991797 -7.680685
 H -3.925668 1.634783 -0.329341
 H -4.870069 1.212274 -1.458539
 H 5.125808 4.237513 -4.956911
 H 3.946555 3.979417 -5.964925
 H 2.426460 -0.792125 -0.727479
 H 0.943287 -0.172325 -1.273087
 H -4.416167 -3.937192 2.173378
 H -5.654811 -4.798627 2.409561
 H 2.382161 3.126630 1.922877
 H 1.889024 2.006328 1.093916
K_POINTS
 1
0.0 0.0 0.0 1.0