
&control
    calculation='scf'
    pseudo_dir = './',
    outdir='./outputs',
    disk_io='high'
/
&system
    ibrav= 1, celldm(1)=20.000000, nat=  192, ntyp= 2,
    ecutwfc = 30.0, nosym=.true., occupations='smearing',
    smearing='m-v', degauss=0.025
/
&electrons
    conv_thr =  1.0d-8,
    mixing_beta = 0.7
/
&ions
    pot_extrapolation='second-order'
    wfc_extrapolation='second-order'
    ion_temperature = 'andersen'
    tempw = 1000

/
ATOMIC_SPECIES
 H  1.01  H.blyp-hgh.UPF
 O  16.0  O.blyp-hgh.UPF
ATOMIC_POSITIONS bohr
 O -6.019461 -1.859811 0.065968
 O 3.762980 -1.488869 6.018757
 O -5.690140 7.309640 -5.471855
 O 2.189671 3.132255 -0.538375
 O -4.660113 1.114105 4.432444
 O 0.382500 5.680502 6.170793
 O -2.417095 -5.698440 -2.586312
 O 4.547916 0.599425 4.723061
 O -2.168166 -6.594772 6.468542
 O 1.797252 -2.997580 3.613929
 O 1.911418 -5.495387 1.856915
 O -2.596167 -4.346481 5.224342
 O -3.458793 -6.975344 0.083825
 O -3.392334 -3.692178 -4.531604
 O 2.592000 -4.528912 -0.891112
 O -1.231123 2.932122 -1.880712
 O -1.519706 -2.820973 0.939958
 O -0.271049 -4.811584 3.298703
 O 3.717260 -3.853891 -3.640951
 O 5.465933 4.152238 1.608842
 O 4.770280 -3.926852 4.678524
 O -2.163610 -0.948828 -3.512014
 O -1.393885 3.256076 -4.775538
 O 5.062731 1.187851 0.234228
 O 3.649612 1.513958 -3.720275
 O -4.742995 3.907304 -6.412151
 O 4.825772 -5.380706 0.647066
 O 1.162051 -0.456910 -5.948055
 O -2.947401 0.834703 -5.295208
 O 0.452046 -0.904297 1.760604
 O 6.163973 -2.412442 -3.357460
 O 4.013256 -0.812091 -1.148146
 O -0.790732 4.822391 2.774210
 O -4.795342 -0.180834 -2.583122
 O 0.056886 -4.548793 -0.437288
 O 5.714160 3.025900 -8.177158
 O 3.631386 5.383978 5.039416
 O -6.489136 6.147296 -2.889829
 O 0.393951 0.602448 -2.536033
 O -4.744807 -4.462285 -0.793684
 O -2.988288 6.942453 2.448036
 O -2.325211 3.173801 4.494773
 O -2.996678 0.128380 0.175974
 O -1.554126 -0.986978 4.842801
 O 1.409699 1.994803 5.285576
 O -5.373138 2.048937 1.806795
 O 3.400888 5.073418 -1.713406
 O 1.110266 -5.813104 -3.247845
 O -4.591029 4.750084 -3.920539
 O 6.010260 1.564870 7.620266
 O -0.646578 1.608216 1.999711
 O 0.534663 -2.251979 -3.225577
 O -0.254261 -3.999742 -5.522254
 O 6.781258 -5.788955 4.075155
 O 3.567630 -2.837356 1.506611
 O 5.978151 -1.136427 2.946791
 O 1.591111 3.861009 -4.545793
 O -0.051107 -8.264432 0.273559
 O -4.658051 -1.881109 -6.702132
 O -4.662040 2.008460 -0.879908
 O 4.165963 4.247754 -5.037717
 O 1.401267 -0.860537 -0.697869
 O -5.291924 -4.140075 1.777724
 O 1.826631 2.321747 2.025738
 H -5.712267 -1.840049 -0.861785
 H -6.092790 -2.792798 0.404267
 H 2.787472 -1.268556 6.088933
 H 3.752665 -2.186186 5.314674
 H -5.844787 6.615618 -4.807537
 H -4.971602 7.892671 -5.076840
 H 2.909872 3.787198 -0.379392
 H 2.227237 3.183399 -1.524674
 H -4.961367 0.345315 4.945081
 H -4.465021 0.831313 3.524982
 H 0.529581 6.649728 6.321449
 H 1.151101 5.331165 6.666833
 H -3.150399 -5.962345 -3.176578
 H -2.918741 -5.752646 -1.744863
 H 4.470854 1.418647 5.256186
 H 4.410509 -0.102502 5.429264
 H -2.692283 -7.391216 6.225425
 H -1.222388 -6.891672 6.390588
 H 1.357489 -2.121501 3.316073
 H 2.622365 -2.938040 3.094161
 H 1.186280 -5.585087 2.516123
 H 1.338342 -5.122508 1.152470
 H -2.586494 -5.247514 5.685401
 H -2.428869 -4.457681 4.271448
 H -3.753330 -7.817336 -0.336791
 H -4.011755 -6.250970 -0.300303
 H -3.133664 -3.017225 -3.865322
 H -2.493959 -3.929232 -4.882399
 H 2.937018 -4.126449 -1.733394
 H 1.663188 -4.214047 -1.059733
 H -1.538589 3.420727 -2.654484
 H -0.899637 3.615596 -1.229787
 H -2.130918 -2.377442 0.321943
 H -0.862996 -2.143413 1.239456
 H 0.028607 -3.937481 3.599680
 H -1.011848 -4.553342 2.707036
 H 3.010048 -4.380148 -4.124039
 H 3.468492 -2.913312 -3.761799
 H 5.588541 5.066293 1.308067
 H 6.063494 3.510827 1.153293
 H 5.398047 -3.196871 4.855525
 H 5.066779 -4.710095 5.176360
 H -1.254152 -1.284049 -3.410369
 H -2.245641 -0.169973 -4.131945
 H -0.422799 3.211696 -4.726306
 H -1.739772 2.437544 -5.161608
 H 5.646133 1.695255 -0.381362
 H 4.384655 1.830760 0.521794
 H 3.908877 1.608667 -2.783309
 H 3.047213 2.283882 -3.834205
 H -5.549323 3.886026 -7.040576
 H -4.568030 2.947157 -6.448508
 H 4.050780 -5.577874 1.239180
 H 4.349058 -5.224204 -0.197320
 H 0.415405 -0.509664 -6.575840
 H 1.423074 0.482763 -6.002610
 H -3.192008 0.104387 -5.895252
 H -3.681220 0.884748 -4.644614
 H -0.169414 -0.196485 2.043225
 H 0.841609 -0.732255 0.849680
 H 5.967730 -2.068803 -4.247208
 H 5.559300 -3.169525 -3.251281
 H 4.292040 0.093532 -0.892947
 H 4.603031 -1.291763 -0.495279
 H -0.983003 5.737389 2.993545
 H -1.199255 4.246705 3.397926
 H -3.851145 -0.381057 -2.787290
 H -5.294947 -0.980595 -2.897631
 H -0.258094 -5.457416 -0.247057
 H -0.522407 -3.943792 0.081996
 H 5.457791 3.114386 -9.122289
 H 6.211215 2.185115 -8.143394
 H 2.861110 5.563293 4.473117
 H 3.483379 5.804019 5.905006
 H -5.576803 5.890264 -3.200277
 H -6.234159 6.546413 -2.017902
 H -0.016348 1.507211 -2.391461
 H 1.248481 0.766448 -2.972987
 H -4.389284 -3.606819 -0.469713
 H -5.049438 -4.644934 0.144391
 H -3.101483 6.428694 1.606594
 H -3.607877 6.586654 3.101631
 H -3.267111 3.001549 4.376648
 H -2.170415 3.068929 5.450615
 H -2.479107 0.238683 -0.645374
 H -3.577119 -0.657331 0.195422
 H -1.432392 -1.069293 3.878113
 H -2.238449 -1.689525 5.015277
 H 1.620708 2.532705 4.472886
 H 1.887647 2.490090 5.989762
 H -5.976119 1.387976 2.231895
 H -5.230299 1.596010 0.937643
 H 2.876658 5.913753 -1.520592
 H 4.288349 5.350663 -2.042990
 H 0.332114 -5.684737 -3.822265
 H 0.761793 -6.341342 -2.511968
 H -4.753973 4.437780 -4.842292
 H -4.235078 3.932613 -3.509185
 H 5.299558 0.925516 7.515656
 H 6.201266 1.969492 6.768970
 H -1.411849 1.765590 1.453744
 H -0.692824 2.268232 2.749113
 H 0.590331 -2.214147 -2.252319
 H 0.376958 -1.310433 -3.457044
 H 0.237438 -3.414315 -4.875555
 H -0.159401 -3.601021 -6.409710
 H 7.099713 -5.802609 5.021102
 H 5.981178 -5.244632 4.225158
 H 4.098671 -3.580649 1.859126
 H 2.944789 -3.352230 0.919165
 H 5.543701 -1.555790 2.170960
 H 5.247153 -0.698687 3.463799
 H 2.555883 4.072119 -4.605087
 H 1.363748 4.548854 -3.846724
 H 0.625079 -8.963238 0.371510
 H -0.375808 -8.045477 1.198695
 H -4.366560 -2.778467 -6.385123
 H -4.668200 -1.981250 -7.680589
 H -3.928770 1.640116 -0.325412
 H -4.878317 1.222096 -1.463582
 H 5.129522 4.235900 -4.959340
 H 3.931935 3.988108 -5.959144
 H 2.425854 -0.789572 -0.732123
 H 0.946156 -0.185722 -1.288272
 H -4.418397 -3.931522 2.172378
 H -5.645194 -4.800687 2.413632
 H 2.396517 3.113410 1.918358
 H 1.885584 1.990132 1.100346
K_POINTS
 1
0.0 0.0 0.0 1.0