
&control
    calculation='scf'
    pseudo_dir = './',
    outdir='./outputs',
    disk_io='high'
/
&system
    ibrav= 1, celldm(1)=20.000000, nat=  192, ntyp= 2,
    ecutwfc = 30.0, nosym=.true., occupations='smearing',
    smearing='m-v', degauss=0.025
/
&electrons
    conv_thr =  1.0d-8,
    mixing_beta = 0.7
/
&ions
    pot_extrapolation='second-order'
    wfc_extrapolation='second-order'
    ion_temperature = 'andersen'
    tempw = 1000

/
ATOMIC_SPECIES
 H  1.01  H.blyp-hgh.UPF
 O  16.0  O.blyp-hgh.UPF
ATOMIC_POSITIONS bohr
 O -6.020888 -1.859804 0.066636
 O 3.762502 -1.486744 6.018004
 O -5.689417 7.310422 -5.470242
 O 2.191562 3.134436 -0.537965
 O -4.657604 1.111881 4.433527
 O 0.384051 5.678602 6.169916
 O -2.419755 -5.698838 -2.585691
 O 4.548722 0.594911 4.723373
 O -2.167974 -6.593161 6.471552
 O 1.796862 -2.998768 3.614961
 O 1.910455 -5.494429 1.854468
 O -2.595942 -4.347862 5.222876
 O -3.455969 -6.977179 0.082845
 O -3.391788 -3.691275 -4.531892
 O 2.594780 -4.526258 -0.888531
 O -1.231267 2.932416 -1.883198
 O -1.520077 -2.820262 0.937844
 O -0.271735 -4.810598 3.296611
 O 3.712562 -3.853360 -3.639968
 O 5.468223 4.152074 1.606948
 O 4.768984 -3.926156 4.680465
 O -2.161812 -0.947718 -3.511876
 O -1.394577 3.254819 -4.774913
 O 5.063363 1.188681 0.233047
 O 3.649887 1.513790 -3.719953
 O -4.741310 3.908565 -6.414255
 O 4.824380 -5.380715 0.646166
 O 1.164431 -0.457017 -5.946222
 O -2.948230 0.837224 -5.294537
 O 0.450819 -0.906450 1.760881
 O 6.164618 -2.412802 -3.357624
 O 4.012677 -0.814805 -1.148082
 O -0.792923 4.824642 2.773917
 O -4.794974 -0.181532 -2.581475
 O 0.056336 -4.549824 -0.434888
 O 5.712612 3.025326 -8.179763
 O 3.628801 5.382893 5.035589
 O -6.490053 6.149177 -2.890202
 O 0.395553 0.600920 -2.536973
 O -4.745263 -4.464809 -0.794719
 O -2.987763 6.945492 2.449487
 O -2.323756 3.174473 4.498367
 O -2.998077 0.130086 0.178251
 O -1.553900 -0.985066 4.840083
 O 1.413182 1.996110 5.285126
 O -5.373787 2.045658 1.807797
 O 3.400353 5.070435 -1.712872
 O 1.109161 -5.812572 -3.245956
 O -4.594657 4.750068 -3.921600
 O 6.011775 1.565312 7.622817
 O -0.644645 1.609071 1.999211
 O 0.535814 -2.252234 -3.224297
 O -0.253551 -4.001524 -5.520833
 O 6.781797 -5.788807 4.074740
 O 3.565665 -2.836602 1.507163
 O 5.978847 -1.133590 2.948075
 O 1.590195 3.859671 -4.545305
 O -0.046823 -8.266398 0.272396
 O -4.659006 -1.884326 -6.700853
 O -4.661027 2.011576 -0.881578
 O 4.167074 4.247702 -5.036173
 O 1.401021 -0.860991 -0.696813
 O -5.292899 -4.138923 1.776709
 O 1.827328 2.322497 2.026779
 H -5.719074 -1.840338 -0.862921
 H -6.089382 -2.795400 0.401618
 H 2.786302 -1.269856 6.087894
 H 3.752802 -2.184327 5.316890
 H -5.847748 6.619490 -4.804915
 H -4.978615 7.901315 -5.079293
 H 2.910003 3.791791 -0.380756
 H 2.232643 3.180956 -1.523771
 H -4.958790 0.342293 4.942000
 H -4.472781 0.830654 3.523158
 H 0.530513 6.648201 6.316480
 H 1.155790 5.332564 6.660426
 H -3.152630 -5.964706 -3.175613
 H -2.928974 -5.747175 -1.749249
 H 4.479458 1.421005 5.249657
 H 4.418868 -0.103391 5.431468
 H -2.693472 -7.390196 6.228671
 H -1.223156 -6.889116 6.386118
 H 1.361052 -2.120310 3.316973
 H 2.620869 -2.939276 3.091101
 H 1.187845 -5.584857 2.516980
 H 1.336618 -5.124644 1.149834
 H -2.586991 -5.251037 5.680718
 H -2.426436 -4.454057 4.268199
 H -3.754203 -7.816062 -0.339587
 H -4.007115 -6.252118 -0.300590
 H -3.134439 -3.017921 -3.865280
 H -2.492016 -3.919007 -4.882915
 H 2.931874 -4.127753 -1.735553
 H 1.662069 -4.221085 -1.057419
 H -1.536699 3.416832 -2.661813
 H -0.899583 3.613434 -1.228008
 H -2.131071 -2.373789 0.322924
 H -0.865277 -2.141925 1.240326
 H 0.024560 -3.936932 3.607366
 H -1.014377 -4.552757 2.708405
 H 3.004669 -4.384824 -4.112927
 H 3.469081 -2.912827 -3.756345
 H 5.591648 5.063228 1.302889
 H 6.060045 3.503928 1.150191
 H 5.393299 -3.193375 4.853788
 H 5.065647 -4.707829 5.180175
 H -1.252523 -1.280704 -3.409704
 H -2.247807 -0.173088 -4.136909
 H -0.424588 3.203525 -4.728931
 H -1.742684 2.438623 -5.162497
 H 5.652114 1.691410 -0.380915
 H 4.384166 1.832750 0.513951
 H 3.909117 1.603302 -2.782768
 H 3.048156 2.285717 -3.840436
 H -5.545260 3.888091 -7.043574
 H -4.569002 2.948648 -6.447469
 H 4.053288 -5.578056 1.243096
 H 4.344144 -5.230626 -0.197137
 H 0.415834 -0.506885 -6.574574
 H 1.426553 0.482578 -6.000847
 H -3.193332 0.108894 -5.896245
 H -3.682345 0.884377 -4.645213
 H -0.170285 -0.194768 2.040364
 H 0.840078 -0.728797 0.853499
 H 5.974910 -2.065002 -4.248464
 H 5.558400 -3.167380 -3.249866
 H 4.291025 0.090019 -0.894402
 H 4.600237 -1.295945 -0.491843
 H -0.988160 5.737561 2.992281
 H -1.198785 4.249090 3.397804
 H -3.850885 -0.377536 -2.790433
 H -5.292144 -0.981265 -2.898656
 H -0.260752 -5.457042 -0.241531
 H -0.523017 -3.944543 0.083477
 H 5.452162 3.118011 -9.124006
 H 6.208444 2.184457 -8.144052
 H 2.857443 5.563754 4.470711
 H 3.474875 5.805917 5.899832
 H -5.578209 5.884000 -3.211045
 H -6.237903 6.546221 -2.018013
 H -0.015286 1.504809 -2.391997
 H 1.248948 0.765814 -2.973969
 H -4.392406 -3.604203 -0.475094
 H -5.049774 -4.642166 0.143949
 H -3.103540 6.435558 1.605678
 H -3.606519 6.586107 3.101614
 H -3.265620 3.003874 4.381720
 H -2.171384 3.067443 5.452123
 H -2.478025 0.243095 -0.641465
 H -3.578007 -0.658215 0.191124
 H -1.431363 -1.071337 3.876349
 H -2.231434 -1.693331 5.020681
 H 1.624683 2.527045 4.469558
 H 1.890083 2.482722 5.993381
 H -5.980140 1.387742 2.232044
 H -5.241671 1.596484 0.935497
 H 2.884448 5.916128 -1.513177
 H 4.287931 5.344505 -2.049005
 H 0.332576 -5.690499 -3.822550
 H 0.763354 -6.346080 -2.512659
 H -4.747709 4.442296 -4.844362
 H -4.241902 3.933707 -3.504341
 H 5.305134 0.923195 7.520222
 H 6.200607 1.970327 6.771851
 H -1.410407 1.764534 1.450916
 H -0.698062 2.271663 2.744407
 H 0.592142 -2.215240 -2.249778
 H 0.376051 -1.311505 -3.456839
 H 0.235354 -3.408274 -4.878729
 H -0.166944 -3.601108 -6.408500
 H 7.100001 -5.797505 5.020564
 H 5.979094 -5.248627 4.223565
 H 4.098097 -3.579032 1.857196
 H 2.946620 -3.359087 0.922444
 H 5.537979 -1.552973 2.175450
 H 5.251348 -0.699510 3.473082
 H 2.555078 4.070669 -4.607365
 H 1.357284 4.548917 -3.850179
 H 0.636535 -8.959238 0.367584
 H -0.377010 -8.048819 1.193940
 H -4.361369 -2.781449 -6.392562
 H -4.667317 -1.975971 -7.680425
 H -3.930385 1.642798 -0.323576
 H -4.882340 1.227174 -1.466106
 H 5.131486 4.235008 -4.960478
 H 3.924918 3.992572 -5.956280
 H 2.425221 -0.788319 -0.734627
 H 0.947869 -0.192518 -1.295755
 H -4.419502 -3.928786 2.171828
 H -5.640357 -4.801726 2.415644
 H 2.403647 3.106773 1.916276
 H 1.883724 1.981931 1.103727
K_POINTS
 1
0.0 0.0 0.0 1.0