
&control
    calculation='scf'
    pseudo_dir = './',
    outdir='./outputs',
    disk_io='high'
/
&system
    ibrav= 1, celldm(1)=20.000000, nat=  192, ntyp= 2,
    ecutwfc = 30.0, nosym=.true., occupations='smearing',
    smearing='m-v', degauss=0.025
/
&electrons
    conv_thr =  1.0d-8,
    mixing_beta = 0.7
/
&ions
    pot_extrapolation='second-order'
    wfc_extrapolation='second-order'
    ion_temperature = 'andersen'
    tempw = 1000

/
ATOMIC_SPECIES
 H  1.01  H.blyp-hgh.UPF
 O  16.0  O.blyp-hgh.UPF
ATOMIC_POSITIONS bohr
 O -6.023720 -1.859808 0.068012
 O 3.761476 -1.482566 6.016505
 O -5.687926 7.312026 -5.467068
 O 2.195451 3.138729 -0.537242
 O -4.652578 1.107484 4.435757
 O 0.387272 5.674901 6.168155
 O -2.425141 -5.699674 -2.584409
 O 4.550354 0.585915 4.724094
 O -2.167681 -6.590005 6.477555
 O 1.795950 -3.000907 3.617060
 O 1.908511 -5.492541 1.849545
 O -2.595557 -4.350543 5.219925
 O -3.450359 -6.980840 0.080853
 O -3.390616 -3.689433 -4.532476
 O 2.600340 -4.520853 -0.883534
 O -1.231514 2.932984 -1.888120
 O -1.520856 -2.818879 0.933619
 O -0.273211 -4.808598 3.292410
 O 3.703081 -3.852343 -3.638022
 O 5.472734 4.151666 1.603159
 O 4.766356 -3.924738 4.684287
 O -2.158322 -0.945499 -3.511547
 O -1.395998 3.252365 -4.773649
 O 5.064599 1.190380 0.230607
 O 3.650306 1.513469 -3.719255
 O -4.738075 3.911032 -6.418549
 O 4.821546 -5.380777 0.644411
 O 1.169187 -0.457266 -5.942516
 O -2.949908 0.842297 -5.293157
 O 0.448281 -0.910861 1.761520
 O 6.165951 -2.413470 -3.357969
 O 4.011557 -0.820302 -1.147907
 O -0.797163 4.829158 2.773148
 O -4.794207 -0.182951 -2.578193
 O 0.055220 -4.551943 -0.430072
 O 5.709500 3.024203 -8.184915
 O 3.623644 5.380708 5.027929
 O -6.491830 6.152992 -2.890833
 O 0.398719 0.597958 -2.538891
 O -4.746162 -4.469832 -0.796685
 O -2.986651 6.951609 2.452340
 O -2.320776 3.175822 4.505534
 O -3.000834 0.133534 0.182875
 O -1.553510 -0.981324 4.834651
 O 1.420199 1.998832 5.284209
 O -5.375061 2.038971 1.809818
 O 3.399254 5.064571 -1.711793
 O 1.106966 -5.811557 -3.242222
 O -4.601853 4.749970 -3.923666
 O 6.014956 1.566232 7.627978
 O -0.640765 1.610791 1.998347
 O 0.538077 -2.252724 -3.221779
 O -0.252050 -4.005057 -5.517921
 O 6.782908 -5.788535 4.074000
 O 3.561711 -2.835151 1.508248
 O 5.980192 -1.127910 2.950682
 O 1.588360 3.857066 -4.544210
 O -0.038338 -8.270278 0.270071
 O -4.660902 -1.890800 -6.698340
 O -4.659038 2.017782 -0.884938
 O 4.169223 4.247598 -5.033108
 O 1.400554 -0.861924 -0.694651
 O -5.294861 -4.136585 1.774699
 O 1.828830 2.324038 2.028831
 H -5.732921 -1.841227 -0.865179
 H -6.082471 -2.800101 0.395927
 H 2.784178 -1.272304 6.085923
 H 3.753059 -2.180523 5.321655
 H -5.853806 6.627537 -4.799564
 H -4.992869 7.918129 -5.084278
 H 2.910115 3.801175 -0.383393
 H 2.243152 3.175954 -1.521523
 H -4.953705 0.335901 4.935714
 H -4.488320 0.829225 3.519335
 H 0.531766 6.645177 6.306283
 H 1.164915 5.334659 6.647656
 H -3.156725 -5.969413 -3.174282
 H -2.948883 -5.736040 -1.757869
 H 4.496684 1.425703 5.235928
 H 4.435258 -0.105455 5.435419
 H -2.695717 -7.387683 6.235338
 H -1.224702 -6.883798 6.377228
 H 1.368743 -2.119062 3.319053
 H 2.617984 -2.941990 3.084577
 H 1.191241 -5.584299 2.519062
 H 1.333573 -5.128889 1.144188
 H -2.587570 -5.258005 5.670968
 H -2.421513 -4.447209 4.262018
 H -3.755825 -7.813209 -0.344948
 H -3.997779 -6.254686 -0.301153
 H -3.136361 -3.019311 -3.865248
 H -2.488579 -3.898721 -4.884085
 H 2.922262 -4.130640 -1.739713
 H 1.659597 -4.235843 -1.051924
 H -1.533027 3.409178 -2.676944
 H -0.899518 3.608810 -1.224237
 H -2.131113 -2.366416 0.324995
 H -0.869461 -2.138461 1.242089
 H 0.017260 -3.935840 3.622780
 H -1.019510 -4.551886 2.711080
 H 2.994616 -4.393551 -4.090155
 H 3.470037 -2.911959 -3.745606
 H 5.597980 5.057305 1.292195
 H 6.053231 3.490701 1.144376
 H 5.384055 -3.186695 4.850444
 H 5.063134 -4.702880 5.188656
 H -1.249325 -1.273903 -3.408488
 H -2.251446 -0.179769 -4.146833
 H -0.428009 3.186993 -4.734450
 H -1.748355 2.440158 -5.164149
 H 5.664035 1.683676 -0.379704
 H 4.383198 1.836769 0.498302
 H 3.909738 1.592438 -2.781808
 H 3.050344 2.289187 -3.852991
 H -5.536740 3.892656 -7.049543
 H -4.570503 2.951461 -6.445196
 H 4.058527 -5.578457 1.250652
 H 4.334337 -5.243419 -0.196555
 H 0.416650 -0.501416 -6.572061
 H 1.433467 0.482142 -5.997660
 H -3.195972 0.117861 -5.898500
 H -3.684872 0.883720 -4.646604
 H -0.171507 -0.190875 2.034249
 H 0.836995 -0.721810 0.860967
 H 5.989183 -2.057605 -4.251022
 H 5.556473 -3.163313 -3.247099
 H 4.289036 0.083323 -0.897158
 H 4.594229 -1.304353 -0.485455
 H -0.998691 5.738415 2.990178
 H -1.198855 4.253163 3.398839
 H -3.850419 -0.370719 -2.796581
 H -5.286594 -0.982454 -2.900538
 H -0.266050 -5.456164 -0.230662
 H -0.524546 -3.945809 0.086530
 H 5.441038 3.125880 -9.127335
 H 6.203101 2.182903 -8.145489
 H 2.849998 5.564857 4.465945
 H 3.457729 5.809855 5.889325
 H -5.581582 5.870856 -3.232406
 H -6.245668 6.545982 -2.018699
 H -0.013344 1.499805 -2.393017
 H 1.250104 0.764631 -2.976112
 H -4.398300 -3.598954 -0.486813
 H -5.050950 -4.637160 0.143131
 H -3.107700 6.449110 1.604314
 H -3.604136 6.584714 3.101637
 H -3.262984 3.008417 4.391673
 H -2.173113 3.064474 5.455192
 H -2.476107 0.251339 -0.633707
 H -3.579667 -0.659722 0.182041
 H -1.429209 -1.075237 3.872806
 H -2.216917 -1.700582 5.031614
 H 1.632487 2.515086 4.463258
 H 1.894633 2.468055 6.000381
 H -5.988048 1.387574 2.232155
 H -5.264358 1.597816 0.931405
 H 2.900767 5.920266 -1.498524
 H 4.286871 5.332266 -2.061158
 H 0.333244 -5.701849 -3.823123
 H 0.766315 -6.355395 -2.513739
 H -4.735143 4.451442 -4.849046
 H -4.255696 3.936302 -3.494457
 H 5.315782 0.918411 7.529225
 H 6.199090 1.971954 6.777139
 H -1.408250 1.762621 1.444934
 H -0.708515 2.277840 2.734274
 H 0.595976 -2.217439 -2.244468
 H 0.374824 -1.313700 -3.456519
 H 0.230800 -3.396458 -4.885505
 H -0.182148 -3.601231 -6.405874
 H 7.100757 -5.787306 5.019127
 H 5.974964 -5.256657 4.219653
 H 4.097177 -3.575701 1.853278
 H 2.950607 -3.372284 0.929150
 H 5.526642 -1.547089 2.184674
 H 5.260152 -0.701184 3.491257
 H 2.553795 4.067657 -4.611866
 H 1.344330 4.548607 -3.857593
 H 0.659422 -8.950941 0.359753
 H -0.379316 -8.055612 1.184162
 H -4.350806 -2.786998 -6.407385
 H -4.665739 -1.965408 -7.679855
 H -3.933760 1.648169 -0.320186
 H -4.890130 1.237656 -1.471130
 H 5.135575 4.233047 -4.962641
 H 3.911513 4.001727 -5.950646
 H 2.423293 -0.785891 -0.739974
 H 0.951823 -0.206286 -1.310468
 H -4.421699 -3.923494 2.170600
 H -5.630629 -4.803779 2.419570
 H 2.417870 3.093533 1.912438
 H 1.879724 1.965364 1.110871
K_POINTS
 1
0.0 0.0 0.0 1.0