
&control
    calculation='scf'
    pseudo_dir = './',
    outdir='./outputs',
    disk_io='high'
/
&system
    ibrav= 1, celldm(1)=20.000000, nat=  192, ntyp= 2,
    ecutwfc = 30.0, nosym=.true., occupations='smearing',
    smearing='m-v', degauss=0.025
/
&electrons
    conv_thr =  1.0d-8,
    mixing_beta = 0.7
/
&ions
    pot_extrapolation='second-order'
    wfc_extrapolation='second-order'
    ion_temperature = 'andersen'
    tempw = 1000

/
ATOMIC_SPECIES
 H  1.01  H.blyp-hgh.UPF
 O  16.0  O.blyp-hgh.UPF
ATOMIC_POSITIONS bohr
 O -6.027903 -1.859882 0.070166
 O 3.759767 -1.476460 6.014302
 O -5.685614 7.314525 -5.462493
 O 2.201550 3.144988 -0.536376
 O -4.645010 1.101027 4.439221
 O 0.392374 5.669605 6.165475
 O -2.433392 -5.701033 -2.582401
 O 4.552873 0.572565 4.725387
 O -2.167490 -6.585446 6.486514
 O 1.794293 -3.003522 3.620273
 O 1.905562 -5.489796 1.842114
 O -2.595139 -4.354367 5.215421
 O -3.442025 -6.986303 0.077798
 O -3.388677 -3.686581 -4.533378
 O 2.608657 -4.512517 -0.876455
 O -1.231785 2.933792 -1.895394
 O -1.522102 -2.816898 0.927303
 O -0.275655 -4.805503 3.286102
 O 3.688708 -3.850967 -3.635108
 O 5.479334 4.150807 1.597478
 O 4.762304 -3.922563 4.689855
 O -2.153374 -0.942165 -3.510934
 O -1.398231 3.248824 -4.771716
 O 5.066385 1.193005 0.226754
 O 3.650595 1.513033 -3.718107
 O -4.733536 3.914613 -6.425186
 O 4.817180 -5.380988 0.641892
 O 1.176269 -0.457723 -5.936891
 O -2.952467 0.849978 -5.291004
 O 0.444220 -0.917693 1.762724
 O 6.168075 -2.414309 -3.358548
 O 4.009976 -0.828741 -1.147524
 O -0.803171 4.835934 2.771528
 O -4.792970 -0.185130 -2.573299
 O 0.053514 -4.555267 -0.422803
 O 5.704785 3.022597 -8.192501
 O 3.615911 5.377415 5.016453
 O -6.494325 6.158791 -2.891568
 O 0.403362 0.593729 -2.541858
 O -4.747463 -4.477251 -0.799372
 O -2.984836 6.960870 2.456492
 O -2.316138 3.177864 4.516189
 O -3.004887 0.138758 0.189981
 O -1.553081 -0.975928 4.826538
 O 1.430802 2.003107 5.282790
 O -5.376916 2.028631 1.812889
 O 3.397562 5.056069 -1.710152
 O 1.103722 -5.810156 -3.236724
 O -4.612488 4.749671 -3.926589
 O 6.020124 1.567720 7.635874
 O -0.634970 1.613398 1.997324
 O 0.541374 -2.253420 -3.218078
 O -0.249598 -4.010253 -5.513395
 O 6.784660 -5.788186 4.073099
 O 3.555718 -2.833125 1.509831
 O 5.982091 -1.119384 2.954680
 O 1.585611 3.853310 -4.542299
 O -0.025820 -8.275980 0.266543
 O -4.663712 -1.900587 -6.694698
 O -4.656159 2.027039 -0.890025
 O 4.172267 4.247452 -5.028548
 O 1.399918 -0.863371 -0.691296
 O -5.297833 -4.133014 1.771762
 O 1.831327 2.326402 2.031828
 H -5.754250 -1.843255 -0.868544
 H -6.071946 -2.805766 0.386487
 H 2.781526 -1.275517 6.083259
 H 3.753427 -2.174884 5.329361
 H -5.863205 6.640355 -4.791106
 H -5.014544 7.942243 -5.091704
 H 2.909908 3.815745 -0.387119
 H 2.258128 3.168173 -1.517218
 H -4.946363 0.325277 4.926191
 H -4.511670 0.826911 3.513223
 H 0.532152 6.640774 6.290392
 H 1.178150 5.335955 6.628747
 H -3.161888 -5.976440 -3.173904
 H -2.977341 -5.718803 -1.770221
 H 4.522545 1.432376 5.213599
 H 4.458885 -0.109351 5.440502
 H -2.698649 -7.382637 6.245802
 H -1.226995 -6.875376 6.364058
 H 1.381532 -2.119979 3.322897
 H 2.613755 -2.946747 3.073940
 H 1.197040 -5.583161 2.522936
 H 1.329901 -5.135157 1.134790
 H -2.587387 -5.268209 5.655446
 H -2.414061 -4.437934 4.253808
 H -3.757962 -7.808367 -0.352465
 H -3.983716 -6.259054 -0.302016
 H -3.140188 -3.021201 -3.865102
 H -2.484412 -3.868887 -4.886305
 H 2.909614 -4.135583 -1.745573
 H 1.655416 -4.259667 -1.041458
 H -1.527641 3.398001 -2.700466
 H -0.899594 3.601128 -1.218296
 H -2.130653 -2.355147 0.328245
 H -0.874802 -2.132169 1.244778
 H 0.008117 -3.934559 3.645783
 H -1.027458 -4.551226 2.714844
 H 2.980997 -4.405051 -4.054869
 H 3.470672 -2.910685 -3.730056
 H 5.607811 5.049174 1.275201
 H 6.043139 3.472504 1.136721
 H 5.370951 -3.177409 4.845810
 H 5.058840 -4.694377 5.203497
 H -1.244547 -1.263476 -3.406936
 H -2.255127 -0.190891 -4.161656
 H -0.432594 3.161804 -4.743361
 H -1.756594 2.440863 -5.166322
 H 5.681781 1.672046 -0.377178
 H 4.381749 1.842956 0.474910
 H 3.910909 1.575966 -2.780660
 H 3.054630 2.293652 -3.871786
 H -5.523147 3.900594 -7.058519
 H -4.571641 2.955133 -6.441295
 H 4.066897 -5.579156 1.261287
 H 4.319645 -5.262449 -0.195169
 H 0.418020 -0.493432 -6.568142
 H 1.443733 0.481279 -5.993726
 H -3.199897 0.131182 -5.902625
 H -3.689436 0.883004 -4.649044
 H -0.171909 -0.184142 2.024174
 H 0.832479 -0.711237 0.871489
 H 6.010322 -2.047231 -4.254737
 H 5.553165 -3.157820 -3.243214
 H 4.286242 0.074214 -0.900864
 H 4.584069 -1.316938 -0.477201
 H -1.015078 5.741206 2.988108
 H -1.201420 4.257549 3.403560
 H -3.849850 -0.361047 -2.805400
 H -5.278472 -0.983922 -2.902927
 H -0.273937 -5.454591 -0.214866
 H -0.527577 -3.947037 0.091316
 H 5.424806 3.139093 -9.131967
 H 6.195585 2.179977 -8.148075
 H 2.838635 5.566866 4.458824
 H 3.431828 5.816020 5.873050
 H -5.588566 5.849895 -3.263468
 H -6.257701 6.546026 -2.020758
 H -0.010930 1.491894 -2.394381
 H 1.252498 0.763099 -2.979836
 H -4.406391 -3.591398 -0.506879
 H -5.053947 -4.631028 0.142125
 H -3.114002 6.469015 1.603465
 H -3.601365 6.581906 3.101816
 H -3.259941 3.014968 4.406032
 H -2.175039 3.059990 5.460346
 H -2.473841 0.262289 -0.622207
 H -3.581716 -0.661064 0.167253
 H -1.425778 -1.080677 3.867376
 H -2.193862 -1.710435 5.048162
 H 1.643990 2.495825 4.454647
 H 1.900879 2.446547 6.010316
 H -5.999625 1.387986 2.231920
 H -5.298123 1.600713 0.925751
 H 2.927027 5.924766 -1.477071
 H 4.284569 5.314042 -2.079599
 H 0.333519 -5.718393 -3.824054
 H 0.770387 -6.368960 -2.514613
 H -4.716231 4.465285 -4.857614
 H -4.276801 3.941224 -3.479262
 H 5.330340 0.910754 7.542374
 H 6.196313 1.974300 6.783835
 H -1.406462 1.760110 1.435325
 H -0.724043 2.285556 2.717585
 H 0.602222 -2.220743 -2.236219
 H 0.374466 -1.317073 -3.456223
 H 0.223030 -3.379507 -4.896634
 H -0.205274 -3.601361 -6.401436
 H 7.102379 -5.772041 5.016146
 H 5.968749 -5.268762 4.212004
 H 4.096582 -3.570507 1.847414
 H 2.957225 -3.390679 0.939437
 H 5.509951 -1.537640 2.199134
 H 5.274335 -0.703686 3.517530
 H 2.552515 4.062926 -4.618323
 H 1.324959 4.547114 -3.869884
 H 0.693588 -8.937689 0.348115
 H -0.382502 -8.066066 1.169075
 H -4.334479 -2.794463 -6.429386
 H -4.663856 -1.949554 -7.678363
 H -3.939220 1.656162 -0.315868
 H -4.901042 1.254145 -1.478552
 H 5.141920 4.229653 -4.965713
 H 3.893104 4.015988 -5.942537
 H 2.418795 -0.782553 -0.748763
 H 0.958975 -0.227322 -1.331810
 H -4.424984 -3.915942 2.168363
 H -5.615925 -4.806672 2.425054
 H 2.439306 3.073998 1.907410
 H 1.873039 1.940235 1.122705
K_POINTS
 1
0.0 0.0 0.0 1.0