
&control
    calculation='scf'
    pseudo_dir = './',
    outdir='./outputs',
    disk_io='high'
/
&system
    ibrav= 1, celldm(1)=20.000000, nat=  192, ntyp= 2,
    ecutwfc = 30.0, nosym=.true., occupations='smearing',
    smearing='m-v', degauss=0.025
/
&electrons
    conv_thr =  1.0d-8,
    mixing_beta = 0.7
/
&ions
    pot_extrapolation='second-order'
    wfc_extrapolation='second-order'
    ion_temperature = 'andersen'
    tempw = 1000

/
ATOMIC_SPECIES
 H  1.01  H.blyp-hgh.UPF
 O  16.0  O.blyp-hgh.UPF
ATOMIC_POSITIONS bohr
 O -6.034677 -1.860262 0.073938
 O 3.756490 -1.466622 6.010914
 O -5.681732 7.318870 -5.455605
 O 2.212444 3.154894 -0.535368
 O -4.632277 1.090648 4.445123
 O 0.401470 5.661470 6.160814
 O -2.447634 -5.703585 -2.578882
 O 4.557334 0.550963 4.727955
 O -2.167845 -6.578309 6.501295
 O 1.791003 -3.006372 3.625722
 O 1.900604 -5.485486 1.829708
 O -2.594828 -4.360221 5.207593
 O -3.428279 -6.995315 0.072614
 O -3.385029 -3.681606 -4.535002
 O 2.622340 -4.498094 -0.865783
 O -1.232011 2.935049 -1.907320
 O -1.524266 -2.813778 0.916937
 O -0.280195 -4.799941 3.275743
 O 3.664685 -3.849150 -3.630051
 O 5.489896 4.148569 1.588044
 O 4.755194 -3.918886 4.698659
 O -2.145982 -0.936571 -3.509626
 O -1.402207 3.243239 -4.768428
 O 5.069168 1.197513 0.219852
 O 3.650124 1.512439 -3.716069
 O -4.726678 3.920306 -6.436676
 O 4.809676 -5.381658 0.638005
 O 1.187774 -0.458678 -5.927444
 O -2.956829 0.862909 -5.287251
 O 0.436622 -0.929446 1.765452
 O 6.171990 -2.415179 -3.359741
 O 4.007610 -0.843378 -1.146554
 O -0.812350 4.847032 2.767736
 O -4.790646 -0.188864 -2.565232
 O 0.050566 -4.561177 -0.410543
 O 5.696764 3.020163 -8.204755
 O 3.602884 5.372002 4.997485
 O -6.497979 6.168423 -2.892615
 O 0.410827 0.587181 -2.547067
 O -4.749463 -4.489132 -0.803134
 O -2.981492 6.976482 2.463094
 O -2.308050 3.181328 4.533499
 O -3.011503 0.147449 0.202226
 O -1.552777 -0.967536 4.813233
 O 1.448437 2.010401 5.280356
 O -5.379854 2.010655 1.818073
 O 3.394777 5.042819 -1.707392
 O 1.098440 -5.808176 -3.227796
 O -4.629791 4.748859 -3.930924
 O 6.029832 1.570515 7.649435
 O -0.625672 1.617752 1.995998
 O 0.546633 -2.254533 -3.211969
 O -0.245005 -4.018555 -5.505520
 O 6.787802 -5.787770 4.072090
 O 3.545563 -2.830162 1.512360
 O 5.984983 -1.105193 2.961557
 O 1.581107 3.847340 -4.538559
 O -0.005494 -8.285213 0.260366
 O -4.668334 -1.917018 -6.689028
 O -4.651716 2.042394 -0.898611
 O 4.176917 4.247253 -5.020981
 O 1.399015 -0.865885 -0.685477
 O -5.302836 -4.126990 1.767215
 O 1.836030 2.330305 2.036599
 H -5.791223 -1.848080 -0.874109
 H -6.054349 -2.811277 0.368862
 H 2.778368 -1.279308 6.079728
 H 3.754105 -2.167013 5.342430
 H -5.879618 6.663723 -4.775165
 H -5.050276 7.980022 -5.102860
 H 2.908549 3.841301 -0.392731
 H 2.280906 3.154497 -1.508573
 H -4.935255 0.304315 4.910841
 H -4.550644 0.823185 3.502683
 H 0.529079 6.634048 6.262578
 H 1.199651 5.333017 6.598382
 H -3.167620 -5.988071 -3.177940
 H -3.021040 -5.688401 -1.788585
 H 4.565563 1.441118 5.171683
 H 4.495215 -0.118254 5.448011
 H -2.702180 -7.370844 6.264436
 H -1.230650 -6.860438 6.342722
 H 1.405158 -2.128000 3.331173
 H 2.606092 -2.956890 3.054761
 H 1.208703 -5.580206 2.530555
 H 1.325653 -5.145245 1.116752
 H -2.584279 -5.284312 5.627545
 H -2.401753 -4.425093 4.243799
 H -3.760862 -7.799829 -0.363906
 H -3.960515 -6.266899 -0.303739
 H -3.149078 -3.023023 -3.863603
 H -2.479437 -3.821438 -4.891769
 H 2.893405 -4.145075 -1.754299
 H 1.647820 -4.303709 -1.017958
 H -1.518280 3.379901 -2.740032
 H -0.900415 3.586438 -1.208696
 H -2.129155 -2.335633 0.333463
 H -0.881481 -2.119551 1.249200
 H -0.003110 -3.934951 3.682696
 H -1.041609 -4.551382 2.720115
 H 2.960475 -4.420252 -3.994268
 H 3.468601 -2.907783 -3.706113
 H 5.625165 5.038198 1.244016
 H 6.026488 3.447260 1.127080
 H 5.351620 -3.163693 4.839290
 H 5.050691 -4.677158 5.233776
 H -1.236081 -1.245714 -3.405015
 H -2.256449 -0.212123 -4.186003
 H -0.438429 3.119203 -4.759703
 H -1.770036 2.437970 -5.169006
 H 5.710895 1.652946 -0.371502
 H 4.379344 1.853893 0.436021
 H 3.913027 1.548748 -2.779439
 H 3.065295 2.298341 -3.901826
 H -5.499243 3.916677 -7.074066
 H -4.570646 2.959523 -6.433491
 H 4.081852 -5.580635 1.277252
 H 4.295049 -5.293588 -0.191604
 H 0.421691 -0.480778 -6.560450
 H 1.460629 0.479140 -5.989384
 H -3.206214 0.153162 -5.911627
 H -3.699387 0.882745 -4.653570
 H -0.168363 -0.171589 2.005479
 H 0.825899 -0.693839 0.886350
 H 6.044553 -2.032758 -4.259644
 H 5.546311 -3.150263 -3.237927
 H 4.282390 0.061698 -0.905762
 H 4.563881 -1.337426 -0.467252
 H -1.044024 5.750248 2.987487
 H -1.211283 4.261345 3.418621
 H -3.849261 -0.346335 -2.818797
 H -5.265743 -0.985803 -2.905722
 H -0.286883 -5.451702 -0.190064
 H -0.534302 -3.947100 0.099633
 H 5.399504 3.164229 -9.138302
 H 6.184315 2.173726 -8.154117
 H 2.819555 5.570711 4.446627
 H 3.388960 5.826583 5.844136
 H -5.607001 5.812826 -3.310405
 H -6.277414 6.547486 -2.026011
 H -0.008440 1.478129 -2.396044
 H 1.258452 0.761295 -2.987570
 H -4.418374 -3.581144 -0.547162
 H -5.061949 -4.624496 0.141054
 H -3.124439 6.501058 1.605165
 H -3.598517 6.575638 3.102283
 H -3.257105 3.025280 4.428138
 H -2.175911 3.052301 5.472010
 H -2.471616 0.276980 -0.603391
 H -3.583447 -0.659847 0.139840
 H -1.419714 -1.088930 3.857797
 H -2.151920 -1.723740 5.075441
 H 1.663438 2.461525 4.441958
 H 1.910787 2.413346 6.025567
 H -6.018546 1.389952 2.230886
 H -5.353131 1.607677 0.917601
 H 2.975032 5.927279 -1.443039
 H 4.278264 5.283813 -2.110476
 H 0.331913 -5.744513 -3.825913
 H 0.776424 -6.390306 -2.514305
 H -4.684541 4.488163 -4.876125
 H -4.313213 3.952030 -3.453445
 H 5.350648 0.896596 7.563275
 H 6.190267 1.977886 6.791776
 H -1.405353 1.756182 1.418639
 H -0.749166 2.295413 2.687530
 H 0.613799 -2.226140 -2.223026
 H 0.377834 -1.322606 -3.456050
 H 0.207875 -3.353618 -4.917090
 H -0.244780 -3.601799 -6.392699
 H 7.106531 -5.746671 5.009470
 H 5.957874 -5.288931 4.194780
 H 4.098549 -3.561459 1.838299
 H 2.969027 -3.417319 0.956457
 H 5.483144 -1.520315 2.224821
 H 5.300148 -0.707419 3.558784
 H 2.551227 4.054764 -4.627613
 H 1.293258 4.542418 -3.892836
 H 0.749566 -8.913193 0.329253
 H -0.387035 -8.084107 1.144049
 H -4.305845 -2.805381 -6.465091
 H -4.662060 -1.923179 -7.674116
 H -3.949418 1.668936 -0.310885
 H -4.916660 1.283315 -1.490477
 H 5.152100 4.222758 -4.970816
 H 3.867437 4.041038 -5.930363
 H 2.407560 -0.778251 -0.765055
 H 0.973607 -0.263122 -1.365057
 H -4.430447 -3.904091 2.163264
 H -5.591255 -4.810481 2.432469
 H 2.476015 3.043081 1.900541
 H 1.860178 1.898223 1.145966
K_POINTS
 1
0.0 0.0 0.0 1.0