
&control
    calculation='scf'
    pseudo_dir = './',
    outdir='./outputs',
    disk_io='high'
/
&system
    ibrav= 1, celldm(1)=20.000000, nat=  192, ntyp= 2,
    ecutwfc = 30.0, nosym=.true., occupations='smearing',
    smearing='m-v', degauss=0.025
/
&electrons
    conv_thr =  1.0d-8,
    mixing_beta = 0.7
/
&ions
    pot_extrapolation='second-order'
    wfc_extrapolation='second-order'
    ion_temperature = 'andersen'
    tempw = 1000

/
ATOMIC_SPECIES
 H  1.01  H.blyp-hgh.UPF
 O  16.0  O.blyp-hgh.UPF
ATOMIC_POSITIONS bohr
 O -6.038603 -1.860658 0.076252
 O 3.754294 -1.460864 6.009152
 O -5.679483 7.321523 -5.452048
 O 2.219426 3.160501 -0.534908
 O -4.624562 1.084612 4.448611
 O 0.407205 5.656992 6.157857
 O -2.456490 -5.705291 -2.576693
 O 4.560206 0.538538 4.729636
 O -2.168430 -6.574261 6.510061
 O 1.788902 -3.007301 3.629015
 O 1.897637 -5.483079 1.822305
 O -2.594855 -4.363428 5.202662
 O -3.420066 -7.000650 0.069512
 O -3.382641 -3.678500 -4.536078
 O 2.630368 -4.489174 -0.860057
 O -1.232042 2.935755 -1.914439
 O -1.525526 -2.811950 0.910882
 O -0.283110 -4.796282 3.269732
 O 3.650476 -3.848338 -3.626772
 O 5.495963 4.146737 1.582421
 O 4.750693 -3.916697 4.703644
 O -2.142094 -0.933193 -3.508689
 O -1.404709 3.240001 -4.766449
 O 5.070701 1.200261 0.215453
 O 3.649269 1.512131 -3.714860
 O -4.722882 3.923564 -6.443753
 O 4.805100 -5.382253 0.635848
 O 1.194413 -0.459349 -5.921791
 O -2.959507 0.870699 -5.284945
 O 0.431500 -0.936584 1.767516
 O 6.174578 -2.415357 -3.360618
 O 4.006342 -0.852481 -1.145792
 O -0.817493 4.853441 2.765011
 O -4.789073 -0.191140 -2.560453
 O 0.048720 -4.564912 -0.403075
 O 5.691839 3.018851 -8.211864
 O 3.594887 5.368868 4.986261
 O -6.499894 6.174033 -2.893390
 O 0.415175 0.583499 -2.550374
 O -4.750553 -4.495886 -0.804956
 O -2.979366 6.985917 2.466918
 O -2.303060 3.183440 4.543529
 O -3.015428 0.152572 0.209776
 O -1.552817 -0.962854 4.805437
 O 1.458840 2.014669 5.278912
 O -5.381512 1.999481 1.821190
 O 3.393232 5.035471 -1.705750
 O 1.095316 -5.807228 -3.222559
 O -4.639941 4.748242 -3.933237
 O 6.036288 1.572365 7.657767
 O -0.620501 1.620300 1.995167
 O 0.549662 -2.255215 -3.208251
 O -0.241977 -4.023280 -5.500675
 O 6.789816 -5.787623 4.071716
 O 3.539393 -2.828638 1.513837
 O 5.986592 -1.096711 2.965794
 O 1.578513 3.843834 -4.536105
 O 0.006409 -8.290621 0.256356
 O -4.671082 -1.926896 -6.685890
 O -4.649308 2.051623 -0.903812
 O 4.179490 4.247167 -5.016428
 O 1.398530 -0.867437 -0.681893
 O -5.305854 -4.123394 1.764772
 O 1.839121 2.332547 2.039340
 H -5.814226 -1.851558 -0.877385
 H -6.043996 -2.812360 0.357591
 H 2.777041 -1.280436 6.078226
 H 3.754618 -2.164068 5.349628
 H -5.889890 6.679018 -4.764110
 H -5.070804 8.001668 -5.108193
 H 2.907091 3.857314 -0.395797
 H 2.293249 3.145885 -1.503297
 H -4.929379 0.289765 4.902271
 H -4.573999 0.821464 3.496786
 H 0.525270 6.630531 6.245298
 H 1.212487 5.328246 6.581057
 H -3.169171 -5.995005 -3.183234
 H -3.045055 -5.669019 -1.798030
 H 4.591202 1.444178 5.143823
 H 4.514931 -0.125088 5.452701
 H -2.703556 -7.362066 6.276219
 H -1.232778 -6.851105 6.330417
 H 1.419822 -2.135517 3.337052
 H 2.600537 -2.964547 3.042955
 H 1.216915 -5.577639 2.535238
 H 1.323910 -5.151060 1.104684
 H -2.580772 -5.293275 5.609884
 H -2.394572 -4.418921 4.240253
 H -3.762323 -7.795155 -0.370369
 H -3.946992 -6.271376 -0.305114
 H -3.155892 -3.022892 -3.861381
 H -2.477210 -3.794700 -4.896379
 H 2.886550 -4.151284 -1.758836
 H 1.643425 -4.332556 -1.000245
 H -1.511981 3.369167 -2.762729
 H -0.901414 3.576646 -1.203736
 H -2.128236 -2.323387 0.336123
 H -0.884441 -2.111370 1.251643
 H -0.007959 -3.937621 3.703213
 H -1.050756 -4.551913 2.722532
 H 2.948118 -4.427445 -3.957659
 H 3.464928 -2.905222 -3.693145
 H 5.636128 5.033096 1.223562
 H 6.016652 3.435389 1.123184
 H 5.341753 -3.156419 4.836178
 H 5.045431 -4.664858 5.255116
 H -1.230431 -1.234966 -3.404201
 H -2.254395 -0.226239 -4.200326
 H -0.440924 3.093586 -4.770268
 H -1.778123 2.434155 -5.169845
 H 5.728033 1.641898 -0.367527
 H 4.377989 1.860890 0.412644
 H 3.914121 1.533002 -2.779061
 H 3.074120 2.299276 -3.918371
 H -5.484823 3.927937 -7.084161
 H -4.568466 2.961171 -6.428062
 H 4.091109 -5.581774 1.285946
 H 4.280132 -5.311813 -0.188776
 H 0.425240 -0.473645 -6.554752
 H 1.470696 0.477373 -5.988073
 H -3.209749 0.166417 -5.918281
 H -3.706838 0.883259 -4.656333
 H -0.163614 -0.163856 1.993552
 H 0.822849 -0.683934 0.893364
 H 6.064283 -2.026254 -4.261345
 H 5.541416 -3.146488 -3.235786
 H 4.280678 0.055611 -0.907898
 H 4.549885 -1.349307 -0.463502
 H -1.062257 5.757962 2.988615
 H -1.219528 4.262793 3.430474
 H -3.849131 -0.338302 -2.825920
 H -5.258773 -0.986796 -2.906683
 H -0.294549 -5.450135 -0.176176
 H -0.539042 -3.945951 0.104604
 H 5.385707 3.180738 -9.141048
 H 6.178185 2.169450 -8.159157
 H 2.808306 5.572999 4.438859
 H 3.363928 5.832860 5.825540
 H -5.622715 5.789989 -3.334405
 H -6.288170 6.549457 -2.029467
 H -0.007985 1.469885 -2.396576
 H 1.263104 0.760714 -2.993117
 H -4.424937 -3.577211 -0.575378
 H -5.068275 -4.622657 0.140644
 H -3.130516 6.519555 1.607843
 H -3.597471 6.571259 3.102392
 H -3.256344 3.031209 4.440174
 H -2.174762 3.047499 5.481536
 H -2.471108 0.283862 -0.592325
 H -3.583306 -0.656580 0.122023
 H -1.415984 -1.093576 3.851680
 H -2.124714 -1.729743 5.091204
 H 1.675852 2.440521 4.434759
 H 1.917082 2.395767 6.034047
 H -6.030004 1.391509 2.230204
 H -5.385023 1.612980 0.913511
 H 3.005890 5.925770 -1.423798
 H 4.272728 5.265668 -2.128821
 H 0.329838 -5.759227 -3.827132
 H 0.779789 -6.402161 -2.513309
 H -4.665379 4.501545 -4.889273
 H -4.335795 3.959821 -3.437944
 H 5.360731 0.887564 7.575234
 H 6.185703 1.979694 6.794889
 H -1.404440 1.753530 1.408964
 H -0.763633 2.300504 2.669474
 H 0.621332 -2.229239 -2.216252
 H 0.382219 -1.325627 -3.456044
 H 0.197763 -3.339567 -4.929949
 H -0.269129 -3.602473 -6.386642
 H 7.109949 -5.731444 5.004846
 H 5.950809 -5.300955 4.182004
 H 4.101963 -3.555777 1.833547
 H 2.975902 -3.430850 0.966056
 H 5.467728 -1.509073 2.241041
 H 5.316582 -0.709082 3.582168
 H 2.550354 4.049874 -4.631874
 H 1.274753 4.538819 -3.907504
 H 0.782202 -8.896922 0.318403
 H -0.389291 -8.095224 1.129923
 H -4.287752 -2.811407 -6.485773
 H -4.661812 -1.907440 -7.670527
 H -3.956137 1.676015 -0.309251
 H -4.924245 1.301497 -1.497378
 H 5.157354 4.217877 -4.974106
 H 3.855315 4.056769 -5.924088
 H 2.399184 -0.776694 -0.775518
 H 0.983591 -0.284831 -1.383394
 H -4.433675 -3.897216 2.159210
 H -5.576495 -4.811895 2.435539
 H 2.498923 3.025743 1.897049
 H 1.851541 1.873326 1.162279
K_POINTS
 1
0.0 0.0 0.0 1.0