
&control
    calculation='scf'
    pseudo_dir = './',
    outdir='./outputs',
    disk_io='high'
/
&system
    ibrav= 1, celldm(1)=20.000000, nat=  192, ntyp= 2,
    ecutwfc = 30.0, nosym=.true., occupations='smearing',
    smearing='m-v', degauss=0.025
/
&electrons
    conv_thr =  1.0d-8,
    mixing_beta = 0.7
/
&ions
    pot_extrapolation='second-order'
    wfc_extrapolation='second-order'
    ion_temperature = 'andersen'
    tempw = 1000

/
ATOMIC_SPECIES
 H  1.01  H.blyp-hgh.UPF
 O  16.0  O.blyp-hgh.UPF
ATOMIC_POSITIONS bohr
 O -6.041155 -1.860985 0.077787
 O 3.752748 -1.457071 6.008119
 O -5.678043 7.323287 -5.449953
 O 2.224270 3.164094 -0.534614
 O -4.619396 1.080636 4.450869
 O 0.411121 5.654163 6.155806
 O -2.462529 -5.706503 -2.575208
 O 4.562215 0.530516 4.730775
 O -2.168948 -6.571632 6.515859
 O 1.787526 -3.007669 3.631216
 O 1.895677 -5.481556 1.817402
 O -2.594957 -4.365443 5.199274
 O -3.414591 -7.004170 0.067475
 O -3.380981 -3.676381 -4.536845
 O 2.635615 -4.483137 -0.856518
 O -1.232030 2.936202 -1.919201
 O -1.526316 -2.810720 0.906938
 O -0.285107 -4.793689 3.265846
 O 3.641179 -3.847885 -3.624446
 O 5.499888 4.145344 1.578690
 O 4.747593 -3.915263 4.706845
 O -2.139733 -0.930937 -3.508006
 O -1.406403 3.237849 -4.765146
 O 5.071654 1.202102 0.212425
 O 3.648470 1.511921 -3.714089
 O -4.720440 3.925666 -6.448517
 O 4.802044 -5.382729 0.634474
 O 1.198706 -0.459830 -5.918044
 O -2.961326 0.875885 -5.283403
 O 0.427839 -0.941331 1.769050
 O 6.176400 -2.415335 -3.361267
 O 4.005550 -0.858656 -1.145224
 O -0.820838 4.857572 2.763110
 O -4.787941 -0.192661 -2.557293
 O 0.047450 -4.567462 -0.398039
 O 5.688506 3.018032 -8.216493
 O 3.589447 5.366849 4.978860
 O -6.501082 6.177653 -2.894056
 O 0.418041 0.581130 -2.552666
 O -4.751237 -4.500219 -0.805990
 O -2.977929 6.992221 2.469439
 O -2.299710 3.184858 4.550059
 O -3.018034 0.155926 0.214877
 O -1.552923 -0.959869 4.800335
 O 1.465648 2.017400 5.277986
 O -5.382567 1.991891 1.823257
 O 3.392292 5.030829 -1.704675
 O 1.093231 -5.806708 -3.219114
 O -4.646625 4.747801 -3.934698
 O 6.040831 1.573652 7.663374
 O -0.617284 1.621940 1.994502
 O 0.551636 -2.255692 -3.205724
 O -0.239862 -4.026312 -5.497430
 O 6.791205 -5.787568 4.071536
 O 3.535262 -2.827731 1.514820
 O 5.987632 -1.091078 2.968659
 O 1.576855 3.841485 -4.534432
 O 0.014234 -8.294179 0.253514
 O -4.672906 -1.933476 -6.683912
 O -4.647827 2.057810 -0.907293
 O 4.181128 4.247126 -5.013379
 O 1.398210 -0.868486 -0.679480
 O -5.307867 -4.121024 1.763284
 O 1.841283 2.333988 2.041129
 H -5.829894 -1.854008 -0.879511
 H -6.037261 -2.812309 0.349982
 H 2.776296 -1.280641 6.077504
 H 3.755025 -2.163106 5.353931
 H -5.896911 6.689805 -4.756020
 H -5.083923 8.015821 -5.110997
 H 2.905832 3.868221 -0.397754
 H 2.300931 3.139980 -1.500051
 H -4.925773 0.279368 4.896871
 H -4.589508 0.820698 3.493311
 H 0.522042 6.628443 6.233617
 H 1.221040 5.323896 6.569907
 H -3.169362 -5.999605 -3.187928
 H -3.060162 -5.655585 -1.803666
 H 4.608171 1.445103 5.124224
 H 4.527139 -0.130219 5.456130
 H -2.704262 -7.355737 6.284249
 H -1.234221 -6.844788 6.322477
 H 1.429396 -2.141004 3.341214
 H 2.596239 -2.970387 3.035168
 H 1.222870 -5.575541 2.538195
 H 1.322978 -5.154846 1.096229
 H -2.577778 -5.298904 5.597857
 H -2.389897 -4.415420 4.238884
 H -3.763229 -7.792486 -0.374605
 H -3.938220 -6.274063 -0.306232
 H -3.161035 -3.022199 -3.859202
 H -2.475907 -3.777694 -4.900072
 H 2.883108 -4.155551 -1.761527
 H 1.640804 -4.352698 -0.986983
 H -1.507356 3.362013 -2.776985
 H -0.902299 3.569795 -1.200959
 H -2.127743 -2.314984 0.337598
 H -0.886104 -2.105936 1.253105
 H -0.010582 -3.940666 3.715938
 H -1.057136 -4.552336 2.723814
 H 2.939324 -4.431672 -3.933434
 H 3.461304 -2.903148 -3.685124
 H 5.643619 5.030127 1.209267
 H 6.010244 3.428819 1.121317
 H 5.335941 -3.151950 4.834447
 H 5.041835 -4.655777 5.270574
 H -1.226376 -1.227806 -3.403772
 H -2.251887 -0.236107 -4.209749
 H -0.442306 3.076623 -4.777571
 H -1.783569 2.430951 -5.169966
 H 5.739300 1.634788 -0.364758
 H 4.377180 1.865734 0.396996
 H 3.914686 1.522903 -2.778938
 H 3.081035 2.299152 -3.928561
 H -5.475431 3.936052 -7.091372
 H -4.566442 2.961962 -6.424161
 H 4.097260 -5.582667 1.291471
 H 4.270093 -5.323724 -0.186618
 H 0.428283 -0.469118 -6.550420
 H 1.477407 0.475987 -5.987721
 H -3.211945 0.175393 -5.923189
 H -3.712398 0.883910 -4.658151
 H -0.159390 -0.158796 1.985500
 H 0.821266 -0.677745 0.897248
 H 6.077016 -2.022960 -4.261868
 H 5.537896 -3.144153 -3.234902
 H 4.279800 0.051975 -0.908993
 H 4.539868 -1.357074 -0.461809
 H -1.074668 5.763732 2.989861
 H -1.225542 4.263985 3.438855
 H -3.849135 -0.333259 -2.830246
 H -5.254468 -0.987475 -2.907028
 H -0.299634 -5.449289 -0.167348
 H -0.542355 -3.944733 0.107802
 H 5.377198 3.192176 -9.142389
 H 6.174299 2.166538 -8.163241
 H 2.801000 5.574393 4.433398
 H 3.347707 5.836955 5.812611
 H -5.635165 5.774733 -3.348289
 H -6.294598 6.551324 -2.031589
 H -0.008150 1.464526 -2.396706
 H 1.266537 0.760548 -2.997146
 H -4.429129 -3.575734 -0.595782
 H -5.072993 -4.622201 0.140376
 H -3.134439 6.531547 1.610181
 H -3.596864 6.568242 3.102266
 H -3.255999 3.035105 4.447662
 H -2.173243 3.044221 5.489003
 H -2.471057 0.287741 -0.585052
 H -3.582728 -0.653257 0.109703
 H -1.413499 -1.096610 3.847468
 H -2.105801 -1.732939 5.101323
 H 1.684656 2.426651 4.429881
 H 1.921636 2.385244 6.039426
 H -6.037819 1.392553 2.229849
 H -5.405692 1.616932 0.911153
 H 3.027093 5.923597 -1.411488
 H 4.268256 5.253548 -2.140892
 H 0.328105 -5.768610 -3.827907
 H 0.782003 -6.409576 -2.512418
 H -4.652532 4.510272 -4.898505
 H -4.351121 3.965411 -3.427698
 H 5.366799 0.881555 7.582992
 H 6.182231 1.980673 6.796453
 H -1.403265 1.751487 1.402902
 H -0.772996 2.303962 2.657936
 H 0.626554 -2.231222 -2.212457
 H 0.386115 -1.327419 -3.456048
 H 0.190743 -3.330793 -4.938520
 H -0.285651 -3.603207 -6.382260
 H 7.112617 -5.721257 5.001672
 H 5.945835 -5.308934 4.172584
 H 4.105283 -3.551822 1.830756
 H 2.980144 -3.438882 0.971993
 H 5.457731 -1.501280 2.252105
 H 5.327778 -0.709824 3.597270
 H 2.549515 4.046680 -4.634020
 H 1.262652 4.536350 -3.917402
 H 0.803425 -8.885397 0.311415
 H -0.390603 -8.102726 1.121151
 H -4.275309 -2.815289 -6.499216
 H -4.661997 -1.897011 -7.667728
 H -3.960816 1.680396 -0.308707
 H -4.928499 1.313744 -1.501916
 H 5.160304 4.214320 -4.976463
 H 3.848679 4.067530 -5.920392
 H 2.393232 -0.776172 -0.782659
 H 0.990566 -0.299310 -1.394881
 H -4.435771 -3.892650 2.156042
 H -5.566746 -4.812415 2.436924
 H 2.514583 3.014654 1.894891
 H 1.845455 1.856989 1.174161
K_POINTS
 1
0.0 0.0 0.0 1.0