
&control
    calculation='scf'
    pseudo_dir = './',
    outdir='./outputs',
    disk_io='high'
/
&system
    ibrav= 1, celldm(1)=20.000000, nat=  192, ntyp= 2,
    ecutwfc = 30.0, nosym=.true., occupations='smearing',
    smearing='m-v', degauss=0.025
/
&electrons
    conv_thr =  1.0d-8,
    mixing_beta = 0.7
/
&ions
    pot_extrapolation='second-order'
    wfc_extrapolation='second-order'
    ion_temperature = 'andersen'
    tempw = 1000

/
ATOMIC_SPECIES
 H  1.01  H.blyp-hgh.UPF
 O  16.0  O.blyp-hgh.UPF
ATOMIC_POSITIONS bohr
 O -6.050794 -1.862586 0.083529
 O 3.746087 -1.442301 6.005234
 O -5.672879 7.330113 -5.443898
 O 2.245215 3.177278 -0.533109
 O -4.598795 1.064610 4.459066
 O 0.427389 5.643933 6.146945
 O -2.487839 -5.711945 -2.569084
 O 4.571093 0.500527 4.735131
 O -2.171617 -6.561241 6.538648
 O 1.782959 -3.008154 3.640151
 O 1.888160 -5.476126 1.798077
 O -2.596022 -4.372556 5.185111
 O -3.392627 -7.017920 0.059750
 O -3.373885 -3.667432 -4.540279
 O 2.655463 -4.458502 -0.844460
 O -1.231805 2.937619 -1.938601
 O -1.528845 -2.805339 0.892055
 O -0.293383 -4.782101 3.251463
 O 3.606073 -3.846380 -3.613833
 O 5.514536 4.139114 1.563908
 O 4.734517 -3.909877 4.718787
 O -2.132012 -0.921994 -3.504820
 O -1.413037 3.228796 -4.760308
 O 5.074779 1.209501 0.199641
 O 3.643712 1.510579 -3.711449
 O -4.710936 3.933394 -6.467646
 O 4.790019 -5.385279 0.629362
 O 1.214756 -0.461951 -5.903268
 O -2.969039 0.896352 -5.277317
 O 0.411318 -0.959770 1.775983
 O 6.184361 -2.414344 -3.364206
 O 4.002626 -0.883693 -1.142781
 O -0.834264 4.872866 2.755890
 O -4.782700 -0.198698 -2.544883
 O 0.041967 -4.577926 -0.377352
 O 5.674797 3.015121 -8.233969
 O 3.566515 5.359509 4.949962
 O -6.505567 6.190844 -2.898513
 O 0.429533 0.572198 -2.562699
 O -4.753759 -4.516285 -0.808754
 O -2.972338 7.017390 2.479660
 O -2.286424 3.190522 4.575177
 O -3.028377 0.168776 0.235621
 O -1.553772 -0.948811 4.780722
 O 1.491465 2.026959 5.274920
 O -5.386340 1.960556 1.831315
 O 3.389586 5.014177 -1.700687
 O 1.084608 -5.805649 -3.205737
 O -4.672895 4.746050 -3.940539
 O 6.060591 1.578963 7.685863
 O -0.606645 1.627741 1.990260
 O 0.559204 -2.257925 -3.195112
 O -0.230834 -4.037469 -5.484696
 O 6.797022 -5.787674 4.071083
 O 3.518860 -2.825044 1.518944
 O 5.991760 -1.068809 2.980395
 O 1.571007 3.831542 -4.527916
 O 0.044669 -8.308026 0.240507
 O -4.680089 -1.959760 -6.676857
 O -4.643026 2.083153 -0.921239
 O 4.187113 4.247075 -5.001077
 O 1.396662 -0.872780 -0.669759
 O -5.315881 -4.111877 1.758562
 O 1.850783 2.339441 2.048169
 H -5.895127 -1.863667 -0.887072
 H -6.012255 -2.808678 0.321019
 H 2.773258 -1.276570 6.076940
 H 3.757228 -2.168200 5.366564
 H -5.926279 6.738697 -4.717766
 H -5.131257 8.070837 -5.115373
 H 2.898278 3.912856 -0.405523
 H 2.327484 3.115127 -1.491652
 H -4.912958 0.235107 4.877365
 H -4.650208 0.822133 3.485620
 H 0.505327 6.622149 6.186573
 H 1.254314 5.298859 6.528171
 H -3.163003 -6.017676 -3.214842
 H -3.113472 -5.597708 -1.822000
 H 4.674541 1.439181 5.039475
 H 4.568034 -0.153860 5.473317
 H -2.707157 -7.330071 6.316703
 H -1.241066 -6.819341 6.293496
 H 1.461645 -2.158264 3.357777
 H 2.573014 -3.000207 3.006414
 H 1.249683 -5.563648 2.546900
 H 1.320248 -5.169525 1.060779
 H -2.561055 -5.318113 5.549261
 H -2.371973 -4.405922 4.239253
 H -3.766591 -7.787217 -0.391633
 H -3.905407 -6.281016 -0.312668
 H -3.186211 -3.014887 -3.844832
 H -2.471424 -3.716677 -4.919802
 H 2.877104 -4.172823 -1.769160
 H 1.635543 -4.438989 -0.923524
 H -1.484577 3.333524 -2.823806
 H -0.907321 3.541065 -1.195504
 H -2.127309 -2.279866 0.340781
 H -0.891449 -2.087045 1.256845
 H -0.017535 -3.963613 3.757189
 H -1.084384 -4.553593 2.726743
 H 2.895205 -4.446149 -3.839808
 H 3.436330 -2.893178 -3.658016
 H 5.674161 5.018250 1.148474
 H 5.987482 3.411501 1.118190
 H 5.318721 -3.137243 4.830098
 H 5.027094 -4.611690 5.340841
 H -1.208269 -1.199476 -3.402584
 H -2.233682 -0.277805 -4.246618
 H -0.448022 3.011367 -4.808202
 H -1.806040 2.415370 -5.165476
 H 5.782718 1.609011 -0.353811
 H 4.375557 1.886230 0.333431
 H 3.914901 1.487088 -2.779357
 H 3.115848 2.294809 -3.961164
 H -5.441620 3.972427 -7.125311
 H -4.555103 2.964582 -6.406908
 H 4.120290 -5.587632 1.312581
 H 4.229015 -5.368854 -0.175810
 H 0.445806 -0.453292 -6.529008
 H 1.504623 0.468898 -5.990283
 H -3.218857 0.213785 -5.945722
 H -3.738398 0.889142 -4.665440
 H -0.135264 -0.140389 1.954797
 H 0.818622 -0.658837 0.907873
 H 6.123718 -2.018599 -4.259616
 H 5.523078 -3.134383 -3.236736
 H 4.278258 0.038105 -0.910936
 H 4.496135 -1.387945 -0.459065
 H -1.124603 5.786941 2.996909
 H -1.249499 4.275669 3.469459
 H -3.849681 -0.315418 -2.843893
 H -5.240474 -0.990907 -2.906030
 H -0.320043 -5.448631 -0.135541
 H -0.555203 -3.937076 0.118496
 H 5.349550 3.239801 -9.143866
 H 6.159725 2.156329 -8.186538
 H 2.774305 5.577681 4.408323
 H 3.288120 5.852412 5.757393
 H -5.699061 5.715085 -3.384493
 H -6.312055 6.563648 -2.036462
 H -0.012602 1.445140 -2.395274
 H 1.280955 0.761720 -3.015014
 H -4.444822 -3.579731 -0.688354
 H -5.094264 -4.624994 0.138111
 H -3.148642 6.576311 1.621970
 H -3.593241 6.557160 3.099005
 H -3.253195 3.050751 4.473420
 H -2.161230 3.030955 5.525488
 H -2.472306 0.298880 -0.556941
 H -3.577644 -0.631237 0.058309
 H -1.403954 -1.108791 3.830267
 H -2.025250 -1.740295 5.137728
 H 1.726002 2.374396 4.407848
 H 1.944137 2.353942 6.057917
 H -6.071566 1.395536 2.230234
 H -5.482410 1.635563 0.905210
 H 3.114393 5.907719 -1.366184
 H 4.244350 5.204948 -2.187332
 H 0.320084 -5.802458 -3.829410
 H 0.791305 -6.434431 -2.508068
 H -4.600926 4.543270 -4.933574
 H -4.413868 3.988981 -3.388152
 H 5.388912 0.860914 7.612803
 H 6.164595 1.981776 6.801033
 H -1.390964 1.739979 1.383181
 H -0.808080 2.321635 2.619797
 H 0.648638 -2.238317 -2.204229
 H 0.409319 -1.331975 -3.455847
 H 0.162148 -3.299702 -4.970180
 H -0.354198 -3.609622 -6.362045
 H 7.126005 -5.679728 4.989763
 H 5.924337 -5.340846 4.129170
 H 4.126929 -3.533293 1.822714
 H 2.992171 -3.463874 0.990229
 H 5.419732 -1.468393 2.297223
 H 5.372934 -0.708679 3.654754
 H 2.542561 4.035076 -4.635837
 H 1.215964 4.528671 -3.955438
 H 0.882821 -8.834151 0.285886
 H -0.393971 -8.133225 1.092888
 H -4.223019 -2.829498 -6.550190
 H -4.665545 -1.856131 -7.653860
 H -3.980356 1.694307 -0.310364
 H -4.938986 1.361831 -1.520470
 H 5.166626 4.197815 -4.987572
 H 3.834176 4.112642 -5.909716
 H 2.370488 -0.778925 -0.811285
 H 1.018907 -0.356259 -1.434467
 H -4.443148 -3.873650 2.139332
 H -5.529453 -4.811177 2.437031
 H 2.579062 2.972179 1.886912
 H 1.819189 1.794670 1.229085
K_POINTS
 1
0.0 0.0 0.0 1.0