
&control
    calculation='scf'
    pseudo_dir = './',
    outdir='./outputs',
    disk_io='high'
/
&system
    ibrav= 1, celldm(1)=20.000000, nat=  192, ntyp= 2,
    ecutwfc = 30.0, nosym=.true., occupations='smearing',
    smearing='m-v', degauss=0.025
/
&electrons
    conv_thr =  1.0d-8,
    mixing_beta = 0.7
/
&ions
    pot_extrapolation='second-order'
    wfc_extrapolation='second-order'
    ion_temperature = 'andersen'
    tempw = 1000

/
ATOMIC_SPECIES
 H  1.01  H.blyp-hgh.UPF
 O  16.0  O.blyp-hgh.UPF
ATOMIC_POSITIONS bohr
 O -6.056342 -1.863566 0.086486
 O 3.741716 -1.433657 6.004342
 O -5.670109 7.334144 -5.441846
 O 2.259629 3.184547 -0.531652
 O -4.586275 1.053977 4.463373
 O 0.437984 5.638247 6.140878
 O -2.504638 -5.715802 -2.565109
 O 4.577371 0.483238 4.737475
 O -2.173346 -6.554439 6.552550
 O 1.781349 -3.008555 3.645967
 O 1.883935 -5.473268 1.786159
 O -2.597230 -4.376294 5.176058
 O -3.378921 -7.026243 0.055311
 O -3.369088 -3.661303 -4.542607
 O 2.666720 -4.442990 -0.838422
 O -1.231560 2.937929 -1.951078
 O -1.529839 -2.801264 0.883505
 O -0.298806 -4.774095 3.243405
 O 3.586086 -3.845397 -3.606149
 O 5.522711 4.135535 1.554766
 O 4.725973 -3.906901 4.725746
 O -2.128331 -0.916591 -3.502470
 O -1.416738 3.222322 -4.757814
 O 5.076074 1.214176 0.191146
 O 3.639801 1.508758 -3.710211
 O -4.704934 3.937576 -6.479467
 O 4.782835 -5.387413 0.626355
 O 1.223962 -0.463369 -5.894135
 O -2.974417 0.908740 -5.273658
 O 0.399693 -0.970493 1.780442
 O 6.189754 -2.413287 -3.366015
 O 4.000790 -0.899050 -1.141475
 O -0.843269 4.881542 2.752494
 O -4.778853 -0.202381 -2.537320
 O 0.038157 -4.584541 -0.363907
 O 5.665953 3.013503 -8.243869
 O 3.551051 5.355611 4.932448
 O -6.508631 6.197981 -2.902911
 O 0.436977 0.567017 -2.569804
 O -4.755323 -4.525596 -0.809501
 O -2.969212 7.032956 2.486438
 O -2.278403 3.193957 4.590519
 O -3.034696 0.176373 0.248661
 O -1.554440 -0.942360 4.769068
 O 1.506229 2.031669 5.273716
 O -5.388376 1.940276 1.836138
 O 3.388948 5.005086 -1.698601
 O 1.078781 -5.805894 -3.197785
 O -4.689085 4.745187 -3.944790
 O 6.073914 1.582144 7.699635
 O -0.601915 1.630707 1.986127
 O 0.563686 -2.259657 -3.188155
 O -0.224925 -4.043647 -5.477228
 O 6.800720 -5.787970 4.070790
 O 3.508968 -2.824256 1.521860
 O 5.994509 -1.055156 2.987945
 O 1.568066 3.824556 -4.524289
 O 0.062859 -8.316282 0.230993
 O -4.684403 -1.976286 -6.673062
 O -4.641021 2.099766 -0.929874
 O 4.190349 4.247122 -4.993354
 O 1.395241 -0.875545 -0.663724
 O -5.320808 -4.106460 1.756586
 O 1.857572 2.342862 2.052722
 H -5.937859 -1.868553 -0.890545
 H -5.998482 -2.806613 0.306111
 H 2.770346 -1.269830 6.078421
 H 3.758926 -2.177530 5.371895
 H -5.945463 6.775064 -4.689812
 H -5.157230 8.103301 -5.112865
 H 2.891414 3.940618 -0.411088
 H 2.340874 3.098782 -1.490914
 H -4.905073 0.208697 4.866139
 H -4.686018 0.827584 3.487371
 H 0.493601 6.619416 6.157802
 H 1.272813 5.279118 6.503752
 H -3.153163 -6.028425 -3.236593
 H -3.141144 -5.558498 -1.831785
 H 4.714458 1.428317 4.983533
 H 4.586850 -0.169046 5.486693
 H -2.710804 -7.317093 6.336216
 H -1.247103 -6.803852 6.278340
 H 1.473635 -2.158148 3.366345
 H 2.553207 -3.024272 2.991415
 H 1.267554 -5.553146 2.548774
 H 1.318752 -5.178635 1.039143
 H -2.547373 -5.327047 5.520026
 H -2.360953 -4.403089 4.241050
 H -3.768325 -7.788790 -0.402406
 H -3.886424 -6.281936 -0.318263
 H -3.205387 -3.008035 -3.832612
 H -2.469243 -3.684216 -4.935480
 H 2.878184 -4.183086 -1.771147
 H 1.639043 -4.495613 -0.877165
 H -1.466709 3.316586 -2.843496
 H -0.911149 3.523402 -1.197416
 H -2.128077 -2.257649 0.340946
 H -0.894455 -2.079491 1.256956
 H -0.019720 -3.985315 3.774421
 H -1.101766 -4.553314 2.727645
 H 2.858622 -4.453685 -3.784389
 H 3.411714 -2.887646 -3.644804
 H 5.692720 5.007351 1.109561
 H 5.977596 3.405083 1.117825
 H 5.312323 -3.130990 4.829042
 H 5.017633 -4.577223 5.389861
 H -1.196540 -1.182151 -3.401848
 H -2.216843 -0.304377 -4.269218
 H -0.454128 2.974335 -4.827809
 H -1.820870 2.405531 -5.157362
 H 5.807906 1.595350 -0.347868
 H 4.376682 1.899554 0.292558
 H 3.912941 1.469480 -2.780287
 H 3.141462 2.292368 -3.974499
 H -5.424254 3.997187 -7.150888
 H -4.546790 2.967736 -6.395603
 H 4.132462 -5.592059 1.325914
 H 4.202591 -5.394338 -0.167137
 H 0.459835 -0.445705 -6.513415
 H 1.522340 0.463489 -5.994874
 H -3.221203 0.240962 -5.961254
 H -3.756293 0.894590 -4.670650
 H -0.116059 -0.130681 1.939011
 H 0.819574 -0.654369 0.912527
 H 6.148826 -2.022616 -4.256525
 H 5.514560 -3.126237 -3.242896
 H 4.278666 0.027275 -0.910369
 H 4.467931 -1.408606 -0.457603
 H -1.154177 5.797160 3.001061
 H -1.261485 4.291463 3.481603
 H -3.850090 -0.306056 -2.849393
 H -5.234571 -0.993863 -2.903392
 H -0.333091 -5.451024 -0.118521
 H -0.561531 -3.930920 0.122554
 H 5.337960 3.269851 -9.142208
 H 6.151030 2.152790 -8.207566
 H 2.760301 5.576833 4.389102
 H 3.256198 5.861613 5.721461
 H -5.747473 5.679852 -3.390665
 H -6.314977 6.574774 -2.036510
 H -0.018119 1.434931 -2.392860
 H 1.288545 0.764018 -3.026652
 H -4.453820 -3.589513 -0.752961
 H -5.107986 -4.628738 0.134695
 H -3.155913 6.601294 1.629318
 H -3.588708 6.552458 3.094226
 H -3.248144 3.060939 4.486435
 H -2.149450 3.023304 5.549691
 H -2.473330 0.303662 -0.540239
 H -3.574018 -0.611828 0.025703
 H -1.398581 -1.116814 3.820181
 H -1.972376 -1.742008 5.156738
 H 1.757909 2.345083 4.391961
 H 1.962303 2.343436 6.065474
 H -6.094970 1.395887 2.232364
 H -5.524502 1.649006 0.904850
 H 3.168746 5.894718 -1.340529
 H 4.225433 5.174712 -2.214732
 H 0.315731 -5.820327 -3.827862
 H 0.797889 -6.445541 -2.505262
 H -4.569339 4.561888 -4.948740
 H -4.453379 4.002906 -3.365291
 H 5.403623 0.853652 7.630978
 H 6.150461 1.979425 6.804764
 H -1.376283 1.729479 1.374480
 H -0.827729 2.336849 2.604007
 H 0.663126 -2.241998 -2.204364
 H 0.429874 -1.332346 -3.455249
 H 0.145349 -3.282746 -4.985698
 H -0.399083 -3.617469 -6.347431
 H 7.135774 -5.652635 4.983821
 H 5.910903 -5.361310 4.099019
 H 4.146243 -3.517768 1.819737
 H 2.994403 -3.474473 0.996064
 H 5.397230 -1.447070 2.325054
 H 5.400318 -0.703769 3.688982
 H 2.534831 4.029412 -4.630764
 H 1.188037 4.527510 -3.976426
 H 0.927173 -8.798664 0.272273
 H -0.393672 -8.152628 1.080840
 H -4.189293 -2.836231 -6.579901
 H -4.669993 -1.831604 -7.643686
 H -3.992473 1.699428 -0.313870
 H -4.940466 1.389442 -1.533438
 H 5.166276 4.185833 -4.995939
 H 3.834960 4.142436 -5.906225
 H 2.360785 -0.785090 -0.828062
 H 1.034937 -0.390078 -1.453809
 H -4.446391 -3.860421 2.125475
 H -5.508544 -4.808408 2.433280
 H 2.618720 2.944681 1.882030
 H 1.801933 1.758587 1.268124
K_POINTS
 1
0.0 0.0 0.0 1.0