
&control
    calculation='scf'
    pseudo_dir = './',
    outdir='./outputs',
    disk_io='high'
/
&system
    ibrav= 1, celldm(1)=20.000000, nat=  192, ntyp= 2,
    ecutwfc = 30.0, nosym=.true., occupations='smearing',
    smearing='m-v', degauss=0.025
/
&electrons
    conv_thr =  1.0d-8,
    mixing_beta = 0.7
/
&ions
    pot_extrapolation='second-order'
    wfc_extrapolation='second-order'
    ion_temperature = 'andersen'
    tempw = 1000

/
ATOMIC_SPECIES
 H  1.01  H.blyp-hgh.UPF
 O  16.0  O.blyp-hgh.UPF
ATOMIC_POSITIONS bohr
 O -6.058463 -1.863905 0.087477
 O 3.739957 -1.430414 6.004129
 O -5.669078 7.335724 -5.441319
 O 2.265685 3.187240 -0.530944
 O -4.581410 1.049495 4.464918
 O 0.442303 5.636093 6.138342
 O -2.511567 -5.717430 -2.563488
 O 4.580041 0.476543 4.738303
 O -2.173977 -6.551582 6.558036
 O 1.781010 -3.008850 3.648363
 O 1.882399 -5.472237 1.781392
 O -2.597833 -4.377653 5.172468
 O -3.373483 -7.029519 0.053602
 O -3.367084 -3.658692 -4.543537
 O 2.670940 -4.436834 -0.836265
 O -1.231441 2.937851 -1.956125
 O -1.530122 -2.799415 0.880231
 O -0.301057 -4.770818 3.240338
 O 3.578488 -3.844979 -3.602885
 O 5.525743 4.134350 1.551130
 O 4.722525 -3.905809 4.728482
 O -2.127033 -0.914492 -3.501461
 O -1.418063 3.219476 -4.756973
 O 5.076440 1.216069 0.187635
 O 3.638111 1.507680 -3.709797
 O -4.702495 3.939106 -6.484150
 O 4.780051 -5.388391 0.625176
 O 1.227511 -0.463944 -5.890470
 O -2.976731 0.913581 -5.272231
 O 0.394832 -0.974549 1.782141
 O 6.191975 -2.412839 -3.366651
 O 4.000007 -0.905018 -1.141083
 O -0.847091 4.884869 2.751489
 O -4.777203 -0.203830 -2.534337
 O 0.036545 -4.587193 -0.358406
 O 5.662362 3.012886 -8.247571
 O 3.544603 5.354205 4.925541
 O -6.510021 6.200637 -2.904966
 O 0.440042 0.565038 -2.572846
 O -4.755983 -4.529259 -0.809633
 O -2.968076 7.039122 2.489265
 O -2.275268 3.195289 4.596683
 O -3.037166 0.179341 0.253852
 O -1.554696 -0.939820 4.764514
 O 1.511825 2.033293 5.273389
 O -5.389148 1.932025 1.838033
 O 3.388936 5.001672 -1.697883
 O 1.076330 -5.806193 -3.194714
 O -4.695525 4.744930 -3.946719
 O 6.079394 1.583340 7.705019
 O -0.600415 1.631795 1.984210
 O 0.565423 -2.260422 -3.185360
 O -0.222540 -4.045945 -5.474392
 O 6.802180 -5.788128 4.070637
 O 3.505143 -2.824167 1.523129
 O 5.995674 -1.049757 2.991014
 O 1.567020 3.821559 -4.522959
 O 0.069905 -8.319469 0.226917
 O -4.686063 -1.982961 -6.671657
 O -4.640443 2.106625 -0.933293
 O 4.191510 4.247155 -4.990278
 O 1.394547 -0.876671 -0.661336
 O -5.322748 -4.104347 1.755982
 O 1.860513 2.344303 2.054633
 H -5.955336 -1.870064 -0.891575
 H -5.993381 -2.806405 0.301197
 H 2.768829 -1.266240 6.079367
 H 3.759602 -2.182019 5.373983
 H -5.953237 6.791082 -4.678078
 H -5.167112 8.115523 -5.110996
 H 2.888227 3.951475 -0.413648
 H 2.345572 3.092152 -1.491409
 H -4.901689 0.199106 4.861713
 H -4.699643 0.830832 3.489573
 H 0.489048 6.618394 6.146614
 H 1.279355 5.270837 6.494186
 H -3.148022 -6.032521 -3.245917
 H -3.151057 -5.542304 -1.835790
 H 4.730055 1.422782 4.961022
 H 4.592874 -0.174683 5.492397
 H -2.712943 -7.313115 6.343677
 H -1.250047 -6.797880 6.273059
 H 1.476356 -2.154949 3.369211
 H 2.544215 -3.035025 2.986145
 H 1.274571 -5.548269 2.548681
 H 1.318085 -5.182325 1.031008
 H -2.541367 -5.329907 5.508912
 H -2.356446 -4.402474 4.241318
 H -3.768811 -7.790311 -0.406633
 H -3.878972 -6.281702 -0.320764
 H -3.213686 -3.005255 -3.827533
 H -2.468624 -3.672384 -4.942209
 H 2.879312 -4.186943 -1.771362
 H 1.642394 -4.518333 -0.857674
 H -1.458867 3.310286 -2.849412
 H -0.912677 3.516716 -1.199369
 H -2.128445 -2.248997 0.340803
 H -0.895650 -2.077653 1.256471
 H -0.020162 -3.994906 3.779597
 H -1.108498 -4.552856 2.728045
 H 2.842284 -4.456070 -3.762779
 H 3.399910 -2.886070 -3.640217
 H 5.699818 5.001645 1.094237
 H 5.975014 3.402723 1.117581
 H 5.310530 -3.129215 4.828837
 H 5.013749 -4.561860 5.410120
 H -1.192087 -1.175321 -3.401443
 H -2.209229 -0.314883 -4.278181
 H -0.457510 2.960659 -4.835604
 H -1.827048 2.401917 -5.152768
 H 5.817380 1.590411 -0.345807
 H 4.377742 1.904912 0.275913
 H 3.911667 1.463637 -2.780773
 H 3.152031 2.292349 -3.978395
 H -5.417994 4.007229 -7.161864
 H -4.543507 2.969671 -6.391186
 H 4.136771 -5.594120 1.331390
 H 4.191890 -5.403777 -0.163203
 H 0.465637 -0.443256 -6.507091
 H 1.529664 0.461189 -5.997300
 H -3.221656 0.252698 -5.967614
 H -3.763465 0.897230 -4.673054
 H -0.107929 -0.127135 1.933861
 H 0.820380 -0.654701 0.914404
 H 6.157903 -2.025442 -4.255526
 H 5.511549 -3.122266 -3.246502
 H 4.279088 0.021991 -0.909779
 H 4.456893 -1.417519 -0.456401
 H -1.165282 5.799639 3.002281
 H -1.265261 4.299795 3.484395
 H -3.850157 -0.302686 -2.850965
 H -5.232816 -0.995199 -2.901867
 H -0.338409 -5.452588 -0.112332
 H -0.563465 -3.928348 0.123481
 H 5.334593 3.281724 -9.141201
 H 6.147634 2.152265 -8.217477
 H 2.755336 5.575680 4.380457
 H 3.244696 5.865346 5.707191
 H -5.767824 5.666267 -3.389731
 H -6.314324 6.579655 -2.036287
 H -0.020757 1.431166 -2.391627
 H 1.290921 0.765306 -3.031232
 H -4.457221 -3.594591 -0.779760
 H -5.113272 -4.630253 0.132756
 H -3.158386 6.610604 1.631879
 H -3.586274 6.551265 3.091777
 H -3.245134 3.065140 4.491081
 H -2.143995 3.020575 5.558709
 H -2.473576 0.305421 -0.533731
 H -3.572959 -0.603298 0.012781
 H -1.396598 -1.120164 3.816499
 H -1.950986 -1.742451 5.163522
 H 1.772035 2.333994 4.385545
 H 1.970475 2.341119 6.067222
 H -6.104707 1.395720 2.233589
 H -5.539897 1.654647 0.905497
 H 3.190059 5.889487 -1.330687
 H 4.217316 5.162728 -2.225396
 H 0.314372 -5.826699 -3.826521
 H 0.800719 -6.449018 -2.504127
 H -4.557106 4.568767 -4.952424
 H -4.469044 4.008004 -3.356729
 H 5.410094 0.852388 7.638273
 H 6.144181 1.977748 6.806833
 H -1.369150 1.724531 1.371482
 H -0.834927 2.343556 2.599264
 H 0.669037 -2.243310 -2.205182
 H 0.439372 -1.331996 -3.454835
 H 0.139114 -3.276385 -4.990653
 H -0.417470 -3.621616 -6.341226
 H 7.139720 -5.641461 4.981797
 H 5.905924 -5.369736 4.086705
 H 4.154830 -3.510326 1.818798
 H 2.994088 -3.477751 0.997128
 H 5.388420 -1.438480 2.335925
 H 5.410938 -0.700792 3.702358
 H 2.531134 4.027634 -4.627336
 H 1.177183 4.527959 -3.984141
 H 0.943679 -8.783956 0.267399
 H -0.392733 -8.160471 1.076967
 H -4.175875 -2.838132 -6.591359
 H -4.672233 -1.822093 -7.639433
 H -3.997164 1.700629 -0.315675
 H -4.940052 1.399669 -1.539134
 H 5.165459 4.180722 -4.999551
 H 3.837323 4.154681 -5.905425
 H 2.358473 -0.788599 -0.834282
 H 1.040567 -0.403012 -1.460366
 H -4.447303 -3.854701 2.119196
 H -5.500908 -4.807128 2.431213
 H 2.633916 2.932941 1.880040
 H 1.795001 1.744773 1.284402
K_POINTS
 1
0.0 0.0 0.0 1.0