
&control
    calculation='scf'
    pseudo_dir = './',
    outdir='./outputs',
    disk_io='high'
/
&system
    ibrav= 1, celldm(1)=20.000000, nat=  192, ntyp= 2,
    ecutwfc = 30.0, nosym=.true., occupations='smearing',
    smearing='m-v', degauss=0.025
/
&electrons
    conv_thr =  1.0d-8,
    mixing_beta = 0.7
/
&ions
    pot_extrapolation='second-order'
    wfc_extrapolation='second-order'
    ion_temperature = 'andersen'
    tempw = 1000

/
ATOMIC_SPECIES
 H  1.01  H.blyp-hgh.UPF
 O  16.0  O.blyp-hgh.UPF
ATOMIC_POSITIONS bohr
 O -6.061543 -1.864339 0.088734
 O 3.737324 -1.425852 6.003920
 O -5.667597 7.338088 -5.440760
 O 2.275078 3.191037 -0.529765
 O -4.574304 1.042486 4.467057
 O 0.448856 5.632972 6.134419
 O -2.522165 -5.719950 -2.561027
 O 4.584211 0.466662 4.739419
 O -2.174834 -6.547126 6.566184
 O 1.780795 -3.009419 3.652025
 O 1.880302 -5.470807 1.774213
 O -2.598870 -4.379553 5.167162
 O -3.365414 -7.034382 0.051083
 O -3.363984 -3.654575 -4.544902
 O 2.676951 -4.427712 -0.833245
 O -1.231235 2.937454 -1.963716
 O -1.530450 -2.796375 0.875455
 O -0.304551 -4.765915 3.235849
 O 3.567440 -3.844350 -3.597820
 O 5.530028 4.132930 1.545696
 O 4.717357 -3.904277 4.732588
 O -2.125220 -0.911416 -3.499885
 O -1.419857 3.214897 -4.755901
 O 5.076828 1.218941 0.182239
 O 3.635487 1.505600 -3.709255
 O -4.698805 3.941262 -6.491132
 O 4.775969 -5.390004 0.623430
 O 1.232737 -0.464802 -5.884929
 O -2.980400 0.920708 -5.270131
 O 0.387368 -0.980354 1.784536
 O 6.195360 -2.412185 -3.367453
 O 3.998757 -0.913727 -1.140680
 O -0.853093 4.889745 2.750392
 O -4.774623 -0.205981 -2.529907
 O 0.034036 -4.591186 -0.350019
 O 5.656918 3.011989 -8.252823
 O 3.534647 5.352252 4.915264
 O -6.512358 6.204472 -2.908277
 O 0.444734 0.562186 -2.577626
 O -4.757034 -4.534770 -0.809693
 O -2.966502 7.048293 2.493625
 O -2.270628 3.197233 4.606018
 O -3.040788 0.183734 0.261585
 O -1.555050 -0.936016 4.757779
 O 1.519900 2.035480 5.273033
 O -5.390295 1.919501 1.840866
 O 3.389172 4.996754 -1.696944
 O 1.072525 -5.806851 -3.190244
 O -4.705143 4.744652 -3.949885
 O 6.087749 1.585036 7.712930
 O -0.598542 1.633382 1.981151
 O 0.567965 -2.261637 -3.181217
 O -0.218960 -4.049196 -5.470314
 O 6.804334 -5.788401 4.070357
 O 3.499575 -2.824299 1.525151
 O 5.997501 -1.041725 2.995680
 O 1.565544 3.816851 -4.521080
 O 0.080179 -8.324103 0.220556
 O -4.688459 -1.993072 -6.669661
 O -4.639815 2.117151 -0.938377
 O 4.193083 4.247217 -4.985697
 O 1.393381 -0.878385 -0.657797
 O -5.325617 -4.101217 1.755244
 O 1.865193 2.346583 2.057635
 H -5.981927 -1.871753 -0.892698
 H -5.986148 -2.806991 0.295121
 H 2.766163 -1.259947 6.081116
 H 3.760535 -2.189037 5.377503
 H -5.964936 6.816772 -4.660204
 H -5.181606 8.132703 -5.107561
 H 2.883025 3.967346 -0.417974
 H 2.351927 3.082201 -1.492638
 H -4.896225 0.186124 4.855100
 H -4.719174 0.836832 3.494354
 H 0.482662 6.616762 6.130297
 H 1.288045 5.258341 6.479959
 H -3.139124 -6.038372 -3.260237
 H -3.164777 -5.517614 -1.842221
 H 4.753059 1.413553 4.927456
 H 4.600271 -0.182313 5.501120
 H -2.716914 -7.308585 6.354439
 H -1.255074 -6.789272 6.266060
 H 1.478364 -2.147032 3.373008
 H 2.529727 -3.052273 2.978986
 H 1.284656 -5.540236 2.547694
 H 1.316924 -5.187937 1.019624
 H -2.531913 -5.333425 5.493095
 H -2.349483 -4.401980 4.240741
 H -3.769168 -7.793289 -0.412735
 H -3.867754 -6.280934 -0.324706
 H -3.226679 -3.001392 -3.820150
 H -2.468095 -3.655786 -4.952549
 H 2.881502 -4.192385 -1.771141
 H 1.649780 -4.552080 -0.827849
 H -1.446494 3.301627 -2.856534
 H -0.914841 3.507318 -1.203528
 H -2.128908 -2.236506 0.340528
 H -0.897411 -2.076228 1.255194
 H -0.020295 -4.009563 3.785818
 H -1.118144 -4.551730 2.728859
 H 2.816513 -4.458513 -3.730824
 H 3.380155 -2.884679 -3.633995
 H 5.709994 4.991433 1.071764
 H 5.972848 3.398919 1.116868
 H 5.308516 -3.127381 4.828629
 H 5.007754 -4.537122 5.440849
 H -1.185898 -1.165205 -3.400616
 H -2.197097 -0.330408 -4.291503
 H -0.463707 2.941542 -4.847151
 H -1.836665 2.396965 -5.144356
 H 5.830793 1.583526 -0.343114
 H 4.380046 1.912941 0.250615
 H 3.909246 1.456238 -2.781572
 H 3.167905 2.293968 -3.982831
 H -5.409067 4.022196 -7.178810
 H -4.538830 2.973422 -6.384841
 H 4.142682 -5.597493 1.339743
 H 4.175739 -5.416993 -0.156760
 H 0.474123 -0.440261 -6.497853
 H 1.540953 0.457642 -6.001527
 H -3.221808 0.271285 -5.977242
 H -3.774014 0.901664 -4.677121
 H -0.095571 -0.122086 1.927640
 H 0.821939 -0.657787 0.917485
 H 6.170475 -2.030755 -4.254771
 H 5.507539 -3.115464 -3.253107
 H 4.279999 0.012844 -0.908497
 H 4.440799 -1.431766 -0.453568
 H -1.180967 5.801441 3.003416
 H -1.269755 4.314266 3.486312
 H -3.850059 -0.298032 -2.852694
 H -5.230791 -0.997302 -2.899038
 H -0.346505 -5.455487 -0.103720
 H -0.565633 -3.924484 0.124092
 H 5.330896 3.299280 -9.139515
 H 6.142686 2.152538 -8.233976
 H 2.748555 5.572979 4.366342
 H 3.228815 5.871160 5.686212
 H -5.798715 5.646369 -3.384996
 H -6.311433 6.587109 -2.036207
 H -0.025008 1.425699 -2.389565
 H 1.293636 0.767674 -3.037946
 H -4.462092 -3.603075 -0.820644
 H -5.120819 -4.632239 0.129224
 H -3.161554 6.623860 1.635147
 H -3.581993 6.550261 3.087692
 H -3.239540 3.071569 4.497539
 H -2.135159 3.016962 5.570940
 H -2.473618 0.308117 -0.524111
 H -3.572152 -0.590027 -0.006342
 H -1.393808 -1.125360 3.811467
 H -1.918812 -1.743101 5.172849
 H 1.794592 2.317863 4.376386
 H 1.983672 2.339557 6.068193
 H -6.119496 1.395237 2.235712
 H -5.561354 1.663287 0.907302
 H 3.221403 5.881981 -1.316283
 H 4.204823 5.144946 -2.241167
 H 0.312798 -5.835379 -3.823697
 H 0.805152 -6.453270 -2.502326
 H -4.539395 4.578355 -4.954979
 H -4.492254 4.015037 -3.344695
 H 5.420527 0.852339 7.649336
 H 6.134171 1.974464 6.810716
 H -1.357564 1.716344 1.367095
 H -0.844823 2.353777 2.593434
 H 0.678027 -2.245120 -2.206786
 H 0.454968 -1.331045 -3.453968
 H 0.130390 -3.267301 -4.996634
 H -0.445496 -3.629010 -6.331588
 H 7.145439 -5.624301 4.979034
 H 5.899189 -5.382708 4.068268
 H 4.168283 -3.497630 1.817487
 H 2.992429 -3.481667 0.997434
 H 5.375385 -1.425569 2.351882
 H 5.426474 -0.695226 3.722029
 H 2.525189 4.025600 -4.620723
 H 1.161365 4.529468 -3.995118
 H 0.967093 -8.761543 0.260735
 H -0.390181 -8.172330 1.071843
 H -4.156069 -2.839901 -6.608106
 H -4.676069 -1.808206 -7.632934
 H -4.003982 1.701528 -0.318751
 H -4.938419 1.414030 -1.548326
 H 5.163809 4.172743 -5.005186
 H 3.842942 4.173384 -5.904769
 H 2.356858 -0.795032 -0.842902
 H 1.047913 -0.421634 -1.468942
 H -4.448239 -3.845594 2.109001
 H -5.490359 -4.805251 2.427753
 H 2.655666 2.914240 1.876979
 H 1.784669 1.724679 1.309280
K_POINTS
 1
0.0 0.0 0.0 1.0