
&control
    calculation='scf'
    pseudo_dir = './',
    outdir='./outputs',
    disk_io='high'
/
&system
    ibrav= 1, celldm(1)=20.000000, nat=  192, ntyp= 2,
    ecutwfc = 30.0, nosym=.true., occupations='smearing',
    smearing='m-v', degauss=0.025
/
&electrons
    conv_thr =  1.0d-8,
    mixing_beta = 0.7
/
&ions
    pot_extrapolation='second-order'
    wfc_extrapolation='second-order'
    ion_temperature = 'andersen'
    tempw = 1000

/
ATOMIC_SPECIES
 H  1.01  H.blyp-hgh.UPF
 O  16.0  O.blyp-hgh.UPF
ATOMIC_POSITIONS bohr
 O -6.063533 -1.864580 0.089412
 O 3.735577 -1.423043 6.003836
 O -5.666649 7.339677 -5.440499
 O 2.281540 3.193400 -0.528915
 O -4.569704 1.037610 4.468376
 O 0.453261 5.630960 6.131725
 O -2.529354 -5.721677 -2.559368
 O 4.587095 0.460150 4.740077
 O -2.175347 -6.544044 6.571559
 O 1.780815 -3.009844 3.654508
 O 1.879061 -5.469932 1.769392
 O -2.599647 -4.380733 5.163688
 O -3.360116 -7.037594 0.049419
 O -3.361855 -3.651686 -4.545778
 O 2.680741 -4.421730 -0.831343
 O -1.231078 2.936971 -1.968766
 O -1.530618 -2.794159 0.872347
 O -0.306974 -4.762700 3.232899
 O 3.560260 -3.843950 -3.594347
 O 5.532708 4.132247 1.542084
 O 4.713933 -3.903325 4.735354
 O -2.124076 -0.909414 -3.498804
 O -1.420919 3.211628 -4.755319
 O 5.076985 1.220883 0.178549
 O 3.633691 1.503874 -3.708943
 O -4.696334 3.942623 -6.495769
 O 4.773304 -5.391181 0.622286
 O 1.236178 -0.465368 -5.881189
 O -2.982984 0.925368 -5.268755
 O 0.382301 -0.984028 1.786008
 O 6.197650 -2.411774 -3.367865
 O 3.997867 -0.919361 -1.140548
 O -0.857278 4.892935 2.749931
 O -4.772841 -0.207402 -2.526983
 O 0.032306 -4.593866 -0.344335
 O 5.653250 3.011411 -8.256114
 O 3.527825 5.351048 4.908457
 O -6.514118 6.206969 -2.910588
 O 0.447917 0.560372 -2.580956
 O -4.757781 -4.538489 -0.809663
 O -2.965542 7.054351 2.496597
 O -2.267563 3.198492 4.612318
 O -3.043138 0.186631 0.266694
 O -1.555258 -0.933472 4.753344
 O 1.525083 2.036789 5.272862
 O -5.391070 1.911053 1.842765
 O 3.389488 4.993600 -1.696412
 O 1.069910 -5.807422 -3.187360
 O -4.711524 4.744542 -3.952175
 O 6.093403 1.586101 7.718083
 O -0.597519 1.634442 1.979050
 O 0.569613 -2.262482 -3.178523
 O -0.216578 -4.051227 -5.467714
 O 6.805740 -5.788604 4.070134
 O 3.495985 -2.824573 1.526578
 O 5.998769 -1.036413 2.998834
 O 1.564591 3.813582 -4.519893
 O 0.086810 -8.327082 0.216171
 O -4.689983 -1.999889 -6.668403
 O -4.639555 2.124322 -0.941732
 O 4.194010 4.247265 -4.982675
 O 1.392535 -0.879544 -0.655473
 O -5.327495 -4.099147 1.754851
 O 1.868498 2.348199 2.059743
 H -5.999884 -1.872459 -0.893157
 H -5.981593 -2.808009 0.291982
 H 2.764150 -1.255185 6.082475
 H 3.761061 -2.193664 5.380296
 H -5.972722 6.835013 -4.648269
 H -5.191134 8.143239 -5.105004
 H 2.879316 3.977592 -0.421240
 H 2.355707 3.075618 -1.493573
 H -4.892280 0.178505 4.850713
 H -4.731526 0.841555 3.498410
 H 0.478835 6.615526 6.119783
 H 1.293035 5.250100 6.470527
 H -3.132472 -6.042037 -3.269857
 H -3.173215 -5.500963 -1.846925
 H 4.768143 1.406944 4.905357
 H 4.604102 -0.186707 5.506950
 H -2.720021 -7.306488 6.361326
 H -1.258826 -6.783819 6.262039
 H 1.478494 -2.140053 3.375314
 H 2.519491 -3.064457 2.974667
 H 1.290945 -5.534411 2.546518
 H 1.315994 -5.191731 1.012680
 H -2.525377 -5.335261 5.483220
 H -2.344676 -4.401878 4.239541
 H -3.769079 -7.795593 -0.416563
 H -3.860151 -6.280270 -0.327416
 H -3.235624 -2.999163 -3.815579
 H -2.468064 -3.645442 -4.959484
 H 2.883185 -4.195755 -1.770685
 H 1.656370 -4.574159 -0.807787
 H -1.437915 3.296527 -2.860349
 H -0.916135 3.501573 -1.207081
 H -2.129089 -2.228602 0.340374
 H -0.898534 -2.076158 1.254000
 H -0.019978 -4.019146 3.789125
 H -1.124188 -4.550657 2.729611
 H 2.798825 -4.459148 -3.709774
 H 3.365658 -2.884499 -3.630241
 H 5.716422 4.983510 1.057208
 H 5.972603 3.396042 1.116099
 H 5.307560 -3.126719 4.828486
 H 5.003607 -4.519521 5.461391
 H -1.182190 -1.158563 -3.399867
 H -2.188644 -0.340572 -4.300261
 H -0.468577 2.929789 -4.854718
 H -1.843361 2.393993 -5.137725
 H 5.839132 1.579258 -0.341605
 H 4.382071 1.918277 0.233531
 H 3.907313 1.452238 -2.782114
 H 3.178401 2.296370 -3.984913
 H -5.403259 4.031992 -7.190245
 H -4.535957 2.976495 -6.380875
 H 4.146306 -5.599903 1.345368
 H 4.164930 -5.425111 -0.152088
 H 0.479440 -0.438735 -6.492012
 H 1.548696 0.455228 -6.004717
 H -3.221566 0.284330 -5.983708
 H -3.780827 0.904924 -4.680182
 H -0.087358 -0.118854 1.924590
 H 0.823167 -0.661682 0.919797
 H 6.178171 -2.034904 -4.254972
 H 5.505207 -3.110368 -3.258274
 H 4.280802 0.005898 -0.907363
 H 4.430419 -1.441882 -0.450895
 H -1.190717 5.801383 3.003632
 H -1.271991 4.325052 3.486154
 H -3.849819 -0.295201 -2.853454
 H -5.229818 -0.998730 -2.896772
 H -0.351982 -5.457720 -0.098429
 H -0.566568 -3.921946 0.123986
 H 5.329318 3.310782 -9.138367
 H 6.139534 2.153449 -8.246060
 H 2.744458 5.570495 4.356121
 H 3.219133 5.875257 5.672645
 H -5.819217 5.633354 -3.379817
 H -6.308273 6.592004 -2.036583
 H -0.027950 1.422083 -2.388092
 H 1.294857 0.769569 -3.042305
 H -4.465190 -3.609140 -0.848212
 H -5.125538 -4.633238 0.126485
 H -3.163265 6.632258 1.636906
 H -3.578772 6.550106 3.084806
 H -3.235141 3.075928 4.501546
 H -2.128898 3.014918 5.578034
 H -2.473365 0.310052 -0.517762
 H -3.572288 -0.581001 -0.018862
 H -1.392069 -1.128944 3.808472
 H -1.897361 -1.743609 5.178513
 H 1.810463 2.307346 4.370875
 H 1.993073 2.339733 6.067632
 H -6.129346 1.394816 2.237249
 H -5.574539 1.669112 0.909031
 H 3.241839 5.877323 -1.306896
 H 4.196412 5.133258 -2.251583
 H 0.312041 -5.840561 -3.821287
 H 0.808213 -6.455519 -2.500996
 H -4.528101 4.584200 -4.954596
 H -4.507473 4.019301 -3.337316
 H 5.427948 0.853504 7.656837
 H 6.127151 1.971799 6.813856
 H -1.349526 1.710406 1.364014
 H -0.850724 2.360418 2.590174
 H 0.684111 -2.246231 -2.207870
 H 0.466251 -1.330201 -3.453197
 H 0.125021 -3.261586 -4.999644
 H -0.464465 -3.634754 -6.324966
 H 7.148995 -5.612589 4.977297
 H 5.895317 -5.391601 4.056142
 H 4.177468 -3.488081 1.816600
 H 2.990626 -3.483606 0.996847
 H 5.366817 -1.416949 2.362279
 H 5.436569 -0.690792 3.734827
 H 2.521110 4.024716 -4.615361
 H 1.151215 4.530898 -4.002145
 H 0.981805 -8.746466 0.256738
 H -0.387593 -8.180298 1.068715
 H -4.143188 -2.840269 -6.618980
 H -4.678935 -1.799232 -7.628543
 H -4.008375 1.701550 -0.321034
 H -4.936679 1.422943 -1.554905
 H 5.162582 4.167225 -5.009047
 H 3.847994 4.186067 -5.904648
 H 2.357001 -0.800120 -0.848087
 H 1.051976 -0.433467 -1.473824
 H -4.448585 -3.839154 2.101696
 H -5.483972 -4.804137 2.425331
 H 2.669360 2.900952 1.874868
 H 1.777866 1.711685 1.326078
K_POINTS
 1
0.0 0.0 0.0 1.0