
&control
    calculation='scf'
    pseudo_dir = './',
    outdir='./outputs',
    disk_io='high'
/
&system
    ibrav= 1, celldm(1)=20.000000, nat=  192, ntyp= 2,
    ecutwfc = 30.0, nosym=.true., occupations='smearing',
    smearing='m-v', degauss=0.025
/
&electrons
    conv_thr =  1.0d-8,
    mixing_beta = 0.7
/
&ions
    pot_extrapolation='second-order'
    wfc_extrapolation='second-order'
    ion_temperature = 'andersen'
    tempw = 1000

/
ATOMIC_SPECIES
 H  1.01  H.blyp-hgh.UPF
 O  16.0  O.blyp-hgh.UPF
ATOMIC_POSITIONS bohr
 O -6.071020 -1.865326 0.090850
 O 3.728666 -1.413998 6.003763
 O -5.663165 7.346390 -5.439680
 O 2.308898 3.201335 -0.525234
 O -4.552428 1.016551 4.473001
 O 0.470925 5.623402 6.120251
 O -2.558798 -5.728891 -2.552630
 O 4.599394 0.434355 4.741987
 O -2.177147 -6.531041 6.592531
 O 1.781570 -3.011036 3.664651
 O 1.875639 -5.467062 1.749689
 O -2.603358 -4.384786 5.150293
 O -3.339839 -7.050217 0.042708
 O -3.352933 -3.638907 -4.548889
 O 2.694200 -4.398924 -0.824109
 O -1.230256 2.932844 -1.988437
 O -1.531106 -2.783775 0.860346
 O -0.317583 -4.750955 3.221007
 O 3.532244 -3.842842 -3.579854
 O 5.542076 4.131569 1.527654
 O 4.700654 -3.900031 4.747065
 O -2.119735 -0.901738 -3.494454
 O -1.424140 3.196850 -4.754071
 O 5.076885 1.228910 0.162950
 O 3.626134 1.494105 -3.708136
 O -4.686552 3.947780 -6.514352
 O 4.762975 -5.396799 0.617974
 O 1.249842 -0.467485 -5.865716
 O -2.994421 0.943328 -5.263410
 O 0.361592 -0.997081 1.790717
 O 6.207077 -2.410419 -3.368392
 O 3.993862 -0.940672 -1.141111
 O -0.875339 4.905421 2.749895
 O -4.765336 -0.213003 -2.515502
 O 0.024996 -4.604921 -0.320892
 O 5.638234 3.009324 -8.267514
 O 3.499174 5.346893 4.881462
 O -6.523228 6.217124 -2.919933
 O 0.460878 0.553930 -2.595312
 O -4.761160 -4.554131 -0.809371
 O -2.962358 7.078093 2.508677
 O -2.255217 3.203258 4.638186
 O -3.051931 0.197975 0.286538
 O -1.555850 -0.923139 4.736033
 O 1.544447 2.041056 5.272332
 O -5.394525 1.876438 1.850746
 O 3.391854 4.981979 -1.695011
 O 1.059044 -5.810620 -3.176641
 O -4.736775 4.744655 -3.962469
 O 6.116735 1.589946 7.737690
 O -0.594775 1.639132 1.971023
 O 0.575793 -2.265993 -3.168756
 O -0.207149 -4.058127 -5.458239
 O 6.811143 -5.789574 4.068969
 O 3.482654 -2.827206 1.532829
 O 6.004175 -1.015486 3.011866
 O 1.560516 3.799724 -4.515411
 O 0.111292 -8.337997 0.197802
 O -4.695376 -2.027839 -6.663962
 O -4.639730 2.153980 -0.954870
 O 4.196647 4.247515 -4.971013
 O 1.388983 -0.884344 -0.646595
 O -5.334646 -4.090842 1.753845
 O 1.883185 2.355483 2.069177
 H -6.073188 -1.871687 -0.892710
 H -5.965417 -2.815966 0.286796
 H 2.755047 -1.232360 6.089016
 H 3.761808 -2.208885 5.397034
 H -6.003245 6.916154 -4.602886
 H -5.228753 8.176476 -5.095022
 H 2.863357 4.015227 -0.438085
 H 2.367234 3.050570 -1.495090
 H -4.873975 0.156329 4.833901
 H -4.774962 0.865506 3.519033
 H 0.468837 6.608357 6.081315
 H 1.306628 5.219432 6.433089
 H -3.101430 -6.054196 -3.306966
 H -3.202554 -5.433954 -1.870683
 H 4.826576 1.378745 4.820979
 H 4.610622 -0.197291 5.529261
 H -2.734327 -7.303330 6.386929
 H -1.276387 -6.765128 6.251326
 H 1.472978 -2.106772 3.384867
 H 2.475473 -3.117570 2.959964
 H 1.310786 -5.507510 2.538576
 H 1.310120 -5.207197 0.990992
 H -2.498273 -5.338776 5.450417
 H -2.324108 -4.402430 4.227633
 H -3.765025 -7.805302 -0.428871
 H -3.827477 -6.278322 -0.338323
 H -3.272223 -2.994415 -3.802384
 H -2.471030 -3.609116 -4.985856
 H 2.890248 -4.206917 -1.767421
 H 1.696677 -4.656348 -0.729400
 H -1.402145 3.283669 -2.872403
 H -0.919246 3.484032 -1.226704
 H -2.128141 -2.201419 0.340705
 H -0.901818 -2.082101 1.247144
 H -0.014514 -4.050794 3.798679
 H -1.144552 -4.543303 2.734906
 H 2.729125 -4.450746 -3.627341
 H 3.297975 -2.890431 -3.617772
 H 5.738997 4.944250 1.002846
 H 5.980972 3.381084 1.110933
 H 5.306010 -3.128361 4.826705
 H 4.985199 -4.441059 5.541573
 H -1.171485 -1.133163 -3.394418
 H -2.153542 -0.379678 -4.333264
 H -0.492580 2.891001 -4.883659
 H -1.873343 2.384323 -5.103261
 H 5.866749 1.564261 -0.338183
 H 4.393905 1.939510 0.163542
 H 3.897549 1.443746 -2.783572
 H 3.219481 2.317699 -3.986786
 H -5.378669 4.067944 -7.234142
 H -4.527377 2.992528 -6.368144
 H 4.159403 -5.610336 1.367382
 H 4.121773 -5.451090 -0.130269
 H 0.495782 -0.436580 -6.472905
 H 1.581438 0.445281 -6.020137
 H -3.218152 0.341351 -6.010142
 H -3.805689 0.920139 -4.695494
 H -0.056295 -0.106486 1.922056
 H 0.829031 -0.692900 0.931617
 H 6.203972 -2.055035 -4.263375
 H 5.497968 -3.086237 -3.284155
 H 4.285959 -0.028024 -0.900215
 H 4.391197 -1.486569 -0.434211
 H -1.223889 5.793345 2.999478
 H -1.276173 4.373104 3.477233
 H -3.846939 -0.286156 -2.853784
 H -5.228412 -1.003981 -2.884451
 H -0.374551 -5.467778 -0.080909
 H -0.566364 -3.912534 0.119864
 H 5.329787 3.354971 -9.134837
 H 6.129126 2.162729 -8.302804
 H 2.730959 5.554790 4.308360
 H 3.187250 5.894454 5.623137
 H -5.895860 5.581768 -3.346488
 H -6.286708 6.608818 -2.044814
 H -0.039221 1.406419 -2.382120
 H 1.295504 0.780188 -3.059007
 H -4.476830 -3.635069 -0.959034
 H -5.141484 -4.632777 0.113539
 H -3.166217 6.663098 1.640811
 H -3.564312 6.552938 3.074038
 H -3.213853 3.093609 4.515813
 H -2.101707 3.009988 5.596747
 H -2.469346 0.320127 -0.492196
 H -3.579806 -0.544697 -0.066273
 H -1.385898 -1.144241 3.799370
 H -1.811955 -1.746709 5.196768
 H 1.879015 2.265869 4.357530
 H 2.035169 2.349245 6.054822
 H -6.166567 1.393115 2.243221
 H -5.618166 1.692083 0.919192
 H 3.319882 5.861929 -1.271313
 H 4.163814 5.088421 -2.293257
 H 0.310348 -5.856274 -3.808257
 H 0.820853 -6.460981 -2.493460
 H -4.487984 4.602305 -4.936658
 H -4.565414 4.033246 -3.314668
 H 5.459944 0.865837 7.688568
 H 6.097162 1.958343 6.830450
 H -1.319379 1.683405 1.346848
 H -0.867570 2.381674 2.578871
 H 0.709350 -2.250101 -2.209017
 H 0.518183 -1.326407 -3.448186
 H 0.107141 -3.242496 -5.004365
 H -0.542366 -3.664499 -6.297077
 H 7.159353 -5.563690 4.969711
 H 5.886129 -5.429152 4.010970
 H 4.213759 -3.441107 1.811895
 H 2.979756 -3.485755 0.989544
 H 5.333866 -1.382189 2.402224
 H 5.475023 -0.667649 3.782350
 H 2.506298 4.025621 -4.586947
 H 1.115250 4.537425 -4.029796
 H 1.033579 -8.686491 0.244402
 H -0.368697 -8.212487 1.056294
 H -4.095592 -2.834565 -6.660097
 H -4.692728 -1.766078 -7.610577
 H -4.024971 1.697773 -0.332125
 H -4.924749 1.453987 -1.584591
 H 5.158790 4.143716 -5.024531
 H 3.877156 4.238364 -5.905964
 H 2.365475 -0.827028 -0.863015
 H 1.060508 -0.475312 -1.486726
 H -4.448280 -3.810483 2.068621
 H -5.463853 -4.802046 2.416352
 H 2.717125 2.840787 1.865511
 H 1.751869 1.662948 1.394153
K_POINTS
 1
0.0 0.0 0.0 1.0