
&control
    calculation='scf'
    pseudo_dir = './',
    outdir='./outputs',
    disk_io='high'
/
&system
    ibrav= 1, celldm(1)=20.000000, nat=  192, ntyp= 2,
    ecutwfc = 30.0, nosym=.true., occupations='smearing',
    smearing='m-v', degauss=0.025
/
&electrons
    conv_thr =  1.0d-8,
    mixing_beta = 0.7
/
&ions
    pot_extrapolation='second-order'
    wfc_extrapolation='second-order'
    ion_temperature = 'andersen'
    tempw = 1000

/
ATOMIC_SPECIES
 H  1.01  H.blyp-hgh.UPF
 O  16.0  O.blyp-hgh.UPF
ATOMIC_POSITIONS bohr
 O -6.071905 -1.865422 0.090895
 O 3.727807 -1.413131 6.003778
 O -5.662772 7.347290 -5.439542
 O 2.312476 3.202140 -0.524762
 O -4.550387 1.013769 4.473528
 O 0.473103 5.622508 6.118732
 O -2.562521 -5.729823 -2.551781
 O 4.601010 0.431139 4.742141
 O -2.177377 -6.529372 6.595083
 O 1.781676 -3.011039 3.665935
 O 1.875408 -5.466777 1.747172
 O -2.603876 -4.385220 5.148655
 O -3.337427 -7.051770 0.041851
 O -3.351788 -3.637176 -4.549229
 O 2.695702 -4.396222 -0.823200
 O -1.230130 2.932044 -1.990796
 O -1.531167 -2.782316 0.858878
 O -0.319018 -4.749664 3.219479
 O 3.528749 -3.842786 -3.577986
 O 5.543111 4.131673 1.525843
 O 4.699062 -3.899670 4.748639
 O -2.119198 -0.900806 -3.493932
 O -1.424443 3.194826 -4.754032
 O 5.076801 1.229944 0.160899
 O 3.625131 1.492582 -3.708097
 O -4.685358 3.948432 -6.516698
 O 4.761706 -5.397613 0.617480
 O 1.251553 -0.467723 -5.863718
 O -2.995965 0.945506 -5.262758
 O 0.358974 -0.998524 1.791170
 O 6.208291 -2.410277 -3.368338
 O 3.993320 -0.943238 -1.141286
 O -0.877711 4.906966 2.750034
 O -4.764364 -0.213695 -2.514088
 O 0.024050 -4.606361 -0.317890
 O 5.636311 3.009096 -8.268738
 O 3.495456 5.346437 4.878109
 O -6.524631 6.218471 -2.921054
 O 0.462496 0.553225 -2.597209
 O -4.761617 -4.556193 -0.809358
 O -2.962025 7.081007 2.510167
 O -2.253630 3.203833 4.641481
 O -3.052960 0.199357 0.288927
 O -1.555901 -0.921832 4.733924
 O 1.546741 2.041499 5.272247
 O -5.395020 1.872020 1.851818
 O 3.392257 4.980653 -1.694910
 O 1.057668 -5.811105 -3.175393
 O -4.739907 4.744724 -3.963831
 O 6.119746 1.590400 7.740031
 O -0.594541 1.639800 1.970132
 O 0.576518 -2.266430 -3.167684
 O -0.205986 -4.058839 -5.457152
 O 6.811803 -5.789715 4.068796
 O 3.481100 -2.827702 1.533659
 O 6.004876 -1.012904 3.013546
 O 1.559934 3.797932 -4.514858
 O 0.114102 -8.339239 0.195437
 O -4.695965 -2.031406 -6.663478
 O -4.639880 2.157764 -0.956481
 O 4.196857 4.247552 -4.969620
 O 1.388564 -0.884966 -0.645545
 O -5.335492 -4.089789 1.753765
 O 1.885172 2.356478 2.070479
 H -6.082481 -1.871191 -0.892412
 H -5.963625 -2.817179 0.286937
 H 2.753901 -1.229171 6.089915
 H 3.761697 -2.210237 5.399853
 H -6.006947 6.927072 -4.597707
 H -5.233389 8.179565 -5.094016
 H 2.861328 4.019513 -0.440673
 H 2.368280 3.047663 -1.494775
 H -4.871439 0.154359 4.831974
 H -4.779688 0.868984 3.521814
 H 0.468343 6.607147 6.076965
 H 1.307699 5.215956 6.428455
 H -3.097201 -6.055375 -3.311299
 H -3.205872 -5.425630 -1.874317
 H 4.833665 1.375130 4.811023
 H 4.610461 -0.197752 5.531871
 H -2.736096 -7.303224 6.389966
 H -1.278764 -6.763220 6.250591
 H 1.471982 -2.102850 3.386289
 H 2.469772 -3.124583 2.958298
 H 1.312534 -5.503760 2.537297
 H 1.309040 -5.209134 0.989000
 H -2.494859 -5.338817 5.447176
 H -2.321432 -4.402534 4.225456
 H -3.764022 -7.806411 -0.429993
 H -3.823045 -6.278315 -0.339657
 H -3.276736 -2.994341 -3.801443
 H -2.471754 -3.605069 -4.988856
 H 2.891046 -4.208044 -1.766951
 H 1.703268 -4.665697 -0.720118
 H -1.397611 3.283092 -2.873961
 H -0.919325 3.482549 -1.229675
 H -2.127815 -2.198568 0.340882
 H -0.901992 -2.083412 1.246138
 H -0.013283 -4.053605 3.799708
 H -1.146661 -4.541988 2.735838
 H 2.720968 -4.448283 -3.617259
 H 3.288537 -2.891916 -3.616447
 H 5.741469 4.938746 0.996451
 H 5.982947 3.378916 1.110179
 H 5.306012 -3.128997 4.826227
 H 4.982633 -4.430466 5.551161
 H -1.170625 -1.130164 -3.393373
 H -2.149159 -0.384405 -4.337036
 H -0.495859 2.887052 -4.887126
 H -1.877543 2.383277 -5.098113
 H 5.869495 1.562572 -0.338082
 H 4.395762 1.942164 0.154625
 H 3.896163 1.443510 -2.783591
 H 3.224611 2.321564 -3.986298
 H -5.375231 4.071919 -7.239163
 H -4.526699 2.994795 -6.366985
 H 4.161005 -5.611675 1.369974
 H 4.116427 -5.453519 -0.127194
 H 0.497161 -0.436764 -6.471077
 H 1.585711 0.443997 -6.022332
 H -3.217492 0.348958 -6.013557
 H -3.808527 0.922255 -4.697743
 H -0.052718 -0.104983 1.922863
 H 0.829832 -0.698578 0.933372
 H 6.206707 -2.057866 -4.265329
 H 5.497183 -3.082923 -3.287864
 H 4.286874 -0.032802 -0.898980
 H 4.386427 -1.492459 -0.431621
 H -1.227429 5.791842 2.998374
 H -1.276373 4.379145 3.475657
 H -3.846332 -0.285296 -2.853563
 H -5.228464 -1.004526 -2.882532
 H -0.377451 -5.469033 -0.079127
 H -0.565945 -3.911466 0.118995
 H 5.330573 3.360286 -9.134608
 H 6.128189 2.164472 -8.310800
 H 2.729544 5.552168 4.301614
 H 3.183987 5.897242 5.617543
 H -5.904470 5.575219 -3.341257
 H -6.283110 6.610450 -2.046815
 H -0.040454 1.404205 -2.381432
 H 1.295217 0.781914 -3.061064
 H -4.478285 -3.638456 -0.972773
 H -5.143144 -4.632065 0.111849
 H -3.166082 6.666735 1.641026
 H -3.562484 6.553583 3.072990
 H -3.210995 3.095808 4.517455
 H -2.098128 3.009731 5.598055
 H -2.468456 0.321743 -0.488901
 H -3.581606 -0.540165 -0.071804
 H -1.385189 -1.146258 3.798515
 H -1.801332 -1.747184 5.198536
 H 1.887981 2.260652 4.357140
 H 2.040905 2.351336 6.052014
 H -6.170792 1.392951 2.243845
 H -5.622601 1.694838 0.920700
 H 3.329256 5.860299 -1.267165
 H 4.159982 5.083089 -2.298525
 H 0.310133 -5.857668 -3.806369
 H 0.822429 -6.461385 -2.492152
 H -4.483579 4.603892 -4.932767
 H -4.572243 4.034689 -3.312772
 H 5.463986 0.867957 7.692804
 H 6.093286 1.956474 6.832878
 H -1.316215 1.679725 1.343869
 H -0.868844 2.383438 2.577394
 H 0.712621 -2.250543 -2.208559
 H 0.525401 -1.326009 -3.447314
 H 0.105288 -3.240655 -5.004224
 H -0.552297 -3.668985 -6.293430
 H 7.160055 -5.557377 4.968547
 H 5.885748 -5.434042 4.005870
 H 4.218081 -3.434317 1.811095
 H 2.978196 -3.485373 0.988221
 H 5.329954 -1.377780 2.407087
 H 5.479632 -0.664201 3.787755
 H 2.504818 4.026278 -4.582686
 H 1.111410 4.538076 -4.033368
 H 1.039266 -8.679157 0.243270
 H -0.365289 -8.216514 1.054597
 H -4.090172 -2.833047 -6.664959
 H -4.694702 -1.762291 -7.608270
 H -4.026980 1.696971 -0.333761
 H -4.922711 1.457475 -1.588611
 H 5.158594 4.140629 -5.026379
 H 3.881641 4.245062 -5.906262
 H 2.367142 -0.831126 -0.864113
 H 1.060649 -0.479855 -1.487598
 H -4.448134 -3.806601 2.064081
 H -5.461939 -4.802123 2.415430
 H 2.722357 2.832511 1.864193
 H 1.748801 1.657256 1.402740
K_POINTS
 1
0.0 0.0 0.0 1.0