
&control
    calculation='scf'
    pseudo_dir = './',
    outdir='./outputs',
    disk_io='high'
/
&system
    ibrav= 1, celldm(1)=20.000000, nat=  192, ntyp= 2,
    ecutwfc = 30.0, nosym=.true., occupations='smearing',
    smearing='m-v', degauss=0.025
/
&electrons
    conv_thr =  1.0d-8,
    mixing_beta = 0.7
/
&ions
    pot_extrapolation='second-order'
    wfc_extrapolation='second-order'
    ion_temperature = 'andersen'
    tempw = 1000

/
ATOMIC_SPECIES
 H  1.01  H.blyp-hgh.UPF
 O  16.0  O.blyp-hgh.UPF
ATOMIC_POSITIONS bohr
 O -6.072779 -1.865525 0.090912
 O 3.726947 -1.412323 6.003800
 O -5.662391 7.348206 -5.439385
 O 2.316087 3.202900 -0.524288
 O -4.548370 1.010962 4.474049
 O 0.475267 5.621625 6.117192
 O -2.566246 -5.730761 -2.550931
 O 4.602641 0.427925 4.742275
 O -2.177617 -6.527701 6.597618
 O 1.781773 -3.010994 3.667223
 O 1.875223 -5.466509 1.744645
 O -2.604402 -4.385638 5.147018
 O -3.335045 -7.053319 0.040988
 O -3.350642 -3.635418 -4.549559
 O 2.697168 -4.393556 -0.822281
 O -1.229998 2.931176 -1.993126
 O -1.531232 -2.780826 0.857415
 O -0.320475 -4.748419 3.217938
 O 3.525243 -3.842753 -3.576108
 O 5.544120 4.131806 1.524030
 O 4.697489 -3.899318 4.750245
 O -2.118661 -0.899878 -3.493420
 O -1.424730 3.192769 -4.754018
 O 5.076705 1.230986 0.158824
 O 3.624111 1.491000 -3.708075
 O -4.684173 3.949095 -6.519051
 O 4.760440 -5.398452 0.616999
 O 1.253265 -0.467953 -5.861708
 O -2.997532 0.947672 -5.262108
 O 0.356353 -0.999925 1.791595
 O 6.209515 -2.410139 -3.368264
 O 3.992772 -0.945793 -1.141479
 O -0.880099 4.908510 2.750189
 O -4.763386 -0.214386 -2.512679
 O 0.023100 -4.607817 -0.314873
 O 5.634376 3.008878 -8.269917
 O 3.491712 5.345994 4.874760
 O -6.526096 6.219845 -2.922156
 O 0.464107 0.552543 -2.599124
 O -4.762080 -4.558280 -0.809359
 O -2.961705 7.083908 2.511644
 O -2.252027 3.204406 4.644783
 O -3.053973 0.200729 0.291291
 O -1.555948 -0.920523 4.731828
 O 1.549014 2.041925 5.272152
 O -5.395532 1.867583 1.852912
 O 3.392681 4.979360 -1.694824
 O 1.056294 -5.811606 -3.174164
 O -4.743037 4.744805 -3.965197
 O 6.122783 1.590853 7.742348
 O -0.594324 1.640491 1.969276
 O 0.577231 -2.266865 -3.166649
 O -0.204828 -4.059514 -5.456085
 O 6.812463 -5.789859 4.068617
 O 3.479568 -2.828232 1.534497
 O 6.005581 -1.010331 3.015238
 O 1.559329 3.796133 -4.514302
 O 0.116854 -8.340454 0.193059
 O -4.696536 -2.034987 -6.663011
 O -4.640057 2.161557 -0.958086
 O 4.197044 4.247590 -4.968244
 O 1.388162 -0.885594 -0.644512
 O -5.336325 -4.088732 1.753694
 O 1.887188 2.357488 2.071808
 H -6.091794 -1.870612 -0.892065
 H -5.961886 -2.818384 0.287238
 H 2.752778 -1.225929 6.090824
 H 3.761530 -2.211449 5.402839
 H -6.010617 6.938122 -4.592680
 H -5.237996 8.182423 -5.093103
 H 2.859310 4.023702 -0.443376
 H 2.369240 3.044820 -1.494311
 H -4.868864 0.152518 4.830110
 H -4.784255 0.872550 3.524578
 H 0.468045 6.605861 6.072726
 H 1.308662 5.212570 6.423836
 H -3.092926 -6.056467 -3.315540
 H -3.209145 -5.417335 -1.878113
 H 4.840703 1.371502 4.801222
 H 4.610089 -0.198018 5.534435
 H -2.737812 -7.303115 6.392980
 H -1.281154 -6.761421 6.249986
 H 1.470987 -2.099138 3.387793
 H 2.464053 -3.131654 2.956644
 H 1.314102 -5.499926 2.535966
 H 1.307861 -5.211064 0.987165
 H -2.491456 -5.338778 5.444144
 H -2.318750 -4.402634 4.223175
 H -3.762899 -7.807475 -0.431014
 H -3.818523 -6.278386 -0.340983
 H -3.281202 -2.994377 -3.800669
 H -2.472549 -3.601117 -4.991767
 H 2.891804 -4.209114 -1.766485
 H 1.710185 -4.674800 -0.711011
 H -1.393078 3.282771 -2.875604
 H -0.919321 3.481239 -1.232743
 H -2.127447 -2.195838 0.341087
 H -0.902091 -2.084817 1.245119
 H -0.011921 -4.056112 3.800734
 H -1.148683 -4.540575 2.736825
 H 2.713007 -4.445493 -3.607238
 H 3.278910 -2.893553 -3.615165
 H 5.743871 4.933180 0.990126
 H 5.985090 3.376723 1.109441
 H 5.306051 -3.129712 4.825667
 H 4.979996 -4.419731 5.560613
 H -1.169864 -1.127214 -3.392230
 H -2.144805 -0.389102 -4.340702
 H -0.499139 2.883287 -4.890563
 H -1.881860 2.382243 -5.092791
 H 5.872077 1.560914 -0.338061
 H 4.397690 1.944821 0.145675
 H 3.894753 1.443450 -2.783558
 H 3.229774 2.325633 -3.985643
 H -5.371680 4.075752 -7.244037
 H -4.526116 2.997080 -6.365936
 H 4.162623 -5.613012 1.372509
 H 4.111097 -5.455751 -0.124045
 H 0.498391 -0.437048 -6.469373
 H 1.590017 0.442700 -6.024579
 H -3.216791 0.356657 -6.017009
 H -3.811314 0.924411 -4.700059
 H -0.049221 -0.103492 1.923917
 H 0.830643 -0.704643 0.935177
 H 6.209350 -2.060759 -4.267466
 H 5.496396 -3.079574 -3.291651
 H 4.287862 -0.037655 -0.897658
 H 4.381652 -1.498369 -0.428973
 H -1.230856 5.790327 2.997143
 H -1.276557 4.385073 3.474100
 H -3.845668 -0.284499 -2.853293
 H -5.228556 -1.005036 -2.880528
 H -0.380371 -5.470264 -0.077435
 H -0.565455 -3.910424 0.118063
 H 5.331513 3.365557 -9.134440
 H 6.127357 2.166331 -8.318986
 H 2.728179 5.549401 4.294701
 H 3.180874 5.900124 5.612077
 H -5.912812 5.568622 -3.335855
 H -6.279334 6.611956 -2.049054
 H -0.041628 1.401916 -2.380771
 H 1.294878 0.783742 -3.063129
 H -4.479764 -3.641888 -0.986450
 H -5.144733 -4.631180 0.110180
 H -3.165823 6.670344 1.641202
 H -3.560685 6.554269 3.072050
 H -3.208142 3.097996 4.519077
 H -2.094518 3.009547 5.599173
 H -2.467474 0.323452 -0.485566
 H -3.583599 -0.535625 -0.077226
 H -1.384487 -1.148297 3.797708
 H -1.790720 -1.747659 5.200182
 H 1.896998 2.255413 4.357076
 H 2.046738 2.353610 6.048945
 H -6.174892 1.392801 2.244424
 H -5.626816 1.697551 0.922230
 H 3.338555 5.858705 -1.263108
 H 4.156220 5.077828 -2.303811
 H 0.309879 -5.858935 -3.804454
 H 0.823993 -6.461750 -2.490741
 H -4.479308 4.605313 -4.928579
 H -4.578964 4.036076 -3.311112
 H 5.467983 0.870137 7.697116
 H 6.089398 1.954593 6.835355
 H -1.313241 1.675989 1.340668
 H -0.869930 2.384965 2.575864
 H 0.715919 -2.250980 -2.207939
 H 0.532770 -1.325650 -3.446383
 H 0.103514 -3.238960 -5.003943
 H -0.562263 -3.673639 -6.289743
 H 7.160599 -5.551027 4.967308
 H 5.885536 -5.438965 4.000921
 H 4.222332 -3.427349 1.810235
 H 2.976636 -3.484845 0.986838
 H 5.326102 -1.373349 2.411934
 H 5.484199 -0.660641 3.793016
 H 2.503450 4.027061 -4.578283
 H 1.107736 4.538643 -4.036994
 H 1.044780 -8.671881 0.242227
 H -0.361644 -8.220532 1.052850
 H -4.084879 -2.831363 -6.669756
 H -4.696730 -1.758593 -7.605943
 H -4.028985 1.696122 -0.335461
 H -4.920553 1.460910 -1.592679
 H 5.158476 4.137512 -5.028187
 H 3.886277 4.251793 -5.906576
 H 2.368875 -0.835383 -0.865021
 H 1.060581 -0.484232 -1.488306
 H -4.447983 -3.802663 2.059458
 H -5.460151 -4.802279 2.414569
 H 2.727453 2.824086 1.862833
 H 1.745782 1.651667 1.411348
K_POINTS
 1
0.0 0.0 0.0 1.0