
&control
    calculation='scf'
    pseudo_dir = './',
    outdir='./outputs',
    disk_io='high'
/
&system
    ibrav= 1, celldm(1)=20.000000, nat=  192, ntyp= 2,
    ecutwfc = 30.0, nosym=.true., occupations='smearing',
    smearing='m-v', degauss=0.025
/
&electrons
    conv_thr =  1.0d-8,
    mixing_beta = 0.7
/
&ions
    pot_extrapolation='second-order'
    wfc_extrapolation='second-order'
    ion_temperature = 'andersen'
    tempw = 1000

/
ATOMIC_SPECIES
 H  1.01  H.blyp-hgh.UPF
 O  16.0  O.blyp-hgh.UPF
ATOMIC_POSITIONS bohr
 O -6.077797 -1.866400 0.090500
 O 3.721740 -1.408663 6.004115
 O -5.660436 7.354081 -5.437887
 O 2.338423 3.206454 -0.521429
 O -4.536693 0.993794 4.477086
 O 0.487793 5.616535 6.107485
 O -2.588495 -5.736520 -2.545834
 O 4.612747 0.408714 4.742623
 O -2.179385 -6.517750 6.612441
 O 1.781997 -3.009528 3.675028
 O 1.875133 -5.465278 1.729295
 O -2.607651 -4.387803 5.137088
 O -3.321374 -7.062487 0.035721
 O -3.343823 -3.624384 -4.551370
 O 2.705307 -4.378336 -0.816455
 O -1.229104 2.924475 -2.006448
 O -1.531742 -2.771334 0.848701
 O -0.329603 -4.741941 3.208484
 O 3.503801 -3.843048 -3.564607
 O 5.549710 4.132909 1.513055
 O 4.688488 -3.897374 4.760643
 O -2.115396 -0.894354 -3.490650
 O -1.426212 3.179816 -4.754394
 O 5.075867 1.237381 0.145878
 O 3.617495 1.480532 -3.708346
 O -4.677281 3.953428 -6.533366
 O 4.752861 -5.404064 0.614445
 O 1.263524 -0.469116 -5.849429
 O -3.007339 0.960469 -5.258278
 O 0.340562 -1.007451 1.793628
 O 6.217085 -2.409306 -3.367526
 O 3.989392 -0.961134 -1.142882
 O -0.894539 4.917748 2.751137
 O -4.757391 -0.218478 -2.504290
 O 0.017370 -4.616971 -0.296537
 O 5.622490 3.007785 -8.276105
 O 3.468740 5.343594 4.854797
 O -6.536196 6.228735 -2.928327
 O 0.473529 0.548930 -2.610956
 O -4.764872 -4.571290 -0.809843
 O -2.960017 7.101072 2.520086
 O -2.241950 3.207855 4.664601
 O -3.059781 0.208662 0.304821
 O -1.556170 -0.912707 4.719620
 O 1.562277 2.044172 5.271300
 O -5.398997 1.840607 1.860029
 O 3.395650 4.972399 -1.694589
 O 1.048218 -5.814890 -3.167155
 O -4.761848 4.745508 -3.973172
 O 6.141629 1.593654 7.755809
 O -0.593325 1.645097 1.964892
 O 0.581305 -2.269361 -3.161212
 O -0.197979 -4.062798 -5.450088
 O 6.816491 -5.790852 4.067436
 O 3.470791 -2.832026 1.539632
 O 6.009838 -0.995061 3.025638
 O 1.555182 3.785270 -4.510873
 O 0.132153 -8.347144 0.178567
 O -4.699595 -2.056695 -6.660593
 O -4.641654 2.184373 -0.967610
 O 4.197742 4.247830 -4.960441
 O 1.386214 -0.889510 -0.638676
 O -5.341056 -4.082275 1.753397
 O 1.899777 2.363753 2.080373
 H -6.147974 -1.865570 -0.888995
 H -5.952628 -2.824442 0.292069
 H 2.746936 -1.205714 6.096369
 H 3.759273 -2.215912 5.423921
 H -6.031914 7.006234 -4.566292
 H -5.264519 8.195227 -5.090089
 H 2.847811 4.046769 -0.462123
 H 2.373242 3.029225 -1.488176
 H -4.852987 0.143025 4.820694
 H -4.808377 0.895485 3.539865
 H 0.470750 6.596695 6.049715
 H 1.312894 5.194150 6.396626
 H -3.066904 -6.061002 -3.338865
 H -3.228443 -5.368365 -1.904397
 H 4.881704 1.349279 4.746023
 H 4.603572 -0.195633 5.548933
 H -2.746262 -7.301356 6.410742
 H -1.295223 -6.753128 6.248997
 H 1.465987 -2.083152 3.398759
 H 2.429685 -3.174862 2.946716
 H 1.319662 -5.475272 2.526890
 H 1.298284 -5.222323 0.979218
 H -2.471486 -5.336968 5.430520
 H -2.302911 -4.402982 4.208416
 H -3.753614 -7.812797 -0.435036
 H -3.789468 -6.280609 -0.348815
 H -3.306491 -2.996472 -3.799332
 H -2.478482 -3.579124 -5.007111
 H 2.895216 -4.214418 -1.763980
 H 1.757905 -4.723854 -0.660838
 H -1.366030 3.286382 -2.887886
 H -0.917393 3.477088 -1.252901
 H -2.124618 -2.181754 0.342736
 H -0.900678 -2.094499 1.239117
 H -0.001152 -4.064699 3.806729
 H -1.159387 -4.529801 2.743630
 H 2.670082 -4.422199 -3.548721
 H 3.217714 -2.906212 -3.608254
 H 5.756945 4.899822 0.953092
 H 6.000643 3.364021 1.106152
 H 5.306974 -3.135340 4.820161
 H 4.962524 -4.352982 5.614039
 H -1.167036 -1.110738 -3.383002
 H -2.119749 -0.416690 -4.360056
 H -0.517665 2.864160 -4.910744
 H -1.910443 2.375901 -5.057492
 H 5.884179 1.551492 -0.339783
 H 4.410505 1.960910 0.091379
 H 3.886018 1.446551 -2.782120
 H 3.262209 2.352691 -3.978041
 H -5.347765 4.095418 -7.269767
 H -4.524744 3.010340 -6.362069
 H 4.173002 -5.620812 1.386284
 H 4.079578 -5.464730 -0.103768
 H 0.503119 -0.440864 -6.461355
 H 1.616324 0.434533 -6.039052
 H -3.211884 0.404503 -6.038729
 H -3.827374 0.938055 -4.715112
 H -0.029965 -0.094992 1.935217
 H 0.835670 -0.748713 0.946679
 H 6.223630 -2.079401 -4.283332
 H 5.491055 -3.059298 -3.315518
 H 4.295527 -0.067502 -0.887698
 H 4.352292 -1.533321 -0.412945
 H -1.249551 5.783011 2.987276
 H -1.278361 4.416227 3.467383
 H -3.840541 -0.281131 -2.850732
 H -5.229812 -1.007269 -2.866782
 H -0.398403 -5.476822 -0.069096
 H -0.561372 -3.904710 0.111459
 H 5.340255 3.396296 -9.134730
 H 6.124968 2.179745 -8.371845
 H 2.720928 5.529832 4.250020
 H 3.165168 5.919350 5.581582
 H -5.956971 5.528063 -3.300737
 H -6.253256 6.618323 -2.067300
 H -0.047171 1.386439 -2.377536
 H 1.292330 0.797031 -3.075963
 H -4.489651 -3.663993 -1.066544
 H -5.152979 -4.621903 0.101253
 H -3.161469 6.691709 1.641901
 H -3.550965 6.558931 3.069203
 H -3.191894 3.110766 4.528565
 H -2.072258 3.009705 5.603118
 H -2.459662 0.335768 -0.464406
 H -3.599350 -0.507805 -0.107021
 H -1.380306 -1.160929 3.793560
 H -1.727209 -1.750017 5.207338
 H 1.951625 2.223408 4.363687
 H 2.083672 2.370810 6.025425
 H -6.196610 1.392111 2.246776
 H -5.647572 1.712754 0.931362
 H 3.393017 5.849195 -1.241202
 H 4.135159 5.047949 -2.335867
 H 0.306858 -5.863947 -3.792878
 H 0.832991 -6.463402 -2.479927
 H -4.456132 4.610109 -4.899040
 H -4.616711 4.043331 -3.306413
 H 5.490048 0.883173 7.724897
 H 6.066108 1.943575 6.850671
 H -1.299532 1.652603 1.316865
 H -0.872660 2.389024 2.565327
 H 0.736221 -2.253627 -2.200927
 H 0.579947 -1.324627 -3.439575
 H 0.094350 -3.232167 -4.999770
 H -0.622590 -3.705025 -6.266602
 H 7.160213 -5.512319 4.958014
 H 5.887426 -5.468937 3.974765
 H 4.246229 -3.382514 1.803698
 H 2.967943 -3.478719 0.977663
 H 5.304533 -1.346163 2.440925
 H 5.510718 -0.637164 3.821251
 H 2.497637 4.034300 -4.549154
 H 1.089336 4.539777 -4.060112
 H 1.074243 -8.629798 0.237760
 H -0.334991 -8.244261 1.041370
 H -4.055715 -2.818238 -6.697139
 H -4.709989 -1.738452 -7.591453
 H -4.041132 1.690539 -0.347142
 H -4.905133 1.481039 -1.617712
 H 5.159388 4.118262 -5.037777
 H 3.916574 4.292811 -5.908566
 H 2.379506 -0.864072 -0.866290
 H 1.055872 -0.506833 -1.489137
 H -4.447383 -3.778102 2.030160
 H -5.451791 -4.804653 2.410704
 H 2.755925 2.770850 1.853553
 H 1.728796 1.620632 1.463637
K_POINTS
 1
0.0 0.0 0.0 1.0