
&control
    calculation='scf'
    pseudo_dir = './',
    outdir='./outputs',
    disk_io='high'
/
&system
    ibrav= 1, celldm(1)=20.000000, nat=  192, ntyp= 2,
    ecutwfc = 30.0, nosym=.true., occupations='smearing',
    smearing='m-v', degauss=0.025
/
&electrons
    conv_thr =  1.0d-8,
    mixing_beta = 0.7
/
&ions
    pot_extrapolation='second-order'
    wfc_extrapolation='second-order'
    ion_temperature = 'andersen'
    tempw = 1000

/
ATOMIC_SPECIES
 H  1.01  H.blyp-hgh.UPF
 O  16.0  O.blyp-hgh.UPF
ATOMIC_POSITIONS bohr
 O -6.084597 -1.868962 0.088582
 O 3.713591 -1.406269 6.005798
 O -5.659113 7.364041 -5.433175
 O 2.373896 3.208241 -0.516688
 O -4.520030 0.968262 4.481503
 O 0.504217 5.609370 6.091248
 O -2.620745 -5.745640 -2.538155
 O 4.628863 0.380710 4.741353
 O -2.183701 -6.503578 6.633386
 O 1.780673 -3.003190 3.687103
 O 1.878186 -5.464691 1.706223
 O -2.612348 -4.389927 5.121063
 O -3.302603 -7.075774 0.027849
 O -3.334561 -3.607046 -4.554012
 O 2.716394 -4.357840 -0.806314
 O -1.227555 2.909881 -2.024547
 O -1.533035 -2.756174 0.835791
 O -0.343628 -4.734938 3.194412
 O 3.469672 -3.844811 -3.546588
 O 5.557138 4.133820 1.496225
 O 4.676552 -3.894738 4.779157
 O -2.110389 -0.886051 -3.487856
 O -1.428455 3.159170 -4.756147
 O 5.073837 1.247463 0.124893
 O 3.605440 1.463411 -3.710108
 O -4.667491 3.961740 -6.555325
 O 4.741460 -5.414409 0.611918
 O 1.278398 -0.469902 -5.830929
 O -3.022808 0.979303 -5.252862
 O 0.316635 -1.016029 1.795732
 O 6.229229 -2.407682 -3.366741
 O 3.984254 -0.985465 -1.144994
 O -0.915359 4.931268 2.751038
 O -4.747912 -0.224263 -2.491799
 O 0.009133 -4.632294 -0.268630
 O 5.603626 3.006815 -8.282996
 O 3.432890 5.340837 4.825507
 O -6.555038 6.243861 -2.936425
 O 0.486450 0.544830 -2.629438
 O -4.768619 -4.591994 -0.813073
 O -2.958157 7.125958 2.530803
 O -2.224968 3.213420 4.692986
 O -3.067934 0.219203 0.322366
 O -1.556381 -0.901618 4.702840
 O 1.581531 2.046734 5.269062
 O -5.405359 1.799353 1.872773
 O 3.401551 4.965130 -1.695133
 O 1.037205 -5.820498 -3.157516
 O -4.790853 4.747273 -3.982550
 O 6.172270 1.598540 7.774745
 O -0.592847 1.652896 1.959938
 O 0.586966 -2.272564 -3.154964
 O -0.188186 -4.065365 -5.442373
 O 6.823361 -5.792922 4.065284
 O 3.458452 -2.838821 1.547427
 O 6.016191 -0.972774 3.041981
 O 1.547703 3.769122 -4.505347
 O 0.151486 -8.355287 0.155955
 O -4.703362 -2.089391 -6.658292
 O -4.645589 2.217821 -0.981647
 O 4.198225 4.248178 -4.950635
 O 1.385499 -0.896104 -0.631189
 O -5.347295 -4.072340 1.753313
 O 1.919505 2.373111 2.095070
 H -6.232290 -1.854614 -0.881383
 H -5.942968 -2.824787 0.306523
 H 2.742968 -1.175452 6.104405
 H 3.751447 -2.217275 5.461770
 H -6.061616 7.107321 -4.541326
 H -5.296199 8.206373 -5.095686
 H 2.834427 4.074824 -0.498571
 H 2.373803 3.010546 -1.469880
 H -4.830726 0.125674 4.814703
 H -4.834185 0.932793 3.554766
 H 0.490853 6.580511 6.023186
 H 1.319417 5.171753 6.358453
 H -3.030068 -6.060339 -3.366894
 H -3.259669 -5.298293 -1.955243
 H 4.937859 1.312469 4.676911
 H 4.581331 -0.181097 5.569032
 H -2.750351 -7.290734 6.437018
 H -1.312281 -6.749462 6.255333
 H 1.465148 -2.085172 3.421072
 H 2.378484 -3.239230 2.931364
 H 1.316888 -5.433684 2.508809
 H 1.273746 -5.237172 0.974976
 H -2.444336 -5.329745 5.425298
 H -2.282508 -4.402192 4.189946
 H -3.732591 -7.818634 -0.435758
 H -3.740562 -6.289228 -0.361435
 H -3.336604 -3.001051 -3.804181
 H -2.487933 -3.549957 -5.022683
 H 2.895348 -4.219780 -1.761311
 H 1.842558 -4.779197 -0.603562
 H -1.325853 3.307686 -2.913220
 H -0.907905 3.482141 -1.287551
 H -2.120879 -2.165174 0.344621
 H -0.889944 -2.108756 1.232668
 H 0.020752 -4.060995 3.811066
 H -1.174149 -4.504938 2.754445
 H 2.622284 -4.371921 -3.468279
 H 3.119000 -2.931076 -3.600008
 H 5.773395 4.857907 0.896936
 H 6.027686 3.352210 1.109510
 H 5.310603 -3.145716 4.802426
 H 4.930225 -4.250033 5.681935
 H -1.165621 -1.091024 -3.359961
 H -2.087952 -0.456152 -4.378975
 H -0.535115 2.843254 -4.941015
 H -1.961942 2.363996 -4.995210
 H 5.892807 1.538303 -0.349478
 H 4.432017 1.985654 0.008777
 H 3.873025 1.460237 -2.776463
 H 3.319407 2.390300 -3.954559
 H -5.304639 4.113268 -7.297171
 H -4.529802 3.024393 -6.364631
 H 4.191932 -5.631252 1.401912
 H 4.033997 -5.462742 -0.070272
 H 0.506705 -0.453024 -6.452321
 H 1.655527 0.420300 -6.063084
 H -3.203273 0.480452 -6.075434
 H -3.852616 0.959827 -4.739594
 H -0.005887 -0.085589 1.965412
 H 0.843671 -0.835382 0.963177
 H 6.242397 -2.111738 -4.309886
 H 5.478397 -3.030873 -3.351709
 H 4.313520 -0.109834 -0.865367
 H 4.302966 -1.578994 -0.394769
 H -1.275130 5.788955 2.965894
 H -1.288126 4.439339 3.476692
 H -3.830166 -0.281156 -2.844436
 H -5.233296 -1.007970 -2.841368
 H -0.428062 -5.482967 -0.061797
 H -0.554242 -3.897597 0.100233
 H 5.362371 3.440001 -9.138404
 H 6.131224 2.207009 -8.461148
 H 2.712760 5.491869 4.175661
 H 3.149899 5.953174 5.538935
 H -6.006994 5.468356 -3.243036
 H -6.204893 6.620878 -2.106060
 H -0.050191 1.358139 -2.375782
 H 1.289857 0.825338 -3.098049
 H -4.510972 -3.706103 -1.175948
 H -5.162263 -4.593713 0.094525
 H -3.145382 6.724200 1.644188
 H -3.541390 6.566568 3.075433
 H -3.173361 3.128208 4.543377
 H -2.036825 3.011842 5.609975
 H -2.442390 0.360784 -0.427298
 H -3.632396 -0.461081 -0.140288
 H -1.373445 -1.180489 3.787521
 H -1.632467 -1.748511 5.208467
 H 2.032246 2.173405 4.393367
 H 2.143973 2.406238 5.977062
 H -6.220291 1.389977 2.246370
 H -5.664925 1.731133 0.942266
 H 3.471766 5.831115 -1.219306
 H 4.107351 5.009613 -2.383404
 H 0.294047 -5.863743 -3.777462
 H 0.844414 -6.464834 -2.456327
 H -4.425411 4.604078 -4.854580
 H -4.663243 4.050289 -3.316085
 H 5.512525 0.896456 7.774735
 H 6.032667 1.930680 6.871919
 H -1.288222 1.616023 1.271997
 H -0.867551 2.381988 2.546347
 H 0.767404 -2.258418 -2.184013
 H 0.658659 -1.327834 -3.425857
 H 0.084422 -3.233353 -4.987988
 H -0.713192 -3.762254 -6.226979
 H 7.147125 -5.453209 4.937535
 H 5.896177 -5.513360 3.948130
 H 4.277636 -3.310802 1.789072
 H 2.960649 -3.461798 0.962747
 H 5.278462 -1.302903 2.485113
 H 5.547075 -0.596471 3.851775
 H 2.493947 4.051508 -4.498579
 H 1.072409 4.533223 -4.099071
 H 1.106883 -8.573491 0.235907
 H -0.282899 -8.277165 1.023580
 H -4.018441 -2.793088 -6.733616
 H -4.733236 -1.715735 -7.567549
 H -4.060610 1.683948 -0.369903
 H -4.874773 1.513676 -1.654913
 H 5.163761 4.088240 -5.045331
 H 3.965861 4.356014 -5.910301
 H 2.389694 -0.915292 -0.854708
 H 1.036525 -0.527977 -1.479690
 H -4.449580 -3.740123 1.982715
 H -5.444657 -4.809991 2.408093
 H 2.797178 2.685420 1.834863
 H 1.707309 1.584326 1.545393
K_POINTS
 1
0.0 0.0 0.0 1.0