
&control
    calculation='scf'
    pseudo_dir = './',
    outdir='./outputs',
    disk_io='high'
/
&system
    ibrav= 1, celldm(1)=20.000000, nat=  192, ntyp= 2,
    ecutwfc = 30.0, nosym=.true., occupations='smearing',
    smearing='m-v', degauss=0.025
/
&electrons
    conv_thr =  1.0d-8,
    mixing_beta = 0.7
/
&ions
    pot_extrapolation='second-order'
    wfc_extrapolation='second-order'
    ion_temperature = 'andersen'
    tempw = 1000

/
ATOMIC_SPECIES
 H  1.01  H.blyp-hgh.UPF
 O  16.0  O.blyp-hgh.UPF
ATOMIC_POSITIONS bohr
 O -5.239718 -1.545783 -1.191481
 O 3.996166 -2.211920 5.402511
 O -5.718193 5.220959 -5.569257
 O -0.157502 3.551673 -1.584219
 O -4.725836 0.696312 3.831900
 O -0.242212 5.421582 5.177348
 O -0.132381 -5.365539 -3.403094
 O 2.270069 0.346514 3.702557
 O -2.859881 -5.302063 5.615423
 O 1.858925 -3.047524 1.605255
 O 2.500075 -6.063667 2.905148
 O -4.241390 -3.056850 4.338628
 O -4.418052 -5.972266 0.713530
 O -3.553644 -5.678051 -3.616977
 O 2.032535 -2.742380 -2.093622
 O -1.746646 2.530908 1.494047
 O -1.019836 -1.381075 1.648870
 O 0.265224 -4.236265 3.630222
 O 5.447573 -4.102540 -4.938014
 O 5.647455 4.791339 2.181150
 O 6.040902 -2.949992 3.256042
 O -3.224891 -3.039985 -3.800820
 O -0.918826 2.569010 -4.933792
 O 3.863232 2.347376 2.824540
 O 2.317647 1.277423 -3.116166
 O -4.928883 2.873680 -6.118286
 O 4.423287 -5.935029 -1.257081
 O 1.937570 -1.327595 -4.576866
 O -2.022420 0.270764 -4.828930
 O 0.834694 -0.317596 0.615899
 O 4.795901 -1.770142 -3.814175
 O 5.175126 0.053592 -0.001792
 O -0.360901 4.440561 1.812713
 O -5.325011 0.721845 -3.988469
 O 0.737281 -3.790484 -0.336690
 O 4.635665 3.393035 -4.258035
 O 3.580995 5.493276 5.801639
 O -5.055475 3.586065 -1.717915
 O -0.425763 1.042114 -1.559953
 O -2.954651 -3.278138 -1.203258
 O -2.592042 5.442998 3.403421
 O -1.487553 2.789413 3.742213
 O -2.646712 -0.199074 -0.653255
 O -1.513942 -2.229378 4.935342
 O 0.781397 1.754792 4.839337
 O -4.851213 3.434806 1.459886
 O 2.761035 3.879242 -0.525547
 O 2.668922 -5.941045 -3.535233
 O -2.683159 4.606929 -2.311543
 O 5.725680 0.503830 5.252487
 O -3.174013 0.149556 1.961423
 O -0.626413 -2.455934 -2.239752
 O 0.027759 -3.188690 -5.510281
 O 5.660165 -5.980272 4.471006
 O 5.188933 -2.953932 -0.233516
 O 4.727341 -0.694611 2.392553
 O 1.025467 4.300005 -4.387622
 O -0.565678 -5.728469 0.467966
 O -5.592134 -1.326285 -5.808652
 O -4.628029 1.506647 -0.961805
 O 5.236107 1.724952 -2.851873
 O 2.676139 -0.254113 -0.917622
 O -5.310574 -1.164957 1.174386
 O 1.494387 2.757526 1.415371
 H -4.728611 -1.802742 -0.404286
 H -4.573059 -1.509143 -1.896939
 H 3.496693 -3.000727 5.673757
 H 3.311104 -1.574079 5.115153
 H -6.206200 4.830345 -4.818719
 H -5.996357 4.666277 -6.322257
 H 0.341244 3.282575 -0.777148
 H 0.415454 4.205395 -2.023454
 H -5.429581 0.019967 3.789715
 H -5.124093 1.381823 4.404916
 H 0.213635 6.286737 5.153115
 H -0.227707 5.153029 6.118642
 H -0.362900 -5.660104 -2.505152
 H -0.749220 -5.862601 -3.968274
 H 2.404949 1.203432 3.234297
 H 1.391451 0.053462 3.402298
 H -3.503671 -5.614086 6.285595
 H -2.003127 -5.320447 6.082055
 H 1.935819 -2.064205 1.619421
 H 2.768369 -3.382580 1.655174
 H 3.293607 -6.194291 2.352468
 H 1.824284 -6.649144 2.503480
 H -3.644033 -3.512268 3.720137
 H -4.249774 -2.131254 4.029097
 H -3.476725 -6.155183 0.538641
 H -4.556949 -5.074819 0.343008
 H -4.465106 -5.643921 -3.276705
 H -3.505819 -6.547963 -4.051899
 H 2.155412 -1.768282 -2.034660
 H 2.472922 -3.086002 -1.297647
 H -1.601265 3.133528 0.749059
 H -1.364216 1.678409 1.200051
 H -0.387441 -1.947674 1.172839
 H -0.921681 -1.630998 2.589712
 H 0.880309 -3.556864 3.957975
 H -0.354442 -3.728045 3.074549
 H 5.900174 -4.714783 -5.550459
 H 6.167143 -3.665660 -4.449787
 H 5.451977 5.608808 2.694224
 H 5.935319 5.100771 1.303726
 H 5.319898 -2.683060 2.653498
 H 6.580648 -3.581138 2.752853
 H -2.399145 -2.834878 -4.279671
 H -3.935998 -2.953088 -4.459159
 H -0.511148 2.978038 -4.143780
 H -0.615670 1.637824 -4.907681
 H 4.677124 2.476394 3.348881
 H 3.429624 3.220474 2.833295
 H 2.900989 1.062895 -3.870335
 H 2.170348 2.240330 -3.169213
 H -4.989971 2.501378 -5.213256
 H -3.984681 3.094745 -6.234937
 H 4.219188 -5.034111 -1.587580
 H 5.383262 -5.911043 -1.093218
 H 2.755792 -1.094617 -5.063210
 H 1.207027 -0.999305 -5.135009
 H -2.143491 -0.466922 -5.450919
 H -2.864087 0.760917 -4.864823
 H 1.338395 0.496718 0.772192
 H 1.136545 -0.582428 -0.269677
 H 4.011848 -2.202194 -3.405611
 H 5.436589 -1.710141 -3.075230
 H 5.098329 1.019300 -0.082063
 H 5.944249 -0.196789 -0.593646
 H -0.561727 4.071153 2.711460
 H -0.317751 5.404369 1.932933
 H -4.712710 1.201902 -3.398291
 H -5.997457 0.383892 -3.356698
 H 0.751099 -4.699565 -0.660873
 H 0.690984 -3.894814 0.627070
 H 3.719364 3.631655 -4.046116
 H 4.566331 2.803971 -5.031646
 H 3.192611 4.889988 5.139413
 H 2.865806 6.133148 5.963697
 H -5.859154 3.901651 -1.267415
 H -4.815799 4.300531 -2.341957
 H -0.002494 0.378489 -2.132392
 H -1.299434 1.167715 -1.967013
 H -3.142209 -3.320651 -2.179439
 H -2.802042 -4.201355 -0.955569
 H -3.198317 5.880536 2.777638
 H -2.459670 6.103606 4.124890
 H -1.572513 1.823356 3.808573
 H -2.380477 3.099454 3.519733
 H -2.381934 -1.057648 -0.282711
 H -2.800060 0.345047 0.143670
 H -2.370051 -2.103410 5.381865
 H -1.330798 -3.181324 5.068254
 H 1.639731 1.734047 5.290656
 H 0.164889 2.193651 5.466801
 H -5.361861 3.367679 2.285502
 H -3.927204 3.216119 1.712974
 H 3.368308 4.554862 -0.159494
 H 2.813689 4.032430 -1.483845
 H 3.588584 -6.037649 -3.860790
 H 2.271285 -5.271413 -4.122200
 H -2.565326 3.892564 -2.967073
 H -2.137137 4.293748 -1.558324
 H 5.954034 0.239047 6.175009
 H 4.756256 0.456959 5.218025
 H -2.938756 -0.651121 2.450639
 H -3.622664 0.717676 2.628229
 H -0.109493 -3.269656 -2.333880
 H -0.224063 -2.042145 -1.463438
 H 0.432902 -3.499148 -4.672027
 H 0.760282 -3.192921 -6.147768
 H 4.979828 -5.474059 4.947139
 H 6.495299 -5.743914 4.911175
 H 5.657611 -3.581856 0.341515
 H 4.574431 -2.503059 0.371266
 H 4.209254 -0.544066 1.581451
 H 4.359055 -0.045782 3.019617
 H 1.445906 3.702723 -5.033595
 H 1.760159 4.884559 -4.047634
 H -0.891290 -6.355134 -0.206863
 H -1.356299 -5.236825 0.752695
 H -5.382093 -2.037991 -6.446874
 H -4.733843 -0.992661 -5.487988
 H -3.862715 2.093191 -1.042581
 H -4.829042 1.535450 -0.007918
 H 5.778600 2.535760 -2.884114
 H 4.401594 2.009939 -2.447482
 H 3.474029 -0.691491 -0.555376
 H 3.037037 0.408451 -1.539864
 H -5.927528 -0.573181 1.655791
 H -4.862065 -1.657491 1.873932
 H 1.474294 3.727170 1.528996
 H 2.308247 2.580025 0.909752
K_POINTS
 1
0.0 0.0 0.0 1.0