
&control
    calculation='scf'
    pseudo_dir = './',
    outdir='./outputs',
    disk_io='high'
/
&system
    ibrav= 1, celldm(1)=20.000000, nat=  192, ntyp= 2,
    ecutwfc = 30.0, nosym=.true., occupations='smearing',
    smearing='m-v', degauss=0.025
/
&electrons
    conv_thr =  1.0d-8,
    mixing_beta = 0.7
/
&ions
    pot_extrapolation='second-order'
    wfc_extrapolation='second-order'
    ion_temperature = 'andersen'
    tempw = 1000

/
ATOMIC_SPECIES
 H  1.01  H.blyp-hgh.UPF
 O  16.0  O.blyp-hgh.UPF
ATOMIC_POSITIONS bohr
 O -5.264126 -1.482999 -1.636712
 O 3.875540 -2.060619 5.388571
 O -5.747192 5.497206 -5.430494
 O -0.159352 3.850531 -1.469842
 O -4.737470 0.776243 3.942196
 O -0.226446 5.488040 5.248566
 O -0.138210 -5.411723 -3.391411
 O 2.476591 0.100918 3.586751
 O -2.854957 -5.303680 5.674957
 O 2.018384 -2.804309 1.982259
 O 2.574644 -6.120118 2.902509
 O -4.024947 -2.987147 4.516675
 O -4.438170 -5.824125 0.716715
 O -3.616223 -5.716088 -3.808975
 O 2.432310 -2.790689 -2.328619
 O -2.021539 2.433588 0.930675
 O -1.212567 -1.803055 1.923693
 O 0.226399 -4.183569 3.777323
 O 5.375529 -4.368514 -4.987790
 O 5.414840 4.997473 2.224197
 O 5.870588 -3.004110 3.262986
 O -3.235783 -2.850161 -3.878620
 O -0.889153 2.677417 -4.945371
 O 3.941048 2.365730 2.917777
 O 2.333799 1.412754 -3.129172
 O -4.821548 2.635507 -6.262978
 O 4.500946 -5.993233 -1.237881
 O 2.020340 -1.261914 -4.665383
 O -2.062386 0.119523 -4.838248
 O 0.944817 -0.332939 0.822056
 O 4.741243 -1.736630 -3.613259
 O 5.236576 0.135038 -0.178231
 O -0.154754 4.639296 1.990577
 O -4.934762 0.743820 -4.031405
 O 0.747997 -3.828327 -0.395098
 O 4.528673 3.825015 -4.519402
 O 3.366926 5.444409 5.854425
 O -5.325937 4.030199 -1.989965
 O -0.400365 0.967480 -1.774376
 O -3.115089 -3.560342 -0.965259
 O -2.694236 5.497156 3.286579
 O -1.590525 2.808784 4.234061
 O -2.572172 -0.359386 -0.734378
 O -1.540032 -2.100885 4.830566
 O 0.625992 1.890094 5.009914
 O -4.663130 3.278918 1.362621
 O 2.958553 4.012370 -0.679414
 O 2.710189 -5.994807 -3.680982
 O -2.505912 4.471897 -2.328853
 O 5.327575 0.627231 5.425626
 O -2.943023 0.306342 1.967989
 O -0.694588 -2.334206 -2.489894
 O 0.035742 -3.388741 -5.464422
 O 5.779556 -5.935599 4.259237
 O 4.933270 -3.186586 -0.128315
 O 4.614276 -0.731464 2.456006
 O 1.244461 4.337229 -4.315474
 O -0.756045 -5.866725 0.417189
 O -5.493823 -1.513690 -5.734402
 O -4.659144 1.274076 -0.802710
 O 5.157533 1.442494 -2.363392
 O 2.867630 -0.302194 -1.198174
 O -5.268238 -1.325371 1.344685
 O 1.593846 2.518187 1.447204
 H -5.356179 -1.570355 -0.654197
 H -4.569219 -0.788098 -1.715594
 H 3.813640 -2.865411 5.940268
 H 3.230802 -2.234147 4.673210
 H -6.535965 5.025055 -5.064415
 H -5.360261 4.791672 -5.980794
 H 0.109958 2.895614 -1.458782
 H 0.537879 4.391445 -1.868050
 H -5.730039 0.757725 3.969653
 H -4.551113 1.398172 4.686110
 H 0.163191 6.350586 5.007041
 H 0.178154 5.194683 6.076097
 H -0.510398 -5.397043 -2.492919
 H -0.957663 -5.509750 -3.915847
 H 2.884567 0.990508 3.465413
 H 1.539684 0.262363 3.792521
 H -3.347052 -5.365821 6.519795
 H -1.936379 -5.537448 5.911224
 H 1.997519 -1.994769 1.436553
 H 2.929128 -3.143919 2.029495
 H 3.255973 -6.563902 2.364203
 H 1.718114 -6.460695 2.588818
 H -3.272778 -3.526877 4.193496
 H -4.677967 -3.027603 3.740019
 H -4.183295 -6.683516 0.325952
 H -4.017713 -5.130643 0.168887
 H -4.378554 -5.171719 -3.547401
 H -3.792105 -6.590185 -3.404783
 H 2.537505 -1.834679 -2.139641
 H 1.663674 -3.157450 -1.843966
 H -1.115294 2.758434 1.050736
 H -2.088817 1.455529 0.989105
 H -0.822795 -0.998275 1.568943
 H -0.999671 -1.791004 2.887754
 H 0.920648 -4.385195 3.105513
 H -0.528456 -4.036483 3.177042
 H 6.278342 -4.665231 -4.770128
 H 5.411992 -3.390333 -4.999399
 H 5.550481 5.254880 3.156490
 H 6.232613 4.960962 1.708272
 H 5.484250 -2.214394 2.822843
 H 5.829779 -3.744179 2.625099
 H -2.296043 -2.667952 -4.046879
 H -3.681587 -2.931749 -4.736051
 H -0.412431 2.795441 -4.108380
 H -1.467126 1.898219 -4.770129
 H 4.835946 2.710260 3.061799
 H 3.476119 3.072066 2.435871
 H 2.709998 0.908932 -3.879911
 H 1.611238 1.948634 -3.502603
 H -4.980075 1.922134 -5.619746
 H -3.999970 3.033950 -5.927025
 H 4.039917 -5.137194 -1.212343
 H 5.387058 -5.739909 -0.930751
 H 2.764183 -1.409862 -5.284182
 H 1.294365 -0.878755 -5.180260
 H -1.743174 -0.392757 -5.612819
 H -2.993319 0.335769 -5.033968
 H 0.763639 0.556728 1.194010
 H 1.709355 -0.114150 0.184430
 H 4.017286 -2.211677 -3.178613
 H 5.392588 -1.601597 -2.906122
 H 5.535708 0.926548 -0.684923
 H 5.645681 -0.529245 -0.803488
 H -0.401479 3.963353 2.650102
 H -0.805877 5.344501 2.187787
 H -4.946392 0.573522 -3.061419
 H -5.896977 0.856827 -4.156907
 H 0.376629 -4.735139 -0.226442
 H 1.392886 -3.717568 0.346779
 H 3.786464 4.212992 -5.044496
 H 4.709000 2.955132 -4.913208
 H 3.373318 5.442512 4.874003
 H 2.662511 6.100184 6.006396
 H -5.538905 3.673515 -1.100899
 H -4.462007 4.486421 -1.813250
 H 0.066370 0.268350 -2.259617
 H -0.769041 0.518188 -0.988245
 H -3.264029 -2.864247 -1.638508
 H -2.323518 -4.018830 -1.317585
 H -3.574842 5.713043 2.938353
 H -2.687398 5.706557 4.239142
 H -1.259390 2.250722 3.512292
 H -2.082460 3.583774 3.879423
 H -2.135509 -1.229712 -0.646790
 H -3.076011 -0.366362 0.111684
 H -2.465785 -2.390678 4.767436
 H -1.054792 -2.730423 5.399052
 H 1.267030 1.476084 5.609307
 H 0.074442 2.458886 5.581900
 H -4.990720 3.498433 2.250287
 H -3.803739 2.839179 1.538075
 H 3.430895 4.817415 -0.383522
 H 2.917838 4.215368 -1.633498
 H 3.589998 -5.587882 -3.770959
 H 2.153103 -5.348997 -3.199022
 H -2.433934 3.968677 -3.160307
 H -1.608633 4.212239 -1.950226
 H 5.872068 -0.189407 5.422665
 H 4.422118 0.299326 5.268026
 H -2.297626 -0.442586 1.966288
 H -3.557891 0.225078 2.746424
 H 0.247324 -2.625066 -2.532573
 H -0.753403 -2.140777 -1.530806
 H 0.118407 -3.139438 -4.530555
 H 0.710747 -2.829466 -5.886257
 H 5.114596 -6.209762 4.933713
 H 6.427544 -5.474730 4.823099
 H 5.911271 -3.166477 -0.023427
 H 4.728057 -2.243456 0.052798
 H 4.760586 0.116583 1.972355
 H 3.624861 -0.697853 2.607575
 H 1.192109 4.070788 -5.246009
 H 1.612422 5.253641 -4.193563
 H -1.232074 -6.705241 0.554241
 H -1.410532 -5.175964 0.225562
 H -5.085732 -1.978105 -6.487866
 H -4.804812 -0.936507 -5.349002
 H -4.524481 2.211048 -1.050632
 H -4.705660 1.277645 0.171717
 H 5.782432 2.192216 -2.353645
 H 4.305711 1.863168 -2.631075
 H 3.710409 0.193000 -0.996394
 H 2.365130 0.266448 -1.825077
 H -6.180166 -1.160651 1.643636
 H -4.747733 -1.469642 2.153699
 H 0.677076 2.818343 1.500437
 H 1.921610 3.072868 0.699164
K_POINTS
 1
0.0 0.0 0.0 1.0