
&control
    calculation='scf'
    pseudo_dir = './',
    outdir='./outputs',
    disk_io='high'
/
&system
    ibrav= 1, celldm(1)=20.000000, nat=  192, ntyp= 2,
    ecutwfc = 30.0, nosym=.true., occupations='smearing',
    smearing='m-v', degauss=0.025
/
&electrons
    conv_thr =  1.0d-8,
    mixing_beta = 0.7
/
&ions
    pot_extrapolation='second-order'
    wfc_extrapolation='second-order'
    ion_temperature = 'andersen'
    tempw = 1000

/
ATOMIC_SPECIES
 H  1.01  H.blyp-hgh.UPF
 O  16.0  O.blyp-hgh.UPF
ATOMIC_POSITIONS bohr
 O -6.091824 -1.873761 0.084814
 O 3.702950 -1.405705 6.011743
 O -5.661447 7.377446 -5.422921
 O 2.419992 3.204429 -0.508294
 O -4.500331 0.939563 4.486451
 O 0.519036 5.600458 6.068700
 O -2.656939 -5.757723 -2.528180
 O 4.650104 0.349271 4.736085
 O -2.191497 -6.487614 6.657001
 O 1.776931 -2.991574 3.702821
 O 1.885686 -5.465775 1.679384
 O -2.616973 -4.390691 5.099011
 O -3.281119 -7.091037 0.019886
 O -3.326713 -3.586847 -4.558517
 O 2.731680 -4.334963 -0.791911
 O -1.225448 2.887230 -2.045614
 O -1.535154 -2.738107 0.820634
 O -0.358951 -4.728499 3.179932
 O 3.424591 -3.847018 -3.523264
 O 5.565659 4.131848 1.474694
 O 4.664566 -3.891087 4.806852
 O -2.104245 -0.875962 -3.486679
 O -1.432587 3.133169 -4.759765
 O 5.069805 1.260797 0.096836
 O 3.586921 1.443939 -3.713196
 O -4.654797 3.974953 -6.581339
 O 4.727781 -5.430239 0.610897
 O 1.294546 -0.468790 -5.809863
 O -3.041807 1.002005 -5.247342
 O 0.286804 -1.022934 1.798824
 O 6.244552 -2.405158 -3.369269
 O 3.978346 -1.018521 -1.146162
 O -0.939080 4.945831 2.748531
 O -4.735036 -0.230044 -2.476234
 O 0.000778 -4.653621 -0.234505
 O 5.579169 3.005936 -8.289571
 O 3.387341 5.338855 4.791124
 O -6.581870 6.262276 -2.945799
 O 0.500539 0.541068 -2.652922
 O -4.771878 -4.618644 -0.822098
 O -2.957334 7.154519 2.540751
 O -2.201306 3.221448 4.722450
 O -3.077780 0.229456 0.338359
 O -1.556270 -0.890280 4.685080
 O 1.605294 2.048980 5.266048
 O -5.414106 1.748614 1.891372
 O 3.411678 4.962120 -1.697994
 O 1.025973 -5.828459 -3.146602
 O -4.828795 4.750931 -3.987316
 O 6.212762 1.605276 7.795644
 O -0.594485 1.660520 1.952125
 O 0.594008 -2.275383 -3.148012
 O -0.177530 -4.066045 -5.435400
 O 6.834467 -5.796886 4.061640
 O 3.443497 -2.846273 1.557143
 O 6.024145 -0.946682 3.062829
 O 1.539269 3.749906 -4.498166
 O 0.170571 -8.362320 0.126083
 O -4.707861 -2.128054 -6.657445
 O -4.652447 2.255451 -0.998596
 O 4.200140 4.248441 -4.942888
 O 1.388641 -0.906083 -0.623699
 O -5.353983 -4.060304 1.753644
 O 1.944230 2.383439 2.115749
 H -6.332855 -1.841298 -0.866186
 H -5.938676 -2.808371 0.330015
 H 2.746427 -1.144666 6.113272
 H 3.734585 -2.226041 5.504006
 H -6.096359 7.210773 -4.535257
 H -5.308340 8.226619 -5.121249
 H 2.827563 4.098073 -0.555742
 H 2.365144 2.991907 -1.445726
 H -4.811095 0.087645 4.820932
 H -4.847405 0.977287 3.561195
 H 0.542687 6.565774 6.002945
 H 1.336724 5.150211 6.317134
 H -2.995159 -6.045784 -3.393364
 H -3.305901 -5.219678 -2.036215
 H 4.994255 1.259146 4.619538
 H 4.538031 -0.151485 5.594020
 H -2.744283 -7.265097 6.467761
 H -1.322293 -6.758302 6.275563
 H 1.473705 -2.117044 3.449648
 H 2.313208 -3.308606 2.917361
 H 1.303303 -5.378623 2.475281
 H 1.226659 -5.250765 0.977080
 H -2.418757 -5.313764 5.442326
 H -2.266695 -4.399465 4.183384
 H -3.701366 -7.830667 -0.435257
 H -3.677265 -6.302077 -0.384032
 H -3.355571 -2.994728 -3.807649
 H -2.490711 -3.516356 -5.030664
 H 2.886245 -4.225070 -1.756486
 H 1.939990 -4.826526 -0.563645
 H -1.276347 3.344790 -2.938408
 H -0.887153 3.499293 -1.336575
 H -2.123510 -2.143237 0.340985
 H -0.862769 -2.118348 1.231455
 H 0.047178 -4.047096 3.792611
 H -1.195580 -4.458451 2.763779
 H 2.579111 -4.311801 -3.385606
 H 2.999662 -2.961847 -3.593746
 H 5.788615 4.828693 0.825062
 H 6.059401 3.355732 1.132944
 H 5.318755 -3.157650 4.760150
 H 4.880596 -4.131319 5.746255
 H -1.162819 -1.076410 -3.314848
 H -2.061995 -0.498853 -4.387781
 H -0.534925 2.822675 -4.980684
 H -2.031545 2.345770 -4.906937
 H 5.894480 1.522150 -0.375835
 H 4.458280 2.015508 -0.091294
 H 3.858137 1.483292 -2.770356
 H 3.406075 2.409325 -3.911902
 H -5.252814 4.118707 -7.324120
 H -4.547999 3.028518 -6.382305
 H 4.219727 -5.642450 1.417205
 H 3.980807 -5.432885 -0.028565
 H 0.519074 -0.476656 -6.434993
 H 1.697676 0.398838 -6.093791
 H -3.192369 0.580195 -6.125000
 H -3.893146 0.986085 -4.769498
 H 0.019601 -0.084347 2.012805
 H 0.853280 -0.960003 0.976291
 H 6.267607 -2.157158 -4.330626
 H 5.455563 -2.999589 -3.388178
 H 4.344383 -0.154317 -0.827127
 H 4.231589 -1.618334 -0.390152
 H -1.305816 5.830820 2.931160
 H -1.308928 4.432262 3.516643
 H -3.816794 -0.291033 -2.833726
 H -5.239346 -1.006505 -2.805510
 H -0.472380 -5.485648 -0.059244
 H -0.550288 -3.890945 0.088121
 H 5.400285 3.490987 -9.141849
 H 6.153131 2.257150 -8.578162
 H 2.707878 5.435426 4.083741
 H 3.140296 5.998081 5.478293
 H -6.058889 5.419710 -3.170748
 H -6.134094 6.621344 -2.156892
 H -0.048322 1.321977 -2.378630
 H 1.290310 0.872853 -3.129515
 H -4.553059 -3.776482 -1.283384
 H -5.168818 -4.535349 0.096522
 H -3.111294 6.764708 1.651016
 H -3.535298 6.579674 3.095872
 H -3.158222 3.146436 4.566994
 H -1.990290 3.013058 5.639902
 H -2.415526 0.399135 -0.371377
 H -3.679797 -0.390564 -0.158705
 H -1.363361 -1.201847 3.777573
 H -1.519079 -1.732958 5.195299
 H 2.124602 2.109190 4.441804
 H 2.219217 2.460343 5.907221
 H -6.242974 1.377776 2.241284
 H -5.664793 1.745418 0.949704
 H 3.566707 5.799539 -1.213998
 H 4.074249 4.975445 -2.433948
 H 0.263566 -5.852921 -3.760319
 H 0.853302 -6.462389 -2.421480
 H -4.385233 4.575558 -4.826981
 H -4.699939 4.046119 -3.345913
 H 5.524704 0.901816 7.853026
 H 5.997008 1.923790 6.893255
 H -1.270441 1.575256 1.227137
 H -0.859219 2.372578 2.529613
 H 0.802723 -2.267770 -2.169618
 H 0.763259 -1.339917 -3.406030
 H 0.076297 -3.247715 -4.968555
 H -0.818564 -3.844413 -6.165433
 H 7.113430 -5.380508 4.905989
 H 5.902460 -5.562741 3.935336
 H 4.313132 -3.228751 1.762663
 H 2.966086 -3.437297 0.942012
 H 5.257192 -1.246562 2.539672
 H 5.583156 -0.540874 3.871478
 H 2.483701 4.074093 -4.431187
 H 1.059132 4.518650 -4.148326
 H 1.129946 -8.519361 0.237642
 H -0.212596 -8.309456 1.012326
 H -3.975471 -2.765357 -6.771251
 H -4.766933 -1.701376 -7.536218
 H -4.086179 1.686201 -0.404526
 H -4.829845 1.564401 -1.697104
 H 5.165623 4.051668 -5.036756
 H 4.022921 4.434760 -5.905883
 H 2.383274 -0.983954 -0.823516
 H 0.999895 -0.531438 -1.452410
 H -4.459773 -3.696450 1.924434
 H -5.438199 -4.809838 2.405388
 H 2.851318 2.576742 1.804107
 H 1.686237 1.559116 1.651535
K_POINTS
 1
0.0 0.0 0.0 1.0