
&control
    calculation='scf'
    pseudo_dir = './',
    outdir='./outputs',
    disk_io='high'
/
&system
    ibrav= 1, celldm(1)=20.000000, nat=  192, ntyp= 2,
    ecutwfc = 30.0, nosym=.true., occupations='smearing',
    smearing='m-v', degauss=0.025
/
&electrons
    conv_thr =  1.0d-8,
    mixing_beta = 0.7
/
&ions
    pot_extrapolation='second-order'
    wfc_extrapolation='second-order'
    ion_temperature = 'andersen'
    tempw = 1000

/
ATOMIC_SPECIES
 H  1.01  H.blyp-hgh.UPF
 O  16.0  O.blyp-hgh.UPF
ATOMIC_POSITIONS bohr
 O -6.094213 -1.875453 0.083125
 O 3.699019 -1.405637 6.015289
 O -5.663495 7.382623 -5.418121
 O 2.437514 3.201510 -0.504150
 O -4.493421 0.929786 4.488090
 O 0.523022 5.596953 6.059936
 O -2.669205 -5.762331 -2.524198
 O 4.658193 0.338683 4.733136
 O -2.194481 -6.481907 6.665092
 O 1.775515 -2.987880 3.708968
 O 1.888793 -5.466474 1.670148
 O -2.618333 -4.390497 5.090679
 O -3.273352 -7.096304 0.017857
 O -3.325086 -3.580134 -4.560652
 O 2.738525 -4.326666 -0.786407
 O -1.224527 2.878639 -2.053482
 O -1.535865 -2.731858 0.815417
 O -0.363826 -4.726202 3.175719
 O 3.407501 -3.847127 -3.514476
 O 5.568706 4.130719 1.466388
 O 4.660903 -3.889366 4.818131
 O -2.101964 -0.872474 -3.486550
 O -1.434464 3.123537 -4.761505
 O 5.067798 1.266026 0.085947
 O 3.579404 1.437771 -3.713995
 O -4.649421 3.980188 -6.589963
 O 4.723021 -5.436842 0.610888
 O 1.299773 -0.467777 -5.802868
 O -3.048682 1.010100 -5.245759
 O 0.275877 -1.024863 1.800402
 O 6.249814 -2.404402 -3.371513
 O 3.976440 -1.031032 -1.146104
 O -0.947868 4.950377 2.747965
 O -4.729886 -0.231625 -2.470378
 O -0.001623 -4.661956 -0.222146
 O 5.570201 3.005404 -8.292128
 O 3.370544 5.338409 4.778982
 O -6.592084 6.268209 -2.949068
 O 0.505600 0.539838 -2.661803
 O -4.772849 -4.628791 -0.826408
 O -2.957571 7.164314 2.543874
 O -2.192075 3.224675 4.731645
 O -3.081415 0.232607 0.342771
 O -1.556015 -0.886910 4.679163
 O 1.614347 2.049698 5.265389
 O -5.417280 1.730374 1.898661
 O 3.416222 4.962490 -1.699952
 O 1.022324 -5.831724 -3.142885
 O -4.843119 4.752614 -3.987805
 O 6.227677 1.607521 7.802439
 O -0.595611 1.661905 1.947890
 O 0.596825 -2.276081 -3.145182
 O -0.174141 -4.066193 -5.433686
 O 6.839318 -5.798750 4.059902
 O 3.438001 -2.848200 1.560925
 O 6.027295 -0.937510 3.070526
 O 1.537138 3.743010 -4.495492
 O 0.176542 -8.364103 0.114618
 O -4.709690 -2.141578 -6.657513
 O -4.655412 2.268066 -1.004710
 O 4.201586 4.248480 -4.941405
 O 1.390545 -0.910404 -0.621163
 O -5.356374 -4.056028 1.753749
 O 1.953754 2.386936 2.123858
 H -6.368108 -1.838011 -0.858579
 H -5.939080 -2.800270 0.339219
 H 2.748682 -1.136329 6.116401
 H 3.726572 -2.234039 5.515635
 H -6.109458 7.239443 -4.538213
 H -5.303292 8.238856 -5.135909
 H 2.827909 4.103034 -0.579328
 H 2.358981 2.984883 -1.439706
 H -4.805780 0.071008 4.824760
 H -4.846395 0.991424 3.562909
 H 0.568452 6.563397 5.998502
 H 1.345396 5.143871 6.303084
 H -2.985821 -6.036663 -3.402164
 H -3.324234 -5.193710 -2.071022
 H 5.011169 1.238887 4.606757
 H 4.519069 -0.138654 5.602957
 H -2.742173 -7.255385 6.477786
 H -1.323408 -6.764064 6.286818
 H 1.476456 -2.126552 3.456761
 H 2.287679 -3.329176 2.915849
 H 1.298025 -5.358629 2.459636
 H 1.206746 -5.254744 0.979242
 H -2.412167 -5.305778 5.453869
 H -2.262951 -4.398467 4.184383
 H -3.690002 -7.838332 -0.436508
 H -3.654624 -6.305678 -0.395724
 H -3.357042 -2.987103 -3.806339
 H -2.487781 -3.503870 -5.030894
 H 2.880867 -4.227157 -1.753268
 H 1.966797 -4.842239 -0.555586
 H -1.258453 3.356481 -2.941400
 H -0.878169 3.505418 -1.356419
 H -2.126759 -2.133402 0.337813
 H -0.851183 -2.119431 1.232210
 H 0.054987 -4.042692 3.776955
 H -1.203335 -4.437594 2.765938
 H 2.562335 -4.297923 -3.359794
 H 2.959897 -2.971202 -3.592918
 H 5.791916 4.822322 0.800351
 H 6.070918 3.360185 1.146109
 H 5.322256 -3.162069 4.738738
 H 4.860343 -4.092170 5.766080
 H -1.161549 -1.073415 -3.294267
 H -2.056067 -0.511779 -4.389336
 H -0.532243 2.815531 -4.995574
 H -2.054994 2.339469 -4.872395
 H 5.894435 1.515847 -0.389686
 H 4.467159 2.025455 -0.126522
 H 3.852885 1.490574 -2.770265
 H 3.440859 2.407560 -3.895845
 H -5.238550 4.117885 -7.336699
 H -4.557882 3.028021 -6.392869
 H 4.230155 -5.646655 1.423805
 H 3.962223 -5.414311 -0.013922
 H 0.527336 -0.487065 -6.425614
 H 1.710249 0.390311 -6.104712
 H -3.188508 0.619013 -6.142623
 H -3.910957 0.995028 -4.780695
 H 0.028764 -0.086916 2.029708
 H 0.855699 -1.006215 0.979407
 H 6.278936 -2.174161 -4.333575
 H 5.447191 -2.987677 -3.397433
 H 4.356327 -0.170414 -0.811640
 H 4.203397 -1.629545 -0.392198
 H -1.315406 5.849858 2.916213
 H -1.315256 4.427003 3.531082
 H -3.812489 -0.297669 -2.829249
 H -5.241916 -1.005990 -2.791938
 H -0.491632 -5.486142 -0.059626
 H -0.551079 -3.889422 0.084517
 H 5.415516 3.509429 -9.140774
 H 6.163164 2.281963 -8.619816
 H 2.707652 5.413545 4.052863
 H 3.137738 6.014789 5.451289
 H -6.079386 5.413627 -3.145934
 H -6.106497 6.622849 -2.174165
 H -0.047726 1.310861 -2.380583
 H 1.289886 0.892461 -3.141033
 H -4.572843 -3.805236 -1.314979
 H -5.168999 -4.508671 0.097143
 H -3.095921 6.778704 1.653760
 H -3.532942 6.587039 3.104261
 H -3.152353 3.152394 4.578330
 H -1.973385 3.013241 5.656419
 H -2.405215 0.414017 -0.348638
 H -3.697483 -0.361584 -0.159996
 H -1.359430 -1.207575 3.773404
 H -1.479088 -1.723872 5.188050
 H 2.156199 2.084666 4.456296
 H 2.244510 2.481727 5.881484
 H -6.252370 1.368634 2.238766
 H -5.658976 1.748411 0.952006
 H 3.601936 5.787237 -1.216928
 H 4.061518 4.966705 -2.449067
 H 0.250316 -5.846611 -3.752335
 H 0.854732 -6.459259 -2.409311
 H -4.370824 4.561315 -4.823321
 H -4.707497 4.039147 -3.358021
 H 5.528931 0.904500 7.886337
 H 5.986119 1.923165 6.901311
 H -1.259846 1.563366 1.218440
 H -0.858831 2.374049 2.528116
 H 0.813841 -2.272647 -2.169099
 H 0.802416 -1.346367 -3.398867
 H 0.073861 -3.253640 -4.960342
 H -0.853854 -3.876041 -6.138455
 H 7.097938 -5.354007 4.894629
 H 5.901280 -5.579232 3.935168
 H 4.325492 -3.202293 1.750324
 H 2.972150 -3.429994 0.932576
 H 5.251479 -1.225826 2.558645
 H 5.593265 -0.519732 3.875322
 H 2.475476 4.080250 -4.406728
 H 1.052816 4.514600 -4.164965
 H 1.135125 -8.504326 0.238045
 H -0.188305 -8.318483 1.012699
 H -3.959162 -2.757823 -6.783292
 H -4.780643 -1.699686 -7.525418
 H -4.095077 1.690867 -0.417607
 H -4.812813 1.586127 -1.712171
 H 5.164071 4.038825 -5.027752
 H 4.041115 4.463388 -5.901497
 H 2.376048 -1.008535 -0.809967
 H 0.985401 -0.526584 -1.438818
 H -4.465065 -3.682082 1.904724
 H -5.435054 -4.806301 2.403760
 H 2.869833 2.536396 1.792031
 H 1.678901 1.554312 1.691145
K_POINTS
 1
0.0 0.0 0.0 1.0