
&control
    calculation='scf'
    pseudo_dir = './',
    outdir='./outputs',
    disk_io='high'
/
&system
    ibrav= 1, celldm(1)=20.000000, nat=  192, ntyp= 2,
    ecutwfc = 30.0, nosym=.true., occupations='smearing',
    smearing='m-v', degauss=0.025
/
&electrons
    conv_thr =  1.0d-8,
    mixing_beta = 0.7
/
&ions
    pot_extrapolation='second-order'
    wfc_extrapolation='second-order'
    ion_temperature = 'andersen'
    tempw = 1000

/
ATOMIC_SPECIES
 H  1.01  H.blyp-hgh.UPF
 O  16.0  O.blyp-hgh.UPF
ATOMIC_POSITIONS bohr
 O -6.095369 -1.876186 0.082218
 O 3.697076 -1.405625 6.017339
 O -5.664734 7.385315 -5.415548
 O 2.446441 3.199761 -0.501860
 O -4.490040 0.924973 4.488894
 O 0.524786 5.595143 6.055476
 O -2.675202 -5.764658 -2.522120
 O 4.662287 0.333521 4.731489
 O -2.195896 -6.479021 6.669042
 O 1.774872 -2.986387 3.712165
 O 1.890311 -5.466850 1.665621
 O -2.618970 -4.390310 5.086558
 O -3.269451 -7.098886 0.017044
 O -3.324519 -3.576902 -4.561794
 O 2.742242 -4.322469 -0.783631
 O -1.224008 2.874405 -2.057489
 O -1.536182 -2.728780 0.812874
 O -0.366162 -4.725016 3.173804
 O 3.398840 -3.846963 -3.510035
 O 5.570210 4.130205 1.462105
 O 4.659207 -3.888385 4.823966
 O -2.100797 -0.870799 -3.486474
 O -1.435446 3.118672 -4.762474
 O 5.066680 1.268738 0.080345
 O 3.575547 1.434880 -3.714248
 O -4.646535 3.982811 -6.594046
 O 4.720696 -5.440308 0.610914
 O 1.302281 -0.467154 -5.799501
 O -3.052141 1.014100 -5.245058
 O 0.270433 -1.025792 1.801282
 O 6.252313 -2.404114 -3.372894
 O 3.975557 -1.037273 -1.146000
 O -0.952400 4.952509 2.747898
 O -4.727214 -0.232298 -2.467398
 O -0.002695 -4.666215 -0.215982
 O 5.565768 3.005063 -8.293537
 O 3.362138 5.338204 4.772969
 O -6.597208 6.270991 -2.950603
 O 0.508186 0.539241 -2.666333
 O -4.773340 -4.633992 -0.828656
 O -2.957804 7.169100 2.545400
 O -2.187344 3.226323 4.736020
 O -3.083237 0.234112 0.344752
 O -1.555827 -0.885377 4.676261
 O 1.619023 2.050064 5.265197
 O -5.418845 1.721321 1.902368
 O 3.418650 4.962923 -1.701155
 O 1.020546 -5.833435 -3.141096
 O -4.850298 4.753471 -3.987982
 O 6.235070 1.608539 7.805650
 O -0.596233 1.662275 1.945489
 O 0.598310 -2.276357 -3.143684
 O -0.172553 -4.066331 -5.433010
 O 6.841866 -5.799748 4.058940
 O 3.435264 -2.848966 1.562901
 O 6.028958 -0.932988 3.074377
 O 1.536313 3.739580 -4.494138
 O 0.179341 -8.364837 0.108827
 O -4.710641 -2.148247 -6.657596
 O -4.656984 2.274175 -1.007753
 O 4.202475 4.248491 -4.940932
 O 1.391549 -0.912717 -0.619881
 O -5.357595 -4.053900 1.753763
 O 1.958725 2.388658 2.127999
 H -6.385398 -1.836882 -0.854315
 H -5.939644 -2.796390 0.343910
 H 2.749695 -1.132835 6.118002
 H 3.722205 -2.238920 5.520652
 H -6.116238 7.251748 -4.540344
 H -5.298883 8.245794 -5.144377
 H 2.828643 4.104710 -0.591542
 H 2.355215 2.981152 -1.437350
 H -4.803299 0.062835 4.826510
 H -4.844627 0.997821 3.564034
 H 0.582546 6.562745 5.996807
 H 1.349895 5.141064 6.296112
 H -2.981755 -6.031368 -3.406531
 H -3.333402 -5.181416 -2.089512
 H 5.018985 1.229071 4.601983
 H 4.509132 -0.131916 5.607153
 H -2.741697 -7.251033 6.482429
 H -1.323654 -6.767226 6.293330
 H 1.477215 -2.129205 3.459114
 H 2.274527 -3.338306 2.916046
 H 1.295624 -5.348823 2.451264
 H 1.196713 -5.256642 0.980585
 H -2.409487 -5.301312 5.460495
 H -2.261234 -4.398069 4.185032
 H -3.684403 -7.842860 -0.437537
 H -3.643476 -6.307202 -0.402393
 H -3.356674 -2.982304 -3.805329
 H -2.485549 -3.497504 -5.030453
 H 2.877922 -4.228241 -1.751323
 H 1.977981 -4.850211 -0.552554
 H -1.249644 3.361380 -2.941378
 H -0.873572 3.507969 -1.366711
 H -2.128647 -2.128136 0.336018
 H -0.845562 -2.119602 1.232620
 H 0.058500 -4.040731 3.767383
 H -1.206779 -4.426574 2.766872
 H 2.553152 -4.293412 -3.347665
 H 2.941146 -2.975336 -3.592867
 H 5.792945 4.819480 0.788809
 H 6.076971 3.362483 1.153340
 H 5.323952 -3.164504 4.726924
 H 4.849932 -4.073532 5.775553
 H -1.161074 -1.072270 -3.283343
 H -2.053702 -0.517563 -4.390195
 H -0.531168 2.811973 -5.002953
 H -2.065736 2.336612 -4.854827
 H 5.894437 1.512532 -0.397410
 H 4.471390 2.030114 -0.143754
 H 3.850274 1.493545 -2.770757
 H 3.458574 2.405319 -3.888314
 H -5.232743 4.117171 -7.343982
 H -4.563438 3.027752 -6.398971
 H 4.235294 -5.648877 1.427578
 H 3.953168 -5.403494 -0.006709
 H 0.532089 -0.492556 -6.420391
 H 1.715869 0.386043 -6.110048
 H -3.186621 0.639032 -6.151055
 H -3.920279 0.999329 -4.786549
 H 0.033413 -0.088650 2.037687
 H 0.856423 -1.028886 0.980933
 H 6.285217 -2.182531 -4.334354
 H 5.443339 -2.981363 -3.401043
 H 4.362116 -0.178859 -0.803868
 H 4.189068 -1.635034 -0.393464
 H -1.319553 5.858896 2.908304
 H -1.317703 4.424932 3.537106
 H -3.810485 -0.301632 -2.826939
 H -5.243242 -1.005788 -2.785124
 H -0.501944 -5.486367 -0.060061
 H -0.551935 -3.888952 0.082858
 H 5.423122 3.518750 -9.139512
 H 6.168282 2.295855 -8.639981
 H 2.707814 5.402558 4.038238
 H 3.136392 6.023282 5.436625
 H -6.090267 5.413098 -3.134185
 H -6.092704 6.624016 -2.182671
 H -0.047671 1.306000 -2.381674
 H 1.289250 0.902476 -3.146589
 H -4.583511 -3.819616 -1.329541
 H -5.168460 -4.494573 0.096836
 H -3.087823 6.785346 1.654969
 H -3.531537 6.591416 3.108280
 H -3.148997 3.155277 4.584688
 H -1.965190 3.013470 5.665085
 H -2.400096 0.421456 -0.336965
 H -3.706350 -0.346676 -0.159872
 H -1.357478 -1.209822 3.771286
 H -1.459400 -1.718878 5.184266
 H 2.171501 2.072050 4.462233
 H 2.256335 2.492606 5.868863
 H -6.257561 1.362914 2.237376
 H -5.654929 1.749480 0.953336
 H 3.619881 5.781400 -1.219021
 H 4.055021 4.963049 -2.455995
 H 0.243650 -5.843046 -3.747608
 H 0.855018 -6.457144 -2.403558
 H -4.364290 4.553915 -4.821789
 H -4.710207 4.034481 -3.363914
 H 5.531688 0.906646 7.903831
 H 5.981187 1.923060 6.905739
 H -1.253809 1.558214 1.215755
 H -0.859389 2.375928 2.528260
 H 0.818977 -2.275446 -2.169835
 H 0.822048 -1.349998 -3.395417
 H 0.072634 -3.256335 -4.955989
 H -0.870690 -3.891935 -6.123987
 H 7.089803 -5.340774 4.889189
 H 5.900042 -5.587308 3.935823
 H 4.331374 -3.189791 1.743520
 H 2.975963 -3.426956 0.927295
 H 5.248840 -1.215546 2.567758
 H 5.597654 -0.509075 3.876855
 H 2.470368 4.082654 -4.394709
 H 1.048952 4.513132 -4.172898
 H 1.137374 -8.497799 0.237991
 H -0.176679 -8.322424 1.013569
 H -3.950917 -2.754541 -6.789007
 H -4.787798 -1.699492 -7.520360
 H -4.099245 1.693990 -0.423968
 H -4.804375 1.597534 -1.719875
 H 5.162889 4.032529 -5.022048
 H 4.049567 4.477633 -5.898668
 H 2.371833 -1.020490 -0.803193
 H 0.978305 -0.522997 -1.431381
 H -4.467860 -3.675246 1.895380
 H -5.433186 -4.803807 2.402838
 H 2.878218 2.516110 1.786123
 H 1.675070 1.552516 1.710998
K_POINTS
 1
0.0 0.0 0.0 1.0