
&control
    calculation='scf'
    pseudo_dir = './',
    outdir='./outputs',
    disk_io='high'
/
&system
    ibrav= 1, celldm(1)=20.000000, nat=  192, ntyp= 2,
    ecutwfc = 30.0, nosym=.true., occupations='smearing',
    smearing='m-v', degauss=0.025
/
&electrons
    conv_thr =  1.0d-8,
    mixing_beta = 0.7
/
&ions
    pot_extrapolation='second-order'
    wfc_extrapolation='second-order'
    ion_temperature = 'andersen'
    tempw = 1000

/
ATOMIC_SPECIES
 H  1.01  H.blyp-hgh.UPF
 O  16.0  O.blyp-hgh.UPF
ATOMIC_POSITIONS bohr
 O -5.264759 -1.480034 -1.642906
 O 3.871298 -2.057101 5.388994
 O -5.747665 5.501807 -5.427934
 O -0.157514 3.855042 -1.466418
 O -4.738803 0.776793 3.944159
 O -0.226210 5.490244 5.250166
 O -0.139056 -5.412535 -3.390441
 O 2.479973 0.097533 3.586015
 O -2.854993 -5.304501 5.676660
 O 2.022797 -2.800584 1.987627
 O 2.576203 -6.121270 2.902352
 O -4.022076 -2.984917 4.518411
 O -4.437879 -5.821619 0.716203
 O -3.616818 -5.717243 -3.812784
 O 2.437527 -2.793308 -2.332054
 O -2.024803 2.434157 0.920481
 O -1.212171 -1.808503 1.928510
 O 0.227673 -4.182719 3.778090
 O 5.373190 -4.373654 -4.988663
 O 5.411663 5.000006 2.225696
 O 5.868916 -3.005633 3.262821
 O -3.235391 -2.845964 -3.880434
 O -0.889509 2.679560 -4.944964
 O 3.942766 2.366251 2.919762
 O 2.334031 1.417065 -3.131497
 O -4.818452 2.630425 -6.265769
 O 4.502389 -5.993906 -1.237471
 O 2.021920 -1.259882 -4.668730
 O -2.063989 0.116539 -4.839223
 O 0.946930 -0.333167 0.824860
 O 4.739994 -1.736415 -3.609479
 O 5.240120 0.136985 -0.182090
 O -0.154121 4.641118 1.995912
 O -4.927339 0.744806 -4.032489
 O 0.749027 -3.828918 -0.396539
 O 4.526231 3.831836 -4.522726
 O 3.362778 5.443630 5.853740
 O -5.331047 4.039546 -1.990570
 O -0.401074 0.965367 -1.777551
 O -3.115767 -3.566497 -0.961787
 O -2.697042 5.497397 3.285038
 O -1.594105 2.809819 4.239555
 O -2.569739 -0.363575 -0.735526
 O -1.538949 -2.096534 4.828206
 O 0.625703 1.891722 5.013437
 O -4.659421 3.276508 1.361346
 O 2.962291 4.015401 -0.682033
 O 2.710357 -5.992372 -3.683814
 O -2.502700 4.469052 -2.329243
 O 5.320193 0.627062 5.429141
 O -2.938957 0.307783 1.967017
 O -0.695351 -2.331869 -2.494885
 O 0.037170 -3.391816 -5.463803
 O 5.781043 -5.934140 4.256973
 O 4.929998 -3.189960 -0.124033
 O 4.612179 -0.731819 2.455665
 O 1.248950 4.338175 -4.315974
 O -0.760141 -5.868167 0.414865
 O -5.491229 -1.517628 -5.735455
 O -4.660511 1.271724 -0.800602
 O 5.155847 1.440180 -2.355637
 O 2.868404 -0.302726 -1.203477
 O -5.267576 -1.328375 1.346398
 O 1.594679 2.514588 1.445084
 H -5.356535 -1.581358 -0.662758
 H -4.572996 -0.780738 -1.711304
 H 3.825837 -2.864414 5.938772
 H 3.234514 -2.249666 4.670588
 H -6.540091 5.028439 -5.071872
 H -5.351022 4.794467 -5.969118
 H 0.093703 2.893838 -1.480514
 H 0.539456 4.394659 -1.865888
 H -5.731583 0.781579 3.979215
 H -4.540937 1.399945 4.683550
 H 0.161447 6.351630 5.000996
 H 0.181155 5.198704 6.077155
 H -0.511990 -5.394140 -2.492167
 H -0.959394 -5.500911 -3.915588
 H 2.893946 0.982603 3.470013
 H 1.545886 0.266926 3.796376
 H -3.340122 -5.361593 6.525741
 H -1.935664 -5.543791 5.904508
 H 1.990595 -1.991297 1.443293
 H 2.932212 -3.139474 2.036615
 H 3.255601 -6.567959 2.364266
 H 1.718674 -6.463331 2.592028
 H -3.279166 -3.540236 4.197133
 H -4.684758 -3.057284 3.750273
 H -4.201404 -6.685828 0.324870
 H -4.008608 -5.136100 0.165203
 H -4.372687 -5.162548 -3.552988
 H -3.798563 -6.582708 -3.393272
 H 2.547852 -1.839463 -2.135219
 H 1.665624 -3.159995 -1.858926
 H -1.117510 2.749063 1.050826
 H -2.108343 1.456647 0.991011
 H -0.844484 -0.999883 1.580413
 H -1.010075 -1.800170 2.895488
 H 0.911453 -4.402883 3.102450
 H -0.535190 -4.043060 3.185482
 H 6.278786 -4.653168 -4.758864
 H 5.405071 -3.395520 -5.003314
 H 5.546418 5.256166 3.153520
 H 6.228315 4.963672 1.709935
 H 5.481674 -2.210856 2.832307
 H 5.809728 -3.744846 2.625549
 H -2.293929 -2.664335 -4.040323
 H -3.680171 -2.930485 -4.737832
 H -0.416245 2.795847 -4.105665
 H -1.466882 1.900127 -4.775941
 H 4.837765 2.714348 3.057599
 H 3.474717 3.063990 2.427865
 H 2.702888 0.898848 -3.877263
 H 1.604322 1.943073 -3.503707
 H -4.980834 1.917312 -5.625310
 H -4.000410 3.031150 -5.923849
 H 4.037274 -5.139430 -1.202765
 H 5.386529 -5.739690 -0.925270
 H 2.764640 -1.414501 -5.287021
 H 1.296172 -0.872560 -5.180574
 H -1.733348 -0.384745 -5.615620
 H -2.998212 0.321219 -5.032895
 H 0.765586 0.555486 1.199758
 H 1.717849 -0.105051 0.203756
 H 4.020048 -2.214208 -3.172337
 H 5.395813 -1.601344 -2.906522
 H 5.538093 0.924394 -0.692057
 H 5.627551 -0.531171 -0.806425
 H -0.382983 3.968389 2.661321
 H -0.806337 5.343606 2.192694
 H -4.957145 0.566944 -3.065050
 H -5.888247 0.857722 -4.162590
 H 0.378501 -4.731567 -0.208267
 H 1.397857 -3.711525 0.341293
 H 3.797260 4.221859 -5.065103
 H 4.711499 2.961638 -4.914677
 H 3.368443 5.451582 4.873025
 H 2.661788 6.102841 6.008512
 H -5.537569 3.666323 -1.107768
 H -4.452037 4.472526 -1.820971
 H 0.066896 0.267451 -2.263831
 H -0.751089 0.518061 -0.980308
 H -3.283350 -2.864973 -1.621865
 H -2.321036 -4.008893 -1.323930
 H -3.577561 5.711969 2.937101
 H -2.686346 5.706560 4.235390
 H -1.258627 2.257848 3.515441
 H -2.077697 3.592699 3.893464
 H -2.140563 -1.237717 -0.649365
 H -3.075437 -0.374848 0.108001
 H -2.464042 -2.389458 4.766686
 H -1.057783 -2.721090 5.407198
 H 1.260303 1.473400 5.615026
 H 0.062565 2.454574 5.581748
 H -4.985987 3.491640 2.249578
 H -3.798018 2.837692 1.529486
 H 3.434959 4.822869 -0.391053
 H 2.921751 4.216043 -1.636536
 H 3.590449 -5.585530 -3.771332
 H 2.154117 -5.360899 -3.184228
 H -2.434216 3.969986 -3.163598
 H -1.600271 4.211841 -1.960831
 H 5.865136 -0.184031 5.424648
 H 4.416020 0.300112 5.265033
 H -2.296520 -0.437745 1.966179
 H -3.541900 0.223515 2.751627
 H 0.251197 -2.606900 -2.533983
 H -0.758540 -2.148839 -1.534315
 H 0.107177 -3.139120 -4.528788
 H 0.708111 -2.827398 -5.883991
 H 5.124693 -6.223990 4.932423
 H 6.426309 -5.470440 4.822053
 H 5.909500 -3.161849 -0.038273
 H 4.723070 -2.243621 0.038915
 H 4.756048 0.123255 1.986203
 H 3.622691 -0.705967 2.592330
 H 1.188404 4.075467 -5.245791
 H 1.615877 5.247531 -4.184421
 H -1.236572 -6.704575 0.563196
 H -1.417991 -5.181395 0.220507
 H -5.078143 -1.982414 -6.485699
 H -4.814006 -0.933824 -5.339676
 H -4.537915 2.208547 -1.050168
 H -4.702011 1.276146 0.174475
 H 5.781074 2.189674 -2.345962
 H 4.307156 1.856921 -2.637750
 H 3.706803 0.196043 -1.003826
 H 2.360809 0.266630 -1.823800
 H -6.180559 -1.168672 1.645609
 H -4.742558 -1.468132 2.151965
 H 0.677874 2.804910 1.510966
 H 1.915129 3.071994 0.696705
K_POINTS
 1
0.0 0.0 0.0 1.0