
&control
    calculation='scf'
    pseudo_dir = './',
    outdir='./outputs',
    disk_io='high'
/
&system
    ibrav= 1, celldm(1)=20.000000, nat=  192, ntyp= 2,
    ecutwfc = 30.0, nosym=.true., occupations='smearing',
    smearing='m-v', degauss=0.025
/
&electrons
    conv_thr =  1.0d-8,
    mixing_beta = 0.7
/
&ions
    pot_extrapolation='second-order'
    wfc_extrapolation='second-order'
    ion_temperature = 'andersen'
    tempw = 1000

/
ATOMIC_SPECIES
 H  1.01  H.blyp-hgh.UPF
 O  16.0  O.blyp-hgh.UPF
ATOMIC_POSITIONS bohr
 O -6.103231 -1.877351 0.074331
 O 3.683862 -1.407861 6.037426
 O -5.676728 7.409995 -5.394137
 O 2.516596 3.180786 -0.482197
 O -4.466324 0.889351 4.495718
 O 0.535269 5.581640 6.021024
 O -2.719183 -5.781854 -2.505308
 O 4.693047 0.296465 4.717289
 O -2.203130 -6.456446 6.696560
 O 1.771076 -2.983467 3.739308
 O 1.898488 -5.469421 1.632744
 O -2.623736 -4.386977 5.059693
 O -3.240254 -7.117303 0.014489
 O -3.324383 -3.553926 -4.570378
 O 2.773854 -4.290921 -0.761806
 O -1.218154 2.845886 -2.088406
 O -1.537518 -2.705692 0.794956
 O -0.383528 -4.715162 3.161750
 O 3.329928 -3.840917 -3.475913
 O 5.580443 4.129945 1.427104
 O 4.649148 -3.877684 4.870377
 O -2.091092 -0.860306 -3.484152
 O -1.443049 3.081231 -4.771997
 O 5.056519 1.291571 0.034317
 O 3.545842 1.416234 -3.712003
 O -4.621774 4.001180 -6.621137
 O 4.703979 -5.469566 0.611083
 O 1.320384 -0.460340 -5.775946
 O -3.079740 1.042898 -5.241420
 O 0.231060 -1.034690 1.809060
 O 6.267336 -2.404693 -3.387102
 O 3.970898 -1.081274 -1.144624
 O -0.990162 4.966119 2.752979
 O -4.705528 -0.234894 -2.443910
 O -0.009025 -4.699841 -0.169992
 O 5.535207 3.000993 -8.308805
 O 3.300145 5.335606 4.728762
 O -6.634681 6.290158 -2.957134
 O 0.529349 0.535780 -2.702219
 O -4.778294 -4.676171 -0.844344
 O -2.961463 7.203400 2.556703
 O -2.148887 3.238566 4.766850
 O -3.096414 0.245291 0.357076
 O -1.552849 -0.876853 4.654548
 O 1.659727 2.053471 5.265970
 O -5.430788 1.654824 1.931273
 O 3.439198 4.970760 -1.714887
 O 1.007684 -5.847603 -3.129805
 O -4.901354 4.757143 -3.990795
 O 6.287536 1.613332 7.825911
 O -0.600001 1.660459 1.926014
 O 0.611386 -2.276574 -3.131830
 O -0.162524 -4.069963 -5.431519
 O 6.861419 -5.807359 4.050311
 O 3.415831 -2.850776 1.579524
 O 6.043750 -0.900523 3.102670
 O 1.533817 3.715134 -4.483028
 O 0.196201 -8.367012 0.067049
 O -4.717510 -2.197320 -6.658855
 O -4.670697 2.316650 -1.030259
 O 4.211936 4.248522 -4.942208
 O 1.396618 -0.933232 -0.608578
 O -5.367900 -4.037164 1.751793
 O 2.002604 2.400987 2.160022
 H -6.507374 -1.843308 -0.814059
 H -5.951823 -2.782160 0.380940
 H 2.746921 -1.122155 6.132758
 H 3.682864 -2.277497 5.548463
 H -6.173870 7.303624 -4.558771
 H -5.237100 8.294219 -5.231625
 H 2.846067 4.098036 -0.687370
 H 2.312181 2.946722 -1.420662
 H -4.784132 0.019805 4.826326
 H -4.805643 1.026457 3.580868
 H 0.705476 6.557604 5.993896
 H 1.377266 5.128051 6.241309
 H -2.957909 -5.978938 -3.438101
 H -3.392164 -5.108122 -2.247689
 H 5.067342 1.176986 4.597886
 H 4.430848 -0.076310 5.622582
 H -2.757377 -7.234064 6.507960
 H -1.323770 -6.790905 6.362149
 H 1.468227 -2.099452 3.448979
 H 2.173300 -3.382299 2.934921
 H 1.287470 -5.283297 2.386428
 H 1.133273 -5.272104 0.993994
 H -2.403330 -5.257848 5.521137
 H -2.243535 -4.400680 4.178430
 H -3.641011 -7.882837 -0.450769
 H -3.561958 -6.320039 -0.468056
 H -3.331893 -2.935741 -3.803579
 H -2.460540 -3.447243 -5.012877
 H 2.856548 -4.235038 -1.733377
 H 2.027252 -4.905833 -0.548018
 H -1.190728 3.372162 -2.918904
 H -0.840044 3.507241 -1.445348
 H -2.139411 -2.086814 0.325398
 H -0.820594 -2.116278 1.231136
 H 0.083078 -4.023921 3.670554
 H -1.212181 -4.338611 2.773077
 H 2.473281 -4.313898 -3.274315
 H 2.830302 -2.994150 -3.601254
 H 5.785982 4.796728 0.727637
 H 6.136646 3.369166 1.214390
 H 5.329588 -3.194868 4.623132
 H 4.772019 -3.951927 5.841672
 H -1.167590 -1.067415 -3.196525
 H -2.044128 -0.545161 -4.403462
 H -0.543819 2.783341 -5.052172
 H -2.113417 2.323772 -4.724188
 H 5.894026 1.482033 -0.467179
 H 4.496472 2.056525 -0.261317
 H 3.831102 1.491151 -2.780040
 H 3.590523 2.379218 -3.857536
 H -5.211467 4.109897 -7.410778
 H -4.615219 3.031975 -6.459425
 H 4.271585 -5.669131 1.465480
 H 3.895945 -5.292651 0.048550
 H 0.568367 -0.538880 -6.378969
 H 1.742811 0.359463 -6.146076
 H -3.174272 0.802635 -6.200865
 H -3.989828 1.027381 -4.841564
 H 0.070375 -0.102880 2.080699
 H 0.844565 -1.174175 1.001759
 H 6.348478 -2.237393 -4.339546
 H 5.425407 -2.923858 -3.404137
 H 4.394943 -0.256218 -0.751287
 H 4.081074 -1.688007 -0.393164
 H -1.332729 5.895015 2.844012
 H -1.318522 4.436677 3.545451
 H -3.797354 -0.345073 -2.809628
 H -5.252173 -1.004428 -2.733949
 H -0.590508 -5.485359 -0.069390
 H -0.565410 -3.895300 0.071982
 H 5.469953 3.595318 -9.111124
 H 6.204570 2.426526 -8.767636
 H 2.711271 5.324751 3.947709
 H 3.119120 6.095555 5.302810
 H -6.181411 5.444478 -3.070199
 H -6.003927 6.641979 -2.253357
 H -0.053838 1.284407 -2.392685
 H 1.271914 0.976082 -3.180853
 H -4.676123 -3.911082 -1.424132
 H -5.148123 -4.385806 0.069183
 H -3.023112 6.823175 1.658159
 H -3.516726 6.637370 3.130430
 H -3.112461 3.175952 4.647890
 H -1.915375 3.023865 5.717360
 H -2.366029 0.472781 -0.249726
 H -3.774611 -0.234755 -0.154618
 H -1.345052 -1.209809 3.755010
 H -1.318458 -1.678580 5.160491
 H 2.266382 1.967014 4.478718
 H 2.319259 2.575849 5.785161
 H -6.302721 1.295445 2.220259
 H -5.602513 1.748693 0.971281
 H 3.765596 5.752815 -1.239009
 H 4.007936 4.948383 -2.502477
 H 0.199011 -5.808774 -3.691464
 H 0.846249 -6.430916 -2.367564
 H -4.347108 4.506693 -4.794821
 H -4.714913 3.985550 -3.404136
 H 5.575603 0.948130 8.046971
 H 5.956312 1.923084 6.952043
 H -1.211779 1.537165 1.213713
 H -0.875966 2.396899 2.531437
 H 0.849236 -2.305399 -2.185127
 H 0.965609 -1.386603 -3.374688
 H 0.058379 -3.267585 -4.919286
 H -0.976777 -4.005894 -5.996661
 H 7.026259 -5.246319 4.852580
 H 5.887839 -5.650050 3.952238
 H 4.361149 -3.109081 1.678393
 H 3.021243 -3.417148 0.876634
 H 5.231319 -1.143423 2.624544
 H 5.617439 -0.431204 3.886069
 H 2.421045 4.085400 -4.311511
 H 1.004215 4.508992 -4.227098
 H 1.154448 -8.470366 0.226746
 H -0.102905 -8.339935 1.017785
 H -3.895523 -2.733961 -6.825199
 H -4.847959 -1.710945 -7.493604
 H -4.119263 1.731775 -0.461247
 H -4.746692 1.689905 -1.787244
 H 5.152353 3.988102 -4.957092
 H 4.099266 4.581481 -5.865408
 H 2.343891 -1.098660 -0.764071
 H 0.938766 -0.475270 -1.364352
 H -4.487492 -3.631324 1.840472
 H -5.411655 -4.775495 2.397997
 H 2.910436 2.366298 1.751500
 H 1.637113 1.546827 1.858629
K_POINTS
 1
0.0 0.0 0.0 1.0