
&control
    calculation='scf'
    pseudo_dir = './',
    outdir='./outputs',
    disk_io='high'
/
&system
    ibrav= 1, celldm(1)=20.000000, nat=  192, ntyp= 2,
    ecutwfc = 30.0, nosym=.true., occupations='smearing',
    smearing='m-v', degauss=0.025
/
&electrons
    conv_thr =  1.0d-8,
    mixing_beta = 0.7
/
&ions
    pot_extrapolation='second-order'
    wfc_extrapolation='second-order'
    ion_temperature = 'andersen'
    tempw = 1000

/
ATOMIC_SPECIES
 H  1.01  H.blyp-hgh.UPF
 O  16.0  O.blyp-hgh.UPF
ATOMIC_POSITIONS bohr
 O -6.104566 -1.876582 0.072651
 O 3.681568 -1.409208 6.042186
 O -5.679301 7.416256 -5.389775
 O 2.531208 3.175802 -0.478320
 O -4.461803 0.882335 4.497526
 O 0.537182 5.579345 6.014006
 O -2.728114 -5.785085 -2.501982
 O 4.698991 0.289399 4.714436
 O -2.203847 -6.451978 6.701588
 O 1.770061 -2.983742 3.745376
 O 1.899106 -5.469778 1.626239
 O -2.624821 -4.385858 5.055556
 O -3.234606 -7.120792 0.014448
 O -3.324890 -3.549278 -4.571806
 O 2.780231 -4.285021 -0.757057
 O -1.216487 2.840905 -2.094465
 O -1.537581 -2.700943 0.791531
 O -0.387318 -4.713069 3.159482
 O 3.314818 -3.838949 -3.468882
 O 5.582220 4.130678 1.419630
 O 4.647604 -3.874809 4.879912
 O -2.088977 -0.858680 -3.483207
 O -1.444613 3.073723 -4.774328
 O 5.054319 1.296681 0.024156
 O 3.539911 1.412968 -3.710675
 O -4.616625 4.004427 -6.626423
 O 4.700590 -5.476041 0.611085
 O 1.324153 -0.458590 -5.771347
 O -3.085807 1.048398 -5.240953
 O 0.223637 -1.037353 1.810766
 O 6.269582 -2.405380 -3.390391
 O 3.970446 -1.089321 -1.144288
 O -0.998319 4.968384 2.754885
 O -4.700954 -0.234960 -2.438987
 O -0.010248 -4.706931 -0.160787
 O 5.529902 3.000004 -8.313068
 O 3.288242 5.334624 4.720120
 O -6.641912 6.294412 -2.956928
 O 0.533827 0.535525 -2.709652
 O -4.779664 -4.685136 -0.846887
 O -2.962393 7.210133 2.558792
 O -2.140414 3.240866 4.772970
 O -3.098867 0.247703 0.359455
 O -1.551879 -0.875759 4.650148
 O 1.669496 2.054298 5.266240
 O -5.433478 1.641819 1.937373
 O 3.443651 4.973398 -1.718405
 O 1.005246 -5.850612 -3.128075
 O -4.910489 4.756617 -3.991768
 O 6.297366 1.613734 7.829321
 O -0.600084 1.659740 1.922955
 O 0.614427 -2.276171 -3.129699
 O -0.160745 -4.071273 -5.431807
 O 6.864985 -5.808582 4.048520
 O 3.412286 -2.850504 1.583005
 O 6.047168 -0.894393 3.108064
 O 1.533481 3.710758 -4.480484
 O 0.198738 -8.366758 0.059559
 O -4.718623 -2.207088 -6.659244
 O -4.673853 2.324572 -1.034718
 O 4.214196 4.248521 -4.943188
 O 1.396485 -0.937957 -0.605730
 O -5.370246 -4.033406 1.750745
 O 2.012895 2.403151 2.166521
 H -6.530273 -1.848236 -0.804925
 H -5.956324 -2.782666 0.388527
 H 2.743323 -1.123458 6.136714
 H 3.674003 -2.281964 5.553492
 H -6.186644 7.307089 -4.561182
 H -5.221832 8.298622 -5.253059
 H 2.852256 4.092480 -0.706398
 H 2.300846 2.938311 -1.413981
 H -4.779943 0.015922 4.822598
 H -4.793270 1.027592 3.585113
 H 0.731439 6.553818 5.995028
 H 1.380129 5.126563 6.229358
 H -2.952907 -5.966785 -3.443608
 H -3.400183 -5.097811 -2.281884
 H 5.075091 1.172892 4.603119
 H 4.415617 -0.064716 5.620477
 H -2.764005 -7.232428 6.511340
 H -1.323941 -6.794699 6.379931
 H 1.465398 -2.089258 3.443024
 H 2.154364 -3.386909 2.940384
 H 1.288414 -5.272422 2.375393
 H 1.125094 -5.276006 0.996367
 H -2.405004 -5.247324 5.534036
 H -2.237994 -4.403151 4.173684
 H -3.631083 -7.889810 -0.453520
 H -3.545492 -6.325065 -0.483500
 H -3.322993 -2.926239 -3.806796
 H -2.455787 -3.436970 -5.006044
 H 2.853767 -4.235384 -1.730070
 H 2.034140 -4.912983 -0.550684
 H -1.181200 3.369330 -2.914003
 H -0.833699 3.502129 -1.459197
 H -2.139396 -2.079227 0.325065
 H -0.821176 -2.114978 1.229253
 H 0.089585 -4.018046 3.648896
 H -1.207908 -4.321159 2.774021
 H 2.458639 -4.327444 -3.264308
 H 2.814626 -2.995633 -3.604752
 H 5.781949 4.791645 0.720569
 H 6.151862 3.368148 1.227353
 H 5.328209 -3.204559 4.601451
 H 4.757905 -3.930593 5.853981
 H -1.171670 -1.066579 -3.179959
 H -2.042969 -0.547636 -4.406986
 H -0.551595 2.776354 -5.060162
 H -2.114773 2.322690 -4.699863
 H 5.893159 1.474431 -0.482305
 H 4.499536 2.060058 -0.281815
 H 3.827375 1.483975 -2.781033
 H 3.615713 2.375140 -3.858971
 H -5.209086 4.108803 -7.422798
 H -4.626914 3.034515 -6.473665
 H 4.278704 -5.673882 1.473751
 H 3.888246 -5.265237 0.060822
 H 0.573088 -0.549215 -6.372136
 H 1.744960 0.356450 -6.152244
 H -3.172370 0.837895 -6.207578
 H -4.002134 1.032078 -4.855577
 H 0.078220 -0.104424 2.084903
 H 0.837859 -1.195330 1.009231
 H 6.364767 -2.246240 -4.342963
 H 5.423690 -2.910515 -3.399857
 H 4.398624 -0.274398 -0.742639
 H 4.059666 -1.702455 -0.389707
 H -1.331908 5.894489 2.831399
 H -1.315985 4.445400 3.540461
 H -3.794774 -0.356503 -2.806420
 H -5.253316 -1.003754 -2.723651
 H -0.609217 -5.483704 -0.072793
 H -0.568781 -3.899183 0.069881
 H 5.475035 3.613037 -9.101257
 H 6.211418 2.455870 -8.787209
 H 2.711417 5.311024 3.933056
 H 3.113440 6.112885 5.271304
 H -6.199414 5.451767 -3.064291
 H -5.991933 6.647539 -2.270372
 H -0.055929 1.282054 -2.395976
 H 1.266180 0.989758 -3.186232
 H -4.696808 -3.924545 -1.441591
 H -5.140620 -4.366188 0.057162
 H -3.010170 6.827798 1.658151
 H -3.513884 6.648014 3.133315
 H -3.103399 3.180120 4.663564
 H -1.908463 3.028467 5.722666
 H -2.360774 0.481373 -0.233807
 H -3.788655 -0.213639 -0.154854
 H -1.343308 -1.205980 3.751255
 H -1.291716 -1.670537 5.157541
 H 2.278739 1.943798 4.478124
 H 2.325543 2.592708 5.771458
 H -6.310934 1.277351 2.214403
 H -5.588052 1.746731 0.976658
 H 3.797222 5.750062 -1.243051
 H 3.999877 4.947491 -2.512747
 H 0.191309 -5.800410 -3.675994
 H 0.841924 -6.424210 -2.361080
 H -4.352222 4.501187 -4.784831
 H -4.714445 3.976317 -3.412102
 H 5.589352 0.961572 8.077040
 H 5.953694 1.922922 6.963769
 H -1.208775 1.536220 1.212123
 H -0.880670 2.398366 2.528825
 H 0.853985 -2.313443 -2.186972
 H 0.992577 -1.396001 -3.371916
 H 0.053316 -3.268670 -4.911730
 H -0.993588 -4.026437 -5.968020
 H 7.014036 -5.229878 4.845127
 H 5.887110 -5.664167 3.957039
 H 4.363022 -3.095087 1.662820
 H 3.033894 -3.416751 0.865514
 H 5.228619 -1.130475 2.633224
 H 5.619249 -0.417122 3.888158
 H 2.412131 4.083429 -4.296291
 H 0.993181 4.507126 -4.237925
 H 1.158727 -8.469392 0.221207
 H -0.091340 -8.340935 1.014849
 H -3.887567 -2.729506 -6.831012
 H -4.861326 -1.716092 -7.490732
 H -4.120229 1.741806 -0.465796
 H -4.736715 1.709143 -1.803167
 H 5.151428 3.979919 -4.940542
 H 4.106810 4.601404 -5.857024
 H 2.341882 -1.111193 -0.760603
 H 0.935649 -0.462308 -1.349097
 H -4.490593 -3.624049 1.833286
 H -5.405787 -4.769354 2.398479
 H 2.909990 2.338050 1.747197
 H 1.626890 1.547440 1.887945
K_POINTS
 1
0.0 0.0 0.0 1.0