
&control
    calculation='scf'
    pseudo_dir = './',
    outdir='./outputs',
    disk_io='high'
/
&system
    ibrav= 1, celldm(1)=20.000000, nat=  192, ntyp= 2,
    ecutwfc = 30.0, nosym=.true., occupations='smearing',
    smearing='m-v', degauss=0.025
/
&electrons
    conv_thr =  1.0d-8,
    mixing_beta = 0.7
/
&ions
    pot_extrapolation='second-order'
    wfc_extrapolation='second-order'
    ion_temperature = 'andersen'
    tempw = 1000

/
ATOMIC_SPECIES
 H  1.01  H.blyp-hgh.UPF
 O  16.0  O.blyp-hgh.UPF
ATOMIC_POSITIONS bohr
 O -6.104985 -1.876264 0.072096
 O 3.680823 -1.409743 6.043814
 O -5.680150 7.418451 -5.388341
 O 2.536111 3.174057 -0.477071
 O -4.460295 0.880019 4.498179
 O 0.537828 5.578638 6.011662
 O -2.731120 -5.786137 -2.500904
 O 4.700946 0.287089 4.713506
 O -2.204050 -6.450521 6.703227
 O 1.769660 -2.983804 3.747440
 O 1.899224 -5.469881 1.624069
 O -2.625195 -4.385446 5.054272
 O -3.232750 -7.121939 0.014448
 O -3.325073 -3.547707 -4.572246
 O 2.782312 -4.283115 -0.755439
 O -1.215894 2.839280 -2.096447
 O -1.537590 -2.699349 0.790395
 O -0.388616 -4.712368 3.158721
 O 3.309653 -3.838267 -3.466518
 O 5.582796 4.130949 1.417125
 O 4.647113 -3.873803 4.883090
 O -2.088269 -0.858170 -3.482862
 O -1.445145 3.071242 -4.775127
 O 5.053588 1.298419 0.020694
 O 3.537943 1.411915 -3.710178
 O -4.614930 4.005474 -6.628224
 O 4.699440 -5.478239 0.611086
 O 1.325433 -0.457981 -5.769811
 O -3.087878 1.050214 -5.240812
 O 0.221201 -1.038328 1.811348
 O 6.270291 -2.405640 -3.391503
 O 3.970333 -1.091964 -1.144163
 O -1.001049 4.969103 2.755537
 O -4.699418 -0.234955 -2.437332
 O -0.010678 -4.709323 -0.157714
 O 5.528204 2.999677 -8.314584
 O 3.284325 5.334254 4.717263
 O -6.644311 6.295921 -2.956731
 O 0.535317 0.535489 -2.712130
 O -4.780148 -4.688135 -0.847693
 O -2.962700 7.212383 2.559452
 O -2.137523 3.241617 4.775015
 O -3.099673 0.248527 0.360267
 O -1.551525 -0.875442 4.648683
 O 1.672891 2.054577 5.266309
 O -5.434415 1.637502 1.939440
 O 3.445160 4.974378 -1.719611
 O 1.004453 -5.851621 -3.127538
 O -4.913441 4.756309 -3.992103
 O 6.300611 1.613840 7.830428
 O -0.600037 1.659509 1.922059
 O 0.615471 -2.276003 -3.129032
 O -0.160152 -4.071744 -5.431930
 O 6.866124 -5.808945 4.047937
 O 3.411132 -2.850385 1.584149
 O 6.048333 -0.892381 3.109831
 O 1.533331 3.709352 -4.479607
 O 0.199533 -8.366625 0.057151
 O -4.718966 -2.210343 -6.659388
 O -4.674935 2.327175 -1.036206
 O 4.214962 4.248517 -4.943543
 O 1.396330 -0.939575 -0.604726
 O -5.371047 -4.032107 1.750339
 O 2.016422 2.403829 2.168693
 H -6.537814 -1.850162 -0.801855
 H -5.958021 -2.782966 0.391037
 H 2.741907 -1.124157 6.138136
 H 3.671017 -2.283023 5.555200
 H -6.190933 7.307895 -4.561828
 H -5.216754 8.299467 -5.260359
 H 2.854545 4.090329 -0.712659
 H 2.296913 2.935379 -1.411284
 H -4.778551 0.014877 4.821098
 H -4.788897 1.027630 3.586457
 H 0.740016 6.552206 5.995500
 H 1.380868 5.126061 6.225290
 H -2.951097 -5.962714 -3.445338
 H -3.402516 -5.094672 -2.293315
 H 5.077502 1.171990 4.605266
 H 4.410648 -0.060880 5.619317
 H -2.766334 -7.231786 6.512381
 H -1.324009 -6.795853 6.386112
 H 1.464583 -2.086178 3.440968
 H 2.148295 -3.388249 2.942140
 H 1.288933 -5.268983 2.372020
 H 1.122778 -5.277396 0.997033
 H -2.405759 -5.243716 5.538286
 H -2.235998 -4.404172 4.171949
 H -3.627623 -7.891924 -0.454374
 H -3.539949 -6.327066 -0.488731
 H -3.319815 -2.923152 -3.808213
 H -2.454342 -3.433565 -5.003536
 H 2.853043 -4.235361 -1.729038
 H 2.036504 -4.914849 -0.551799
 H -1.178226 3.368140 -2.912732
 H -0.831590 3.500072 -1.463483
 H -2.139185 -2.076788 0.325127
 H -0.821847 -2.114495 1.228501
 H 0.092005 -4.015787 3.641691
 H -1.206119 -4.315409 2.774259
 H 2.454150 -4.332418 -3.261407
 H 2.809832 -2.995990 -3.606037
 H 5.780488 4.789993 0.718460
 H 6.157081 3.367793 1.231721
 H 5.327525 -3.208082 4.594333
 H 4.753416 -3.923625 5.857981
 H -1.173213 -1.066279 -3.174611
 H -2.042575 -0.548283 -4.408098
 H -0.554488 2.773847 -5.062685
 H -2.114619 2.322364 -4.691986
 H 5.892755 1.471781 -0.487339
 H 4.500371 2.061138 -0.288401
 H 3.826135 1.481037 -2.781151
 H 3.623978 2.373931 -3.860079
 H -5.208218 4.108527 -7.426418
 H -4.630849 3.035457 -6.478484
 H 4.281103 -5.675503 1.476417
 H 3.886066 -5.255816 0.065070
 H 0.574355 -0.552740 -6.370048
 H 1.745439 0.355687 -6.154212
 H -3.171789 0.849793 -6.209586
 H -4.006062 1.033579 -4.860471
 H 0.080866 -0.104778 2.085942
 H 0.835322 -1.201660 1.011986
 H 6.370446 -2.249048 -4.344355
 H 5.423155 -2.905993 -3.398122
 H 4.399644 -0.280556 -0.739893
 H 4.052535 -1.707508 -0.388370
 H -1.331472 5.893880 2.827316
 H -1.315089 4.448666 3.538596
 H -3.793900 -0.360493 -2.805379
 H -5.253625 -1.003467 -2.720206
 H -0.615404 -5.482985 -0.074055
 H -0.569891 -3.900682 0.069176
 H 5.476268 3.619183 -9.097667
 H 6.213717 2.465667 -8.793285
 H 2.711349 5.306620 3.928339
 H 3.111370 6.118901 5.260450
 H -6.205208 5.453760 -3.062922
 H -5.988484 6.649546 -2.276281
 H -0.056620 1.281290 -2.397203
 H 1.264192 0.994225 -3.187964
 H -4.703844 -3.928744 -1.447322
 H -5.137906 -4.359980 0.052696
 H -3.005909 6.829123 1.658205
 H -3.513054 6.651535 3.134221
 H -3.100343 3.181531 4.668973
 H -1.906373 3.030196 5.724034
 H -2.359178 0.484075 -0.228715
 H -3.793317 -0.206730 -0.155132
 H -1.342791 -1.204434 3.749912
 H -1.282924 -1.667839 5.156686
 H 2.282221 1.935943 4.477837
 H 2.327173 2.598353 5.767140
 H -6.313437 1.271041 2.212210
 H -5.582994 1.745948 0.978550
 H 3.807895 5.749221 -1.244411
 H 3.997335 4.947297 -2.516375
 H 0.188769 -5.797504 -3.670598
 H 0.840285 -6.421928 -2.358887
 H -4.354542 4.499733 -4.781283
 H -4.714323 3.973522 -3.414796
 H 5.594197 0.966311 8.087118
 H 5.952946 1.922857 6.967764
 H -1.208423 1.536104 1.211219
 H -0.882266 2.398444 2.527540
 H 0.855506 -2.316278 -2.187282
 H 1.001376 -1.399279 -3.371103
 H 0.051390 -3.269057 -4.909254
 H -0.998882 -4.033064 -5.958310
 H 7.010068 -5.224692 4.842546
 H 5.887109 -5.669050 3.958682
 H 4.363340 -3.090540 1.657511
 H 3.038361 -3.416607 0.861879
 H 5.227848 -1.126287 2.635932
 H 5.619760 -0.412628 3.888892
 H 2.409470 4.082670 -4.291292
 H 0.989481 4.506231 -4.241609
 H 1.160221 -8.469391 0.219058
 H -0.087753 -8.341087 1.013440
 H -3.885228 -2.727948 -6.832852
 H -4.865871 -1.718048 -7.489923
 H -4.120317 1.745305 -0.467104
 H -4.733504 1.715596 -1.808614
 H 5.151279 3.977268 -4.934862
 H 4.109208 4.607973 -5.854181
 H 2.341559 -1.115091 -0.759855
 H 0.935071 -0.457810 -1.343920
 H -4.491556 -3.621734 1.831194
 H -5.403731 -4.767365 2.398796
 H 2.909443 2.328840 1.745932
 H 1.623281 1.547860 1.897730
K_POINTS
 1
0.0 0.0 0.0 1.0