
&control
    calculation='scf'
    pseudo_dir = './',
    outdir='./outputs',
    disk_io='high'
/
&system
    ibrav= 1, celldm(1)=20.000000, nat=  192, ntyp= 2,
    ecutwfc = 30.0, nosym=.true., occupations='smearing',
    smearing='m-v', degauss=0.025
/
&electrons
    conv_thr =  1.0d-8,
    mixing_beta = 0.7
/
&ions
    pot_extrapolation='second-order'
    wfc_extrapolation='second-order'
    ion_temperature = 'andersen'
    tempw = 1000

/
ATOMIC_SPECIES
 H  1.01  H.blyp-hgh.UPF
 O  16.0  O.blyp-hgh.UPF
ATOMIC_POSITIONS bohr
 O -6.106522 -1.874753 0.069925
 O 3.677912 -1.412319 6.050525
 O -5.683491 7.427742 -5.382754
 O 2.555855 3.166673 -0.472353
 O -4.454208 0.870934 4.501075
 O 0.540476 5.576143 6.002275
 O -2.743315 -5.790203 -2.496812
 O 4.708635 0.278166 4.709918
 O -2.204736 -6.444917 6.709611
 O 1.767679 -2.983738 3.755875
 O 1.899260 -5.470217 1.615388
 O -2.626750 -4.383592 5.049573
 O -3.225471 -7.126438 0.014484
 O -3.325830 -3.541288 -4.573814
 O 2.790343 -4.275843 -0.748813
 O -1.213343 2.832897 -2.104136
 O -1.537579 -2.692944 0.785867
 O -0.393958 -4.709543 3.155664
 O 3.288326 -3.835483 -3.456948
 O 5.585051 4.132041 1.407099
 O 4.645227 -3.869576 4.895773
 O -2.085464 -0.856278 -3.481360
 O -1.447352 3.061502 -4.778414
 O 5.050710 1.305530 0.006453
 O 3.530131 1.407920 -3.707946
 O -4.608315 4.009474 -6.635690
 O 4.694712 -5.487204 0.611111
 O 1.330654 -0.455432 -5.763659
 O -3.096405 1.057397 -5.240320
 O 0.211638 -1.042666 1.813775
 O 6.272983 -2.406787 -3.396014
 O 3.970053 -1.102435 -1.143552
 O -1.011922 4.971771 2.758072
 O -4.693226 -0.234813 -2.430649
 O -0.012565 -4.719042 -0.145409
 O 5.521773 2.998421 -8.321106
 O 3.268909 5.332578 4.705994
 O -6.653879 6.302502 -2.955306
 O 0.541207 0.535621 -2.721998
 O -4.782200 -4.700096 -0.850777
 O -2.963876 7.221443 2.561849
 O -2.125620 3.244547 4.783199
 O -3.102862 0.251919 0.363641
 O -1.549945 -0.874421 4.642867
 O 1.687158 2.055679 5.266437
 O -5.438398 1.620320 1.947895
 O 3.451346 4.978857 -1.724559
 O 1.001414 -5.855679 -3.125577
 O -4.924807 4.754379 -3.993412
 O 6.313500 1.614165 7.834747
 O -0.599478 1.658638 1.919102
 O 0.619800 -2.275166 -3.126606
 O -0.157757 -4.073776 -5.432519
 O 6.870402 -5.810138 4.045713
 O 3.406644 -2.849810 1.588582
 O 6.053087 -0.884495 3.116729
 O 1.532462 3.704001 -4.475953
 O 0.202497 -8.365859 0.047969
 O -4.720202 -2.223342 -6.660051
 O -4.679400 2.337399 -1.042177
 O 4.218074 4.248471 -4.945043
 O 1.395161 -0.946271 -0.600433
 O -5.374337 -4.026669 1.748435
 O 2.030929 2.406278 2.177422
 H -6.567543 -1.859270 -0.789515
 H -5.965875 -2.784385 0.400885
 H 2.735327 -1.128291 6.144401
 H 3.659010 -2.284991 5.562196
 H -6.207979 7.309778 -4.563659
 H -5.196883 8.299600 -5.289922
 H 2.864911 4.080304 -0.737164
 H 2.280525 2.922949 -1.397883
 H -4.773160 0.011404 4.813991
 H -4.770368 1.026157 3.591113
 H 0.773569 6.543935 5.997779
 H 1.382849 5.123741 6.208609
 H -2.942894 -5.946611 -3.451660
 H -3.410152 -5.083442 -2.338792
 H 5.086100 1.170371 4.615758
 H 4.391421 -0.045870 5.612404
 H -2.775872 -7.228205 6.516212
 H -1.324255 -6.799887 6.411964
 H 1.462294 -2.076532 3.432845
 H 2.125494 -3.392887 2.948478
 H 1.292036 -5.256184 2.360316
 H 1.115562 -5.283444 0.998817
 H -2.409691 -5.228888 5.554828
 H -2.227415 -4.409338 4.164792
 H -3.612986 -7.899213 -0.457387
 H -3.517462 -6.336876 -0.509907
 H -3.306276 -2.911221 -3.815517
 H -2.449385 -3.420140 -4.992505
 H 2.851345 -4.234429 -1.725252
 H 2.046644 -4.919460 -0.557231
 H -1.167373 3.362501 -2.910267
 H -0.823084 3.490243 -1.478561
 H -2.137393 -2.067458 0.326198
 H -0.826852 -2.112254 1.224951
 H 0.103082 -4.005260 3.613142
 H -1.197436 -4.292760 2.774614
 H 2.438595 -4.354042 -3.252155
 H 2.792580 -2.996784 -3.611705
 H 5.774295 4.783935 0.710761
 H 6.178285 3.366885 1.249432
 H 5.323680 -3.223547 4.566744
 H 4.736758 -3.896303 5.873325
 H -1.180082 -1.064950 -3.154259
 H -2.040837 -0.550097 -4.411880
 H -0.567096 2.762712 -5.072169
 H -2.111191 2.320970 -4.661765
 H 5.890481 1.460631 -0.507282
 H 4.502692 2.065093 -0.313508
 H 3.821136 1.466589 -2.780369
 H 3.656299 2.369536 -3.867568
 H -5.204071 4.108046 -7.438567
 H -4.646643 3.039557 -6.497915
 H 4.290885 -5.682139 1.486339
 H 3.879473 -5.217013 0.082951
 H 0.577938 -0.567217 -6.362587
 H 1.746176 0.353938 -6.161619
 H -3.169726 0.897993 -6.216556
 H -4.020951 1.039264 -4.881061
 H 0.091607 -0.105421 2.088231
 H 0.823880 -1.223241 1.024160
 H 6.394275 -2.259715 -4.351012
 H 5.420886 -2.887710 -3.389839
 H 4.402805 -0.305301 -0.729477
 H 4.024008 -1.728490 -0.382567
 H -1.329233 5.890029 2.811787
 H -1.311706 4.462944 3.531180
 H -3.790340 -0.377268 -2.801345
 H -5.254471 -1.001964 -2.706353
 H -0.639650 -5.479218 -0.079745
 H -0.574131 -3.907654 0.066328
 H 5.478640 3.645030 -9.081843
 H 6.223141 2.504448 -8.815448
 H 2.710362 5.289881 3.910081
 H 3.102275 6.144025 5.215180
 H -6.227080 5.458796 -3.060522
 H -5.977476 6.658385 -2.300965
 H -0.059203 1.278065 -2.402858
 H 1.256131 1.011677 -3.194768
 H -4.732659 -3.944571 -1.469618
 H -5.126154 -4.337050 0.032838
 H -2.989234 6.833409 1.658987
 H -3.510556 6.665197 3.137728
 H -3.088163 3.187326 4.691415
 H -1.898923 3.038009 5.727827
 H -2.353638 0.494022 -0.209610
 H -3.811603 -0.179688 -0.157298
 H -1.341031 -1.197002 3.743951
 H -1.248441 -1.656819 5.153757
 H 2.292830 1.904137 4.476632
 H 2.331520 2.621109 5.751104
 H -6.321984 1.244537 2.202181
 H -5.561708 1.742186 0.986490
 H 3.850995 5.745767 -1.250052
 H 3.987859 4.946950 -2.532021
 H 0.178504 -5.785246 -3.648069
 H 0.832773 -6.412670 -2.349792
 H -4.366512 4.495840 -4.766737
 H -4.714252 3.964085 -3.425730
 H 5.614476 0.986143 8.127681
 H 5.950404 1.922580 6.983846
 H -1.210256 1.536603 1.205683
 H -0.888724 2.396626 2.520303
 H 0.861307 -2.328349 -2.186774
 H 1.035526 -1.413038 -3.368389
 H 0.042398 -3.271006 -4.899667
 H -1.018578 -4.058426 -5.918803
 H 6.994888 -5.205602 4.831616
 H 5.888356 -5.689553 3.965308
 H 4.363252 -3.072859 1.635905
 H 3.057331 -3.415698 0.848032
 H 5.225609 -1.110206 2.645899
 H 5.621523 -0.395848 3.892003
 H 2.400707 4.079299 -4.271588
 H 0.974845 4.500989 -4.256812
 H 1.166431 -8.470971 0.208857
 H -0.074848 -8.340794 1.005626
 H -3.877435 -2.721371 -6.839766
 H -4.884473 -1.727163 -7.487284
 H -4.119582 1.760069 -0.471451
 H -4.721196 1.741638 -1.830830
 H 5.151475 3.967164 -4.911565
 H 4.118390 4.633883 -5.842741
 H 2.341793 -1.129129 -0.758954
 H 0.935191 -0.439076 -1.322867
 H -4.495094 -3.613024 1.824341
 H -5.395060 -4.759766 2.400826
 H 2.905767 2.293117 1.741509
 H 1.607932 1.550929 1.937018
K_POINTS
 1
0.0 0.0 0.0 1.0