
&control
    calculation='scf'
    pseudo_dir = './',
    outdir='./outputs',
    disk_io='high'
/
&system
    ibrav= 1, celldm(1)=20.000000, nat=  192, ntyp= 2,
    ecutwfc = 30.0, nosym=.true., occupations='smearing',
    smearing='m-v', degauss=0.025
/
&electrons
    conv_thr =  1.0d-8,
    mixing_beta = 0.7
/
&ions
    pot_extrapolation='second-order'
    wfc_extrapolation='second-order'
    ion_temperature = 'andersen'
    tempw = 1000

/
ATOMIC_SPECIES
 H  1.01  H.blyp-hgh.UPF
 O  16.0  O.blyp-hgh.UPF
ATOMIC_POSITIONS bohr
 O -6.106868 -1.874326 0.069398
 O 3.677194 -1.413069 6.052251
 O -5.684313 7.430183 -5.381402
 O 2.560817 3.164730 -0.471251
 O -4.452663 0.868721 4.501874
 O 0.541157 5.575609 5.999928
 O -2.746412 -5.791183 -2.495855
 O 4.710524 0.276034 4.709058
 O -2.204888 -6.443582 6.711165
 O 1.767078 -2.983617 3.758024
 O 1.899162 -5.470281 1.613220
 O -2.627151 -4.383074 5.048497
 O -3.223689 -7.127539 0.014497
 O -3.326018 -3.539648 -4.574158
 O 2.792268 -4.274118 -0.747123
 O -1.212664 2.831319 -2.105989
 O -1.537567 -2.691342 0.784737
 O -0.395324 -4.708828 3.154900
 O 3.282826 -3.834788 -3.454526
 O 5.585606 4.132293 1.404605
 O 4.644768 -3.868475 4.898933
 O -2.084778 -0.855840 -3.480961
 O -1.447928 3.059126 -4.779253
 O 5.050006 1.307342 0.002796
 O 3.528197 1.406986 -3.707334
 O -4.606711 4.010428 -6.637634
 O 4.693494 -5.489484 0.611124
 O 1.331980 -0.454766 -5.762122
 O -3.098596 1.059172 -5.240216
 O 0.209291 -1.043857 1.814415
 O 6.273632 -2.407092 -3.397159
 O 3.970023 -1.105048 -1.143363
 O -1.014609 4.972383 2.758656
 O -4.691666 -0.234750 -2.428964
 O -0.013087 -4.721510 -0.142330
 O 5.520258 2.998128 -8.322850
 O 3.265118 5.332116 4.703224
 O -6.656268 6.304290 -2.954797
 O 0.542652 0.535727 -2.724446
 O -4.782738 -4.703061 -0.851529
 O -2.964151 7.223727 2.562377
 O -2.122561 3.245262 4.785238
 O -3.103657 0.252789 0.364519
 O -1.549507 -0.874229 4.641430
 O 1.690892 2.055943 5.266425
 O -5.439455 1.616044 1.950057
 O 3.452937 4.980128 -1.725820
 O 1.000693 -5.856698 -3.125130
 O -4.927548 4.753718 -3.993713
 O 6.316714 1.614230 7.835807
 O -0.599251 1.658433 1.918512
 O 0.620920 -2.274919 -3.126062
 O -0.157146 -4.074314 -5.432684
 O 6.871400 -5.810367 4.045188
 O 3.405554 -2.849648 1.589641
 O 6.054295 -0.882566 3.118406
 O 1.532166 3.702732 -4.475004
 O 0.203194 -8.365610 0.045785
 O -4.720480 -2.226583 -6.660240
 O -4.680548 2.339908 -1.043678
 O 4.218862 4.248448 -4.945427
 O 1.394737 -0.948001 -0.599289
 O -5.375177 -4.025247 1.747892
 O 2.034638 2.406815 2.179618
 H -6.574869 -1.861891 -0.786424
 H -5.968119 -2.784712 0.403285
 H 2.733495 -1.129660 6.146122
 H 3.656014 -2.284919 5.563975
 H -6.212159 7.309990 -4.563947
 H -5.192082 8.298827 -5.297323
 H 2.867821 4.077461 -0.743134
 H 2.276282 2.919650 -1.393851
 H -4.771891 0.010595 4.811981
 H -4.765513 1.025398 3.592032
 H 0.781705 6.541418 5.998431
 H 1.383129 5.123026 6.204343
 H -2.940558 -5.942688 -3.453085
 H -3.411648 -5.080926 -2.350022
 H 5.087951 1.170386 4.618836
 H 4.386790 -0.042238 5.610126
 H -2.778246 -7.226966 6.517104
 H -1.324292 -6.800750 6.418680
 H 1.462011 -2.074948 3.430915
 H 2.120203 -3.393910 2.949840
 H 1.293071 -5.253225 2.357874
 H 1.114256 -5.285083 0.998996
 H -2.410888 -5.225102 5.558814
 H -2.225154 -4.410915 4.163062
 H -3.609125 -7.900739 -0.458031
 H -3.511755 -6.339799 -0.515236
 H -3.302730 -2.908333 -3.817715
 H -2.448362 -3.416851 -4.989536
 H 2.851251 -4.233959 -1.724382
 H 2.049391 -4.919870 -0.558793
 H -1.164921 3.360929 -2.910432
 H -0.820920 3.487420 -1.481743
 H -2.136735 -2.065216 0.326654
 H -0.828655 -2.111597 1.223951
 H 0.106208 -4.002283 3.606091
 H -1.194953 -4.287181 2.774509
 H 2.435367 -4.359776 -3.250458
 H 2.788696 -2.996832 -3.613244
 H 5.772707 4.782626 0.708920
 H 6.183587 3.366899 1.253916
 H 5.322455 -3.227731 4.560127
 H 4.732959 -3.889579 5.876970
 H -1.181923 -1.064584 -3.149457
 H -2.040341 -0.550378 -4.412596
 H -0.570404 2.759610 -5.074408
 H -2.109684 2.320541 -4.654550
 H 5.889739 1.457717 -0.512195
 H 4.503003 2.066015 -0.319475
 H 3.819866 1.462320 -2.779841
 H 3.664177 2.368463 -3.870171
 H -5.202825 4.108117 -7.440975
 H -4.650582 3.040635 -6.502772
 H 4.293384 -5.683831 1.488586
 H 3.878389 -5.207091 0.087657
 H 0.578497 -0.570922 -6.360915
 H 1.746064 0.353840 -6.163349
 H -3.169276 0.910170 -6.218050
 H -4.024487 1.040608 -4.886434
 H 0.094328 -0.105408 2.088328
 H 0.820748 -1.227692 1.027445
 H 6.400473 -2.262273 -4.352891
 H 5.420229 -2.883122 -3.387475
 H 4.403396 -0.311440 -0.726986
 H 4.016873 -1.733839 -0.381101
 H -1.328613 5.888874 2.808139
 H -1.311000 4.466693 3.529558
 H -3.789440 -0.381649 -2.800364
 H -5.254585 -1.001494 -2.702869
 H -0.645541 -5.478053 -0.081327
 H -0.575120 -3.909625 0.065612
 H 5.478551 3.651810 -9.077525
 H 6.225577 2.513957 -8.820477
 H 2.709919 5.285912 3.905627
 H 3.099818 6.150528 5.203378
 H -6.232199 5.459243 -3.060691
 H -5.975409 6.660806 -2.307355
 H -0.059780 1.277172 -2.404473
 H 1.254142 1.015947 -3.196470
 H -4.740020 -3.948384 -1.474991
 H -5.123030 -4.331825 0.027449
 H -2.985176 6.834237 1.659375
 H -3.510173 6.668460 3.138600
 H -3.085166 3.188824 4.697202
 H -1.897250 3.040166 5.728441
 H -2.352476 0.496286 -0.205182
 H -3.816025 -0.173057 -0.158102
 H -1.340665 -1.194851 3.742290
 H -1.240009 -1.653976 5.153112
 H 2.294645 1.896131 4.476378
 H 2.332099 2.626854 5.747398
 H -6.323713 1.237617 2.199355
 H -5.556144 1.741090 0.988546
 H 3.861820 5.744793 -1.251540
 H 3.985644 4.946957 -2.536219
 H 0.175866 -5.782013 -3.642250
 H 0.830664 -6.410336 -2.347412
 H -4.370079 4.495336 -4.763181
 H -4.714377 3.962199 -3.428481
 H 5.619689 0.991238 8.137885
 H 5.949843 1.922515 6.987831
 H -1.211474 1.536969 1.203865
 H -0.890353 2.395656 2.517992
 H 0.862687 -2.331539 -2.186199
 H 1.043787 -1.416621 -3.367842
 H 0.039815 -3.271639 -4.897364
 H -1.023146 -4.064478 -5.908789
 H 6.991295 -5.201270 4.828719
 H 5.888972 -5.694932 3.966950
 H 4.362935 -3.068550 1.630459
 H 3.062311 -3.415342 0.844799
 H 5.225297 -1.106360 2.648186
 H 5.621927 -0.391988 3.892819
 H 2.399020 4.078398 -4.266723
 H 0.971270 4.499227 -4.260740
 H 1.168017 -8.471755 0.205893
 H -0.072001 -8.340498 1.003148
 H -3.875862 -2.719651 -6.841395
 H -4.889221 -1.729781 -7.486746
 H -4.119146 1.763954 -0.472354
 H -4.718242 1.748216 -1.836434
 H 5.151707 3.964790 -4.905643
 H 4.120617 4.640266 -5.839894
 H 2.342167 -1.132219 -0.759251
 H 0.935846 -0.434234 -1.317540
 H -4.495909 -3.610983 1.823003
 H -5.392794 -4.757957 2.401510
 H 2.904583 2.284476 1.740517
 H 1.603888 1.552104 1.946889
K_POINTS
 1
0.0 0.0 0.0 1.0