
&control
    calculation='scf'
    pseudo_dir = './',
    outdir='./outputs',
    disk_io='high'
/
&system
    ibrav= 1, celldm(1)=20.000000, nat=  192, ntyp= 2,
    ecutwfc = 30.0, nosym=.true., occupations='smearing',
    smearing='m-v', degauss=0.025
/
&electrons
    conv_thr =  1.0d-8,
    mixing_beta = 0.7
/
&ions
    pot_extrapolation='second-order'
    wfc_extrapolation='second-order'
    ion_temperature = 'andersen'
    tempw = 1000

/
ATOMIC_SPECIES
 H  1.01  H.blyp-hgh.UPF
 O  16.0  O.blyp-hgh.UPF
ATOMIC_POSITIONS bohr
 O -6.107513 -1.873431 0.068368
 O 3.675757 -1.414693 6.055762
 O -5.685942 7.435187 -5.378758
 O 2.570762 3.160731 -0.469146
 O -4.449535 0.864384 4.503562
 O 0.542548 5.574651 5.995237
 O -2.752666 -5.793093 -2.494035
 O 4.714261 0.271917 4.707386
 O -2.205183 -6.441002 6.714227
 O 1.765739 -2.983226 3.762363
 O 1.898839 -5.470387 1.608890
 O -2.627965 -4.381969 5.046451
 O -3.220171 -7.129709 0.014524
 O -3.326382 -3.536325 -4.574786
 O 2.796010 -4.270783 -0.743715
 O -1.211257 2.828168 -2.109605
 O -1.537536 -2.688144 0.782474
 O -0.398074 -4.707380 3.153381
 O 3.271626 -3.833417 -3.449641
 O 5.586714 4.132739 1.399652
 O 4.643852 -3.866234 4.905236
 O -2.083439 -0.855000 -3.480143
 O -1.449116 3.054466 -4.780945
 O 5.048621 1.310996 -0.004637
 O 3.524357 1.405210 -3.706052
 O -4.603571 4.012277 -6.641624
 O 4.691010 -5.494085 0.611158
 O 1.334646 -0.453405 -5.759059
 O -3.103046 1.062700 -5.240032
 O 0.204641 -1.046360 1.815749
 O 6.274922 -2.407713 -3.399475
 O 3.970006 -1.110298 -1.142928
 O -1.019916 4.973533 2.759718
 O -4.688531 -0.234594 -2.425580
 O -0.014203 -4.726492 -0.136174
 O 5.517340 2.997576 -8.326469
 O 3.257609 5.331149 4.697754
 O -6.661048 6.308038 -2.953604
 O 0.545497 0.536032 -2.729307
 O -4.783840 -4.708938 -0.853039
 O -2.964673 7.228321 2.563333
 O -2.116346 3.246670 4.789294
 O -3.105255 0.254553 0.366319
 O -1.548577 -0.873925 4.638588
 O 1.698552 2.056448 5.266340
 O -5.441642 1.607516 1.954441
 O 3.456183 4.982864 -1.728364
 O 0.999303 -5.858744 -3.124282
 O -4.932925 4.752185 -3.994255
 O 6.323153 1.614352 7.837914
 O -0.598706 1.658032 1.917488
 O 0.623204 -2.274382 -3.125045
 O -0.155905 -4.075419 -5.433029
 O 6.873307 -5.810737 4.044183
 O 3.403408 -2.849311 1.591684
 O 6.056728 -0.878758 3.121699
 O 1.531471 3.700279 -4.473065
 O 0.204547 -8.365049 0.041545
 O -4.721003 -2.233048 -6.660651
 O -4.682879 2.344868 -1.046694
 O 4.220450 4.248384 -4.946194
 O 1.393742 -0.951533 -0.596917
 O -5.376876 -4.022331 1.746733
 O 2.042130 2.407789 2.184034
 H -6.589393 -1.867530 -0.780237
 H -5.972957 -2.785223 0.407993
 H 2.729668 -1.132799 6.149766
 H 3.650055 -2.284130 5.567541
 H -6.220332 7.310213 -4.564357
 H -5.182746 8.296362 -5.312018
 H 2.874050 4.071402 -0.754857
 H 2.267642 2.912798 -1.384952
 H -4.769500 0.008874 4.807744
 H -4.755583 1.023437 3.593494
 H 0.797595 6.535882 5.999814
 H 1.383478 5.121352 6.195703
 H -2.935485 -5.935048 -3.455746
 H -3.414171 -5.076182 -2.372210
 H 5.091241 1.170799 4.625504
 H 4.377753 -0.035177 5.604954
 H -2.782896 -7.223973 6.518829
 H -1.324307 -6.802303 6.432372
 H 1.461832 -2.072929 3.427266
 H 2.110154 -3.395838 2.952256
 H 1.295453 -5.247602 2.353607
 H 1.112209 -5.288517 0.998968
 H -2.413515 -5.217466 5.566562
 H -2.220542 -4.414429 4.159832
 H -3.601166 -7.903453 -0.459186
 H -3.500235 -6.346216 -0.525907
 H -3.295516 -2.902643 -3.822487
 H -2.446573 -3.410379 -4.983407
 H 2.851502 -4.232694 -1.722708
 H 2.055159 -4.919794 -0.562100
 H -1.160331 3.357659 -2.911832
 H -0.816519 3.481390 -1.487316
 H -2.135219 -2.060814 0.327758
 H -0.832866 -2.110136 1.221857
 H 0.112877 -3.995986 3.592104
 H -1.189722 -4.276109 2.774002
 H 2.429757 -4.371502 -3.247834
 H 2.781362 -2.996758 -3.616450
 H 5.769548 4.780349 0.705200
 H 6.194083 3.367367 1.262941
 H 5.319715 -3.236429 4.547302
 H 4.725854 -3.876219 5.883995
 H -1.185674 -1.063811 -3.140223
 H -2.039251 -0.550759 -4.413670
 H -0.577058 2.752973 -5.078761
 H -2.105978 2.319504 -4.640546
 H 5.888042 1.451757 -0.521909
 H 4.503286 2.067815 -0.331041
 H 3.817280 1.453027 -2.778382
 H 3.679658 2.366206 -3.876189
 H -5.200052 4.108542 -7.445003
 H -4.658418 3.042812 -6.512435
 H 4.298449 -5.687253 1.492746
 H 3.876935 -5.187069 0.097364
 H 0.579286 -0.578416 -6.357742
 H 1.745482 0.354060 -6.166652
 H -3.168449 0.934642 -6.220766
 H -4.031376 1.043205 -4.897404
 H 0.099808 -0.105216 2.087942
 H 0.814249 -1.235466 1.034219
 H 6.413100 -2.267309 -4.356806
 H 5.418733 -2.873964 -3.382459
 H 4.404384 -0.323550 -0.722092
 H 4.002600 -1.744529 -0.378294
 H -1.327393 5.886578 2.801165
 H -1.309880 4.474222 3.526909
 H -3.787641 -0.390607 -2.798428
 H -5.254699 -1.000439 -2.695876
 H -0.657066 -5.475467 -0.084681
 H -0.576981 -3.913809 0.064181
 H 5.477502 3.665746 -9.068461
 H 6.230569 2.532645 -8.829953
 H 2.708780 5.278223 3.896803
 H 3.094716 6.163720 5.179160
 H -6.242023 5.459146 -3.061937
 H -5.972054 6.665912 -2.320329
 H -0.060826 1.275233 -2.407962
 H 1.250270 1.024394 -3.199922
 H -4.754911 -3.955979 -1.485427
 H -5.116617 -4.322013 0.016291
 H -2.977219 6.835618 1.660445
 H -3.509736 6.674747 3.140368
 H -3.079275 3.191894 4.708952
 H -1.894069 3.044692 5.729414
 H -2.350432 0.500538 -0.196789
 H -3.824602 -0.159925 -0.160011
 H -1.340018 -1.190229 3.738740
 H -1.223399 -1.648141 5.151874
 H 2.297284 1.880120 4.475996
 H 2.332708 2.638426 5.740337
 H -6.326645 1.223449 2.193324
 H -5.544753 1.738715 0.992719
 H 3.883453 5.742597 -1.254646
 H 3.981361 4.947069 -2.544938
 H 0.170447 -5.775328 -3.630451
 H 0.826187 -6.405656 -2.342499
 H -4.377740 4.494864 -4.756428
 H -4.714843 3.959019 -3.433961
 H 5.630176 1.001483 8.158373
 H 5.948757 1.922402 6.995673
 H -1.214694 1.537997 1.199835
 H -0.893636 2.393162 2.512833
 H 0.865355 -2.338108 -2.184535
 H 1.059965 -1.423928 -3.366901
 H 0.034243 -3.273135 -4.892882
 H -1.031872 -4.076239 -5.888631
 H 6.984394 -5.193161 4.822721
 H 5.890538 -5.706008 3.970177
 H 4.362020 -3.060047 1.619582
 H 3.072493 -3.414419 0.838676
 H 5.225018 -1.098885 2.652531
 H 5.622736 -0.384721 3.894486
 H 2.396263 4.076551 -4.257054
 H 0.964270 4.495132 -4.268751
 H 1.171188 -8.473777 0.199461
 H -0.066793 -8.339638 0.997621
 H -3.873129 -2.716149 -6.844551
 H -4.898825 -1.735446 -7.485777
 H -4.118007 1.771964 -0.474002
 H -4.712465 1.761465 -1.847610
 H 5.152356 3.960267 -4.893749
 H 4.125037 4.652915 -5.834250
 H 2.343175 -1.137849 -0.760457
 H 0.937917 -0.424394 -1.306841
 H -4.497473 -3.607063 1.820770
 H -5.388162 -4.754434 2.403055
 H 2.902050 2.267542 1.738594
 H 1.595588 1.555026 1.966702
K_POINTS
 1
0.0 0.0 0.0 1.0