
&control
    calculation='scf'
    pseudo_dir = './',
    outdir='./outputs',
    disk_io='high'
/
&system
    ibrav= 1, celldm(1)=20.000000, nat=  192, ntyp= 2,
    ecutwfc = 30.0, nosym=.true., occupations='smearing',
    smearing='m-v', degauss=0.025
/
&electrons
    conv_thr =  1.0d-8,
    mixing_beta = 0.7
/
&ions
    pot_extrapolation='second-order'
    wfc_extrapolation='second-order'
    ion_temperature = 'andersen'
    tempw = 1000

/
ATOMIC_SPECIES
 H  1.01  H.blyp-hgh.UPF
 O  16.0  O.blyp-hgh.UPF
ATOMIC_POSITIONS bohr
 O -6.108095 -1.872496 0.067369
 O 3.674309 -1.416469 6.059355
 O -5.687562 7.440331 -5.376204
 O 2.580733 3.156587 -0.467178
 O -4.446345 0.860184 4.505372
 O 0.543974 5.573845 5.990552
 O -2.759005 -5.794939 -2.492354
 O 4.717948 0.268025 4.705781
 O -2.205479 -6.438549 6.717231
 O 1.764214 -2.982620 3.766744
 O 1.898354 -5.470464 1.604578
 O -2.628791 -4.380769 5.044529
 O -3.216713 -7.131834 0.014550
 O -3.326725 -3.532945 -4.575338
 O 2.799604 -4.267600 -0.740280
 O -1.209792 2.825015 -2.113097
 O -1.537501 -2.684969 0.780206
 O -0.400833 -4.705898 3.151886
 O 3.260170 -3.832088 -3.444703
 O 5.587823 4.133081 1.394761
 O 4.642928 -3.863952 4.911514
 O -2.082156 -0.854207 -3.479305
 O -1.450357 3.049947 -4.782651
 O 5.047270 1.314683 -0.012225
 O 3.520562 1.403574 -3.704701
 O -4.600528 4.014048 -6.645755
 O 4.688460 -5.498734 0.611206
 O 1.337320 -0.452002 -5.756018
 O -3.107579 1.066197 -5.239883
 O 0.200046 -1.049013 1.817170
 O 6.276214 -2.408337 -3.401829
 O 3.970037 -1.115610 -1.142409
 O -1.025111 4.974576 2.760598
 O -4.685374 -0.234401 -2.422179
 O -0.015423 -4.731535 -0.130025
 O 5.514575 2.997079 -8.330261
 O 3.250197 5.330141 4.692385
 O -6.665832 6.312001 -2.952195
 O 0.548273 0.536465 -2.734115
 O -4.784971 -4.714725 -0.854583
 O -2.965151 7.232954 2.564150
 O -2.110010 3.248055 4.793304
 O -3.106872 0.256343 0.368180
 O -1.547573 -0.873728 4.635797
 O 1.706457 2.056911 5.266172
 O -5.443929 1.599022 1.958904
 O 3.459529 4.985870 -1.730937
 O 0.997988 -5.860801 -3.123489
 O -4.938184 4.750376 -3.994691
 O 6.329623 1.614474 7.840010
 O -0.598058 1.657629 1.916640
 O 0.625547 -2.273798 -3.124117
 O -0.154633 -4.076556 -5.433388
 O 6.875099 -5.810986 4.043238
 O 3.401307 -2.848962 1.593613
 O 6.059179 -0.875018 3.124905
 O 1.530639 3.697934 -4.471071
 O 0.205860 -8.364405 0.037466
 O -4.721491 -2.239484 -6.661106
 O -4.685249 2.349751 -1.049732
 O 4.222054 4.248289 -4.946945
 O 1.392566 -0.955163 -0.594436
 O -5.378594 -4.019321 1.745484
 O 2.049696 2.408619 2.188490
 H -6.603737 -1.873682 -0.774035
 H -5.978267 -2.785449 0.412568
 H 2.725691 -1.136467 6.153693
 H 3.644168 -2.282545 5.571074
 H -6.228172 7.310266 -4.564587
 H -5.173797 8.292754 -5.326464
 H 2.880846 4.064873 -0.766272
 H 2.258812 2.905580 -1.374952
 H -4.767349 0.006852 4.803282
 H -4.745395 1.020911 3.594394
 H 0.812908 6.529738 6.001281
 H 1.383594 5.119274 6.186930
 H -2.929827 -5.927763 -3.458160
 H -3.416103 -5.071757 -2.393931
 H 5.093929 1.171603 4.632817
 H 4.369013 -0.028442 5.599021
 H -2.787355 -7.220216 6.520489
 H -1.324215 -6.803635 6.446370
 H 1.462190 -2.072527 3.423968
 H 2.100843 -3.397647 2.954251
 H 1.298259 -5.242377 2.350180
 H 1.110871 -5.292162 0.998371
 H -2.416430 -5.209772 5.573973
 H -2.215858 -4.418435 4.157056
 H -3.592907 -7.905753 -0.460169
 H -3.488577 -6.353382 -0.536574
 H -3.288201 -2.897023 -3.827669
 H -2.445108 -3.404075 -4.977097
 H 2.852374 -4.230963 -1.721092
 H 2.061282 -4.918545 -0.565586
 H -1.156156 3.354255 -2.914728
 H -0.811996 3.474894 -1.491770
 H -2.133501 -2.056482 0.329074
 H -0.837809 -2.108440 1.219686
 H 0.120066 -3.989328 3.578259
 H -1.184246 -4.265132 2.773035
 H 2.425288 -4.383457 -3.246260
 H 2.774523 -2.996466 -3.619814
 H 5.766471 4.778603 0.701307
 H 6.204334 3.368549 1.272024
 H 5.316627 -3.245513 4.535081
 H 4.719456 -3.862941 5.890639
 H -1.189432 -1.062990 -3.131501
 H -2.038004 -0.550917 -4.414210
 H -0.583619 2.745710 -5.082984
 H -2.101451 2.318138 -4.627115
 H 5.886069 1.445644 -0.531459
 H 4.503101 2.069592 -0.342123
 H 3.814611 1.442775 -2.776410
 H 3.694741 2.363655 -3.883208
 H -5.196898 4.109400 -7.447991
 H -4.666169 3.044981 -6.521978
 H 4.303598 -5.690722 1.496428
 H 3.876461 -5.166892 0.107468
 H 0.579731 -0.586003 -6.354719
 H 1.744419 0.354838 -6.169737
 H -3.167715 0.959234 -6.223138
 H -4.038075 1.045682 -4.908624
 H 0.105330 -0.104856 2.086775
 H 0.807534 -1.241757 1.041166
 H 6.425968 -2.272289 -4.360815
 H 5.416935 -2.864861 -3.377127
 H 4.405160 -0.335334 -0.717269
 H 3.988333 -1.755084 -0.375784
 H -1.326281 5.884539 2.794649
 H -1.309261 4.481623 3.525351
 H -3.785858 -0.399798 -2.796514
 H -5.254667 -0.999232 -2.688848
 H -0.668204 -5.472564 -0.088279
 H -0.578665 -3.918280 0.062759
 H 5.475257 3.680159 -9.058823
 H 6.235734 2.550807 -8.838691
 H 2.707298 5.270852 3.888051
 H 3.089403 6.177069 5.154093
 H -6.251336 5.457804 -3.064365
 H -5.969676 6.671385 -2.333475
 H -0.061714 1.273054 -2.411802
 H 1.246599 1.032729 -3.203480
 H -4.770006 -3.963665 -1.495389
 H -5.110045 -4.313058 0.004768
 H -2.969496 6.836644 1.661953
 H -3.509758 6.680683 3.142177
 H -3.073546 3.195080 4.720902
 H -1.891038 3.049464 5.730208
 H -2.348774 0.504419 -0.189045
 H -3.832728 -0.146932 -0.162300
 H -1.339477 -1.185209 3.734865
 H -1.207155 -1.642072 5.150649
 H 2.298643 1.864171 4.475830
 H 2.332648 2.650122 5.733721
 H -6.328858 1.208863 2.186799
 H -5.533038 1.736098 0.996953
 H 3.904991 5.739973 -1.257957
 H 3.977222 4.947300 -2.554046
 H 0.164791 -5.768338 -3.618495
 H 0.821386 -6.400961 -2.337373
 H -4.385934 4.495064 -4.750430
 H -4.715624 3.956619 -3.439347
 H 5.640645 1.011703 8.178975
 H 5.947667 1.922317 7.003274
 H -1.218790 1.539431 1.195450
 H -0.896967 2.390022 2.507053
 H 0.867885 -2.344902 -2.182242
 H 1.075674 -1.431386 -3.366153
 H 0.028130 -3.274980 -4.888568
 H -1.040066 -4.087552 -5.868334
 H 6.977909 -5.185797 4.816462
 H 5.892498 -5.717514 3.973291
 H 4.360812 -3.051673 1.608793
 H 3.082893 -3.413178 0.833062
 H 5.225236 -1.091710 2.656579
 H 5.623593 -0.378095 3.896194
 H 2.394296 4.074655 -4.247466
 H 0.957503 4.490280 -4.276967
 H 1.174318 -8.476392 0.192351
 H -0.062260 -8.338424 0.991417
 H -3.870892 -2.712595 -6.847595
 H -4.908564 -1.741699 -7.484921
 H -4.116548 1.780301 -0.475503
 H -4.706848 1.774850 -1.858658
 H 5.153206 3.956091 -4.881851
 H 4.129458 4.665402 -5.828699
 H 2.344399 -1.142700 -0.762456
 H 0.941004 -0.414376 -1.296114
 H -4.498964 -3.603354 1.819115
 H -5.383421 -4.751011 2.404791
 H 2.899444 2.251065 1.736682
 H 1.587045 1.558783 1.986618
K_POINTS
 1
0.0 0.0 0.0 1.0