
&control
    calculation='scf'
    pseudo_dir = './',
    outdir='./outputs',
    disk_io='high'
/
&system
    ibrav= 1, celldm(1)=20.000000, nat=  192, ntyp= 2,
    ecutwfc = 30.0, nosym=.true., occupations='smearing',
    smearing='m-v', degauss=0.025
/
&electrons
    conv_thr =  1.0d-8,
    mixing_beta = 0.7
/
&ions
    pot_extrapolation='second-order'
    wfc_extrapolation='second-order'
    ion_temperature = 'andersen'
    tempw = 1000

/
ATOMIC_SPECIES
 H  1.01  H.blyp-hgh.UPF
 O  16.0  O.blyp-hgh.UPF
ATOMIC_POSITIONS bohr
 O -6.109074 -1.870570 0.065463
 O 3.671325 -1.420420 6.066804
 O -5.690819 7.450909 -5.371393
 O 2.600726 3.147894 -0.463658
 O -4.439751 0.852282 4.509350
 O 0.546933 5.572672 5.981215
 O -2.771943 -5.798429 -2.489461
 O 4.725178 0.261048 4.702777
 O -2.206124 -6.434037 6.723095
 O 1.760601 -2.980745 3.775579
 O 1.896933 -5.470532 1.596046
 O -2.630471 -4.378072 5.040999
 O -3.209961 -7.135933 0.014598
 O -3.327326 -3.526028 -4.576221
 O 2.806359 -4.261660 -0.733397
 O -1.206697 2.818677 -2.119723
 O -1.537443 -2.678750 0.775637
 O -0.406278 -4.702766 3.149021
 O 3.236554 -3.829623 -3.434660
 O 5.590071 4.133357 1.385239
 O 4.640995 -3.859327 4.923981
 O -2.079819 -0.852751 -3.477601
 O -1.452999 3.041413 -4.786078
 O 5.044676 1.322112 -0.027844
 O 3.513143 1.400778 -3.701815
 O -4.594732 4.017339 -6.654441
 O 4.683166 -5.508139 0.611337
 O 1.342620 -0.449084 -5.750061
 O -3.116864 1.073092 -5.239708
 O 0.190979 -1.054700 1.820363
 O 6.278879 -2.409550 -3.406678
 O 3.970204 -1.126550 -1.141072
 O -1.035075 4.976303 2.761643
 O -4.678980 -0.233920 -2.415336
 O -0.018215 -4.741798 -0.117775
 O 5.509513 2.996293 -8.338353
 O 3.235640 5.328077 4.681981
 O -6.675419 6.320458 -2.948814
 O 0.553585 0.537719 -2.743538
 O -4.787293 -4.725960 -0.857913
 O -2.965975 7.242336 2.565340
 O -2.097019 3.250759 4.801103
 O -3.110211 0.259984 0.372080
 O -1.545328 -0.873654 4.630400
 O 1.722930 2.057667 5.265589
 O -5.448779 1.582157 1.968056
 O 3.466573 4.992723 -1.736167
 O 0.995589 -5.864965 -3.122039
 O -4.948450 4.745986 -3.995121
 O 6.342728 1.614760 7.844200
 O -0.596547 1.656742 1.915278
 O 0.630413 -2.272517 -3.122474
 O -0.151990 -4.078896 -5.434124
 O 6.878355 -5.811124 4.041534
 O 3.397241 -2.848256 1.597069
 O 6.064123 -0.867744 3.131031
 O 1.528588 3.693552 -4.466931
 O 0.208427 -8.362880 0.029716
 O -4.722411 -2.252238 -6.662149
 O -4.690084 2.359274 -1.055886
 O 4.225319 4.247982 -4.948345
 O 1.389755 -0.962730 -0.589163
 O -5.382064 -4.013043 1.742768
 O 2.064945 2.409824 2.197556
 H -6.631810 -1.887406 -0.761510
 H -5.990285 -2.784680 0.421315
 H 2.717594 -1.145333 6.162473
 H 3.632728 -2.277428 5.577764
 H -6.242431 7.310330 -4.564715
 H -5.157124 8.282672 -5.354104
 H 2.896243 4.050553 -0.788103
 H 2.240630 2.889906 -1.351809
 H -4.763962 0.001198 4.793956
 H -4.724376 1.014282 3.594324
 H 0.841560 6.516057 6.004392
 H 1.383354 5.113545 6.169017
 H -2.916546 -5.914645 -3.462309
 H -3.418395 -5.063544 -2.435519
 H 5.097289 1.173819 4.649173
 H 4.352384 -0.016233 5.585240
 H -2.795474 -7.210207 6.523649
 H -1.323574 -6.805679 6.475094
 H 1.464490 -2.076638 3.418661
 H 2.084505 -3.400996 2.957109
 H 1.305165 -5.233150 2.345834
 H 1.110052 -5.300080 0.995229
 H -2.423009 -5.194348 5.587626
 H -2.206476 -4.427957 4.153481
 H -3.575592 -7.909385 -0.461694
 H -3.464875 -6.369797 -0.557846
 H -3.273597 -2.885727 -3.838769
 H -2.442983 -3.392086 -4.964317
 H 2.856140 -4.225935 -1.717864
 H 2.074361 -4.912816 -0.572766
 H -1.149029 3.347091 -2.925029
 H -0.802500 3.460726 -1.497128
 H -2.129803 -2.047827 0.332113
 H -0.849452 -2.104140 1.215389
 H 0.135733 -3.975512 3.550900
 H -1.173067 -4.243350 2.769437
 H 2.419682 -4.407568 -3.246320
 H 2.761917 -2.995271 -3.626940
 H 5.760810 4.776976 0.692536
 H 6.223714 3.373547 1.290230
 H 5.309619 -3.264530 4.512671
 H 4.709005 -3.836480 5.902677
 H -1.196560 -1.061230 -3.115644
 H -2.034938 -0.550624 -4.413489
 H -0.595838 2.729130 -5.091184
 H -2.090458 2.314016 -4.601955
 H 5.881367 1.433088 -0.550037
 H 4.501290 2.073234 -0.362869
 H 3.808906 1.419661 -2.771151
 H 3.723534 2.356964 -3.899797
 H -5.189558 4.112687 -7.451070
 H -4.681296 3.049137 -6.540482
 H 4.314094 -5.697818 1.502293
 H 3.878537 -5.126500 0.128850
 H 0.580105 -0.601319 -6.348721
 H 1.740824 0.358042 -6.175190
 H -3.166486 1.008616 -6.226938
 H -4.051184 1.050281 -4.931557
 H 0.116441 -0.103929 2.082085
 H 0.793983 -1.250081 1.055019
 H 6.452064 -2.282319 -4.368537
 H 5.412247 -2.846903 -3.365843
 H 4.406295 -0.357469 -0.707600
 H 3.959884 -1.775231 -0.372214
 H -1.324719 5.882283 2.783107
 H -1.309947 4.495344 3.526720
 H -3.782438 -0.418727 -2.792685
 H -5.254219 -0.996392 -2.674695
 H -0.689173 -5.465991 -0.096176
 H -0.581404 -3.927867 0.059993
 H 5.467046 3.710225 -9.037798
 H 6.246576 2.585223 -8.854112
 H 2.703329 5.256965 3.870634
 H 3.078354 6.203719 5.101290
 H -6.268769 5.452192 -3.072544
 H -5.967428 6.683492 -2.359839
 H -0.063005 1.267875 -2.420538
 H 1.240106 1.049119 -3.211076
 H -4.800671 -3.979874 -1.513637
 H -5.096725 -4.297660 -0.018601
 H -2.954855 6.837679 1.666437
 H -3.511189 6.691435 3.145896
 H -3.062642 3.201885 4.745219
 H -1.885072 3.059561 5.732093
 H -2.346664 0.511052 -0.175651
 H -3.847205 -0.121228 -0.167874
 H -1.338677 -1.174114 3.726112
 H -1.175886 -1.629104 5.147981
 H 2.297829 1.832769 4.476255
 H 2.330841 2.673933 5.721693
 H -6.331146 1.178495 2.172356
 H -5.508748 1.730151 1.005562
 H 3.947445 5.733074 -1.265314
 H 3.969104 4.948082 -2.573127
 H 0.152642 -5.753367 -3.594336
 H 0.810945 -6.391491 -2.326485
 H -4.403071 4.497256 -4.742016
 H -4.718207 3.953964 -3.449479
 H 5.661142 1.031708 8.220531
 H 5.945241 1.922243 7.017479
 H -1.228667 1.543577 1.186563
 H -0.903907 2.382423 2.494218
 H 0.872430 -2.359016 -2.176213
 H 1.105662 -1.446566 -3.365192
 H 0.014354 -3.279838 -4.880401
 H -1.054903 -4.108915 -5.827468
 H 6.966357 -5.173267 4.803291
 H 5.897289 -5.741841 3.979027
 H 4.357918 -3.035205 1.587822
 H 3.103921 -3.409622 0.823521
 H 5.227295 -1.078319 2.663811
 H 5.625645 -0.366936 3.899692
 H 2.392398 4.070705 -4.228570
 H 0.944746 4.478444 -4.293945
 H 1.180261 -8.483334 0.176125
 H -0.055351 -8.334939 0.977510
 H -3.867571 -2.705521 -6.853460
 H -4.928402 -1.756029 -7.483414
 H -4.112859 1.798008 -0.478395
 H -4.696014 1.802062 -1.879949
 H 5.155261 3.949018 -4.858350
 H 4.138530 4.689843 -5.817948
 H 2.346822 -1.149864 -0.768673
 H 0.950181 -0.393939 -1.274701
 H -4.501802 -3.596542 1.817459
 H -5.373732 -4.744275 2.408561
 H 2.894632 2.219403 1.732547
 H 1.569418 1.569095 2.026756
K_POINTS
 1
0.0 0.0 0.0 1.0