
&control
    calculation='scf'
    pseudo_dir = './',
    outdir='./outputs',
    disk_io='high'
/
&system
    ibrav= 1, celldm(1)=20.000000, nat=  192, ntyp= 2,
    ecutwfc = 30.0, nosym=.true., occupations='smearing',
    smearing='m-v', degauss=0.025
/
&electrons
    conv_thr =  1.0d-8,
    mixing_beta = 0.7
/
&ions
    pot_extrapolation='second-order'
    wfc_extrapolation='second-order'
    ion_temperature = 'andersen'
    tempw = 1000

/
ATOMIC_SPECIES
 H  1.01  H.blyp-hgh.UPF
 O  16.0  O.blyp-hgh.UPF
ATOMIC_POSITIONS bohr
 O -6.109283 -1.870087 0.065003
 O 3.670551 -1.421478 6.068725
 O -5.691648 7.453586 -5.370258
 O 2.605733 3.145642 -0.462862
 O -4.438053 0.850421 4.510416
 O 0.547694 5.572464 5.978890
 O -2.775231 -5.799257 -2.488845
 O 4.726957 0.259495 4.702070
 O -2.206302 -6.432990 6.724536
 O 1.759585 -2.980144 3.777790
 O 1.896491 -5.470533 1.593941
 O -2.630895 -4.377334 5.040172
 O -3.208304 -7.136923 0.014612
 O -3.327455 -3.524269 -4.576398
 O 2.807964 -4.260254 -0.731686
 O -1.205891 2.817085 -2.121312
 O -1.537436 -2.677235 0.774483
 O -0.407605 -4.701935 3.148342
 O 3.230521 -3.829057 -3.432115
 O 5.590642 4.133329 1.382923
 O 4.640483 -3.858172 4.927077
 O -2.079294 -0.852412 -3.477172
 O -1.453692 3.039398 -4.786935
 O 5.044049 1.323971 -0.031837
 O 3.511331 1.400188 -3.701058
 O -4.593342 4.018106 -6.656696
 O 4.681805 -5.510507 0.611375
 O 1.343922 -0.448332 -5.748609
 O -3.119225 1.074795 -5.239694
 O 0.188729 -1.056187 1.821249
 O 6.279573 -2.409839 -3.407924
 O 3.970261 -1.129370 -1.140671
 O -1.037465 4.976651 2.761733
 O -4.677362 -0.233782 -2.413618
 O -0.018991 -4.744399 -0.114728
 O 5.508347 2.996148 -8.340480
 O 3.232052 5.327566 4.679453
 O -6.677819 6.322654 -2.947870
 O 0.554860 0.538114 -2.745850
 O -4.787882 -4.728689 -0.858820
 O -2.966154 7.244705 2.565546
 O -2.093716 3.251423 4.802992
 O -3.111076 0.260903 0.373091
 O -1.544716 -0.873702 4.629095
 O 1.727170 2.057813 5.265396
 O -5.450045 1.577971 1.970388
 O 3.468417 4.994615 -1.737495
 O 0.995036 -5.866019 -3.121698
 O -4.950983 4.744742 -3.995118
 O 6.346048 1.614845 7.845251
 O -0.596143 1.656487 1.914970
 O 0.631666 -2.272180 -3.122096
 O -0.151308 -4.079491 -5.434310
 O 6.879105 -5.811085 4.041144
 O 3.396254 -2.848080 1.597842
 O 6.065366 -0.865969 3.132500
 O 1.528006 3.692515 -4.465866
 O 0.209068 -8.362452 0.027849
 O -4.722639 -2.255397 -6.662437
 O -4.691307 2.361604 -1.057442
 O 4.226148 4.247877 -4.948665
 O 1.388972 -0.964688 -0.587784
 O -5.382935 -4.011426 1.742054
 O 2.068765 2.410028 2.199861
 H -6.638681 -1.891108 -0.758333
 H -5.993569 -2.784183 0.423423
 H 2.715594 -1.147853 6.164874
 H 3.629958 -2.275844 5.579298
 H -6.245626 7.310417 -4.564714
 H -5.153201 8.279684 -5.360668
 H 2.900487 4.046738 -0.793344
 H 2.235979 2.885705 -1.345414
 H -4.763329 -0.000653 4.791583
 H -4.719003 1.012316 3.593906
 H 0.848280 6.512443 6.005194
 H 1.383232 5.111725 6.164468
 H -2.912782 -5.911737 -3.463220
 H -3.418680 -5.061565 -2.445453
 H 5.097676 1.174406 4.653581
 H 4.348387 -0.013497 5.581474
 H -2.797315 -7.207174 6.524406
 H -1.323298 -6.806070 6.482392
 H 1.465372 -2.078644 3.417627
 H 2.080898 -3.401781 2.957639
 H 1.307167 -5.231106 2.345251
 H 1.110177 -5.302188 0.994002
 H -2.424789 -5.190509 5.590773
 H -2.204157 -4.430654 4.153092
 H -3.571121 -7.910157 -0.462003
 H -3.458877 -6.374290 -0.563149
 H -3.270008 -2.882837 -3.841600
 H -2.442579 -3.389238 -4.961164
 H 2.857528 -4.224325 -1.717025
 H 2.077735 -4.910791 -0.574541
 H -1.147497 3.345208 -2.928491
 H -0.800022 3.456971 -1.497716
 H -2.128893 -2.045627 0.332912
 H -0.852637 -2.102835 1.214380
 H 0.139855 -3.972073 3.544109
 H -1.170309 -4.237922 2.768145
 H 2.418928 -4.413565 -3.247006
 H 2.758913 -2.994857 -3.628792
 H 5.759536 4.776983 0.690080
 H 6.228271 3.375409 1.294762
 H 5.307739 -3.269400 4.507521
 H 4.706918 -3.829859 5.905416
 H -1.198189 -1.060771 -3.112015
 H -2.034036 -0.550429 -4.412917
 H -0.598612 2.724537 -5.093205
 H -2.087405 2.312625 -4.596009
 H 5.880058 1.429906 -0.554577
 H 4.500534 2.074188 -0.367768
 H 3.807381 1.413396 -2.769622
 H 3.730413 2.354841 -3.904383
 H -5.187550 4.113887 -7.451310
 H -4.684979 3.050115 -6.544950
 H 4.316743 -5.699630 1.503452
 H 3.879692 -5.116469 0.134429
 H 0.580191 -0.605152 -6.347154
 H 1.739614 0.359174 -6.176391
 H -3.166219 1.020971 -6.227703
 H -4.054458 1.051357 -4.937345
 H 0.119217 -0.103713 2.080425
 H 0.790671 -1.251323 1.058361
 H 6.458594 -2.284884 -4.370303
 H 5.410834 -2.842471 -3.362956
 H 4.406527 -0.362634 -0.705139
 H 3.952806 -1.779978 -0.371709
 H -1.324514 5.882260 2.780545
 H -1.310572 4.498460 3.528158
 H -3.781633 -0.423544 -2.791715
 H -5.254041 -0.995602 -2.671138
 H -0.694126 -5.464232 -0.098289
 H -0.581943 -3.930352 0.059329
 H 5.464206 3.717950 -9.032169
 H 6.249379 2.593385 -8.857567
 H 2.702142 5.253648 3.866287
 H 3.075543 6.210271 5.087519
 H -6.272959 5.450388 -3.075229
 H -5.967295 6.686772 -2.366358
 H -0.063234 1.266406 -2.422937
 H 1.238693 1.053162 -3.213099
 H -4.808408 -3.984186 -1.517816
 H -5.093414 -4.294308 -0.024358
 H -2.951379 6.837731 1.667876
 H -3.511820 6.693895 3.146829
 H -3.060029 3.203694 4.751352
 H -1.883534 3.062168 5.732779
 H -2.346395 0.512474 -0.172758
 H -3.850382 -0.114840 -0.169447
 H -1.338530 -1.171145 3.723720
 H -1.168342 -1.625674 5.147224
 H 2.296967 1.825076 4.476520
 H 2.330098 2.679976 5.718905
 H -6.331293 1.170659 2.168476
 H -5.502516 1.728517 1.007746
 H 3.957874 5.730956 -1.267321
 H 3.967053 4.948342 -2.578010
 H 0.149426 -5.749407 -3.588274
 H 0.808189 -6.389094 -2.323645
 H -4.407366 4.498135 -4.740883
 H -4.719066 3.953685 -3.451803
 H 5.666125 1.036571 8.230987
 H 5.944546 1.922240 7.020790
 H -1.231305 1.544887 1.184497
 H -0.905731 2.380381 2.490868
 H 0.873436 -2.362621 -2.174508
 H 1.112862 -1.450378 -3.365053
 H 0.010609 -3.281306 -4.878440
 H -1.058293 -4.114012 -5.817220
 H 6.963793 -5.170571 4.799897
 H 5.898602 -5.748199 3.980332
 H 4.357168 -3.031126 1.582766
 H 3.109139 -3.408501 0.821502
 H 5.228161 -1.075184 2.665439
 H 5.626261 -0.364606 3.900579
 H 2.392258 4.069674 -4.223918
 H 0.941717 4.475092 -4.298285
 H 1.181646 -8.485412 0.171664
 H -0.054096 -8.333848 0.973836
 H -3.866911 -2.703797 -6.854902
 H -4.933430 -1.759998 -7.483064
 H -4.111810 1.802657 -0.479155
 H -4.693375 1.808959 -1.885033
 H 5.155801 3.947560 -4.852591
 H 4.140885 4.695832 -5.815337
 H 2.347301 -1.151093 -0.770652
 H 0.953083 -0.388769 -1.269379
 H -4.502494 -3.594957 1.817373
 H -5.371292 -4.742574 2.409509
 H 2.893606 2.211736 1.731393
 H 1.564934 1.572297 2.036850
K_POINTS
 1
0.0 0.0 0.0 1.0