
&control
    calculation='scf'
    pseudo_dir = './',
    outdir='./outputs',
    disk_io='high'
/
&system
    ibrav= 1, celldm(1)=20.000000, nat=  192, ntyp= 2,
    ecutwfc = 30.0, nosym=.true., occupations='smearing',
    smearing='m-v', degauss=0.025
/
&electrons
    conv_thr =  1.0d-8,
    mixing_beta = 0.7
/
&ions
    pot_extrapolation='second-order'
    wfc_extrapolation='second-order'
    ion_temperature = 'andersen'
    tempw = 1000

/
ATOMIC_SPECIES
 H  1.01  H.blyp-hgh.UPF
 O  16.0  O.blyp-hgh.UPF
ATOMIC_POSITIONS bohr
 O -6.109480 -1.869608 0.064548
 O 3.669764 -1.422558 6.070673
 O -5.692487 7.456267 -5.369150
 O 2.610741 3.143361 -0.462098
 O -4.436336 0.848611 4.511508
 O 0.548462 5.572289 5.976569
 O -2.778539 -5.800068 -2.488273
 O 4.728726 0.258025 4.701379
 O -2.206489 -6.431975 6.725970
 O 1.758525 -2.979494 3.779998
 O 1.896016 -5.470527 1.591852
 O -2.631321 -4.376570 5.039364
 O -3.206658 -7.137898 0.014628
 O -3.327575 -3.522500 -4.576558
 O 2.809537 -4.258876 -0.729983
 O -1.205073 2.815490 -2.122878
 O -1.537435 -2.675739 0.773325
 O -0.408913 -4.701080 3.147681
 O 3.224444 -3.828514 -3.429556
 O 5.591217 4.133260 1.380635
 O 4.639956 -3.857020 4.930163
 O -2.078795 -0.852083 -3.476742
 O -1.454397 3.037434 -4.787793
 O 5.043429 1.325829 -0.035862
 O 3.509538 1.399643 -3.700289
 O -4.591972 4.018849 -6.658981
 O 4.680429 -5.512879 0.611414
 O 1.345212 -0.447571 -5.747175
 O -3.121598 1.076490 -5.239693
 O 0.186484 -1.057695 1.822177
 O 6.280280 -2.410121 -3.409184
 O 3.970321 -1.132230 -1.140241
 O -1.039812 4.976963 2.761750
 O -4.675735 -0.233637 -2.411899
 O -0.019799 -4.747013 -0.111689
 O 5.507221 2.996026 -8.342648
 O 3.228482 5.327063 4.676955
 O -6.680221 6.324870 -2.946893
 O 0.556114 0.538542 -2.748144
 O -4.788473 -4.731383 -0.859765
 O -2.966323 7.247082 2.565716
 O -2.090394 3.252083 4.804850
 O -3.111956 0.261826 0.374115
 O -1.544083 -0.873775 4.627808
 O 1.731454 2.057939 5.265186
 O -5.451329 1.573800 1.972735
 O 3.470298 4.996578 -1.738833
 O 0.994499 -5.867081 -3.121365
 O -4.953509 4.743443 -3.995065
 O 6.349386 1.614938 7.846306
 O -0.595733 1.656213 1.914661
 O 0.632934 -2.271840 -3.121726
 O -0.150619 -4.080089 -5.434497
 O 6.879833 -5.811019 4.040769
 O 3.395278 -2.847906 1.598576
 O 6.066613 -0.864212 3.133941
 O 1.527401 3.691499 -4.464789
 O 0.209713 -8.362008 0.026002
 O -4.722869 -2.258542 -6.662735
 O -4.692535 2.363914 -1.059006
 O 4.226984 4.247758 -4.948972
 O 1.388163 -0.966672 -0.586383
 O -5.383805 -4.009793 1.741329
 O 2.072584 2.410193 2.202183
 H -6.645485 -1.894908 -0.755128
 H -5.996960 -2.783553 0.425505
 H 2.713619 -1.150488 6.167362
 H 3.627231 -2.274179 5.580753
 H -6.248649 7.310558 -4.564709
 H -5.149367 8.276558 -5.367067
 H 2.904893 4.042837 -0.798496
 H 2.231285 2.881381 -1.338797
 H -4.762787 -0.002702 4.789204
 H -4.713586 1.010232 3.593329
 H 0.854815 6.508791 6.006002
 H 1.383096 5.109733 6.159891
 H -2.908831 -5.909001 -3.464086
 H -3.418864 -5.059598 -2.455178
 H 5.097875 1.174977 4.658100
 H 4.344446 -0.010904 5.577610
 H -2.799077 -7.203934 6.525149
 H -1.322970 -6.806417 6.489726
 H 1.466363 -2.081008 3.416714
 H 2.077480 -3.402544 2.958121
 H 1.309280 -5.229170 2.344858
 H 1.110413 -5.304346 0.992589
 H -2.426616 -5.186685 5.593808
 H -2.201855 -4.433476 4.152927
 H -3.566604 -7.910902 -0.462291
 H -3.452854 -6.378919 -0.568449
 H -3.266465 -2.879900 -3.844419
 H -2.442208 -3.386457 -4.958054
 H 2.859101 -4.222566 -1.716161
 H 2.081119 -4.908563 -0.576286
 H -1.146062 3.343275 -2.932272
 H -0.797502 3.453139 -1.498006
 H -2.128012 -2.043401 0.333710
 H -0.855898 -2.101423 1.213416
 H 0.144033 -3.968683 3.537330
 H -1.167591 -4.232495 2.766683
 H 2.418410 -4.419529 -3.247958
 H 2.755941 -2.994403 -3.630667
 H 5.758328 4.777156 0.687509
 H 6.232700 3.377530 1.299273
 H 5.305824 -3.274296 4.502559
 H 4.705054 -3.823230 5.908045
 H -1.199733 -1.060307 -3.108521
 H -2.033074 -0.550187 -4.412187
 H -0.601249 2.719761 -5.095221
 H -2.084264 2.311067 -4.590197
 H 5.878704 1.426718 -0.559078
 H 4.499657 2.075168 -0.372554
 H 3.805809 1.406960 -2.768033
 H 3.737154 2.352503 -3.909111
 H -5.185493 4.115256 -7.451372
 H -4.688616 3.051063 -6.549344
 H 4.319395 -5.701461 1.504494
 H 3.881101 -5.106492 0.140098
 H 0.580307 -0.608977 -6.345534
 H 1.738279 0.360434 -6.177522
 H -3.165964 1.033319 -6.228396
 H -4.057750 1.052403 -4.943139
 H 0.121987 -0.103522 2.078572
 H 0.787427 -1.252251 1.061614
 H 6.465101 -2.287485 -4.371972
 H 5.409328 -2.838061 -3.360064
 H 4.406747 -0.367632 -0.702649
 H 3.945749 -1.784583 -0.371380
 H -1.324396 5.882495 2.778117
 H -1.311388 4.501436 3.530066
 H -3.780854 -0.428382 -2.790735
 H -5.253841 -0.994785 -2.667574
 H -0.698962 -5.462446 -0.100453
 H -0.582420 -3.932857 0.058680
 H 5.461049 3.725736 -9.026387
 H 6.252210 2.601361 -8.860870
 H 2.700884 5.250386 3.861943
 H 3.072728 6.216744 5.073518
 H -6.277110 5.448506 -3.078148
 H -5.967297 6.690156 -2.372818
 H -0.063433 1.264869 -2.425416
 H 1.237372 1.057183 -3.215176
 H -4.816165 -3.988625 -1.521834
 H -5.090129 -4.291143 -0.030029
 H -2.947980 6.837700 1.669441
 H -3.512552 6.696270 3.147752
 H -3.057458 3.205551 4.757495
 H -1.881954 3.064799 5.733602
 H -2.346231 0.513802 -0.170053
 H -3.853359 -0.108461 -0.171082
 H -1.338402 -1.168105 3.721252
 H -1.160913 -1.622169 5.146417
 H 2.295875 1.817464 4.476843
 H 2.329258 2.686055 5.716191
 H -6.331283 1.162726 2.164498
 H -5.496224 1.726824 1.009946
 H 3.968212 5.728670 -1.269398
 H 3.964975 4.948626 -2.582913
 H 0.146144 -5.745356 -3.582211
 H 0.805385 -6.386679 -2.320764
 H -4.411623 4.499133 -4.740206
 H -4.720006 3.953532 -3.454015
 H 5.671042 1.041370 8.241466
 H 5.943806 1.922240 7.024000
 H -1.233949 1.546307 1.182551
 H -0.907602 2.378332 2.487509
 H 0.874383 -2.366246 -2.172763
 H 1.119945 -1.454184 -3.364951
 H 0.006753 -3.282876 -4.876502
 H -1.061557 -4.119019 -5.806967
 H 6.961366 -5.168038 4.796480
 H 5.899936 -5.754668 3.981579
 H 4.356432 -3.027053 1.577807
 H 3.114311 -3.407288 0.819628
 H 5.229169 -1.072139 2.666994
 H 5.626928 -0.362465 3.901471
 H 2.392214 4.068619 -4.219303
 H 0.938749 4.471606 -4.302655
 H 1.182979 -8.487622 0.167049
 H -0.053036 -8.332668 0.970127
 H -3.866293 -2.702105 -6.856343
 H -4.938483 -1.764122 -7.482721
 H -4.110721 1.807397 -0.479950
 H -4.690759 1.815892 -1.890001
 H 5.156335 3.946241 -4.846896
 H 4.143288 4.701767 -5.812754
 H 2.347690 -1.152090 -0.772786
 H 0.956220 -0.383583 -1.264074
 H -4.503183 -3.593415 1.817411
 H -5.368855 -4.740851 2.410439
 H 2.892674 2.204162 1.730176
 H 1.560429 1.575758 2.046963
K_POINTS
 1
0.0 0.0 0.0 1.0