
&control
    calculation='scf'
    pseudo_dir = './',
    outdir='./outputs',
    disk_io='high'
/
&system
    ibrav= 1, celldm(1)=20.000000, nat=  192, ntyp= 2,
    ecutwfc = 30.0, nosym=.true., occupations='smearing',
    smearing='m-v', degauss=0.025
/
&electrons
    conv_thr =  1.0d-8,
    mixing_beta = 0.7
/
&ions
    pot_extrapolation='second-order'
    wfc_extrapolation='second-order'
    ion_temperature = 'andersen'
    tempw = 1000

/
ATOMIC_SPECIES
 H  1.01  H.blyp-hgh.UPF
 O  16.0  O.blyp-hgh.UPF
ATOMIC_POSITIONS bohr
 O -6.110579 -1.866418 0.061421
 O 3.663783 -1.430548 6.085110
 O -5.698855 7.474711 -5.362261
 O 2.645832 3.126662 -0.457578
 O -4.423814 0.837320 4.519799
 O 0.554026 5.571775 5.960480
 O -2.802215 -5.805193 -2.485619
 O 4.740828 0.250314 4.697029
 O -2.208003 -6.425617 6.735889
 O 1.750065 -2.973936 3.795200
 O 1.891912 -5.470322 1.577789
 O -2.634365 -4.370476 5.034189
 O -3.195367 -7.144282 0.014859
 O -3.328161 -3.509891 -4.577225
 O 2.819898 -4.249748 -0.718483
 O -1.198979 2.804377 -2.133380
 O -1.537653 -2.665976 0.764986
 O -0.417324 -4.694197 3.143656
 O 3.180984 -3.825375 -3.411283
 O 5.595326 4.131715 1.365415
 O 4.635686 -3.849260 4.951452
 O -2.076170 -0.850075 -3.473677
 O -1.459519 3.025173 -4.793801
 O 5.039228 1.338672 -0.064874
 O 3.497614 1.397113 -3.694550
 O -4.582853 4.023311 -6.675627
 O 4.670478 -5.529560 0.611657
 O 1.353725 -0.442003 -5.737786
 O -3.138501 1.088130 -5.240128
 O 0.170767 -1.068611 1.830019
 O 6.285680 -2.411864 -3.418405
 O 3.970771 -1.153487 -1.136421
 O -1.055101 4.977996 2.759884
 O -4.664038 -0.232478 -2.399812
 O -0.026385 -4.765646 -0.090723
 O 5.500504 2.995923 -8.358970
 O 3.203906 5.323980 4.660228
 O -6.697107 6.340465 -2.939443
 O 0.564375 0.542428 -2.763715
 O -4.792623 -4.749273 -0.867717
 O -2.967320 7.263899 2.566013
 O -2.066810 3.256580 4.816888
 O -3.118590 0.268345 0.381623
 O -1.539077 -0.874959 4.619321
 O 1.762337 2.058212 5.263440
 O -5.460714 1.545057 1.989499
 O 3.484549 5.012255 -1.748558
 O 0.991076 -5.874761 -3.119147
 O -4.971165 4.733100 -3.993273
 O 6.373281 1.615788 7.853796
 O -0.592924 1.653534 1.911999
 O 0.642199 -2.269475 -3.119165
 O -0.145644 -4.084325 -5.435808
 O 6.884374 -5.809859 4.038440
 O 3.388837 -2.846713 1.602590
 O 6.075468 -0.852433 3.143232
 O 1.522814 3.684838 -4.456954
 O 0.214439 -8.358463 0.013400
 O -4.724706 -2.280113 -6.665058
 O -4.701193 2.379536 -1.070145
 O 4.233005 4.246528 -4.950660
 O 1.381965 -0.981292 -0.576056
 O -5.389840 -3.997996 1.736122
 O 2.099168 2.410277 2.218949
 H -6.690812 -1.923742 -0.731557
 H -6.023272 -2.775326 0.439670
 H 2.701073 -1.171731 6.187408
 H 3.609569 -2.262039 5.587662
 H -6.264210 7.313964 -4.564821
 H -5.124316 8.253126 -5.406333
 H 2.940413 4.013479 -0.832156
 H 2.197179 2.847398 -1.287180
 H -4.761310 -0.022671 4.772566
 H -4.674421 0.992581 3.585503
 H 0.895376 6.483892 6.011785
 H 1.381907 5.090474 6.127047
 H -2.875657 -5.895483 -3.469164
 H -3.417881 -5.045488 -2.516567
 H 5.093883 1.177744 4.692133
 H 4.317944 0.002462 5.549114
 H -2.809502 -7.176231 6.529760
 H -1.319162 -6.807724 6.541649
 H 1.475474 -2.105063 3.413362
 H 2.058672 -3.407016 2.961544
 H 1.327227 -5.218788 2.346678
 H 1.114233 -5.320749 0.977352
 H -2.440434 -5.160657 5.611786
 H -2.186314 -4.456633 4.158528
 H -3.534088 -7.916581 -0.464073
 H -3.410155 -6.414092 -0.605651
 H -3.243666 -2.857271 -3.862505
 H -2.439794 -3.369107 -4.938599
 H 2.875503 -4.205774 -1.709061
 H 2.103380 -4.889192 -0.586810
 H -1.138632 3.327493 -2.965422
 H -0.778828 3.424336 -1.492345
 H -2.123621 -2.026670 0.338674
 H -0.879434 -2.087983 1.208810
 H 0.173745 -3.948023 3.490039
 H -1.150283 -4.194549 2.751424
 H 2.419870 -4.459941 -3.261866
 H 2.735069 -2.990484 -3.644275
 H 5.751985 4.782354 0.666624
 H 6.260102 3.399570 1.329760
 H 5.292183 -3.308394 4.473178
 H 4.698634 -3.776309 5.923561
 H -1.207431 -1.056961 -3.087844
 H -2.024511 -0.547014 -4.403114
 H -0.615578 2.681463 -5.109147
 H -2.061089 2.294909 -4.553004
 H 5.868556 1.404648 -0.589796
 H 4.490299 2.082933 -0.403024
 H 3.793210 1.358120 -2.756467
 H 3.780060 2.329104 -3.944749
 H -5.170957 4.130298 -7.448737
 H -4.712567 3.056775 -6.577622
 H 4.337658 -5.714952 1.509136
 H 3.897858 -5.039168 0.181911
 H 0.583140 -0.635134 -6.331834
 H 1.725362 0.372464 -6.183265
 H -3.164362 1.119080 -6.231212
 H -4.081991 1.058870 -4.983221
 H 0.140807 -0.103638 2.060494
 H 0.767938 -1.250923 1.080308
 H 6.509006 -2.307168 -4.379930
 H 5.396745 -2.807540 -3.340631
 H 4.408179 -0.397601 -0.684155
 H 3.897220 -1.812210 -0.374501
 H -1.325971 5.891835 2.764902
 H -1.322078 4.518826 3.555948
 H -3.776403 -0.462415 -2.783400
 H -5.252091 -0.988484 -2.642474
 H -0.729593 -5.450063 -0.116952
 H -0.583935 -3.950112 0.054780
 H 5.430315 3.780789 -8.981440
 H 6.272186 2.651807 -8.880072
 H 2.690577 5.228595 3.831846
 H 3.053478 6.258377 4.969271
 H -6.306245 5.436955 -3.104145
 H -5.969471 6.716830 -2.415198
 H -0.064426 1.252610 -2.444746
 H 1.230726 1.084499 -3.231293
 H -4.870561 -4.023751 -1.545548
 H -5.068516 -4.273565 -0.065170
 H -2.926529 6.835113 1.683579
 H -3.519807 6.711088 3.153310
 H -3.040213 3.220161 4.800256
 H -1.868906 3.083584 5.744777
 H -2.348074 0.520506 -0.156435
 H -3.867997 -0.063978 -0.183894
 H -1.337963 -1.145123 3.702277
 H -1.112218 -1.595728 5.138951
 H 2.283455 1.767073 4.480075
 H 2.321441 2.729391 5.698567
 H -6.327492 1.104363 2.134293
 H -5.450798 1.713321 1.026124
 H 4.037600 5.707963 -1.285831
 H 3.948961 4.951350 -2.616683
 H 0.121989 -5.714444 -3.539814
 H 0.784957 -6.368962 -2.299947
 H -4.439419 4.509141 -4.749710
 H -4.728478 3.954437 -3.465204
 H 5.703763 1.073261 8.314903
 H 5.937104 1.922033 7.043836
 H -1.250431 1.559187 1.174233
 H -0.922516 2.365814 2.465669
 H 0.879014 -2.391569 -2.161182
 H 1.166336 -1.480110 -3.365088
 H -0.022748 -3.296426 -4.863111
 H -1.080770 -4.151976 -5.735399
 H 6.948471 -5.154138 4.772752
 H 5.908879 -5.803025 3.988429
 H 4.352479 -2.998379 1.546628
 H 3.147816 -3.396562 0.810264
 H 5.240031 -1.053552 2.675661
 H 5.633343 -0.352865 3.907893
 H 2.392815 4.060269 -4.188404
 H 0.919193 4.444847 -4.333684
 H 1.190491 -8.506520 0.130880
 H -0.051242 -8.321952 0.945001
 H -3.862081 -2.691640 -6.866727
 H -4.974517 -1.797230 -7.480548
 H -4.102377 1.843139 -0.487227
 H -4.672905 1.865240 -1.920851
 H 5.159429 3.941429 -4.809501
 H 4.161940 4.741574 -5.795210
 H 2.346575 -1.152400 -0.791327
 H 0.984235 -0.347142 -1.227587
 H -4.508042 -3.583640 1.820830
 H -5.352311 -4.727619 2.415587
 H 2.889072 2.153431 1.719566
 H 1.528726 1.607317 2.118040
K_POINTS
 1
0.0 0.0 0.0 1.0