
&control
    calculation='scf'
    pseudo_dir = './',
    outdir='./outputs',
    disk_io='high'
/
&system
    ibrav= 1, celldm(1)=20.000000, nat=  192, ntyp= 2,
    ecutwfc = 30.0, nosym=.true., occupations='smearing',
    smearing='m-v', degauss=0.025
/
&electrons
    conv_thr =  1.0d-8,
    mixing_beta = 0.7
/
&ions
    pot_extrapolation='second-order'
    wfc_extrapolation='second-order'
    ion_temperature = 'andersen'
    tempw = 1000

/
ATOMIC_SPECIES
 H  1.01  H.blyp-hgh.UPF
 O  16.0  O.blyp-hgh.UPF
ATOMIC_POSITIONS bohr
 O -6.110710 -1.865996 0.060969
 O 3.662852 -1.431721 6.087299
 O -5.699862 7.477245 -5.361411
 O 2.650846 3.124184 -0.457039
 O -4.421966 0.835894 4.521060
 O 0.554844 5.571775 5.958208
 O -2.805662 -5.805841 -2.485441
 O 4.742517 0.249606 4.696478
 O -2.208239 -6.424793 6.737304
 O 1.748735 -2.973063 3.797316
 O 1.891232 -5.470272 1.575881
 O -2.634813 -4.369498 5.033515
 O -3.193777 -7.145128 0.014919
 O -3.328207 -3.508063 -4.577255
 O 2.821319 -4.248479 -0.716922
 O -1.198054 2.802816 -2.134845
 O -1.537730 -2.664698 0.763753
 O -0.418399 -4.693053 3.143175
 O 3.174695 -3.825017 -3.408627
 O 5.595917 4.131368 1.363345
 O 4.634973 -3.848216 4.954442
 O -2.075928 -0.849833 -3.473221
 O -1.460254 3.023630 -4.794664
 O 5.038634 1.340469 -0.069123
 O 3.496009 1.396926 -3.693681
 O -4.581594 4.023830 -6.678064
 O 4.669024 -5.531944 0.611676
 O 1.354851 -0.441172 -5.736554
 O -3.140947 1.089763 -5.240262
 O 0.168512 -1.070192 1.831352
 O 6.286517 -2.412079 -3.419772
 O 3.970831 -1.156702 -1.135761
 O -1.057142 4.977967 2.759370
 O -4.662315 -0.232296 -2.398079
 O -0.027458 -4.768350 -0.087780
 O 5.499714 2.996032 -8.361463
 O 3.200435 5.323634 4.657932
 O -6.699535 6.342637 -2.938331
 O 0.565496 0.543106 -2.765876
 O -4.793213 -4.751695 -0.869071
 O -2.967450 7.266316 2.565950
 O -2.063418 3.257202 4.818460
 O -3.119611 0.269284 0.382736
 O -1.538282 -0.875213 4.618177
 O 1.766830 2.058161 5.263182
 O -5.462090 1.541026 1.991926
 O 3.486744 5.014754 -1.750011
 O 0.990608 -5.875901 -3.118837
 O -4.973697 4.731475 -3.992831
 O 6.376757 1.615935 7.854885
 O -0.592554 1.653020 1.911492
 O 0.643574 -2.269156 -3.118777
 O -0.144922 -4.084935 -5.435997
 O 6.884958 -5.809610 4.038135
 O 3.387984 -2.846544 1.603004
 O 6.076761 -0.850830 3.144438
 O 1.522151 3.683927 -4.455795
 O 0.215158 -8.357901 0.011606
 O -4.725018 -2.283125 -6.665415
 O -4.702433 2.381696 -1.071761
 O 4.233888 4.246292 -4.950831
 O 1.381029 -0.983477 -0.574524
 O -5.390685 -3.996273 1.735380
 O 2.102942 2.410143 2.221421
 H -6.696896 -1.928099 -0.727978
 H -6.027328 -2.773632 0.441704
 H 2.699518 -1.175098 6.190674
 H 3.607281 -2.260484 5.588034
 H -6.265548 7.314905 -4.564860
 H -5.120872 8.249875 -5.411047
 H 2.946160 4.009032 -0.836641
 H 2.192121 2.841981 -1.279187
 H -4.761361 -0.026229 4.770189
 H -4.668637 0.989648 3.583976
 H 0.900451 6.480682 6.012628
 H 1.381696 5.086932 6.122228
 H -2.870104 -5.894462 -3.469778
 H -3.417487 -5.043354 -2.524289
 H 5.092556 1.177899 4.697231
 H 4.314238 0.003587 5.545017
 H -2.810797 -7.171722 6.530294
 H -1.318413 -6.807766 6.549096
 H 1.476925 -2.109103 3.413222
 H 2.056688 -3.407492 2.962254
 H 1.330237 -5.217780 2.347459
 H 1.114959 -5.323261 0.974422
 H -2.442518 -5.157087 5.613886
 H -2.184160 -4.460402 4.160292
 H -3.529371 -7.917633 -0.464340
 H -3.404002 -6.419354 -0.611020
 H -3.240797 -2.853653 -3.864699
 H -2.439372 -3.366965 -4.936296
 H 2.878629 -4.202707 -1.707856
 H 2.106090 -4.886176 -0.587962
 H -1.137922 3.324785 -2.970733
 H -0.776052 3.419943 -1.490579
 H -2.123359 -2.024085 0.339222
 H -0.882712 -2.085492 1.208566
 H 0.177898 -3.945730 3.483298
 H -1.148088 -4.189162 2.748521
 H 2.420552 -4.465500 -3.264843
 H 2.731949 -2.989894 -3.646262
 H 5.751397 4.783516 0.663347
 H 6.263552 3.403675 1.333881
 H 5.290299 -3.313125 4.469742
 H 4.698714 -3.769505 5.925408
 H -1.208013 -1.056473 -3.085433
 H -2.023007 -0.546322 -4.401352
 H -0.617068 2.675370 -5.111083
 H -2.057762 2.291812 -4.548162
 H 5.867095 1.401597 -0.594122
 H 4.488537 2.084186 -0.406959
 H 3.791154 1.350761 -2.754936
 H 3.785541 2.324682 -3.950002
 H -5.169060 4.133325 -7.448225
 H -4.715747 3.057462 -6.581266
 H 4.340163 -5.717004 1.509531
 H 3.901185 -5.030046 0.188129
 H 0.583965 -0.638735 -6.329442
 H 1.723004 0.374586 -6.183742
 H -3.164133 1.131166 -6.231310
 H -4.085700 1.059668 -4.988800
 H 0.143350 -0.103943 2.057242
 H 0.765774 -1.249768 1.082203
 H 6.514908 -2.310243 -4.380445
 H 5.394785 -2.803177 -3.338105
 H 4.408368 -0.401169 -0.681352
 H 3.890450 -1.815455 -0.375728
 H -1.326493 5.894188 2.763557
 H -1.324200 4.521001 3.561144
 H -3.775941 -0.467232 -2.782258
 H -5.251829 -0.987530 -2.638871
 H -0.733542 -5.448450 -0.119485
 H -0.583884 -3.952421 0.054347
 H 5.424744 3.788541 -8.974357
 H 6.274955 2.658252 -8.882301
 H 2.688966 5.225561 3.827644
 H 3.050876 6.263613 4.953548
 H -6.310547 5.436044 -3.108502
 H -5.969868 6.721061 -2.420703
 H -0.064596 1.250724 -2.447734
 H 1.230126 1.088239 -3.233808
 H -4.878291 -4.029363 -1.548359
 H -5.065699 -4.271618 -0.069279
 H -2.923812 6.834387 1.685973
 H -3.521037 6.713046 3.153871
 H -3.037784 3.222512 4.806258
 H -1.866661 3.086299 5.747287
 H -2.348767 0.521104 -0.155244
 H -3.869150 -0.057651 -0.185878
 H -1.337956 -1.141630 3.699409
 H -1.105728 -1.591740 5.137583
 H 2.281261 1.760366 4.480548
 H 2.320144 2.735643 5.696130
 H -6.326533 1.095603 2.129701
 H -5.444145 1.711153 1.028608
 H 4.047051 5.704375 -1.288423
 H 3.946380 4.951854 -2.621284
 H 0.118510 -5.709669 -3.533758
 H 0.782006 -6.366270 -2.296957
 H -4.443092 4.510991 -4.753136
 H -4.729880 3.954610 -3.466033
 H 5.708271 1.077631 8.325297
 H 5.935920 1.921920 7.046368
 H -1.252246 1.561407 1.173993
 H -0.924956 2.364535 2.463034
 H 0.879354 -2.395098 -2.159850
 H 1.172524 -1.483640 -3.365202
 H -0.027225 -3.298670 -4.861141
 H -1.082981 -4.156453 -5.725254
 H 6.947232 -5.152576 4.769528
 H 5.909981 -5.810364 3.989120
 H 4.352173 -2.994204 1.542792
 H 3.152018 -3.394780 0.809380
 H 5.242078 -1.051321 2.676550
 H 5.634539 -0.352253 3.908854
 H 2.392775 4.058899 -4.184250
 H 0.916489 4.440910 -4.338119
 H 1.191260 -8.509668 0.125249
 H -0.051792 -8.320070 0.941770
 H -3.861359 -2.690402 -6.868298
 H -4.979756 -1.802540 -7.480291
 H -4.101124 1.848602 -0.488599
 H -4.670394 1.872362 -1.924642
 H 5.159733 3.941438 -4.804594
 H 4.164927 4.746970 -5.792726
 H 2.345729 -1.151499 -0.794378
 H 0.989013 -0.341966 -1.222472
 H -4.508753 -3.582353 1.821718
 H -5.350091 -4.725494 2.416017
 H 2.888936 2.146480 1.717751
 H 1.524217 1.612848 2.128188
K_POINTS
 1
0.0 0.0 0.0 1.0