
&control
    calculation='scf'
    pseudo_dir = './',
    outdir='./outputs',
    disk_io='high'
/
&system
    ibrav= 1, celldm(1)=20.000000, nat=  192, ntyp= 2,
    ecutwfc = 30.0, nosym=.true., occupations='smearing',
    smearing='m-v', degauss=0.025
/
&electrons
    conv_thr =  1.0d-8,
    mixing_beta = 0.7
/
&ions
    pot_extrapolation='second-order'
    wfc_extrapolation='second-order'
    ion_temperature = 'andersen'
    tempw = 1000

/
ATOMIC_SPECIES
 H  1.01  H.blyp-hgh.UPF
 O  16.0  O.blyp-hgh.UPF
ATOMIC_POSITIONS bohr
 O -6.110839 -1.865582 0.060512
 O 3.661900 -1.432897 6.089521
 O -5.700901 7.479741 -5.360598
 O 2.655858 3.121686 -0.456524
 O -4.420108 0.834508 4.522335
 O 0.555667 5.571785 5.955942
 O -2.809123 -5.806468 -2.485316
 O 4.744195 0.248999 4.695945
 O -2.208475 -6.423982 6.738723
 O 1.747383 -2.972188 3.799415
 O 1.890534 -5.470217 1.574004
 O -2.635267 -4.368493 5.032858
 O -3.192189 -7.145958 0.014989
 O -3.328243 -3.506230 -4.577268
 O 2.822733 -4.247208 -0.715387
 O -1.197114 2.801267 -2.136307
 O -1.537821 -2.663452 0.762507
 O -0.419439 -4.691862 3.142717
 O 3.168399 -3.824680 -3.405961
 O 5.596506 4.131001 1.361297
 O 4.634230 -3.847193 4.957417
 O -2.075722 -0.849605 -3.472757
 O -1.460983 3.022136 -4.795530
 O 5.038037 1.342253 -0.073396
 O 3.494430 1.396778 -3.692799
 O -4.580339 4.024315 -6.680506
 O 4.667566 -5.534327 0.611688
 O 1.355952 -0.440332 -5.735351
 O -3.143400 1.091389 -5.240416
 O 0.166253 -1.071771 1.832741
 O 6.287368 -2.412287 -3.421148
 O 3.970890 -1.159958 -1.135074
 O -1.059155 4.977893 2.758807
 O -4.660577 -0.232112 -2.396346
 O -0.028562 -4.771062 -0.084852
 O 5.498967 2.996175 -8.363996
 O 3.196968 5.323319 4.655654
 O -6.701969 6.344782 -2.937218
 O 0.566609 0.543814 -2.768024
 O -4.793803 -4.754086 -0.870482
 O -2.967581 7.268735 2.565867
 O -2.060025 3.257818 4.819996
 O -3.120650 0.270225 0.383858
 O -1.537467 -0.875484 4.617048
 O 1.771330 2.058087 5.262930
 O -5.463470 1.537017 1.994357
 O 3.488979 5.017312 -1.751484
 O 0.990138 -5.877053 -3.118526
 O -4.976232 4.729820 -3.992351
 O 6.380245 1.616087 7.855980
 O -0.592197 1.652470 1.910945
 O 0.644961 -2.268845 -3.118379
 O -0.144202 -4.085547 -5.436188
 O 6.885528 -5.809345 4.037833
 O 3.387151 -2.846373 1.603379
 O 6.078065 -0.849248 3.145611
 O 1.521496 3.683020 -4.454629
 O 0.215891 -8.357328 0.009805
 O -4.725346 -2.286119 -6.665777
 O -4.703674 2.383842 -1.073381
 O 4.234777 4.246040 -4.950983
 O 1.380085 -0.985683 -0.572982
 O -5.391524 -3.994544 1.734643
 O 2.106712 2.409975 2.223911
 H -6.702866 -1.932492 -0.724336
 H -6.031438 -2.771825 0.443760
 H 2.698030 -1.178528 6.194047
 H 3.605058 -2.259029 5.588220
 H -6.266653 7.315982 -4.564896
 H -5.117432 8.246719 -5.415517
 H 2.952073 4.004529 -0.841053
 H 2.187016 2.836421 -1.271071
 H -4.761450 -0.029915 4.767806
 H -4.662802 0.986618 3.582388
 H 0.905357 6.477616 6.013476
 H 1.381464 5.083193 6.117372
 H -2.864345 -5.893689 -3.470368
 H -3.417045 -5.041179 -2.531731
 H 5.091051 1.177990 4.702362
 H 4.310534 0.004493 5.540955
 H -2.812071 -7.167128 6.530784
 H -1.317621 -6.807773 6.556537
 H 1.478367 -2.113154 3.413132
 H 2.054873 -3.407918 2.963073
 H 1.333353 -5.216898 2.348333
 H 1.115700 -5.325812 0.971314
 H -2.444620 -5.153565 5.615873
 H -2.182013 -4.464277 4.162282
 H -3.524649 -7.918786 -0.464618
 H -3.397841 -6.424635 -0.616413
 H -3.238048 -2.849925 -3.866767
 H -2.438909 -3.364915 -4.934144
 H 2.881950 -4.199469 -1.706596
 H 2.108615 -4.883172 -0.589003
 H -1.137292 3.321932 -2.976088
 H -0.773263 3.415477 -1.488619
 H -2.123210 -2.021450 0.339718
 H -0.885929 -2.082849 1.208447
 H 0.181993 -3.943647 3.476564
 H -1.145959 -4.183797 2.745444
 H 2.421282 -4.471010 -3.268054
 H 2.728766 -2.989321 -3.648254
 H 5.750891 4.784732 0.660041
 H 6.266913 3.407987 1.337926
 H 5.288453 -3.317795 4.466492
 H 4.699052 -3.762670 5.927178
 H -1.208457 -1.055983 -3.083158
 H -2.021430 -0.545560 -4.399507
 H -0.618445 2.669150 -5.112994
 H -2.054461 2.288524 -4.543433
 H 5.865653 1.398588 -0.598448
 H 4.486681 2.085476 -0.410792
 H 3.789030 1.343349 -2.753479
 H 3.790856 2.319990 -3.955249
 H -5.167259 4.136593 -7.447758
 H -4.718860 3.058122 -6.584804
 H 4.342628 -5.719095 1.509892
 H 3.904728 -5.021077 0.194391
 H 0.584915 -0.642291 -6.326926
 H 1.720519 0.376794 -6.184124
 H -3.163898 1.143192 -6.231327
 H -4.089481 1.060434 -4.994326
 H 0.145839 -0.104334 2.053842
 H 0.763793 -1.248410 1.083869
 H 6.520687 -2.313394 -4.380798
 H 5.392825 -2.798798 -3.335674
 H 4.408546 -0.404573 -0.678515
 H 3.883728 -1.818527 -0.377137
 H -1.327067 5.896742 2.762348
 H -1.326429 4.523162 3.566602
 H -3.775528 -0.472020 -2.781089
 H -5.251572 -0.986570 -2.635264
 H -0.737395 -5.446910 -0.122058
 H -0.583766 -3.954662 0.053952
 H 5.418899 3.796211 -8.967104
 H 6.277673 2.664513 -8.884412
 H 2.687342 5.222528 3.823483
 H 3.048331 6.268631 4.937641
 H -6.314907 5.435428 -3.112981
 H -5.970239 6.725390 -2.426044
 H -0.064798 1.248828 -2.450763
 H 1.229602 1.091924 -3.236368
 H -4.886000 -4.035112 -1.551049
 H -5.062961 -4.269793 -0.073110
 H -2.921182 6.833566 1.688434
 H -3.522286 6.714993 3.154347
 H -3.035343 3.224937 4.812214
 H -1.864302 3.089023 5.750036
 H -2.349567 0.521614 -0.154237
 H -3.870066 -0.051337 -0.187894
 H -1.337960 -1.138093 3.696528
 H -1.099349 -1.587722 5.136135
 H 2.279030 1.753797 4.480986
 H 2.318824 2.741891 5.693681
 H -6.325498 1.086731 2.125054
 H -5.437460 1.708924 1.031153
 H 4.056384 5.700651 -1.291066
 H 3.943710 4.952388 -2.625799
 H 0.115069 -5.704809 -3.527699
 H 0.779069 -6.363526 -2.293984
 H -4.446717 4.512950 -4.757038
 H -4.731306 3.954734 -3.466639
 H 5.712768 1.081977 8.335632
 H 5.934683 1.921768 7.048852
 H -1.253883 1.563708 1.174015
 H -0.927477 2.363429 2.460569
 H 0.879608 -2.398586 -2.158648
 H 1.178605 -1.487111 -3.365331
 H -0.031740 -3.300973 -4.859135
 H -1.085052 -4.160891 -5.715141
 H 6.946144 -5.151085 4.766381
 H 5.911018 -5.817808 3.989738
 H 4.351945 -2.989997 1.539137
 H 3.156026 -3.392959 0.808582
 H 5.244231 -1.049204 2.677341
 H 5.635809 -0.351824 3.909834
 H 2.392644 4.057478 -4.180176
 H 0.913783 4.437003 -4.342540
 H 1.191946 -8.512915 0.119527
 H -0.052538 -8.318100 0.938675
 H -3.860581 -2.689238 -6.869900
 H -4.985017 -1.807987 -7.480056
 H -4.099862 1.854150 -0.490070
 H -4.667887 1.879486 -1.928274
 H 5.159997 3.941633 -4.799814
 H 4.168008 4.752282 -5.790231
 H 2.344690 -1.150371 -0.797500
 H 0.993958 -0.336813 -1.217379
 H -4.509469 -3.581084 1.822691
 H -5.347924 -4.723298 2.416348
 H 2.888868 2.139599 1.715872
 H 1.519722 1.618620 2.138320
K_POINTS
 1
0.0 0.0 0.0 1.0