
&control
    calculation='scf'
    pseudo_dir = './',
    outdir='./outputs',
    disk_io='high'
/
&system
    ibrav= 1, celldm(1)=20.000000, nat=  192, ntyp= 2,
    ecutwfc = 30.0, nosym=.true., occupations='smearing',
    smearing='m-v', degauss=0.025
/
&electrons
    conv_thr =  1.0d-8,
    mixing_beta = 0.7
/
&ions
    pot_extrapolation='second-order'
    wfc_extrapolation='second-order'
    ion_temperature = 'andersen'
    tempw = 1000

/
ATOMIC_SPECIES
 H  1.01  H.blyp-hgh.UPF
 O  16.0  O.blyp-hgh.UPF
ATOMIC_POSITIONS bohr
 O -6.111093 -1.864784 0.059578
 O 3.659934 -1.435250 6.094069
 O -5.703076 7.484612 -5.359087
 O 2.665879 3.116632 -0.455562
 O -4.416370 0.831847 4.524923
 O 0.557329 5.571828 5.951435
 O -2.816084 -5.807654 -2.485225
 O 4.747518 0.248092 4.694937
 O -2.208940 -6.422391 6.741575
 O 1.744621 -2.970464 3.803559
 O 1.889089 -5.470093 1.570345
 O -2.636193 -4.366403 5.031596
 O -3.189019 -7.147569 0.015156
 O -3.328285 -3.502545 -4.577241
 O 2.825555 -4.244649 -0.712398
 O -1.195188 2.798212 -2.139231
 O -1.538051 -2.661053 0.759976
 O -0.421417 -4.689325 3.141871
 O 3.155805 -3.824059 -3.400603
 O 5.597671 4.130222 1.357261
 O 4.632648 -3.845213 4.963319
 O -2.075412 -0.849190 -3.471797
 O -1.462412 3.019284 -4.797272
 O 5.036833 1.345778 -0.082005
 O 3.491348 1.396590 -3.690999
 O -4.577836 4.025182 -6.685394
 O 4.664644 -5.539087 0.611688
 O 1.358076 -0.438623 -5.733037
 O -3.148325 1.094622 -5.240788
 O 0.161728 -1.074919 1.835685
 O 6.289113 -2.412682 -3.423920
 O 3.971002 -1.166586 -1.133621
 O -1.063110 4.977611 2.757561
 O -4.657056 -0.231738 -2.392875
 O -0.030864 -4.776511 -0.079044
 O 5.497601 2.996571 -8.369177
 O 3.190043 5.322789 4.651142
 O -6.706856 6.348975 -2.934991
 O 0.568813 0.545318 -2.772284
 O -4.794979 -4.758780 -0.873479
 O -2.967853 7.273570 2.565648
 O -2.053243 3.259031 4.822968
 O -3.122782 0.272114 0.386122
 O -1.535785 -0.876073 4.614829
 O 1.780340 2.057873 5.262462
 O -5.466232 1.529064 1.999226
 O 3.493563 5.022596 -1.754489
 O 0.989179 -5.879393 -3.117901
 O -4.981306 4.726431 -3.991298
 O 6.387247 1.616402 7.858186
 O -0.591525 1.651264 1.909722
 O 0.647766 -2.268252 -3.117543
 O -0.142767 -4.086774 -5.436573
 O 6.886632 -5.808772 4.037229
 O 3.385553 -2.846027 1.604015
 O 6.080710 -0.846152 3.147858
 O 1.520224 3.681208 -4.452270
 O 0.217396 -8.356147 0.006171
 O -4.726052 -2.292053 -6.666509
 O -4.706153 2.388094 -1.076634
 O 4.236567 4.245492 -4.951234
 O 1.378178 -0.990152 -0.569878
 O -5.393182 -3.991070 1.733191
 O 2.114246 2.409539 2.228948
 H -6.714450 -1.941356 -0.716859
 H -6.039790 -2.767900 0.447974
 H 2.695258 -1.185551 6.201120
 H 3.600818 -2.256466 5.588000
 H -6.268158 7.318561 -4.564939
 H -5.110524 8.240767 -5.423704
 H 2.964387 3.995364 -0.849673
 H 2.176673 2.824873 -1.254499
 H -4.761698 -0.037576 4.763010
 H -4.650971 0.980279 3.579095
 H 0.914680 6.471981 6.015193
 H 1.380916 5.075145 6.107541
 H -2.852213 -5.892910 -3.471474
 H -3.416030 -5.036702 -2.545762
 H 5.087525 1.178000 4.712688
 H 4.303105 0.005620 5.532973
 H -2.814603 -7.157767 6.531613
 H -1.315929 -6.807688 6.571389
 H 1.481157 -2.121080 3.413040
 H 2.051743 -3.408608 2.965096
 H 1.339896 -5.215512 2.350307
 H 1.117196 -5.331019 0.964595
 H -2.448872 -5.146673 5.619515
 H -2.177715 -4.472335 4.166898
 H -3.515198 -7.921436 -0.465213
 H -3.385500 -6.435207 -0.627282
 H -3.232935 -2.842131 -3.870508
 H -2.437843 -3.361097 -4.930329
 H 2.889170 -4.192478 -1.703915
 H 2.113035 -4.877287 -0.590733
 H -1.136262 3.315759 -2.986796
 H -0.767670 3.406322 -1.484192
 H -2.123268 -2.016046 0.340540
 H -0.892147 -2.077109 1.208605
 H 0.189964 -3.940156 3.463128
 H -1.141869 -4.173167 2.738791
 H 2.422787 -4.481899 -3.275157
 H 2.722183 -2.988263 -3.652241
 H 5.750117 4.787255 0.653415
 H 6.273416 3.417167 1.345764
 H 5.284901 -3.326929 4.460541
 H 4.700516 -3.748902 5.930511
 H -1.208928 -1.054991 -3.079025
 H -2.018052 -0.543812 -4.395623
 H -0.620915 2.656380 -5.116713
 H -2.047961 2.281399 -4.534318
 H 5.862851 1.392718 -0.607115
 H 4.482708 2.088159 -0.418160
 H 3.784577 1.328418 -2.750844
 H 3.800989 2.309818 -3.965668
 H -5.164014 4.143878 -7.447053
 H -4.724886 3.059371 -6.591559
 H 4.347413 -5.723402 1.510555
 H 3.912429 -5.003637 0.207023
 H 0.587203 -0.649264 -6.321516
 H 1.715170 0.381446 -6.184598
 H -3.163400 1.167044 -6.231106
 H -4.097260 1.061866 -5.005201
 H 0.150627 -0.105377 2.046635
 H 0.760391 -1.245134 1.086494
 H 6.531844 -2.319929 -4.381027
 H 5.388966 -2.789969 -3.331139
 H 4.408850 -0.410923 -0.672757
 H 3.870436 -1.824176 -0.380463
 H -1.328329 5.902335 2.760333
 H -1.331139 4.527546 3.578111
 H -3.774850 -0.481491 -2.778658
 H -5.251087 -0.984635 -2.628042
 H -0.744835 -5.444095 -0.127322
 H -0.583331 -3.958906 0.053291
 H 5.406420 3.811239 -8.952090
 H 6.282915 2.676502 -8.888299
 H 2.684079 5.216434 3.815309
 H 3.043431 6.277971 4.905317
 H -6.323807 5.435201 -3.122263
 H -5.970858 6.734323 -2.436215
 H -0.065335 1.245049 -2.456921
 H 1.228759 1.099105 -3.241610
 H -4.901343 -4.046994 -1.556113
 H -5.057729 -4.266500 -0.079899
 H -2.916188 6.831630 1.693518
 H -3.524801 6.718886 3.155015
 H -3.030397 3.230017 4.823969
 H -1.859232 3.094503 5.756217
 H -2.351482 0.522380 -0.152760
 H -3.871199 -0.038757 -0.192013
 H -1.337999 -1.130891 3.690762
 H -1.086906 -1.579632 5.132996
 H 2.274549 1.741093 4.481697
 H 2.316135 2.754347 5.688701
 H -6.323233 1.068647 2.115616
 H -5.424004 1.704282 1.036451
 H 4.074710 5.692834 -1.296483
 H 3.938093 4.953555 -2.634541
 H 0.108365 -5.694842 -3.515561
 H 0.773261 -6.357877 -2.288110
 H -4.453905 4.517209 -4.766156
 H -4.734196 3.954763 -3.467150
 H 5.721779 1.090634 8.356067
 H 5.932063 1.921329 7.053725
 H -1.256591 1.568522 1.174838
 H -0.932756 2.361760 2.456190
 H 0.879853 -2.405413 -2.156686
 H 1.190455 -1.493857 -3.365627
 H -0.040850 -3.305730 -4.854986
 H -1.088775 -4.169675 -5.695031
 H 6.944417 -5.148273 4.760365
 H 5.912887 -5.833000 3.990758
 H 4.351727 -2.981464 1.532400
 H 3.163402 -3.389234 0.807200
 H 5.248831 -1.045325 2.678618
 H 5.638568 -0.351497 3.911862
 H 2.392048 4.054477 -4.172281
 H 0.908337 4.429354 -4.351322
 H 1.193060 -8.519693 0.107857
 H -0.054599 -8.313901 0.932935
 H -3.858834 -2.687142 -6.873207
 H -4.995608 -1.819273 -7.479668
 H -4.097317 1.865488 -0.493326
 H -4.662874 1.893718 -1.935072
 H 5.160419 3.942593 -4.790645
 H 4.174462 4.762640 -5.785184
 H 2.342028 -1.147459 -0.803919
 H 1.004313 -0.326590 -1.207249
 H -4.510918 -3.578582 1.824877
 H -5.343775 -4.718692 2.416689
 H 2.888871 2.126048 1.711953
 H 1.510776 1.630858 2.158516
K_POINTS
 1
0.0 0.0 0.0 1.0