
&control
    calculation='scf'
    pseudo_dir = './',
    outdir='./outputs',
    disk_io='high'
/
&system
    ibrav= 1, celldm(1)=20.000000, nat=  192, ntyp= 2,
    ecutwfc = 30.0, nosym=.true., occupations='smearing',
    smearing='m-v', degauss=0.025
/
&electrons
    conv_thr =  1.0d-8,
    mixing_beta = 0.7
/
&ions
    pot_extrapolation='second-order'
    wfc_extrapolation='second-order'
    ion_temperature = 'andersen'
    tempw = 1000

/
ATOMIC_SPECIES
 H  1.01  H.blyp-hgh.UPF
 O  16.0  O.blyp-hgh.UPF
ATOMIC_POSITIONS bohr
 O -6.111763 -1.862958 0.057076
 O 3.654664 -1.441115 6.106033
 O -5.709122 7.495986 -5.356045
 O 2.690907 3.103692 -0.453543
 O -4.406984 0.825691 4.531532
 O 0.561590 5.571952 5.940308
 O -2.833683 -5.810206 -2.485950
 O 4.755585 0.247602 4.692788
 O -2.209956 -6.418463 6.748861
 O 1.737504 -2.966607 3.813616
 O 1.885255 -5.469719 1.561795
 O -2.638656 -4.360708 5.028792
 O -3.181104 -7.151337 0.015737
 O -3.328183 -3.493209 -4.576822
 O 2.832681 -4.238021 -0.705431
 O -1.190087 2.790890 -2.146602
 O -1.538927 -2.655569 0.753393
 O -0.425785 -4.681990 3.140114
 O 3.124510 -3.822731 -3.387076
 O 5.600418 4.128227 1.347429
 O 4.628095 -3.840700 4.977769
 O -2.075219 -0.848430 -3.469133
 O -1.465704 3.012788 -4.801707
 O 5.033689 1.354303 -0.103869
 O 3.484068 1.396603 -3.686281
 O -4.571532 4.026699 -6.697510
 O 4.657377 -5.550934 0.611512
 O 1.362939 -0.434157 -5.727788
 O -3.160758 1.102608 -5.242105
 O 0.150437 -1.082661 1.843954
 O 6.293668 -2.413566 -3.430866
 O 3.971271 -1.183670 -1.129585
 O -1.072740 4.976177 2.754036
 O -4.647980 -0.230788 -2.384182
 O -0.037146 -4.790244 -0.064838
 O 5.494922 2.998249 -8.382757
 O 3.172696 5.322135 4.640006
 O -6.719196 6.358794 -2.929514
 O 0.574311 0.549559 -2.782768
 O -4.797917 -4.770051 -0.881912
 O -2.968648 7.285613 2.564887
 O -2.036364 3.261930 4.829928
 O -3.128384 0.276890 0.391875
 O -1.531304 -0.877745 4.609445
 O 1.802771 2.056976 5.261643
 O -5.473078 1.509613 2.011381
 O 3.505633 5.036654 -1.762379
 O 0.986532 -5.885457 -3.116291
 O -4.993944 4.717554 -3.988382
 O 6.404798 1.617233 7.863813
 O -0.590127 1.647696 1.905946
 O 0.654938 -2.266981 -3.115204
 O -0.139279 -4.089852 -5.437557
 O 6.889186 -5.807169 4.035658
 O 3.382023 -2.845093 1.604996
 O 6.087604 -0.838844 3.152869
 O 1.517367 3.676582 -4.446249
 O 0.221378 -8.353019 -0.003174
 O -4.728114 -2.306583 -6.668362
 O -4.712349 2.398554 -1.084801
 O 4.241074 4.243874 -4.951564
 O 1.373343 -1.001569 -0.562080
 O -5.397176 -3.982317 1.729732
 O 2.133123 2.407914 2.241832
 H -6.741152 -1.963598 -0.697033
 H -6.061071 -2.756705 0.459497
 H 2.689460 -1.203718 6.220792
 H 3.591517 -2.252405 5.583790
 H -6.267884 7.327648 -4.564475
 H -5.092814 8.228583 -5.439581
 H 2.997831 3.971572 -0.870231
 H 2.150222 2.793641 -1.211361
 H -4.762123 -0.057230 4.750689
 H -4.620406 0.962914 3.570962
 H 0.935358 6.461317 6.019670
 H 1.378680 5.052024 6.082161
 H -2.818397 -5.895586 -3.473719
 H -3.412857 -5.024793 -2.575786
 H 5.076043 1.177372 4.738507
 H 4.284215 0.004177 5.514202
 H -2.821414 -7.134364 6.532544
 H -1.311348 -6.806915 6.608166
 H 1.486819 -2.137479 3.412557
 H 2.046781 -3.409325 2.973024
 H 1.357866 -5.214317 2.355964
 H 1.120704 -5.344589 0.945311
 H -2.459689 -5.130463 5.626862
 H -2.166638 -4.494102 4.181539
 H -3.491604 -7.930417 -0.466877
 H -3.354573 -6.461195 -0.655035
 H -3.222679 -2.820758 -3.877539
 H -2.434274 -3.353297 -4.923940
 H 2.910451 -4.172051 -1.696310
 H 2.119734 -4.864105 -0.592872
 H -1.134849 3.297347 -3.012169
 H -0.753886 3.382049 -1.471077
 H -2.125550 -2.002019 0.341590
 H -0.906213 -2.060270 1.211379
 H 0.208234 -3.935720 3.429929
 H -1.132244 -4.147617 2.719597
 H 2.425731 -4.508615 -3.296654
 H 2.704155 -2.986618 -3.662148
 H 5.749538 4.793197 0.637635
 H 6.289164 3.442527 1.363688
 H 5.277048 -3.348314 4.448763
 H 4.708839 -3.713896 5.937911
 H -1.207826 -1.052400 -3.071182
 H -2.008308 -0.537951 -4.385414
 H -0.626170 2.623203 -5.125098
 H -2.032477 2.260931 -4.513613
 H 5.856591 1.379161 -0.629088
 H 4.471518 2.095373 -0.434880
 H 3.772321 1.291114 -2.746385
 H 3.823590 2.280334 -3.990725
 H -5.158582 4.166667 -7.447524
 H -4.738754 3.062233 -6.606580
 H 4.358340 -5.735011 1.512367
 H 3.934868 -4.963256 0.238907
 H 0.595101 -0.665846 -6.305858
 H 1.699657 0.394222 -6.183978
 H -3.161915 1.225214 -6.228950
 H -4.117826 1.064854 -5.031204
 H 0.161148 -0.109450 2.026690
 H 0.755044 -1.234227 1.089001
 H 6.557087 -2.337680 -4.379150
 H 5.380396 -2.767261 -3.322173
 H 4.409038 -0.424674 -0.658153
 H 3.838115 -1.835846 -0.391108
 H -1.331595 5.917621 2.757593
 H -1.343589 4.539953 3.608067
 H -3.774009 -0.504322 -2.772016
 H -5.250143 -0.979786 -2.609933
 H -0.762092 -5.439056 -0.141120
 H -0.581091 -3.967759 0.052502
 H 5.371093 3.846152 -8.911643
 H 6.294444 2.703587 -8.896304
 H 2.676134 5.200699 3.796007
 H 3.032547 6.296910 4.822111
 H -6.347096 5.441455 -3.146840
 H -5.971389 6.757915 -2.458609
 H -0.067865 1.236115 -2.472635
 H 1.227569 1.115684 -3.255234
 H -4.939189 -4.078404 -1.567546
 H -5.046022 -4.260332 -0.091659
 H -2.905212 6.824985 1.706697
 H -3.530802 6.729011 3.154728
 H -3.017349 3.244160 4.852171
 H -1.844447 3.108546 5.774985
 H -2.358056 0.522879 -0.152011
 H -3.870249 -0.007797 -0.202822
 H -1.338232 -1.112251 3.676773
 H -1.057391 -1.559604 5.123800
 H 2.264200 1.712048 4.481905
 H 2.309376 2.784831 5.675237
 H -6.316721 1.021440 2.091360
 H -5.390011 1.691588 1.051173
 H 4.118754 5.671698 -1.310543
 H 3.922388 4.957097 -2.654505
 H 0.093434 -5.668644 -3.485046
 H 0.759463 -6.342724 -2.274101
 H -4.472613 4.529997 -4.794763
 H -4.741245 3.952892 -3.464218
 H 5.745031 1.112508 8.405109
 H 5.924866 1.919152 7.065949
 H -1.260030 1.581442 1.181061
 H -0.947042 2.360690 2.448638
 H 0.878961 -2.421382 -2.154746
 H 1.218267 -1.509441 -3.366448
 H -0.063614 -3.318192 -4.843493
 H -1.095571 -4.191430 -5.645670
 H 6.942578 -5.141735 4.747430
 H 5.916407 -5.872621 3.992120
 H 4.352498 -2.959256 1.519219
 H 3.177501 -3.379879 0.804446
 H 5.261690 -1.037809 2.679855
 H 5.646683 -0.353521 3.917514
 H 2.388030 4.046093 -4.154160
 H 0.894223 4.411967 -4.372748
 H 1.194330 -8.538070 0.077867
 H -0.062747 -8.301931 0.921352
 H -3.853277 -2.683239 -6.882153
 H -5.022508 -1.849596 -7.479387
 H -4.090796 1.895080 -0.503365
 H -4.650262 1.928871 -1.949583
 H 5.161041 3.948360 -4.770131
 H 4.192415 4.786823 -5.771952
 H 2.332106 -1.136735 -0.820528
 H 1.032379 -0.301790 -1.182102
 H -4.514628 -3.572353 1.831510
 H -5.334764 -4.705963 2.415495
 H 2.888898 2.093449 1.701640
 H 1.488713 1.665094 2.208362
K_POINTS
 1
0.0 0.0 0.0 1.0