
&control
    calculation='scf'
    pseudo_dir = './',
    outdir='./outputs',
    disk_io='high'
/
&system
    ibrav= 1, celldm(1)=20.000000, nat=  192, ntyp= 2,
    ecutwfc = 30.0, nosym=.true., occupations='smearing',
    smearing='m-v', degauss=0.025
/
&electrons
    conv_thr =  1.0d-8,
    mixing_beta = 0.7
/
&ions
    pot_extrapolation='second-order'
    wfc_extrapolation='second-order'
    ion_temperature = 'andersen'
    tempw = 1000

/
ATOMIC_SPECIES
 H  1.01  H.blyp-hgh.UPF
 O  16.0  O.blyp-hgh.UPF
ATOMIC_POSITIONS bohr
 O -6.111911 -1.862620 0.056540
 O 3.653552 -1.442287 6.108523
 O -5.710436 7.498118 -5.355576
 O 2.695907 3.101054 -0.453204
 O -4.405115 0.824518 4.532864
 O 0.562463 5.571964 5.938109
 O -2.837231 -5.810643 -2.486262
 O 4.757148 0.247800 4.692432
 O -2.210115 -6.417665 6.750354
 O 1.736063 -2.965961 3.815580
 O 1.884462 -5.469636 1.560191
 O -2.639181 -4.359489 5.028299
 O -3.179522 -7.152051 0.015878
 O -3.328121 -3.491313 -4.576671
 O 2.834132 -4.236638 -0.704127
 O -1.189015 2.789486 -2.148091
 O -1.539157 -2.654548 0.752031
 O -0.426569 -4.680338 3.139814
 O 3.118314 -3.822489 -3.384352
 O 5.600923 4.127859 1.345491
 O 4.627077 -3.839876 4.980602
 O -2.075273 -0.848331 -3.468541
 O -1.466297 3.011567 -4.802610
 O 5.033028 1.355953 -0.108293
 O 3.482676 1.396660 -3.685301
 O -4.570253 4.026885 -6.699901
 O 4.655943 -5.553293 0.611443
 O 1.363839 -0.433226 -5.726826
 O -3.163270 1.104191 -5.242437
 O 0.148199 -1.084180 1.845745
 O 6.294603 -2.413729 -3.432238
 O 3.971329 -1.187144 -1.128720
 O -1.074649 4.975778 2.753310
 O -4.646118 -0.230600 -2.382441
 O -0.038490 -4.793005 -0.062056
 O 5.494507 2.998711 -8.385569
 O 3.169211 5.322131 4.637783
 O -6.721686 6.360639 -2.928442
 O 0.575424 0.550487 -2.784844
 O -4.798507 -4.772233 -0.883740
 O -2.968836 7.288007 2.564711
 O -2.033008 3.262483 4.831266
 O -3.129543 0.277858 0.393036
 O -1.530369 -0.878100 4.608384
 O 1.807220 2.056739 5.261563
 O -5.474427 1.505801 2.013801
 O 3.508138 5.039587 -1.764024
 O 0.985937 -5.886705 -3.115957
 O -4.996449 4.715718 -3.987796
 O 6.408298 1.617403 7.864958
 O -0.589899 1.646907 1.905083
 O 0.656393 -2.266768 -3.114692
 O -0.138608 -4.090467 -5.437756
 O 6.889661 -5.806831 4.035322
 O 3.381410 -2.844889 1.605097
 O 6.089044 -0.837464 3.153761
 O 1.516862 3.675624 -4.445027
 O 0.222205 -8.352367 -0.005094
 O -4.728575 -2.309441 -6.668732
 O -4.713590 2.400629 -1.086434
 O 4.241974 4.243511 -4.951583
 O 1.372367 -1.003876 -0.560528
 O -5.397944 -3.980556 1.729075
 O 2.136921 2.407504 2.244452
 H -6.746087 -1.967996 -0.692889
 H -6.065331 -2.754307 0.462043
 H 2.688473 -1.207397 6.225077
 H 3.589896 -2.251998 5.582317
 H -6.267170 7.329930 -4.564199
 H -5.089176 8.226659 -5.441942
 H 3.004933 3.966666 -0.874210
 H 2.144882 2.787030 -1.202465
 H -4.762071 -0.061035 4.748148
 H -4.614117 0.959205 3.569483
 H 0.939080 6.459819 6.020607
 H 1.378015 5.046963 6.076929
 H -2.811065 -5.896925 -3.474047
 H -3.412128 -5.022308 -2.580926
 H 5.073356 1.177223 4.743616
 H 4.280362 0.003122 5.510679
 H -2.822953 -7.129850 6.532493
 H -1.310428 -6.806666 6.615432
 H 1.487608 -2.139800 3.412292
 H 2.046277 -3.409293 2.975180
 H 1.361691 -5.214471 2.357122
 H 1.121328 -5.347385 0.941127
 H -2.461872 -5.127414 5.628067
 H -2.164304 -4.498701 4.184877
 H -3.486893 -7.932647 -0.467216
 H -3.348377 -6.466252 -0.660687
 H -3.221100 -2.816198 -3.878576
 H -2.433415 -3.352047 -4.923235
 H 2.915225 -4.167476 -1.694652
 H 2.120266 -4.861822 -0.592924
 H -1.134731 3.293137 -3.016797
 H -0.751213 3.376947 -1.468265
 H -2.126364 -1.999190 0.341637
 H -0.908768 -2.056531 1.212331
 H 0.211557 -3.935597 3.423401
 H -1.130342 -4.142767 2.715390
 H 2.426013 -4.513915 -3.301557
 H 2.700239 -2.986546 -3.664104
 H 5.749648 4.794181 0.634755
 H 6.292369 3.447858 1.366960
 H 5.275678 -3.352316 4.446920
 H 4.711309 -3.706794 5.939275
 H -1.207256 -1.051853 -3.070052
 H -2.006140 -0.536493 -4.383393
 H -0.627195 2.616478 -5.126563
 H -2.029524 2.256506 -4.509856
 H 5.855499 1.376684 -0.633565
 H 4.469114 2.096881 -0.437941
 H 3.769700 1.283763 -2.745924
 H 3.827686 2.273871 -3.995490
 H -5.158021 4.172027 -7.448104
 H -4.741324 3.062791 -6.609275
 H 4.360320 -5.737493 1.512829
 H 3.939823 -4.955774 0.245282
 H 0.597009 -0.669021 -6.302397
 H 1.696205 0.396936 -6.183531
 H -3.161564 1.236550 -6.228224
 H -4.122085 1.065348 -5.036183
 H 0.162945 -0.110485 2.022457
 H 0.754456 -1.231668 1.088866
 H 6.561645 -2.341474 -4.378445
 H 5.378980 -2.762580 -3.320858
 H 4.408923 -0.427166 -0.655256
 H 3.831800 -1.837863 -0.393500
 H -1.332170 5.920623 2.757425
 H -1.346064 4.542845 3.613880
 H -3.773976 -0.508707 -2.770589
 H -5.250014 -0.978819 -2.606300
 H -0.765347 -5.438454 -0.143982
 H -0.580448 -3.969178 0.052511
 H 5.363411 3.852545 -8.903077
 H 6.296413 2.708553 -8.897659
 H 2.674625 5.197404 3.792383
 H 3.030640 6.299906 4.805171
 H -6.351901 5.443975 -3.151916
 H -5.971315 6.762770 -2.462588
 H -0.068639 1.234488 -2.475791
 H 1.227440 1.118720 -3.258013
 H -4.946669 -4.084868 -1.569741
 H -5.043894 -4.259477 -0.093149
 H -2.903267 6.823335 1.709336
 H -3.531898 6.731160 3.154301
 H -3.014576 3.247248 4.857565
 H -1.841133 3.111444 5.779141
 H -2.359661 0.522752 -0.152325
 H -3.869483 -0.001730 -0.205078
 H -1.338293 -1.108432 3.674121
 H -1.051709 -1.555726 5.121747
 H 2.262423 1.706737 4.481586
 H 2.308054 2.790740 5.672280
 H -6.315300 1.011662 2.086426
 H -5.383175 1.688861 1.054409
 H 4.127312 5.667304 -1.313396
 H 3.918971 4.957921 -2.658162
 H 0.090891 -5.663213 -3.478909
 H 0.756881 -6.339512 -2.271448
 H -4.476689 4.532937 -4.801114
 H -4.742565 3.952108 -3.462926
 H 5.749910 1.116989 8.414453
 H 5.923358 1.918485 7.068504
 H -1.260190 1.584111 1.182898
 H -0.950007 2.360935 2.447697
 H 0.878540 -2.424355 -2.154895
 H 1.223518 -1.512321 -3.366603
 H -0.068085 -3.320737 -4.840957
 H -1.096496 -4.195804 -5.635997
 H 6.942602 -5.140439 4.745272
 H 5.916955 -5.880795 3.992211
 H 4.352846 -2.954635 1.517255
 H 3.179489 -3.378074 0.803922
 H 5.264435 -1.036696 2.679743
 H 5.648494 -0.354362 3.918780
 H 2.386732 4.044286 -4.150825
 H 0.891285 4.408890 -4.376919
 H 1.194329 -8.541951 0.071825
 H -0.064813 -8.299296 0.919482
 H -3.851979 -2.682673 -6.884065
 H -5.027963 -1.855989 -7.479485
 H -4.089450 1.901178 -0.505696
 H -4.647709 1.935768 -1.952120
 H 5.161144 3.950088 -4.766447
 H 4.196327 4.791343 -5.769158
 H 2.329620 -1.134084 -0.823871
 H 1.038268 -0.297008 -1.177069
 H -4.515382 -3.571079 1.832998
 H -5.333240 -4.703237 2.414894
 H 2.888759 2.087164 1.699575
 H 1.484355 1.672488 2.218176
K_POINTS
 1
0.0 0.0 0.0 1.0