
&control
    calculation='scf'
    pseudo_dir = './',
    outdir='./outputs',
    disk_io='high'
/
&system
    ibrav= 1, celldm(1)=20.000000, nat=  192, ntyp= 2,
    ecutwfc = 30.0, nosym=.true., occupations='smearing',
    smearing='m-v', degauss=0.025
/
&electrons
    conv_thr =  1.0d-8,
    mixing_beta = 0.7
/
&ions
    pot_extrapolation='second-order'
    wfc_extrapolation='second-order'
    ion_temperature = 'andersen'
    tempw = 1000

/
ATOMIC_SPECIES
 H  1.01  H.blyp-hgh.UPF
 O  16.0  O.blyp-hgh.UPF
ATOMIC_POSITIONS bohr
 O -6.112066 -1.862291 0.055990
 O 3.652422 -1.443461 6.111042
 O -5.711782 7.500201 -5.355159
 O 2.700903 3.098399 -0.452887
 O -4.403254 0.823357 4.534195
 O 0.563344 5.571968 5.935918
 O -2.840789 -5.811055 -2.486631
 O 4.758691 0.248092 4.692102
 O -2.210254 -6.416857 6.751862
 O 1.734619 -2.965367 3.817529
 O 1.883664 -5.469551 1.558622
 O -2.639720 -4.358245 5.027830
 O -3.177940 -7.152752 0.016024
 O -3.328042 -3.489406 -4.576493
 O 2.835593 -4.235234 -0.702852
 O -1.187926 2.788104 -2.149586
 O -1.539405 -2.653546 0.750654
 O -0.427327 -4.678622 3.139528
 O 3.112148 -3.822251 -3.381622
 O 5.601407 4.127510 1.343558
 O 4.626022 -3.839080 4.983415
 O -2.075356 -0.848252 -3.467926
 O -1.466863 3.010361 -4.803519
 O 5.032354 1.357583 -0.112733
 O 3.481301 1.396725 -3.684309
 O -4.568967 4.027031 -6.702277
 O 4.654519 -5.555648 0.611362
 O 1.364717 -0.432282 -5.725893
 O -3.165791 1.105770 -5.242793
 O 0.145974 -1.085689 1.847576
 O 6.295544 -2.413888 -3.433597
 O 3.971389 -1.190629 -1.127841
 O -1.076560 4.975348 2.752591
 O -4.644241 -0.230415 -2.380699
 O -0.039863 -4.795770 -0.059295
 O 5.494132 2.999216 -8.388409
 O 3.165718 5.322171 4.635555
 O -6.724182 6.362445 -2.927378
 O 0.576547 0.551440 -2.786915
 O -4.799100 -4.774393 -0.885608
 O -2.969037 7.290394 2.564529
 O -2.029660 3.263026 4.832596
 O -3.130711 0.278830 0.394199
 O -1.529423 -0.878457 4.607326
 O 1.811652 2.056484 5.261518
 O -5.475768 1.502018 2.016215
 O 3.510668 5.042554 -1.765691
 O 0.985315 -5.887965 -3.115618
 O -4.998942 4.713864 -3.987221
 O 6.411790 1.617573 7.866110
 O -0.589690 1.646100 1.904193
 O 0.657854 -2.266568 -3.114168
 O -0.137948 -4.091082 -5.437955
 O 6.890124 -5.806492 4.034976
 O 3.380832 -2.844677 1.605169
 O 6.090507 -0.836114 3.154616
 O 1.516381 3.674652 -4.443800
 O 0.223039 -8.351706 -0.007033
 O -4.729050 -2.312285 -6.669100
 O -4.714832 2.402703 -1.088064
 O 4.242870 4.243136 -4.951587
 O 1.371389 -1.006187 -0.558983
 O -5.398701 -3.978792 1.728430
 O 2.140731 2.407067 2.247086
 H -6.750884 -1.972358 -0.688693
 H -6.069574 -2.751879 0.464688
 H 2.687534 -1.211076 6.229482
 H 3.588359 -2.251712 5.580641
 H -6.266251 7.332366 -4.563831
 H -5.085511 8.224905 -5.444023
 H 3.012157 3.961711 -0.878157
 H 2.139546 2.780313 -1.193480
 H -4.761943 -0.064741 4.745578
 H -4.607770 0.955427 3.568089
 H 0.942673 6.458534 6.021561
 H 1.377256 5.041784 6.071640
 H -2.803556 -5.898530 -3.474322
 H -3.411369 -5.019797 -2.585782
 H 5.070559 1.177100 4.748693
 H 4.276483 0.001805 5.507232
 H -2.824573 -7.125435 6.532352
 H -1.309525 -6.806386 6.622658
 H 1.488256 -2.141713 3.411939
 H 2.045936 -3.409204 2.977540
 H 1.365578 -5.214757 2.358264
 H 1.121919 -5.350205 0.936867
 H -2.464059 -5.124434 5.629198
 H -2.161913 -4.503373 4.188313
 H -3.482182 -7.935021 -0.467544
 H -3.342177 -6.471247 -0.666370
 H -3.219687 -2.811561 -3.879508
 H -2.432518 -3.350904 -4.922725
 H 2.920158 -4.162747 -1.692955
 H 2.120529 -4.859667 -0.592855
 H -1.134657 3.288753 -3.021227
 H -0.748581 3.371763 -1.465437
 H -2.127290 -1.996378 0.341635
 H -0.911245 -2.052693 1.213404
 H 0.214762 -3.935728 3.416926
 H -1.128423 -4.138031 2.711084
 H 2.426153 -4.519212 -3.306650
 H 2.696209 -2.986584 -3.666049
 H 5.749831 4.795062 0.632003
 H 6.295636 3.453230 1.370124
 H 5.274377 -3.356222 4.445241
 H 4.714048 -3.699662 5.940610
 H -1.206586 -1.051294 -3.069073
 H -2.003902 -0.534932 -4.381405
 H -0.628249 2.609761 -5.127943
 H -2.026619 2.252014 -4.506239
 H 5.854465 1.374297 -0.638075
 H 4.466671 2.098403 -0.440910
 H 3.767033 1.276477 -2.745619
 H 3.831661 2.267267 -4.000156
 H -5.157642 4.177655 -7.448856
 H -4.743828 3.063351 -6.611873
 H 4.362224 -5.740030 1.513341
 H 3.944911 -4.948498 0.251639
 H 0.599003 -0.672154 -6.298843
 H 1.692642 0.399693 -6.182974
 H -3.161192 1.247772 -6.227396
 H -4.126373 1.065807 -5.041085
 H 0.164621 -0.111579 2.018170
 H 0.754000 -1.229009 1.088550
 H 6.566031 -2.345348 -4.377663
 H 5.377690 -2.757845 -3.319720
 H 4.408742 -0.429606 -0.652385
 H 3.825530 -1.839810 -0.395934
 H -1.332691 5.923528 2.757378
 H -1.348499 4.545912 3.619533
 H -3.773983 -0.513022 -2.769130
 H -5.249906 -0.977854 -2.602664
 H -0.768544 -5.438002 -0.146876
 H -0.579741 -3.970471 0.052581
 H 5.355553 3.858705 -8.894361
 H 6.298254 2.713382 -8.898948
 H 2.673154 5.194042 3.788848
 H 3.028832 6.302634 4.788167
 H -6.356738 5.446926 -3.157028
 H -5.971192 6.767641 -2.466414
 H -0.069517 1.232934 -2.478941
 H 1.227334 1.121651 -3.260801
 H -4.954122 -4.091356 -1.571940
 H -5.041826 -4.258762 -0.094376
 H -2.901403 6.821577 1.711956
 H -3.532948 6.733362 3.153747
 H -3.011738 3.250426 4.862866
 H -1.837706 3.114384 5.783372
 H -2.361355 0.522552 -0.152779
 H -3.868554 0.004283 -0.207370
 H -1.338356 -1.104586 3.671537
 H -1.046085 -1.551917 5.119630
 H 2.260778 1.701604 4.481126
 H 2.306752 2.796564 5.669210
 H -6.313840 1.001778 2.081472
 H -5.376335 1.686071 1.057749
 H 4.135804 5.662887 -1.316249
 H 3.915470 4.958786 -2.661712
 H 0.088530 -5.657728 -3.472762
 H 0.754374 -6.336241 -2.268851
 H -4.480938 4.536006 -4.807563
 H -4.743839 3.951180 -3.461416
 H 5.754893 1.121522 8.423611
 H 5.921842 1.917730 7.071124
 H -1.260200 1.586787 1.184883
 H -0.952975 2.361298 2.446930
 H 0.878044 -2.427250 -2.155220
 H 1.228665 -1.515118 -3.366746
 H -0.072505 -3.323289 -4.838331
 H -1.097276 -4.200203 -5.626404
 H 6.942743 -5.139132 4.743271
 H 5.917471 -5.889040 3.992250
 H 4.353245 -2.949949 1.515525
 H 3.181179 -3.376312 0.803383
 H 5.267223 -1.035717 2.679506
 H 5.650359 -0.355330 3.920102
 H 2.385263 4.042445 -4.147587
 H 0.888308 4.405966 -4.381046
 H 1.194247 -8.545888 0.065798
 H -0.066997 -8.296585 0.917738
 H -3.850632 -2.682172 -6.886017
 H -5.033442 -1.862483 -7.479643
 H -4.088083 1.907325 -0.508130
 H -4.645142 1.942602 -1.954559
 H 5.161259 3.952005 -4.762902
 H 4.200348 4.795753 -5.766303
 H 2.326993 -1.131292 -0.827201
 H 1.044219 -0.292299 -1.172026
 H -4.516139 -3.569784 1.834529
 H -5.331823 -4.700465 2.414175
 H 2.888528 2.080961 1.697535
 H 1.480015 1.680041 2.227925
K_POINTS
 1
0.0 0.0 0.0 1.0