
&control
    calculation='scf'
    pseudo_dir = './',
    outdir='./outputs',
    disk_io='high'
/
&system
    ibrav= 1, celldm(1)=20.000000, nat=  192, ntyp= 2,
    ecutwfc = 30.0, nosym=.true., occupations='smearing',
    smearing='m-v', degauss=0.025
/
&electrons
    conv_thr =  1.0d-8,
    mixing_beta = 0.7
/
&ions
    pot_extrapolation='second-order'
    wfc_extrapolation='second-order'
    ion_temperature = 'andersen'
    tempw = 1000

/
ATOMIC_SPECIES
 H  1.01  H.blyp-hgh.UPF
 O  16.0  O.blyp-hgh.UPF
ATOMIC_POSITIONS bohr
 O -6.112764 -1.861062 0.053653
 O 3.647740 -1.448214 6.121388
 O -5.717460 7.508086 -5.354042
 O 2.720836 3.087614 -0.451842
 O -4.395911 0.818769 4.539474
 O 0.566966 5.571890 5.927252
 O -2.855086 -5.812446 -2.488688
 O 4.764622 0.250154 4.691093
 O -2.210575 -6.413488 6.758064
 O 1.728846 -2.963563 3.825190
 O 1.880445 -5.469201 1.552692
 O -2.642016 -4.353015 5.026225
 O -3.171623 -7.155456 0.016642
 O -3.327537 -3.481632 -4.575508
 O 2.841538 -4.229390 -0.698039
 O -1.183389 2.782779 -2.155605
 O -1.540577 -2.649681 0.745003
 O -0.430141 -4.671097 3.138480
 O 3.087810 -3.821313 -3.370648
 O 5.603098 4.126392 1.335849
 O 4.621439 -3.836163 4.994466
 O -2.075938 -0.848144 -3.465214
 O -1.468835 3.005597 -4.807211
 O 5.029511 1.363894 -0.130633
 O 3.475938 1.396992 -3.680229
 O -4.563754 4.027216 -6.711652
 O 4.648957 -5.565031 0.610926
 O 1.368032 -0.428352 -5.722408
 O -3.175996 1.112059 -5.244445
 O 0.137276 -1.091610 1.855212
 O 6.299339 -2.414487 -3.438848
 O 3.971681 -1.204575 -1.124215
 O -1.084269 4.973356 2.749872
 O -4.636597 -0.229702 -2.373726
 O -0.045642 -4.806860 -0.048482
 O 5.492984 3.001687 -8.399998
 O 3.151665 5.322790 4.626555
 O -6.734225 6.369332 -2.923202
 O 0.581156 0.555499 -2.795162
 O -4.801499 -4.782824 -0.893388
 O -2.969974 7.299863 2.563761
 O -2.016354 3.265092 4.837902
 O -3.135451 0.282782 0.398860
 O -1.525562 -0.879883 4.603089
 O 1.829182 2.055283 5.261714
 O -5.481039 1.487162 2.025802
 O 3.520993 5.054696 -1.772564
 O 0.982502 -5.893102 -3.114209
 O -5.008758 4.706268 -3.985131
 O 6.425630 1.618256 7.870789
 O -0.589028 1.642780 1.900453
 O 0.663729 -2.265916 -3.111968
 O -0.135439 -4.093519 -5.438740
 O 6.891839 -5.805135 4.033475
 O 3.378892 -2.843739 1.605189
 O 6.096621 -0.831033 3.157642
 O 1.514667 3.670593 -4.438862
 O 0.226418 -8.348987 -0.014951
 O -4.731067 -2.323531 -6.670558
 O -4.719825 2.411018 -1.094545
 O 4.246399 4.241527 -4.951470
 O 1.367439 -1.015401 -0.552904
 O -5.401602 -3.971693 1.725979
 O 2.156136 2.405073 2.257743
 H -6.768709 -1.989303 -0.671513
 H -6.086212 -2.742030 0.476439
 H 2.684160 -1.225642 6.248303
 H 3.583089 -2.251513 5.572096
 H -6.260689 7.343627 -4.561174
 H -5.070694 8.219451 -5.449509
 H 3.042098 3.941390 -0.893726
 H 2.118505 2.752580 -1.156627
 H -4.760458 -0.078129 4.735009
 H -4.581808 0.939700 3.563623
 H 0.955807 6.455382 6.025556
 H 1.373107 5.020167 6.049878
 H -2.771882 -5.907560 -3.474730
 H -3.408048 -5.009597 -2.602445
 H 5.058471 1.177178 4.768589
 H 4.260748 -0.006109 5.494125
 H -2.832002 -7.109046 6.530819
 H -1.306237 -6.804979 6.651095
 H 1.489295 -2.144870 3.409522
 H 2.046238 -3.408332 2.989048
 H 1.381556 -5.217190 2.362503
 H 1.123936 -5.361692 0.919415
 H -2.472844 -5.113224 5.633098
 H -2.151617 -4.522681 4.202719
 H -3.463294 -7.945864 -0.468602
 H -3.317318 -6.490582 -0.689321
 H -3.215747 -2.792442 -3.882382
 H -2.428693 -3.347401 -4.922624
 H 2.941331 -4.142370 -1.685864
 H 2.119090 -4.852233 -0.591492
 H -1.134689 3.269597 -3.036684
 H -0.738572 3.350222 -1.454341
 H -2.131998 -1.985523 0.341217
 H -0.920510 -2.036612 1.218767
 H 0.226411 -3.938690 3.391706
 H -1.120380 -4.120425 2.693068
 H 2.425069 -4.540381 -3.328846
 H 2.678903 -2.988025 -3.673698
 H 5.751290 4.797331 0.622515
 H 6.309659 3.474789 1.381682
 H 5.269859 -3.370892 4.440143
 H 4.727660 -3.670857 5.945711
 H -1.203068 -1.048902 -3.066686
 H -1.994293 -0.527616 -4.373957
 H -0.633022 2.583291 -5.132499
 H -2.015467 2.233789 -4.493285
 H 5.850910 1.365745 -0.656476
 H 4.456630 2.104563 -0.451895
 H 3.756019 1.248205 -2.745971
 H 3.846549 2.239906 -4.017751
 H -5.157834 4.202760 -7.453482
 H -4.753224 3.065697 -6.621358
 H 4.369074 -5.750760 1.515945
 H 3.966357 -4.921487 0.276762
 H 0.607587 -0.684332 -6.283901
 H 1.677351 0.411087 -6.179636
 H -3.159474 1.291422 -6.223034
 H -4.143610 1.067295 -5.059899
 H 0.169970 -0.116380 2.000728
 H 0.753160 -1.217581 1.085833
 H 6.581863 -2.361625 -4.374133
 H 5.373973 -2.738358 -3.317073
 H 4.407214 -0.439117 -0.641328
 H 3.800828 -1.847262 -0.405637
 H -1.334023 5.933574 2.758328
 H -1.357593 4.560114 3.639817
 H -3.774324 -0.529525 -2.762999
 H -5.249704 -0.973987 -2.588069
 H -0.780792 -5.437741 -0.158748
 H -0.576261 -3.974334 0.053495
 H 5.322623 3.880771 -8.858142
 H 6.304262 2.731456 -8.903619
 H 2.667700 5.179750 3.775640
 H 3.022650 6.310922 4.719825
 H -6.376214 5.462919 -3.177732
 H -5.970407 6.786995 -2.480359
 H -0.074160 1.227558 -2.491413
 H 1.227036 1.132262 -3.271966
 H -4.983704 -4.117218 -1.581077
 H -5.034053 -4.257477 -0.096976
 H -2.894720 6.813486 1.722123
 H -3.536650 6.742777 3.150287
 H -2.999677 3.264051 4.883050
 H -1.822930 3.126624 5.800494
 H -2.368964 0.521090 -0.155865
 H -3.863475 0.027665 -0.216935
 H -1.338594 -1.089002 3.662001
 H -1.024007 -1.537601 5.110579
 H 2.255735 1.682965 4.477806
 H 2.301820 2.818838 5.655621
 H -6.307530 0.961277 2.061523
 H -5.348971 1.674291 1.072191
 H 4.169302 5.645252 -1.327551
 H 3.900711 4.962665 -2.674941
 H 0.081132 -5.635317 -3.448114
 H 0.745200 -6.322604 -2.259027
 H -4.500099 4.549502 -4.833379
 H -4.748406 3.946086 -3.453451
 H 5.776051 1.140261 8.458168
 H 5.915801 1.913738 7.082457
 H -1.259097 1.597389 1.193738
 H -0.964576 2.363493 2.445392
 H 0.875415 -2.438007 -2.158138
 H 1.248174 -1.525489 -3.367147
 H -0.089485 -3.333513 -4.826896
 H -1.098982 -4.218194 -5.588941
 H 6.944350 -5.133725 4.736886
 H 5.919469 -5.922596 3.991965
 H 4.355189 -2.930510 1.510991
 H 3.184861 -3.369825 0.800891
 H 5.278685 -1.033153 2.677283
 H 5.658273 -0.360328 3.926034
 H 2.377744 4.034879 -4.135556
 H 0.876093 4.395855 -4.397089
 H 1.193151 -8.562091 0.042081
 H -0.076625 -8.285040 0.911703
 H -3.844940 -2.680723 -6.894214
 H -5.055606 -1.889389 -7.480945
 H -4.082328 1.932288 -0.518817
 H -4.634684 1.969156 -1.963552
 H 5.162055 3.961494 -4.750056
 H 4.217487 4.812273 -5.754223
 H 2.315393 -1.119005 -0.840232
 H 1.068342 -0.274318 -1.151629
 H -4.519181 -3.564331 1.840981
 H -5.327307 -4.689079 2.410183
 H 2.886358 2.057025 1.689840
 H 1.462851 1.711658 2.266159
K_POINTS
 1
0.0 0.0 0.0 1.0