
&control
    calculation='scf'
    pseudo_dir = './',
    outdir='./outputs',
    disk_io='high'
/
&system
    ibrav= 1, celldm(1)=20.000000, nat=  192, ntyp= 2,
    ecutwfc = 30.0, nosym=.true., occupations='smearing',
    smearing='m-v', degauss=0.025
/
&electrons
    conv_thr =  1.0d-8,
    mixing_beta = 0.7
/
&ions
    pot_extrapolation='second-order'
    wfc_extrapolation='second-order'
    ion_temperature = 'andersen'
    tempw = 1000

/
ATOMIC_SPECIES
 H  1.01  H.blyp-hgh.UPF
 O  16.0  O.blyp-hgh.UPF
ATOMIC_POSITIONS bohr
 O -6.113167 -1.860500 0.052402
 O 3.645316 -1.450656 6.126695
 O -5.720442 7.511783 -5.353844
 O 2.730755 3.082118 -0.451460
 O -4.392316 0.816474 4.542064
 O 0.568844 5.571789 5.922980
 O -2.862263 -5.812985 -2.490071
 O 4.767418 0.251683 4.690798
 O -2.210577 -6.411704 6.761278
 O 1.725963 -2.963005 3.828942
 O 1.878839 -5.469028 1.549920
 O -2.643258 -4.350254 5.025593
 O -3.168474 -7.156759 0.016942
 O -3.327151 -3.477638 -4.574832
 O 2.844558 -4.226336 -0.695790
 O -1.181015 2.780226 -2.158622
 O -1.541265 -2.647788 0.742097
 O -0.431448 -4.666939 3.137990
 O 3.075860 -3.820843 -3.365124
 O 5.603773 4.126035 1.331992
 O 4.618935 -3.834860 4.999872
 O -2.076358 -0.848220 -3.463697
 O -1.469629 3.003187 -4.809085
 O 5.027994 1.366915 -0.139658
 O 3.473302 1.397067 -3.678128
 O -4.561116 4.027078 -6.716274
 O 4.646277 -5.569706 0.610651
 O 1.369593 -0.426285 -5.720794
 O -3.181188 1.115194 -5.245407
 O 0.133095 -1.094503 1.859160
 O 6.301245 -2.414766 -3.441319
 O 3.971872 -1.211495 -1.122369
 O -1.088195 4.972232 2.748666
 O -4.632703 -0.229370 -2.370236
 O -0.048707 -4.812417 -0.043224
 O 5.492601 3.003193 -8.405893
 O 3.144586 5.323378 4.621969
 O -6.739274 6.372619 -2.921149
 O 0.583546 0.557674 -2.799266
 O -4.802722 -4.786919 -0.897404
 O -2.970527 7.304541 2.563349
 O -2.009754 3.266058 4.840603
 O -3.137840 0.284802 0.401185
 O -1.523601 -0.880570 4.600956
 O 1.837808 2.054573 5.262054
 O -5.483620 1.479898 2.030548
 O 3.526243 5.060890 -1.776110
 O 0.980878 -5.895720 -3.113468
 O -5.013551 4.702362 -3.984263
 O 6.432449 1.618599 7.873169
 O -0.588795 1.641122 1.898550
 O 0.666675 -2.265673 -3.110833
 O -0.134275 -4.094711 -5.439112
 O 6.892604 -5.804472 4.032646
 O 3.378164 -2.843208 1.605053
 O 6.099851 -0.828700 3.158909
 O 1.513908 3.668448 -4.436385
 O 0.228104 -8.347583 -0.018995
 O -4.732127 -2.329089 -6.671277
 O -4.722345 2.415211 -1.097751
 O 4.248114 4.240665 -4.951339
 O 1.365436 -1.019956 -0.549945
 O -5.402970 -3.968108 1.724825
 O 2.163959 2.403938 2.263139
 H -6.776833 -1.997378 -0.662786
 H -6.094223 -2.737120 0.483114
 H 2.682623 -1.232751 6.258436
 H 3.581001 -2.251747 5.566881
 H -6.256897 7.350130 -4.558937
 H -5.063321 8.217509 -5.450513
 H 3.057559 3.930917 -0.901452
 H 2.108374 2.738345 -1.137612
 H -4.759003 -0.083723 4.729575
 H -4.568503 0.931540 3.562210
 H 0.961656 6.454845 6.027665
 H 1.370261 5.009020 6.038617
 H -2.755180 -5.913576 -3.474397
 H -3.406215 -5.004476 -2.609195
 H 5.052014 1.177792 4.778241
 H 4.252808 -0.011651 5.487880
 H -2.836318 -7.101750 6.529443
 H -1.304889 -6.804117 6.664975
 H 1.488852 -2.143668 3.407698
 H 2.047415 -3.407632 2.996015
 H 1.389667 -5.219156 2.364333
 H 1.124738 -5.367540 0.910692
 H -2.477260 -5.108055 5.634772
 H -2.145942 -4.532631 4.210116
 H -3.453783 -7.951988 -0.468858
 H -3.304841 -6.499860 -0.700841
 H -3.214822 -2.782693 -3.883476
 H -2.426771 -3.346292 -4.923703
 H 2.952663 -4.131385 -1.682194
 H 2.117108 -4.849079 -0.590260
 H -1.134820 3.259167 -3.042925
 H -0.733937 3.339005 -1.449172
 H -2.134868 -1.980506 0.340818
 H -0.924885 -2.028347 1.221957
 H 0.231575 -3.941514 3.379619
 H -1.116015 -4.112563 2.683725
 H 2.423464 -4.550925 -3.340981
 H 2.669504 -2.989631 -3.677439
 H 5.752454 4.797611 0.618791
 H 6.317440 3.485416 1.386805
 H 5.267985 -3.377675 4.438535
 H 4.736029 -3.656330 5.948119
 H -1.200928 -1.047598 -3.066420
 H -1.989134 -0.523300 -4.370604
 H -0.635892 2.570503 -5.134141
 H -2.010162 2.224819 -4.487806
 H 5.849450 1.362134 -0.665894
 H 4.451538 2.107637 -0.456872
 H 3.750407 1.234727 -2.747060
 H 3.853557 2.226008 -4.025878
 H -5.158802 4.216772 -7.456587
 H -4.757582 3.066971 -6.625617
 H 4.372034 -5.756473 1.517589
 H 3.977580 -4.909235 0.289051
 H 0.612028 -0.690273 -6.276156
 H 1.669135 0.416962 -6.177303
 H -3.158468 1.312432 -6.220221
 H -4.152123 1.067833 -5.068825
 H 0.171730 -0.118906 1.992002
 H 0.753079 -1.211542 1.083885
 H 6.588760 -2.370212 -4.372388
 H 5.373048 -2.728289 -3.316961
 H 4.405885 -0.443909 -0.636159
 H 3.788640 -1.851040 -0.410159
 H -1.334108 5.937298 2.759428
 H -1.361607 4.568448 3.648151
 H -3.774620 -0.537286 -2.759777
 H -5.249733 -0.972031 -2.580733
 H -0.786604 -5.438550 -0.164843
 H -0.574126 -3.975489 0.054351
 H 5.305448 3.890114 -8.839329
 H 6.306424 2.739833 -8.905796
 H 2.665256 5.171983 3.769614
 H 3.020222 6.313557 4.685684
 H -6.385858 5.473237 -3.188195
 H -5.970022 6.796374 -2.486652
 H -0.077181 1.225426 -2.497544
 H 1.226911 1.136867 -3.277517
 H -4.998400 -4.129872 -1.586028
 H -5.030386 -4.257913 -0.097162
 H -2.891819 6.808839 1.726960
 H -3.538202 6.747866 3.147866
 H -2.993201 3.271416 4.892477
 H -1.814960 3.133084 5.808788
 H -2.373204 0.519991 -0.158068
 H -3.860333 0.038867 -0.221989
 H -1.338679 -1.081125 3.657777
 H -1.013118 -1.531134 5.105742
 H 2.254232 1.674883 4.475258
 H 2.299575 2.829252 5.647927
 H -6.304000 0.940539 2.051516
 H -5.335320 1.668036 1.080056
 H 4.185890 5.636629 -1.333073
 H 3.892966 4.964864 -2.681081
 H 0.078783 -5.623877 -3.435797
 H 0.741201 -6.315498 -2.254439
 H -4.511234 4.556910 -4.845690
 H -4.750337 3.942828 -3.448551
 H 5.787464 1.150025 8.474088
 H 5.912870 1.911118 7.088753
 H -1.258156 1.602510 1.198283
 H -0.969975 2.364718 2.445370
 H 0.873788 -2.442893 -2.160408
 H 1.257259 -1.530189 -3.367198
 H -0.097422 -3.338622 -4.820614
 H -1.099016 -4.227532 -5.570836
 H 6.945672 -5.130909 4.734661
 H 5.920621 -5.939611 3.991626
 H 4.356252 -2.920365 1.510170
 H 3.184815 -3.366995 0.799356
 H 5.284543 -1.032683 2.675409
 H 5.662429 -0.363388 3.929440
 H 2.373105 4.031087 -4.130045
 H 0.869909 4.391723 -4.404814
 H 1.192187 -8.570385 0.030634
 H -0.081761 -8.278892 0.908986
 H -3.842069 -2.680260 -6.898524
 H -5.066823 -1.903361 -7.482023
 H -4.079212 1.944918 -0.524659
 H -4.629317 1.981865 -1.967760
 H 5.162804 3.967281 -4.744382
 H 4.226663 4.819864 -5.747763
 H 2.309185 -1.112401 -0.846475
 H 1.080384 -0.265921 -1.141226
 H -4.520705 -3.561385 1.844343
 H -5.325804 -4.683352 2.407592
 H 2.884326 2.045602 1.686403
 H 1.454406 1.728192 2.284741
K_POINTS
 1
0.0 0.0 0.0 1.0