
&control
    calculation='scf'
    pseudo_dir = './',
    outdir='./outputs',
    disk_io='high'
/
&system
    ibrav= 1, celldm(1)=20.000000, nat=  192, ntyp= 2,
    ecutwfc = 30.0, nosym=.true., occupations='smearing',
    smearing='m-v', degauss=0.025
/
&electrons
    conv_thr =  1.0d-8,
    mixing_beta = 0.7
/
&ions
    pot_extrapolation='second-order'
    wfc_extrapolation='second-order'
    ion_temperature = 'andersen'
    tempw = 1000

/
ATOMIC_SPECIES
 H  1.01  H.blyp-hgh.UPF
 O  16.0  O.blyp-hgh.UPF
ATOMIC_POSITIONS bohr
 O -5.266442 -1.472653 -1.658245
 O 3.860248 -2.048430 5.390260
 O -5.748888 5.513154 -5.421617
 O -0.152943 3.865948 -1.457597
 O -4.742481 0.778273 3.949102
 O -0.225901 5.495837 5.253968
 O -0.141356 -5.414512 -3.387870
 O 2.488317 0.088953 3.584461
 O -2.854999 -5.306605 5.680822
 O 2.033756 -2.791686 2.001076
 O 2.580149 -6.124056 2.902124
 O -4.015305 -2.979575 4.521778
 O -4.437173 -5.815494 0.715012
 O -3.618221 -5.720119 -3.822280
 O 2.450671 -2.800193 -2.341126
 O -2.033096 2.435922 0.894770
 O -1.211755 -1.822678 1.940999
 O 0.230933 -4.181033 3.779701
 O 5.367254 -4.386486 -4.990887
 O 5.402840 5.005589 2.228784
 O 5.865021 -3.009820 3.262452
 O -3.234516 -2.835452 -3.884739
 O -0.890542 2.684996 -4.943915
 O 3.947101 2.367445 2.924780
 O 2.334724 1.427869 -3.137512
 O -4.810544 2.617838 -6.272962
 O 4.505940 -5.995578 -1.236391
 O 2.025780 -1.254623 -4.676990
 O -2.067887 0.109142 -4.841795
 O 0.952462 -0.333399 0.831562
 O 4.736924 -1.735753 -3.600275
 O 5.248977 0.141607 -0.191687
 O -0.152439 4.645605 2.009257
 O -4.908963 0.747238 -4.034999
 O 0.751688 -3.830737 -0.400076
 O 4.520012 3.848946 -4.530999
 O 3.352294 5.441843 5.851675
 O -5.343585 4.062911 -1.991674
 O -0.402552 0.960412 -1.785487
 O -3.117142 -3.582108 -0.952840
 O -2.703795 5.497599 3.280887
 O -1.603245 2.812647 4.253537
 O -2.563462 -0.374563 -0.738156
 O -1.535715 -2.085287 4.822227
 O 0.625322 1.895644 5.022209
 O -4.650265 3.270583 1.358114
 O 2.971613 4.023119 -0.688606
 O 2.710525 -5.986129 -3.690752
 O -2.494738 4.461795 -2.330400
 O 5.301652 0.626999 5.437834
 O -2.928866 0.311250 1.964531
 O -0.696923 -2.325963 -2.507186
 O 0.040600 -3.399462 -5.462531
 O 5.784578 -5.930439 4.251713
 O 4.922160 -3.198063 -0.113188
 O 4.606864 -0.732464 2.454473
 O 1.259833 4.340026 -4.316918
 O -0.770465 -5.871496 0.408863
 O -5.484812 -1.527521 -5.738189
 O -4.664129 1.266031 -0.795508
 O 5.151594 1.434874 -2.336767
 O 2.869907 -0.304072 -1.216538
 O -5.265708 -1.335959 1.350261
 O 1.596935 2.505453 1.439572
 H -5.354821 -1.608472 -0.684940
 H -4.582563 -0.763466 -1.699341
 H 3.858072 -2.862187 5.934333
 H 3.244544 -2.287454 4.664016
 H -6.550465 5.037038 -5.089715
 H -5.327687 4.801531 -5.939872
 H 0.052559 2.891215 -1.535613
 H 0.544900 4.401869 -1.861302
 H -5.733433 0.840369 4.002791
 H -4.514387 1.404847 4.676717
 H 0.157765 6.355175 4.985895
 H 0.188919 5.209676 6.081241
 H -0.515439 -5.387272 -2.489525
 H -0.963191 -5.478916 -3.915555
 H 2.917662 0.964639 3.480931
 H 1.560847 0.278884 3.805311
 H -3.322855 -5.351988 6.541826
 H -1.933375 -5.560151 5.887818
 H 1.973345 -1.980808 1.460649
 H 2.941139 -3.127328 2.053190
 H 3.255506 -6.577911 2.363511
 H 1.719464 -6.472078 2.599641
 H -3.297414 -3.576524 4.208079
 H -4.701541 -3.129539 3.781228
 H -4.246544 -6.690794 0.322138
 H -3.986011 -5.149185 0.155024
 H -4.357155 -5.139131 -3.566584
 H -3.813949 -6.563422 -3.365582
 H 2.572468 -1.850695 -2.121164
 H 1.671884 -3.166950 -1.891940
 H -1.123268 2.725557 1.049930
 H -2.156478 1.460813 0.997603
 H -0.891179 -1.001209 1.605845
 H -1.036329 -1.823464 2.915138
 H 0.889123 -4.445402 3.097022
 H -0.552629 -4.058800 3.207811
 H 6.278801 -4.623757 -4.731850
 H 5.388508 -3.407542 -5.010938
 H 5.541288 5.263068 3.147161
 H 6.218778 4.972207 1.714995
 H 5.474005 -2.202544 2.856772
 H 5.758854 -3.745633 2.627094
 H -2.288595 -2.654999 -4.024542
 H -3.676273 -2.926547 -4.743140
 H -0.425493 2.798605 -4.098103
 H -1.465562 1.902472 -4.791653
 H 4.842743 2.725320 3.047257
 H 3.470583 3.043063 2.407637
 H 2.683908 0.872667 -3.870301
 H 1.587586 1.930468 -3.506872
 H -4.983385 1.904823 -5.637493
 H -4.000423 3.024280 -5.916216
 H 4.030238 -5.144077 -1.178733
 H 5.386154 -5.740036 -0.911101
 H 2.766293 -1.425524 -5.295760
 H 1.300677 -0.856381 -5.182886
 H -1.709983 -0.364016 -5.622744
 H -3.010629 0.283980 -5.029594
 H 0.772575 0.552045 1.214704
 H 1.736461 -0.084797 0.252282
 H 4.025711 -2.222547 -3.155985
 H 5.405876 -1.601016 -2.907328
 H 5.543439 0.919886 -0.708978
 H 5.582115 -0.535179 -0.812574
 H -0.336492 3.981561 2.692794
 H -0.807880 5.341316 2.206938
 H -4.981228 0.551190 -3.075027
 H -5.868022 0.859089 -4.178199
 H 0.384591 -4.721039 -0.163588
 H 1.409013 -3.694829 0.327630
 H 3.825737 4.243102 -5.116208
 H 4.717710 2.978078 -4.919466
 H 3.354946 5.472614 4.869798
 H 2.660528 6.110165 6.015931
 H -5.535512 3.650407 -1.124765
 H -4.427667 4.435208 -1.842219
 H 0.067889 0.264637 -2.274730
 H -0.707657 0.518158 -0.961729
 H -3.333958 -2.867392 -1.581951
 H -2.316141 -3.983140 -1.340977
 H -3.584950 5.710264 2.934046
 H -2.685015 5.709350 4.228012
 H -1.258832 2.275890 3.522586
 H -2.065488 3.613574 3.926617
 H -2.153515 -1.258248 -0.656829
 H -3.075319 -0.393754 0.099002
 H -2.461048 -2.384273 4.766341
 H -1.065880 -2.698429 5.428145
 H 1.244228 1.466861 5.630125
 H 0.031165 2.442912 5.581385
 H -4.974929 3.473765 2.248719
 H -3.781332 2.835011 1.507123
 H 3.446354 4.836946 -0.409267
 H 2.931436 4.216246 -1.644909
 H 3.592757 -5.579170 -3.772487
 H 2.157531 -5.390257 -3.148772
 H -2.436701 3.973379 -3.172997
 H -1.579788 4.212030 -1.985193
 H 5.847502 -0.172881 5.432414
 H 4.401051 0.301208 5.257023
 H -2.295942 -0.428419 1.968608
 H -3.501874 0.221770 2.764695
 H 0.259510 -2.560959 -2.538837
 H -0.771559 -2.169744 -1.543979
 H 0.079086 -3.139203 -4.523726
 H 0.702899 -2.822731 -5.878235
 H 5.150879 -6.258169 4.930079
 H 6.423700 -5.459938 4.819612
 H 5.903679 -3.152088 -0.075263
 H 4.708644 -2.245544 0.003921
 H 4.745132 0.138455 2.020609
 H 3.618596 -0.726675 2.556250
 H 1.180627 4.088423 -5.245822
 H 1.626695 5.232190 -4.163687
 H -1.247551 -6.703627 0.583458
 H -1.438638 -5.195116 0.209272
 H -5.057596 -1.993351 -6.480976
 H -4.837660 -0.927811 -5.316004
 H -4.569592 2.201602 -1.049137
 H -4.693316 1.272532 0.181307
 H 5.777964 2.184588 -2.327611
 H 4.311031 1.840899 -2.653802
 H 3.698183 0.201452 -1.021157
 H 2.350848 0.268415 -1.821252
 H -6.182078 -1.187636 1.650771
 H -4.729830 -1.464802 2.147466
 H 0.678981 2.773563 1.538084
 H 1.899790 3.069353 0.689296
K_POINTS
 1
0.0 0.0 0.0 1.0