
&control
    calculation='scf'
    pseudo_dir = './',
    outdir='./outputs',
    disk_io='high'
/
&system
    ibrav= 1, celldm(1)=20.000000, nat=  192, ntyp= 2,
    ecutwfc = 30.0, nosym=.true., occupations='smearing',
    smearing='m-v', degauss=0.025
/
&electrons
    conv_thr =  1.0d-8,
    mixing_beta = 0.7
/
&ions
    pot_extrapolation='second-order'
    wfc_extrapolation='second-order'
    ion_temperature = 'andersen'
    tempw = 1000

/
ATOMIC_SPECIES
 H  1.01  H.blyp-hgh.UPF
 O  16.0  O.blyp-hgh.UPF
ATOMIC_POSITIONS bohr
 O -6.114337 -1.859270 0.049061
 O 3.639068 -1.457124 6.140212
 O -5.728149 7.520455 -5.354512
 O 2.755336 3.068046 -0.450952
 O -4.383599 0.810621 4.548308
 O 0.573768 5.571378 5.912499
 O -2.880202 -5.813894 -2.494581
 O 4.773778 0.256763 4.690791
 O -2.210106 -6.406929 6.769673
 O 1.718733 -2.962441 3.838062
 O 1.874924 -5.468645 1.543457
 O -2.646644 -4.342972 5.024517
 O -3.160651 -7.159935 0.017512
 O -3.325711 -3.467251 -4.572549
 O 2.852141 -4.218373 -0.690546
 O -1.174798 2.774053 -2.166072
 O -1.543250 -2.642961 0.734645
 O -0.434581 -4.655443 3.136750
 O 3.046674 -3.819684 -3.351190
 O 5.604901 4.125804 1.322303
 O 4.612107 -3.831998 5.013073
 O -2.077673 -0.848793 -3.459449
 O -1.471012 2.996807 -4.813819
 O 5.023931 1.374038 -0.162411
 O 3.466668 1.396841 -3.672752
 O -4.554530 4.026153 -6.727771
 O 4.639947 -5.581387 0.609872
 O 1.373322 -0.420770 -5.717018
 O -3.194497 1.123034 -5.248185
 O 0.123365 -1.101530 1.869142
 O 6.306023 -2.415392 -3.446863
 O 3.972535 -1.228404 -1.117787
 O -1.098316 4.969190 2.746284
 O -4.622824 -0.228643 -2.361496
 O -0.056918 -4.826326 -0.030562
 O 5.492056 3.007728 -8.420722
 O 3.126745 5.325646 4.610132
 O -6.751945 6.380675 -2.916035
 O 0.589784 0.563527 -2.809467
 O -4.805865 -4.796802 -0.907549
 O -2.972156 7.316034 2.562182
 O -1.993402 3.268265 4.847722
 O -3.143775 0.290005 0.406933
 O -1.518681 -0.882132 4.595554
 O 1.858903 2.052451 5.263619
 O -5.489950 1.462166 2.042261
 O 3.539476 5.076564 -1.785182
 O 0.976115 -5.902370 -3.111502
 O -5.025145 4.692256 -3.982745
 O 6.449134 1.619472 7.879228
 O -0.588445 1.637233 1.894056
 O 0.674004 -2.265279 -3.108058
 O -0.131670 -4.097547 -5.439911
 O 6.894205 -5.802895 4.030341
 O 3.377091 -2.841671 1.604333
 O 6.108470 -0.823550 3.161321
 O 1.512090 3.662732 -4.430233
 O 0.232176 -8.343953 -0.029270
 O -4.734839 -2.342845 -6.673066
 O -4.728750 2.425896 -1.105631
 O 4.252202 4.238363 -4.950832
 O 1.360299 -1.031021 -0.542870
 O -5.406117 -3.958983 1.722115
 O 2.183916 2.400752 2.276809
 H -6.795102 -2.016035 -0.641138
 H -6.112895 -2.725105 0.502458
 H 2.678862 -1.249674 6.285828
 H 3.577423 -2.252036 5.552066
 H -6.245007 7.368711 -4.549916
 H -5.045759 8.214018 -5.447852
 H 3.096932 3.903775 -0.920911
 H 2.085287 2.702461 -1.088184
 H -4.752902 -0.093862 4.715805
 H -4.534443 0.910655 3.561514
 H 0.974230 6.455496 6.033238
 H 1.360577 4.981107 6.009335
 H -2.711567 -5.932550 -3.471357
 H -3.401119 -4.991938 -2.621925
 H 5.035169 1.181975 4.801375
 H 4.233178 -0.029976 5.472554
 H -2.848581 -7.086256 6.524275
 H -1.302767 -6.801615 6.698409
 H 1.485195 -2.133594 3.401895
 H 2.053538 -3.405389 3.016527
 H 1.409581 -5.226086 2.367859
 H 1.126222 -5.382360 0.890086
 H -2.488416 -5.096384 5.638606
 H -2.129967 -4.557953 4.228486
 H -3.429604 -7.968666 -0.468073
 H -3.273444 -6.522102 -0.729222
 H -3.215525 -2.758503 -3.886027
 H -2.422654 -3.345328 -4.929421
 H 2.982528 -4.102039 -1.672915
 H 2.110008 -4.841760 -0.586177
 H -1.135094 3.231404 -3.054107
 H -0.723592 3.309969 -1.438329
 H -2.143115 -1.969921 0.339524
 H -0.935734 -2.008073 1.230714
 H 0.243025 -3.951640 3.351467
 H -1.103724 -4.096121 2.659946
 H 2.416481 -4.576654 -3.374044
 H 2.643737 -2.996564 -3.686577
 H 5.756663 4.795759 0.612576
 H 6.339601 3.511057 1.397764
 H 5.264201 -3.393203 4.437130
 H 4.761256 -3.619929 5.953519
 H -1.195009 -1.043982 -3.068441
 H -1.975474 -0.510656 -4.363269
 H -0.644842 2.540658 -5.136273
 H -1.997729 2.204112 -4.477410
 H 5.846432 1.355341 -0.689971
 H 4.438973 2.115104 -0.467925
 H 3.736635 1.203419 -2.751998
 H 3.870659 2.192180 -4.044259
 H -5.162629 4.255351 -7.465303
 H -4.767697 3.070561 -6.635180
 H 4.378147 -5.771718 1.522451
 H 4.006405 -4.882144 0.318617
 H 0.622486 -0.705047 -6.256792
 H 1.647206 0.432044 -6.169610
 H -3.155512 1.362300 -6.211424
 H -4.172381 1.068598 -5.089727
 H 0.173012 -0.124967 1.970944
 H 0.752678 -1.196212 1.078644
 H 6.603176 -2.392886 -4.369264
 H 5.373413 -2.702313 -3.320390
 H 4.400639 -0.456687 -0.624674
 H 3.758328 -1.861696 -0.419208
 H -1.332180 5.941751 2.763673
 H -1.369622 4.592787 3.662482
 H -3.775369 -0.555158 -2.751410
 H -5.250115 -0.966953 -2.562245
 H -0.800153 -5.443138 -0.180431
 H -0.567605 -3.976350 0.057701
 H 5.261294 3.908146 -8.790887
 H 6.309459 2.759252 -8.911477
 H 2.659980 5.150234 3.756193
 H 3.016178 6.316254 4.601398
 H -6.408767 5.504298 -3.214709
 H -5.970038 6.817935 -2.501036
 H -0.086626 1.221753 -2.512546
 H 1.226536 1.146333 -3.291199
 H -5.035070 -4.159837 -1.600051
 H -5.021530 -4.262754 -0.095757
 H -2.885737 6.795765 1.738267
 H -3.541415 6.761627 3.140261
 H -2.975761 3.291435 4.913917
 H -1.793617 3.150374 5.827148
 H -2.384729 0.516336 -0.165005
 H -3.851728 0.065075 -0.235528
 H -1.338656 -1.061367 3.648908
 H -0.985954 -1.517461 5.092832
 H 2.253593 1.658861 4.466654
 H 2.294862 2.852828 5.625705
 H -6.293456 0.887845 2.026639
 H -5.301390 1.651398 1.101425
 H 4.227360 5.616270 -1.346348
 H 3.872995 4.971145 -2.695696
 H 0.077099 -5.594755 -3.405340
 H 0.733198 -6.297173 -2.243697
 H -4.544323 4.576820 -4.872444
 H -4.754126 3.933508 -3.434992
 H 5.818610 1.175513 8.509692
 H 5.906068 1.902661 7.106630
 H -1.256184 1.614315 1.207916
 H -0.981246 2.366686 2.446695
 H 0.869217 -2.453779 -2.167390
 H 1.277890 -1.540582 -3.366680
 H -0.115088 -3.351466 -4.803408
 H -1.096911 -4.252320 -5.527756
 H 6.949942 -5.123797 4.731649
 H 5.924873 -5.982257 3.990530
 H 4.358631 -2.893809 1.512253
 H 3.179271 -3.361302 0.794516
 H 5.299450 -1.033811 2.668653
 H 5.673051 -0.372179 3.939380
 H 2.359800 4.022198 -4.117384
 H 0.855002 4.383607 -4.423203
 H 1.188783 -8.591309 0.003979
 H -0.094513 -8.262684 0.901737
 H -3.835624 -2.679540 -6.909791
 H -5.095142 -1.939674 -7.485953
 H -4.070410 1.976600 -0.540328
 H -4.615404 2.011616 -1.978151
 H 5.166363 3.984506 -4.732064
 H 4.251159 4.837022 -5.730419
 H 2.293738 -1.095570 -0.860909
 H 1.109406 -0.246971 -1.114333
 H -4.524503 -3.553156 1.852868
 H -5.324470 -4.669705 2.399854
 H 2.875860 2.018659 1.679430
 H 1.433892 1.771239 2.329274
K_POINTS
 1
0.0 0.0 0.0 1.0