
&control
    calculation='scf'
    pseudo_dir = './',
    outdir='./outputs',
    disk_io='high'
/
&system
    ibrav= 1, celldm(1)=20.000000, nat=  192, ntyp= 2,
    ecutwfc = 30.0, nosym=.true., occupations='smearing',
    smearing='m-v', degauss=0.025
/
&electrons
    conv_thr =  1.0d-8,
    mixing_beta = 0.7
/
&ions
    pot_extrapolation='second-order'
    wfc_extrapolation='second-order'
    ion_temperature = 'andersen'
    tempw = 1000

/
ATOMIC_SPECIES
 H  1.01  H.blyp-hgh.UPF
 O  16.0  O.blyp-hgh.UPF
ATOMIC_POSITIONS bohr
 O -6.115144 -1.858677 0.046951
 O 3.635233 -1.461356 6.148402
 O -5.732846 7.525364 -5.355750
 O 2.769894 3.059357 -0.450966
 O -4.378552 0.807000 4.551853
 O 0.576882 5.571058 5.906361
 O -2.890897 -5.814169 -2.498010
 O 4.777090 0.260555 4.691356
 O -2.209540 -6.403868 6.774960
 O 1.714320 -2.962455 3.843317
 O 1.872703 -5.468479 1.539826
 O -2.648848 -4.338386 5.024197
 O -3.156011 -7.161818 0.017624
 O -3.324477 -3.460701 -4.570746
 O 2.856628 -4.213423 -0.687602
 O -1.170903 2.770392 -2.170380
 O -1.544594 -2.639879 0.730081
 O -0.436468 -4.647869 3.135932
 O 3.029626 -3.819064 -3.342738
 O 5.605204 4.126081 1.316471
 O 4.607673 -3.830499 5.020820
 O -2.078575 -0.849386 -3.456633
 O -1.471424 2.992601 -4.816659
 O 5.021324 1.377990 -0.176194
 O 3.462537 1.396301 -3.669491
 O -4.550663 4.025287 -6.734733
 O 4.636442 -5.588430 0.609408
 O 1.375499 -0.417199 -5.714857
 O -3.202739 1.127750 -5.250078
 O 0.118151 -1.105596 1.875052
 O 6.308917 -2.415705 -3.449675
 O 3.973081 -1.238179 -1.115127
 O -1.104631 4.967275 2.745345
 O -4.616841 -0.228290 -2.356235
 O -0.062246 -4.834667 -0.023329
 O 5.491912 3.010939 -8.429544
 O 3.115956 5.327526 4.602717
 O -6.759570 6.385616 -2.912916
 O 0.593682 0.567325 -2.815523
 O -4.807817 -4.802475 -0.913583
 O -2.973280 7.322768 2.561319
 O -1.983670 3.269450 4.852349
 O -3.147265 0.293246 0.410296
 O -1.515751 -0.882928 4.592280
 O 1.871216 2.050894 5.265012
 O -5.493699 1.451777 2.049185
 O 3.547411 5.086018 -1.790680
 O 0.972767 -5.906401 -3.110244
 O -5.031833 4.685941 -3.982298
 O 6.458889 1.620023 7.882927
 O -0.588352 1.635209 1.891739
 O 0.678340 -2.265161 -3.106558
 O -0.130332 -4.099098 -5.440242
 O 6.894934 -5.802014 4.028813
 O 3.376962 -2.840600 1.603657
 O 6.114023 -0.820971 3.162233
 O 1.510883 3.659061 -4.426618
 O 0.234441 -8.341694 -0.035494
 O -4.736461 -2.351026 -6.674160
 O -4.732686 2.432493 -1.110261
 O 4.254500 4.236890 -4.950417
 O 1.357106 -1.037345 -0.538884
 O -5.407803 -3.953348 1.720575
 O 2.196144 2.398629 2.285141
 H -6.804888 -2.026006 -0.628660
 H -6.122906 -2.718038 0.515966
 H 2.676475 -1.259082 6.303608
 H 3.576384 -2.251211 5.542636
 H -6.236469 7.381296 -4.541866
 H -5.036320 8.212242 -5.442712
 H 3.120551 3.886802 -0.932853
 H 2.073700 2.681226 -1.057185
 H -4.747479 -0.097289 4.707659
 H -4.513583 0.898061 3.563121
 H 0.980372 6.456469 6.036735
 H 1.352959 4.964870 5.991019
 H -2.684615 -5.946257 -3.467620
 H -3.397713 -4.984756 -2.627087
 H 5.024804 1.186730 4.814540
 H 4.221901 -0.043841 5.463124
 H -2.856473 -7.078591 6.520145
 H -1.302501 -6.799988 6.717424
 H 1.481632 -2.124160 3.398251
 H 2.059542 -3.403908 3.030502
 H 1.420800 -5.231477 2.369273
 H 1.126816 -5.391329 0.879258
 H -2.495254 -5.090172 5.640942
 H -2.119163 -4.573118 4.239231
 H -3.414701 -7.979118 -0.466240
 H -3.254438 -6.534986 -0.745545
 H -3.217914 -2.744518 -3.887909
 H -2.421110 -3.345909 -4.934694
 H 3.001045 -4.083462 -1.667395
 H 2.105394 -4.836946 -0.583466
 H -1.134972 3.214244 -3.058088
 H -0.718261 3.292151 -1.433707
 H -2.148561 -1.965317 0.338668
 H -0.942584 -1.996810 1.236045
 H 0.249363 -3.959110 3.336330
 H -1.095320 -4.088604 2.645642
 H 2.410652 -4.591092 -3.395500
 H 2.626697 -3.002796 -3.691970
 H 5.760124 4.793152 0.610749
 H 6.354650 3.525824 1.403122
 H 5.262364 -3.401699 4.437976
 H 4.779096 -3.598280 5.956066
 H -1.191355 -1.041574 -3.071414
 H -1.966986 -0.501930 -4.359327
 H -0.651398 2.524580 -5.136237
 H -1.990941 2.193555 -4.473636
 H 5.844784 1.352964 -0.704657
 H 4.431739 2.119336 -0.473691
 H 3.728954 1.186442 -2.756012
 H 3.881148 2.173308 -4.054020
 H -5.164998 4.280321 -7.470137
 H -4.773398 3.073003 -6.640398
 H 4.381020 -5.781458 1.525570
 H 4.023828 -4.868175 0.335383
 H 0.627685 -0.714082 -6.245645
 H 1.633281 0.441325 -6.163808
 H -3.153444 1.390270 -6.205070
 H -4.183447 1.068678 -5.101303
 H 0.171394 -0.128087 1.959274
 H 0.751639 -1.187319 1.076019
 H 6.610013 -2.407248 -4.368851
 H 5.375170 -2.686343 -3.325002
 H 4.396093 -0.465188 -0.618913
 H 3.740077 -1.869365 -0.422522
 H -1.329395 5.940873 2.766998
 H -1.372897 4.609469 3.666344
 H -3.775580 -0.564806 -2.746284
 H -5.250480 -0.963680 -2.551023
 H -0.807507 -5.447417 -0.189931
 H -0.562859 -3.975765 0.060543
 H 5.234475 3.915271 -8.761323
 H 6.309845 2.770102 -8.915530
 H 2.657324 5.135278 3.749167
 H 3.015163 6.315635 4.552109
 H -6.421044 5.525255 -3.231049
 H -5.971293 6.829012 -2.509079
 H -0.093310 1.220555 -2.521392
 H 1.226277 1.150712 -3.299275
 H -5.057126 -4.176326 -1.609646
 H -5.016282 -4.268523 -0.094475
 H -2.882825 6.787209 1.744602
 H -3.543135 6.770447 3.135059
 H -2.964565 3.304524 4.925244
 H -1.780013 3.161558 5.835761
 H -2.392019 0.513619 -0.169829
 H -3.846641 0.079368 -0.244273
 H -1.338382 -1.049588 3.644662
 H -0.969563 -1.511110 5.084500
 H 2.255267 1.652519 4.460389
 H 2.292813 2.865189 5.610203
 H -6.285484 0.856087 2.011987
 H -5.281197 1.640786 1.115209
 H 4.252399 5.605113 -1.353979
 H 3.860906 4.975457 -2.704422
 H 0.078885 -5.576967 -3.387550
 H 0.729899 -6.286016 -2.237525
 H -4.567870 4.589273 -4.884768
 H -4.755759 3.927816 -3.426911
 H 5.839008 1.191343 8.528283
 H 5.902434 1.896301 7.118828
 H -1.256154 1.620492 1.211345
 H -0.985926 2.366345 2.448013
 H 0.866410 -2.459521 -2.171645
 H 1.288765 -1.545926 -3.365808
 H -0.123881 -3.359356 -4.792258
 H -1.094310 -4.268439 -5.503598
 H 6.952809 -5.119800 4.731272
 H 5.928877 -6.007524 3.989906
 H 4.359569 -2.877160 1.516184
 H 3.172446 -3.358809 0.791028
 H 5.308612 -1.035978 2.663364
 H 5.679372 -0.377959 3.946305
 H 2.351357 4.017700 -4.110262
 H 0.847044 4.379790 -4.433561
 H 1.186206 -8.603753 -0.010237
 H -0.101493 -8.252564 0.896296
 H -3.832753 -2.679224 -6.916801
 H -5.112198 -1.962371 -7.489043
 H -4.064265 1.995512 -0.550197
 H -4.606685 2.027943 -1.984638
 H 5.169981 3.996538 -4.725707
 H 4.266731 4.846227 -5.719315
 H 2.285299 -1.085888 -0.868576
 H 1.125420 -0.237130 -1.097446
 H -4.526779 -3.547524 1.857919
 H -5.325434 -4.662483 2.394698
 H 2.868296 2.003531 1.676456
 H 1.422224 1.798092 2.354448
K_POINTS
 1
0.0 0.0 0.0 1.0