
&control
    calculation='scf'
    pseudo_dir = './',
    outdir='./outputs',
    disk_io='high'
/
&system
    ibrav= 1, celldm(1)=20.000000, nat=  192, ntyp= 2,
    ecutwfc = 30.0, nosym=.true., occupations='smearing',
    smearing='m-v', degauss=0.025
/
&electrons
    conv_thr =  1.0d-8,
    mixing_beta = 0.7
/
&ions
    pot_extrapolation='second-order'
    wfc_extrapolation='second-order'
    ion_temperature = 'andersen'
    tempw = 1000

/
ATOMIC_SPECIES
 H  1.01  H.blyp-hgh.UPF
 O  16.0  O.blyp-hgh.UPF
ATOMIC_POSITIONS bohr
 O -6.115429 -1.858510 0.046239
 O 3.633945 -1.462838 6.151131
 O -5.734413 7.526966 -5.356303
 O 2.774709 3.056418 -0.451023
 O -4.376897 0.805775 4.552997
 O 0.577945 5.570946 5.904343
 O -2.894439 -5.814222 -2.499272
 O 4.778101 0.261928 4.691648
 O -2.209316 -6.402822 6.776763
 O 1.712826 -2.962479 3.845025
 O 1.871993 -5.468439 1.538644
 O -2.649605 -4.336830 5.024138
 O -3.154476 -7.162447 0.017607
 O -3.324000 -3.458459 -4.570071
 O 2.858101 -4.211752 -0.686647
 O -1.169583 2.769160 -2.171772
 O -1.545063 -2.638804 0.728550
 O -0.437113 -4.645248 3.135640
 O 3.024014 -3.818884 -3.339905
 O 5.605249 4.126229 1.314530
 O 4.606148 -3.830027 5.023382
 O -2.078883 -0.849621 -3.455660
 O -1.471493 2.991121 -4.817600
 O 5.020430 1.379250 -0.180812
 O 3.461119 1.396042 -3.668409
 O -4.549402 4.024962 -6.737080
 O 4.635326 -5.590790 0.609264
 O 1.376222 -0.415962 -5.714144
 O -3.205533 1.129326 -5.250741
 O 0.116534 -1.106924 1.876989
 O 6.309894 -2.415797 -3.450519
 O 3.973287 -1.241367 -1.114261
 O -1.106777 4.966629 2.745115
 O -4.614845 -0.228187 -2.354478
 O -0.064093 -4.837445 -0.020984
 O 5.491878 3.012083 -8.432452
 O 3.112348 5.328234 4.600186
 O -6.762115 6.387315 -2.911858
 O 0.595000 0.568639 -2.817526
 O -4.808479 -4.804319 -0.915573
 O -2.973674 7.324983 2.560991
 O -1.980436 3.269823 4.853962
 O -3.148412 0.294348 0.411394
 O -1.514780 -0.883168 4.591188
 O 1.875262 2.050320 5.265544
 O -5.494948 1.448348 2.051475
 O 3.550047 5.089169 -1.792508
 O 0.971572 -5.907749 -3.109812
 O -5.034021 4.683791 -3.982221
 O 6.462101 1.620213 7.884167
 O -0.588337 1.634601 1.891053
 O 0.679770 -2.265137 -3.106104
 O -0.129925 -4.099581 -5.440319
 O 6.895137 -5.801730 4.028283
 O 3.377001 -2.840217 1.603392
 O 6.115936 -0.820203 3.162446
 O 1.510434 3.657798 -4.425433
 O 0.235155 -8.340927 -0.037572
 O -4.736996 -2.353742 -6.674534
 O -4.734015 2.434727 -1.111791
 O 4.255241 4.236383 -4.950261
 O 1.356022 -1.039388 -0.537603
 O -5.408329 -3.951436 1.720071
 O 2.200255 2.397891 2.287944
 H -6.807993 -2.029108 -0.624646
 H -6.126008 -2.715680 0.520780
 H 2.675637 -1.262075 6.309743
 H 3.576213 -2.250663 5.539504
 H -6.233411 7.385708 -4.538735
 H -5.033424 8.211617 -5.440418
 H 3.128346 3.881027 -0.936899
 H 2.070319 2.674268 -1.046637
 H -4.745387 -0.098031 4.705008
 H -4.506580 0.893897 3.563981
 H 0.982187 6.456771 6.037917
 H 1.350130 4.959614 5.984799
 H -2.675580 -5.951146 -3.466000
 H -3.396522 -4.982434 -2.628458
 H 5.021326 1.188722 4.818808
 H 4.218282 -0.048901 5.459881
 H -2.859093 -7.076239 6.518634
 H -1.302591 -6.799446 6.723561
 H 1.480287 -2.120725 3.397134
 H 2.061957 -3.403422 3.035356
 H 1.424345 -5.233454 2.369646
 H 1.126971 -5.394322 0.876002
 H -2.497569 -5.088216 5.641763
 H -2.115380 -4.578109 4.242766
 H -3.409654 -7.982604 -0.465350
 H -3.248074 -6.539236 -0.750804
 H -3.219012 -2.739993 -3.888655
 H -2.420811 -3.346277 -4.936722
 H 3.007244 -4.077162 -1.665574
 H 2.103963 -4.835151 -0.582585
 H -1.134846 3.208552 -3.059045
 H -0.716623 3.286199 -1.432530
 H -2.150431 -1.964120 0.338381
 H -0.944976 -1.993293 1.237770
 H 0.251475 -3.961712 3.331624
 H -1.092355 -4.086493 2.640893
 H 2.408522 -4.595631 -3.402874
 H 2.620753 -3.005212 -3.693765
 H 5.761443 4.792105 0.610392
 H 6.359896 3.530682 1.404711
 H 5.261793 -3.404422 4.438519
 H 4.785445 -3.591141 5.956747
 H -1.190154 -1.040736 -3.072678
 H -1.964149 -0.498861 -4.358027
 H -0.653746 2.519563 -5.136025
 H -1.988817 2.190430 -4.472808
 H 5.844217 1.352479 -0.709569
 H 4.429402 2.120695 -0.475483
 H 3.726555 1.181096 -2.757437
 H 3.884746 2.167339 -4.057069
 H -5.165662 4.288843 -7.471522
 H -4.775265 3.073861 -6.642086
 H 4.381862 -5.784791 1.526584
 H 4.029605 -4.863875 0.340788
 H 0.629161 -0.717151 -6.242066
 H 1.628539 0.444454 -6.161694
 H -3.152709 1.399254 -6.202802
 H -4.186910 1.068644 -5.105002
 H 0.170423 -0.128999 1.955607
 H 0.751078 -1.184476 1.075330
 H 6.612008 -2.412151 -4.369022
 H 5.375938 -2.680986 -3.326955
 H 4.394346 -0.468183 -0.617188
 H 3.733968 -1.872164 -0.423229
 H -1.328185 5.940011 2.768196
 H -1.373728 4.615300 3.666860
 H -3.775574 -0.567842 -2.744575
 H -5.250610 -0.962537 -2.547258
 H -0.809809 -5.449051 -0.193105
 H -0.561136 -3.975443 0.061626
 H 5.225551 3.917048 -8.751461
 H 6.309776 2.773621 -8.917064
 H 2.656508 5.129933 3.746975
 H 3.015058 6.315128 4.535964
 H -6.424793 5.532409 -3.236613
 H -5.971989 6.832325 -2.511700
 H -0.095647 1.220290 -2.524333
 H 1.226197 1.151982 -3.301953
 H -5.064494 -4.181548 -1.613010
 H -5.014531 -4.270951 -0.094089
 H -2.881968 6.784292 1.746664
 H -3.543723 6.773451 3.133294
 H -2.960739 3.309060 4.928756
 H -1.775368 3.165417 5.838149
 H -2.394469 0.512641 -0.171500
 H -3.845035 0.083869 -0.247279
 H -1.338231 -1.045692 3.643397
 H -0.964079 -1.509304 5.081610
 H 2.256141 1.651010 4.458195
 H 2.292283 2.869011 5.604668
 H -6.282482 0.845548 2.007179
 H -5.274494 1.637155 1.119924
 H 4.260773 5.601586 -1.356488
 H 3.856903 4.976987 -2.707389
 H 0.079909 -5.570984 -3.381745
 H 0.729065 -6.282305 -2.235473
 H -4.576308 4.593432 -4.888167
 H -4.756212 3.926009 -3.424370
 H 5.846057 1.196663 8.534064
 H 5.901300 1.893979 7.123118
 H -1.256439 1.622376 1.211961
 H -0.987075 2.365889 2.448493
 H 0.865505 -2.461326 -2.172943
 H 1.292131 -1.547562 -3.365407
 H -0.126470 -3.362044 -4.788443
 H -1.093245 -4.274053 -5.495853
 H 6.953762 -5.118574 4.731324
 H 5.930513 -6.015834 3.989732
 H 4.359766 -2.871513 1.517906
 H 3.169643 -3.358114 0.789805
 H 5.311720 -1.036930 2.661434
 H 5.681442 -0.379934 3.948755
 H 2.348581 4.016403 -4.107920
 H 0.844650 4.378615 -4.436894
 H 1.185278 -8.607847 -0.014621
 H -0.103626 -8.249153 0.894202
 H -3.832026 -2.679117 -6.919168
 H -5.117869 -1.970085 -7.490166
 H -4.062055 2.001781 -0.553528
 H -4.603717 2.033123 -1.986874
 H 5.171465 4.000802 -4.723722
 H 4.272032 4.849147 -5.715527
 H 2.282728 -1.082821 -0.870941
 H 1.130428 -0.234114 -1.091677
 H -4.527539 -3.545519 1.859573
 H -5.326060 -4.660310 2.392947
 H 2.865364 1.998640 1.675660
 H 1.418489 1.807204 2.362548
K_POINTS
 1
0.0 0.0 0.0 1.0