
&control
    calculation='scf'
    pseudo_dir = './',
    outdir='./outputs',
    disk_io='high'
/
&system
    ibrav= 1, celldm(1)=20.000000, nat=  192, ntyp= 2,
    ecutwfc = 30.0, nosym=.true., occupations='smearing',
    smearing='m-v', degauss=0.025
/
&electrons
    conv_thr =  1.0d-8,
    mixing_beta = 0.7
/
&ions
    pot_extrapolation='second-order'
    wfc_extrapolation='second-order'
    ion_temperature = 'andersen'
    tempw = 1000

/
ATOMIC_SPECIES
 H  1.01  H.blyp-hgh.UPF
 O  16.0  O.blyp-hgh.UPF
ATOMIC_POSITIONS bohr
 O -6.115721 -1.858360 0.045525
 O 3.632655 -1.464359 6.153857
 O -5.735978 7.528553 -5.356924
 O 2.779504 3.053458 -0.451107
 O -4.375255 0.804542 4.554121
 O 0.579018 5.570834 5.902340
 O -2.897966 -5.814260 -2.500592
 O 4.779063 0.263352 4.691994
 O -2.209077 -6.401766 6.778585
 O 1.711317 -2.962502 3.846710
 O 1.871301 -5.468408 1.537474
 O -2.650372 -4.335262 5.024101
 O -3.152947 -7.163076 0.017559
 O -3.323490 -3.456189 -4.569358
 O 2.859560 -4.210072 -0.685704
 O -1.168255 2.767917 -2.173136
 O -1.545542 -2.637704 0.727015
 O -0.437769 -4.642584 3.135336
 O 3.018435 -3.818722 -3.337065
 O 5.605271 4.126399 1.312592
 O 4.604603 -3.829565 5.025937
 O -2.079194 -0.849874 -3.454674
 O -1.471530 2.989600 -4.818536
 O 5.019526 1.380479 -0.185442
 O 3.459676 1.395742 -3.667333
 O -4.548157 4.024625 -6.739443
 O 4.634238 -5.593157 0.609128
 O 1.376944 -0.414703 -5.713432
 O -3.208350 1.130904 -5.251419
 O 0.114980 -1.108235 1.878904
 O 6.310879 -2.415881 -3.451317
 O 3.973504 -1.244519 -1.113407
 O -1.108945 4.965981 2.744925
 O -4.612848 -0.228092 -2.352717
 O -0.065977 -4.840220 -0.018672
 O 5.491846 3.013261 -8.435338
 O 3.108735 5.328981 4.597624
 O -6.764662 6.389049 -2.910788
 O 0.596324 0.569976 -2.819519
 O -4.809148 -4.806139 -0.917551
 O -2.974076 7.327181 2.560639
 O -1.977204 3.270185 4.855611
 O -3.149549 0.295460 0.412480
 O -1.513814 -0.883395 4.590099
 O 1.879281 2.049715 5.266106
 O -5.496197 1.444934 2.053758
 O 3.552676 5.092318 -1.794329
 O 0.970338 -5.909096 -3.109374
 O -5.036190 4.681619 -3.982178
 O 6.465295 1.620409 7.885410
 O -0.588328 1.634029 1.890413
 O 0.681189 -2.265120 -3.105679
 O -0.129539 -4.100046 -5.440377
 O 6.895322 -5.801452 4.027744
 O 3.377080 -2.839823 1.603107
 O 6.117879 -0.819482 3.162613
 O 1.509956 3.656517 -4.424260
 O 0.235846 -8.340155 -0.039650
 O -4.737527 -2.356454 -6.674914
 O -4.735354 2.436980 -1.113314
 O 4.255970 4.235869 -4.950095
 O 1.354927 -1.041395 -0.536346
 O -5.408837 -3.949506 1.719570
 O 2.204379 2.397138 2.290762
 H -6.811031 -2.032094 -0.620719
 H -6.128984 -2.713309 0.525745
 H 2.674776 -1.264992 6.315977
 H 3.576126 -2.249955 5.536404
 H -6.230249 7.390221 -4.535388
 H -5.030669 8.210955 -5.437840
 H 3.136078 3.875193 -0.940983
 H 2.067207 2.667389 -1.035986
 H -4.743161 -0.098596 4.702404
 H -4.499558 0.889762 3.564993
 H 0.983888 6.457029 6.039103
 H 1.347165 4.954453 5.978524
 H -2.666544 -5.956176 -3.464179
 H -3.395305 -4.980150 -2.629672
 H 5.017838 1.190918 4.823015
 H 4.214750 -0.054167 5.456572
 H -2.861676 -7.073966 6.517069
 H -1.302770 -6.798911 6.729590
 H 1.478885 -2.117226 3.396103
 H 2.064585 -3.402947 3.040283
 H 1.427773 -5.235515 2.369976
 H 1.127105 -5.397314 0.872944
 H -2.499908 -5.086311 5.642615
 H -2.111518 -4.583050 4.246284
 H -3.404565 -7.986071 -0.464307
 H -3.241697 -6.543472 -0.755953
 H -3.220253 -2.735547 -3.889474
 H -2.420636 -3.346727 -4.938874
 H 3.013435 -4.070822 -1.663762
 H 2.102626 -4.833232 -0.581731
 H -1.134669 3.202907 -3.059847
 H -0.715050 3.280258 -1.431543
 H -2.152324 -1.963102 0.338095
 H -0.947434 -1.989916 1.239453
 H 0.253612 -3.964334 3.327100
 H -1.089314 -4.084574 2.636155
 H 2.406326 -4.600002 -3.410341
 H 2.614678 -3.007793 -3.695562
 H 5.762846 4.790995 0.610136
 H 6.365228 3.535523 1.406203
 H 5.261234 -3.407099 4.439185
 H 4.791978 -3.584057 5.957328
 H -1.188968 -1.039884 -3.074071
 H -1.961322 -0.495722 -4.356714
 H -0.656157 2.514722 -5.135722
 H -1.986773 2.187518 -4.472198
 H 5.843627 1.352152 -0.714482
 H 4.427107 2.122026 -0.477214
 H 3.724254 1.175906 -2.758879
 H 3.888410 2.161544 -4.060016
 H -5.166225 4.297433 -7.472753
 H -4.777124 3.074736 -6.643758
 H 4.382651 -5.788164 1.527567
 H 4.035355 -4.859746 0.346096
 H 0.630494 -0.720254 -6.238566
 H 1.623756 0.447602 -6.159497
 H -3.151952 1.408067 -6.200469
 H -4.190252 1.068581 -5.108621
 H 0.169228 -0.129840 1.952066
 H 0.750391 -1.181712 1.074757
 H 6.613866 -2.417108 -4.369355
 H 5.376769 -2.675623 -3.329111
 H 4.392485 -0.471260 -0.615561
 H 3.727844 -1.875082 -0.423737
 H -1.326835 5.938884 2.769426
 H -1.374430 4.621238 3.667010
 H -3.775519 -0.570791 -2.742871
 H -5.250741 -0.961364 -2.543480
 H -0.812030 -5.450774 -0.196279
 H -0.559343 -3.975077 0.062775
 H 5.216652 3.918537 -8.741617
 H 6.309621 2.777101 -8.918709
 H 2.655722 5.124399 3.744852
 H 3.015070 6.314492 4.519979
 H -6.428346 5.539587 -3.242252
 H -5.972837 6.835434 -2.514297
 H -0.098017 1.220080 -2.527276
 H 1.226124 1.153167 -3.304626
 H -5.071869 -4.186635 -1.616439
 H -5.012779 -4.273634 -0.093748
 H -2.881165 6.781358 1.748709
 H -3.544333 6.776477 3.131534
 H -2.956875 3.313682 4.932137
 H -1.770673 3.169338 5.840282
 H -2.396917 0.511630 -0.173190
 H -3.843492 0.088235 -0.250325
 H -1.338047 -1.041817 3.642197
 H -0.958587 -1.507650 5.078657
 H 2.257163 1.649818 4.455972
 H 2.291837 2.872689 5.598952
 H -6.279290 0.835052 2.002418
 H -5.267804 1.633480 1.124687
 H 4.269157 5.598155 -1.358989
 H 3.852925 4.978564 -2.710401
 H 0.081131 -5.564972 -3.376015
 H 0.728367 -6.278610 -2.233410
 H -4.585026 4.597575 -4.891202
 H -4.756623 3.924275 -3.421942
 H 5.853215 1.201988 8.539657
 H 5.900201 1.891561 7.127510
 H -1.256889 1.624168 1.212292
 H -0.988006 2.365245 2.448984
 H 0.864626 -2.463083 -2.174145
 H 1.295365 -1.549125 -3.364948
 H -0.128877 -3.364768 -4.784591
 H -1.092089 -4.279796 -5.488267
 H 6.954700 -5.117421 4.731449
 H 5.932313 -6.024072 3.989582
 H 4.359899 -2.865825 1.519822
 H 3.166594 -3.357479 0.788566
 H 5.314861 -1.037990 2.659432
 H 5.683487 -0.381925 3.951267
 H 2.345855 4.015223 -4.105582
 H 0.842410 4.377467 -4.440165
 H 1.184321 -8.611904 -0.018814
 H -0.105643 -8.245730 0.891948
 H -3.831428 -2.679004 -6.921546
 H -5.123525 -1.977875 -7.491325
 H -4.059761 2.008029 -0.556872
 H -4.600720 2.038173 -1.989149
 H 5.173090 4.005184 -4.721792
 H 4.277378 4.852002 -5.711705
 H 2.280302 -1.079858 -0.873204
 H 1.135245 -0.231232 -1.085836
 H -4.528301 -3.543449 1.861207
 H -5.326839 -4.658271 2.391192
 H 2.862234 1.993817 1.674954
 H 1.414846 1.816394 2.370491
K_POINTS
 1
0.0 0.0 0.0 1.0