
&control
    calculation='scf'
    pseudo_dir = './',
    outdir='./outputs',
    disk_io='high'
/
&system
    ibrav= 1, celldm(1)=20.000000, nat=  192, ntyp= 2,
    ecutwfc = 30.0, nosym=.true., occupations='smearing',
    smearing='m-v', degauss=0.025
/
&electrons
    conv_thr =  1.0d-8,
    mixing_beta = 0.7
/
&ions
    pot_extrapolation='second-order'
    wfc_extrapolation='second-order'
    ion_temperature = 'andersen'
    tempw = 1000

/
ATOMIC_SPECIES
 H  1.01  H.blyp-hgh.UPF
 O  16.0  O.blyp-hgh.UPF
ATOMIC_POSITIONS bohr
 O -6.116634 -1.858023 0.043388
 O 3.628774 -1.469163 6.161988
 O -5.740655 7.533245 -5.359179
 O 2.793766 3.044445 -0.451508
 O -4.370390 0.800810 4.557378
 O 0.582291 5.570507 5.896418
 O -2.908442 -5.814295 -2.504895
 O 4.781647 0.267908 4.693366
 O -2.208308 -6.398550 6.784163
 O 1.706683 -2.962494 3.851616
 O 1.869346 -5.468376 1.534012
 O -2.652709 -4.330515 5.024103
 O -3.148397 -7.164977 0.017209
 O -3.321757 -3.449203 -4.567000
 O 2.863839 -4.204983 -0.682935
 O -1.164230 2.764087 -2.177037
 O -1.547026 -2.634226 0.722404
 O -0.439823 -4.634373 3.134348
 O 3.001872 -3.818370 -3.328508
 O 5.605213 4.127001 1.306819
 O 4.599866 -3.828223 5.033573
 O -2.080119 -0.850727 -3.451659
 O -1.471450 2.984775 -4.821309
 O 5.016753 1.383979 -0.199404
 O 3.455179 1.394599 -3.664164
 O -4.544538 4.023567 -6.746654
 O 4.631141 -5.600317 0.608787
 O 1.379109 -0.410784 -5.711294
 O -3.216935 1.135650 -5.253526
 O 0.110724 -1.112066 1.884497
 O 6.313910 -2.416085 -3.453432
 O 3.974211 -1.253769 -1.110913
 O -1.115563 4.964022 2.744579
 O -4.606874 -0.227855 -2.347417
 O -0.071856 -4.848532 -0.011944
 O 5.491741 3.016978 -8.443828
 O 3.097871 5.331440 4.589746
 O -6.772319 6.394505 -2.907494
 O 0.600313 0.574132 -2.825429
 O -4.811193 -4.811443 -0.923410
 O -2.975320 7.333675 2.559413
 O -1.967522 3.271216 4.860782
 O -3.152906 0.298862 0.415636
 O -1.510938 -0.883999 4.586860
 O 1.891175 2.047702 5.267957
 O -5.499959 1.434773 2.060557
 O 3.560519 5.101745 -1.799731
 O 0.966424 -5.913141 -3.108021
 O -5.042602 4.674969 -3.982222
 O 6.474790 1.621034 7.889148
 O -0.588346 1.632541 1.888785
 O 0.685383 -2.265103 -3.104600
 O -0.128500 -4.101318 -5.440418
 O 6.895769 -5.800640 4.026083
 O 3.377535 -2.838570 1.602129
 O 6.123881 -0.817610 3.162849
 O 1.508300 3.652564 -4.420825
 O 0.237770 -8.337799 -0.045884
 O -4.739097 -2.364554 -6.676105
 O -4.739419 2.443849 -1.117855
 O 4.258100 4.234276 -4.949546
 O 1.351586 -1.047190 -0.532731
 O -5.410250 -3.943593 1.718080
 O 2.216816 2.394800 2.299317
 H -6.819801 -2.040354 -0.609550
 H -6.137105 -2.706033 0.541492
 H 2.672047 -1.273274 6.335227
 H 3.576332 -2.246756 5.527445
 H -6.220128 7.404335 -4.524158
 H -5.023307 8.208647 -5.428455
 H 3.158771 3.857340 -0.953477
 H 2.059608 2.647309 -1.003488
 H -4.735740 -0.099409 4.694964
 H -4.478422 0.877611 3.568853
 H 0.988326 6.457378 6.042667
 H 1.337527 4.939614 5.959402
 H -2.639569 -5.971972 -3.457450
 H -3.391503 -4.973521 -2.632496
 H 5.007313 1.198674 4.835270
 H 4.204762 -0.071102 5.446183
 H -2.868996 -7.067458 6.512136
 H -1.303819 -6.797394 6.746990
 H 1.474450 -2.106809 3.393720
 H 2.073795 -3.401627 3.055357
 H 1.437248 -5.242154 2.370771
 H 1.127376 -5.406267 0.865085
 H -2.507085 -5.080856 5.645400
 H -2.099539 -4.597444 4.256799
 H -3.389037 -7.996274 -0.460212
 H -3.222490 -6.556145 -0.770651
 H -3.224763 -2.722711 -3.892424
 H -2.420914 -3.348520 -4.946018
 H 3.031828 -4.051670 -1.658381
 H 2.099400 -4.826586 -0.579438
 H -1.133769 3.186457 -3.061553
 H -0.710682 3.262611 -1.429750
 H -2.158127 -1.961144 0.337237
 H -0.955253 -1.980726 1.244163
 H 0.260341 -3.972118 3.314681
 H -1.079805 -4.079922 2.622013
 H 2.399518 -4.611913 -3.433191
 H 2.595680 -3.016467 -3.700988
 H 5.767588 4.787475 0.609798
 H 6.381539 3.550073 1.410096
 H 5.259579 -3.414896 4.441869
 H 4.812578 -3.563220 5.958364
 H -1.185531 -1.037254 -3.078961
 H -1.952981 -0.485950 -4.352558
 H -0.663637 2.501265 -5.134329
 H -1.981197 2.180131 -4.471675
 H 5.841657 1.352160 -0.729188
 H 4.420497 2.125848 -0.482069
 H 3.718054 1.161258 -2.763133
 H 3.899834 2.145215 -4.068223
 H -5.167121 4.323426 -7.475310
 H -4.782705 3.077451 -6.648736
 H 4.384725 -5.798494 1.530226
 H 4.052375 -4.848345 0.361428
 H 0.633593 -0.729781 -6.228578
 H 1.609198 0.457155 -6.152445
 H -3.149564 1.433469 -6.193155
 H -4.199525 1.068221 -5.119005
 H 0.164255 -0.131911 1.942288
 H 0.747499 -1.174012 1.073840
 H 6.618629 -2.432285 -4.371339
 H 5.379466 -2.659550 -3.336752
 H 4.386261 -0.480956 -0.611235
 H 3.709413 -1.884486 -0.424116
 H -1.321953 5.934096 2.773235
 H -1.375807 4.639510 3.665457
 H -3.775016 -0.579110 -2.737813
 H -5.251113 -0.957649 -2.532065
 H -0.818185 -5.456384 -0.205761
 H -0.553555 -3.973827 0.066608
 H 5.190199 3.921365 -8.712324
 H 6.308727 2.787369 -8.924435
 H 2.653513 5.106609 3.738857
 H 3.015792 6.311930 4.473065
 H -6.437683 5.560918 -3.259715
 H -5.976339 6.843485 -2.521957
 H -0.105192 1.219707 -2.536160
 H 1.225996 1.156286 -3.312654
 H -5.094017 -4.201104 -1.626970
 H -5.007516 -4.283201 -0.093135
 H -2.879066 6.772557 1.754803
 H -3.546388 6.785631 3.126427
 H -2.945117 3.328041 4.941484
 H -1.756317 3.181455 5.845111
 H -2.404171 0.508423 -0.178298
 H -3.839321 0.100491 -0.259632
 H -1.337265 -1.030336 3.638901
 H -0.942104 -1.503553 5.069366
 H 2.261060 1.648221 4.449262
 H 2.291025 2.882888 5.580735
 H -6.268487 0.803932 1.988477
 H -5.247800 1.622212 1.139186
 H 4.294307 5.588416 -1.366527
 H 3.841201 4.983582 -2.719778
 H 0.085865 -5.546733 -3.359350
 H 0.727104 -6.267670 -2.227085
 H -4.612710 4.609761 -4.898139
 H -4.757632 3.919645 -3.415545
 H 5.875237 1.217881 8.555467
 H 5.897093 1.883769 7.141209
 H -1.259252 1.628982 1.211518
 H -0.989452 2.362126 2.450502
 H 0.862203 -2.468099 -2.176995
 H 1.304277 -1.553369 -3.363200
 H -0.134965 -3.373203 -4.772895
 H -1.088108 -4.297834 -5.466492
 H 6.957335 -5.114506 4.732144
 H 5.938717 -6.048268 3.989322
 H 4.359896 -2.848573 1.526644
 H 3.156113 -3.355875 0.784860
 H 5.324532 -1.041782 2.653082
 H 5.689438 -0.387953 3.959099
 H 2.338138 4.012468 -4.098521
 H 0.836740 4.374079 -4.449591
 H 1.181300 -8.623790 -0.030174
 H -0.110896 -8.235436 0.884144
 H -3.830471 -2.678621 -6.928739
 H -5.140342 -2.001690 -7.494945
 H -4.052385 2.026648 -0.566935
 H -4.591568 2.052564 -1.996203
 H 5.178801 4.018996 -4.716276
 H 4.293606 4.860254 -5.700102
 H 2.273996 -1.071728 -0.879348
 H 1.148404 -0.223376 -1.067880
 H -4.530606 -3.536844 1.865972
 H -5.330106 -4.653046 2.385977
 H 2.851725 1.979690 1.673307
 H 1.404578 1.844436 2.393331
K_POINTS
 1
0.0 0.0 0.0 1.0