
&control
    calculation='scf'
    pseudo_dir = './',
    outdir='./outputs',
    disk_io='high'
/
&system
    ibrav= 1, celldm(1)=20.000000, nat=  192, ntyp= 2,
    ecutwfc = 30.0, nosym=.true., occupations='smearing',
    smearing='m-v', degauss=0.025
/
&electrons
    conv_thr =  1.0d-8,
    mixing_beta = 0.7
/
&ions
    pot_extrapolation='second-order'
    wfc_extrapolation='second-order'
    ion_temperature = 'andersen'
    tempw = 1000

/
ATOMIC_SPECIES
 H  1.01  H.blyp-hgh.UPF
 O  16.0  O.blyp-hgh.UPF
ATOMIC_POSITIONS bohr
 O -5.266791 -1.471187 -1.661294
 O 3.857958 -2.046726 5.390546
 O -5.749138 5.515393 -5.420371
 O -0.152035 3.868053 -1.455790
 O -4.743277 0.778594 3.950100
 O -0.225887 5.496969 5.254695
 O -0.141849 -5.414897 -3.387330
 O 2.489960 0.087214 3.584200
 O -2.854985 -5.307034 5.681639
 O 2.035922 -2.789979 2.003774
 O 2.580941 -6.124600 2.902105
 O -4.014023 -2.978566 4.522272
 O -4.437034 -5.814292 0.714788
 O -3.618490 -5.720688 -3.824172
 O 2.453329 -2.801617 -2.343027
 O -2.034785 2.436325 0.889589
 O -1.211781 -1.825644 1.943583
 O 0.231590 -4.180774 3.779973
 O 5.366063 -4.389043 -4.991337
 O 5.400919 5.006572 2.229270
 O 5.864286 -3.010724 3.262387
 O -3.234360 -2.833347 -3.885556
 O -0.890769 2.686101 -4.943699
 O 3.947979 2.367667 2.925793
 O 2.334885 1.430027 -3.138752
 O -4.808933 2.615347 -6.274438
 O 4.506637 -5.995901 -1.236164
 O 2.026535 -1.253539 -4.678621
 O -2.068646 0.107678 -4.842331
 O 0.953606 -0.333385 0.832858
 O 4.736321 -1.735599 -3.598472
 O 5.250728 0.142500 -0.193565
 O -0.152075 4.646493 2.011918
 O -4.905326 0.747716 -4.035467
 O 0.752241 -3.831156 -0.400766
 O 4.518751 3.852374 -4.532654
 O 3.350174 5.441517 5.851198
 O -5.346041 4.067587 -1.991831
 O -0.402800 0.959471 -1.787066
 O -3.117368 -3.585266 -0.950998
 O -2.705097 5.497570 3.280000
 O -1.605103 2.813247 4.256382
 O -2.562175 -0.376850 -0.738641
 O -1.534980 -2.082985 4.821024
 O 0.625294 1.896410 5.023956
 O -4.648452 3.269413 1.357454
 O 2.973475 4.024692 -0.689924
 O 2.710521 -5.984859 -3.692118
 O -2.493160 4.460316 -2.330669
 O 5.297921 0.627069 5.439559
 O -2.926870 0.311933 1.964024
 O -0.697180 -2.324769 -2.509619
 O 0.041257 -3.400983 -5.462316
 O 5.785258 -5.929689 4.250732
 O 4.920651 -3.199623 -0.111000
 O 4.605797 -0.732559 2.454176
 O 1.261936 4.340277 -4.317048
 O -0.772551 -5.872116 0.407631
 O -5.483548 -1.529510 -5.738750
 O -4.664888 1.264917 -0.794515
 O 5.150742 1.433896 -2.333088
 O 2.870130 -0.304352 -1.219116
 O -5.265303 -1.337485 1.350955
 O 1.597425 2.503597 1.438436
 H -5.354070 -1.613797 -0.689455
 H -4.584495 -0.760196 -1.696746
 H 3.864825 -2.861760 5.933329
 H 3.246699 -2.294800 4.662725
 H -6.552547 5.038783 -5.093127
 H -5.322984 4.802976 -5.934003
 H 0.044276 2.891086 -1.546722
 H 0.546250 4.403148 -1.860536
 H -5.733465 0.851919 4.007421
 H -4.508861 1.405900 4.675284
 H 0.157146 6.356025 4.982906
 H 0.190510 5.212059 6.082268
 H -0.516031 -5.385969 -2.488877
 H -0.963845 -5.474542 -3.915644
 H 2.922478 0.961407 3.483004
 H 1.563733 0.281366 3.806984
 H -3.319402 -5.350243 6.545228
 H -1.932843 -5.563503 5.884504
 H 1.969945 -1.978412 1.464208
 H 2.943185 -3.124707 2.056266
 H 3.255627 -6.579864 2.363212
 H 1.719556 -6.474183 2.601104
 H -3.301434 -3.584201 4.210672
 H -4.704859 -3.143524 3.788338
 H -4.255540 -6.691642 0.321583
 H -3.981543 -5.151725 0.152839
 H -4.353874 -5.134373 -3.569248
 H -3.816885 -6.559478 -3.360244
 H 2.577155 -1.852830 -2.117842
 H 1.673283 -3.168488 -1.897750
 H -1.124424 2.720848 1.049585
 H -2.165942 1.461938 0.999237
 H -0.899135 -1.000769 1.610319
 H -1.041602 -1.828154 2.919093
 H 0.884797 -4.453600 3.096286
 H -0.556178 -4.061825 3.212502
 H 6.278586 -4.618049 -4.726647
 H 5.385274 -3.409776 -5.012103
 H 5.541138 5.265119 3.146227
 H 6.217107 4.974206 1.716133
 H 5.472280 -2.200991 2.861803
 H 5.748564 -3.745622 2.627471
 H -2.287552 -2.653084 -4.021516
 H -3.675395 -2.925615 -4.744355
 H -0.427305 2.799443 -4.096490
 H -1.465211 1.902501 -4.794969
 H 4.843764 2.727642 3.045200
 H 3.469667 3.038733 2.403574
 H 2.679879 0.867303 -3.868820
 H 1.584343 1.928172 -3.507590
 H -4.984002 1.902240 -5.639628
 H -4.000259 3.022909 -5.914744
 H 4.028797 -5.144904 -1.173919
 H 5.386227 -5.740266 -0.908197
 H 2.766680 -1.427618 -5.297794
 H 1.301606 -0.853045 -5.183621
 H -1.705550 -0.359765 -5.624203
 H -3.013103 0.276378 -5.028839
 H 0.774287 0.551287 1.217826
 H 1.739814 -0.081192 0.261905
 H 4.026651 -2.224551 -3.152620
 H 5.408206 -1.601009 -2.907482
 H 5.544431 0.919169 -0.712236
 H 5.573140 -0.536011 -0.813763
 H -0.327180 3.984275 2.699704
 H -0.808301 5.340861 2.210151
 H -4.985509 0.548133 -3.077110
 H -5.864269 0.859239 -4.181621
 H 0.386002 -4.718704 -0.154815
 H 1.411027 -3.691198 0.324889
 H 3.831667 4.247198 -5.126335
 H 4.718946 2.981417 -4.920593
 H 3.352039 5.476530 4.869031
 H 2.660387 6.111727 6.017807
 H -5.535316 3.647593 -1.128094
 H -4.422968 4.427287 -1.846787
 H 0.068019 0.263994 -2.276959
 H -0.699177 0.518289 -0.958304
 H -3.344464 -2.867960 -1.574282
 H -2.315349 -3.977853 -1.344622
 H -3.586534 5.710092 2.933450
 H -2.684990 5.710396 4.226927
 H -1.259232 2.279555 3.523883
 H -2.063011 3.617530 3.932873
 H -2.156135 -1.262439 -0.658515
 H -3.075546 -0.397128 0.097258
 H -2.460670 -2.382866 4.766504
 H -1.067604 -2.693976 5.432395
 H 1.241150 1.465583 5.633319
 H 0.024668 2.440384 5.581286
 H -4.972835 3.470033 2.248724
 H -3.777617 2.834692 1.502517
 H 3.448825 4.839798 -0.412807
 H 2.933351 4.216017 -1.646720
 H 3.593379 -5.577816 -3.772731
 H 2.158371 -5.396018 -3.141939
 H -2.437513 3.974094 -3.175065
 H -1.575759 4.212287 -1.989651
 H 5.844027 -0.171201 5.434424
 H 4.398093 0.301268 5.255330
 H -2.296072 -0.427153 1.969515
 H -3.493964 0.221818 2.767359
 H 0.260966 -2.551696 -2.540061
 H -0.774217 -2.174044 -1.546034
 H 0.073478 -3.139385 -4.522689
 H 0.702112 -2.821871 -5.877050
 H 5.156262 -6.264764 4.929776
 H 6.423246 -5.457882 4.819148
 H 5.902281 -3.150460 -0.082614
 H 4.705423 -2.246212 -0.003109
 H 4.743064 0.141293 2.027427
 H 3.617933 -0.730902 2.549407
 H 1.179340 4.091235 -5.245966
 H 1.629317 5.229335 -4.159920
 H -1.249682 -6.703552 0.587142
 H -1.443087 -5.197884 0.207259
 H -5.053191 -1.995518 -6.480123
 H -4.842475 -0.926755 -5.311250
 H -4.575574 2.200147 -1.048961
 H -4.691665 1.271831 0.182634
 H 5.777367 2.183783 -2.324099
 H 4.311831 1.837644 -2.656898
 H 3.696603 0.202210 -1.024392
 H 2.348975 0.269014 -1.820877
 H -6.182435 -1.191245 1.651838
 H -4.727317 -1.464228 2.146598
 H 0.679003 2.767706 1.543625
 H 1.896836 3.068766 0.687594
K_POINTS
 1
0.0 0.0 0.0 1.0