
&control
    calculation='scf'
    pseudo_dir = './',
    outdir='./outputs',
    disk_io='high'
/
&system
    ibrav= 1, celldm(1)=20.000000, nat=  192, ntyp= 2,
    ecutwfc = 30.0, nosym=.true., occupations='smearing',
    smearing='m-v', degauss=0.025
/
&electrons
    conv_thr =  1.0d-8,
    mixing_beta = 0.7
/
&ions
    pot_extrapolation='second-order'
    wfc_extrapolation='second-order'
    ion_temperature = 'andersen'
    tempw = 1000

/
ATOMIC_SPECIES
 H  1.01  H.blyp-hgh.UPF
 O  16.0  O.blyp-hgh.UPF
ATOMIC_POSITIONS bohr
 O -6.117595 -1.857885 0.041296
 O 3.624894 -1.474343 6.170011
 O -5.745303 7.537865 -5.361966
 O 2.807836 3.035238 -0.452117
 O -4.365589 0.797066 4.560465
 O 0.585609 5.570219 5.890636
 O -2.918719 -5.814260 -2.509688
 O 4.783767 0.272866 4.695256
 O -2.207519 -6.395295 6.789894
 O 1.701857 -2.962253 3.856282
 O 1.867608 -5.468451 1.530589
 O -2.655062 -4.325745 5.024241
 O -3.143904 -7.166901 0.016511
 O -3.319732 -3.441963 -4.564321
 O 2.867958 -4.199823 -0.680240
 O -1.160178 2.760029 -2.180587
 O -1.548568 -2.630467 0.717800
 O -0.442038 -4.625910 3.133245
 O 2.985541 -3.818279 -3.319920
 O 5.605027 4.127657 1.301149
 O 4.595021 -3.826907 5.041206
 O -2.081006 -0.851699 -3.448611
 O -1.471107 2.979560 -4.824002
 O 5.013905 1.387177 -0.213470
 O 3.450395 1.393107 -3.661139
 O -4.541123 4.022502 -6.754074
 O 4.628305 -5.607581 0.608576
 O 1.381261 -0.406665 -5.709137
 O -3.225705 1.140411 -5.255721
 O 0.107102 -1.115714 1.889823
 O 6.317101 -2.416207 -3.455156
 O 3.974971 -1.262745 -1.108507
 O -1.122336 4.962042 2.744514
 O -4.600939 -0.227689 -2.342083
 O -0.078084 -4.856811 -0.005531
 O 5.491570 3.020919 -8.452006
 O 3.086975 5.334203 4.581561
 O -6.780011 6.400417 -2.904055
 O 0.604284 0.578500 -2.831209
 O -4.813300 -4.816498 -0.929175
 O -2.976599 7.340003 2.557885
 O -1.957843 3.272170 4.866276
 O -3.156180 0.302359 0.418603
 O -1.508089 -0.884502 4.583706
 O 1.902846 2.045363 5.270016
 O -5.503758 1.424716 2.067285
 O 3.568287 5.111123 -1.804999
 O 0.962219 -5.917183 -3.106614
 O -5.048914 4.668134 -3.982464
 O 6.484195 1.621733 7.892877
 O -0.588446 1.631402 1.887579
 O 0.689458 -2.265129 -3.103859
 O -0.127646 -4.102383 -5.440234
 O 6.896074 -5.799857 4.024371
 O 3.378276 -2.837216 1.600967
 O 6.130120 -0.816189 3.162694
 O 1.506254 3.648456 -4.417534
 O 0.239449 -8.335390 -0.052117
 O -4.740639 -2.372597 -6.677396
 O -4.743550 2.450872 -1.122375
 O 4.260175 4.232605 -4.948911
 O 1.348177 -1.052616 -0.529353
 O -5.411495 -3.937487 1.716597
 O 2.229290 2.392360 2.308060
 H -6.828178 -2.047555 -0.599448
 H -6.143922 -2.698308 0.558371
 H 2.669129 -1.280828 6.355194
 H 3.577151 -2.241789 5.519261
 H -6.209006 7.419227 -4.511467
 H -5.017379 8.205693 -5.416736
 H 3.180431 3.838971 -0.966367
 H 2.054843 2.628227 -0.970348
 H -4.727387 -0.099370 4.688280
 H -4.457257 0.866002 3.573714
 H 0.991830 6.456786 6.046199
 H 1.326973 4.925869 5.939890
 H -2.613093 -5.988543 -3.448728
 H -3.387499 -4.967200 -2.634345
 H 4.996658 1.207986 4.846968
 H 4.195869 -0.089526 5.434986
 H -2.875263 -7.061105 6.507034
 H -1.305574 -6.796108 6.763278
 H 1.469897 -2.097414 3.392770
 H 2.085063 -3.400512 3.070594
 H 1.445298 -5.249395 2.371386
 H 1.127415 -5.415157 0.859381
 H -2.514565 -5.075674 5.648606
 H -2.087184 -4.610929 4.267417
 H -3.373123 -8.006022 -0.454581
 H -3.203205 -6.568836 -0.784053
 H -3.230298 -2.710650 -3.896186
 H -2.422496 -3.350873 -4.954080
 H 3.049681 -4.032522 -1.653040
 H 2.097703 -4.818379 -0.577731
 H -1.132209 3.171144 -3.062697
 H -0.706733 3.245475 -1.429707
 H -2.164120 -1.960851 0.336348
 H -0.963814 -1.973129 1.248219
 H 0.267857 -3.979376 3.304098
 H -1.069886 -4.076776 2.607929
 H 2.392744 -4.621654 -3.456444
 H 2.575555 -3.026415 -3.706512
 H 5.773159 4.784093 0.609708
 H 6.397848 3.564921 1.413118
 H 5.257854 -3.422446 4.445448
 H 4.834418 -3.543218 5.958147
 H -1.182305 -1.034569 -3.084783
 H -1.945034 -0.475789 -4.347803
 H -0.671140 2.489371 -5.132370
 H -1.976642 2.174835 -4.473080
 H 5.839257 1.353707 -0.743764
 H 4.414332 2.129414 -0.486471
 H 3.713117 1.147941 -2.766944
 H 3.911942 2.130392 -4.075400
 H -5.166477 4.349369 -7.475797
 H -4.788403 3.080248 -6.653780
 H 4.386415 -5.809101 1.532252
 H 4.068952 -4.838349 0.375844
 H 0.635345 -0.739620 -6.219371
 H 1.594421 0.466876 -6.144795
 H -3.147025 1.457318 -6.185532
 H -4.207672 1.067618 -5.128687
 H 0.157122 -0.133290 1.933938
 H 0.743253 -1.167421 1.074295
 H 6.622203 -2.447864 -4.374717
 H 5.382064 -2.643617 -3.346049
 H 4.379177 -0.491250 -0.607654
 H 3.690986 -1.894627 -0.422991
 H -1.315879 5.927702 2.777060
 H -1.376203 4.658024 3.661461
 H -3.773910 -0.586658 -2.732891
 H -5.251403 -0.953607 -2.520526
 H -0.823527 -5.462458 -0.215121
 H -0.547183 -3.972610 0.070985
 H 5.164285 3.921968 -8.683656
 H 6.307353 2.797505 -8.931576
 H 2.651466 5.086960 3.733358
 H 3.017512 6.308628 4.427849
 H -6.444816 5.581340 -3.278184
 H -5.981282 6.849574 -2.529403
 H -0.112173 1.219555 -2.545212
 H 1.226099 1.158907 -3.320761
 H -5.116128 -4.214497 -1.637486
 H -5.002284 -4.294960 -0.093330
 H -2.877400 6.763971 1.760941
 H -3.548962 6.794793 3.121843
 H -2.933242 3.343114 4.949653
 H -1.741595 3.194037 5.847610
 H -2.411136 0.504995 -0.183310
 H -3.835972 0.111457 -0.269029
 H -1.336090 -1.019122 3.635880
 H -0.925716 -1.500632 5.059309
 H 2.266068 1.649704 4.442745
 H 2.291060 2.891932 5.560985
 H -6.255697 0.773578 1.975176
 H -5.227869 1.610626 1.153856
 H 4.319286 5.579434 -1.374301
 H 3.829901 4.989052 -2.729753
 H 0.091918 -5.528124 -3.343627
 H 0.727108 -6.257066 -2.220413
 H -4.642332 4.621317 -4.902008
 H -4.758339 3.916102 -3.410843
 H 5.897814 1.233399 8.570207
 H 5.894184 1.875260 7.155473
 H -1.263034 1.632937 1.208170
 H -0.988857 2.357200 2.452091
 H 0.860196 -2.472793 -2.178404
 H 1.312014 -1.556912 -3.360862
 H -0.139266 -3.382116 -4.761149
 H -1.083424 -4.317150 -5.446237
 H 6.959545 -5.112633 4.733111
 H 5.946632 -6.071531 3.989417
 H 4.359292 -2.831158 1.534879
 H 3.143951 -3.354593 0.781403
 H 5.334675 -1.046400 2.646388
 H 5.695059 -0.393987 3.967178
 H 2.331374 4.011014 -4.091280
 H 0.832862 4.370578 -4.458407
 H 1.178094 -8.635122 -0.039574
 H -0.114801 -8.225187 0.874691
 H -3.830843 -2.678160 -6.936000
 H -5.156814 -2.026176 -7.498622
 H -4.044316 2.045087 -0.576984
 H -4.582228 2.065887 -2.003512
 H 5.185665 4.033706 -4.711042
 H 4.309959 4.868177 -5.688440
 H 2.269290 -1.064985 -0.884440
 H 1.159343 -0.216660 -1.049283
 H -4.532959 -3.529653 1.870492
 H -5.334766 -4.649281 2.380933
 H 2.839723 1.965923 1.672184
 H 1.395524 1.873189 2.414568
K_POINTS
 1
0.0 0.0 0.0 1.0