
&control
    calculation='scf'
    pseudo_dir = './',
    outdir='./outputs',
    disk_io='high'
/
&system
    ibrav= 1, celldm(1)=20.000000, nat=  192, ntyp= 2,
    ecutwfc = 30.0, nosym=.true., occupations='smearing',
    smearing='m-v', degauss=0.025
/
&electrons
    conv_thr =  1.0d-8,
    mixing_beta = 0.7
/
&ions
    pot_extrapolation='second-order'
    wfc_extrapolation='second-order'
    ion_temperature = 'andersen'
    tempw = 1000

/
ATOMIC_SPECIES
 H  1.01  H.blyp-hgh.UPF
 O  16.0  O.blyp-hgh.UPF
ATOMIC_POSITIONS bohr
 O -6.117924 -1.857889 0.040618
 O 3.623604 -1.476153 6.172653
 O -5.746847 7.539394 -5.362997
 O 2.812484 3.032127 -0.452361
 O -4.363996 0.795824 4.561459
 O 0.586715 5.570137 5.888741
 O -2.922093 -5.814243 -2.511387
 O 4.784369 0.274603 4.696003
 O -2.207265 -6.394207 6.791836
 O 1.700199 -2.962098 3.857781
 O 1.867084 -5.468503 1.529452
 O -2.655841 -4.324160 5.024310
 O -3.142418 -7.167548 0.016196
 O -3.318996 -3.439497 -4.563359
 O 2.869295 -4.198085 -0.679355
 O -1.158829 2.758608 -2.181680
 O -1.549092 -2.629149 0.716271
 O -0.442816 -4.623051 3.132852
 O 2.980142 -3.818319 -3.317056
 O 5.604949 4.127868 1.299291
 O 4.593392 -3.826466 5.043758
 O -2.081287 -0.852044 -3.447599
 O -1.470939 2.977738 -4.824878
 O 5.012942 1.388171 -0.218180
 O 3.448733 1.392540 -3.660175
 O -4.540034 4.022159 -6.756597
 O 4.627419 -5.610029 0.608540
 O 1.381972 -0.405252 -5.708412
 O -3.228663 1.142001 -5.256465
 O 0.106040 -1.116882 1.891532
 O 6.318211 -2.416229 -3.455651
 O 3.975227 -1.265687 -1.107721
 O -1.124621 4.961376 2.744538
 O -4.598973 -0.227649 -2.340296
 O -0.080239 -4.859561 -0.003465
 O 5.491489 3.022271 -8.454649
 O 3.083339 5.335186 4.578761
 O -6.782586 6.402499 -2.902875
 O 0.605594 0.580002 -2.833102
 O -4.814017 -4.818125 -0.931083
 O -2.977030 7.342072 2.557300
 O -1.954615 3.272474 4.868174
 O -3.157254 0.303545 0.419539
 O -1.507144 -0.884649 4.582682
 O 1.906691 2.044507 5.270740
 O -5.505035 1.421384 2.069511
 O 3.570860 5.114234 -1.806717
 O 0.960760 -5.918529 -3.106133
 O -5.051007 4.665819 -3.982572
 O 6.487321 1.621986 7.894113
 O -0.588504 1.631098 1.887263
 O 0.690787 -2.265147 -3.103694
 O -0.127403 -4.102688 -5.440116
 O 6.896151 -5.799600 4.023793
 O 3.378576 -2.836744 1.600538
 O 6.132248 -0.815817 3.162560
 O 1.505476 3.647054 -4.416472
 O 0.239952 -8.334576 -0.054196
 O -4.741149 -2.375262 -6.677854
 O -4.744937 2.453244 -1.123883
 O 4.260863 4.232030 -4.948679
 O 1.347031 -1.054339 -0.528281
 O -5.411872 -3.935408 1.716103
 O 2.233444 2.391529 2.311024
 H -6.830905 -2.049721 -0.596343
 H -6.145887 -2.695587 0.564211
 H 2.668127 -1.283181 6.361982
 H 3.577537 -2.239723 5.516753
 H -6.205061 7.424344 -4.507006
 H -5.015725 8.204540 -5.412351
 H 3.187361 3.832737 -0.970755
 H 2.053919 2.622114 -0.959208
 H -4.724442 -0.099284 4.686264
 H -4.450213 0.862288 3.575495
 H 0.992810 6.456328 6.047362
 H 1.323304 4.921547 5.933314
 H -2.604443 -5.994173 -3.445368
 H -3.386124 -4.965149 -2.634802
 H 4.993064 1.211373 4.850740
 H 4.193183 -0.095945 5.431058
 H -2.877034 -7.058958 6.505337
 H -1.306295 -6.795754 6.768443
 H 1.468396 -2.094682 3.392838
 H 2.089287 -3.400189 3.075658
 H 1.447625 -5.251927 2.371574
 H 1.127365 -5.418100 0.857987
 H -2.517140 -5.073980 5.649780
 H -2.083034 -4.615160 4.271018
 H -3.367737 -8.009147 -0.452353
 H -3.196767 -6.573082 -0.788202
 H -3.232333 -2.706793 -3.897626
 H -2.423324 -3.351756 -4.956949
 H 3.055451 -4.026187 -1.651256
 H 2.097533 -4.815265 -0.577327
 H -1.131521 3.166378 -3.063065
 H -0.705481 3.239935 -1.430070
 H -2.166169 -1.961117 0.336034
 H -0.966840 -1.970980 1.249401
 H 0.270596 -3.981601 3.300996
 H -1.066534 -4.076019 2.603229
 H 2.390569 -4.624348 -3.464220
 H 2.568607 -3.029981 -3.708384
 H 5.775208 4.783092 0.609643
 H 6.403174 3.569990 1.413932
 H 5.257242 -3.424929 4.446805
 H 4.841912 -3.536784 5.957758
 H -1.181277 -1.033675 -3.086896
 H -1.942514 -0.472346 -4.346029
 H -0.673559 2.485735 -5.131631
 H -1.975398 2.173532 -4.473961
 H 5.838340 1.354576 -0.748578
 H 4.412380 2.130549 -0.487850
 H 3.711793 1.143783 -2.768049
 H 3.916121 2.125745 -4.077537
 H -5.165859 4.357927 -7.475440
 H -4.790353 3.081187 -6.655501
 H 4.386902 -5.812689 1.532748
 H 4.074362 -4.835315 0.380444
 H 0.635652 -0.742955 -6.216464
 H 1.589466 0.470153 -6.142133
 H -3.146152 1.464925 -6.182962
 H -4.210149 1.067364 -5.131760
 H 0.154251 -0.133603 1.931504
 H 0.741526 -1.165516 1.074775
 H 6.623131 -2.453133 -4.376114
 H 5.382820 -2.638359 -3.349491
 H 4.376652 -0.494780 -0.606599
 H 3.684876 -1.898102 -0.422348
 H -1.313605 5.925351 2.778302
 H -1.376151 4.664142 3.659743
 H -3.773393 -0.589006 -2.731290
 H -5.251472 -0.952184 -2.516653
 H -0.825122 -5.464544 -0.218199
 H -0.544941 -3.972269 0.072557
 H 5.155800 3.921735 -8.674296
 H 6.306820 2.800882 -8.934316
 H 2.650808 5.079987 3.731624
 H 3.018299 6.307411 4.413178
 H -6.446671 5.587847 -3.284595
 H -5.983231 6.851173 -2.531823
 H -0.114392 1.219520 -2.548286
 H 1.226207 1.159708 -3.323497
 H -5.123469 -4.218754 -1.640894
 H -5.000561 -4.299336 -0.093601
 H -2.876935 6.761201 1.763018
 H -3.549971 6.797829 3.120484
 H -2.929284 3.348290 4.952118
 H -1.736611 3.198318 5.847954
 H -2.413360 0.503810 -0.184928
 H -3.835056 0.114824 -0.272136
 H -1.335602 -1.015452 3.634893
 H -0.920303 -1.499887 5.055758
 H 2.267955 1.650895 4.440663
 H 2.291268 2.894715 5.554082
 H -6.250971 0.763671 1.970912
 H -5.221235 1.606703 1.158755
 H 4.327529 5.576587 -1.376991
 H 3.826247 4.990982 -2.733214
 H 0.094161 -5.521821 -3.338626
 H 0.727394 -6.253629 -2.218084
 H -4.652541 4.624971 -4.902688
 H -4.758512 3.915195 -3.409719
 H 5.905401 1.238432 8.574977
 H 5.893235 1.872285 7.160300
 H -1.264554 1.634066 1.206538
 H -0.988215 2.355170 2.452650
 H 0.859635 -2.474293 -2.178508
 H 1.314337 -1.557926 -3.359946
 H -0.140289 -3.385209 -4.757256
 H -1.081717 -4.323881 -5.439829
 H 6.960156 -5.112285 4.733453
 H 5.949590 -6.079049 3.989543
 H 4.358967 -2.825345 1.537891
 H 3.139601 -3.354207 0.780358
 H 5.338181 -1.048102 2.644120
 H 5.696852 -0.395985 3.969874
 H 2.329366 4.010833 -4.088812
 H 0.832000 4.369355 -4.461205
 H 1.176992 -8.638749 -0.042248
 H -0.115780 -8.221797 0.871176
 H -3.831265 -2.677992 -6.938434
 H -5.162199 -2.034484 -7.499824
 H -4.041492 2.051202 -0.580323
 H -4.579088 2.070112 -2.005977
 H 5.188172 4.038786 -4.709334
 H 4.315399 4.870776 -5.684570
 H 2.268089 -1.063095 -0.885886
 H 1.162441 -0.214660 -1.042949
 H -4.533759 -3.527131 1.871938
 H -5.336627 -4.648363 2.379303
 H 2.835438 1.961378 1.671877
 H 1.392824 1.882929 2.421266
K_POINTS
 1
0.0 0.0 0.0 1.0