
&control
    calculation='scf'
    pseudo_dir = './',
    outdir='./outputs',
    disk_io='high'
/
&system
    ibrav= 1, celldm(1)=20.000000, nat=  192, ntyp= 2,
    ecutwfc = 30.0, nosym=.true., occupations='smearing',
    smearing='m-v', degauss=0.025
/
&electrons
    conv_thr =  1.0d-8,
    mixing_beta = 0.7
/
&ions
    pot_extrapolation='second-order'
    wfc_extrapolation='second-order'
    ion_temperature = 'andersen'
    tempw = 1000

/
ATOMIC_SPECIES
 H  1.01  H.blyp-hgh.UPF
 O  16.0  O.blyp-hgh.UPF
ATOMIC_POSITIONS bohr
 O -6.118257 -1.857920 0.039951
 O 3.622316 -1.478004 6.175279
 O -5.748389 7.540920 -5.364072
 O 2.817111 3.028996 -0.452623
 O -4.362404 0.794591 4.562437
 O 0.587818 5.570062 5.886862
 O -2.925438 -5.814228 -2.513135
 O 4.784920 0.276381 4.696810
 O -2.207021 -6.393121 6.793792
 O 1.698515 -2.961899 3.859252
 O 1.866590 -5.468568 1.528315
 O -2.656613 -4.322583 5.024387
 O -3.140937 -7.168199 0.015838
 O -3.318231 -3.437008 -4.562365
 O 2.870614 -4.196338 -0.678477
 O -1.157483 2.757149 -2.182725
 O -1.549619 -2.627800 0.714747
 O -0.443615 -4.620177 3.132448
 O 2.974764 -3.818398 -3.314194
 O 5.604869 4.128069 1.297452
 O 4.591760 -3.826020 5.046316
 O -2.081560 -0.852398 -3.446592
 O -1.470746 2.975876 -4.825742
 O 5.011974 1.389129 -0.222899
 O 3.447036 1.391942 -3.659237
 O -4.538970 4.021825 -6.759147
 O 4.626562 -5.612491 0.608522
 O 1.382676 -0.403819 -5.707684
 O -3.231637 1.143592 -5.257214
 O 0.105052 -1.118024 1.893207
 O 6.319348 -2.416240 -3.456110
 O 3.975481 -1.268610 -1.106941
 O -1.126918 4.960704 2.744579
 O -4.597014 -0.227617 -2.338504
 O -0.082434 -4.862306 -0.001433
 O 5.491393 3.023638 -8.457246
 O 3.079701 5.336198 4.575925
 O -6.785166 6.404637 -2.901679
 O 0.606893 0.581527 -2.834976
 O -4.814741 -4.819722 -0.932988
 O -2.977461 7.344120 2.556673
 O -1.951386 3.272771 4.870102
 O -3.158322 0.304741 0.420446
 O -1.506200 -0.884789 4.581675
 O 1.910514 2.043611 5.271480
 O -5.506317 1.418063 2.071729
 O 3.573425 5.117336 -1.808414
 O 0.959276 -5.919875 -3.105645
 O -5.053099 4.663488 -3.982687
 O 6.490445 1.622250 7.895344
 O -0.588577 1.630831 1.886984
 O 0.692100 -2.265170 -3.103571
 O -0.127180 -4.102968 -5.439969
 O 6.896218 -5.799344 4.023211
 O 3.378897 -2.836262 1.600088
 O 6.134398 -0.815498 3.162386
 O 1.504648 3.645637 -4.415427
 O 0.240426 -8.333756 -0.056278
 O -4.741659 -2.377919 -6.678327
 O -4.746328 2.455628 -1.125393
 O 4.261555 4.231445 -4.948437
 O 1.345883 -1.056018 -0.527237
 O -5.412230 -3.933306 1.715609
 O 2.237590 2.390691 2.314018
 H -6.833606 -2.051771 -0.593376
 H -6.147693 -2.692777 0.570141
 H 2.667119 -1.285452 6.368826
 H 3.577970 -2.237453 5.514370
 H -6.200992 7.429530 -4.502468
 H -5.014228 8.203299 -5.407744
 H 3.194125 3.826450 -0.975189
 H 2.053333 2.616130 -0.948043
 H -4.721435 -0.099209 4.684368
 H -4.443181 0.858663 3.577331
 H 0.993707 6.455728 6.048515
 H 1.319581 4.917359 5.926705
 H -2.595901 -5.999833 -3.441780
 H -3.384731 -4.963121 -2.635200
 H 4.989443 1.214875 4.854448
 H 4.190648 -0.102482 5.427030
 H -2.878619 -7.056775 6.503656
 H -1.307075 -6.795444 6.773472
 H 1.466916 -2.092201 3.393114
 H 2.093748 -3.399888 3.080699
 H 1.449762 -5.254513 2.371762
 H 1.127276 -5.421030 0.856851
 H -2.519761 -5.072291 5.651010
 H -2.078887 -4.619236 4.274665
 H -3.362313 -8.012205 -0.449947
 H -3.190330 -6.577336 -0.792184
 H -3.234448 -2.703012 -3.899157
 H -2.424301 -3.352680 -4.959901
 H 3.061110 -4.019892 -1.649464
 H 2.097571 -4.811959 -0.577018
 H -1.130741 3.161810 -3.063463
 H -0.704250 3.234500 -1.430613
 H -2.168250 -1.961558 0.335703
 H -0.969952 -1.969030 1.250490
 H 0.273468 -3.983706 3.298110
 H -1.063177 -4.075389 2.598517
 H 2.388461 -4.626746 -3.471984
 H 2.561545 -3.033661 -3.710271
 H 5.777353 4.782186 0.609532
 H 6.408407 3.575137 1.414649
 H 5.256606 -3.427403 4.448230
 H 4.849491 -3.530484 5.957200
 H -1.180272 -1.032787 -3.089082
 H -1.940074 -0.468886 -4.344142
 H -0.675902 2.482254 -5.130864
 H -1.974309 2.172455 -4.475040
 H 5.837358 1.355625 -0.753367
 H 4.410480 2.131658 -0.489188
 H 3.710645 1.139759 -2.769051
 H 3.920362 2.121223 -4.079535
 H -5.165024 4.366413 -7.474811
 H -4.792336 3.082125 -6.657252
 H 4.387354 -5.816302 1.533145
 H 4.079711 -4.832429 0.384942
 H 0.635837 -0.746308 -6.213629
 H 1.584502 0.473448 -6.139422
 H -3.145268 1.472364 -6.180391
 H -4.212515 1.067085 -5.134758
 H 0.151130 -0.133849 1.929255
 H 0.739642 -1.163772 1.075425
 H 6.623929 -2.458433 -4.377625
 H 5.383491 -2.633136 -3.353094
 H 4.374058 -0.498344 -0.605600
 H 3.678796 -1.901595 -0.421600
 H -1.311213 5.922944 2.779516
 H -1.376023 4.670193 3.657900
 H -3.772797 -0.591271 -2.729711
 H -5.251524 -0.950722 -2.512766
 H -0.826624 -5.466646 -0.221252
 H -0.542645 -3.971980 0.074181
 H 5.147401 3.921307 -8.665052
 H 6.306258 2.804269 -8.937248
 H 2.650159 5.072802 3.729938
 H 3.019189 6.306150 4.398712
 H -6.448259 5.594182 -3.291140
 H -5.985317 6.852565 -2.534201
 H -0.116535 1.219481 -2.551393
 H 1.226359 1.160485 -3.326255
 H -5.130786 -4.222919 -1.644218
 H -4.998855 -4.303925 -0.093979
 H -2.876511 6.758493 1.765115
 H -3.551066 6.800853 3.119225
 H -2.925337 3.353538 4.954457
 H -1.731590 3.202635 5.848069
 H -2.415525 0.502608 -0.186509
 H -3.834246 0.118045 -0.275212
 H -1.335063 -1.011817 3.633901
 H -0.914929 -1.499244 5.052098
 H 2.269941 1.652435 4.438641
 H 2.291576 2.897391 5.547027
 H -6.246011 0.753881 1.966743
 H -5.214603 1.602753 1.163650
 H 4.335711 5.573806 -1.379748
 H 3.822656 4.992968 -2.736740
 H 0.096493 -5.515462 -3.333754
 H 0.727822 -6.250248 -2.215694
 H -4.662881 4.628507 -4.903101
 H -4.758653 3.914430 -3.408834
 H 5.912995 1.243374 8.579712
 H 5.892287 1.869250 7.165142
 H -1.266173 1.635102 1.204679
 H -0.987360 2.352958 2.453233
 H 0.859132 -2.475761 -2.178423
 H 1.316535 -1.558852 -3.358960
 H -0.141104 -3.388365 -4.753384
 H -1.079941 -4.330761 -5.433594
 H 6.960693 -5.112088 4.733792
 H 5.952697 -6.086443 3.989719
 H 4.358585 -2.819538 1.541018
 H 3.135131 -3.353831 0.779387
 H 5.341757 -1.049879 2.641845
 H 5.698602 -0.397972 3.972551
 H 2.327486 4.010805 -4.086314
 H 0.831360 4.368097 -4.463930
 H 1.175874 -8.642290 -0.044686
 H -0.116594 -8.218424 0.867488
 H -3.831834 -2.677819 -6.940874
 H -5.167522 -2.042865 -7.501002
 H -4.038612 2.057305 -0.583655
 H -4.575942 2.074237 -2.008441
 H 5.190772 4.043946 -4.707637
 H 4.320820 4.873365 -5.680720
 H 2.267068 -1.061399 -0.887198
 H 1.165246 -0.212774 -1.036551
 H -4.534569 -3.524548 1.873354
 H -5.338641 -4.647613 2.377698
 H 2.831029 1.956841 1.671586
 H 1.390300 1.892747 2.427765
K_POINTS
 1
0.0 0.0 0.0 1.0