
&control
    calculation='scf'
    pseudo_dir = './',
    outdir='./outputs',
    disk_io='high'
/
&system
    ibrav= 1, celldm(1)=20.000000, nat=  192, ntyp= 2,
    ecutwfc = 30.0, nosym=.true., occupations='smearing',
    smearing='m-v', degauss=0.025
/
&electrons
    conv_thr =  1.0d-8,
    mixing_beta = 0.7
/
&ions
    pot_extrapolation='second-order'
    wfc_extrapolation='second-order'
    ion_temperature = 'andersen'
    tempw = 1000

/
ATOMIC_SPECIES
 H  1.01  H.blyp-hgh.UPF
 O  16.0  O.blyp-hgh.UPF
ATOMIC_POSITIONS bohr
 O -6.121050 -1.859237 0.035221
 O 3.612153 -1.494143 6.195618
 O -5.760800 7.553040 -5.373692
 O 2.853523 3.003320 -0.455207
 O -4.349530 0.785277 4.569814
 O 0.596156 5.569797 5.872414
 O -2.951032 -5.814443 -2.528569
 O 4.787504 0.292010 4.705364
 O -2.205644 -6.384533 6.809905
 O 1.684090 -2.958532 3.869935
 O 1.863873 -5.469625 1.519229
 O -2.662335 -4.310472 5.025176
 O -3.129220 -7.173472 0.011436
 O -3.311276 -3.416480 -4.553379
 O 2.880698 -4.181833 -0.671661
 O -1.147051 2.743721 -2.189239
 O -1.553892 -2.615977 0.702779
 O -0.450639 -4.597038 3.128956
 O 2.932321 -3.820596 -3.291586
 O 5.604433 4.128983 1.283591
 O 4.578855 -3.822097 5.067177
 O -2.083312 -0.855413 -3.438970
 O -1.468441 2.959816 -4.832111
 O 5.004095 1.395377 -0.260948
 O 3.432255 1.386320 -3.652903
 O -4.531318 4.019748 -6.780396
 O 4.620807 -5.632704 0.609077
 O 1.387848 -0.391833 -5.701802
 O -3.255752 1.156326 -5.263215
 O 0.099747 -1.126013 1.905367
 O 6.329585 -2.416006 -3.458825
 O 3.977128 -1.291758 -1.100768
 O -1.145478 4.955047 2.744857
 O -4.581610 -0.227580 -2.323958
 O -0.101340 -4.883965 0.013554
 O 5.489978 3.034757 -8.476111
 O 3.050659 5.345175 4.551838
 O -6.806098 6.423550 -2.891711
 O 0.616697 0.594506 -2.849234
 O -4.820839 -4.831452 -0.948445
 O -2.980911 7.359624 2.550081
 O -1.925519 3.274997 4.886306
 O -3.166686 0.314636 0.426340
 O -1.498594 -0.885710 4.574395
 O 1.940392 2.035039 5.277809
 O -5.516724 1.391866 2.089107
 O 3.593732 5.141708 -1.821156
 O 0.946653 -5.930658 -3.101512
 O -5.070207 4.644516 -3.983370
 O 6.515654 1.624861 7.904875
 O -0.589914 1.629787 1.885552
 O 0.701948 -2.265571 -3.104026
 O -0.126168 -4.104289 -5.437645
 O 6.896637 -5.797302 4.018484
 O 3.381886 -2.832069 1.595784
 O 6.152252 -0.814846 3.159776
 O 1.496375 3.633788 -4.407675
 O 0.243242 -8.327065 -0.073215
 O -4.745903 -2.398784 -6.682757
 O -4.757366 2.474992 -1.137715
 O 4.267511 4.226453 -4.946126
 O 1.336855 -1.067822 -0.519884
 O -5.414439 -3.915777 1.711705
 O 2.270267 2.383855 2.339218
 H -6.854409 -2.064171 -0.574687
 H -6.156192 -2.666088 0.619601
 H 2.659515 -1.300682 6.424641
 H 3.582337 -2.212680 5.500217
 H -6.163747 7.472818 -4.466611
 H -5.007109 8.190243 -5.364361
 H 3.240947 3.774458 -1.012206
 H 2.060499 2.572884 -0.859615
 H -4.696419 -0.102068 4.674499
 H -4.387687 0.833623 3.592098
 H 0.998800 6.445598 6.057323
 H 1.289504 4.888568 5.873051
 H -2.532815 -6.044553 -3.405415
 H -3.372921 -4.947255 -2.637624
 H 4.959007 1.244731 4.881641
 H 4.176322 -0.157404 5.391437
 H -2.883358 -7.037130 6.491615
 H -1.314724 -6.795103 6.808459
 H 1.456377 -2.083586 3.403321
 H 2.137697 -3.397692 3.119971
 H 1.459558 -5.276949 2.373419
 H 1.124528 -5.443914 0.856901
 H -2.542689 -5.058162 5.662909
 H -2.047092 -4.644811 4.306275
 H -3.317896 -8.034484 -0.424663
 H -3.139182 -6.611572 -0.817897
 H -3.253129 -2.674459 -3.914127
 H -2.437093 -3.360741 -4.986185
 H 3.100969 -3.972122 -1.634354
 H 2.105085 -4.779153 -0.578449
 H -1.120853 3.133756 -3.069741
 H -0.694111 3.196370 -1.440421
 H -2.186720 -1.970631 0.331971
 H -0.997606 -1.960582 1.255804
 H 0.301340 -3.995452 3.282766
 H -1.037464 -4.073459 2.559528
 H 2.375371 -4.634636 -3.531896
 H 2.501462 -3.066282 -3.725908
 H 5.797874 4.780242 0.605322
 H 6.444654 3.619820 1.417003
 H 5.250248 -3.447333 4.460872
 H 4.911437 -3.486006 5.946334
 H -1.172769 -1.026328 -3.108177
 H -1.924412 -0.441139 -4.324253
 H -0.689457 2.459032 -5.124794
 H -1.972679 2.170867 -4.489987
 H 5.827174 1.370610 -0.790609
 H 4.397076 2.139802 -0.498681
 H 3.708331 1.112064 -2.772686
 H 3.955495 2.087625 -4.089465
 H -5.150276 4.430325 -7.459975
 H -4.809958 3.089478 -6.672936
 H 4.389764 -5.846017 1.532475
 H 4.120200 -4.814535 0.417345
 H 0.634571 -0.772819 -6.192544
 H 1.544879 0.500289 -6.116545
 H -3.138069 1.525975 -6.160841
 H -4.228486 1.063976 -5.156121
 H 0.117073 -0.134094 1.918459
 H 0.719472 -1.156468 1.086485
 H 6.625548 -2.501434 -4.391926
 H 5.384431 -2.592773 -3.387019
 H 4.351784 -0.526651 -0.598641
 H 3.632552 -1.927964 -0.414033
 H -1.288274 5.906002 2.787279
 H -1.373518 4.713280 3.644231
 H -3.765212 -0.606456 -2.717993
 H -5.251181 -0.937760 -2.481267
 H -0.835614 -5.483223 -0.244520
 H -0.522895 -3.972799 0.088781
 H 5.083838 3.912641 -8.596500
 H 6.300892 2.832482 -8.968242
 H 2.645249 5.007997 3.718328
 H 3.029710 6.295191 4.290510
 H -6.451959 5.639124 -3.347788
 H -6.005157 6.857327 -2.550716
 H -0.129614 1.218520 -2.577769
 H 1.229629 1.166668 -3.349431
 H -5.187719 -4.253792 -1.665287
 H -4.986425 -4.346783 -0.100394
 H -2.874450 6.739848 1.782798
 H -3.563197 6.824648 3.113460
 H -2.894535 3.397922 4.968847
 H -1.689930 3.238053 5.842936
 H -2.430033 0.492458 -0.197120
 H -3.831490 0.138718 -0.297265
 H -1.328821 -0.984093 3.625033
 H -0.874176 -1.496884 5.018306
 H 2.288802 1.676727 4.425001
 H 2.297488 2.915555 5.485953
 H -6.198158 0.680195 1.937454
 H -5.161505 1.570387 1.202381
 H 4.397628 5.553357 -1.405381
 H 3.796407 5.011151 -2.766314
 H 0.116843 -5.462127 -3.299861
 H 0.736359 -6.225513 -2.194191
 H -4.747321 4.651428 -4.900522
 H -4.758392 3.912959 -3.410869
 H 5.972680 1.278456 8.618733
 H 5.884023 1.843260 7.203012
 H -1.279892 1.640245 1.184804
 H -0.974034 2.330261 2.459821
 H 0.857198 -2.486138 -2.171631
 H 1.329966 -1.562610 -3.348531
 H -0.140154 -3.415943 -4.723754
 H -1.063197 -4.391008 -5.389899
 H 6.961788 -5.116501 4.735895
 H 5.981564 -6.140878 3.993181
 H 4.354223 -2.774060 1.568827
 H 3.097289 -3.350517 0.775352
 H 5.373113 -1.066327 2.624235
 H 5.711064 -0.413188 3.991632
 H 2.316257 4.015508 -4.065612
 H 0.833932 4.356935 -4.483092
 H 1.166422 -8.666899 -0.055468
 H -0.117381 -8.192246 0.833172
 H -3.840900 -2.676620 -6.960746
 H -5.207236 -2.112285 -7.508809
 H -4.014592 2.106171 -0.610166
 H -4.551133 2.104380 -2.026988
 H 5.213268 4.087441 -4.693887
 H 4.362407 4.894213 -5.651164
 H 2.264506 -1.055569 -0.892445
 H 1.176298 -0.201170 -0.983505
 H -4.541465 -3.502056 1.883587
 H -5.360041 -4.646956 2.365353
 H 2.792453 1.919977 1.668510
 H 1.377286 1.973799 2.472160
K_POINTS
 1
0.0 0.0 0.0 1.0