
&control
    calculation='scf'
    pseudo_dir = './',
    outdir='./outputs',
    disk_io='high'
/
&system
    ibrav= 1, celldm(1)=20.000000, nat=  192, ntyp= 2,
    ecutwfc = 30.0, nosym=.true., occupations='smearing',
    smearing='m-v', degauss=0.025
/
&electrons
    conv_thr =  1.0d-8,
    mixing_beta = 0.7
/
&ions
    pot_extrapolation='second-order'
    wfc_extrapolation='second-order'
    ion_temperature = 'andersen'
    tempw = 1000

/
ATOMIC_SPECIES
 H  1.01  H.blyp-hgh.UPF
 O  16.0  O.blyp-hgh.UPF
ATOMIC_POSITIONS bohr
 O -6.121782 -1.859882 0.034245
 O 3.609664 -1.498480 6.200536
 O -5.763960 7.556061 -5.376198
 O 2.862522 2.996770 -0.455923
 O -4.346232 0.783175 4.571578
 O 0.597995 5.569816 5.868956
 O -2.957076 -5.814671 -2.532732
 O 4.787672 0.296283 4.708065
 O -2.205512 -6.382423 6.814054
 O 1.680245 -2.957204 3.872293
 O 1.863575 -5.470039 1.516991
 O -2.663580 -4.307661 5.025395
 O -3.126302 -7.174793 0.009934
 O -3.309380 -3.411270 -4.550893
 O 2.883168 -4.177988 -0.670013
 O -1.144597 2.739801 -2.190375
 O -1.554960 -2.612797 0.699864
 O -0.452509 -4.591282 3.128068
 O 2.921837 -3.821600 -3.286089
 O 5.604461 4.128968 1.280370
 O 4.575747 -3.820968 5.072537
 O -2.083607 -0.856186 -3.437231
 O -1.467679 2.955577 -4.833539
 O 5.002095 1.396520 -0.270535
 O 3.428263 1.384770 -3.651679
 O -4.529602 4.019435 -6.785895
 O 4.619677 -5.637892 0.609401
 O 1.388932 -0.388744 -5.700338
 O -3.261792 1.159506 -5.264675
 O 0.099105 -1.127632 1.908088
 O 6.332477 -2.415879 -3.459343
 O 3.977340 -1.297618 -1.099207
 O -1.150104 4.953515 2.744724
 O -4.577826 -0.227619 -2.320252
 O -0.106402 -4.889274 0.016956
 O 5.489433 3.037487 -8.480235
 O 3.043443 5.347615 4.545405
 O -6.811422 6.428635 -2.889215
 O 0.618942 0.597949 -2.852580
 O -4.822450 -4.834126 -0.952486
 O -2.981782 7.363220 2.547995
 O -1.919065 3.275531 4.890448
 O -3.168756 0.317189 0.427354
 O -1.496648 -0.885920 4.572823
 O 1.947689 2.032537 5.279469
 O -5.519333 1.385436 2.093324
 O 3.598772 5.147633 -1.824115
 O 0.943326 -5.933370 -3.100403
 O -5.074720 4.639779 -3.983325
 O 6.522063 1.625667 7.907146
 O -0.590514 1.629739 1.885227
 O 0.704211 -2.265758 -3.104479
 O -0.126132 -4.104378 -5.436735
 O 6.896791 -5.796782 4.017280
 O 3.382635 -2.830930 1.594534
 O 6.156861 -0.815215 3.158856
 O 1.493940 3.630698 -4.405875
 O 0.243707 -8.325372 -0.077606
 O -4.747071 -2.403868 -6.684056
 O -4.760031 2.479857 -1.140903
 O 4.269227 4.225136 -4.945449
 O 1.334721 -1.070326 -0.518328
 O -5.414820 -3.911238 1.710767
 O 2.278246 2.382153 2.345920
 H -6.859355 -2.066229 -0.571342
 H -6.156638 -2.658034 0.632139
 H 2.658003 -1.303699 6.438580
 H 3.583416 -2.205065 5.498024
 H -6.153172 7.483883 -4.458739
 H -5.006313 8.186222 -5.352215
 H 3.250268 3.761079 -1.021829
 H 2.065266 2.563228 -0.838360
 H -4.690224 -0.104523 4.673719
 H -4.374125 0.828643 3.595266
 H 0.999854 6.441732 6.059420
 H 1.282415 4.882590 5.859510
 H -2.518809 -6.055111 -3.394482
 H -3.369752 -4.943259 -2.638413
 H 4.950844 1.252011 4.887724
 H 4.174494 -0.171332 5.381767
 H -2.882167 -7.031497 6.489174
 H -1.316810 -6.795735 6.815683
 H 1.454169 -2.084793 3.408011
 H 2.150777 -3.396899 3.129612
 H 1.459942 -5.283021 2.373836
 H 1.123035 -5.449456 0.859246
 H -2.549053 -5.054217 5.666435
 H -2.039851 -4.648859 4.315004
 H -3.306627 -8.039633 -0.416839
 H -3.126617 -6.620079 -0.822703
 H -3.257935 -2.667380 -3.918380
 H -2.441444 -3.362705 -4.993430
 H 3.109054 -3.961219 -1.630222
 H 2.108582 -4.769588 -0.579986
 H -1.117292 3.129323 -3.072467
 H -0.691167 3.188755 -1.443998
 H -2.192099 -1.974140 0.330551
 H -1.005101 -1.960328 1.256254
 H 0.309419 -3.996962 3.280984
 H -1.031714 -4.073392 2.549148
 H 2.373437 -4.633536 -3.545758
 H 2.485654 -3.075068 -3.729883
 H 5.803815 4.781555 0.603106
 H 6.451664 3.632021 1.416711
 H 5.248216 -3.452487 4.463968
 H 4.926780 -3.476826 5.941902
 H -1.170938 -1.025034 -3.113084
 H -1.921841 -0.434290 -4.317880
 H -0.690718 2.454198 -5.123578
 H -1.974702 2.171947 -4.495174
 H 5.824079 1.376201 -0.799630
 H 4.394178 2.141701 -0.500776
 H 3.709725 1.106317 -2.772417
 H 3.964214 2.079332 -4.089967
 H -5.144499 4.444920 -7.453811
 H -4.814990 3.091279 -6.677504
 H 4.390018 -5.853684 1.531295
 H 4.129696 -4.811525 0.424500
 H 0.634086 -0.778991 -6.187366
 H 1.535102 0.507047 -6.110644
 H -3.136323 1.537801 -6.156512
 H -4.232060 1.062965 -5.160779
 H 0.106071 -0.133946 1.917878
 H 0.713294 -1.156675 1.090670
 H 6.624647 -2.512160 -4.395480
 H 5.383282 -2.583075 -3.396702
 H 4.346097 -0.533200 -0.596859
 H 3.622067 -1.933499 -0.412332
 H -1.281588 5.903630 2.788432
 H -1.372867 4.721767 3.642836
 H -3.762599 -0.609434 -2.715314
 H -5.250860 -0.934241 -2.473310
 H -0.837202 -5.487111 -0.249969
 H -0.517796 -3.974176 0.092779
 H 5.069078 3.909528 -8.581169
 H 6.299210 2.840079 -8.978140
 H 2.644136 4.989984 3.716075
 H 3.033166 6.292315 4.265518
 H -6.450793 5.649340 -3.362714
 H -6.010285 6.857208 -2.553751
 H -0.131459 1.218023 -2.584830
 H 1.231094 1.168395 -3.355577
 H -5.201300 -4.261022 -1.668366
 H -4.983869 -4.358667 -0.102631
 H -2.874240 6.736189 1.787426
 H -3.567118 6.830621 3.113274
 H -2.887112 3.409606 4.971330
 H -1.679019 3.247019 5.840813
 H -2.432718 0.489802 -0.199021
 H -3.831777 0.142523 -0.301628
 H -1.326738 -0.977523 3.622417
 H -0.864858 -1.496835 5.008495
 H 2.294191 1.685782 4.422275
 H 2.299823 2.919326 5.469685
 H -6.184142 0.663068 1.931426
 H -5.148205 1.562139 1.211954
 H 4.411745 5.548610 -1.413097
 H 3.790576 5.016426 -2.773669
 H 0.122070 -5.448043 -3.292842
 H 0.739885 -6.220012 -2.188197
 H -4.768011 4.655409 -4.899568
 H -4.757790 3.913506 -3.413836
 H 5.987030 1.285728 8.629397
 H 5.881579 1.836407 7.211873
 H -1.282636 1.640756 1.179496
 H -0.969383 2.323831 2.462434
 H 0.857240 -2.488209 -2.168728
 H 1.332283 -1.562378 -3.345222
 H -0.137910 -3.423420 -4.716812
 H -1.058249 -4.407415 -5.380647
 H 6.961053 -5.119305 4.736217
 H 5.989372 -6.153209 3.994656
 H 4.353014 -2.763178 1.576145
 H 3.087918 -3.349451 0.775639
 H 5.381720 -1.070944 2.620172
 H 5.713777 -0.416713 3.995241
 H 2.314037 4.017732 -4.060447
 H 0.836435 4.354044 -4.487170
 H 1.163925 -8.671836 -0.055736
 H -0.116187 -8.185927 0.823896
 H -3.844078 -2.676511 -6.965868
 H -5.216216 -2.130198 -7.510154
 H -4.008697 2.118552 -0.616808
 H -4.545233 2.111334 -2.030954
 H 5.218817 4.098694 -4.690256
 H 4.371968 4.899546 -5.644221
 H 2.264995 -1.056398 -0.892170
 H 1.175734 -0.199039 -0.969887
 H -4.543318 -3.496051 1.885877
 H -5.366769 -4.647905 2.362171
 H 2.782166 1.910426 1.667240
 H 1.376163 1.994627 2.481056
K_POINTS
 1
0.0 0.0 0.0 1.0