
&control
    calculation='scf'
    pseudo_dir = './',
    outdir='./outputs',
    disk_io='high'
/
&system
    ibrav= 1, celldm(1)=20.000000, nat=  192, ntyp= 2,
    ecutwfc = 30.0, nosym=.true., occupations='smearing',
    smearing='m-v', degauss=0.025
/
&electrons
    conv_thr =  1.0d-8,
    mixing_beta = 0.7
/
&ions
    pot_extrapolation='second-order'
    wfc_extrapolation='second-order'
    ion_temperature = 'andersen'
    tempw = 1000

/
ATOMIC_SPECIES
 H  1.01  H.blyp-hgh.UPF
 O  16.0  O.blyp-hgh.UPF
ATOMIC_POSITIONS bohr
 O -6.122154 -1.860252 0.033791
 O 3.608429 -1.500680 6.202977
 O -5.765553 7.557571 -5.377439
 O 2.867019 2.993483 -0.456281
 O -4.344568 0.782164 4.572454
 O 0.598861 5.569835 5.867249
 O -2.960043 -5.814821 -2.534842
 O 4.787689 0.298469 4.709494
 O -2.205479 -6.381371 6.816147
 O 1.678294 -2.956479 3.873425
 O 1.863487 -5.470268 1.515885
 O -2.664168 -4.306298 5.025506
 O -3.124841 -7.175451 0.009131
 O -3.308421 -3.408668 -4.549621
 O 2.884411 -4.176018 -0.669198
 O -1.143402 2.737749 -2.190880
 O -1.555492 -2.611186 0.698417
 O -0.453447 -4.588414 3.127631
 O 2.916608 -3.822167 -3.283375
 O 5.604506 4.128925 1.278793
 O 4.574220 -3.820375 5.075241
 O -2.083730 -0.856572 -3.436389
 O -1.467271 2.953440 -4.834228
 O 5.001091 1.397024 -0.275338
 O 3.426230 1.383985 -3.651120
 O -4.528763 4.019312 -6.788660
 O 4.619158 -5.640504 0.609587
 O 1.389430 -0.387193 -5.699610
 O -3.264801 1.161094 -5.265394
 O 0.098876 -1.128376 1.909409
 O 6.333967 -2.415811 -3.459593
 O 3.977403 -1.300578 -1.098420
 O -1.152406 4.952728 2.744602
 O -4.575942 -0.227643 -2.318387
 O -0.108974 -4.891911 0.018608
 O 5.489134 3.038831 -8.482202
 O 3.039844 5.348857 4.542124
 O -6.814097 6.431203 -2.887987
 O 0.620032 0.599697 -2.854220
 O -4.823268 -4.835432 -0.954550
 O -2.982223 7.364970 2.546890
 O -1.915845 3.275798 4.892511
 O -3.169792 0.318475 0.427781
 O -1.495664 -0.886027 4.572076
 O 1.951317 2.031240 5.280307
 O -5.520631 1.382243 2.095408
 O 3.601288 5.150564 -1.825565
 O 0.941638 -5.934729 -3.099836
 O -5.077032 4.637427 -3.983252
 O 6.525285 1.626094 7.908262
 O -0.590858 1.629731 1.885040
 O 0.705312 -2.265870 -3.104743
 O -0.126146 -4.104391 -5.436231
 O 6.896888 -5.796521 4.016672
 O 3.382994 -2.830347 1.593888
 O 6.159182 -0.815479 3.158367
 O 1.492688 3.629137 -4.404990
 O 0.243910 -8.324525 -0.079839
 O -4.747680 -2.406388 -6.684734
 O -4.761338 2.482285 -1.142519
 O 4.270135 4.224472 -4.945098
 O 1.333684 -1.071514 -0.517591
 O -5.414987 -3.908954 1.710309
 O 2.282204 2.381308 2.349336
 H -6.861774 -2.067115 -0.569845
 H -6.156613 -2.653785 0.638379
 H 2.657346 -1.305094 6.445497
 H 3.583911 -2.201131 5.497103
 H -6.147721 7.489408 -4.455098
 H -5.005995 8.184124 -5.346031
 H 3.254526 3.754348 -1.026684
 H 2.068017 2.558537 -0.827954
 H -4.687167 -0.106085 4.673603
 H -4.367404 0.826363 3.596705
 H 1.000409 6.439648 6.060459
 H 1.279006 4.879766 5.852732
 H -2.512100 -6.060234 -3.388802
 H -3.368123 -4.941243 -2.638887
 H 4.946661 1.255530 4.890655
 H 4.173847 -0.178242 5.376854
 H -2.881222 -7.028582 6.488053
 H -1.317850 -6.796170 6.819060
 H 1.453123 -2.085870 3.410632
 H 2.157582 -3.396404 3.134451
 H 1.459834 -5.286128 2.374024
 H 1.122129 -5.452199 0.860720
 H -2.552339 -5.052149 5.668274
 H -2.036370 -4.650485 4.319497
 H -3.300988 -8.042188 -0.412738
 H -3.120387 -6.624301 -0.824894
 H -3.260305 -2.663776 -3.920539
 H -2.443747 -3.363644 -4.997148
 H 3.112768 -3.955965 -1.628087
 H 2.110476 -4.764689 -0.580936
 H -1.115342 3.127493 -3.073995
 H -0.689584 3.185292 -1.445889
 H -2.194942 -1.976030 0.329741
 H -1.008897 -1.960440 1.256372
 H 0.313545 -3.997531 3.280375
 H -1.028982 -4.073361 2.543828
 H 2.372693 -4.632576 -3.552455
 H 2.477670 -3.079522 -3.731857
 H 5.806873 4.782490 0.601831
 H 6.454824 3.638258 1.416448
 H 5.247124 -3.455108 4.465441
 H 4.934360 -3.472562 5.939461
 H -1.170014 -1.024456 -3.115513
 H -1.920791 -0.430882 -4.314499
 H -0.690951 2.451883 -5.123046
 H -1.976145 2.172621 -4.497937
 H 5.822478 1.379271 -0.804104
 H 4.392788 2.142640 -0.501787
 H 3.710709 1.103617 -2.772149
 H 3.968501 2.075118 -4.089884
 H -5.141354 4.451995 -7.450437
 H -4.817616 3.092182 -6.679910
 H 4.390085 -5.857560 1.530582
 H 4.134357 -4.810246 0.427944
 H 0.633907 -0.781951 -6.184739
 H 1.530245 0.510414 -6.107687
 H -3.135473 1.543486 -6.154466
 H -4.233852 1.062426 -5.163015
 H 0.100211 -0.133885 1.917913
 H 0.710095 -1.157100 1.092923
 H 6.624009 -2.517487 -4.397161
 H 5.382523 -2.578273 -3.401692
 H 4.343278 -0.536328 -0.595917
 H 3.617045 -1.936033 -0.411588
 H -1.278110 5.902869 2.788859
 H -1.372585 4.725572 3.642665
 H -3.761204 -0.610798 -2.714009
 H -5.250663 -0.932456 -2.469326
 H -0.837936 -5.488998 -0.252637
 H -0.515263 -3.975072 0.094815
 H 5.061883 3.907898 -8.573813
 H 6.298280 2.843992 -8.983402
 H 2.643609 4.980758 3.715076
 H 3.034997 6.290858 4.253317
 H -6.449986 5.654425 -3.370192
 H -6.012755 6.857031 -2.555038
 H -0.132144 1.217740 -2.588430
 H 1.231926 1.169302 -3.358701
 H -5.207968 -4.264578 -1.669502
 H -4.982707 -4.364697 -0.103778
 H -2.874172 6.734519 1.789752
 H -3.569184 6.833646 3.113356
 H -2.883439 3.415523 4.972421
 H -1.673472 3.251503 5.839773
 H -2.433903 0.488459 -0.199835
 H -3.832054 0.144231 -0.303577
 H -1.325626 -0.974285 3.621047
 H -0.860358 -1.496865 5.003381
 H 2.296968 1.690682 4.420990
 H 2.301093 2.921105 5.461451
 H -6.176876 0.654682 1.928626
 H -5.141553 1.557999 1.216738
 H 4.418555 5.546280 -1.417187
 H 3.787774 5.019188 -2.777266
 H 0.124680 -5.440891 -3.289544
 H 0.741849 -6.217362 -2.185131
 H -4.778170 4.657111 -4.899248
 H -4.757375 3.913829 -3.415646
 H 5.994106 1.289120 8.634920
 H 5.880282 1.832937 7.216175
 H -1.283783 1.640914 1.176944
 H -0.966943 2.320612 2.463959
 H 0.857325 -2.489137 -2.167201
 H 1.333303 -1.562063 -3.343463
 H -0.136507 -3.427226 -4.713412
 H -1.055645 -4.415795 -5.376259
 H 6.960523 -5.120948 4.736360
 H 5.993277 -6.159200 3.995488
 H 4.352428 -2.757840 1.579799
 H 3.083342 -3.348868 0.775999
 H 5.386127 -1.073317 2.618207
 H 5.715079 -0.418419 3.996797
 H 2.312921 4.018936 -4.057909
 H 0.837898 4.352636 -4.489111
 H 1.162659 -8.674100 -0.055515
 H -0.115428 -8.182794 0.819272
 H -3.845739 -2.676510 -6.968464
 H -5.220549 -2.139219 -7.510724
 H -4.005827 2.124791 -0.620140
 H -4.542360 2.114752 -2.032792
 H 5.221498 4.104339 -4.688391
 H 4.376572 4.902229 -5.640821
 H 2.265329 -1.057162 -0.891780
 H 1.174946 -0.198060 -0.963052
 H -4.544263 -3.493014 1.886992
 H -5.370322 -4.648472 2.360520
 H 2.776949 1.905592 1.666508
 H 1.375921 2.005098 2.485168
K_POINTS
 1
0.0 0.0 0.0 1.0