
&control
    calculation='scf'
    pseudo_dir = './',
    outdir='./outputs',
    disk_io='high'
/
&system
    ibrav= 1, celldm(1)=20.000000, nat=  192, ntyp= 2,
    ecutwfc = 30.0, nosym=.true., occupations='smearing',
    smearing='m-v', degauss=0.025
/
&electrons
    conv_thr =  1.0d-8,
    mixing_beta = 0.7
/
&ions
    pot_extrapolation='second-order'
    wfc_extrapolation='second-order'
    ion_temperature = 'andersen'
    tempw = 1000

/
ATOMIC_SPECIES
 H  1.01  H.blyp-hgh.UPF
 O  16.0  O.blyp-hgh.UPF
ATOMIC_POSITIONS bohr
 O -6.122531 -1.860653 0.033361
 O 3.607201 -1.502898 6.205407
 O -5.767155 7.559082 -5.378668
 O 2.871516 2.990191 -0.456637
 O -4.342894 0.781179 4.573328
 O 0.599687 5.569859 5.865555
 O -2.962973 -5.814997 -2.536968
 O 4.787664 0.300686 4.710974
 O -2.205470 -6.380322 6.818252
 O 1.676328 -2.955718 3.874525
 O 1.863442 -5.470511 1.514790
 O -2.664733 -4.304963 5.025619
 O -3.123376 -7.176105 0.008295
 O -3.307457 -3.406074 -4.548332
 O 2.885663 -4.174014 -0.668388
 O -1.142230 2.735637 -2.191347
 O -1.556024 -2.609563 0.696977
 O -0.454384 -4.585552 3.127201
 O 2.911388 -3.822776 -3.280686
 O 5.604572 4.128861 1.277234
 O 4.572715 -3.819763 5.077961
 O -2.083836 -0.856957 -3.435567
 O -1.466845 2.951295 -4.834901
 O 5.000082 1.397483 -0.280147
 O 3.424176 1.383194 -3.650595
 O -4.527934 4.019209 -6.791432
 O 4.618671 -5.643127 0.609787
 O 1.389898 -0.385640 -5.698886
 O -3.267799 1.162681 -5.266103
 O 0.098706 -1.129075 1.910705
 O 6.335486 -2.415741 -3.459842
 O 3.977435 -1.303561 -1.097628
 O -1.154701 4.951925 2.744440
 O -4.574061 -0.227670 -2.316514
 O -0.111571 -4.894535 0.020227
 O 5.488818 3.040158 -8.484106
 O 3.036253 5.350111 4.538798
 O -6.816781 6.433780 -2.886778
 O 0.621100 0.601461 -2.855840
 O -4.824093 -4.836719 -0.956646
 O -2.982669 7.366688 2.545747
 O -1.912632 3.276065 4.894564
 O -3.170829 0.319768 0.428152
 O -1.494672 -0.886135 4.571352
 O 1.954931 2.029916 5.281149
 O -5.521922 1.379066 2.097474
 O 3.603802 5.153471 -1.826996
 O 0.939936 -5.936091 -3.099260
 O -5.079385 4.635093 -3.983141
 O 6.528519 1.626536 7.909367
 O -0.591233 1.629730 1.884831
 O 0.706391 -2.265994 -3.105029
 O -0.126183 -4.104385 -5.435696
 O 6.897001 -5.796258 4.016060
 O 3.383339 -2.829754 1.593230
 O 6.161515 -0.815797 3.157862
 O 1.491419 3.627563 -4.404111
 O 0.244097 -8.323680 -0.082100
 O -4.748309 -2.408893 -6.685431
 O -4.762625 2.484709 -1.144149
 O 4.271081 4.223807 -4.944739
 O 1.332670 -1.072660 -0.516882
 O -5.415140 -3.906662 1.709859
 O 2.286142 2.380467 2.352795
 H -6.864153 -2.067909 -0.568455
 H -6.156424 -2.649388 0.644587
 H 2.656764 -1.306414 6.452366
 H 3.584368 -2.197139 5.496287
 H -6.142172 7.494915 -4.451680
 H -5.005712 8.181976 -5.339795
 H 3.258507 3.747595 -1.031564
 H 2.070989 2.553925 -0.817717
 H -4.684139 -0.107874 4.673670
 H -4.360726 0.824226 3.598036
 H 1.001001 6.437480 6.061495
 H 1.275703 4.877049 5.845952
 H -2.505590 -6.065242 -3.382998
 H -3.366459 -4.939214 -2.639426
 H 4.942406 1.258949 4.893515
 H 4.173377 -0.185096 5.371900
 H -2.880056 -7.025608 6.486998
 H -1.318884 -6.796686 6.822280
 H 1.452110 -2.087241 3.413416
 H 2.164545 -3.395826 3.139317
 H 1.459533 -5.289284 2.374190
 H 1.121106 -5.454923 0.862378
 H -2.555697 -5.050012 5.670160
 H -2.032988 -4.651838 4.324073
 H -3.295350 -8.044743 -0.408521
 H -3.114199 -6.628495 -0.826954
 H -3.262642 -2.660111 -3.922708
 H -2.446123 -3.364544 -5.000931
 H 3.116255 -3.950851 -1.625904
 H 2.112436 -4.759742 -0.582006
 H -1.113281 3.125914 -3.075617
 H -0.687917 3.182071 -1.447833
 H -2.197898 -1.978000 0.328859
 H -1.012714 -1.960698 1.256428
 H 0.317703 -3.997988 3.279947
 H -1.026349 -4.073320 2.538417
 H 2.372097 -4.631364 -3.558984
 H 2.469644 -3.084008 -3.733814
 H 5.809979 4.783602 0.600455
 H 6.457756 3.644576 1.416113
 H 5.245979 -3.457763 4.466849
 H 4.941863 -3.468520 5.936885
 H -1.169079 -1.023929 -3.117914
 H -1.919906 -0.427484 -4.310998
 H -0.690906 2.449628 -5.122568
 H -1.977892 2.173362 -4.500801
 H 5.820853 1.382523 -0.808557
 H 4.391434 2.143574 -0.502774
 H 3.711877 1.101033 -2.771809
 H 3.972726 2.070845 -4.089574
 H -5.138061 4.458924 -7.446896
 H -4.820318 3.093092 -6.682404
 H 4.390111 -5.861467 1.529797
 H 4.138960 -4.809120 0.431300
 H 0.633789 -0.784812 -6.182076
 H 1.525414 0.513767 -6.104728
 H -3.134643 1.549019 -6.152504
 H -4.235665 1.061865 -5.165191
 H 0.094119 -0.133845 1.918167
 H 0.706841 -1.157740 1.095264
 H 6.623250 -2.522783 -4.398759
 H 5.381658 -2.573499 -3.406772
 H 4.340484 -0.539344 -0.594932
 H 3.612181 -1.938400 -0.410929
 H -1.274542 5.902410 2.789179
 H -1.372341 4.729068 3.642880
 H -3.759756 -0.612078 -2.712723
 H -5.250442 -0.930659 -2.465339
 H -0.838643 -5.490845 -0.255267
 H -0.512751 -3.976109 0.096871
 H 5.054813 3.906232 -8.566670
 H 6.297278 2.847990 -8.988867
 H 2.643107 4.971402 3.714172
 H 3.036890 6.289384 4.241309
 H -6.449055 5.659533 -3.377650
 H -6.015133 6.856796 -2.556156
 H -0.132668 1.217438 -2.592075
 H 1.232820 1.170239 -3.361854
 H -5.214552 -4.268093 -1.670357
 H -4.981631 -4.370766 -0.104925
 H -2.874125 6.732954 1.792078
 H -3.571310 6.836709 3.113548
 H -2.879788 3.421486 4.973415
 H -1.667859 3.255984 5.838785
 H -2.434980 0.487106 -0.200554
 H -3.832415 0.145813 -0.305359
 H -1.324470 -0.971076 3.619638
 H -0.855969 -1.496928 4.998130
 H 2.299796 1.695808 4.419746
 H 2.302425 2.922813 5.453166
 H -6.169454 0.646404 1.925972
 H -5.134903 1.553850 1.221528
 H 4.425192 5.543977 -1.421437
 H 3.785048 5.022035 -2.780791
 H 0.127288 -5.433671 -3.286381
 H 0.743945 -6.214776 -2.182029
 H -4.788179 4.658617 -4.899079
 H -4.756874 3.914157 -3.417657
 H 6.001121 1.292352 8.640570
 H 5.878934 1.829441 7.220387
 H -1.284757 1.641012 1.174492
 H -0.964450 2.317417 2.465647
 H 0.857449 -2.489987 -2.165653
 H 1.334232 -1.561612 -3.341637
 H -0.134924 -3.431072 -4.710058
 H -1.052950 -4.424285 -5.372027
 H 6.959886 -5.122743 4.736500
 H 5.997162 -6.165080 3.996382
 H 4.351862 -2.752579 1.583435
 H 3.078861 -3.348251 0.776505
 H 5.390597 -1.075730 2.616288
 H 5.716347 -0.420082 3.998171
 H 2.311776 4.020183 -4.055413
 H 0.839482 4.351269 -4.490989
 H 1.161381 -8.676223 -0.055061
 H -0.114577 -8.179675 0.814690
 H -3.847431 -2.676550 -6.971086
 H -5.224777 -2.148276 -7.511227
 H -4.003023 2.131066 -0.623481
 H -4.539545 2.118137 -2.034526
 H 5.224100 4.109984 -4.686489
 H 4.381045 4.904921 -5.637468
 H 2.265701 -1.058155 -0.891220
 H 1.173823 -0.197130 -0.956207
 H -4.545219 -3.489960 1.888089
 H -5.373994 -4.649082 2.358817
 H 2.771685 1.900723 1.665715
 H 1.375884 2.015599 2.489057
K_POINTS
 1
0.0 0.0 0.0 1.0