
&control
    calculation='scf'
    pseudo_dir = './',
    outdir='./outputs',
    disk_io='high'
/
&system
    ibrav= 1, celldm(1)=20.000000, nat=  192, ntyp= 2,
    ecutwfc = 30.0, nosym=.true., occupations='smearing',
    smearing='m-v', degauss=0.025
/
&electrons
    conv_thr =  1.0d-8,
    mixing_beta = 0.7
/
&ions
    pot_extrapolation='second-order'
    wfc_extrapolation='second-order'
    ion_temperature = 'andersen'
    tempw = 1000

/
ATOMIC_SPECIES
 H  1.01  H.blyp-hgh.UPF
 O  16.0  O.blyp-hgh.UPF
ATOMIC_POSITIONS bohr
 O -6.122911 -1.861085 0.032955
 O 3.605980 -1.505130 6.207828
 O -5.768767 7.560594 -5.379879
 O 2.876018 2.986896 -0.456988
 O -4.341209 0.780222 4.574200
 O 0.600470 5.569885 5.863875
 O -2.965867 -5.815201 -2.539105
 O 4.787598 0.302933 4.712503
 O -2.205481 -6.379273 6.820370
 O 1.674350 -2.954926 3.875593
 O 1.863438 -5.470768 1.513709
 O -2.665273 -4.303659 5.025734
 O -3.121909 -7.176756 0.007429
 O -3.306492 -3.403489 -4.547026
 O 2.886930 -4.171973 -0.667583
 O -1.141082 2.733463 -2.191779
 O -1.556555 -2.607932 0.695544
 O -0.455317 -4.582696 3.126779
 O 2.906177 -3.823424 -3.278024
 O 5.604660 4.128779 1.275692
 O 4.571232 -3.819130 5.080697
 O -2.083926 -0.857340 -3.434763
 O -1.466400 2.949145 -4.835558
 O 4.999070 1.397894 -0.284961
 O 3.422103 1.382399 -3.650102
 O -4.527113 4.019127 -6.794209
 O 4.618215 -5.645759 0.610001
 O 1.390332 -0.384085 -5.698167
 O -3.270784 1.164266 -5.266804
 O 0.098593 -1.129727 1.911980
 O 6.337028 -2.415670 -3.460090
 O 3.977435 -1.306568 -1.096831
 O -1.156988 4.951109 2.744236
 O -4.572183 -0.227698 -2.314633
 O -0.114190 -4.897146 0.021813
 O 5.488485 3.041465 -8.485945
 O 3.032668 5.351376 4.535428
 O -6.819473 6.436360 -2.885594
 O 0.622147 0.603241 -2.857439
 O -4.824926 -4.837990 -0.958777
 O -2.983121 7.368371 2.544567
 O -1.909427 3.276333 4.896602
 O -3.171868 0.321066 0.428466
 O -1.493671 -0.886245 4.570653
 O 1.958534 2.028568 5.281997
 O -5.523205 1.375905 2.099522
 O 3.606314 5.156354 -1.828411
 O 0.938217 -5.937456 -3.098674
 O -5.081784 4.632778 -3.982991
 O 6.531762 1.626993 7.910461
 O -0.591638 1.629732 1.884595
 O 0.707449 -2.266132 -3.105333
 O -0.126242 -4.104362 -5.435129
 O 6.897132 -5.795994 4.015442
 O 3.383667 -2.829151 1.592562
 O 6.163857 -0.816167 3.157344
 O 1.490136 3.625979 -4.403239
 O 0.244267 -8.322836 -0.084392
 O -4.748959 -2.411382 -6.686146
 O -4.763891 2.487128 -1.145796
 O 4.272066 4.223141 -4.944373
 O 1.331680 -1.073764 -0.516201
 O -5.415279 -3.904364 1.709417
 O 2.290059 2.379631 2.356296
 H -6.866487 -2.068614 -0.567167
 H -6.156075 -2.644844 0.650755
 H 2.656265 -1.307661 6.459178
 H 3.584777 -2.193108 5.495567
 H -6.136536 7.500394 -4.448501
 H -5.005449 8.179784 -5.333523
 H 3.262206 3.740824 -1.036467
 H 2.074161 2.549382 -0.807666
 H -4.681141 -0.109888 4.673921
 H -4.354093 0.822233 3.599253
 H 1.001640 6.435242 6.062529
 H 1.272514 4.874434 5.839170
 H -2.499280 -6.070125 -3.377087
 H -3.364758 -4.937172 -2.640037
 H 4.938078 1.262257 4.896303
 H 4.173082 -0.191877 5.366914
 H -2.878677 -7.022585 6.486008
 H -1.319907 -6.797282 6.825342
 H 1.451127 -2.088883 3.416349
 H 2.171654 -3.395151 3.144223
 H 1.459042 -5.292489 2.374328
 H 1.119959 -5.457628 0.864210
 H -2.559127 -5.047800 5.672094
 H -2.029705 -4.652914 4.328727
 H -3.289717 -8.047308 -0.404198
 H -3.108054 -6.632654 -0.828893
 H -3.264935 -2.656370 -3.924881
 H -2.448564 -3.365401 -5.004776
 H 3.119509 -3.945883 -1.623673
 H 2.114437 -4.754765 -0.583195
 H -1.111108 3.124576 -3.077320
 H -0.686159 3.179099 -1.449820
 H -2.200971 -1.980041 0.327902
 H -1.016542 -1.961089 1.256430
 H 0.321869 -3.998342 3.279692
 H -1.023817 -4.073264 2.532911
 H 2.371649 -4.629921 -3.565337
 H 2.461583 -3.088522 -3.735748
 H 5.813121 4.784882 0.598990
 H 6.460463 3.650966 1.415709
 H 5.244779 -3.460454 4.468177
 H 4.949279 -3.464703 5.934185
 H -1.168132 -1.023456 -3.120282
 H -1.919188 -0.424094 -4.307387
 H -0.690580 2.447427 -5.122146
 H -1.979950 2.174153 -4.503758
 H 5.819210 1.385956 -0.812992
 H 4.390114 2.144504 -0.503738
 H 3.713222 1.098567 -2.771413
 H 3.976878 2.066501 -4.089033
 H -5.134636 4.465713 -7.443208
 H -4.823098 3.094013 -6.684990
 H 4.390091 -5.865408 1.528951
 H 4.143507 -4.808147 0.434572
 H 0.633744 -0.787567 -6.179370
 H 1.520608 0.517101 -6.101771
 H -3.133838 1.554401 -6.150631
 H -4.237511 1.061282 -5.167309
 H 0.087799 -0.133833 1.918639
 H 0.703547 -1.158595 1.097680
 H 6.622376 -2.528042 -4.400262
 H 5.380703 -2.568748 -3.411936
 H 4.337720 -0.542240 -0.593899
 H 3.607484 -1.940593 -0.410361
 H -1.270883 5.902264 2.789389
 H -1.372137 4.732248 3.643500
 H -3.758261 -0.613273 -2.711457
 H -5.250198 -0.928854 -2.461351
 H -0.839330 -5.492652 -0.257862
 H -0.510270 -3.977289 0.098946
 H 5.047872 3.904538 -8.559745
 H 6.296192 2.852079 -8.994529
 H 2.642634 4.961931 3.713369
 H 3.038842 6.287892 4.229488
 H -6.448020 5.664690 -3.385065
 H -6.017398 6.856516 -2.557094
 H -0.133034 1.217121 -2.595761
 H 1.233775 1.171206 -3.365035
 H -5.221049 -4.271566 -1.670927
 H -4.980646 -4.376857 -0.106057
 H -2.874098 6.731491 1.794398
 H -3.573487 6.839818 3.113842
 H -2.876155 3.427492 4.974315
 H -1.662178 3.260460 5.837875
 H -2.435948 0.485744 -0.201174
 H -3.832859 0.147271 -0.306966
 H -1.323274 -0.967894 3.618196
 H -0.851692 -1.497023 4.992744
 H 2.302672 1.701141 4.418536
 H 2.303810 2.924449 5.444840
 H -6.161887 0.638229 1.923466
 H -5.128255 1.549694 1.226328
 H 4.431652 5.541703 -1.425851
 H 3.782399 5.024971 -2.784229
 H 0.129898 -5.426388 -3.283349
 H 0.746171 -6.212252 -2.178897
 H -4.798024 4.659926 -4.899089
 H -4.756278 3.914468 -3.419854
 H 6.008079 1.295425 8.646348
 H 5.877535 1.825916 7.224507
 H -1.285543 1.641056 1.172162
 H -0.961920 2.314266 2.467511
 H 0.857607 -2.490751 -2.164106
 H 1.335074 -1.561021 -3.339742
 H -0.133165 -3.434950 -4.706746
 H -1.050159 -4.432879 -5.367947
 H 6.959139 -5.124683 4.736643
 H 6.001010 -6.170857 3.997339
 H 4.351320 -2.747398 1.587044
 H 3.074491 -3.347599 0.777158
 H 5.395126 -1.078182 2.614413
 H 5.717583 -0.421701 3.999351
 H 2.310584 4.021459 -4.052967
 H 0.841170 4.349957 -4.492807
 H 1.160093 -8.678201 -0.054379
 H -0.113645 -8.176567 0.810173
 H -3.849140 -2.676636 -6.973735
 H -5.228898 -2.157364 -7.511663
 H -4.000295 2.137381 -0.626832
 H -4.536794 2.121492 -2.036152
 H 5.226609 4.115622 -4.684545
 H 4.385379 4.907619 -5.634158
 H 2.266095 -1.059375 -0.890489
 H 1.172366 -0.196247 -0.949358
 H -4.546185 -3.486893 1.889171
 H -5.377780 -4.649717 2.357052
 H 2.766372 1.895822 1.664864
 H 1.376047 2.026125 2.492725
K_POINTS
 1
0.0 0.0 0.0 1.0