
&control
    calculation='scf'
    pseudo_dir = './',
    outdir='./outputs',
    disk_io='high'
/
&system
    ibrav= 1, celldm(1)=20.000000, nat=  192, ntyp= 2,
    ecutwfc = 30.0, nosym=.true., occupations='smearing',
    smearing='m-v', degauss=0.025
/
&electrons
    conv_thr =  1.0d-8,
    mixing_beta = 0.7
/
&ions
    pot_extrapolation='second-order'
    wfc_extrapolation='second-order'
    ion_temperature = 'andersen'
    tempw = 1000

/
ATOMIC_SPECIES
 H  1.01  H.blyp-hgh.UPF
 O  16.0  O.blyp-hgh.UPF
ATOMIC_POSITIONS bohr
 O -6.126109 -1.865519 0.030533
 O 3.596555 -1.523146 6.227160
 O -5.781990 7.572794 -5.388542
 O 2.912462 2.960658 -0.459452
 O -4.327409 0.773324 4.581173
 O 0.604904 5.570006 5.850847
 O -2.987827 -5.817907 -2.556238
 O 4.785725 0.321727 4.726303
 O -2.206139 -6.370778 6.837845
 O 1.658431 -2.948175 3.883100
 O 1.864895 -5.473267 1.505819
 O -2.668733 -4.294373 5.026808
 O -3.109952 -7.181746 -0.000329
 O -3.298939 -3.383471 -4.536112
 O 2.897925 -4.153987 -0.661274
 O -1.132840 2.714006 -2.194448
 O -1.560859 -2.594883 0.684153
 O -0.462324 -4.559982 3.123810
 O 2.864824 -3.829686 -3.257900
 O 5.606203 4.127827 1.263627
 O 4.560312 -3.813292 5.103093
 O -2.084004 -0.860379 -3.428898
 O -1.462010 2.932005 -4.840293
 O 4.990788 1.399439 -0.323583
 O 3.405060 1.375942 -3.647020
 O -4.520450 4.019005 -6.816167
 O 4.615724 -5.667098 0.612021
 O 1.392489 -0.371688 -5.692592
 O -3.293933 1.176893 -5.271999
 O 0.099341 -1.133184 1.921740
 O 6.349851 -2.415219 -3.462330
 O 3.976137 -1.331635 -1.090265
 O -1.175009 4.944185 2.741143
 O -4.557147 -0.227948 -2.299248
 O -0.135662 -4.917621 0.033415
 O 5.485379 3.051063 -8.498351
 O 3.004240 5.361688 4.506819
 O -6.841152 6.456568 -2.877462
 O 0.629905 0.617961 -2.869609
 O -4.831763 -4.847780 -0.977259
 O -2.987118 7.380559 2.534048
 O -1.884190 3.278557 4.911975
 O -3.180276 0.331637 0.428799
 O -1.485291 -0.887247 4.565755
 O 1.987090 2.017261 5.288886
 O -5.532915 1.351426 2.115082
 O 3.626262 5.178384 -1.839289
 O 0.923796 -5.948437 -3.093600
 O -5.102902 4.615418 -3.980399
 O 6.557821 1.631113 7.918911
 O -0.595871 1.629565 1.881358
 O 0.715159 -2.267782 -3.108123
 O -0.127499 -4.103710 -5.429590
 O 6.898992 -5.793900 4.010175
 O 3.385482 -2.823906 1.587068
 O 6.182910 -0.821018 3.152995
 O 1.479899 3.612902 -4.396295
 O 0.245227 -8.316236 -0.104098
 O -4.755074 -2.430740 -6.692446
 O -4.773050 2.506220 -1.159563
 O 4.281635 4.217988 -4.941293
 O 1.324810 -1.081241 -0.511679
 O -5.415991 -3.885948 1.706294
 O 2.320860 2.373092 2.385650
 H -6.882963 -2.071429 -0.559578
 H -6.147908 -2.603810 0.697840
 H 2.655823 -1.315077 6.510523
 H 3.585459 -2.161986 5.491810
 H -6.089967 7.542065 -4.432899
 H -5.002540 8.161276 -5.284066
 H 3.281187 3.686538 -1.076189
 H 2.104149 2.514272 -0.735608
 H -4.657754 -0.132700 4.682228
 H -4.302959 0.811377 3.604852
 H 1.009898 6.416573 6.071078
 H 1.251964 4.857099 5.785021
 H -2.455637 -6.103929 -3.327991
 H -3.349182 -4.920609 -2.648255
 H 4.900592 1.283853 4.916246
 H 4.176661 -0.241679 5.327078
 H -2.861758 -6.997941 6.479976
 H -1.327544 -6.804749 6.844193
 H 1.443428 -2.107884 3.442590
 H 2.231904 -3.384640 3.186481
 H 1.449165 -5.320040 2.373602
 H 1.105760 -5.478642 0.883588
 H -2.589196 -5.027091 5.689045
 H -2.006839 -4.651368 4.367954
 H -3.245145 -8.069343 -0.366692
 H -3.060896 -6.663994 -0.841424
 H -3.280751 -2.622286 -3.941693
 H -2.469429 -3.369946 -5.037765
 H 3.136861 -3.911816 -1.604364
 H 2.128869 -4.716481 -0.596771
 H -1.089947 3.121152 -3.091435
 H -0.668227 3.164717 -1.466236
 H -2.230221 -1.998140 0.317319
 H -1.046354 -1.967273 1.255716
 H 0.352737 -3.998682 3.283009
 H -1.006919 -4.071849 2.485671
 H 2.372827 -4.613152 -3.609277
 H 2.396881 -3.124946 -3.749441
 H 5.838168 4.799593 0.585962
 H 6.475257 3.703165 1.410683
 H 5.233022 -3.483632 4.474632
 H 5.004514 -3.442415 5.909961
 H -1.159982 -1.022031 -3.137307
 H -1.919835 -0.396707 -4.275966
 H -0.678156 2.431476 -5.120530
 H -2.008418 2.180483 -4.530061
 H 5.806522 1.419738 -0.848071
 H 4.380553 2.151951 -0.510521
 H 3.729321 1.083214 -2.768302
 H 4.006561 2.028575 -4.076559
 H -5.105147 4.516052 -7.411413
 H -4.848238 3.102267 -6.709435
 H 4.388003 -5.898430 1.521205
 H 4.177976 -4.805977 0.457823
 H 0.637036 -0.804842 -6.155662
 H 1.483323 0.542384 -6.078438
 H -3.128705 1.592021 -6.139096
 H -4.254655 1.055957 -5.182456
 H 0.029864 -0.135663 1.929945
 H 0.677713 -1.172878 1.117588
 H 6.611875 -2.568112 -4.407730
 H 5.372165 -2.531101 -3.455441
 H 4.317115 -0.560500 -0.583692
 H 3.576583 -1.951690 -0.409486
 H -1.238099 5.911651 2.786824
 H -1.371781 4.746225 3.662711
 H -3.745251 -0.619707 -2.701790
 H -5.247468 -0.914633 -2.429577
 H -0.845406 -5.505652 -0.277523
 H -0.492626 -3.991599 0.115874
 H 4.997281 3.890778 -8.512716
 H 6.282904 2.888583 -9.045981
 H 2.640383 4.883895 3.711435
 H 3.055973 6.274815 4.141098
 H -6.438347 5.710516 -3.440048
 H -6.029699 6.853970 -2.557022
 H -0.130827 1.214899 -2.626392
 H 1.243055 1.179762 -3.390908
 H -5.270072 -4.297165 -1.665180
 H -4.976627 -4.424873 -0.113007
 H -2.874401 6.722958 1.811801
 H -3.591488 6.867455 3.118856
 H -2.847190 3.476677 4.978626
 H -1.614016 3.295995 5.836191
 H -2.439771 0.474535 -0.202316
 H -3.839131 0.154723 -0.312880
 H -1.312713 -0.943126 3.606196
 H -0.821534 -1.498936 4.945391
 H 2.327142 1.748838 4.408873
 H 2.315952 2.934656 5.378286
 H -6.097681 0.575419 1.908891
 H -5.075424 1.516298 1.265834
 H 4.477018 5.524724 -1.467075
 H 3.764017 5.051817 -2.807252
 H 0.151594 -5.366815 -3.263066
 H 0.768325 -6.193957 -2.153885
 H -4.869529 4.663121 -4.907683
 H -4.746975 3.913596 -3.442250
 H 6.062896 1.314930 8.696001
 H 5.864928 1.796598 7.254470
 H -1.284145 1.640044 1.159728
 H -0.941994 2.292453 2.489839
 H 0.859703 -2.493184 -2.154224
 H 1.338711 -1.551097 -3.322212
 H -0.113570 -3.466445 -4.681277
 H -1.023918 -4.504405 -5.340336
 H 6.949374 -5.144300 4.738974
 H 6.028975 -6.213971 4.007162
 H 4.348118 -2.709421 1.613803
 H 3.045106 -3.341329 0.787230
 H 5.432674 -1.099202 2.600854
 H 5.726528 -0.432600 4.000683
 H 2.297549 4.031088 -4.036144
 H 0.856362 4.342977 -4.505621
 H 1.149674 -8.688656 -0.041313
 H -0.104668 -8.151682 0.778957
 H -3.862049 -2.679470 -6.996150
 H -5.258244 -2.230595 -7.513209
 H -3.982266 2.189594 -0.653897
 H -4.517618 2.147542 -2.045175
 H 5.242214 4.159449 -4.667053
 H 4.413988 4.928856 -5.608987
 H 2.268222 -1.076674 -0.878605
 H 1.149352 -0.190381 -0.895064
 H -4.554074 -3.462489 1.897656
 H -5.411541 -4.653916 2.339772
 H 2.721842 1.856518 1.657115
 H 1.383380 2.110439 2.514397
K_POINTS
 1
0.0 0.0 0.0 1.0