
&control
    calculation='scf'
    pseudo_dir = './',
    outdir='./outputs',
    disk_io='high'
/
&system
    ibrav= 1, celldm(1)=20.000000, nat=  192, ntyp= 2,
    ecutwfc = 30.0, nosym=.true., occupations='smearing',
    smearing='m-v', degauss=0.025
/
&electrons
    conv_thr =  1.0d-8,
    mixing_beta = 0.7
/
&ions
    pot_extrapolation='second-order'
    wfc_extrapolation='second-order'
    ion_temperature = 'andersen'
    tempw = 1000

/
ATOMIC_SPECIES
 H  1.01  H.blyp-hgh.UPF
 O  16.0  O.blyp-hgh.UPF
ATOMIC_POSITIONS bohr
 O -6.126527 -1.866174 0.030327
 O 3.595430 -1.525376 6.229605
 O -5.783672 7.574344 -5.389460
 O 2.917103 2.957421 -0.459698
 O -4.325654 0.772522 4.582046
 O 0.605201 5.569983 5.849263
 O -2.990443 -5.818382 -2.558337
 O 4.785344 0.324141 4.728194
 O -2.206257 -6.369684 6.840107
 O 1.656481 -2.947381 3.883931
 O 1.865254 -5.473629 1.504958
 O -2.669068 -4.293355 5.026977
 O -3.108421 -7.182336 -0.001367
 O -3.298043 -3.381084 -4.534698
 O 2.899447 -4.151502 -0.660490
 O -1.131930 2.711345 -2.194737
 O -1.561420 -2.593289 0.682716
 O -0.463113 -4.557142 3.123495
 O 2.859706 -3.830554 -3.255552
 O 5.606496 4.127729 1.262106
 O 4.559077 -3.812463 5.105940
 O -2.083930 -0.860759 -3.428217
 O -1.461334 2.929890 -4.840831
 O 4.989727 1.399408 -0.328418
 O 3.402903 1.375123 -3.646699
 O -4.519560 4.019025 -6.818830
 O 4.615562 -5.669791 0.612293
 O 1.392586 -0.370149 -5.691916
 O -3.296708 1.178466 -5.272592
 O 0.099592 -1.133389 1.922952
 O 6.351456 -2.415193 -3.462665
 O 3.975809 -1.334887 -1.089421
 O -1.177239 4.943300 2.740617
 O -4.555254 -0.227975 -2.297282
 O -0.138373 -4.920137 0.034738
 O 5.484953 3.052140 -8.499618
 O 3.000717 5.362975 4.503034
 O -6.843851 6.458989 -2.876666
 O 0.630823 0.619846 -2.871068
 O -4.832627 -4.848987 -0.979755
 O -2.987685 7.381919 2.532633
 O -1.881100 3.278851 4.913742
 O -3.181341 0.332978 0.428561
 O -1.484192 -0.887389 4.565203
 O 1.990649 2.015831 5.289751
 O -5.534029 1.348492 2.116905
 O 3.628722 5.180992 -1.840612
 O 0.921896 -5.949810 -3.092914
 O -5.105810 4.613444 -3.979928
 O 6.561053 1.631673 7.919949
 O -0.596506 1.629495 1.880761
 O 0.716032 -2.268058 -3.108484
 O -0.127752 -4.103596 -5.428789
 O 6.899339 -5.793651 4.009459
 O 3.385590 -2.823186 1.586395
 O 6.185328 -0.821858 3.152457
 O 1.478672 3.611218 -4.395411
 O 0.245314 -8.315439 -0.106753
 O -4.755963 -2.433093 -6.693295
 O -4.774056 2.508572 -1.161358
 O 4.283066 4.217391 -4.940902
 O 1.324094 -1.082023 -0.511220
 O -5.416045 -3.883663 1.705961
 O 2.324672 2.372282 2.389456
 H -6.884686 -2.071483 -0.558851
 H -6.146283 -2.598207 0.703368
 H 2.656260 -1.315694 6.516421
 H 3.585115 -2.158539 5.491403
 H -6.084209 7.546854 -4.432224
 H -5.001904 8.158906 -5.278228
 H 3.282206 3.679814 -1.081181
 H 2.108161 2.509883 -0.727813
 H -4.654805 -0.136098 4.683987
 H -4.296852 0.810624 3.605107
 H 1.011481 6.414346 6.072218
 H 1.250072 4.855389 5.778282
 H -2.450952 -6.107431 -3.321899
 H -3.346906 -4.918566 -2.649771
 H 4.895534 1.285910 4.918486
 H 4.177786 -0.247127 5.322263
 H -2.859179 -6.995007 6.479373
 H -1.328430 -6.805973 6.845857
 H 1.442348 -2.110389 3.445844
 H 2.239611 -3.382499 3.192316
 H 1.447309 -5.323733 2.373188
 H 1.103321 -5.481198 0.886420
 H -2.593275 -5.024105 5.691328
 H -2.004333 -4.649929 4.372964
 H -3.239664 -8.072398 -0.361748
 H -3.055301 -6.667590 -0.842805
 H -3.282300 -2.617377 -3.943685
 H -2.472109 -3.370141 -5.042152
 H 3.137946 -3.908291 -1.601847
 H 2.130133 -4.712171 -0.598940
 H -1.086875 3.121415 -3.092925
 H -0.665480 3.164094 -1.468288
 H -2.234467 -2.000563 0.315638
 H -1.049825 -1.968184 1.255702
 H 0.355953 -3.998549 3.283980
 H -1.005128 -4.071559 2.479459
 H 2.373461 -4.610867 -3.613896
 H 2.388892 -3.129452 -3.750804
 H 5.841094 4.801758 0.584431
 H 6.476485 3.709607 1.409926
 H 5.231252 -3.486778 4.474767
 H 5.010824 -3.440643 5.906866
 H -1.158894 -1.022186 -3.139129
 H -1.920737 -0.393165 -4.271933
 H -0.675527 2.429690 -5.120472
 H -2.013499 2.181111 -4.533632
 H 5.805121 1.424723 -0.852432
 H 4.379455 2.152887 -0.511235
 H 3.731839 1.081856 -2.768180
 H 4.009756 2.023423 -4.074053
 H -5.101549 4.522036 -7.407536
 H -4.851746 3.103482 -6.713012
 H 4.387458 -5.902784 1.520271
 H 4.182048 -4.806398 0.460380
 H 0.637954 -0.806335 -6.152420
 H 1.478831 0.545282 -6.075589
 H -3.128290 1.596030 -6.138095
 H -4.257197 1.055229 -5.184163
 H 0.021828 -0.136228 1.932238
 H 0.674802 -1.175527 1.119866
 H 6.610238 -2.572799 -4.408023
 H 5.371311 -2.526381 -3.461037
 H 4.314744 -0.562168 -0.582200
 H 3.573593 -1.952328 -0.409806
 H -1.233531 5.913866 2.785963
 H -1.371818 4.746622 3.666562
 H -3.743575 -0.620114 -2.700613
 H -5.247035 -0.912947 -2.425644
 H -0.846391 -5.507110 -0.279877
 H -0.490840 -3.993919 0.117995
 H 4.991614 3.889091 -8.507936
 H 6.280464 2.893673 -9.053048
 H 2.640357 4.874117 3.711843
 H 3.058228 6.272973 4.130734
 H -6.437238 5.717084 -3.446063
 H -6.030405 6.853713 -2.555976
 H -0.130031 1.214793 -2.630301
 H 1.244338 1.180881 -3.394110
 H -5.275892 -4.299964 -1.663255
 H -4.976662 -4.430643 -0.113461
 H -2.874482 6.722191 1.813707
 H -3.593653 6.871382 3.119679
 H -2.843498 3.482912 4.978866
 H -1.607660 3.300396 5.836914
 H -2.439772 0.473098 -0.201963
 H -3.840233 0.155161 -0.312717
 H -1.311338 -0.940077 3.604753
 H -0.818240 -1.499351 4.939036
 H 2.330341 1.755110 4.407525
 H 2.317485 2.935530 5.370184
 H -6.089382 0.567746 1.907763
 H -5.068901 1.512128 1.270998
 H 4.481957 5.522801 -1.472935
 H 3.762076 5.055605 -2.809448
 H 0.154545 -5.359362 -3.260917
 H 0.771588 -6.191857 -2.150907
 H -4.877477 4.662598 -4.909867
 H -4.745116 3.912754 -3.445427
 H 6.069825 1.316844 8.702409
 H 5.863269 1.792765 7.257927
 H -1.283003 1.639829 1.159073
 H -0.939705 2.290283 2.493609
 H 0.860020 -2.492970 -2.153553
 H 1.338763 -1.549213 -3.319733
 H -0.110541 -3.470350 -4.678143
 H -1.020093 -4.513565 -5.337448
 H 6.947705 -5.147103 4.739568
 H 6.031987 -6.219049 4.008645
 H 4.347854 -2.705174 1.616753
 H 3.042295 -3.340461 0.789006
 H 5.437422 -1.102011 2.599294
 H 5.727554 -0.433649 3.999729
 H 2.295324 4.032037 -4.034472
 H 0.858234 4.342713 -4.507064
 H 1.148400 -8.689283 -0.038823
 H -0.103520 -8.148517 0.775914
 H -3.863426 -2.680139 -6.999118
 H -5.261506 -2.239734 -7.513243
 H -3.980581 2.196347 -0.657281
 H -4.515630 2.150713 -2.045847
 H 5.243515 4.164641 -4.664565
 H 4.416688 4.931390 -5.605963
 H 2.268161 -1.079665 -0.876405
 H 1.145166 -0.189766 -0.888418
 H -4.555048 -3.459528 1.898744
 H -5.416102 -4.654128 2.337126
 H 2.715974 1.851763 1.656232
 H 1.384866 2.120906 2.516205
K_POINTS
 1
0.0 0.0 0.0 1.0