
&control
    calculation='scf'
    pseudo_dir = './',
    outdir='./outputs',
    disk_io='high'
/
&system
    ibrav= 1, celldm(1)=20.000000, nat=  192, ntyp= 2,
    ecutwfc = 30.0, nosym=.true., occupations='smearing',
    smearing='m-v', degauss=0.025
/
&electrons
    conv_thr =  1.0d-8,
    mixing_beta = 0.7
/
&ions
    pot_extrapolation='second-order'
    wfc_extrapolation='second-order'
    ion_temperature = 'andersen'
    tempw = 1000

/
ATOMIC_SPECIES
 H  1.01  H.blyp-hgh.UPF
 O  16.0  O.blyp-hgh.UPF
ATOMIC_POSITIONS bohr
 O -6.127372 -1.867531 0.029972
 O 3.593225 -1.529799 6.234535
 O -5.787039 7.577472 -5.391168
 O 2.926459 2.950994 -0.460138
 O -4.322133 0.770926 4.583788
 O 0.605611 5.569894 5.846123
 O -2.995608 -5.819423 -2.562473
 O 4.784501 0.328980 4.732062
 O -2.206487 -6.367464 6.844691
 O 1.652644 -2.945905 3.885543
 O 1.866075 -5.474383 1.503338
 O -2.669684 -4.291404 5.027352
 O -3.105330 -7.183492 -0.003464
 O -3.296296 -3.376403 -4.531840
 O 2.902607 -4.146362 -0.658910
 O -1.130185 2.705898 -2.195316
 O -1.562574 -2.590150 0.679813
 O -0.464620 -4.551450 3.122897
 O 2.849509 -3.832307 -3.250975
 O 5.607141 4.127591 1.259021
 O 4.556702 -3.810740 5.111647
 O -2.083725 -0.861525 -3.426874
 O -1.459878 2.925682 -4.841878
 O 4.987584 1.399194 -0.338092
 O 3.398593 1.373469 -3.646066
 O -4.517713 4.019063 -6.824067
 O 4.615340 -5.675190 0.612837
 O 1.392670 -0.367078 -5.690575
 O -3.302164 1.181609 -5.273736
 O 0.100160 -1.133647 1.925407
 O 6.354624 -2.415170 -3.463385
 O 3.975048 -1.341451 -1.087722
 O -1.181694 4.941544 2.739525
 O -4.551450 -0.228020 -2.293320
 O -0.143788 -4.925147 0.037305
 O 5.484088 3.054205 -8.501970
 O 2.993694 5.365528 4.495323
 O -6.849209 6.463740 -2.875245
 O 0.632650 0.623632 -2.873961
 O -4.834347 -4.851410 -0.984859
 O -2.988878 7.384531 2.529763
 O -1.874968 3.279454 4.917161
 O -3.183477 0.335671 0.427899
 O -1.481959 -0.887683 4.564118
 O 1.997774 2.012996 5.291472
 O -5.536172 1.342726 2.120459
 O 3.633601 5.186095 -1.843244
 O 0.918020 -5.952547 -3.091505
 O -5.111815 4.609657 -3.978926
 O 6.567468 1.632817 7.922028
 O -0.597828 1.629312 1.879445
 O 0.717723 -2.268652 -3.109198
 O -0.128316 -4.103363 -5.427128
 O 6.900110 -5.793170 4.007976
 O 3.385720 -2.821693 1.585087
 O 6.190187 -0.823691 3.151408
 O 1.476275 3.607818 -4.393622
 O 0.245474 -8.313866 -0.112194
 O -4.757825 -2.437754 -6.695026
 O -4.775967 2.513252 -1.164992
 O 4.286094 4.216246 -4.940128
 O 1.322758 -1.083495 -0.510365
 O -5.416142 -3.879112 1.705334
 O 2.332291 2.370657 2.397129
 H -6.887876 -2.071440 -0.557463
 H -6.142690 -2.586791 0.714151
 H 2.657471 -1.316726 6.527788
 H 3.584072 -2.152131 5.490507
 H -6.072946 7.556044 -4.431669
 H -5.000355 8.154158 -5.266966
 H 3.283347 3.666465 -1.091159
 H 2.116165 2.501010 -0.713118
 H -4.648793 -0.142984 4.687916
 H -4.284864 0.809483 3.605429
 H 1.015103 6.410077 6.074564
 H 1.246748 4.852303 5.764837
 H -2.442005 -6.113931 -3.309939
 H -3.342070 -4.914560 -2.653164
 H 4.885164 1.289629 4.922843
 H 4.180425 -0.257353 5.312862
 H -2.853936 -6.989396 6.478185
 H -1.330172 -6.808562 6.848736
 H 1.439998 -2.114986 3.452036
 H 2.254961 -3.377548 3.204457
 H 1.443282 -5.331288 2.372096
 H 1.098014 -5.486270 0.892239
 H -2.601632 -5.017875 5.695991
 H -1.999465 -4.646271 4.382927
 H -3.228771 -8.078753 -0.351759
 H -3.044341 -6.674520 -0.845581
 H -3.285040 -2.607086 -3.947615
 H -2.477475 -3.370227 -5.051076
 H 3.139427 -3.901719 -1.596838
 H 2.132118 -4.704017 -0.603567
 H -1.080494 3.122225 -3.095475
 H -0.659676 3.163579 -1.472393
 H -2.243313 -2.005501 0.312071
 H -1.056490 -1.969912 1.255851
 H 0.361742 -3.998246 3.286210
 H -1.001652 -4.070943 2.466945
 H 2.374952 -4.606553 -3.622586
 H 2.373063 -3.138363 -3.753201
 H 5.846666 4.806130 0.581621
 H 6.478753 3.722263 1.408404
 H 5.227482 -3.493268 4.474501
 H 5.023020 -3.437739 5.900842
 H -1.156687 -1.022742 -3.142536
 H -1.923087 -0.385926 -4.263958
 H -0.669736 2.426279 -5.120364
 H -2.024628 2.182199 -4.540964
 H 5.802523 1.435174 -0.861145
 H 4.377305 2.154757 -0.512557
 H 3.737081 1.079515 -2.768284
 H 4.015781 2.012885 -4.068505
 H -5.094660 4.533959 -7.400110
 H -4.859000 3.106085 -6.720545
 H 4.386149 -5.911667 1.518525
 H 4.190027 -4.807677 0.465270
 H 0.640102 -0.808864 -6.145772
 H 1.469975 0.550837 -6.069949
 H -3.127658 1.603569 -6.136379
 H -4.262574 1.053753 -5.187484
 H 0.005335 -0.137639 1.937343
 H 0.669371 -1.181327 1.124074
 H 6.606850 -2.581920 -4.408184
 H 5.369974 -2.516898 -3.472238
 H 4.310126 -0.565148 -0.579135
 H 3.568184 -1.953207 -0.410654
 H -1.224067 5.918661 2.783891
 H -1.371854 4.746633 3.674798
 H -3.740244 -0.620666 -2.698263
 H -5.246111 -0.909679 -2.417817
 H -0.848619 -5.509930 -0.284542
 H -0.487652 -3.998822 0.122218
 H 4.980750 3.885758 -8.499140
 H 6.274920 2.904228 -9.067501
 H 2.640520 4.854743 3.713134
 H 3.062757 6.269104 4.110392
 H -6.435259 5.730903 -3.457333
 H -6.031293 6.853258 -2.553169
 H -0.128217 1.214808 -2.638119
 H 1.246920 1.183103 -3.400422
 H -5.287406 -4.305169 -1.658718
 H -4.977110 -4.441971 -0.114038
 H -2.874657 6.720774 1.817248
 H -3.597820 6.879622 3.121359
 H -2.836002 3.495394 4.979196
 H -1.594759 3.309169 5.839046
 H -2.439481 0.470200 -0.200925
 H -3.842642 0.155734 -0.311800
 H -1.308608 -0.933982 3.601995
 H -0.811924 -1.500336 4.926124
 H 2.336793 1.767622 4.404652
 H 2.320476 2.936980 5.354295
 H -6.072725 0.552417 1.905973
 H -5.055936 1.503810 1.281530
 H 4.491432 5.519134 -1.485075
 H 3.758436 5.063468 -2.813346
 H 0.160720 -5.344587 -3.256789
 H 0.778398 -6.187745 -2.145149
 H -4.892709 4.660929 -4.914838
 H -4.740860 3.910408 -3.451906
 H 6.083883 1.320415 8.715144
 H 5.859992 1.784963 7.264743
 H -1.280161 1.639407 1.158360
 H -0.935334 2.286318 2.501753
 H 0.860659 -2.492177 -2.152712
 H 1.338569 -1.545041 -3.314592
 H -0.104181 -3.478076 -4.671848
 H -1.012051 -4.531934 -5.331994
 H 6.944095 -5.152820 4.741071
 H 6.037649 -6.229036 4.011763
 H 4.347384 -2.697061 1.622304
 H 3.037336 -3.338724 0.792804
 H 5.446868 -1.107761 2.596221
 H 5.729565 -0.435492 3.997028
 H 2.290429 4.033655 -4.031451
 H 0.861816 4.342671 -4.509887
 H 1.145914 -8.690090 -0.033351
 H -0.101302 -8.142119 0.770495
 H -3.865959 -2.681712 -7.005161
 H -5.267809 -2.257946 -7.513287
 H -3.977629 2.209999 -0.664007
 H -4.511953 2.156989 -2.046960
 H 5.245662 4.174744 -4.659342
 H 4.421431 4.936320 -5.599968
 H 2.267708 -1.086094 -0.871580
 H 1.136030 -0.188612 -0.875271
 H -4.556957 -3.453723 1.900978
 H -5.425374 -4.654225 2.331470
 H 2.704008 1.842508 1.654707
 H 1.388065 2.141739 2.519276
K_POINTS
 1
0.0 0.0 0.0 1.0