
&control
    calculation='scf'
    pseudo_dir = './',
    outdir='./outputs',
    disk_io='high'
/
&system
    ibrav= 1, celldm(1)=20.000000, nat=  192, ntyp= 2,
    ecutwfc = 30.0, nosym=.true., occupations='smearing',
    smearing='m-v', degauss=0.025
/
&electrons
    conv_thr =  1.0d-8,
    mixing_beta = 0.7
/
&ions
    pot_extrapolation='second-order'
    wfc_extrapolation='second-order'
    ion_temperature = 'andersen'
    tempw = 1000

/
ATOMIC_SPECIES
 H  1.01  H.blyp-hgh.UPF
 O  16.0  O.blyp-hgh.UPF
ATOMIC_POSITIONS bohr
 O -6.128224 -1.868937 0.029687
 O 3.591090 -1.534159 6.239530
 O -5.790398 7.580644 -5.392704
 O 2.935916 2.944635 -0.460506
 O -4.318600 0.769321 4.585523
 O 0.605772 5.569741 5.843016
 O -3.000695 -5.820578 -2.566513
 O 4.783559 0.333812 4.736030
 O -2.206688 -6.365191 6.849359
 O 1.648912 -2.944623 3.887105
 O 1.867022 -5.475174 1.501861
 O -2.670241 -4.289561 5.027785
 O -3.102196 -7.184616 -0.005577
 O -3.294615 -3.371849 -4.528939
 O 2.905921 -4.140997 -0.657305
 O -1.128533 2.700310 -2.195912
 O -1.563783 -2.587089 0.676857
 O -0.466029 -4.545733 3.122339
 O 2.839367 -3.834056 -3.246563
 O 5.607855 4.127556 1.255860
 O 4.554453 -3.808932 5.117359
 O -2.083440 -0.862304 -3.425544
 O -1.458274 2.921497 -4.842890
 O 4.985417 1.398778 -0.347778
 O 3.394297 1.371791 -3.645424
 O -4.515759 4.019083 -6.829170
 O 4.615259 -5.680606 0.613378
 O 1.392610 -0.364011 -5.689241
 O -3.307490 1.184751 -5.274824
 O 0.100797 -1.133706 1.927924
 O 6.357709 -2.415190 -3.464174
 O 3.974158 -1.348072 -1.086009
 O -1.186151 4.939831 2.738418
 O -4.547620 -0.228052 -2.289319
 O -0.149178 -4.930140 0.039773
 O 5.483213 3.056153 -8.504082
 O 2.986703 5.368040 4.487429
 O -6.854490 6.468371 -2.874063
 O 0.634478 0.627433 -2.876825
 O -4.836051 -4.853854 -0.990097
 O -2.990154 7.387005 2.526849
 O -1.868901 3.280081 4.920426
 O -3.185622 0.338380 0.426994
 O -1.479679 -0.887989 4.563045
 O 2.004922 2.010214 5.293171
 O -5.538190 1.337106 2.123882
 O 3.638413 5.191044 -1.845860
 O 0.914038 -5.955266 -3.090049
 O -5.118069 4.606091 -3.977872
 O 6.573798 1.633984 7.924124
 O -0.599205 1.629075 1.877982
 O 0.719343 -2.269297 -3.109896
 O -0.128957 -4.103134 -5.425399
 O 6.900978 -5.792720 4.006421
 O 3.385739 -2.820120 1.583846
 O 6.195076 -0.825728 3.150402
 O 1.473960 3.604381 -4.391800
 O 0.245619 -8.312325 -0.117799
 O -4.759793 -2.442360 -6.696798
 O -4.777745 2.517908 -1.168684
 O 4.289346 4.215176 -4.939367
 O 1.321545 -1.084855 -0.509584
 O -5.416231 -3.874592 1.704757
 O 2.339918 2.369015 2.404867
 H -6.890715 -2.071224 -0.556117
 H -6.138678 -2.575176 0.724565
 H 2.659115 -1.317487 6.538545
 H 3.582516 -2.146458 5.489451
 H -6.062156 7.564660 -4.432087
 H -4.998400 8.149406 -5.256366
 H 3.283304 3.653293 -1.101120
 H 2.124063 2.491971 -0.699640
 H -4.642569 -0.149808 4.692343
 H -4.273204 0.808797 3.605592
 H 1.019360 6.406086 6.077001
 H 1.244017 4.849693 5.751443
 H -2.433557 -6.119752 -3.298388
 H -3.336819 -4.910697 -2.657053
 H 4.874453 1.292876 4.927066
 H 4.183537 -0.266609 5.303840
 H -2.848717 -6.984222 6.476971
 H -1.331890 -6.811302 6.851033
 H 1.437324 -2.118736 3.457636
 H 2.270127 -3.371660 3.217263
 H 1.438899 -5.339061 2.370636
 H 1.092176 -5.491291 0.898211
 H -2.610238 -5.011314 5.700778
 H -1.994716 -4.641624 4.392726
 H -3.217966 -8.085426 -0.341661
 H -3.033708 -6.681084 -0.848455
 H -3.287267 -2.596178 -3.951510
 H -2.482842 -3.369878 -5.060180
 H 3.140030 -3.895764 -1.591948
 H 2.133340 -4.696526 -0.608558
 H -1.073833 3.123304 -3.097325
 H -0.653505 3.163975 -1.476535
 H -2.252580 -2.010573 0.308267
 H -1.062738 -1.971407 1.256305
 H 0.366580 -3.997917 3.288777
 H -0.998233 -4.070322 2.454409
 H 2.376675 -4.602820 -3.630587
 H 2.357476 -3.147091 -3.755108
 H 5.851781 4.810468 0.579240
 H 6.480918 3.734512 1.406917
 H 5.223381 -3.500041 4.473487
 H 5.034651 -3.435657 5.895165
 H -1.154460 -1.023630 -3.145624
 H -1.926162 -0.378437 -4.256197
 H -0.663382 2.423106 -5.120205
 H -2.036964 2.183072 -4.548575
 H 5.800225 1.446251 -0.869833
 H 4.375209 2.156613 -0.513720
 H 3.742514 1.077660 -2.768925
 H 4.021335 2.002094 -4.062328
 H -5.088302 4.545912 -7.393248
 H -4.866565 3.108945 -6.728597
 H 4.384534 -5.920793 1.516984
 H 4.197774 -4.809514 0.469865
 H 0.642612 -0.810797 -6.138940
 H 1.461301 0.556041 -6.064399
 H -3.127321 1.610453 -6.135034
 H -4.268323 1.052272 -5.190698
 H -0.011642 -0.139440 1.943086
 H 0.664549 -1.187740 1.127709
 H 6.603381 -2.590686 -4.407814
 H 5.369252 -2.507338 -3.483390
 H 4.305652 -0.567718 -0.576024
 H 3.563506 -1.953654 -0.411695
 H -1.214165 5.923697 2.781375
 H -1.371778 4.745696 3.683421
 H -3.736963 -0.620873 -2.695909
 H -5.245104 -0.906572 -2.410055
 H -0.851242 -5.512625 -0.289165
 H -0.485037 -4.004005 0.126404
 H 4.970525 3.882484 -8.491379
 H 6.268416 2.915284 -9.082315
 H 2.640987 4.835727 3.715066
 H 3.067279 6.264965 4.090515
 H -6.433686 5.745651 -3.467510
 H -6.031576 6.852855 -2.549420
 H -0.126192 1.215204 -2.645903
 H 1.249484 1.185271 -3.406569
 H -5.298817 -4.309758 -1.653369
 H -4.978064 -4.453011 -0.114184
 H -2.874848 6.719456 1.820381
 H -3.601716 6.888406 3.123033
 H -2.828322 3.507866 4.979357
 H -1.581655 3.317902 5.842045
 H -2.438814 0.467273 -0.199452
 H -3.845326 0.155912 -0.310127
 H -1.305940 -0.927873 3.599455
 H -0.805935 -1.501563 4.913000
 H 2.343290 1.779953 4.401509
 H 2.323320 2.938026 5.338933
 H -6.056045 0.537065 1.904807
 H -5.043092 1.495534 1.292356
 H 4.500443 5.515741 -1.497727
 H 3.755117 5.071705 -2.816598
 H 0.167330 -5.330073 -3.252832
 H 0.785560 -6.183726 -2.139708
 H -4.907076 4.658419 -4.920438
 H -4.735875 3.907141 -3.458517
 H 6.098290 1.323700 8.727637
 H 5.856838 1.776963 7.271492
 H -1.276681 1.639035 1.158385
 H -0.931248 2.282797 2.510619
 H 0.861289 -2.490896 -2.152571
 H 1.337947 -1.540361 -3.309213
 H -0.097475 -3.485666 -4.665482
 H -1.003475 -4.550307 -5.326932
 H 6.940141 -5.158622 4.743059
 H 6.042842 -6.238811 4.015072
 H 4.346956 -2.689479 1.627343
 H 3.033294 -3.337027 0.796856
 H 5.456202 -1.113695 2.593183
 H 5.731526 -0.436970 3.993262
 H 2.284958 4.034856 -4.028862
 H 0.865130 4.343288 -4.512648
 H 1.143537 -8.690313 -0.027279
 H -0.099229 -8.135620 0.765948
 H -3.868188 -2.683601 -7.011333
 H -5.273856 -2.276036 -7.513350
 H -3.975233 2.223835 -0.670640
 H -4.508682 2.163164 -2.047833
 H 5.247220 4.184425 -4.653761
 H 4.425263 4.941033 -5.594034
 H 2.266774 -1.093040 -0.866233
 H 1.125953 -0.187572 -0.862347
 H -4.558799 -3.448103 1.903311
 H -5.434804 -4.653840 2.325331
 H 2.691729 1.833684 1.653618
 H 1.391479 2.162420 2.521657
K_POINTS
 1
0.0 0.0 0.0 1.0