
&control
    calculation='scf'
    pseudo_dir = './',
    outdir='./outputs',
    disk_io='high'
/
&system
    ibrav= 1, celldm(1)=20.000000, nat=  192, ntyp= 2,
    ecutwfc = 30.0, nosym=.true., occupations='smearing',
    smearing='m-v', degauss=0.025
/
&electrons
    conv_thr =  1.0d-8,
    mixing_beta = 0.7
/
&ions
    pot_extrapolation='second-order'
    wfc_extrapolation='second-order'
    ion_temperature = 'andersen'
    tempw = 1000

/
ATOMIC_SPECIES
 H  1.01  H.blyp-hgh.UPF
 O  16.0  O.blyp-hgh.UPF
ATOMIC_POSITIONS bohr
 O -6.129505 -1.871099 0.029377
 O 3.588041 -1.540571 6.247160
 O -5.795378 7.585508 -5.394686
 O 2.950284 2.935240 -0.460922
 O -4.313289 0.766847 4.588099
 O 0.605552 5.569375 5.838421
 O -3.008209 -5.822512 -2.572353
 O 4.781991 0.340987 4.742128
 O -2.206889 -6.361672 6.856531
 O 1.643557 -2.943161 3.889397
 O 1.868639 -5.476428 1.499925
 O -2.671000 -4.286972 5.028566
 O -3.097414 -7.186252 -0.008745
 O -3.292223 -3.365259 -4.524506
 O 2.911158 -4.132544 -0.654816
 O -1.126202 2.691726 -2.196855
 O -1.565729 -2.582664 0.672291
 O -0.467962 -4.537096 3.121554
 O 2.824271 -3.836614 -3.240258
 O 5.609036 4.127750 1.250937
 O 4.551322 -3.806066 5.125901
 O -2.082860 -0.863505 -3.423552
 O -1.455574 2.915249 -4.844345
 O 4.982131 1.397771 -0.362341
 O 3.387900 1.369209 -3.644392
 O -4.512599 4.019050 -6.836540
 O 4.615407 -5.688765 0.614174
 O 1.392275 -0.359406 -5.687231
 O -3.315229 1.189463 -5.276349
 O 0.101828 -1.133437 1.931863
 O 6.362124 -2.415307 -3.465488
 O 3.972608 -1.358048 -1.083426
 O -1.192857 4.937394 2.736831
 O -4.541826 -0.228066 -2.283244
 O -0.157187 -4.937620 0.043292
 O 5.481897 3.058856 -8.506811
 O 2.976287 5.371696 4.475254
 O -6.862194 6.475106 -2.872744
 O 0.637267 0.633141 -2.881090
 O -4.838553 -4.857579 -0.998147
 O -2.992236 7.390468 2.522429
 O -1.859916 3.281075 4.925057
 O -3.188848 0.342473 0.425201
 O -1.476172 -0.888464 4.561424
 O 2.015709 2.006184 5.295642
 O -5.540965 1.328966 2.128757
 O 3.645464 5.198156 -1.849761
 O 0.907855 -5.959295 -3.087778
 O -5.127900 4.601163 -3.976268
 O 6.583082 1.635768 7.927320
 O -0.601328 1.628635 1.875586
 O 0.721650 -2.270336 -3.110912
 O -0.130049 -4.102821 -5.422698
 O 6.902443 -5.792121 4.003943
 O 3.385566 -2.817588 1.582163
 O 6.202463 -0.829165 3.148994
 O 1.470632 3.599171 -4.389002
 O 0.245807 -8.310070 -0.126482
 O -4.762923 -2.449167 -6.699521
 O -4.780165 2.524855 -1.174315
 O 4.294637 4.213734 -4.938266
 O 1.319933 -1.086701 -0.508532
 O -5.416370 -3.867870 1.703974
 O 2.351394 2.366498 2.416544
 H -6.894319 -2.070666 -0.554075
 H -6.131988 -2.557596 0.739492
 H 2.662320 -1.318114 6.553455
 H 3.579134 -2.139475 5.487501
 H -6.047219 7.576366 -4.434225
 H -4.994652 8.142269 -5.241984
 H 3.281084 3.633967 -1.116008
 H 2.135589 2.478047 -0.681727
 H -4.632683 -0.159477 4.699782
 H -4.256404 0.808528 3.605801
 H 1.026964 6.400632 6.080816
 H 1.240964 4.846762 5.731471
 H -2.421644 -6.127222 -3.282074
 H -3.328076 -4.905283 -2.663832
 H 4.857746 1.297055 4.933243
 H 4.188959 -0.278495 5.291205
 H -2.841262 -6.977486 6.474970
 H -1.334472 -6.815586 6.853427
 H 1.432552 -2.122104 3.464533
 H 2.292296 -3.360981 3.237767
 H 1.431823 -5.351111 2.367755
 H 1.082583 -5.498733 0.907331
 H -2.623564 -5.000914 5.708184
 H -1.987595 -4.632956 4.406888
 H -3.201910 -8.095952 -0.326371
 H -3.018418 -6.690229 -0.853131
 H -3.289563 -2.578762 -3.957433
 H -2.490920 -3.368466 -5.074090
 H 3.139422 -3.887901 -1.585089
 H 2.133774 -4.686533 -0.616676
 H -1.063421 3.125148 -3.098510
 H -0.643722 3.166062 -1.482950
 H -2.267103 -2.018478 0.302238
 H -1.071233 -1.972966 1.257706
 H 0.371868 -3.997417 3.293146
 H -0.992991 -4.069502 2.435835
 H 2.379542 -4.598909 -3.641429
 H 2.334640 -3.159706 -3.756922
 H 5.858404 4.816711 0.576673
 H 6.484356 3.751877 1.404872
 H 5.216534 -3.510776 4.470509
 H 5.051069 -3.433972 5.887617
 H -1.151146 -1.025597 -3.149656
 H -1.932105 -0.366631 -4.245154
 H -0.653205 2.418849 -5.119694
 H -2.057450 2.184074 -4.560614
 H 5.797385 1.463983 -0.882766
 H 4.372152 2.159335 -0.515124
 H 3.750807 1.075733 -2.771028
 H 4.028851 1.985619 -4.052138
 H -5.079998 4.564088 -7.384257
 H -4.878480 3.113769 -6.741680
 H 4.381511 -5.934952 1.515116
 H 4.208921 -4.813225 0.476208
 H 0.646852 -0.812661 -6.128473
 H 1.448649 0.563116 -6.056264
 H -3.127441 1.619515 -6.133687
 H -4.277541 1.050097 -5.195366
 H -0.037801 -0.142907 1.952736
 H 0.658633 -1.198333 1.131863
 H 6.598228 -2.603151 -4.406405
 H 5.369565 -2.492825 -3.499859
 H 4.299142 -0.571004 -0.571461
 H 3.557741 -1.953818 -0.413353
 H -1.198517 5.931037 2.776838
 H -1.371295 4.742765 3.696205
 H -3.732191 -0.620556 -2.692357
 H -5.243423 -0.902265 -2.398553
 H -0.856028 -5.516443 -0.296051
 H -0.482336 -4.012096 0.132584
 H 4.956420 3.877675 -8.481710
 H 6.256685 2.932800 -9.105050
 H 2.642301 4.808159 3.719145
 H 3.073965 6.258203 4.061438
 H -6.432266 5.769488 -3.480596
 H -6.031195 6.852245 -2.542101
 H -0.122998 1.216701 -2.657425
 H 1.253205 1.188345 -3.415380
 H -5.315937 -4.315238 -1.644114
 H -4.980423 -4.469071 -0.113698
 H -2.875159 6.717527 1.824210
 H -3.606941 6.902634 3.125427
 H -2.816383 3.526485 4.979367
 H -1.561786 3.330911 5.847939
 H -2.437169 0.462829 -0.196459
 H -3.849879 0.155474 -0.306315
 H -1.302145 -0.918641 3.596157
 H -0.797467 -1.503944 4.893078
 H 2.353029 1.797759 4.396255
 H 2.327200 2.938833 5.317166
 H -6.031092 0.513909 1.904243
 H -5.024077 1.483243 1.309182
 H 4.513310 5.511259 -1.517529
 H 3.750732 5.084729 -2.820358
 H 0.178213 -5.309013 -3.247084
 H 0.796880 -6.177821 -2.132251
 H -4.927082 4.653068 -4.929474
 H -4.727062 3.900538 -3.468681
 H 6.120750 1.328225 8.745575
 H 5.852523 1.764558 7.281670
 H -1.270635 1.638678 1.159552
 H -0.925645 2.278110 2.524954
 H 0.862187 -2.488093 -2.153672
 H 1.336122 -1.532483 -3.300725
 H -0.086911 -3.496745 -4.655723
 H -0.989600 -4.577723 -5.319977
 H 6.933621 -5.167338 4.747071
 H 6.049848 -6.253073 4.020346
 H 4.346292 -2.679171 1.633826
 H 3.029002 -3.334688 0.803189
 H 5.469882 -1.122958 2.588626
 H 5.734394 -0.438424 3.985644
 H 2.275801 4.035797 -4.025752
 H 0.869513 4.345393 -4.516726
 H 1.140252 -8.689587 -0.017197
 H -0.096457 -8.125675 0.760611
 H -3.870997 -2.687021 -7.020786
 H -5.282547 -2.302862 -7.513623
 H -3.972643 2.244886 -0.680296
 H -4.504539 2.172183 -2.048895
 H 5.248540 4.198041 -4.644644
 H 4.429237 4.947633 -5.585234
 H 2.264424 -1.104215 -0.857375
 H 1.109298 -0.186288 -0.843445
 H -4.561384 -3.440106 1.907057
 H -5.449124 -4.652291 2.315251
 H 2.672749 1.821484 1.653094
 H 1.396792 2.193127 2.524038
K_POINTS
 1
0.0 0.0 0.0 1.0