
&control
    calculation='scf'
    pseudo_dir = './',
    outdir='./outputs',
    disk_io='high'
/
&system
    ibrav= 1, celldm(1)=20.000000, nat=  192, ntyp= 2,
    ecutwfc = 30.0, nosym=.true., occupations='smearing',
    smearing='m-v', degauss=0.025
/
&electrons
    conv_thr =  1.0d-8,
    mixing_beta = 0.7
/
&ions
    pot_extrapolation='second-order'
    wfc_extrapolation='second-order'
    ion_temperature = 'andersen'
    tempw = 1000

/
ATOMIC_SPECIES
 H  1.01  H.blyp-hgh.UPF
 O  16.0  O.blyp-hgh.UPF
ATOMIC_POSITIONS bohr
 O -6.129928 -1.871825 0.029302
 O 3.587071 -1.542673 6.249740
 O -5.797013 7.587162 -5.395264
 O 2.955119 2.932147 -0.461024
 O -4.311516 0.765994 4.588947
 O 0.605358 5.569216 5.836907
 O -3.010690 -5.823207 -2.574236
 O 4.781435 0.343346 4.744190
 O -2.206920 -6.360470 6.858968
 O 1.641845 -2.942813 3.890156
 O 1.869219 -5.476863 1.499354
 O -2.671241 -4.286149 5.028867
 O -3.095797 -7.186787 -0.009796
 O -3.291461 -3.363125 -4.523004
 O 2.912966 -4.129626 -0.653958
 O -1.125456 2.688826 -2.197185
 O -1.566420 -2.581237 0.670726
 O -0.468562 -4.534199 3.121302
 O 2.819272 -3.837437 -3.238240
 O 5.609454 4.127890 1.249241
 O 4.550342 -3.805071 5.128731
 O -2.082625 -0.863917 -3.422883
 O -1.454593 2.913168 -4.844813
 O 4.981029 1.397332 -0.367209
 O 3.385784 1.368327 -3.644020
 O -4.511482 4.019018 -6.838918
 O 4.615530 -5.691495 0.614435
 O 1.392105 -0.357866 -5.686553
 O -3.317742 1.191034 -5.276829
 O 0.102183 -1.133257 1.933228
 O 6.363527 -2.415369 -3.465962
 O 3.972043 -1.361369 -1.082565
 O -1.195100 4.936630 2.736343
 O -4.539881 -0.228060 -2.281200
 O -0.159829 -4.940117 0.044418
 O 5.481461 3.059701 -8.507607
 O 2.972837 5.372878 4.471112
 O -6.864686 6.477301 -2.872425
 O 0.638218 0.635040 -2.882508
 O -4.839368 -4.858840 -1.000867
 O -2.992975 7.391561 2.520947
 O -1.856949 3.281423 4.926537
 O -3.189924 0.343845 0.424493
 O -1.474979 -0.888625 4.560875
 O 2.019327 2.004888 5.296436
 O -5.541820 1.326332 2.130311
 O 3.647761 5.200440 -1.851055
 O 0.905736 -5.960621 -3.086999
 O -5.131290 4.599629 -3.975742
 O 6.586111 1.636368 7.928404
 O -0.602040 1.628471 1.874754
 O 0.722390 -2.270695 -3.111243
 O -0.130444 -4.102728 -5.421774
 O 6.902968 -5.791945 4.003078
 O 3.385458 -2.816692 1.581660
 O 6.204940 -0.830412 3.148555
 O 1.469556 3.597424 -4.388053
 O 0.245862 -8.309332 -0.129437
 O -4.764008 -2.451410 -6.700445
 O -4.780908 2.527165 -1.176215
 O 4.296508 4.213301 -4.937912
 O 1.319443 -1.087268 -0.508208
 O -5.416423 -3.865643 1.703733
 O 2.355232 2.365639 2.420446
 H -6.895352 -2.070438 -0.553368
 H -6.129605 -2.551745 0.744286
 H 2.663562 -1.318183 6.558085
 H 3.577710 -2.137573 5.486755
 H -6.042655 7.579914 -4.435254
 H -4.993181 8.139884 -5.237655
 H 3.279787 3.627664 -1.120952
 H 2.139338 2.473306 -0.676368
 H -4.629211 -0.162456 4.702442
 H -4.251005 0.808620 3.605922
 H 1.029816 6.398940 6.082120
 H 1.240204 4.846071 5.724850
 H -2.417838 -6.129379 -3.276954
 H -3.324913 -4.903603 -2.666345
 H 4.852004 1.298314 4.935282
 H 4.190933 -0.281891 5.287276
 H -2.838941 -6.975549 6.474231
 H -1.335344 -6.817033 6.853956
 H 1.430733 -2.122510 3.466363
 H 2.299485 -3.356920 3.244947
 H 1.429369 -5.355224 2.366619
 H 1.079210 -5.501190 0.910392
 H -2.628104 -4.997317 5.710711
 H -1.985170 -4.629653 4.411415
 H -3.196592 -8.099566 -0.321247
 H -3.013507 -6.693092 -0.854821
 H -3.290034 -2.572711 -3.959470
 H -2.493632 -3.367745 -5.078773
 H 3.138852 -3.885541 -1.582992
 H 2.133583 -4.683511 -0.619536
 H -1.059865 3.125764 -3.098432
 H -0.640365 3.167097 -1.485178
 H -2.272064 -2.021206 0.300174
 H -1.073820 -1.973257 1.258389
 H 0.373079 -3.997248 3.294716
 H -0.991165 -4.069285 2.429770
 H 2.380544 -4.598178 -3.644764
 H 2.327189 -3.163752 -3.757222
 H 5.860293 4.818687 0.576117
 H 6.485632 3.757347 1.404263
 H 5.214047 -3.514519 4.469124
 H 5.056280 -3.433770 5.885426
 H -1.150065 -1.026422 -3.150846
 H -1.934433 -0.362524 -4.241668
 H -0.649734 2.417574 -5.119412
 H -2.064727 2.184360 -4.564822
 H 5.796600 1.470177 -0.887031
 H 4.371154 2.160215 -0.515491
 H 3.753563 1.075300 -2.772048
 H 4.031160 1.980101 -4.048559
 H -5.077589 4.570240 -7.381639
 H -4.882598 3.115528 -6.746314
 H 4.380339 -5.939796 1.514615
 H 4.212499 -4.814693 0.478177
 H 0.648334 -0.813033 -6.124960
 H 1.444532 0.565269 -6.053609
 H -3.127664 1.622189 -6.133411
 H -4.280738 1.049400 -5.196890
 H -0.046656 -0.144267 1.956188
 H 0.657037 -1.202079 1.132868
 H 6.596573 -2.607123 -4.405750
 H 5.370081 -2.487936 -3.505241
 H 4.297010 -0.571999 -0.570015
 H 3.556118 -1.953815 -0.413862
 H -1.193099 5.933280 2.775143
 H -1.371003 4.741439 3.700235
 H -3.730646 -0.620291 -2.691166
 H -5.242812 -0.900932 -2.394762
 H -0.857869 -5.517655 -0.298339
 H -0.481792 -4.014830 0.134612
 H 4.952052 3.876098 -8.479019
 H 6.252217 2.938880 -9.112731
 H 2.642908 4.799284 3.720805
 H 3.076151 6.255794 4.051911
 H -6.432075 5.777866 -3.484363
 H -6.030945 6.852008 -2.539232
 H -0.121943 1.217481 -2.661205
 H 1.254396 1.189308 -3.418187
 H -5.321689 -4.316634 -1.640768
 H -4.981448 -4.474309 -0.113386
 H -2.875270 6.716868 1.825238
 H -3.608501 6.907657 3.126176
 H -2.812277 3.532651 4.979326
 H -1.555151 3.335218 5.850201
 H -2.436464 0.461334 -0.195264
 H -3.851542 0.155146 -0.304731
 H -1.300957 -0.915536 3.595211
 H -0.794758 -1.504901 4.886410
 H 2.356251 1.803434 4.394363
 H 2.328368 2.938905 5.310315
 H -6.022811 0.506147 1.904377
 H -5.017809 1.479188 1.314948
 H 4.517478 5.509948 -1.524314
 H 3.749425 5.089238 -2.821348
 H 0.182129 -5.302229 -3.245189
 H 0.800789 -6.175874 -2.129973
 H -4.933361 4.650860 -4.932519
 H -4.723792 3.897919 -3.472155
 H 6.128499 1.329652 8.751270
 H 5.851237 1.760308 7.285116
 H -1.268500 1.638638 1.160165
 H -0.923907 2.276638 2.529920
 H 0.862468 -2.486937 -2.154371
 H 1.335253 -1.529652 -3.297791
 H -0.083288 -3.500351 -4.652403
 H -0.984708 -4.586791 -5.317806
 H 6.931303 -5.170222 4.748702
 H 6.052006 -6.257716 4.022175
 H 4.346041 -2.676033 1.635678
 H 3.028047 -3.333996 0.805315
 H 5.474336 -1.126145 2.587095
 H 5.735332 -0.438688 3.982593
 H 2.272542 4.035872 -4.024906
 H 0.870813 4.346379 -4.518077
 H 1.139248 -8.689072 -0.013612
 H -0.095631 -8.122310 0.759168
 H -3.871809 -2.688314 -7.023972
 H -5.285366 -2.311707 -7.513792
 H -3.972031 2.251969 -0.683406
 H -4.503360 2.175110 -2.049236
 H 5.248739 4.202316 -4.641389
 H 4.430078 4.949696 -5.582328
 H 2.263390 -1.108089 -0.854236
 H 1.103393 -0.185952 -0.837288
 H -4.562188 -3.437576 1.908384
 H -5.453916 -4.651511 2.311676
 H 2.666285 1.817739 1.653275
 H 1.398577 2.203278 2.524539
K_POINTS
 1
0.0 0.0 0.0 1.0