
&control
    calculation='scf'
    pseudo_dir = './',
    outdir='./outputs',
    disk_io='high'
/
&system
    ibrav= 1, celldm(1)=20.000000, nat=  192, ntyp= 2,
    ecutwfc = 30.0, nosym=.true., occupations='smearing',
    smearing='m-v', degauss=0.025
/
&electrons
    conv_thr =  1.0d-8,
    mixing_beta = 0.7
/
&ions
    pot_extrapolation='second-order'
    wfc_extrapolation='second-order'
    ion_temperature = 'andersen'
    tempw = 1000

/
ATOMIC_SPECIES
 H  1.01  H.blyp-hgh.UPF
 O  16.0  O.blyp-hgh.UPF
ATOMIC_POSITIONS bohr
 O -6.131576 -1.874689 0.029114
 O 3.583474 -1.550912 6.260234
 O -5.803345 7.593975 -5.397196
 O 2.974625 2.919973 -0.461255
 O -4.304417 0.762398 4.592271
 O 0.604019 5.568410 5.830955
 O -3.020530 -5.826220 -2.581416
 O 4.779086 0.352540 4.752516
 O -2.206813 -6.355520 6.868946
 O 1.635384 -2.942153 3.893205
 O 1.871672 -5.478693 1.497438
 O -2.672202 -4.283002 5.030298
 O -3.089216 -7.188896 -0.013948
 O -3.288577 -3.354876 -4.516865
 O 2.920417 -4.117527 -0.650333
 O -1.122578 2.677129 -2.198567
 O -1.569423 -2.575778 0.664221
 O -0.470764 -4.522512 3.120303
 O 2.799464 -3.840529 -3.230595
 O 5.611227 4.128878 1.242149
 O 4.546752 -3.800910 5.139906
 O -2.081470 -0.865624 -3.420166
 O -1.450269 2.904816 -4.846604
 O 4.976625 1.395071 -0.386768
 O 3.377422 1.364666 -3.642333
 O -4.506693 4.018783 -6.848031
 O 4.616399 -5.702492 0.615471
 O 1.391180 -0.351653 -5.683764
 O -3.327468 1.197321 -5.278598
 O 0.103607 -1.132122 1.938986
 O 6.368742 -2.415733 -3.468016
 O 3.969598 -1.374515 -1.079145
 O -1.204119 4.933882 2.734718
 O -4.532040 -0.227968 -2.272923
 O -0.170238 -4.950167 0.048690
 O 5.479744 3.062809 -8.510233
 O 2.959161 5.377387 4.454167
 O -6.874167 6.485898 -2.871719
 O 0.642172 0.642590 -2.888180
 O -4.842513 -4.863991 -1.011828
 O -2.996161 7.395652 2.514995
 O -1.845198 3.282911 4.932195
 O -3.194210 0.349376 0.421161
 O -1.470095 -0.889283 4.558602
 O 2.033942 1.999994 5.299395
 O -5.544881 1.316198 2.136150
 O 3.656620 5.209120 -1.856187
 O 0.896975 -5.965828 -3.083785
 O -5.145347 4.593981 -3.973776
 O 6.597834 1.638781 7.932854
 O -0.604830 1.627777 1.871426
 O 0.725211 -2.272153 -3.112557
 O -0.132158 -4.102431 -5.417981
 O 6.905202 -5.791379 3.999439
 O 3.384799 -2.812812 1.580020
 O 6.214910 -0.835917 3.146958
 O 1.465357 3.590428 -4.384182
 O 0.246032 -8.306442 -0.141464
 O -4.768506 -2.460254 -6.704219
 O -4.783594 2.536396 -1.183912
 O 4.304498 4.211825 -4.936570
 O 1.317653 -1.089318 -0.506999
 O -5.416690 -3.856785 1.702832
 O 2.370646 2.362072 2.436046
 H -6.898736 -2.069460 -0.550310
 H -6.119485 -2.528712 0.762589
 H 2.669178 -1.317731 6.574852
 H 3.570436 -2.132072 5.483447
 H -6.026985 7.592186 -4.440279
 H -4.986241 8.130259 -5.223031
 H 3.271970 3.603295 -1.140610
 H 2.153976 2.453906 -0.657898
 H -4.614278 -0.172661 4.713784
 H -4.230534 0.809740 3.607045
 H 1.042681 6.392580 6.087406
 H 1.238292 4.844874 5.698590
 H -2.403222 -6.136380 -3.258277
 H -3.310942 -4.897637 -2.677644
 H 4.828160 1.303062 4.943491
 H 4.199417 -0.292497 5.273252
 H -2.830782 -6.969447 6.470819
 H -1.338950 -6.822746 6.854803
 H 1.422256 -2.120227 3.471116
 H 2.327017 -3.338181 3.275302
 H 1.419308 -5.372096 2.361319
 H 1.065235 -5.510894 0.922631
 H -2.646640 -4.982411 5.721097
 H -1.974869 -4.614653 4.428265
 H -3.175434 -8.114247 -0.300654
 H -2.994861 -6.703695 -0.862387
 H -3.290356 -2.547618 -3.968243
 H -2.504700 -3.363532 -5.097558
 H 3.135004 -3.877214 -1.575997
 H 2.131623 -4.672662 -0.631633
 H -1.045393 3.127888 -3.095589
 H -0.626796 3.172483 -1.494799
 H -2.292168 -2.032690 0.291874
 H -1.082963 -1.973083 1.262256
 H 0.375137 -3.996509 3.301423
 H -0.983168 -4.068867 2.406551
 H 2.384686 -4.598762 -3.656894
 H 2.298249 -3.178929 -3.756772
 H 5.866059 4.825955 0.575474
 H 6.491779 3.777396 1.402321
 H 5.202937 -3.530375 4.461685
 H 5.075920 -3.434591 5.878648
 H -1.145969 -1.030545 -3.154892
 H -1.945417 -0.345170 -4.228813
 H -0.636052 2.413225 -5.117486
 H -2.095435 2.185572 -4.582837
 H 5.794198 1.496252 -0.903690
 H 4.367256 2.163505 -0.516380
 H 3.764263 1.074442 -2.777683
 H 4.039604 1.958263 -4.033803
 H -5.069739 4.595331 -7.373071
 H -4.899764 3.123349 -6.766238
 H 4.374829 -5.959758 1.513138
 H 4.226045 -4.821538 0.485327
 H 0.654152 -0.813513 -6.111053
 H 1.428598 0.572828 -6.043322
 H -3.129566 1.631095 -6.133135
 H -4.293857 1.046872 -5.202884
 H -0.082410 -0.150699 1.970878
 H 0.652561 -1.217804 1.134945
 H 6.590586 -2.622120 -4.402550
 H 5.374302 -2.468105 -3.525983
 H 4.288552 -0.575825 -0.564932
 H 3.550844 -1.954073 -0.415166
 H -1.170536 5.940358 2.767595
 H -1.369019 4.734752 3.714092
 H -3.724719 -0.618503 -2.686366
 H -5.240053 -0.896154 -2.379842
 H -0.866522 -5.522158 -0.307463
 H -0.481570 -4.025646 0.142539
 H 4.936237 3.869912 -8.470940
 H 6.231404 2.964334 -9.143777
 H 2.646194 4.765683 3.728779
 H 3.084572 6.245352 4.014412
 H -6.432831 5.813240 -3.496530
 H -6.030009 6.850665 -2.525778
 H -0.118068 1.222226 -2.675917
 H 1.258835 1.192770 -3.428664
 H -5.345208 -4.319743 -1.626499
 H -4.986643 -4.494860 -0.111745
 H -2.875776 6.714008 1.828060
 H -3.613781 6.929076 3.128866
 H -2.795174 3.557016 4.979062
 H -1.528908 3.352232 5.860104
 H -2.432972 0.455279 -0.189590
 H -3.858957 0.152965 -0.297105
 H -1.296708 -0.902920 3.592253
 H -0.784369 -1.509655 4.859817
 H 2.368840 1.824372 4.386199
 H 2.332302 2.938299 5.285358
 H -5.989920 0.474935 1.906574
 H -4.993081 1.463256 1.338763
 H 4.533897 5.505741 -1.552144
 H 3.744934 5.108028 -2.824322
 H 0.199349 -5.276520 -3.237542
 H 0.816971 -6.168139 -2.121960
 H -4.956675 4.639917 -4.943977
 H -4.709367 3.885829 -3.486742
 H 6.160969 1.335081 8.772261
 H 5.847094 1.742713 7.299383
 H -1.260139 1.639033 1.163112
 H -0.917502 2.270687 2.550046
 H 0.863469 -2.481337 -2.158563
 H 1.330317 -1.517481 -3.285604
 H -0.068500 -3.514354 -4.638754
 H -0.963863 -4.622517 -5.309690
 H 6.921402 -5.181582 4.756711
 H 6.060037 -6.275656 4.029749
 H 4.344747 -2.665040 1.641409
 H 3.026588 -3.331888 0.813526
 H 5.491542 -1.139402 2.580845
 H 5.738993 -0.438523 3.967996
 H 2.258902 4.034984 -4.022301
 H 0.875277 4.351408 -4.523485
 H 1.135768 -8.685709 0.001600
 H -0.092817 -8.108653 0.754522
 H -3.874633 -2.694207 -7.036768
 H -5.296393 -2.346504 -7.515025
 H -3.970668 2.280528 -0.695090
 H -4.499613 2.186301 -2.050891
 H 5.248590 4.217979 -4.627181
 H 4.430999 4.957229 -5.570872
 H 2.258128 -1.123979 -0.841022
 H 1.078398 -0.185233 -0.813456
 H -4.565046 -3.428260 1.914168
 H -5.473024 -4.647140 2.296478
 H 2.639908 1.804605 1.656085
 H 1.405637 2.243492 2.525247
K_POINTS
 1
0.0 0.0 0.0 1.0