
&control
    calculation='scf'
    pseudo_dir = './',
    outdir='./outputs',
    disk_io='high'
/
&system
    ibrav= 1, celldm(1)=20.000000, nat=  192, ntyp= 2,
    ecutwfc = 30.0, nosym=.true., occupations='smearing',
    smearing='m-v', degauss=0.025
/
&electrons
    conv_thr =  1.0d-8,
    mixing_beta = 0.7
/
&ions
    pot_extrapolation='second-order'
    wfc_extrapolation='second-order'
    ion_temperature = 'andersen'
    tempw = 1000

/
ATOMIC_SPECIES
 H  1.01  H.blyp-hgh.UPF
 O  16.0  O.blyp-hgh.UPF
ATOMIC_POSITIONS bohr
 O -5.268208 -1.465371 -1.673451
 O 3.848519 -2.040056 5.391780
 O -5.750155 5.524234 -5.415462
 O -0.148430 3.876170 -1.448440
 O -4.746664 0.779994 3.954150
 O -0.225984 5.501549 5.257503
 O -0.143948 -5.416398 -3.385081
 O 2.496429 0.080181 3.583329
 O -2.854871 -5.308781 5.684877
 O 2.044453 -2.783380 2.014593
 O 2.584100 -6.126760 2.902094
 O -4.009136 -2.974822 4.523617
 O -4.436477 -5.809559 0.713922
 O -3.619542 -5.722926 -3.831696
 O 2.464093 -2.807415 -2.350927
 O -2.041667 2.438062 0.868731
 O -1.212254 -1.838002 1.954206
 O 0.234193 -4.180008 3.780901
 O 5.361326 -4.399199 -4.993142
 O 5.392709 5.010046 2.230741
 O 5.861474 -3.014566 3.262157
 O -3.233804 -2.824923 -3.888671
 O -0.891732 2.690581 -4.942807
 O 3.951540 2.368516 2.929871
 O 2.335613 1.438612 -3.143852
 O -4.802372 2.605487 -6.280452
 O 4.509372 -5.997116 -1.235206
 O 2.029499 -1.249091 -4.685083
 O -2.071616 0.101896 -4.844537
 O 0.958272 -0.333122 0.837934
 O 4.733949 -1.734923 -3.591362
 O 5.257583 0.146016 -0.200800
 O -0.150497 4.649999 2.022527
 O -4.890947 0.749594 -4.037229
 O 0.754536 -3.833000 -0.403441
 O 4.513657 3.866082 -4.539309
 O 3.341599 5.440330 5.849049
 O -5.355634 4.086316 -1.992261
 O -0.403645 0.955848 -1.793316
 O -3.118130 -3.597980 -0.943465
 O -2.710137 5.497226 3.276268
 O -1.612628 2.815730 4.267942
 O -2.556933 -0.386305 -0.740441
 O -1.531765 -2.073645 4.816216
 O 0.625304 1.899441 5.030917
 O -4.641251 3.264768 1.354762
 O 2.980923 4.031111 -0.695205
 O 2.710404 -5.979719 -3.697521
 O -2.486909 4.454305 -2.331900
 O 5.282900 0.627687 5.446420
 O -2.918994 0.314677 1.961981
 O -0.698018 -2.319951 -2.519262
 O 0.043772 -3.407030 -5.461546
 O 5.787903 -5.926649 4.247055
 O 4.914798 -3.205646 -0.102213
 O 4.601547 -0.732850 2.452804
 O 1.270047 4.340778 -4.317358
 O -0.780992 -5.874454 0.402605
 O -5.478582 -1.537506 -5.741044
 O -4.668033 1.260511 -0.790611
 O 5.147351 1.430280 -2.318717
 O 2.870745 -0.305539 -1.229312
 O -5.263602 -1.343603 1.353438
 O 1.599531 2.496071 1.433787
 H -5.349887 -1.634670 -0.707542
 H -4.592258 -0.747670 -1.685747
 H 3.892885 -2.859942 5.928910
 H 3.255915 -2.323296 4.657785
 H -6.560843 5.045872 -5.106193
 H -5.304101 4.808972 -5.910397
 H 0.011091 2.892324 -1.591223
 H 0.552439 4.407594 -1.857986
 H -5.732490 0.897176 4.025548
 H -4.485963 1.410270 4.669326
 H 0.155034 6.359752 4.971188
 H 0.196932 5.222362 6.086844
 H -0.518049 -5.381009 -2.485953
 H -0.966050 -5.457159 -3.916261
 H 2.942026 0.949727 3.490902
 H 1.574913 0.291576 3.813325
 H -3.305509 -5.343893 6.559268
 H -1.930570 -5.577130 5.871337
 H 1.956669 -1.968001 1.478822
 H 2.952388 -3.113509 2.067657
 H 3.256511 -6.587488 2.361599
 H 1.719948 -6.483691 2.606823
 H -3.318652 -3.615941 4.222750
 H -4.717988 -3.197349 3.819822
 H -4.291389 -6.694465 0.319328
 H -3.963985 -5.161765 0.143723
 H -4.340057 -5.115145 -3.579752
 H -3.828110 -6.543447 -3.339615
 H 2.595027 -1.861174 -2.102912
 H 1.679104 -3.175276 -1.918269
 H -1.128987 2.702017 1.047754
 H -2.203059 1.467656 1.006813
 H -0.926316 -0.996413 1.626261
 H -1.062697 -1.846879 2.934875
 H 0.868044 -4.485321 3.094374
 H -0.570369 -4.073513 3.232065
 H 6.276843 -4.595974 -4.706530
 H 5.372390 -3.418186 -5.015625
 H 5.543431 5.275645 3.143967
 H 6.211268 4.983132 1.720981
 H 5.464847 -2.195241 2.882404
 H 5.707094 -3.744928 2.629211
 H -2.283620 -2.645283 -4.009939
 H -3.671395 -2.921357 -4.749717
 H -0.434524 2.803678 -4.089896
 H -1.463577 1.901147 -4.808689
 H 4.847695 2.737325 3.036953
 H 3.465815 3.020819 2.387366
 H 2.662877 0.845604 -3.862450
 H 1.571806 1.919714 -3.510772
 H -4.986773 1.891684 -5.647233
 H -3.999178 3.017336 -5.909067
 H 4.023122 -5.148168 -1.154677
 H 5.386890 -5.741760 -0.896408
 H 2.768215 -1.435561 -5.306835
 H 1.305578 -0.839468 -5.187459
 H -1.688766 -0.342469 -5.630192
 H -3.022763 0.245435 -5.025544
 H 0.781962 0.548015 1.230900
 H 1.752431 -0.068289 0.299606
 H 4.029985 -2.233565 -3.139002
 H 5.418383 -1.601223 -2.908248
 H 5.548244 0.917006 -0.724957
 H 5.538064 -0.540106 -0.819043
 H -0.289936 3.995504 2.729315
 H -0.810490 5.339063 2.224293
 H -5.000660 0.536133 -3.085488
 H -5.850172 0.859513 -4.196491
 H 0.392072 -4.708815 -0.120384
 H 1.418388 -3.675637 0.313853
 H 3.856077 4.263101 -5.166410
 H 4.723882 2.995044 -4.925552
 H 3.339773 5.491193 4.865658
 H 2.660284 6.118201 6.026690
 H -5.535233 3.637635 -1.141055
 H -4.405153 4.394048 -1.866070
 H 0.068236 0.261241 -2.285969
 H -0.665786 0.519361 -0.945929
 H -3.387645 -2.870647 -1.544558
 H -2.312704 -3.956303 -1.360095
 H -3.593184 5.709949 2.931139
 H -2.685767 5.716199 4.223855
 H -1.262005 2.294469 3.528625
 H -2.053056 3.632751 3.956521
 H -2.166630 -1.279465 -0.665939
 H -3.077345 -0.409239 0.090507
 H -2.459763 -2.375970 4.767797
 H -1.074854 -2.676251 5.449386
 H 1.229287 1.460602 5.646775
 H -0.001673 2.429412 5.580642
 H -4.964750 3.454547 2.249346
 H -3.761723 2.834348 1.483716
 H 3.459237 4.851120 -0.426678
 H 2.940928 4.214154 -1.654375
 H 3.596161 -5.572175 -3.773642
 H 2.162312 -5.418568 -3.115479
 H -2.441818 3.977156 -3.183840
 H -1.559907 4.214109 -2.005963
 H 5.830617 -0.166771 5.443890
 H 4.386360 0.300960 5.248262
 H -2.296902 -0.424546 1.974342
 H -3.463041 0.223456 2.778306
 H 0.266241 -2.514458 -2.545884
 H -0.785097 -2.191599 -1.554509
 H 0.051152 -3.140732 -4.518866
 H 0.699848 -2.818656 -5.872101
 H 5.178237 -6.290319 4.929148
 H 6.421594 -5.449839 4.817337
 H 5.895920 -3.145081 -0.111760
 H 4.691436 -2.249933 -0.031258
 H 4.735316 0.152205 2.054395
 H 3.615515 -0.748136 2.523351
 H 1.175131 4.103222 -5.247117
 H 1.641634 5.219414 -4.146153
 H -1.257886 -6.703563 0.600639
 H -1.461796 -5.209069 0.199973
 H -5.034537 -2.003883 -6.476842
 H -4.861910 -0.923158 -5.292340
 H -4.598234 2.194307 -1.048373
 H -4.685421 1.269114 0.187698
 H 5.774931 2.181208 -2.310626
 H 4.315050 1.824531 -2.668887
 H 3.691067 0.204388 -1.036483
 H 2.341808 0.272235 -1.819881
 H -6.183809 -1.205093 1.656191
 H -4.717378 -1.462285 2.143436
 H 0.678472 2.745698 1.566082
 H 1.885237 3.066264 0.680102
K_POINTS
 1
0.0 0.0 0.0 1.0