
&control
    calculation='scf'
    pseudo_dir = './',
    outdir='./outputs',
    disk_io='high'
/
&system
    ibrav= 1, celldm(1)=20.000000, nat=  192, ntyp= 2,
    ecutwfc = 30.0, nosym=.true., occupations='smearing',
    smearing='m-v', degauss=0.025
/
&electrons
    conv_thr =  1.0d-8,
    mixing_beta = 0.7
/
&ions
    pot_extrapolation='second-order'
    wfc_extrapolation='second-order'
    ion_temperature = 'andersen'
    tempw = 1000

/
ATOMIC_SPECIES
 H  1.01  H.blyp-hgh.UPF
 O  16.0  O.blyp-hgh.UPF
ATOMIC_POSITIONS bohr
 O -6.132352 -1.876068 0.029080
 O 3.581869 -1.554946 6.265565
 O -5.806349 7.597513 -5.397960
 O 2.984438 2.914003 -0.461272
 O -4.300860 0.760472 4.593884
 O 0.603036 5.567917 5.828049
 O -3.025414 -5.827855 -2.584794
 O 4.777867 0.356955 4.756693
 O -2.206610 -6.352977 6.874067
 O 1.632388 -2.942246 3.894745
 O 1.872932 -5.479663 1.496691
 O -2.672710 -4.281489 5.031162
 O -3.085857 -7.189945 -0.015987
 O -3.287226 -3.350907 -4.513711
 O 2.924217 -4.111268 -0.648384
 O -1.121168 2.671273 -2.199282
 O -1.571078 -2.573197 0.660812
 O -0.471769 -4.516615 3.119793
 O 2.789674 -3.841943 -3.227028
 O 5.612172 4.129635 1.238416
 O 4.545152 -3.798727 5.145374
 O -2.080763 -0.866516 -3.418779
 O -1.447878 2.900604 -4.847446
 O 4.974446 1.393640 -0.396615
 O 3.373306 1.362744 -3.641351
 O -4.504122 4.018613 -6.852363
 O 4.617063 -5.708047 0.615995
 O 1.390602 -0.348500 -5.682297
 O -3.332144 1.200465 -5.279393
 O 0.104308 -1.131335 1.942048
 O 6.371092 -2.415980 -3.469129
 O 3.968299 -1.380947 -1.077468
 O -1.208658 4.932723 2.734149
 O -4.528090 -0.227875 -2.268723
 O -0.175337 -4.955249 0.050689
 O 5.478911 3.064210 -8.511220
 O 2.952406 5.379492 4.445496
 O -6.878562 6.490131 -2.871683
 O 0.644255 0.646323 -2.891024
 O -4.844010 -4.866628 -1.017304
 O -2.997882 7.397545 2.512004
 O -1.839374 3.283721 4.934905
 O -3.196334 0.352170 0.419224
 O -1.467583 -0.889616 4.557410
 O 2.041349 1.997738 5.300705
 O -5.546198 1.311364 2.138839
 O 3.660826 5.213177 -1.858715
 O 0.892426 -5.968366 -3.082128
 O -5.152627 4.591406 -3.972908
 O 6.603439 1.639990 7.935154
 O -0.606143 1.627430 1.869855
 O 0.726548 -2.272865 -3.113227
 O -0.133078 -4.102331 -5.416037
 O 6.906370 -5.791184 3.997528
 O 3.384346 -2.810675 1.579456
 O 6.219929 -0.838982 3.146252
 O 1.463274 3.586948 -4.382214
 O 0.246086 -8.305027 -0.147540
 O -4.770823 -2.464603 -6.706156
 O -4.784783 2.541021 -1.187812
 O 4.308773 4.211244 -4.935949
 O 1.316814 -1.090222 -0.506424
 O -5.416871 -3.852369 1.702403
 O 2.378374 2.360195 2.443819
 H -6.900050 -2.069008 -0.548606
 H -6.114162 -2.517581 0.771237
 H 2.672237 -1.317044 6.582182
 H 3.565819 -2.130511 5.481753
 H -6.020943 7.597108 -4.442962
 H -4.982190 8.125365 -5.217503
 H 3.266577 3.591683 -1.150348
 H 2.161208 2.444012 -0.650374
 H -4.606134 -0.176559 4.719773
 H -4.221033 0.810671 3.608161
 H 1.049867 6.389467 6.090015
 H 1.237923 4.845284 5.685611
 H -2.396200 -6.138922 -3.250080
 H -3.303140 -4.895158 -2.684021
 H 4.815698 1.305457 4.947700
 H 4.203868 -0.295978 5.267399
 H -2.827458 -6.967357 6.468836
 H -1.340846 -6.825468 6.854514
 H 1.417328 -2.116831 3.471972
 H 2.339979 -3.327366 3.291367
 H 1.414251 -5.380743 2.358311
 H 1.058197 -5.515663 0.928698
 H -2.656066 -4.974734 5.726449
 H -1.969198 -4.606224 4.435819
 H -3.164891 -8.121522 -0.290319
 H -2.986173 -6.708553 -0.866689
 H -3.289549 -2.534739 -3.973173
 H -2.510451 -3.360602 -5.106882
 H 3.132288 -3.873611 -1.573553
 H 2.130255 -4.667763 -0.637999
 H -1.038110 3.128593 -3.092635
 H -0.620114 3.175671 -1.500164
 H -2.302197 -2.038825 0.287819
 H -1.086878 -1.972155 1.264836
 H 0.374546 -3.996039 3.304971
 H -0.978632 -4.068993 2.395761
 H 2.386838 -4.601361 -3.662287
 H 2.284304 -3.185802 -3.755513
 H 5.867797 4.829205 0.576086
 H 6.495596 3.786246 1.401684
 H 5.196607 -3.538859 4.456895
 H 5.085080 -3.435897 5.876590
 H -1.144116 -1.033081 -3.156537
 H -1.951874 -0.335945 -4.223032
 H -0.629602 2.411491 -5.115940
 H -2.111376 2.186397 -4.592668
 H 5.793364 1.509997 -0.911663
 H 4.365367 2.164956 -0.516442
 H 3.769292 1.074419 -2.781338
 H 4.043454 1.947685 -4.026412
 H -5.066772 4.608078 -7.369836
 H -4.908744 3.127730 -6.777035
 H 4.371589 -5.970056 1.512630
 H 4.232311 -4.825442 0.488469
 H 0.656738 -0.813289 -6.104331
 H 1.420962 0.575992 -6.038409
 H -3.131164 1.634448 -6.133488
 H -4.300439 1.045828 -5.205837
 H -0.100309 -0.154466 1.978587
 H 0.651401 -1.225919 1.134893
 H 6.588144 -2.629114 -4.400803
 H 5.377678 -2.458018 -3.535761
 H 4.284316 -0.577823 -0.562972
 H 3.548782 -1.954654 -0.415107
 H -1.158796 5.942378 2.763454
 H -1.367474 4.730749 3.719193
 H -3.721895 -0.617215 -2.683953
 H -5.238449 -0.894108 -2.372541
 H -0.871620 -5.524172 -0.312000
 H -0.482699 -4.030846 0.146376
 H 4.929304 3.866895 -8.468509
 H 6.219194 2.977682 -9.159405
 H 2.648342 4.750151 3.733439
 H 3.088543 6.239648 3.995913
 H -6.434129 5.831813 -3.500994
 H -6.029937 6.849637 -2.517965
 H -0.116451 1.225650 -2.682983
 H 1.260848 1.194250 -3.433421
 H -5.357384 -4.319687 -1.619007
 H -4.989836 -4.505005 -0.110903
 H -2.876087 6.712391 1.828712
 H -3.615857 6.940508 3.130030
 H -2.786209 3.568971 4.978925
 H -1.516157 3.360568 5.865215
 H -2.430887 0.452204 -0.186281
 H -3.863142 0.151372 -0.292685
 H -1.294948 -0.896465 3.591258
 H -0.779393 -1.512628 4.846671
 H 2.374864 1.833565 4.381858
 H 2.333783 2.937537 5.274549
 H -5.973613 0.459304 1.908710
 H -4.980909 1.455502 1.351079
 H 4.542115 5.504314 -1.566350
 H 3.743097 5.117827 -2.825432
 H 0.208917 -5.264617 -3.233602
 H 0.825327 -6.164280 -2.118617
 H -4.967330 4.633206 -4.948843
 H -4.701578 3.879163 -3.494637
 H 6.178127 1.337669 8.781553
 H 5.845723 1.733553 7.306898
 H -1.256492 1.639647 1.164516
 H -0.914572 2.267398 2.559898
 H 0.863889 -2.478042 -2.161293
 H 1.326894 -1.510976 -3.279285
 H -0.061038 -3.521137 -4.631724
 H -0.952720 -4.639966 -5.305890
 H 6.916124 -5.187159 4.761555
 H 6.063857 -6.284198 4.033633
 H 4.343872 -2.660511 1.643217
 H 3.027237 -3.331349 0.817272
 H 5.499764 -1.146330 2.577635
 H 5.740756 -0.437644 3.959383
 H 2.251999 4.033866 -4.021352
 H 0.877143 4.354341 -4.526199
 H 1.134375 -8.683279 0.009592
 H -0.091694 -8.101746 0.752531
 H -3.875922 -2.697556 -7.043118
 H -5.301815 -2.363517 -7.516038
 H -3.970529 2.294884 -0.700362
 H -4.498292 2.191526 -2.052075
 H 5.248113 4.224910 -4.619313
 H 4.430007 4.960569 -5.565278
 H 2.254949 -1.131974 -0.834180
 H 1.065297 -0.185342 -0.802061
 H -4.566234 -3.424152 1.917382
 H -5.482463 -4.644289 2.288467
 H 2.626525 1.799221 1.658851
 H 1.409107 2.263398 2.524912
K_POINTS
 1
0.0 0.0 0.0 1.0