
&control
    calculation='scf'
    pseudo_dir = './',
    outdir='./outputs',
    disk_io='high'
/
&system
    ibrav= 1, celldm(1)=20.000000, nat=  192, ntyp= 2,
    ecutwfc = 30.0, nosym=.true., occupations='smearing',
    smearing='m-v', degauss=0.025
/
&electrons
    conv_thr =  1.0d-8,
    mixing_beta = 0.7
/
&ions
    pot_extrapolation='second-order'
    wfc_extrapolation='second-order'
    ion_temperature = 'andersen'
    tempw = 1000

/
ATOMIC_SPECIES
 H  1.01  H.blyp-hgh.UPF
 O  16.0  O.blyp-hgh.UPF
ATOMIC_POSITIONS bohr
 O -6.133426 -1.878025 0.029093
 O 3.579740 -1.560925 6.273622
 O -5.810590 7.603004 -5.398895
 O 2.999153 2.905187 -0.461191
 O -4.295508 0.757420 4.596236
 O 0.601217 5.567101 5.823797
 O -3.032704 -5.830459 -2.589600
 O 4.776029 0.363306 4.762921
 O -2.206114 -6.349115 6.881894
 O 1.628166 -2.942832 3.897073
 O 1.874792 -5.481193 1.495811
 O -2.673546 -4.279253 5.032647
 O -3.080731 -7.191534 -0.018998
 O -3.285294 -3.345114 -4.508863
 O 2.929908 -4.101700 -0.645271
 O -1.119042 2.662550 -2.200346
 O -1.573757 -2.569495 0.655505
 O -0.473198 -4.507720 3.118990
 O 2.775133 -3.843912 -3.222004
 O 5.613668 4.131089 1.232597
 O 4.542998 -3.795333 5.153382
 O -2.079539 -0.867894 -3.416670
 O -1.444041 2.894215 -4.848637
 O 4.971246 1.391134 -0.411499
 O 3.367218 1.359735 -3.639686
 O -4.500092 4.018331 -6.858617
 O 4.618347 -5.716473 0.616814
 O 1.389635 -0.343698 -5.679974
 O -3.338941 1.205182 -5.280471
 O 0.105338 -1.129932 1.946863
 O 6.374282 -2.416423 -3.470888
 O 3.966298 -1.390336 -1.075018
 O -1.215495 4.931284 2.733648
 O -4.522144 -0.227669 -2.262341
 O -0.182852 -4.962970 0.053516
 O 5.477702 3.066135 -8.512306
 O 2.942393 5.382446 4.432299
 O -6.884657 6.496479 -2.871965
 O 0.647523 0.651855 -2.895302
 O -4.846167 -4.870641 -1.025442
 O -3.000602 7.400222 2.507484
 O -1.830669 3.285032 4.938883
 O -3.199482 0.356399 0.416035
 O -1.463722 -0.890124 4.555548
 O 2.052606 1.994614 5.302396
 O -5.547917 1.304384 2.142578
 O 3.666822 5.218901 -1.862434
 O 0.885404 -5.972091 -3.079596
 O -5.163779 4.587769 -3.971784
 O 6.611503 1.641801 7.938698
 O -0.607941 1.626946 1.867760
 O 0.728470 -2.273869 -3.114289
 O -0.134509 -4.102239 -5.413073
 O 6.908136 -5.791005 3.994588
 O 3.383530 -2.807195 1.578983
 O 6.227490 -0.843984 3.145294
 O 1.460088 3.581793 -4.379249
 O 0.246126 -8.302928 -0.156630
 O -4.774342 -2.471040 -6.709136
 O -4.786406 2.547988 -1.193716
 O 4.315494 4.210570 -4.935077
 O 1.315543 -1.091441 -0.505556
 O -5.417218 -3.845730 1.701753
 O 2.389947 2.357247 2.455420
 H -6.901692 -2.068497 -0.545799
 H -6.105991 -2.501598 0.783605
 H 2.676892 -1.315390 6.591885
 H 3.557637 -2.129462 5.479498
 H -6.014449 7.602914 -4.446614
 H -4.975521 8.117863 -5.211659
 H 3.256800 3.575060 -1.164791
 H 2.172230 2.429074 -0.641080
 H -4.593040 -0.180763 4.729012
 H -4.207789 0.812406 3.610739
 H 1.061336 6.384552 6.093745
 H 1.237955 4.847237 5.666356
 H -2.385958 -6.141565 -3.239223
 H -3.290409 -4.892120 -2.694447
 H 4.796301 1.309355 4.954247
 H 4.210558 -0.298938 5.260292
 H -2.823420 -6.965256 6.465590
 H -1.343816 -6.829251 6.853274
 H 1.409226 -2.109454 3.471594
 H 2.358389 -3.309480 3.316365
 H 1.406811 -5.393902 2.353549
 H 1.047982 -5.522693 0.937661
 H -2.670278 -4.963082 5.734658
 H -1.959850 -4.592635 4.445958
 H -3.149071 -8.132007 -0.274794
 H -2.973999 -6.715433 -0.873780
 H -3.287103 -2.515354 -3.981499
 H -2.519493 -3.355155 -5.120612
 H 3.127456 -3.868736 -1.571495
 H 2.128318 -4.660678 -0.647790
 H -1.027285 3.129016 -3.086399
 H -0.610514 3.180659 -1.509067
 H -2.316943 -2.048576 0.282037
 H -1.092111 -1.969759 1.269359
 H 0.371828 -3.995064 3.310458
 H -0.971016 -4.069665 2.380849
 H 2.390259 -4.608235 -3.669546
 H 2.264017 -3.195056 -3.752298
 H 5.868916 4.833699 0.578045
 H 6.502267 3.798018 1.401167
 H 5.186026 -3.552308 4.448542
 H 5.098084 -3.438865 5.875287
 H -1.141660 -1.037431 -3.158624
 H -1.962696 -0.321500 -4.215049
 H -0.620767 2.409373 -5.112766
 H -2.135397 2.188193 -4.608602
 H 5.792408 1.531363 -0.922971
 H 4.362621 2.166783 -0.516002
 H 3.776274 1.074670 -2.787611
 H 4.048918 1.932545 -4.015703
 H -5.063192 4.627176 -7.366026
 H -4.922671 3.134875 -6.794272
 H 4.366154 -5.985821 1.511955
 H 4.241000 -4.831743 0.492645
 H 0.659811 -0.812607 -6.094760
 H 1.409941 0.580047 -6.031388
 H -3.134425 1.638069 -6.134637
 H -4.310052 1.044644 -5.210230
 H -0.126904 -0.160706 1.990334
 H 0.650788 -1.238072 1.133716
 H 6.585433 -2.639043 -4.398323
 H 5.384138 -2.442672 -3.549515
 H 4.277888 -0.581168 -0.560992
 H 3.546174 -1.956515 -0.413728
 H -1.140757 5.943046 2.756939
 H -1.364413 4.724158 3.724018
 H -3.717797 -0.614874 -2.680338
 H -5.235695 -0.891468 -2.361808
 H -0.880176 -5.526825 -0.318740
 H -0.486011 -4.038227 0.151951
 H 4.920048 3.862487 -8.466850
 H 6.198613 2.998367 -9.182872
 H 2.652156 4.728567 3.741009
 H 3.094138 6.230505 3.968294
 H -6.437147 5.860307 -3.505999
 H -6.030849 6.847485 -2.505034
 H -0.114522 1.232146 -2.693173
 H 1.263635 1.196154 -3.439945
 H -5.376257 -4.317491 -1.607500
 H -4.995246 -4.520245 -0.109970
 H -2.876679 6.709701 1.828827
 H -3.618340 6.958390 3.131604
 H -2.772270 3.586552 4.978794
 H -1.497799 3.372774 5.872520
 H -2.427444 0.447522 -0.180848
 H -3.870041 0.148381 -0.285581
 H -1.292844 -0.886556 3.590300
 H -0.772165 -1.517865 4.827279
 H 2.383410 1.845454 4.375226
 H 2.335356 2.935989 5.260710
 H -5.949292 0.436021 1.913283
 H -4.962849 1.444198 1.369961
 H 4.554647 5.503076 -1.587845
 H 3.740787 5.132942 -2.827005
 H 0.224429 -5.248034 -3.227451
 H 0.838099 -6.158476 -2.114387
 H -4.982180 4.621668 -4.954502
 H -4.689622 3.869035 -3.507546
 H 6.205011 1.341412 8.793900
 H 5.844643 1.719366 7.318741
 H -1.252350 1.641215 1.165968
 H -0.910439 2.261674 2.573846
 H 0.864408 -2.472651 -2.165771
 H 1.320453 -1.500827 -3.269616
 H -0.049930 -3.531129 -4.620990
 H -0.935208 -4.665510 -5.300377
 H 6.907884 -5.195472 4.769692
 H 6.069607 -6.296385 4.039476
 H 4.342237 -2.654957 1.644547
 H 3.029851 -3.331358 0.822179
 H 5.511643 -1.157074 2.572727
 H 5.743281 -0.435231 3.945063
 H 2.242038 4.031447 -4.020162
 H 0.879647 4.358840 -4.530282
 H 1.132728 -8.678740 0.021839
 H -0.090338 -8.091361 0.749372
 H -3.877934 -2.703027 -7.052449
 H -5.309896 -2.388507 -7.518101
 H -3.970799 2.316414 -0.707378
 H -4.496948 2.198803 -2.054551
 H 5.247172 4.234149 -4.606494
 H 4.426759 4.965086 -5.557127
 H 2.249783 -1.143739 -0.823892
 H 1.045249 -0.186246 -0.785684
 H -4.567679 -3.418783 1.922652
 H -5.496378 -4.639384 2.276173
 H 2.606447 1.792657 1.664771
 H 1.414322 2.293080 2.523698
K_POINTS
 1
0.0 0.0 0.0 1.0