
&control
    calculation='scf'
    pseudo_dir = './',
    outdir='./outputs',
    disk_io='high'
/
&system
    ibrav= 1, celldm(1)=20.000000, nat=  192, ntyp= 2,
    ecutwfc = 30.0, nosym=.true., occupations='smearing',
    smearing='m-v', degauss=0.025
/
&electrons
    conv_thr =  1.0d-8,
    mixing_beta = 0.7
/
&ions
    pot_extrapolation='second-order'
    wfc_extrapolation='second-order'
    ion_temperature = 'andersen'
    tempw = 1000

/
ATOMIC_SPECIES
 H  1.01  H.blyp-hgh.UPF
 O  16.0  O.blyp-hgh.UPF
ATOMIC_POSITIONS bohr
 O -6.134062 -1.879233 0.029139
 O 3.578525 -1.564884 6.279008
 O -5.813211 7.606793 -5.399399
 O 3.008914 2.899403 -0.461080
 O -4.291922 0.755284 4.597760
 O 0.599804 5.566525 5.821044
 O -3.037538 -5.832291 -2.592643
 O 4.774823 0.367346 4.767022
 O -2.205666 -6.346537 6.887192
 O 1.625509 -2.943451 3.898628
 O 1.875975 -5.482266 1.495372
 O -2.674169 -4.277765 5.033761
 O -3.077257 -7.192612 -0.020977
 O -3.284057 -3.341342 -4.505553
 O 2.933646 -4.095243 -0.643068
 O -1.117591 2.656807 -2.201027
 O -1.575666 -2.567129 0.651845
 O -0.474121 -4.501772 3.118423
 O 2.765528 -3.845144 -3.218880
 O 5.614733 4.132252 1.228587
 O 4.541727 -3.792998 5.158573
 O -2.078618 -0.868831 -3.415256
 O -1.441339 2.889903 -4.849378
 O 4.969179 1.389232 -0.421514
 O 3.363219 1.357644 -3.638448
 O -4.497319 4.018153 -6.862649
 O 4.619396 -5.722164 0.617398
 O 1.388948 -0.340445 -5.678325
 O -3.343336 1.208326 -5.281114
 O 0.106014 -1.128878 1.950204
 O 6.376191 -2.416760 -3.472108
 O 3.964950 -1.396389 -1.073438
 O -1.220065 4.930531 2.733560
 O -4.518177 -0.227482 -2.258030
 O -0.187777 -4.968193 0.055286
 O 5.476928 3.067311 -8.512773
 O 2.935803 5.384275 4.423403
 O -6.888368 6.500756 -2.872341
 O 0.649791 0.655492 -2.898159
 O -4.847558 -4.873338 -1.030789
 O -3.002493 7.401909 2.504434
 O -1.824870 3.285978 4.941503
 O -3.201547 0.359247 0.413751
 O -1.461081 -0.890473 4.554261
 O 2.060218 1.992708 5.303310
 O -5.548899 1.299894 2.144872
 O 3.670599 5.222473 -1.864849
 O 0.880601 -5.974524 -3.077888
 O -5.171325 4.585446 -3.971164
 O 6.616646 1.643006 7.941121
 O -0.608992 1.626660 1.866602
 O 0.729699 -2.274472 -3.115058
 O -0.135482 -4.102210 -5.411067
 O 6.909299 -5.790957 3.992606
 O 3.382902 -2.804681 1.578935
 O 6.232547 -0.847595 3.144710
 O 1.457877 3.578422 -4.377280
 O 0.246128 -8.301542 -0.162622
 O -4.776698 -2.475275 -6.711182
 O -4.787398 2.552661 -1.197687
 O 4.320155 4.210245 -4.934534
 O 1.314640 -1.092170 -0.504952
 O -5.417506 -3.841272 1.701297
 O 2.397616 2.355192 2.463110
 H -6.902654 -2.068327 -0.543754
 H -6.100489 -2.491519 0.791449
 H 2.679904 -1.313842 6.597521
 H 3.551346 -2.129493 5.478390
 H -6.011956 7.605721 -4.448535
 H -4.970767 8.112728 -5.209475
 H 3.249253 3.564533 -1.174271
 H 2.179862 2.419132 -0.636127
 H -4.583738 -0.182485 4.735276
 H -4.199670 0.813726 3.613119
 H 1.069289 6.380932 6.096028
 H 1.238296 4.849450 5.653670
 H -2.379329 -6.142559 -3.232902
 H -3.281253 -4.890554 -2.701936
 H 4.782882 1.312259 4.958807
 H 4.214890 -0.299457 5.256781
 H -2.821298 -6.964393 6.463328
 H -1.345874 -6.831513 6.851954
 H 1.403471 -2.103466 3.470449
 H 2.370006 -3.296549 3.333494
 H 1.402032 -5.402757 2.350329
 H 1.041608 -5.527282 0.943504
 H -2.679729 -4.955296 5.740234
 H -1.953008 -4.583037 4.451922
 H -3.138494 -8.138531 -0.264446
 H -2.966488 -6.719844 -0.878889
 H -3.284648 -2.502560 -3.987779
 H -2.525873 -3.350824 -5.129510
 H 3.123842 -3.865759 -1.571292
 H 2.127414 -4.655926 -0.654382
 H -1.020216 3.128811 -3.081169
 H -0.604534 3.183914 -1.515623
 H -2.326456 -2.055458 0.278465
 H -1.095305 -1.967567 1.272678
 H 0.368953 -3.994142 3.314198
 H -0.965363 -4.070440 2.371841
 H 2.392762 -4.614709 -3.673782
 H 2.250878 -3.200451 -3.749276
 H 5.868676 4.836545 0.579926
 H 6.507258 3.804891 1.401093
 H 5.178194 -3.561761 4.442315
 H 5.106303 -3.441469 5.875611
 H -1.140268 -1.040665 -3.159818
 H -1.970625 -0.311546 -4.210068
 H -0.615560 2.408218 -5.110042
 H -2.151161 2.189893 -4.620081
 H 5.791867 1.546024 -0.929961
 H 4.360858 2.167711 -0.515329
 H 3.780493 1.074894 -2.792129
 H 4.052412 1.923070 -4.009005
 H -5.061157 4.639694 -7.363997
 H -4.932235 3.140006 -6.806450
 H 4.362171 -5.996494 1.511438
 H 4.246287 -4.836167 0.495075
 H 0.661141 -0.812034 -6.088818
 H 1.402888 0.582356 -6.026977
 H -3.137193 1.639531 -6.135830
 H -4.316145 1.044165 -5.213134
 H -0.144327 -0.165193 1.998148
 H 0.650970 -1.245980 1.132402
 H 6.584381 -2.645327 -4.396920
 H 5.389209 -2.432293 -3.558003
 H 4.273535 -0.583727 -0.560406
 H 3.544659 -1.958588 -0.411785
 H -1.128526 5.941773 2.752478
 H -1.361869 4.719474 3.725193
 H -3.715125 -0.613088 -2.677945
 H -5.233587 -0.889989 -2.354806
 H -0.886437 -5.528307 -0.323159
 H -0.489310 -4.042829 0.155535
 H 4.914579 3.859648 -8.467042
 H 6.183405 3.012524 -9.198494
 H 2.655064 4.715341 3.746280
 H 3.097602 6.224034 3.949879
 H -6.439779 5.879430 -3.508462
 H -6.032364 6.845581 -2.495670
 H -0.113558 1.237362 -2.699685
 H 1.265372 1.197231 -3.443903
 H -5.389224 -4.314640 -1.599677
 H -4.999199 -4.530514 -0.109741
 H -2.877194 6.707741 1.828406
 H -3.619639 6.970690 3.132594
 H -2.762680 3.598009 4.978791
 H -1.486214 3.380661 5.876894
 H -2.424997 0.444345 -0.176985
 H -3.875058 0.146001 -0.280680
 H -1.291833 -0.879777 3.589950
 H -0.767511 -1.521866 4.814623
 H 2.388711 1.851981 4.370845
 H 2.335967 2.934794 5.253193
 H -5.933143 0.420740 1.917287
 H -4.950908 1.436914 1.382756
 H 4.563189 5.502861 -1.602220
 H 3.739496 5.143252 -2.828195
 H 0.235489 -5.237821 -3.223153
 H 0.846728 -6.154592 -2.112042
 H -4.991383 4.613053 -4.956972
 H -4.681731 3.862548 -3.517011
 H 6.223656 1.343800 8.801093
 H 5.844589 1.709621 7.327034
 H -1.250759 1.642754 1.166259
 H -0.907833 2.257165 2.582339
 H 0.864679 -2.468855 -2.168770
 H 1.315242 -1.493855 -3.263100
 H -0.042663 -3.537731 -4.613767
 H -0.923064 -4.682077 -5.296758
 H 6.902225 -5.201047 4.775559
 H 6.073579 -6.304053 4.043322
 H 4.340943 -2.652083 1.644498
 H 3.032636 -3.331983 0.824869
 H 5.519295 -1.164451 2.569415
 H 5.744858 -0.432840 3.934728
 H 2.235924 4.029405 -4.019409
 H 0.881211 4.361676 -4.533008
 H 1.131906 -8.675138 0.030054
 H -0.089645 -8.084463 0.746858
 H -3.879448 -2.706945 -7.058472
 H -5.315262 -2.404796 -7.519830
 H -3.971198 2.330714 -0.711383
 H -4.496448 2.203240 -2.056766
 H 5.246536 4.239540 -4.597249
 H 4.423473 4.967807 -5.551897
 H 2.246259 -1.151291 -0.817158
 H 1.031804 -0.187417 -0.775277
 H -4.568405 -3.415784 1.926485
 H -5.505451 -4.635830 2.267931
 H 2.593203 1.789259 1.669874
 H 1.417903 2.312791 2.522494
K_POINTS
 1
0.0 0.0 0.0 1.0