
&control
    calculation='scf'
    pseudo_dir = './',
    outdir='./outputs',
    disk_io='high'
/
&system
    ibrav= 1, celldm(1)=20.000000, nat=  192, ntyp= 2,
    ecutwfc = 30.0, nosym=.true., occupations='smearing',
    smearing='m-v', degauss=0.025
/
&electrons
    conv_thr =  1.0d-8,
    mixing_beta = 0.7
/
&ions
    pot_extrapolation='second-order'
    wfc_extrapolation='second-order'
    ion_temperature = 'andersen'
    tempw = 1000

/
ATOMIC_SPECIES
 H  1.01  H.blyp-hgh.UPF
 O  16.0  O.blyp-hgh.UPF
ATOMIC_POSITIONS bohr
 O -6.134621 -1.880351 0.029214
 O 3.577487 -1.568841 6.284382
 O -5.815649 7.610690 -5.399824
 O 3.018600 2.893694 -0.460934
 O -4.288317 0.753080 4.599253
 O 0.598253 5.565941 5.818365
 O -3.042345 -5.834201 -2.595568
 O 4.773652 0.371230 4.771063
 O -2.205137 -6.343981 6.892540
 O 1.622952 -2.944188 3.900175
 O 1.877085 -5.483385 1.495041
 O -2.674850 -4.276264 5.034969
 O -3.073735 -7.193708 -0.022937
 O -3.282852 -3.337628 -4.502180
 O 2.937302 -4.088755 -0.640771
 O -1.116096 2.651143 -2.201665
 O -1.577664 -2.564834 0.648100
 O -0.475039 -4.495824 3.117826
 O 2.755989 -3.846339 -3.215943
 O 5.615865 4.133548 1.224491
 O 4.540588 -3.790606 5.163636
 O -2.077616 -0.869775 -3.413845
 O -1.438547 2.885547 -4.850075
 O 4.967185 1.387154 -0.431620
 O 3.359269 1.355488 -3.637113
 O -4.494505 4.018009 -6.866591
 O 4.620598 -5.727922 0.618024
 O 1.388240 -0.337153 -5.676587
 O -3.347630 1.211469 -5.281694
 O 0.106689 -1.127755 1.953636
 O 6.377937 -2.417127 -3.473358
 O 3.963599 -1.402259 -1.071907
 O -1.224636 4.929942 2.733665
 O -4.514217 -0.227252 -2.253672
 O -0.192642 -4.973479 0.056963
 O 5.476184 3.068408 -8.513040
 O 2.929284 5.385993 4.414456
 O -6.891790 6.505108 -2.872831
 O 0.652120 0.659087 -2.901014
 O -4.848927 -4.876032 -1.036063
 O -3.004432 7.403529 2.501338
 O -1.819058 3.286986 4.944117
 O -3.203580 0.362118 0.411364
 O -1.458383 -0.890833 4.552944
 O 2.067923 1.990943 5.304030
 O -5.549757 1.295521 2.147005
 O 3.674199 5.225849 -1.867198
 O 0.875711 -5.976924 -3.076172
 O -5.178928 4.583162 -3.970650
 O 6.621607 1.644209 7.943584
 O -0.609906 1.626411 1.865672
 O 0.730887 -2.275004 -3.115893
 O -0.136458 -4.102202 -5.409038
 O 6.910431 -5.790962 3.990633
 O 3.382208 -2.802007 1.579110
 O 6.237612 -0.851436 3.144157
 O 1.455564 3.575120 -4.375327
 O 0.246114 -8.300163 -0.168520
 O -4.779050 -2.479468 -6.713285
 O -4.788333 2.557361 -1.201687
 O 4.324939 4.210015 -4.934017
 O 1.313652 -1.092840 -0.504310
 O -5.417842 -3.836773 1.700810
 O 2.405219 2.353068 2.470762
 H -6.903582 -2.068337 -0.541569
 H -6.094995 -2.481965 0.798965
 H 2.682741 -1.311915 6.602522
 H 3.544397 -2.129997 5.477772
 H -6.010999 7.607684 -4.449881
 H -4.965845 8.107464 -5.208701
 H 3.240963 3.554457 -1.183586
 H 2.187854 2.409263 -0.632095
 H -4.574005 -0.183412 4.741584
 H -4.192146 0.815131 3.616042
 H 1.077360 6.376904 6.098085
 H 1.238839 4.852392 5.641105
 H -2.372886 -6.142951 -3.227258
 H -3.271586 -4.889348 -2.709823
 H 4.769060 1.315450 4.963541
 H 4.219006 -0.298883 5.254338
 H -2.819549 -6.963807 6.461077
 H -1.347979 -6.833527 6.850276
 H 1.397548 -2.097049 3.468796
 H 2.381154 -3.282908 3.350875
 H 1.397459 -5.411644 2.347176
 H 1.035743 -5.531779 0.949202
 H -2.689099 -4.947554 5.745876
 H -1.945677 -4.573071 4.457288
 H -3.127875 -8.144550 -0.254118
 H -2.959489 -6.724195 -0.884248
 H -3.281544 -2.490001 -3.994707
 H -2.532586 -3.345943 -5.138139
 H 3.119996 -3.862946 -1.572050
 H 2.127048 -4.651005 -0.660940
 H -1.013326 3.128191 -3.075230
 H -0.598984 3.186960 -1.522688
 H -2.335643 -2.062641 0.275172
 H -1.098382 -1.964990 1.276110
 H 0.365382 -3.992914 3.317989
 H -0.959248 -4.071463 2.363615
 H 2.395537 -4.622539 -3.677466
 H 2.238009 -3.205179 -3.745569
 H 5.867669 4.839385 0.582147
 H 6.512561 3.811031 1.401203
 H 5.169705 -3.571599 4.435672
 H 5.114181 -3.444546 5.876854
 H -1.139086 -1.044138 -3.160902
 H -1.979086 -0.301417 -4.205239
 H -0.610955 2.407199 -5.106819
 H -2.166478 2.192079 -4.632281
 H 5.791317 1.560947 -0.936422
 H 4.359160 2.168356 -0.514336
 H 3.784333 1.075052 -2.796741
 H 4.055810 1.914176 -4.002795
 H -5.059205 4.651863 -7.362219
 H -4.941999 3.145420 -6.819169
 H 4.357921 -6.007252 1.510763
 H 4.251146 -4.840724 0.497225
 H 0.661782 -0.811437 -6.083286
 H 1.396074 0.584420 -6.022816
 H -3.140445 1.640225 -6.137381
 H -4.321886 1.043974 -5.216011
 H -0.161402 -0.169881 2.005837
 H 0.651474 -1.253585 1.130852
 H 6.584019 -2.651377 -4.395820
 H 5.394718 -2.421793 -3.565899
 H 4.269122 -0.586601 -0.560463
 H 3.543272 -1.961422 -0.408937
 H -1.116197 5.939073 2.747991
 H -1.358931 4.714625 3.724691
 H -3.712470 -0.611163 -2.675580
 H -5.231232 -0.888727 -2.347934
 H -0.893088 -5.529522 -0.327491
 H -0.493474 -4.047177 0.159003
 H 4.909607 3.856911 -8.468240
 H 6.167042 3.026908 -9.214074
 H 2.658232 4.703028 3.751589
 H 3.100838 6.217277 3.931396
 H -6.442797 5.898392 -3.510470
 H -6.034742 6.843271 -2.485751
 H -0.112811 1.243240 -2.705971
 H 1.267057 1.198179 -3.447575
 H -5.402433 -4.310746 -1.591711
 H -5.003369 -4.540938 -0.109945
 H -2.877837 6.705670 1.827663
 H -3.620718 6.983197 3.133595
 H -2.752889 3.609235 4.978879
 H -1.475249 3.388308 5.880699
 H -2.422477 0.441113 -0.172990
 H -3.880399 0.143325 -0.275761
 H -1.291157 -0.872843 3.589762
 H -0.763011 -1.526253 4.802218
 H 2.393643 1.857303 4.366597
 H 2.336233 2.933566 5.247122
 H -5.917021 0.405768 1.922089
 H -4.939018 1.429853 1.395662
 H 4.571886 5.503130 -1.616580
 H 3.738364 5.153715 -2.829649
 H 0.247058 -5.228250 -3.218680
 H 0.855419 -6.150694 -2.110024
 H -5.000076 4.603762 -4.958297
 H -4.674112 3.856541 -3.527252
 H 6.242825 1.346072 8.807522
 H 5.845055 1.699657 7.335639
 H -1.250266 1.644730 1.165880
 H -0.905340 2.252008 2.590021
 H 0.864888 -2.464976 -2.171583
 H 1.309272 -1.486751 -3.256579
 H -0.035569 -3.544344 -4.606547
 H -0.910601 -4.698249 -5.293133
 H 6.896476 -5.206715 4.781645
 H 6.077747 -6.311330 4.047078
 H 4.339518 -2.649865 1.643701
 H 3.036212 -3.333144 0.827040
 H 5.526776 -1.171980 2.566099
 H 5.746323 -0.429784 3.923886
 H 2.230430 4.027071 -4.018599
 H 0.882759 4.364205 -4.535729
 H 1.131280 -8.671086 0.038211
 H -0.089121 -8.077617 0.743804
 H -3.881186 -2.711060 -7.064288
 H -5.320606 -2.420775 -7.521815
 H -3.971696 2.344936 -0.714799
 H -4.496241 2.207321 -2.059480
 H 5.245999 4.244332 -4.587442
 H 4.419344 4.970336 -5.546867
 H 2.242831 -1.158504 -0.810633
 H 1.018438 -0.189089 -0.765310
 H -4.568938 -3.413292 1.930584
 H -5.514336 -4.632167 2.259764
 H 2.580197 1.786584 1.675840
 H 1.421675 2.332473 2.521039
K_POINTS
 1
0.0 0.0 0.0 1.0