
&control
    calculation='scf'
    pseudo_dir = './',
    outdir='./outputs',
    disk_io='high'
/
&system
    ibrav= 1, celldm(1)=20.000000, nat=  192, ntyp= 2,
    ecutwfc = 30.0, nosym=.true., occupations='smearing',
    smearing='m-v', degauss=0.025
/
&electrons
    conv_thr =  1.0d-8,
    mixing_beta = 0.7
/
&ions
    pot_extrapolation='second-order'
    wfc_extrapolation='second-order'
    ion_temperature = 'andersen'
    tempw = 1000

/
ATOMIC_SPECIES
 H  1.01  H.blyp-hgh.UPF
 O  16.0  O.blyp-hgh.UPF
ATOMIC_POSITIONS bohr
 O -6.135458 -1.882278 0.029455
 O 3.575968 -1.576802 6.295025
 O -5.819927 7.618805 -5.400461
 O 3.037623 2.882524 -0.460592
 O -4.281024 0.748539 4.602169
 O 0.594816 5.564808 5.813260
 O -3.051838 -5.838250 -2.601116
 O 4.771489 0.378559 4.778905
 O -2.203890 -6.339028 6.903325
 O 1.618042 -2.945778 3.903212
 O 1.879005 -5.485774 1.494671
 O -2.676397 -4.273188 5.037625
 O -3.066550 -7.195960 -0.026825
 O -3.280500 -3.330332 -4.495250
 O 2.944270 -4.075769 -0.635951
 O -1.112930 2.640104 -2.202736
 O -1.581875 -2.560416 0.640408
 O -0.476921 -4.483994 3.116548
 O 2.737085 -3.848739 -3.210662
 O 5.618394 4.136443 1.216127
 O 4.538709 -3.785670 5.173354
 O -2.075395 -0.871645 -3.411087
 O -1.432787 2.876718 -4.851322
 O 4.963479 1.382496 -0.452156
 O 3.351530 1.351008 -3.634185
 O -4.488852 4.017899 -6.874281
 O 4.623452 -5.739656 0.619443
 O 1.386787 -0.330466 -5.672810
 O -3.355931 1.217754 -5.282671
 O 0.108062 -1.125391 1.960709
 O 6.381000 -2.417934 -3.475927
 O 3.960900 -1.413426 -1.068984
 O -1.233755 4.929229 2.734409
 O -4.506349 -0.226650 -2.244805
 O -0.202227 -4.984231 0.060034
 O 5.474799 3.070397 -8.512998
 O 2.916474 5.389108 4.396487
 O -6.897778 6.514161 -2.874026
 O 0.656896 0.666154 -2.906689
 O -4.851684 -4.881326 -1.046372
 O -3.008399 7.406599 2.494944
 O -1.807354 3.289204 4.949366
 O -3.207540 0.367935 0.406367
 O -1.452789 -0.891614 4.550253
 O 2.083630 1.987816 5.304824
 O -5.551126 1.287074 2.150792
 O 3.680882 5.232025 -1.871667
 O 0.865710 -5.981659 -3.072747
 O -5.194205 4.578579 -3.969930
 O 6.631025 1.646625 7.948601
 O -0.611297 1.626025 1.864558
 O 0.733140 -2.275804 -3.117816
 O -0.138377 -4.102219 -5.404906
 O 6.912556 -5.791104 3.986805
 O 3.380618 -2.796176 1.580143
 O 6.247741 -0.859830 3.143098
 O 1.450539 3.568773 -4.371512
 O 0.246066 -8.297422 -0.179920
 O -4.783711 -2.487732 -6.717706
 O -4.790064 2.566857 -1.209784
 O 4.334810 4.209804 -4.933044
 O 1.311301 -1.094031 -0.502847
 O -5.418665 -3.827594 1.699697
 O 2.420109 2.348647 2.485966
 H -6.905578 -2.069030 -0.536791
 H -6.084197 -2.464590 0.812946
 H 2.687584 -1.306834 6.610734
 H 3.528609 -2.132052 5.478550
 H -6.013770 7.609143 -4.450551
 H -4.955795 8.096508 -5.211400
 H 3.222460 3.535621 -1.201505
 H 2.205316 2.389904 -0.626534
 H -4.553408 -0.183333 4.754226
 H -4.178946 0.818055 3.623411
 H 1.093407 6.367258 6.101323
 H 1.240371 4.860390 5.616330
 H -2.360731 -6.141987 -3.217740
 H -3.250854 -4.887956 -2.726656
 H 4.740161 1.322669 4.973550
 H 4.226213 -0.294791 5.252921
 H -2.816821 -6.962866 6.456981
 H -1.352243 -6.836696 6.845978
 H 1.385602 -2.084460 3.464718
 H 2.402318 -3.253849 3.385967
 H 1.389125 -5.429392 2.341432
 H 1.026003 -5.540453 0.959994
 H -2.707361 -4.932379 5.757274
 H -1.929727 -4.552187 4.466505
 H -3.106460 -8.154716 -0.233602
 H -2.947115 -6.733018 -0.895472
 H -3.273456 -2.465946 -4.010634
 H -2.547156 -3.334612 -5.154414
 H 3.111841 -3.857669 -1.576321
 H 2.128540 -4.640265 -0.673622
 H -1.000276 3.125706 -3.061898
 H -0.589416 3.191971 -1.538253
 H -2.352886 -2.077843 0.269548
 H -1.104621 -1.959052 1.282804
 H 0.356780 -3.989227 3.325708
 H -0.945731 -4.074129 2.349467
 H 2.402256 -4.641459 -3.682844
 H 2.212918 -3.212529 -3.736209
 H 5.863515 4.845536 0.587107
 H 6.523522 3.821354 1.401791
 H 5.150689 -3.592382 4.421563
 H 5.128944 -3.452067 5.881814
 H -1.137352 -1.051687 -3.162910
 H -1.997440 -0.280998 -4.195554
 H -0.603568 2.405249 -5.098910
 H -2.194996 2.198111 -4.658887
 H 5.789926 1.591311 -0.947480
 H 4.356002 2.168631 -0.511352
 H 3.790827 1.074779 -2.805570
 H 4.062282 1.898307 -3.992202
 H -5.054865 4.674548 -7.358911
 H -4.962011 3.157073 -6.846190
 H 4.348695 -6.028873 1.508590
 H 4.259524 -4.850137 0.500707
 H 0.660794 -0.810309 -6.073546
 H 1.383176 0.588101 -6.015362
 H -3.148407 1.639298 -6.141639
 H -4.332051 1.044579 -5.221638
 H -0.194182 -0.179644 2.020492
 H 0.652904 -1.267385 1.127723
 H 6.585590 -2.662881 -4.394767
 H 5.406338 -2.400403 -3.579829
 H 4.260149 -0.593355 -0.562604
 H 3.540845 -1.969476 -0.400460
 H -1.091447 5.929485 2.739165
 H -1.351945 4.704596 3.718843
 H -3.707104 -0.607027 -2.670975
 H -5.225681 -0.886829 -2.334594
 H -0.907349 -5.531048 -0.335780
 H -0.504304 -4.055245 0.165554
 H 4.900890 3.851836 -8.473488
 H 6.131017 3.056099 -9.245058
 H 2.665233 4.680965 3.761805
 H 3.106590 6.202949 3.894032
 H -6.449499 5.934877 -3.514108
 H -6.042370 6.837399 -2.464332
 H -0.111689 1.256701 -2.717895
 H 1.270467 1.199808 -3.454198
 H -5.429160 -4.300238 -1.575153
 H -5.012158 -4.562444 -0.111948
 H -2.879640 6.701323 1.825530
 H -3.622471 7.008476 3.135858
 H -2.732848 3.630942 4.979380
 H -1.455422 3.402742 5.886196
 H -2.417384 0.434445 -0.164834
 H -3.891968 0.137137 -0.266224
 H -1.290859 -0.858457 3.589592
 H -0.754616 -1.536051 4.778234
 H 2.402263 1.864125 4.358819
 H 2.335767 2.931354 5.239513
 H -5.884790 0.377158 1.934183
 H -4.915290 1.416473 1.421614
 H 4.589587 5.505037 -1.645114
 H 3.736408 5.174994 -2.833754
 H 0.271427 -5.210800 -3.209178
 H 0.872909 -6.142868 -2.106756
 H -5.016080 4.583413 -4.957430
 H -4.660358 3.846754 -3.550214
 H 6.282469 1.350115 8.818478
 H 5.847383 1.679112 7.353680
 H -1.252787 1.650122 1.163029
 H -0.900726 2.239595 2.602591
 H 0.865104 -2.457219 -2.176024
 H 1.295007 -1.472209 -3.243709
 H -0.022099 -3.557797 -4.592342
 H -0.884911 -4.729359 -5.285703
 H 6.884865 -5.218565 4.793969
 H 6.086866 -6.324669 4.054145
 H 4.336471 -2.647340 1.639908
 H 3.045602 -3.337127 0.829773
 H 5.541391 -1.187412 2.559573
 H 5.748829 -0.421560 3.901109
 H 2.221866 4.021666 -4.016563
 H 0.885988 4.367824 -4.541139
 H 1.130480 -8.661664 0.054011
 H -0.088628 -8.064162 0.735488
 H -3.885568 -2.719824 -7.075148
 H -5.331170 -2.451770 -7.526376
 H -3.972801 2.373033 -0.719772
 H -4.496640 2.214370 -2.066421
 H 5.245494 4.252216 -4.566184
 H 4.408785 4.974973 -5.537533
 H 2.236803 -1.171590 -0.798549
 H 0.992389 -0.194028 -0.746800
 H -4.569420 -3.409955 1.939599
 H -5.531492 -4.624925 2.244022
 H 2.555335 1.783073 1.689999
 H 1.430223 2.371840 2.517626
K_POINTS
 1
0.0 0.0 0.0 1.0