
&control
    calculation='scf'
    pseudo_dir = './',
    outdir='./outputs',
    disk_io='high'
/
&system
    ibrav= 1, celldm(1)=20.000000, nat=  192, ntyp= 2,
    ecutwfc = 30.0, nosym=.true., occupations='smearing',
    smearing='m-v', degauss=0.025
/
&electrons
    conv_thr =  1.0d-8,
    mixing_beta = 0.7
/
&ions
    pot_extrapolation='second-order'
    wfc_extrapolation='second-order'
    ion_temperature = 'andersen'
    tempw = 1000

/
ATOMIC_SPECIES
 H  1.01  H.blyp-hgh.UPF
 O  16.0  O.blyp-hgh.UPF
ATOMIC_POSITIONS bohr
 O -6.135601 -1.882690 0.029535
 O 3.575706 -1.578811 6.297653
 O -5.820866 7.620900 -5.400578
 O 3.042286 2.879789 -0.460506
 O -4.279179 0.747392 4.602890
 O 0.593900 5.564541 5.812041
 O -3.054177 -5.839311 -2.602451
 O 4.770997 0.380310 4.780807
 O -2.203550 -6.337839 6.906029
 O 1.616838 -2.946158 3.903953
 O 1.879409 -5.486406 1.494635
 O -2.676821 -4.272399 5.038330
 O -3.064724 -7.196534 -0.027793
 O -3.279918 -3.328529 -4.493482
 O 2.945926 -4.072532 -0.634715
 O -1.112096 2.637411 -2.202948
 O -1.582961 -2.559341 0.638455
 O -0.477411 -4.481062 3.116214
 O 2.732393 -3.849366 -3.209469
 O 5.619092 4.137210 1.214016
 O 4.538323 -3.784406 5.175696
 O -2.074800 -0.872102 -3.410420
 O -1.431330 2.874493 -4.851601
 O 4.962623 1.381233 -0.457365
 O 3.349633 1.349860 -3.633408
 O -4.487450 4.017922 -6.876175
 O 4.624258 -5.742637 0.619840
 O 1.386416 -0.328780 -5.671800
 O -3.357949 1.219324 -5.282876
 O 0.108416 -1.124791 1.962509
 O 6.381691 -2.418150 -3.476581
 O 3.960223 -1.416100 -1.068279
 O -1.236023 4.929139 2.734691
 O -4.504400 -0.226468 -2.242555
 O -0.204601 -4.986952 0.060742
 O 5.474476 3.070857 -8.512872
 O 2.913320 5.389825 4.391994
 O -6.899104 6.516520 -2.874346
 O 0.658102 0.667896 -2.908095
 O -4.852395 -4.882613 -1.048903
 O -3.009400 7.407336 2.493291
 O -1.804404 3.289803 4.950687
 O -3.208508 0.369405 0.405084
 O -1.451345 -0.891827 4.549576
 O 2.087620 1.987114 5.304878
 O -5.551398 1.285016 2.151639
 O 3.682451 5.233450 -1.872731
 O 0.863172 -5.982836 -3.071897
 O -5.198023 4.577409 -3.969811
 O 6.633285 1.647234 7.949866
 O -0.611554 1.625951 1.864434
 O 0.733678 -2.275942 -3.118357
 O -0.138842 -4.102225 -5.403857
 O 6.913050 -5.791161 3.985890
 O 3.380176 -2.794619 1.580541
 O 6.250268 -0.862082 3.142834
 O 1.449188 3.567249 -4.370581
 O 0.246056 -8.296740 -0.182670
 O -4.784864 -2.489775 -6.718864
 O -4.790473 2.569251 -1.211831
 O 4.337329 4.209797 -4.932809
 O 1.310614 -1.094305 -0.502433
 O -5.418902 -3.825253 1.699383
 O 2.423745 2.347515 2.489749
 H -6.906146 -2.069363 -0.535513
 H -6.081564 -2.460628 0.816203
 H 2.688580 -1.305295 6.612437
 H 3.524291 -2.132723 5.479252
 H -6.015428 7.609015 -4.450287
 H -4.953293 8.093675 -5.212947
 H 3.217491 3.531173 -1.205789
 H 2.210047 2.385162 -0.625617
 H -4.548060 -0.183021 4.757380
 H -4.176038 0.818787 3.625529
 H 1.097323 6.364467 6.101920
 H 1.240820 4.862806 5.610203
 H -2.357884 -6.141397 -3.215676
 H -3.245410 -4.887805 -2.731058
 H 4.732671 1.324614 4.976158
 H 4.227734 -0.293227 5.253332
 H -2.816231 -6.962568 6.456114
 H -1.353300 -6.837293 6.844730
 H 1.382664 -2.081626 3.463669
 H 2.407431 -3.246280 3.394735
 H 1.387243 -5.433802 2.340177
 H 1.024055 -5.542545 0.962531
 H -2.711783 -4.928677 5.760129
 H -1.925527 -4.546788 4.468562
 H -3.101061 -8.156820 -0.228520
 H -2.944375 -6.735301 -0.898335
 H -3.271062 -2.460206 -4.015052
 H -2.551053 -3.331473 -5.158252
 H 3.109743 -3.856403 -1.577905
 H 2.129458 -4.637343 -0.676639
 H -0.997197 3.124840 -3.058407
 H -0.587372 3.192930 -1.542405
 H -2.356952 -2.081797 0.268356
 H -1.106277 -1.957478 1.284347
 H 0.354447 -3.987990 3.327668
 H -0.942118 -4.074891 2.346379
 H 2.404239 -4.646692 -3.683706
 H 2.206746 -3.213918 -3.733489
 H 5.862068 4.847272 0.588358
 H 6.526218 3.823578 1.401973
 H 5.145507 -3.597794 4.417944
 H 5.132428 -3.454226 5.883500
 H -1.137042 -1.053679 -3.163409
 H -2.002291 -0.275930 -4.193036
 H -0.602078 2.404712 -5.096644
 H -2.201558 2.199986 -4.665994
 H 5.789475 1.598959 -0.949812
 H 4.355270 2.168457 -0.510394
 H 3.792202 1.074520 -2.807572
 H 4.063806 1.894754 -3.989986
 H -5.053574 4.679774 -7.358054
 H -4.967091 3.160156 -6.853266
 H 4.346249 -6.034273 1.507820
 H 4.261334 -4.852546 0.501411
 H 0.660067 -0.810047 -6.071386
 H 1.380103 0.588985 -6.013703
 H -3.150699 1.638583 -6.142960
 H -4.334286 1.044954 -5.223007
 H -0.202037 -0.182126 2.023945
 H 0.653254 -1.270455 1.127055
 H 6.586491 -2.665649 -4.394763
 H 5.409229 -2.394968 -3.582916
 H 4.257888 -0.595247 -0.563565
 H 3.540326 -1.971971 -0.397785
 H -1.085273 5.926273 2.737029
 H -1.349986 4.702039 3.716454
 H -3.705731 -0.605958 -2.669856
 H -5.224103 -0.886479 -2.331347
 H -0.911073 -5.531225 -0.337753
 H -0.507507 -4.057173 0.167103
 H 4.898910 3.850668 -8.475356
 H 6.121360 3.063433 -9.252759
 H 2.667099 4.675933 3.764181
 H 3.107873 6.199205 3.884578
 H -6.451212 5.943527 -3.515127
 H -6.044897 6.835674 -2.458655
 H -0.111421 1.260360 -2.720749
 H 1.271370 1.200185 -3.455735
 H -5.435807 -4.297142 -1.570836
 H -5.014412 -4.567987 -0.112814
 H -2.880223 6.700220 1.824923
 H -3.622871 7.014787 3.136521
 H -2.727774 3.636206 4.979579
 H -1.450932 3.406148 5.887084
 H -2.416130 0.432726 -0.162802
 H -3.895018 0.135428 -0.263956
 H -1.291010 -0.854743 3.589539
 H -0.752676 -1.538682 4.772416
 H 2.404141 1.865010 4.357077
 H 2.335455 2.930914 5.238576
 H -5.876728 0.370352 1.937739
 H -4.909352 1.413293 1.428099
 H 4.594026 5.505778 -1.652189
 H 3.735950 5.180370 -2.835081
 H 0.277716 -5.206732 -3.206686
 H 0.877293 -6.140910 -2.106057
 H -5.019820 4.578012 -4.956506
 H -4.657336 3.844886 -3.556470
 H 6.292598 1.350985 8.820915
 H 5.848210 1.673855 7.358334
 H -1.254129 1.651787 1.161925
 H -0.899666 2.236054 2.605119
 H 0.865111 -2.455321 -2.176793
 H 1.290956 -1.468506 -3.240563
 H -0.018912 -3.561241 -4.588881
 H -0.878363 -4.736874 -5.283782
 H 6.881969 -5.221675 4.796988
 H 6.089331 -6.327754 4.055786
 H 4.335714 -2.647091 1.638517
 H 3.048391 -3.338463 0.830135
 H 5.545005 -1.191332 2.557986
 H 5.749353 -0.419048 3.895260
 H 2.220304 4.020175 -4.015933
 H 0.886847 4.368353 -4.542481
 H 1.130346 -8.659040 0.057792
 H -0.088635 -8.060859 0.732867
 H -3.886883 -2.722119 -7.077681
 H -5.333767 -2.459311 -7.527600
 H -3.973077 2.379968 -0.720624
 H -4.496899 2.215900 -2.068453
 H 5.245522 4.253857 -4.560546
 H 4.405714 4.976073 -5.535368
 H 2.235556 -1.174529 -0.795783
 H 0.986093 -0.195598 -0.742492
 H -4.569421 -3.409486 1.942024
 H -5.535648 -4.623200 2.240268
 H 2.549438 1.782502 1.693916
 H 1.432653 2.381696 2.516714
K_POINTS
 1
0.0 0.0 0.0 1.0