
&control
    calculation='scf'
    pseudo_dir = './',
    outdir='./outputs',
    disk_io='high'
/
&system
    ibrav= 1, celldm(1)=20.000000, nat=  192, ntyp= 2,
    ecutwfc = 30.0, nosym=.true., occupations='smearing',
    smearing='m-v', degauss=0.025
/
&electrons
    conv_thr =  1.0d-8,
    mixing_beta = 0.7
/
&ions
    pot_extrapolation='second-order'
    wfc_extrapolation='second-order'
    ion_temperature = 'andersen'
    tempw = 1000

/
ATOMIC_SPECIES
 H  1.01  H.blyp-hgh.UPF
 O  16.0  O.blyp-hgh.UPF
ATOMIC_POSITIONS bohr
 O -6.135716 -1.883072 0.029623
 O 3.575492 -1.580829 6.300264
 O -5.821752 7.623020 -5.400678
 O 3.046904 2.877079 -0.460423
 O -4.277323 0.746246 4.603612
 O 0.592965 5.564284 5.810847
 O -3.056498 -5.840391 -2.603769
 O 4.770528 0.382034 4.782684
 O -2.203203 -6.336676 6.908733
 O 1.615638 -2.946518 3.904684
 O 1.879779 -5.487051 1.494619
 O -2.677257 -4.271599 5.039049
 O -3.062886 -7.197111 -0.028762
 O -3.279336 -3.326732 -4.491700
 O 2.947545 -4.069302 -0.633473
 O -1.111242 2.634746 -2.203133
 O -1.584056 -2.558276 0.636493
 O -0.477913 -4.478146 3.115877
 O 2.727714 -3.850012 -3.208329
 O 5.619821 4.137986 1.211904
 O 4.537970 -3.783132 5.178004
 O -2.074192 -0.872552 -3.409765
 O -1.429872 2.872263 -4.851867
 O 4.961799 1.379931 -0.462606
 O 3.347753 1.348704 -3.632617
 O -4.486059 4.017970 -6.878060
 O 4.625100 -5.745637 0.620254
 O 1.386042 -0.327091 -5.670764
 O -3.359944 1.220895 -5.283067
 O 0.108776 -1.124193 1.964318
 O 6.382356 -2.418371 -3.477240
 O 3.959543 -1.418730 -1.067583
 O -1.238284 4.929080 2.735005
 O -4.502458 -0.226272 -2.240292
 O -0.206969 -4.989685 0.061426
 O 5.474165 3.071304 -8.512703
 O 2.910187 5.390520 4.387505
 O -6.900365 6.518923 -2.874667
 O 0.659307 0.669631 -2.909493
 O -4.853121 -4.883880 -1.051416
 O -3.010402 7.408063 2.491611
 O -1.801443 3.290420 4.952013
 O -3.209466 0.370881 0.403793
 O -1.449882 -0.892049 4.548899
 O 2.091635 1.986442 5.304872
 O -5.551645 1.282976 2.152446
 O 3.683982 5.234828 -1.873774
 O 0.860622 -5.984015 -3.071052
 O -5.201835 4.576222 -3.969715
 O 6.635511 1.647845 7.951133
 O -0.611777 1.625883 1.864367
 O 0.734205 -2.276053 -3.118923
 O -0.139300 -4.102230 -5.402802
 O 6.913527 -5.791226 3.984997
 O 3.379715 -2.793025 1.580993
 O 6.252792 -0.864396 3.142568
 O 1.447796 3.565752 -4.369662
 O 0.246049 -8.296059 -0.185376
 O -4.786012 -2.491808 -6.720046
 O -4.790874 2.571654 -1.213888
 O 4.339866 4.209805 -4.932576
 O 1.309882 -1.094571 -0.501998
 O -5.419152 -3.822890 1.699053
 O 2.427340 2.346375 2.493526
 H -6.906753 -2.069765 -0.534201
 H -6.078966 -2.456824 0.819357
 H 2.689480 -1.303643 6.614006
 H 3.519833 -2.133439 5.480182
 H -6.017463 7.608700 -4.449861
 H -4.950816 8.090804 -5.214833
 H 3.212407 3.526821 -1.209974
 H 2.214938 2.380461 -0.624873
 H -4.542647 -0.182638 4.760529
 H -4.173289 0.819512 3.627736
 H 1.101177 6.361515 6.102424
 H 1.241289 4.865379 5.604101
 H -2.355128 -6.140674 -3.213719
 H -3.239874 -4.887728 -2.735527
 H 4.725074 1.326597 4.978804
 H 4.229123 -0.291475 5.254062
 H -2.815656 -6.962209 6.455334
 H -1.354346 -6.837809 6.843421
 H 1.379766 -2.078999 3.462649
 H 2.412494 -3.238612 3.403479
 H 1.385452 -5.438194 2.339014
 H 1.022320 -5.544603 0.964989
 H -2.716132 -4.925021 5.762978
 H -1.921268 -4.541325 4.470549
 H -3.095643 -8.158739 -0.223464
 H -2.941783 -6.737631 -0.901202
 H -3.268526 -2.454588 -4.019641
 H -2.555056 -3.328220 -5.161992
 H 3.107632 -3.855154 -1.579667
 H 2.130612 -4.634316 -0.679574
 H -0.994202 3.123885 -3.054907
 H -0.585473 3.193753 -1.546644
 H -2.360921 -2.085803 0.267252
 H -1.107996 -1.955893 1.285804
 H 0.352084 -3.986608 3.329640
 H -0.938426 -4.075677 2.343454
 H 2.406363 -4.652062 -3.684352
 H 2.200603 -3.215126 -3.730627
 H 5.860471 4.849121 0.589581
 H 6.528855 3.825678 1.402155
 H 5.140156 -3.603288 4.414317
 H 5.135827 -3.456497 5.885336
 H -1.136777 -1.055706 -3.163917
 H -2.007233 -0.270901 -4.190449
 H -0.600717 2.404130 -5.094272
 H -2.207854 2.202011 -4.673279
 H 5.788972 1.606613 -0.951956
 H 4.354564 2.168177 -0.509349
 H 3.793479 1.074163 -2.809452
 H 4.065278 1.891366 -3.987955
 H -5.052166 4.684795 -7.357162
 H -4.972190 3.163307 -6.860467
 H 4.343752 -6.039663 1.506943
 H 4.263030 -4.854979 0.502050
 H 0.659155 -0.809789 -6.069332
 H 1.377092 0.589875 -6.012132
 H -3.153111 1.637674 -6.144390
 H -4.336392 1.045423 -5.224355
 H -0.209739 -0.184611 2.027294
 H 0.653569 -1.273346 1.126470
 H 6.587600 -2.668376 -4.394862
 H 5.412066 -2.389495 -3.585845
 H 4.255625 -0.597212 -0.564692
 H 3.539853 -1.974645 -0.394907
 H -1.079113 5.922764 2.734934
 H -1.347948 4.699467 3.713739
 H -3.704340 -0.604882 -2.668752
 H -5.222446 -0.886179 -2.328135
 H -0.914846 -5.531317 -0.339679
 H -0.510896 -4.059084 0.168616
 H 4.896990 3.849546 -8.477432
 H 6.111457 3.070763 -9.260440
 H 2.669004 4.671075 3.766455
 H 3.109093 6.195399 3.875072
 H -6.452903 5.951933 -3.516254
 H -6.047671 6.833852 -2.452849
 H -0.111133 1.264111 -2.723555
 H 1.272307 1.200559 -3.457235
 H -5.442399 -4.293898 -1.566430
 H -5.016676 -4.573604 -0.113833
 H -2.880867 6.699119 1.824307
 H -3.623269 7.021075 3.137237
 H -2.722684 3.641403 4.979810
 H -1.446633 3.409468 5.887770
 H -2.414894 0.430982 -0.160789
 H -3.898119 0.133660 -0.261751
 H -1.291253 -0.850980 3.589465
 H -0.750812 -1.541375 4.766672
 H 2.405903 1.865562 4.355430
 H 2.335068 2.930540 5.238029
 H -5.868661 0.363705 1.941512
 H -4.903407 1.410181 1.434573
 H 4.598447 5.506615 -1.659236
 H 3.735492 5.185764 -2.836536
 H 0.284060 -5.202758 -3.204150
 H 0.881679 -6.138952 -2.105392
 H -5.023465 4.572505 -4.955320
 H -4.654512 3.843280 -3.562923
 H 6.302794 1.351785 8.823269
 H 5.849117 1.668550 7.363032
 H -1.255732 1.653583 1.160695
 H -0.898650 2.232345 2.607399
 H 0.865098 -2.453452 -2.177400
 H 1.286711 -1.464774 -3.237459
 H -0.015808 -3.564729 -4.585469
 H -0.871778 -4.744282 -5.281827
 H 6.879086 -5.224856 4.799950
 H 6.091872 -6.330742 4.057367
 H 4.334978 -2.646987 1.636956
 H 3.051350 -3.339927 0.830380
 H 5.548615 -1.195272 2.556425
 H 5.749833 -0.416351 3.889370
 H 2.218991 4.018630 -4.015247
 H 0.887731 4.368711 -4.543818
 H 1.130230 -8.656310 0.061485
 H -0.088702 -8.057582 0.730011
 H -3.888291 -2.724454 -7.080135
 H -5.336341 -2.466766 -7.528842
 H -3.973350 2.386863 -0.721323
 H -4.497219 2.217339 -2.070590
 H 5.245618 4.255376 -4.554790
 H 4.402488 4.977160 -5.533276
 H 2.234438 -1.177317 -0.793135
 H 0.979905 -0.197299 -0.738318
 H -4.569375 -3.409169 1.944516
 H -5.539748 -4.621530 2.236604
 H 2.543693 1.782023 1.697950
 H 1.435227 2.391561 2.515795
K_POINTS
 1
0.0 0.0 0.0 1.0