
&control
    calculation='scf'
    pseudo_dir = './',
    outdir='./outputs',
    disk_io='high'
/
&system
    ibrav= 1, celldm(1)=20.000000, nat=  192, ntyp= 2,
    ecutwfc = 30.0, nosym=.true., occupations='smearing',
    smearing='m-v', degauss=0.025
/
&electrons
    conv_thr =  1.0d-8,
    mixing_beta = 0.7
/
&ions
    pot_extrapolation='second-order'
    wfc_extrapolation='second-order'
    ion_temperature = 'andersen'
    tempw = 1000

/
ATOMIC_SPECIES
 H  1.01  H.blyp-hgh.UPF
 O  16.0  O.blyp-hgh.UPF
ATOMIC_POSITIONS bohr
 O -6.135868 -1.884300 0.030063
 O 3.575095 -1.589014 6.310527
 O -5.824770 7.631742 -5.400885
 O 3.064881 2.866532 -0.460166
 O -4.269782 0.741747 4.606531
 O 0.589074 5.563366 5.806327
 O -3.065574 -5.844894 -2.608908
 O 4.768913 0.388711 4.789916
 O -2.201782 -6.332328 6.919505
 O 1.610822 -2.947653 3.907500
 O 1.880892 -5.489783 1.494760
 O -2.679114 -4.268294 5.042016
 O -3.055409 -7.199429 -0.032648
 O -3.276996 -3.319599 -4.484453
 O 2.953634 -4.056465 -0.628525
 O -1.107638 2.624371 -2.203566
 O -1.588479 -2.554096 0.628606
 O -0.480050 -4.466678 3.114519
 O 2.709136 -3.852876 -3.204300
 O 5.623070 4.141120 1.203494
 O 4.536886 -3.777938 5.186888
 O -2.071661 -0.874256 -3.407294
 O -1.424108 2.863337 -4.852785
 O 4.958849 1.374365 -0.483900
 O 3.340432 1.344030 -3.629341
 O -4.480646 4.018420 -6.885548
 O 4.628822 -5.757823 0.622106
 O 1.384486 -0.320345 -5.666363
 O -3.367693 1.227179 -5.283681
 O 0.110296 -1.121863 1.971617
 O 6.384826 -2.419307 -3.479927
 O 3.956758 -1.428853 -1.064854
 O -1.247247 4.929106 2.736485
 O -4.494789 -0.225353 -2.231101
 O -0.216413 -5.000698 0.063920
 O 5.473036 3.072995 -8.511614
 O 2.897866 5.393108 4.369632
 O -6.904812 6.529034 -2.875893
 O 0.664064 0.676494 -2.914988
 O -4.856254 -4.888679 -1.061321
 O -3.014389 7.410884 2.484594
 O -1.789474 3.293071 4.957348
 O -3.213219 0.376851 0.398573
 O -1.443816 -0.893043 4.546225
 O 2.107939 1.984024 5.304239
 O -5.552364 1.274987 2.155283
 O 3.689766 5.239889 -1.877735
 O 0.850325 -5.988767 -3.067726
 O -5.216990 4.571267 -3.969541
 O 6.644130 1.650339 7.956188
 O -0.612369 1.625660 1.864604
 O 0.736202 -2.276210 -3.121436
 O -0.141034 -4.102226 -5.398511
 O 6.915254 -5.791531 3.981703
 O 3.377665 -2.786291 1.583311
 O 6.262829 -0.874281 3.141468
 O 1.441823 3.560058 -4.366089
 O 0.246079 -8.293347 -0.195723
 O -4.790557 -2.499856 -6.725033
 O -4.792395 2.581346 -1.222239
 O 4.350156 4.209975 -4.931639
 O 1.306463 -1.095596 -0.500008
 O -5.420275 -3.813214 1.697567
 O 2.441248 2.341783 2.508611
 H -6.909649 -2.072101 -0.528610
 H -6.069001 -2.443197 0.830844
 H 2.692103 -1.295896 6.619022
 H 3.500721 -2.136626 5.486346
 H -6.029171 7.605688 -4.446811
 H -4.941306 8.078954 -5.225603
 H 3.191142 3.510300 -1.225532
 H 2.236167 2.362041 -0.623473
 H -4.520499 -0.180893 4.773067
 H -4.163871 0.822296 3.637190
 H 1.115771 6.348099 6.103466
 H 1.243288 4.877089 5.579881
 H -2.345161 -6.136558 -3.206777
 H -3.216956 -4.888100 -2.753962
 H 4.693648 1.334636 4.989693
 H 4.233183 -0.282850 5.260250
 H -2.813318 -6.959828 6.453305
 H -1.358318 -6.839016 6.837646
 H 1.368747 -2.071197 3.459195
 H 2.432429 -3.207138 3.438016
 H 1.379294 -5.455517 2.335466
 H 1.017645 -5.552475 0.973883
 H -2.732637 -4.910909 5.774233
 H -1.903954 -4.518863 4.478104
 H -3.073757 -8.164552 -0.203575
 H -2.932918 -6.747582 -0.912555
 H -3.257072 -2.433402 -4.039614
 H -2.572116 -3.314189 -5.175947
 H 3.099166 -3.850294 -1.588125
 H 2.137624 -4.621151 -0.690271
 H -0.983151 3.119290 -3.041390
 H -0.579313 3.195561 -1.564197
 H -2.375911 -2.102223 0.263702
 H -1.115731 -1.949684 1.290496
 H 0.342719 -3.979457 3.337673
 H -0.923075 -4.078892 2.333123
 H 2.416382 -4.674241 -3.684566
 H 2.176190 -3.218183 -3.717873
 H 5.852752 4.857986 0.593877
 H 6.538429 3.833022 1.402698
 H 5.117124 -3.625991 4.399990
 H 5.148554 -3.466687 5.893858
 H -1.136096 -1.064078 -3.166138
 H -2.027763 -0.251413 -4.179136
 H -0.596339 2.401076 -5.083826
 H -2.230056 2.211582 -4.704107
 H 5.786354 1.637113 -0.958583
 H 4.352027 2.165895 -0.504322
 H 3.797617 1.071567 -2.815392
 H 4.070433 1.879407 -3.981753
 H -5.045083 4.702607 -7.353073
 H -4.992671 3.176610 -6.890475
 H 4.333264 -6.061054 1.502260
 H 4.268682 -4.864995 0.503976
 H 0.653838 -0.808691 -6.062056
 H 1.365661 0.593671 -6.006810
 H -3.163923 1.632102 -6.151250
 H -4.343525 1.048279 -5.229489
 H -0.238866 -0.194466 2.039486
 H 0.654223 -1.282872 1.125280
 H 6.594138 -2.678904 -4.396199
 H 5.422428 -2.367197 -3.596020
 H 4.246647 -0.605660 -0.570782
 H 3.538610 -1.986862 -0.381660
 H -1.054673 5.906219 2.727081
 H -1.339105 4.689003 3.700204
 H -3.698546 -0.600573 -2.664488
 H -5.214990 -0.885458 -2.315656
 H -0.930300 -5.530815 -0.346853
 H -0.526176 -4.066778 0.174265
 H 4.889691 3.845570 -8.487618
 H 6.069523 3.099835 -9.290917
 H 2.676943 4.653133 3.774243
 H 3.113332 6.179549 3.836468
 H -6.459112 5.982673 -3.522396
 H -6.061114 6.825658 -2.428321
 H -0.109512 1.279782 -2.734327
 H 1.276556 1.202113 -3.462988
 H -5.467802 -4.279844 -1.547762
 H -5.025713 -4.596867 -0.119386
 H -2.884140 6.694826 1.821951
 H -3.624964 7.045806 3.140732
 H -2.702290 3.661500 4.981046
 H -1.431344 3.421815 5.888546
 H -2.410219 0.423721 -0.153055
 H -3.910864 0.126052 -0.253663
 H -1.293143 -0.835409 3.588796
 H -0.744248 -1.552622 4.744417
 H 2.411785 1.864462 4.349919
 H 2.332832 2.929869 5.239722
 H -5.836372 0.338879 1.958783
 H -4.879529 1.398437 1.460288
 H 4.615674 5.510818 -1.687096
 H 3.733545 5.207470 -2.843615
 H 0.309791 -5.187541 -3.193576
 H 0.899223 -6.131151 -2.102938
 H -5.037187 4.549644 -4.948314
 H -4.645408 3.839635 -3.590511
 H 6.344047 1.354133 8.832247
 H 5.853295 1.646879 7.382126
 H -1.264353 1.662097 1.155022
 H -0.895144 2.216006 2.614180
 H 0.864794 -2.446342 -2.178093
 H 1.267841 -1.449515 -3.225575
 H -0.004292 -3.579186 -4.572422
 H -0.845145 -4.772851 -5.273608
 H 6.867796 -5.238365 4.810969
 H 6.102764 -6.341808 4.062976
 H 4.332427 -2.647946 1.629107
 H 3.064795 -3.346949 0.830389
 H 5.563107 -1.211186 2.550499
 H 5.751295 -0.403711 3.865586
 H 2.216234 4.011847 -4.011942
 H 0.891511 4.368332 -4.549124
 H 1.129838 -8.644362 0.075180
 H -0.089669 -8.044731 0.716143
 H -3.894860 -2.734189 -7.089139
 H -5.346314 -2.495706 -7.533818
 H -3.974431 2.414005 -0.722670
 H -4.499079 2.222232 -2.079989
 H 5.246682 4.260347 -4.530718
 H 4.388234 4.981445 -5.525647
 H 2.231390 -1.186814 -0.783824
 H 0.956413 -0.205312 -0.723061
 H -4.568741 -3.409486 1.955143
 H -5.555598 -4.615530 2.222956
 H 2.522472 1.780693 1.714861
 H 1.447217 2.431126 2.512213
K_POINTS
 1
0.0 0.0 0.0 1.0