
&control
    calculation='scf'
    pseudo_dir = './',
    outdir='./outputs',
    disk_io='high'
/
&system
    ibrav= 1, celldm(1)=20.000000, nat=  192, ntyp= 2,
    ecutwfc = 30.0, nosym=.true., occupations='smearing',
    smearing='m-v', degauss=0.025
/
&electrons
    conv_thr =  1.0d-8,
    mixing_beta = 0.7
/
&ions
    pot_extrapolation='second-order'
    wfc_extrapolation='second-order'
    ion_temperature = 'andersen'
    tempw = 1000

/
ATOMIC_SPECIES
 H  1.01  H.blyp-hgh.UPF
 O  16.0  O.blyp-hgh.UPF
ATOMIC_POSITIONS bohr
 O -6.135827 -1.884531 0.030196
 O 3.575105 -1.591089 6.313044
 O -5.825397 7.633978 -5.400883
 O 3.069237 2.863978 -0.460130
 O -4.267864 0.740660 4.607278
 O 0.588071 5.563168 5.805264
 O -3.067781 -5.846064 -2.610169
 O 4.768580 0.390340 4.791653
 O -2.201426 -6.331327 6.922180
 O 1.609604 -2.947837 3.908173
 O 1.881073 -5.490505 1.494845
 O -2.679600 -4.267439 5.042772
 O -3.053508 -7.200004 -0.033624
 O -3.276404 -3.317827 -4.482615
 O 2.955060 -4.053278 -0.627314
 O -1.106689 2.621847 -2.203589
 O -1.589582 -2.553069 0.626634
 O -0.480620 -4.463872 3.114186
 O 2.704529 -3.853682 -3.203426
 O 5.623972 4.141894 1.201414
 O 4.536695 -3.776619 5.189025
 O -2.071011 -0.874653 -3.406720
 O -1.422700 2.861113 -4.852977
 O 4.958205 1.372887 -0.489309
 O 3.338659 1.342858 -3.628502
 O -4.479341 4.018602 -6.887413
 O 4.629839 -5.760912 0.622619
 O 1.384075 -0.318672 -5.665202
 O -3.369570 1.228750 -5.283799
 O 0.110699 -1.121307 1.973450
 O 6.385408 -2.419555 -3.480614
 O 3.956036 -1.431298 -1.064179
 O -1.249463 4.929164 2.736886
 O -4.492897 -0.225087 -2.228767
 O -0.218775 -5.003463 0.064482
 O 5.472785 3.073400 -8.511248
 O 2.894841 5.393715 4.365194
 O -6.905786 6.531695 -2.876174
 O 0.665225 0.678194 -2.916333
 O -4.857112 -4.889798 -1.063768
 O -3.015376 7.411571 2.482757
 O -1.786449 3.293780 4.958686
 O -3.214141 0.378359 0.397262
 O -1.442243 -0.893324 4.545571
 O 2.112073 1.983482 5.303929
 O -5.552478 1.273028 2.155894
 O 3.691136 5.241044 -1.878677
 O 0.847733 -5.989973 -3.066911
 O -5.220746 4.569967 -3.969543
 O 6.646226 1.650978 7.957441
 O -0.612454 1.625609 1.864763
 O 0.736674 -2.276176 -3.122123
 O -0.141440 -4.102216 -5.397422
 O 6.915638 -5.791614 3.980960
 O 3.377099 -2.784527 1.584007
 O 6.265319 -0.876909 3.141181
 O 1.440232 3.558713 -4.365221
 O 0.246109 -8.292672 -0.198186
 O -4.791683 -2.501847 -6.726351
 O -4.792754 2.583788 -1.224361
 O 4.352758 4.210045 -4.931400
 O 1.305479 -1.095852 -0.499443
 O -5.420586 -3.810736 1.697153
 O 2.444593 2.340636 2.512384
 H -6.910503 -2.072873 -0.527121
 H -6.066633 -2.440191 0.833410
 H 2.692522 -1.293671 6.619974
 H 3.495654 -2.137481 5.488522
 H -6.032930 7.604532 -4.445802
 H -4.939068 8.075908 -5.229052
 H 3.185653 3.506368 -1.229071
 H 2.241890 2.357515 -0.623478
 H -4.514876 -0.180534 4.776189
 H -4.161909 0.822951 3.639631
 H 1.119173 6.344361 6.103478
 H 1.243803 4.880332 5.573860
 H -2.342967 -6.135255 -3.205221
 H -3.211072 -4.888351 -2.758680
 H 4.685542 1.336596 4.992469
 H 4.233792 -0.280357 5.262626
 H -2.812686 -6.958927 6.453121
 H -1.359235 -6.839099 6.836086
 H 1.366168 -2.070052 3.458556
 H 2.437370 -3.199115 3.446505
 H 1.378029 -5.459770 2.334892
 H 1.017061 -5.554346 0.975830
 H -2.736501 -4.907522 5.776988
 H -1.899640 -4.513107 4.479974
 H -3.068228 -8.165552 -0.198707
 H -2.931087 -6.750259 -0.915328
 H -3.253908 -2.428432 -4.044976
 H -2.576635 -3.310459 -5.179185
 H 3.097067 -3.849106 -1.590490
 H 2.139961 -4.617610 -0.692634
 H -0.980641 3.117980 -3.038276
 H -0.578118 3.195624 -1.568660
 H -2.379467 -2.106394 0.263023
 H -1.117927 -1.948220 1.291317
 H 0.340491 -3.977230 3.339720
 H -0.919145 -4.079667 2.330808
 H 2.419290 -4.679801 -3.683984
 H 2.170098 -3.218519 -3.714386
 H 5.850526 4.860642 0.594739
 H 6.540496 3.834639 1.402746
 H 5.110981 -3.631827 4.396517
 H 5.151512 -3.469512 5.896198
 H -1.135998 -1.066218 -3.166763
 H -2.033043 -0.246751 -4.176008
 H -0.595448 2.400061 -5.081007
 H -2.234793 2.214328 -4.712207
 H 5.785540 1.644667 -0.959736
 H 4.351471 2.165012 -0.502856
 H 3.798412 1.070589 -2.816409
 H 4.071479 1.876792 -3.980689
 H -5.042895 4.706461 -7.351894
 H -4.997778 3.180116 -6.898266
 H 4.330521 -6.066346 1.500778
 H 4.269817 -4.867590 0.504303
 H 0.652152 -0.808364 -6.060437
 H 1.362957 0.594719 -6.005733
 H -3.166910 1.630223 -6.153261
 H -4.344998 1.049242 -5.230691
 H -0.245691 -0.196882 2.042194
 H 0.654177 -1.284691 1.125336
 H 6.596290 -2.681440 -4.396730
 H 5.424674 -2.361512 -3.598193
 H 4.244446 -0.607873 -0.572669
 H 3.538514 -1.990220 -0.378004
 H -1.048619 5.901587 2.725276
 H -1.336742 4.686332 3.696330
 H -3.697032 -0.599508 -2.663459
 H -5.212918 -0.885398 -2.312630
 H -0.934223 -5.530474 -0.348500
 H -0.530388 -4.068773 0.175572
 H 4.887909 3.844711 -8.490584
 H 6.058496 3.106988 -9.298462
 H 2.678993 4.648957 3.775799
 H 3.114229 6.175430 3.826667
 H -6.460452 5.989551 -3.524454
 H -6.065016 6.823406 -2.421854
 H -0.108924 1.283800 -2.736912
 H 1.277779 1.202535 -3.464391
 H -5.473804 -4.276164 -1.542803
 H -5.027939 -4.602891 -0.121121
 H -2.885151 6.693798 1.821434
 H -3.625431 7.051845 3.141782
 H -2.697210 3.666348 4.981431
 H -1.427984 3.424659 5.888278
 H -2.409142 0.421824 -0.151237
 H -3.914086 0.124035 -0.251843
 H -1.293845 -0.831382 3.588504
 H -0.742862 -1.555520 4.739030
 H 2.412965 1.863374 4.348829
 H 2.332113 2.929941 5.241103
 H -5.828300 0.333142 1.963645
 H -4.873533 1.395679 1.466658
 H 4.619790 5.512053 -1.693969
 H 3.732998 5.212918 -2.845673
 H 0.316263 -5.183840 -3.190832
 H 0.903606 -6.129214 -2.102350
 H -5.040426 4.543777 -4.946108
 H -4.643718 3.839433 -3.597783
 H 6.354430 1.354468 8.834483
 H 5.854414 1.641349 7.386936
 H -1.266938 1.664557 1.153557
 H -0.894439 2.211605 2.615344
 H 0.864644 -2.444672 -2.177826
 H 1.262662 -1.445603 -3.222767
 H -0.001654 -3.582941 -4.569335
 H -0.838436 -4.779725 -5.271439
 H 6.865061 -5.241951 4.813457
 H 6.105650 -6.344380 4.064175
 H 4.331934 -2.648506 1.626771
 H 3.068539 -3.348954 0.830210
 H 5.566763 -1.215194 2.549111
 H 5.751551 -0.400098 3.859615
 H 2.216150 4.009977 -4.010984
 H 0.892508 4.367774 -4.550442
 H 1.129737 -8.641126 0.078289
 H -0.090116 -8.041577 0.712065
 H -3.896727 -2.736723 -7.091183
 H -5.348710 -2.502714 -7.535025
 H -3.974715 2.420672 -0.722675
 H -4.499683 2.223255 -2.082492
 H 5.247105 4.261344 -4.524482
 H 4.384383 4.982516 -5.523924
 H 2.231001 -1.188739 -0.781835
 H 0.950891 -0.207583 -0.719627
 H -4.568475 -3.409974 1.957958
 H -5.559421 -4.614220 2.219813
 H 2.517658 1.780421 1.719186
 H 1.450691 2.441045 2.511383
K_POINTS
 1
0.0 0.0 0.0 1.0