
&control
    calculation='scf'
    pseudo_dir = './',
    outdir='./outputs',
    disk_io='high'
/
&system
    ibrav= 1, celldm(1)=20.000000, nat=  192, ntyp= 2,
    ecutwfc = 30.0, nosym=.true., occupations='smearing',
    smearing='m-v', degauss=0.025
/
&electrons
    conv_thr =  1.0d-8,
    mixing_beta = 0.7
/
&ions
    pot_extrapolation='second-order'
    wfc_extrapolation='second-order'
    ion_temperature = 'andersen'
    tempw = 1000

/
ATOMIC_SPECIES
 H  1.01  H.blyp-hgh.UPF
 O  16.0  O.blyp-hgh.UPF
ATOMIC_POSITIONS bohr
 O -6.135334 -1.885144 0.030820
 O 3.575530 -1.599490 6.322920
 O -5.827436 7.643106 -5.400615
 O 3.086041 2.854155 -0.460152
 O -4.260037 0.736556 4.610402
 O 0.583972 5.562506 5.801282
 O -3.076306 -5.850892 -2.615172
 O 4.767541 0.396790 4.798327
 O -2.200037 -6.327715 6.932765
 O 1.604641 -2.948087 3.910725
 O 1.881393 -5.493561 1.495393
 O -2.681593 -4.263893 5.045799
 O -3.045784 -7.202245 -0.037554
 O -3.273982 -3.310770 -4.475179
 O 2.960404 -4.040602 -0.622697
 O -1.102715 2.612012 -2.203312
 O -1.593919 -2.549029 0.618797
 O -0.483054 -4.452956 3.112949
 O 2.686279 -3.857355 -3.200454
 O 5.627968 4.144875 1.193252
 O 4.536230 -3.771286 5.197253
 O -2.068402 -0.876100 -3.404625
 O -1.417296 2.852325 -4.853589
 O 4.956025 1.366656 -0.511290
 O 3.331853 1.338204 -3.625106
 O -4.474364 4.019597 -6.894863
 O 4.634238 -5.773419 0.624868
 O 1.382288 -0.312096 -5.660347
 O -3.376817 1.235040 -5.284147
 O 0.112411 -1.119235 1.980794
 O 6.387668 -2.420608 -3.483443
 O 3.952973 -1.440843 -1.061458
 O -1.258219 4.929506 2.738441
 O -4.485442 -0.223879 -2.219286
 O -0.228271 -5.014516 0.066487
 O 5.471924 3.075005 -8.509463
 O 2.882971 5.396032 4.347605
 O -6.909202 6.542900 -2.877156
 O 0.669689 0.684960 -2.921569
 O -4.860944 -4.893873 -1.073488
 O -3.019264 7.414266 2.475055
 O -1.774221 3.296795 4.964013
 O -3.217781 0.384449 0.392036
 O -1.435711 -0.894595 4.543033
 O 2.128813 1.981528 5.302097
 O -5.552658 1.265337 2.157954
 O 3.696380 5.245243 -1.882299
 O 0.837324 -5.994913 -3.063718
 O -5.235599 4.564499 -3.969702
 O 6.654448 1.653619 7.962370
 O -0.612618 1.625369 1.865622
 O 0.738446 -2.275740 -3.125062
 O -0.142937 -4.102131 -5.392999
 O 6.916983 -5.791945 3.978363
 O 3.374605 -2.777195 1.587189
 O 6.275168 -0.888035 3.139984
 O 1.433539 3.553662 -4.361834
 O 0.246360 -8.289994 -0.207536
 O -4.796169 -2.509736 -6.731930
 O -4.794095 2.593629 -1.233002
 O 4.363263 4.210404 -4.930395
 O 1.301029 -1.096936 -0.496885
 O -5.421943 -3.800595 1.695335
 O 2.457390 2.336117 2.527518
 H -6.914447 -2.076710 -0.520746
 H -6.057727 -2.429763 0.842305
 H 2.693412 -1.283631 6.622649
 H 3.474433 -2.141081 5.499777
 H -6.050829 7.598558 -4.441465
 H -4.930856 8.063466 -5.245491
 H 3.163388 3.491297 -1.241498
 H 2.266330 2.339540 -0.624699
 H -4.492249 -0.180150 4.788639
 H -4.155600 0.825347 3.649190
 H 1.131621 6.328113 6.102575
 H 1.245841 4.894296 5.549801
 H -2.335538 -6.129183 -3.199507
 H -3.187183 -4.889930 -2.777796
 H 4.652218 1.343752 5.003624
 H 4.234525 -0.269384 5.275420
 H -2.809838 -6.953785 6.453900
 H -1.362454 -6.838535 6.829484
 H 1.356663 -2.069173 3.457182
 H 2.457075 -3.166626 3.479761
 H 1.374193 -5.476382 2.334012
 H 1.017059 -5.561413 0.982255
 H -2.750669 -4.894584 5.787630
 H -1.882960 -4.489589 4.487843
 H -3.045871 -8.167935 -0.179775
 H -2.925330 -6.761869 -0.925969
 H -3.240232 -2.409790 -4.067619
 H -2.595635 -3.294877 -5.191203
 H 3.088873 -3.844432 -1.600316
 H 2.151357 -4.602668 -0.700559
 H -0.971738 3.112286 -3.027697
 H -0.574553 3.194321 -1.586266
 H -2.393159 -2.123132 0.261071
 H -1.127984 -1.942985 1.292876
 H 0.332452 -3.966432 3.348070
 H -0.903413 -4.082368 2.322100
 H 2.432560 -4.701229 -3.678956
 H 2.145621 -3.218294 -3.699407
 H 5.840647 4.873330 0.597069
 H 6.547075 3.840474 1.402342
 H 5.085073 -3.655666 4.383398
 H 5.162428 -3.481916 5.905880
 H -1.135754 -1.074851 -3.169674
 H -2.054492 -0.229199 -4.162036
 H -0.592282 2.394580 -5.069103
 H -2.250191 2.226570 -4.745973
 H 5.781665 1.674374 -0.962303
 H 4.349597 2.160127 -0.496186
 H 3.800630 1.065207 -2.818322
 H 4.074305 1.867637 -3.978347
 H -5.032285 4.719459 -7.346493
 H -5.017929 3.194908 -6.930501
 H 4.319060 -6.087243 1.493585
 H 4.273301 -4.878490 0.505021
 H 0.644435 -0.806567 -6.054501
 H 1.352764 0.599490 -6.002508
 H -3.179938 1.620748 -6.162536
 H -4.349802 1.054093 -5.235069
 H -0.270975 -0.206224 2.051467
 H 0.652899 -1.289464 1.127258
 H 6.606855 -2.691168 -4.399315
 H 5.431865 -2.338291 -3.605523
 H 4.235984 -0.616772 -0.581437
 H 3.539320 -2.004333 -0.362599
 H -1.024596 5.881998 2.718825
 H -1.326805 4.675297 3.680122
 H -3.690701 -0.595358 -2.659459
 H -5.203800 -0.885650 -2.300911
 H -0.949997 -5.528318 -0.354447
 H -0.548542 -4.077390 0.180362
 H 4.880650 3.841825 -8.503764
 H 6.012434 3.134800 -9.328222
 H 2.687386 4.633136 3.780169
 H 3.117153 6.158313 3.786866
 H -6.464666 6.013578 -3.535145
 H -6.082401 6.813732 -2.394593
 H -0.105493 1.299905 -2.746845
 H 1.283487 1.204441 -3.469995
 H -5.495808 -4.261360 -1.521700
 H -5.036556 -4.627852 -0.129188
 H -2.890069 6.689923 1.819869
 H -3.627506 7.075257 3.146708
 H -2.677112 3.685012 4.983248
 H -1.416211 3.435035 5.885701
 H -2.405323 0.413843 -0.144620
 H -3.926780 0.115628 -0.245428
 H -1.297565 -0.814723 3.586726
 H -0.738500 -1.567279 4.718161
 H 2.416573 1.855925 4.345663
 H 2.328673 2.931308 5.250325
 H -5.796076 0.312156 1.985233
 H -4.849471 1.385355 1.491862
 H 4.635039 5.517553 -1.721033
 H 3.730393 5.234738 -2.854732
 H 0.342058 -5.169072 -3.179511
 H 0.921123 -6.121566 -2.099981
 H -5.052757 4.520042 -4.936300
 H -4.639352 3.841351 -3.627818
 H 6.395992 1.354596 8.843930
 H 5.858796 1.618768 7.406100
 H -1.278162 1.675682 1.148444
 H -0.892517 2.193189 2.618382
 H 0.863669 -2.438457 -2.175163
 H 1.240182 -1.429459 -3.212343
 H 0.007859 -3.598561 -4.557759
 H -0.811489 -4.806139 -5.262255
 H 6.854622 -5.257115 4.822084
 H 6.117666 -6.354104 4.068021
 H 4.330765 -2.651873 1.616122
 H 3.084898 -3.357658 0.829210
 H 5.581606 -1.231303 2.543981
 H 5.752222 -0.383972 3.835730
 H 2.217923 4.001577 -4.006757
 H 0.896582 4.363782 -4.555712
 H 1.129233 -8.627251 0.089223
 H -0.092942 -8.029128 0.693475
 H -3.904954 -2.747283 -7.098553
 H -5.357807 -2.529784 -7.539482
 H -3.976071 2.446835 -0.721624
 H -4.502613 2.226650 -2.092697
 H 5.249259 4.264547 -4.498991
 H 4.368144 4.986842 -5.517699
 H 2.230837 -1.194449 -0.775271
 H 0.930336 -0.217444 -0.707544
 H -4.567016 -3.413609 1.969801
 H -5.574146 -4.609731 2.208329
 H 2.500617 1.779069 1.736323
 H 1.466727 2.480831 2.508567
K_POINTS
 1
0.0 0.0 0.0 1.0