
&control
    calculation='scf'
    pseudo_dir = './',
    outdir='./outputs',
    disk_io='high'
/
&system
    ibrav= 1, celldm(1)=20.000000, nat=  192, ntyp= 2,
    ecutwfc = 30.0, nosym=.true., occupations='smearing',
    smearing='m-v', degauss=0.025
/
&electrons
    conv_thr =  1.0d-8,
    mixing_beta = 0.7
/
&ions
    pot_extrapolation='second-order'
    wfc_extrapolation='second-order'
    ion_temperature = 'andersen'
    tempw = 1000

/
ATOMIC_SPECIES
 H  1.01  H.blyp-hgh.UPF
 O  16.0  O.blyp-hgh.UPF
ATOMIC_POSITIONS bohr
 O -6.135129 -1.885220 0.030998
 O 3.575722 -1.601611 6.325344
 O -5.827839 7.645427 -5.400475
 O 3.090078 2.851810 -0.460207
 O -4.258041 0.735606 4.611227
 O 0.582930 5.562372 5.800355
 O -3.078354 -5.852131 -2.616421
 O 4.767353 0.398398 4.799930
 O -2.199702 -6.326915 6.935378
 O 1.603376 -2.948020 3.911326
 O 1.881372 -5.494368 1.495585
 O -2.682097 -4.262974 5.046549
 O -3.043823 -7.202781 -0.038542
 O -3.273361 -3.309014 -4.473303
 O 2.961658 -4.037447 -0.621620
 O -1.101680 2.609614 -2.203148
 O -1.594972 -2.548035 0.616858
 O -0.483698 -4.450312 3.112676
 O 2.681765 -3.858398 -3.199838
 O 5.629065 4.145582 1.191258
 O 4.536184 -3.769943 5.199233
 O -2.067757 -0.876424 -3.404154
 O -1.416014 2.850167 -4.853701
 O 4.955583 1.365021 -0.516874
 O 3.330233 1.337055 -3.624250
 O -4.473186 4.019909 -6.896725
 O 4.635419 -5.776578 0.625477
 O 1.381796 -0.310490 -5.659087
 O -3.378558 1.236615 -5.284206
 O 0.112864 -1.118762 1.982630
 O 6.388223 -2.420888 -3.484176
 O 3.952152 -1.443188 -1.060766
 O -1.260380 4.929604 2.738787
 O -4.483605 -0.223540 -2.216879
 O -0.230664 -5.017267 0.066928
 O 5.471745 3.075412 -8.508950
 O 2.880062 5.396590 4.343251
 O -6.909945 6.545838 -2.877370
 O 0.670751 0.686646 -2.922841
 O -4.862017 -4.894782 -1.075909
 O -3.020220 7.414930 2.473040
 O -1.771135 3.297593 4.965329
 O -3.218685 0.385986 0.390737
 O -1.434015 -0.894953 4.542421
 O 2.133044 1.981088 5.301499
 O -5.552631 1.263451 2.158373
 O 3.697641 5.246193 -1.883179
 O 0.834716 -5.996183 -3.062937
 O -5.239268 4.563065 -3.969773
 O 6.656474 1.654304 7.963578
 O -0.612628 1.625291 1.865859
 O 0.738861 -2.275556 -3.125833
 O -0.143279 -4.102098 -5.391879
 O 6.917273 -5.792023 3.977814
 O 3.373926 -2.775304 1.588069
 O 6.277597 -0.890965 3.139676
 O 1.431797 3.552483 -4.361003
 O 0.246462 -8.289330 -0.209752
 O -4.797291 -2.511690 -6.733403
 O -4.794404 2.596107 -1.235204
 O 4.365910 4.210510 -4.930128
 O 1.299793 -1.097234 -0.496169
 O -5.422311 -3.798007 1.694845
 O 2.460435 2.335013 2.531317
 H -6.915554 -2.077853 -0.519035
 H -6.055652 -2.427553 0.844166
 H 2.693482 -1.280844 6.623044
 H 3.468923 -2.142032 5.503204
 H -6.055929 7.596773 -4.440432
 H -4.929009 8.060309 -5.250186
 H 3.157811 3.487673 -1.244123
 H 2.272788 2.335036 -0.625271
 H -4.486587 -0.180424 4.791744
 H -4.154402 0.825884 3.651441
 H 1.134429 6.323792 6.102127
 H 1.246331 4.897987 5.543773
 H -2.334033 -6.127501 -3.198179
 H -3.181171 -4.890463 -2.782601
 H 4.643686 1.345289 5.006396
 H 4.234287 -0.266435 5.279419
 H -2.809041 -6.952084 6.454497
 H -1.363123 -6.838168 6.827759
 H 1.354495 -2.069909 3.457157
 H 2.461981 -3.158434 3.487896
 H 1.373559 -5.480421 2.334161
 H 1.017624 -5.563073 0.983477
 H -2.753851 -4.891505 5.790170
 H -1.879016 -4.483600 4.489977
 H -3.040218 -8.168179 -0.175197
 H -2.924285 -6.765013 -0.928498
 H -3.236591 -2.405414 -4.073519
 H -2.600592 -3.290859 -5.193994
 H 3.086898 -3.843276 -1.602760
 H 2.154638 -4.598795 -0.702117
 H -0.969817 3.110775 -3.025639
 H -0.573922 3.193624 -1.590506
 H -2.396497 -2.127294 0.260757
 H -1.130842 -1.941866 1.292795
 H 0.330707 -3.963256 3.350193
 H -0.899534 -4.082897 2.319970
 H 2.436276 -4.706262 -3.677016
 H 2.139454 -3.217881 -3.695430
 H 5.837961 4.877040 0.597357
 H 6.548262 3.841809 1.402056
 H 5.078304 -3.661724 4.380359
 H 5.164928 -3.485290 5.908298
 H -1.135702 -1.077008 -3.170523
 H -2.059889 -0.225115 -4.158152
 H -0.591523 2.392793 -5.066005
 H -2.253123 2.229908 -4.754712
 H 5.780558 1.681638 -0.962438
 H 4.349219 2.158552 -0.494326
 H 3.800937 1.063484 -2.818243
 H 4.074605 1.865638 -3.978223
 H -5.029159 4.722130 -7.344980
 H -5.022857 3.198805 -6.938811
 H 4.316067 -6.092398 1.491482
 H 4.273917 -4.881375 0.505054
 H 0.642346 -0.805946 -6.053106
 H 1.350375 0.600841 -6.001976
 H -3.183455 1.617886 -6.165163
 H -4.350771 1.055552 -5.236037
 H -0.276763 -0.208463 2.053368
 H 0.652277 -1.290002 1.128189
 H 6.609954 -2.693486 -4.400010
 H 5.433180 -2.332363 -3.607039
 H 4.233986 -0.618941 -0.583886
 H 3.539874 -2.007938 -0.358656
 H -1.018623 5.877005 2.717422
 H -1.324217 4.672416 3.676120
 H -3.689052 -0.594353 -2.658480
 H -5.201321 -0.885840 -2.298079
 H -0.953940 -5.527598 -0.355767
 H -0.553361 -4.079757 0.181447
 H 4.878758 3.841234 -8.507321
 H 6.000467 3.141493 -9.335530
 H 2.689527 4.629349 3.780766
 H 3.117715 6.153868 3.776777
 H -6.465414 6.018722 -3.538433
 H -6.087112 6.811173 -2.387419
 H -0.104318 1.303882 -2.749227
 H 1.285141 1.204978 -3.471408
 H -5.500720 -4.257721 -1.516109
 H -5.038614 -4.634309 -0.131427
 H -2.891530 6.689016 1.819630
 H -3.628064 7.080904 3.148109
 H -2.672166 3.689492 4.983765
 H -1.413642 3.437378 5.884761
 H -2.404511 0.411739 -0.143159
 H -3.929842 0.113466 -0.244041
 H -1.298721 -0.810421 3.586126
 H -0.737726 -1.570234 4.713105
 H 2.417212 1.853329 4.345163
 H 2.327683 2.931920 5.253520
 H -5.788052 0.307398 1.991154
 H -4.843448 1.382948 1.498093
 H 4.638476 5.519040 -1.727680
 H 3.729609 5.240188 -2.857131
 H 0.348456 -5.165340 -3.176601
 H 0.925498 -6.119686 -2.099376
 H -5.055708 4.514098 -4.933763
 H -4.638839 3.842455 -3.635450
 H 6.406357 1.354296 8.846487
 H 5.859806 1.613002 7.410839
 H -1.281047 1.678770 1.147505
 H -0.892302 2.188473 2.618846
 H 0.863315 -2.437017 -2.174158
 H 1.234136 -1.425281 -3.209963
 H 0.009973 -3.602612 -4.555063
 H -0.804737 -4.812467 -5.259826
 H 6.852161 -5.261097 4.823885
 H 6.120747 -6.356437 4.068725
 H 4.330700 -2.652970 1.613169
 H 3.089304 -3.359946 0.828971
 H 5.585378 -1.235347 2.542806
 H 5.752327 -0.379560 3.829758
 H 2.218816 3.999202 -4.005636
 H 0.897590 4.362382 -4.557038
 H 1.129074 -8.623563 0.091549
 H -0.093949 -8.026038 0.688311
 H -3.907165 -2.750035 -7.100203
 H -5.359950 -2.536304 -7.540475
 H -3.976502 2.453243 -0.721144
 H -4.503466 2.227346 -2.095225
 H 5.249875 4.265187 -4.492542
 H 4.363929 4.987933 -5.516289
 H 2.231100 -1.195351 -0.773972
 H 0.925590 -0.220041 -0.704959
 H -4.566559 -3.414944 1.972896
 H -5.577683 -4.608775 2.205716
 H 2.496942 1.778590 1.740487
 H 1.471293 2.490802 2.508027
K_POINTS
 1
0.0 0.0 0.0 1.0