
&control
    calculation='scf'
    pseudo_dir = './',
    outdir='./outputs',
    disk_io='high'
/
&system
    ibrav= 1, celldm(1)=20.000000, nat=  192, ntyp= 2,
    ecutwfc = 30.0, nosym=.true., occupations='smearing',
    smearing='m-v', degauss=0.025
/
&electrons
    conv_thr =  1.0d-8,
    mixing_beta = 0.7
/
&ions
    pot_extrapolation='second-order'
    wfc_extrapolation='second-order'
    ion_temperature = 'andersen'
    tempw = 1000

/
ATOMIC_SPECIES
 H  1.01  H.blyp-hgh.UPF
 O  16.0  O.blyp-hgh.UPF
ATOMIC_POSITIONS bohr
 O -6.133255 -1.885053 0.032222
 O 3.577393 -1.614394 6.339632
 O -5.829562 7.659535 -5.398928
 O 3.112804 2.838853 -0.461061
 O -4.245716 0.730668 4.616701
 O 0.576565 5.561759 5.795341
 O -3.089838 -5.859711 -2.624002
 O 4.766758 0.408141 4.809098
 O -2.197812 -6.323003 6.950723
 O 1.595667 -2.946519 3.914617
 O 1.880437 -5.499587 1.497254
 O -2.685102 -4.257173 5.050899
 O -3.031809 -7.205641 -0.044499
 O -3.269468 -3.298538 -4.461967
 O 2.968681 -4.018528 -0.616061
 O -1.095210 2.595652 -2.201429
 O -1.600891 -2.542255 0.605459
 O -0.487765 -4.435241 3.111521
 O 2.655167 -3.865790 -3.197113
 O 5.636443 4.149469 1.179710
 O 4.536376 -3.761886 5.210540
 O -2.064092 -0.878040 -3.401767
 O -1.409010 2.837726 -4.854043
 O 4.953824 1.354582 -0.551125
 O 3.321361 1.330371 -3.619075
 O -4.466716 4.022178 -6.907886
 O 4.643172 -5.795701 0.629477
 O 1.378316 -0.301268 -5.651252
 O -3.388314 1.246099 -5.284409
 O 0.115767 -1.116362 1.993662
 O 6.391533 -2.422724 -3.488858
 O 3.946586 -1.457203 -1.056422
 O -1.273155 4.930062 2.740047
 O -4.472775 -0.221211 -2.202162
 O -0.245285 -5.033529 0.069065
 O 5.470990 3.078090 -8.505531
 O 2.863109 5.399840 4.317491
 O -6.913569 6.564487 -2.878543
 O 0.676600 0.696776 -2.930147
 O -4.869592 -4.899200 -1.090461
 O -3.025856 7.418878 2.460254
 O -1.752449 3.302731 4.972889
 O -3.224142 0.395297 0.383069
 O -1.423317 -0.897463 4.538950
 O 2.158755 1.978804 5.296897
 O -5.551808 1.252492 2.160088
 O 3.704911 5.251115 -1.888438
 O 0.819035 -6.004140 -3.058361
 O -5.260961 4.553966 -3.970387
 O 6.668478 1.658659 7.970598
 O -0.612612 1.624516 1.866965
 O 0.741113 -2.273843 -3.130552
 O -0.145054 -4.101825 -5.385079
 O 6.918660 -5.792406 3.975398
 O 3.369444 -2.763630 1.593842
 O 6.291799 -0.909652 3.137850
 O 1.421044 3.546078 -4.356050
 O 0.247511 -8.285420 -0.222132
 O -4.804099 -2.523248 -6.742908
 O -4.795979 2.611094 -1.248775
 O 4.381942 4.211223 -4.928337
 O 1.291509 -1.099434 -0.491227
 O -5.424743 -3.782134 1.691690
 O 2.477354 2.328712 2.554263
 H -6.922861 -2.086096 -0.507552
 H -6.044539 -2.417582 0.852051
 H 2.693529 -1.262022 6.623273
 H 3.434689 -2.148523 5.528164
 H -6.090201 7.584443 -4.436571
 H -4.919747 8.041334 -5.281967
 H 3.125288 3.466937 -1.255224
 H 2.313601 2.307088 -0.630471
 H -4.452835 -0.186228 4.810276
 H -4.150302 0.828487 3.662561
 H 1.148749 6.297014 6.098016
 H 1.248874 4.921086 5.507136
 H -2.327985 -6.116937 -3.190839
 H -3.145550 -4.894813 -2.811087
 H 4.591275 1.351370 5.022411
 H 4.229827 -0.247437 5.309435
 H -2.803809 -6.938310 6.461544
 H -1.365699 -6.834051 6.817003
 H 1.343030 -2.081920 3.459607
 H 2.490723 -3.109074 3.535393
 H 1.372732 -5.503505 2.338181
 H 1.025192 -5.572102 0.986923
 H -2.769361 -4.874348 5.804048
 H -1.858341 -4.447032 4.505039
 H -3.005712 -8.167713 -0.149286
 H -2.921284 -6.785982 -0.942449
 H -3.213400 -2.381005 -4.109889
 H -2.631615 -3.266454 -5.209402
 H 3.076011 -3.836326 -1.615947
 H 2.176286 -4.575602 -0.707403
 H -0.961172 3.101163 -3.019495
 H -0.571471 3.186889 -1.612961
 H -2.416563 -2.151590 0.260101
 H -1.151029 -1.937041 1.288091
 H 0.322655 -3.940449 3.363042
 H -0.877502 -4.084250 2.306316
 H 2.461470 -4.732391 -3.659915
 H 2.101839 -3.213131 -3.669933
 H 5.820318 4.903531 0.596879
 H 6.551549 3.849150 1.398322
 H 5.036040 -3.698498 4.364685
 H 5.178142 -3.507744 5.921665
 H -1.135083 -1.089652 -3.176919
 H -2.091837 -0.203342 -4.131534
 H -0.586431 2.377813 -5.046837
 H -2.262937 2.251527 -4.808953
 H 5.773215 1.723436 -0.959232
 H 4.347756 2.145969 -0.481708
 H 3.800482 1.050090 -2.813346
 H 4.072131 1.855497 -3.980988
 H -5.006682 4.734251 -7.334999
 H -5.050879 3.223918 -6.990500
 H 4.296872 -6.122810 1.476682
 H 4.275655 -4.900508 0.504045
 H 0.629702 -0.800056 -6.044807
 H 1.337442 0.610200 -6.001032
 H -3.206575 1.596476 -6.183416
 H -4.355426 1.066254 -5.240481
 H -0.306657 -0.220887 2.060961
 H 0.645860 -1.287494 1.137570
 H 6.631746 -2.706206 -4.403499
 H 5.437240 -2.295799 -3.613884
 H 4.223474 -0.630411 -0.599971
 H 3.546841 -2.028835 -0.335676
 H -0.982646 5.848802 2.710976
 H -1.307984 4.653505 3.655918
 H -3.678758 -0.588608 -2.652573
 H -5.184929 -0.888140 -2.281929
 H -0.977413 -5.522206 -0.362302
 H -0.583916 -4.096380 0.187048
 H 4.866218 3.838514 -8.529720
 H 5.925476 3.178535 -9.377710
 H 2.702702 4.607484 3.780045
 H 3.119612 6.125711 3.715352
 H -6.467583 6.043313 -3.562191
 H -6.117121 6.795005 -2.341300
 H -0.094119 1.326653 -2.762602
 H 1.297118 1.208652 -3.480062
 H -5.524239 -4.237362 -1.480258
 H -5.049842 -4.674860 -0.145542
 H -2.902381 6.683928 1.819678
 H -3.631287 7.112951 3.157448
 H -2.643436 3.714729 4.987258
 H -1.400496 3.449418 5.878269
 H -2.401102 0.398053 -0.136381
 H -3.946310 0.100374 -0.237432
 H -1.307505 -0.783535 3.581463
 H -0.735902 -1.587837 4.683989
 H 2.419160 1.832426 4.344251
 H 2.320818 2.937494 5.279464
 H -5.740438 0.282625 2.030820
 H -4.807559 1.369879 1.534988
 H 4.655049 5.528504 -1.766372
 H 3.723388 5.272662 -2.871311
 H 0.386241 -5.142183 -3.158595
 H 0.951687 -6.108822 -2.095699
 H -5.072740 4.479197 -4.920425
 H -4.639757 3.852903 -3.680235
 H 6.468033 1.349433 8.863966
 H 5.864395 1.577282 7.438528
 H -1.297072 1.699578 1.146668
 H -0.893835 2.160698 2.621081
 H 0.860028 -2.429183 -2.166574
 H 1.194505 -1.398779 -3.197857
 H 0.020448 -3.627917 -4.540389
 H -0.764178 -4.848039 -5.244140
 H 6.838947 -5.286147 4.831700
 H 6.139154 -6.370389 4.070503
 H 4.332264 -2.661263 1.593619
 H 3.117809 -3.373637 0.828901
 H 5.608474 -1.259785 2.536561
 H 5.753022 -0.350784 3.793662
 H 2.226480 3.981900 -3.999018
 H 0.902946 4.351560 -4.565246
 H 1.127876 -8.599871 0.101726
 H -0.103225 -8.007310 0.654199
 H -3.921009 -2.767627 -7.108712
 H -5.371676 -2.573212 -7.545150
 H -3.980480 2.490488 -0.717306
 H -4.509417 2.230537 -2.109129
 H 5.253518 4.268192 -4.454227
 H 4.338159 4.994374 -5.508595
 H 2.234118 -1.196006 -0.768810
 H 0.900363 -0.235667 -0.693416
 H -4.563170 -3.426567 1.992375
 H -5.597625 -4.603758 2.191763
 H 2.480102 1.773676 1.763653
 H 1.503356 2.550778 2.506638
K_POINTS
 1
0.0 0.0 0.0 1.0