
&control
    calculation='scf'
    pseudo_dir = './',
    outdir='./outputs',
    disk_io='high'
/
&system
    ibrav= 1, celldm(1)=20.000000, nat=  192, ntyp= 2,
    ecutwfc = 30.0, nosym=.true., occupations='smearing',
    smearing='m-v', degauss=0.025
/
&electrons
    conv_thr =  1.0d-8,
    mixing_beta = 0.7
/
&ions
    pot_extrapolation='second-order'
    wfc_extrapolation='second-order'
    ion_temperature = 'andersen'
    tempw = 1000

/
ATOMIC_SPECIES
 H  1.01  H.blyp-hgh.UPF
 O  16.0  O.blyp-hgh.UPF
ATOMIC_POSITIONS bohr
 O -6.130420 -1.883858 0.033604
 O 3.579522 -1.626937 6.353779
 O -5.830617 7.673664 -5.396121
 O 3.132844 2.828112 -0.462890
 O -4.232821 0.727047 4.623299
 O 0.570027 5.561247 5.791179
 O -3.099822 -5.867257 -2.631880
 O 4.766747 0.418120 4.817841
 O -2.196005 -6.320519 6.965514
 O 1.588143 -2.943458 3.917460
 O 1.878302 -5.505477 1.499996
 O -2.688009 -4.250838 5.054883
 O -3.019409 -7.207626 -0.050388
 O -3.265248 -3.288150 -4.450610
 O 2.975299 -3.999394 -0.612420
 O -1.088475 2.582296 -2.198790
 O -1.605982 -2.536904 0.594445
 O -0.491907 -4.421493 3.111495
 O 2.629566 -3.875023 -3.195687
 O 5.644969 4.152928 1.168739
 O 4.537051 -3.753998 5.220979
 O -2.061041 -0.879191 -3.400008
 O -1.403094 2.826497 -4.853857
 O 4.953579 1.343090 -0.586576
 O 3.314202 1.324075 -3.613715
 O -4.461222 4.024705 -6.918908
 O 4.652061 -5.814930 0.633912
 O 1.373706 -0.292768 -5.643181
 O -3.396687 1.255688 -5.284567
 O 0.118847 -1.114747 2.004850
 O 6.394717 -2.424807 -3.494138
 O 3.939674 -1.471565 -1.051646
 O -1.285738 4.929975 2.739271
 O -4.462192 -0.218406 -2.187058
 O -0.260517 -5.049124 0.070378
 O 5.470714 3.081599 -8.502057
 O 2.847001 5.402946 4.292149
 O -6.915788 6.584446 -2.880115
 O 0.681586 0.707012 -2.936976
 O -4.879309 -4.901777 -1.105206
 O -3.031466 7.422880 2.446549
 O -1.733676 3.308429 4.979416
 O -3.229804 0.404719 0.375663
 O -1.411783 -0.900544 4.535738
 O 2.184889 1.977077 5.291047
 O -5.549691 1.242304 2.160452
 O 3.711806 5.254835 -1.894059
 O 0.803276 -6.012596 -3.053852
 O -5.282381 4.544335 -3.971302
 O 6.680261 1.663428 7.977356
 O -0.612695 1.622998 1.866764
 O 0.742993 -2.271091 -3.134965
 O -0.146414 -4.101531 -5.378265
 O 6.919556 -5.792611 3.974427
 O 3.364582 -2.751703 1.600020
 O 6.305188 -0.929844 3.136353
 O 1.410368 3.540642 -4.350938
 O 0.249428 -8.281687 -0.233304
 O -4.811180 -2.534494 -6.753444
 O -4.797024 2.626281 -1.262936
 O 4.398187 4.212023 -4.926163
 O 1.282207 -1.102674 -0.485232
 O -5.427547 -3.765966 1.688439
 O 2.492033 2.323048 2.577330
 H -6.930214 -2.096213 -0.493518
 H -6.035636 -2.413200 0.854219
 H 2.695035 -1.240254 6.620228
 H 3.399404 -2.157588 5.558302
 H -6.127397 7.571072 -4.439692
 H -4.913210 8.023184 -5.317050
 H 3.096377 3.447972 -1.257837
 H 2.355886 2.275636 -0.637916
 H -4.419462 -0.199144 4.828202
 H -4.151403 0.829840 3.668141
 H 1.159360 6.272030 6.092730
 H 1.250122 4.944483 5.468970
 H -2.326413 -6.107734 -3.184617
 H -3.112440 -4.901193 -2.837824
 H 4.537883 1.350907 5.036446
 H 4.222198 -0.226350 5.347373
 H -2.799236 -6.919377 6.473861
 H -1.365407 -6.826626 6.805920
 H 1.333081 -2.103614 3.465128
 H 2.516161 -3.059972 3.581463
 H 1.377282 -5.524276 2.347013
 H 1.038090 -5.579576 0.982631
 H -2.777773 -4.859379 5.815042
 H -1.844140 -4.410085 4.524937
 H -2.970049 -8.166268 -0.126389
 H -2.923649 -6.810269 -0.954723
 H -3.188952 -2.358431 -4.145644
 H -2.663800 -3.243157 -5.223688
 H 3.067445 -3.829031 -1.624684
 H 2.197201 -4.555366 -0.705047
 H -0.958223 3.090148 -3.024531
 H -0.569325 3.177456 -1.627215
 H -2.437879 -2.174068 0.261201
 H -1.176097 -1.935283 1.276583
 H 0.317799 -3.912631 3.375342
 H -0.858520 -4.081877 2.289662
 H 2.490162 -4.750663 -3.635135
 H 2.063131 -3.206371 -3.642127
 H 5.800332 4.934989 0.594519
 H 6.549857 3.855679 1.390622
 H 4.992832 -3.735290 4.353933
 H 5.189005 -3.533658 5.931411
 H -1.133346 -1.101197 -3.186020
 H -2.121678 -0.185732 -4.100125
 H -0.579973 2.354904 -5.027310
 H -2.260508 2.273900 -4.864831
 H 5.766025 1.761548 -0.949920
 H 4.347643 2.127891 -0.467010
 H 3.795420 1.032374 -2.802691
 H 4.061268 1.847594 -3.988799
 H -4.979379 4.743063 -7.325099
 H -5.075072 3.251877 -7.044659
 H 4.275058 -6.152693 1.459258
 H 4.274344 -4.923506 0.500859
 H 0.618747 -0.789503 -6.035617
 H 1.327176 0.620737 -6.003499
 H -3.232783 1.567566 -6.205301
 H -4.359916 1.079949 -5.241939
 H -0.327758 -0.231348 2.061727
 H 0.635326 -1.275372 1.152431
 H 6.657425 -2.716430 -4.403911
 H 5.437083 -2.258029 -3.617734
 H 4.216343 -0.637463 -0.617067
 H 3.560689 -2.046278 -0.315984
 H -0.945549 5.827486 2.708187
 H -1.290533 4.630816 3.647063
 H -3.668259 -0.583212 -2.646069
 H -5.166411 -0.892626 -2.267233
 H -1.000467 -5.516208 -0.366726
 H -0.615878 -4.117705 0.191287
 H 4.851021 3.836266 -8.551343
 H 5.846380 3.208305 -9.415646
 H 2.716575 4.586856 3.772671
 H 3.118834 6.094892 3.653268
 H -6.467335 6.060654 -3.588088
 H -6.147661 6.777926 -2.290294
 H -0.078442 1.346808 -2.774109
 H 1.312385 1.212512 -3.488641
 H -5.536719 -4.220272 -1.441991
 H -5.058605 -4.718508 -0.158193
 H -2.916870 6.678651 1.822135
 H -3.632840 7.141926 3.166815
 H -2.616736 3.736937 4.991089
 H -1.389148 3.458342 5.874154
 H -2.400633 0.382334 -0.133482
 H -3.957786 0.087858 -0.233422
 H -1.319304 -0.755161 3.576244
 H -0.738697 -1.605124 4.656616
 H 2.418746 1.804584 4.345517
 H 2.312661 2.944587 5.315110
 H -5.694317 0.263081 2.076907
 H -4.772958 1.358909 1.571304
 H 4.663773 5.538353 -1.802502
 H 3.713911 5.304287 -2.882489
 H 0.423354 -5.118147 -3.139828
 H 0.977677 -6.099036 -2.092563
 H -5.089683 4.447103 -4.914923
 H -4.644489 3.865843 -3.718822
 H 6.528658 1.339390 8.884200
 H 5.865889 1.539371 7.464987
 H -1.308220 1.723504 1.156284
 H -0.901066 2.136312 2.626109
 H 0.854355 -2.422192 -2.159387
 H 1.149456 -1.369690 -3.189831
 H 0.027442 -3.654068 -4.527468
 H -0.723586 -4.879250 -5.226751
 H 6.828789 -5.311725 4.835389
 H 6.156020 -6.385798 4.067642
 H 4.336305 -2.671572 1.572336
 H 3.148245 -3.385405 0.833461
 H 5.631924 -1.284743 2.531200
 H 5.755365 -0.320543 3.756202
 H 2.234948 3.958151 -3.993916
 H 0.905724 4.339256 -4.574359
 H 1.126803 -8.574178 0.105263
 H -0.119458 -7.987312 0.617808
 H -3.934197 -2.787387 -7.115441
 H -5.381811 -2.606128 -7.547701
 H -3.987965 2.525433 -0.713549
 H -4.516244 2.232498 -2.119252
 H 5.255747 4.270807 -4.418580
 H 4.313209 4.999941 -5.500935
 H 2.236745 -1.188178 -0.767347
 H 0.880184 -0.249228 -0.689188
 H -4.558985 -3.444244 2.012825
 H -5.615273 -4.598145 2.179527
 H 2.472308 1.764627 1.783532
 H 1.542545 2.610925 2.509067
K_POINTS
 1
0.0 0.0 0.0 1.0