
&control
    calculation='scf'
    pseudo_dir = './',
    outdir='./outputs',
    disk_io='high'
/
&system
    ibrav= 1, celldm(1)=20.000000, nat=  192, ntyp= 2,
    ecutwfc = 30.0, nosym=.true., occupations='smearing',
    smearing='m-v', degauss=0.025
/
&electrons
    conv_thr =  1.0d-8,
    mixing_beta = 0.7
/
&ions
    pot_extrapolation='second-order'
    wfc_extrapolation='second-order'
    ion_temperature = 'andersen'
    tempw = 1000

/
ATOMIC_SPECIES
 H  1.01  H.blyp-hgh.UPF
 O  16.0  O.blyp-hgh.UPF
ATOMIC_POSITIONS bohr
 O -6.129872 -1.883565 0.033837
 O 3.579881 -1.628967 6.356155
 O -5.830782 7.675992 -5.395540
 O 3.135912 2.826559 -0.463286
 O -4.230622 0.726552 4.624519
 O 0.568922 5.561146 5.790556
 O -3.101333 -5.868482 -2.633230
 O 4.766763 0.419798 4.819297
 O -2.195690 -6.320224 6.967935
 O 1.586957 -2.942849 3.917911
 O 1.877855 -5.506525 1.500575
 O -2.688487 -4.249726 5.055508
 O -3.017309 -7.207853 -0.051348
 O -3.264510 -3.286422 -4.448727
 O 2.976407 -3.996165 -0.612023
 O -1.087343 2.580123 -2.198307
 O -1.606751 -2.536070 0.592631
 O -0.492576 -4.419312 3.111616
 O 2.625417 -3.876707 -3.195532
 O 5.646467 4.153497 1.166941
 O 4.537174 -3.752715 5.222645
 O -2.060612 -0.879356 -3.399756
 O -1.402177 2.824770 -4.853781
 O 4.953680 1.341072 -0.592591
 O 3.313191 1.323058 -3.612785
 O -4.460388 4.025103 -6.920714
 O 4.653654 -5.818129 0.634680
 O 1.372815 -0.291410 -5.641834
 O -3.397930 1.257300 -5.284614
 O 0.119359 -1.114551 2.006750
 O 6.395215 -2.425172 -3.495080
 O 3.938378 -1.474018 -1.050804
 O -1.287830 4.929891 2.738918
 O -4.460443 -0.217897 -2.184513
 O -0.263126 -5.051639 0.070521
 O 5.470702 3.082308 -8.501527
 O 2.844394 5.403441 4.287936
 O -6.916014 6.587854 -2.880476
 O 0.682350 0.708733 -2.938081
 O -4.881141 -4.902033 -1.107687
 O -3.032418 7.423566 2.444209
 O -1.730559 3.309430 4.980360
 O -3.230779 0.406296 0.374457
 O -1.409791 -0.901101 4.535216
 O 2.189270 1.976842 5.290007
 O -5.549198 1.240699 2.160384
 O 3.712922 5.255348 -1.895064
 O 0.800635 -6.014033 -3.053092
 O -5.285956 4.542717 -3.971495
 O 6.682192 1.664257 7.978479
 O -0.612732 1.622663 1.866561
 O 0.743274 -2.270528 -3.135631
 O -0.146607 -4.101494 -5.377141
 O 6.919667 -5.792631 3.974389
 O 3.363778 -2.749717 1.601050
 O 6.307326 -0.933310 3.136167
 O 1.408648 3.539804 -4.350052
 O 0.249838 -8.281087 -0.235088
 O -4.812395 -2.536334 -6.755284
 O -4.797148 2.628832 -1.265345
 O 4.400908 4.212161 -4.925760
 O 1.280605 -1.103338 -0.484140
 O -5.428047 -3.763273 1.687916
 O 2.494280 2.322161 2.581162
 H -6.931324 -2.098022 -0.490899
 H -6.034341 -2.413012 0.854046
 H 2.695624 -1.236413 6.619456
 H 3.393504 -2.159490 5.563570
 H -6.133560 7.568908 -4.441071
 H -4.912310 8.020327 -5.322935
 H 3.092084 3.445031 -1.257467
 H 2.362890 2.269879 -0.639308
 H -4.413903 -0.201817 4.831060
 H -4.152092 0.829921 3.668505
 H 1.160854 6.268361 6.091873
 H 1.250130 4.948307 5.462395
 H -2.326478 -6.106556 -3.183726
 H -3.107337 -4.902457 -2.842001
 H 4.529000 1.350172 5.038513
 H 4.220875 -0.222616 5.354173
 H -2.798736 -6.915891 6.476303
 H -1.365064 -6.825064 6.804069
 H 1.331405 -2.107672 3.466117
 H 2.519834 -3.051877 3.589090
 H 1.378566 -5.527483 2.348861
 H 1.040550 -5.580679 0.981090
 H -2.778408 -4.857091 5.816562
 H -1.842455 -4.403968 4.528752
 H -2.963975 -8.166133 -0.122881
 H -2.924531 -6.814582 -0.956692
 H -3.184850 -2.354730 -4.151325
 H -2.669183 -3.239543 -5.226077
 H 3.066302 -3.827747 -1.625599
 H 2.200231 -4.552552 -0.703871
 H -0.958360 3.088067 -3.026345
 H -0.568816 3.175794 -1.628553
 H -2.441616 -2.177610 0.261543
 H -1.180667 -1.935206 1.274128
 H 0.317132 -3.907701 3.377246
 H -0.855676 -4.081121 2.286577
 H 2.495115 -4.753011 -3.630505
 H 2.056594 -3.205255 -3.637307
 H 5.796790 4.940398 0.594192
 H 6.549360 3.856687 1.388939
 H 4.985730 -3.741368 4.352631
 H 5.190693 -3.538274 5.932581
 H -1.132916 -1.102959 -3.187841
 H -2.126330 -0.183085 -4.094577
 H -0.578834 2.350336 -5.024053
 H -2.259121 2.277477 -4.874174
 H 5.764986 1.767498 -0.947865
 H 4.347747 2.124345 -0.464404
 H 3.794064 1.029131 -2.800599
 H 4.058616 1.846432 -3.990496
 H -4.974564 4.744627 -7.323652
 H -5.078637 3.256775 -7.053858
 H 4.271115 -6.157665 1.456208
 H 4.273851 -4.927755 0.500095
 H 0.617192 -0.787255 -6.033942
 H 1.325758 0.622468 -6.004178
 H -3.237413 1.561995 -6.209208
 H -4.360816 1.082489 -5.241828
 H -0.330394 -0.232881 2.061192
 H 0.633280 -1.272489 1.155259
 H 6.661921 -2.717852 -4.403548
 H 5.436978 -2.251697 -3.618169
 H 4.215542 -0.638111 -0.619921
 H 3.563662 -2.048698 -0.313143
 H -0.939205 5.824793 2.708100
 H -1.287485 4.626635 3.646866
 H -3.666542 -0.582323 -2.644869
 H -5.163167 -0.893601 -2.264923
 H -1.004279 -5.515291 -0.367301
 H -0.621217 -4.121700 0.191894
 H 4.848208 3.835826 -8.554609
 H 5.832951 3.212382 -9.421419
 H 2.718972 4.583581 3.770930
 H 3.118428 6.089500 3.642957
 H -6.467234 6.063218 -3.592060
 H -6.152623 6.775015 -2.281419
 H -0.075359 1.349897 -2.775802
 H 1.315191 1.213089 -3.489995
 H -5.537749 -4.217710 -1.435577
 H -5.059778 -4.726093 -0.159924
 H -2.919630 6.677648 1.822731
 H -3.632779 7.146476 3.168207
 H -2.612510 3.740320 4.991728
 H -1.387232 3.459565 5.874060
 H -2.400874 0.379505 -0.133398
 H -3.959086 0.085897 -0.232975
 H -1.321541 -0.750337 3.575483
 H -0.739551 -1.608002 4.652186
 H 2.418538 1.799511 4.345765
 H 2.311206 2.945685 5.321774
 H -5.686826 0.260187 2.085138
 H -4.767406 1.357257 1.577323
 H 4.664458 5.540001 -1.808219
 H 3.711962 5.309428 -2.883852
 H 0.429549 -5.114195 -3.136644
 H 0.981972 -6.097553 -2.092181
 H -5.092623 4.442156 -4.915078
 H -4.645297 3.867819 -3.724236
 H 6.538666 1.337266 8.887617
 H 5.865872 1.532822 7.469341
 H -1.309472 1.727715 1.158956
 H -0.902852 2.132728 2.627486
 H 0.853154 -2.421052 -2.158505
 H 1.141443 -1.364617 -3.188908
 H 0.028316 -3.658400 -4.525376
 H -0.716818 -4.884006 -5.223721
 H 6.827411 -5.315870 4.835771
 H 6.158574 -6.388636 4.066678
 H 4.337068 -2.673392 1.568769
 H 3.153318 -3.387025 0.834847
 H 5.635806 -1.288984 2.530327
 H 5.756074 -0.315641 3.749733
 H 2.236169 3.953496 -3.993323
 H 0.905816 4.337336 -4.576012
 H 1.126721 -8.569773 0.105237
 H -0.122956 -7.983769 0.611818
 H -3.936182 -2.790919 -7.116450
 H -5.383412 -2.611212 -7.547976
 H -3.989627 2.531006 -0.713075
 H -4.517397 2.232728 -2.120475
 H 5.255882 4.271300 -4.413071
 H 4.309282 5.000705 -5.499528
 H 2.236868 -1.186052 -0.767373
 H 0.877249 -0.251122 -0.689226
 H -4.558247 -3.447753 2.016259
 H -5.617990 -4.596971 2.177530
 H 2.471867 1.762746 1.786624
 H 1.549626 2.620962 2.509871
K_POINTS
 1
0.0 0.0 0.0 1.0