
&control
    calculation='scf'
    pseudo_dir = './',
    outdir='./outputs',
    disk_io='high'
/
&system
    ibrav= 1, celldm(1)=20.000000, nat=  192, ntyp= 2,
    ecutwfc = 30.0, nosym=.true., occupations='smearing',
    smearing='m-v', degauss=0.025
/
&electrons
    conv_thr =  1.0d-8,
    mixing_beta = 0.7
/
&ions
    pot_extrapolation='second-order'
    wfc_extrapolation='second-order'
    ion_temperature = 'andersen'
    tempw = 1000

/
ATOMIC_SPECIES
 H  1.01  H.blyp-hgh.UPF
 O  16.0  O.blyp-hgh.UPF
ATOMIC_POSITIONS bohr
 O -6.129306 -1.883245 0.034067
 O 3.580235 -1.630973 6.358541
 O -5.830953 7.678308 -5.394931
 O 3.138900 2.825075 -0.463708
 O -4.228409 0.726081 4.625773
 O 0.567812 5.561035 5.789951
 O -3.102800 -5.869693 -2.634592
 O 4.766777 0.421478 4.820761
 O -2.195366 -6.319959 6.970345
 O 1.585802 -2.942223 3.918360
 O 1.877386 -5.507593 1.501193
 O -2.688964 -4.248596 5.056121
 O -3.015199 -7.208049 -0.052300
 O -3.263761 -3.284694 -4.446849
 O 2.977521 -3.992922 -0.611688
 O -1.086212 2.577967 -2.197822
 O -1.607500 -2.535256 0.590819
 O -0.493234 -4.417157 3.111772
 O 2.621306 -3.878423 -3.195392
 O 5.647980 4.154072 1.165146
 O 4.537293 -3.751444 5.224291
 O -2.060208 -0.879516 -3.399511
 O -1.401268 2.823088 -4.853694
 O 4.953821 1.339024 -0.598634
 O 3.312233 1.322048 -3.611841
 O -4.459574 4.025486 -6.922509
 O 4.655279 -5.821324 0.635453
 O 1.371889 -0.290064 -5.640489
 O -3.399128 1.258916 -5.284671
 O 0.119866 -1.114374 2.008665
 O 6.395698 -2.425539 -3.496039
 O 3.937041 -1.476487 -1.049948
 O -1.289922 4.929787 2.738506
 O -4.458697 -0.217378 -2.181963
 O -0.265757 -5.054129 0.070643
 O 5.470696 3.083060 -8.501021
 O 2.841809 5.403928 4.283721
 O -6.916196 6.591278 -2.880874
 O 0.683101 0.710456 -2.939179
 O -4.883033 -4.902242 -1.110173
 O -3.033379 7.424259 2.441859
 O -1.727448 3.310445 4.981258
 O -3.231763 0.407873 0.373260
 O -1.407782 -0.901669 4.534694
 O 2.193655 1.976624 5.288959
 O -5.548662 1.239123 2.160281
 O 3.714026 5.255831 -1.896093
 O 0.797989 -6.015472 -3.052326
 O -5.289536 4.541102 -3.971706
 O 6.684108 1.665092 7.979606
 O -0.612777 1.622305 1.866309
 O 0.743546 -2.269935 -3.136271
 O -0.146793 -4.101463 -5.376024
 O 6.919769 -5.792649 3.974382
 O 3.362984 -2.747736 1.602075
 O 6.309434 -0.936797 3.136005
 O 1.406951 3.538979 -4.349154
 O 0.250272 -8.280493 -0.236856
 O -4.813619 -2.538163 -6.757144
 O -4.797259 2.631391 -1.267767
 O 4.403631 4.212300 -4.925347
 O 1.278995 -1.104039 -0.483025
 O -5.428555 -3.760586 1.687404
 O 2.496476 2.321287 2.584985
 H -6.932381 -2.099855 -0.488199
 H -6.033093 -2.412980 0.853729
 H 2.696340 -1.232525 6.618619
 H 3.387613 -2.161528 5.568865
 H -6.139660 7.566789 -4.442704
 H -4.911447 8.017533 -5.328783
 H 3.087965 3.442168 -1.256884
 H 2.369856 2.263952 -0.640734
 H -4.408334 -0.204584 4.833863
 H -4.152927 0.829956 3.668725
 H 1.162284 6.264884 6.091046
 H 1.250065 4.952095 5.455748
 H -2.326611 -6.105518 -3.182889
 H -3.102381 -4.903777 -2.846081
 H 4.520138 1.349263 5.040490
 H 4.219587 -0.218815 5.361053
 H -2.798352 -6.912350 6.478827
 H -1.364638 -6.823408 6.802222
 H 1.329688 -2.111743 3.467072
 H 2.523301 -3.043820 3.596716
 H 1.379995 -5.530613 2.350796
 H 1.043063 -5.581744 0.979309
 H -2.778814 -4.854862 5.817992
 H -1.840958 -4.397876 4.532701
 H -2.957862 -8.166052 -0.119460
 H -2.925546 -6.818956 -0.958661
 H -3.180756 -2.351032 -4.156893
 H -2.674558 -3.236034 -5.228485
 H 3.065248 -3.826437 -1.626352
 H 2.203077 -4.549935 -0.702466
 H -0.958689 3.085888 -3.028392
 H -0.568239 3.174134 -1.629569
 H -2.445404 -2.181095 0.261934
 H -1.185325 -1.935167 1.271556
 H 0.316469 -3.902727 3.379089
 H -0.852918 -4.080272 2.283425
 H 2.500085 -4.755199 -3.625787
 H 2.050041 -3.204180 -3.632442
 H 5.793189 4.945791 0.593931
 H 6.548863 3.857666 1.387144
 H 4.978689 -3.747423 4.351464
 H 5.192370 -3.542966 5.933612
 H -1.132446 -1.104664 -3.189755
 H -2.130875 -0.180491 -4.088975
 H -0.577707 2.345572 -5.020798
 H -2.257506 2.280969 -4.883507
 H 5.764017 1.773327 -0.945683
 H 4.347884 2.120649 -0.461761
 H 3.792554 1.025833 -2.798466
 H 4.055732 1.845312 -3.992290
 H -4.969714 4.746299 -7.322299
 H -5.082057 3.261728 -7.063096
 H 4.267076 -6.162642 1.453133
 H 4.273282 -4.932125 0.499259
 H 0.615718 -0.784872 -6.032224
 H 1.324430 0.624161 -6.004920
 H -3.242111 1.556206 -6.213170
 H -4.361782 1.085097 -5.241604
 H -0.332778 -0.234349 2.060473
 H 0.631179 -1.269379 1.158143
 H 6.666450 -2.719190 -4.403049
 H 5.436918 -2.245373 -3.618560
 H 4.214858 -0.638608 -0.622769
 H 3.566811 -2.050966 -0.310434
 H -0.932817 5.822340 2.708123
 H -1.284391 4.622350 3.647007
 H -3.664844 -0.581434 -2.643626
 H -5.159886 -0.894641 -2.262653
 H -1.008086 -5.514424 -0.367839
 H -0.626541 -4.125806 0.192480
 H 4.845317 3.835347 -8.557731
 H 5.819483 3.216177 -9.427014
 H 2.721395 4.580368 3.769077
 H 3.117940 6.084039 3.632676
 H -6.467143 6.065752 -3.595838
 H -6.157531 6.772085 -2.272468
 H -0.072164 1.352917 -2.777422
 H 1.318056 1.213629 -3.491313
 H -5.538501 -4.215207 -1.429192
 H -5.060860 -4.733771 -0.161515
 H -2.922485 6.676588 1.823370
 H -3.632601 7.150950 3.169523
 H -2.608352 3.743607 4.992361
 H -1.385279 3.460716 5.874186
 H -2.401211 0.376617 -0.133428
 H -3.960198 0.083981 -0.232588
 H -1.323851 -0.745498 3.574785
 H -0.740500 -1.610890 4.647785
 H 2.418305 1.794362 4.345988
 H 2.309730 2.946712 5.328601
 H -5.679399 0.257371 2.093513
 H -4.761929 1.355649 1.583334
 H 4.664938 5.541650 -1.813838
 H 3.709901 5.314523 -2.885048
 H 0.435763 -5.110297 -3.133447
 H 0.986252 -6.096122 -2.091858
 H -5.095622 4.437343 -4.915559
 H -4.646049 3.869677 -3.729297
 H 6.548648 1.335027 8.890989
 H 5.865801 1.526208 7.473699
 H -1.310550 1.731976 1.161913
 H -0.904794 2.129286 2.629036
 H 0.851878 -2.419908 -2.157751
 H 1.133289 -1.359491 -3.188103
 H 0.029119 -3.662703 -4.523280
 H -0.710049 -4.888631 -5.220662
 H 6.826122 -5.319950 4.836125
 H 6.161045 -6.391565 4.065570
 H 4.337823 -2.675223 1.565224
 H 3.158354 -3.388528 0.836434
 H 5.639669 -1.293253 2.529448
 H 5.756901 -0.310831 3.743186
 H 2.237299 3.948641 -3.992819
 H 0.905788 4.335497 -4.577709
 H 1.126685 -8.565345 0.105047
 H -0.126692 -7.980153 0.605892
 H -3.938084 -2.794523 -7.117436
 H -5.385004 -2.616181 -7.548227
 H -3.991410 2.536501 -0.712662
 H -4.518541 2.232929 -2.121561
 H 5.255942 4.271823 -4.407711
 H 4.305445 5.001409 -5.498061
 H 2.236858 -1.183700 -0.767460
 H 0.874426 -0.252894 -0.689479
 H -4.557504 -3.451414 2.019687
 H -5.620644 -4.595703 2.175524
 H 2.471663 1.760779 1.789687
 H 1.556832 2.631002 2.510788
K_POINTS
 1
0.0 0.0 0.0 1.0