
&control
    calculation='scf'
    pseudo_dir = './',
    outdir='./outputs',
    disk_io='high'
/
&system
    ibrav= 1, celldm(1)=20.000000, nat=  192, ntyp= 2,
    ecutwfc = 30.0, nosym=.true., occupations='smearing',
    smearing='m-v', degauss=0.025
/
&electrons
    conv_thr =  1.0d-8,
    mixing_beta = 0.7
/
&ions
    pot_extrapolation='second-order'
    wfc_extrapolation='second-order'
    ion_temperature = 'andersen'
    tempw = 1000

/
ATOMIC_SPECIES
 H  1.01  H.blyp-hgh.UPF
 O  16.0  O.blyp-hgh.UPF
ATOMIC_POSITIONS bohr
 O -6.128125 -1.882528 0.034519
 O 3.580920 -1.634906 6.363348
 O -5.831326 7.682899 -5.393637
 O 3.144633 2.822315 -0.464617
 O -4.223943 0.725202 4.628379
 O 0.565583 5.560782 5.788792
 O -3.105603 -5.872066 -2.637348
 O 4.766785 0.424834 4.823722
 O -2.194682 -6.319508 6.975141
 O 1.583595 -2.940943 3.919266
 O 1.876394 -5.509786 1.502545
 O -2.689922 -4.246285 5.057317
 O -3.010955 -7.208347 -0.054172
 O -3.262231 -3.281233 -4.443111
 O 2.979779 -3.986395 -0.611202
 O -1.083949 2.573704 -2.196855
 O -1.608945 -2.533691 0.587188
 O -0.494511 -4.412916 3.112186
 O 2.613201 -3.881932 -3.195144
 O 5.651035 4.155248 1.161558
 O 4.537506 -3.748941 5.227526
 O -2.059477 -0.879835 -3.399035
 O -1.399458 2.819862 -4.853488
 O 4.954220 1.334839 -0.610805
 O 3.310473 1.320043 -3.609902
 O -4.458002 4.026192 -6.926057
 O 4.658626 -5.827698 0.637017
 O 1.369930 -0.287401 -5.637810
 O -3.401386 1.262162 -5.284826
 O 0.120863 -1.114077 2.012548
 O 6.396616 -2.426279 -3.498002
 O 3.934248 -1.481475 -1.048200
 O -1.294105 4.929522 2.737511
 O -4.455211 -0.216308 -2.176848
 O -0.271084 -5.059029 0.070824
 O 5.470698 3.084701 -8.500091
 O 2.836701 5.404869 4.275273
 O -6.916427 6.598164 -2.881791
 O 0.684569 0.713912 -2.941360
 O -4.886989 -4.902527 -1.115156
 O -3.035330 7.425672 2.437135
 O -1.721248 3.312518 4.982906
 O -3.233760 0.411029 0.370892
 O -1.403720 -0.902827 4.533651
 O 2.202428 1.976234 5.286856
 O -5.547462 1.236062 2.159968
 O 3.716198 5.256709 -1.898228
 O 0.792677 -6.018347 -3.050774
 O -5.296717 4.537888 -3.972188
 O 6.687892 1.666778 7.981881
 O -0.612891 1.621527 1.865668
 O 0.744066 -2.268653 -3.137467
 O -0.147144 -4.101423 -5.373810
 O 6.919943 -5.792683 3.974454
 O 3.361442 -2.743793 1.604102
 O 6.313561 -0.943821 3.135759
 O 1.403636 3.537365 -4.347322
 O 0.251213 -8.279324 -0.240353
 O -4.816096 -2.541787 -6.760920
 O -4.797447 2.636529 -1.272644
 O 4.409079 4.212580 -4.924488
 O 1.275765 -1.105551 -0.480727
 O -5.429593 -3.755238 1.686417
 O 2.500719 2.319575 2.592600
 H -6.934307 -2.103576 -0.482555
 H -6.030722 -2.413383 0.852680
 H 2.698183 -1.224626 6.616778
 H 3.375872 -2.166043 5.579479
 H -6.151604 7.562720 -4.446723
 H -4.909810 8.012151 -5.340302
 H 3.080284 3.436712 -1.255119
 H 2.383659 2.251563 -0.643670
 H -4.397155 -0.210308 4.839279
 H -4.155038 0.829881 3.668781
 H 1.164970 6.258565 6.089516
 H 1.249690 4.959556 5.442233
 H -2.327043 -6.103919 -3.181389
 H -3.092956 -4.906578 -2.853926
 H 4.502507 1.346952 5.044161
 H 4.217193 -0.211011 5.374960
 H -2.797998 -6.905170 6.484071
 H -1.363547 -6.819818 6.798538
 H 1.326068 -2.119748 3.468786
 H 2.529564 -3.027839 3.611979
 H 1.383275 -5.536634 2.354890
 H 1.048190 -5.583760 0.975030
 H -2.778929 -4.850582 5.820587
 H -1.838505 -4.385791 4.540985
 H -2.945510 -8.166077 -0.112876
 H -2.927961 -6.827867 -0.962635
 H -3.172610 -2.343634 -4.167635
 H -2.685268 -3.229371 -5.233383
 H 3.063421 -3.823734 -1.627379
 H 2.208166 -4.545328 -0.698971
 H -0.959937 3.081194 -3.033098
 H -0.566857 3.170844 -1.630618
 H -2.453124 -2.187904 0.262866
 H -1.194866 -1.935147 1.266129
 H 0.315097 -3.892709 3.382568
 H -0.847633 -4.078323 2.276975
 H 2.510033 -4.759171 -3.616180
 H 2.036898 -3.202209 -3.622583
 H 5.785824 4.956433 0.593674
 H 6.547972 3.859530 1.383231
 H 4.964836 -3.759461 4.349526
 H 5.195731 -3.552569 5.935260
 H -1.131389 -1.107892 -3.193872
 H -2.139618 -0.175406 -4.077667
 H -0.575553 2.335494 -5.014291
 H -2.253688 2.287623 -4.902120
 H 5.762318 1.784613 -0.940961
 H 4.348252 2.112813 -0.456381
 H 3.789064 1.019115 -2.794144
 H 4.049302 1.843191 -3.996147
 H -4.959960 4.750086 -7.319925
 H -5.088451 3.271780 -7.081669
 H 4.258701 -6.172622 1.446920
 H 4.271917 -4.941215 0.497360
 H 0.613003 -0.779722 -6.028664
 H 1.322057 0.627397 -6.006569
 H -3.251698 1.543969 -6.221218
 H -4.363937 1.090514 -5.240801
 H -0.336799 -0.237085 2.058499
 H 0.626869 -1.262521 1.163999
 H 6.675572 -2.721607 -4.401648
 H 5.437024 -2.232780 -3.619235
 H 4.213838 -0.639174 -0.628446
 H 3.573612 -2.055036 -0.305398
 H -0.919931 5.818099 2.708509
 H -1.278062 4.613503 3.648198
 H -3.661512 -0.579642 -2.640998
 H -5.153224 -0.896917 -2.258229
 H -1.015693 -5.512883 -0.368820
 H -0.637118 -4.134314 0.193604
 H 4.839306 3.834245 -8.563475
 H 5.792478 3.222886 -9.437642
 H 2.726324 4.574159 3.765081
 H 3.116717 6.072921 3.612230
 H -6.467022 6.070804 -3.602681
 H -6.167178 6.766170 -2.254403
 H -0.065485 1.358770 -2.780426
 H 1.323942 1.214571 -3.493814
 H -5.539219 -4.210321 -1.416575
 H -5.062739 -4.749413 -0.164254
 H -2.928472 6.674267 1.824754
 H -3.631860 7.159672 3.171890
 H -2.600239 3.749886 4.993604
 H -1.381232 3.462812 5.875149
 H -2.402177 0.370663 -0.133823
 H -3.961849 0.080296 -0.231989
 H -1.328676 -0.735791 3.573622
 H -0.742649 -1.616715 4.639062
 H 2.417787 1.783905 4.346314
 H 2.306724 2.948485 5.342673
 H -5.664742 0.251944 2.110672
 H -4.751221 1.352564 1.595330
 H 4.665315 5.544952 -1.824769
 H 3.705428 5.324564 -2.886926
 H 0.448274 -5.102727 -3.127021
 H 0.994761 -6.093430 -2.091416
 H -5.101836 4.428146 -4.917490
 H -4.647309 3.872960 -3.738288
 H 6.568538 1.330238 8.897511
 H 5.865546 1.512784 7.482463
 H -1.312218 1.740633 1.168622
 H -0.909118 2.122811 2.632652
 H 0.849104 -2.417597 -2.156668
 H 1.116561 -1.349112 -3.186848
 H 0.030522 -3.671190 -4.519045
 H -0.696515 -4.897491 -5.214466
 H 6.823805 -5.327868 4.836813
 H 6.165736 -6.397709 4.062916
 H 4.339258 -2.678891 1.558243
 H 3.168255 -3.391159 0.840225
 H 5.647318 -1.301885 2.527652
 H 5.758942 -0.301567 3.729845
 H 2.239254 3.938340 -3.992085
 H 0.905360 4.332115 -4.581243
 H 1.126783 -8.556441 0.104204
 H -0.134887 -7.972698 0.594277
 H -3.941624 -2.801950 -7.119351
 H -5.388191 -2.625772 -7.548683
 H -3.995340 2.547249 -0.712042
 H -4.520775 2.233241 -2.123328
 H 5.255828 4.272985 -4.397460
 H 4.298077 5.002623 -5.494918
 H 2.236388 -1.178337 -0.767793
 H 0.869103 -0.256068 -0.690623
 H -4.556017 -3.459185 2.026500
 H -5.625776 -4.592855 2.171466
 H 2.471946 1.756623 1.795785
 H 1.571566 2.651092 2.512952
K_POINTS
 1
0.0 0.0 0.0 1.0