
&control
    calculation='scf'
    pseudo_dir = './',
    outdir='./outputs',
    disk_io='high'
/
&system
    ibrav= 1, celldm(1)=20.000000, nat=  192, ntyp= 2,
    ecutwfc = 30.0, nosym=.true., occupations='smearing',
    smearing='m-v', degauss=0.025
/
&electrons
    conv_thr =  1.0d-8,
    mixing_beta = 0.7
/
&ions
    pot_extrapolation='second-order'
    wfc_extrapolation='second-order'
    ion_temperature = 'andersen'
    tempw = 1000

/
ATOMIC_SPECIES
 H  1.01  H.blyp-hgh.UPF
 O  16.0  O.blyp-hgh.UPF
ATOMIC_POSITIONS bohr
 O -6.127512 -1.882131 0.034739
 O 3.581247 -1.636828 6.365772
 O -5.831534 7.685171 -5.392958
 O 3.147375 2.821038 -0.465103
 O -4.221690 0.724788 4.629729
 O 0.564465 5.560636 5.788236
 O -3.106939 -5.873225 -2.638743
 O 4.766775 0.426508 4.825226
 O -2.194317 -6.319319 6.977530
 O 1.582550 -2.940297 3.919729
 O 1.875875 -5.510913 1.503280
 O -2.690406 -4.245102 5.057900
 O -3.008820 -7.208451 -0.055090
 O -3.261449 -3.279497 -4.441254
 O 2.980924 -3.983112 -0.611053
 O -1.082819 2.571600 -2.196380
 O -1.609646 -2.532944 0.585365
 O -0.495128 -4.410825 3.112442
 O 2.609209 -3.883716 -3.195030
 O 5.652571 4.155855 1.159761
 O 4.537595 -3.747709 5.229114
 O -2.059150 -0.879996 -3.398801
 O -1.398546 2.818321 -4.853370
 O 4.954479 1.332703 -0.616932
 O 3.309670 1.319047 -3.608905
 O -4.457241 4.026510 -6.927808
 O 4.660348 -5.830877 0.637807
 O 1.368900 -0.286079 -5.636477
 O -3.402445 1.263792 -5.284927
 O 0.121348 -1.113955 2.014520
 O 6.397046 -2.426649 -3.499005
 O 3.932793 -1.483989 -1.047308
 O -1.296195 4.929363 2.736937
 O -4.453471 -0.215759 -2.174284
 O -0.273780 -5.061440 0.070884
 O 5.470702 3.085595 -8.499674
 O 2.834178 5.405321 4.271036
 O -6.916473 6.601621 -2.882314
 O 0.685292 0.715642 -2.942446
 O -4.889051 -4.902606 -1.117650
 O -3.036323 7.426395 2.434765
 O -1.718160 3.313576 4.983654
 O -3.234773 0.412608 0.369721
 O -1.401670 -0.903414 4.533128
 O 2.206814 1.976063 5.285810
 O -5.546797 1.234578 2.159759
 O 3.717263 5.257105 -1.899334
 O 0.790011 -6.019777 -3.049985
 O -5.300320 4.536292 -3.972465
 O 6.689756 1.667627 7.983032
 O -0.612959 1.621108 1.865284
 O 0.744313 -2.267962 -3.138022
 O -0.147309 -4.101415 -5.372716
 O 6.920016 -5.792701 3.974529
 O 3.360702 -2.741833 1.605100
 O 6.315579 -0.947353 3.135677
 O 1.402019 3.536571 -4.346386
 O 0.251718 -8.278749 -0.242086
 O -4.817348 -2.543581 -6.762832
 O -4.797526 2.639111 -1.275096
 O 4.411801 4.212720 -4.924044
 O 1.274147 -1.106360 -0.479547
 O -5.430122 -3.752579 1.685945
 O 2.502772 2.318733 2.596387
 H -6.935164 -2.105455 -0.479615
 H -6.029592 -2.413818 0.851957
 H 2.699327 -1.220624 6.615784
 H 3.370033 -2.168534 5.584774
 H -6.157414 7.560787 -4.449096
 H -4.909024 8.009571 -5.345939
 H 3.076734 3.434136 -1.253959
 H 2.390487 2.245095 -0.645174
 H -4.391537 -0.213214 4.841879
 H -4.156316 0.829766 3.668646
 H 1.166232 6.255750 6.088827
 H 1.249367 4.963223 5.435359
 H -2.327321 -6.103386 -3.180737
 H -3.088506 -4.908055 -2.857679
 H 4.493748 1.345573 5.045848
 H 4.216124 -0.207008 5.381943
 H -2.798059 -6.901565 6.486767
 H -1.362887 -6.817883 6.796704
 H 1.324135 -2.123591 3.469500
 H 2.532335 -3.019926 3.619622
 H 1.385118 -5.539523 2.357032
 H 1.050782 -5.584714 0.972537
 H -2.778632 -4.848533 5.821754
 H -1.837532 -4.379807 4.545307
 H -2.939271 -8.166188 -0.109710
 H -2.929357 -6.832391 -0.964658
 H -3.168568 -2.339930 -4.172789
 H -2.690598 -3.226235 -5.235881
 H 3.062650 -3.822336 -1.627657
 H 2.210392 -4.543351 -0.696879
 H -0.960862 3.078657 -3.035711
 H -0.566045 3.169225 -1.630649
 H -2.457044 -2.191233 0.263412
 H -1.199727 -1.935140 1.263310
 H 0.314362 -3.887697 3.384191
 H -0.845096 -4.077237 2.273711
 H 2.514988 -4.761000 -3.611339
 H 2.030315 -3.201339 -3.617595
 H 5.782063 4.961638 0.593710
 H 6.547630 3.860409 1.381117
 H 4.958047 -3.765441 4.348749
 H 5.197437 -3.557475 5.935878
 H -1.130807 -1.109407 -3.196078
 H -2.143807 -0.172889 -4.071990
 H -0.574557 2.330201 -5.011038
 H -2.251536 2.290754 -4.911391
 H 5.761603 1.790064 -0.938433
 H 4.348482 2.108675 -0.453651
 H 3.787085 1.015716 -2.791990
 H 4.045773 1.842194 -3.998202
 H -4.955083 4.752256 -7.318926
 H -5.091419 3.276867 -7.090996
 H 4.254361 -6.177628 1.443787
 H 4.271120 -4.945930 0.496289
 H 0.611751 -0.776968 -6.026828
 H 1.321016 0.628919 -6.007467
 H -3.256581 1.537521 -6.225287
 H -4.365136 1.093321 -5.240214
 H -0.338439 -0.238348 2.057252
 H 0.624687 -1.258793 1.166930
 H 6.680147 -2.722687 -4.400749
 H 5.437237 -2.226527 -3.619531
 H 4.213501 -0.639259 -0.631278
 H 3.577246 -2.056839 -0.303062
 H -0.913447 5.816276 2.708873
 H -1.274826 4.608960 3.649184
 H -3.659884 -0.578737 -2.639605
 H -5.149848 -0.898151 -2.256073
 H -1.019495 -5.512230 -0.369271
 H -0.642361 -4.138695 0.194149
 H 4.836191 3.833609 -8.566064
 H 5.778968 3.225782 -9.442664
 H 2.728830 4.571176 3.762966
 H 3.115980 6.067270 3.602079
 H -6.467003 6.073357 -3.605688
 H -6.171917 6.763184 -2.245324
 H -0.062024 1.361615 -2.781801
 H 1.326951 1.214960 -3.494984
 H -5.539215 -4.207908 -1.410372
 H -5.063531 -4.757381 -0.165394
 H -2.931599 6.672993 1.825490
 H -3.631284 7.163921 3.172926
 H -2.596287 3.752874 4.994211
 H -1.379124 3.463757 5.876004
 H -2.402807 0.367600 -0.134186
 H -3.962387 0.078532 -0.231778
 H -1.331186 -0.730933 3.573178
 H -0.743835 -1.619663 4.634733
 H 2.417510 1.778633 4.346392
 H 2.305199 2.949197 5.349883
 H -5.657517 0.249318 2.119445
 H -4.745997 1.351082 1.601313
 H 4.665235 5.546608 -1.830072
 H 3.703013 5.329505 -2.887602
 H 0.454582 -5.099089 -3.123796
 H 0.998986 -6.092178 -2.091309
 H -5.105072 4.423772 -4.918924
 H -4.647787 3.874355 -3.742188
 H 6.578446 1.327701 8.900614
 H 5.865388 1.505977 7.486888
 H -1.312826 1.745021 1.172338
 H -0.911482 2.119762 2.634708
 H 0.847608 -2.416424 -2.156356
 H 1.107989 -1.343873 -3.186397
 H 0.031132 -3.675358 -4.516891
 H -0.689751 -4.901725 -5.211337
 H 6.822773 -5.331685 4.837178
 H 6.167957 -6.400926 4.061367
 H 4.339912 -2.680713 1.554828
 H 3.173091 -3.392279 0.842435
 H 5.651098 -1.306251 2.526727
 H 5.760172 -0.297152 3.723046
 H 2.240065 3.932903 -3.991861
 H 0.904959 4.330593 -4.583081
 H 1.126931 -8.551972 0.103566
 H -0.139343 -7.968856 0.588602
 H -3.943253 -2.805773 -7.120285
 H -5.389799 -2.630394 -7.548907
 H -3.997480 2.552497 -0.711841
 H -4.521852 2.233346 -2.124014
 H 5.255656 4.273634 -4.392580
 H 4.294562 5.003127 -5.493228
 H 2.235906 -1.175337 -0.768029
 H 0.866598 -0.257469 -0.691512
 H -4.555279 -3.463286 2.029873
 H -5.628258 -4.591262 2.169402
 H 2.472424 1.754456 1.798850
 H 1.579069 2.661141 2.514193
K_POINTS
 1
0.0 0.0 0.0 1.0