
&control
    calculation='scf'
    pseudo_dir = './',
    outdir='./outputs',
    disk_io='high'
/
&system
    ibrav= 1, celldm(1)=20.000000, nat=  192, ntyp= 2,
    ecutwfc = 30.0, nosym=.true., occupations='smearing',
    smearing='m-v', degauss=0.025
/
&electrons
    conv_thr =  1.0d-8,
    mixing_beta = 0.7
/
&ions
    pot_extrapolation='second-order'
    wfc_extrapolation='second-order'
    ion_temperature = 'andersen'
    tempw = 1000

/
ATOMIC_SPECIES
 H  1.01  H.blyp-hgh.UPF
 O  16.0  O.blyp-hgh.UPF
ATOMIC_POSITIONS bohr
 O -6.126247 -1.881263 0.035162
 O 3.581861 -1.640577 6.370666
 O -5.832007 7.689661 -5.391551
 O 3.152607 2.818683 -0.466127
 O -4.217149 0.723995 4.632516
 O 0.562225 5.560301 5.787170
 O -3.109480 -5.875484 -2.641567
 O 4.766713 0.429837 4.828292
 O -2.193531 -6.319002 6.982293
 O 1.580595 -2.939017 3.920685
 O 1.874797 -5.513223 1.504873
 O -2.691390 -4.242681 5.059040
 O -3.004525 -7.208570 -0.056887
 O -3.259849 -3.276012 -4.437565
 O 2.983248 -3.976508 -0.610938
 O -1.080562 2.567452 -2.195462
 O -1.611015 -2.531526 0.581686
 O -0.496314 -4.406689 3.113043
 O 2.601350 -3.887319 -3.194801
 O 5.655640 4.157121 1.156151
 O 4.537726 -3.745291 5.232236
 O -2.058578 -0.880332 -3.398330
 O -1.396679 2.815383 -4.853106
 O 4.955111 1.328342 -0.629266
 O 3.308210 1.317058 -3.606849
 O -4.455765 4.027066 -6.931259
 O 4.663887 -5.837217 0.639404
 O 1.366741 -0.283447 -5.633828
 O -3.404423 1.267062 -5.285185
 O 0.122286 -1.113760 2.018536
 O 6.397843 -2.427384 -3.501045
 O 3.929773 -1.489046 -1.045491
 O -1.300369 4.928999 2.735658
 O -4.449994 -0.214635 -2.169147
 O -0.279238 -5.066182 0.070943
 O 5.470708 3.087543 -8.498952
 O 2.829194 5.406178 4.262524
 O -6.916422 6.608559 -2.883492
 O 0.686726 0.719104 -2.944611
 O -4.893335 -4.902648 -1.122636
 O -3.038349 7.427876 2.430016
 O -1.712011 3.315736 4.984999
 O -3.236825 0.415765 0.367406
 O -1.397535 -0.904600 4.532077
 O 2.215577 1.975766 5.283751
 O -5.545333 1.231705 2.159241
 O 3.719344 5.257812 -1.901628
 O 0.784657 -6.022610 -3.048376
 O -5.307548 4.533125 -3.973106
 O 6.693413 1.669328 7.985371
 O -0.613117 1.620222 1.864408
 O 0.744785 -2.266477 -3.139041
 O -0.147622 -4.101428 -5.370553
 O 6.920133 -5.792747 3.974748
 O 3.359297 -2.737942 1.607062
 O 6.319520 -0.954440 3.135605
 O 1.398870 3.535001 -4.344477
 O 0.252788 -8.277614 -0.245527
 O -4.819872 -2.547134 -6.766700
 O -4.797661 2.644300 -1.280026
 O 4.417236 4.212999 -4.923125
 O 1.270916 -1.108082 -0.477131
 O -5.431195 -3.747301 1.685055
 O 2.506753 2.317070 2.603911
 H -6.936638 -2.109231 -0.473512
 H -6.027420 -2.415156 0.850142
 H 2.702088 -1.212540 6.613682
 H 3.358441 -2.174006 5.595295
 H -6.168640 7.557161 -4.454522
 H -4.907496 8.004650 -5.356892
 H 3.070240 3.429339 -1.251154
 H 2.403999 2.231608 -0.648235
 H -4.380226 -0.218995 4.846830
 H -4.159317 0.829373 3.668134
 H 1.168605 6.250857 6.087629
 H 1.248413 4.970425 5.421371
 H -2.327955 -6.102913 -3.179649
 H -3.080179 -4.911148 -2.864827
 H 4.476368 1.342428 5.048909
 H 4.214330 -0.198805 5.395866
 H -2.798732 -6.894404 6.492248
 H -1.361350 -6.813735 6.793052
 H 1.319950 -2.130739 3.470526
 H 2.537105 -3.004281 3.634940
 H 1.389182 -5.545052 2.361462
 H 1.055969 -5.586515 0.966867
 H -2.777326 -4.844618 5.823841
 H -1.836042 -4.367981 4.554266
 H -2.926662 -8.166605 -0.103623
 H -2.932510 -6.841547 -0.968822
 H -3.160567 -2.332514 -4.182608
 H -2.701198 -3.220404 -5.240988
 H 3.061405 -3.819441 -1.627762
 H 2.214189 -4.540055 -0.692004
 H -0.963329 3.073151 -3.041333
 H -0.564169 3.166057 -1.629743
 H -2.464975 -2.197761 0.264677
 H -1.209567 -1.935061 1.257561
 H 0.312730 -3.877741 3.387172
 H -0.840198 -4.074885 2.267198
 H 2.524813 -4.764468 -3.601696
 H 2.017145 -3.199896 -3.607523
 H 5.774401 4.971712 0.594179
 H 6.547273 3.862046 1.376591
 H 4.944793 -3.777320 4.347562
 H 5.200952 -3.567481 5.936713
 H -1.129545 -1.112224 -3.200795
 H -2.151805 -0.167838 -4.060660
 H -0.572811 2.319171 -5.004531
 H -2.246872 2.296540 -4.929840
 H 5.760467 1.800568 -0.933069
 H 4.349029 2.099967 -0.448129
 H 3.782661 1.008892 -2.787775
 H 4.038145 1.840336 -4.002540
 H -4.945376 4.757271 -7.317351
 H -5.096895 3.287129 -7.109714
 H 4.245374 -6.187679 1.437471
 H 4.269296 -4.955684 0.493892
 H 0.609425 -0.771139 -6.023063
 H 1.319241 0.631722 -6.009382
 H -3.266511 1.523963 -6.233468
 H -4.367788 1.099132 -5.238646
 H -0.340995 -0.240649 2.054267
 H 0.620344 -1.250794 1.172692
 H 6.689283 -2.724590 -4.398570
 H 5.438087 -2.214148 -3.620071
 H 4.213165 -0.639090 -0.636941
 H 3.584926 -2.059991 -0.298716
 H -0.900447 5.813114 2.709947
 H -1.268210 4.599700 3.651754
 H -3.656709 -0.576900 -2.636651
 H -5.143017 -0.900804 -2.251871
 H -1.027103 -5.511204 -0.370114
 H -0.652732 -4.147651 0.195224
 H 4.829754 3.832137 -8.570594
 H 5.751999 3.230618 -9.452102
 H 2.733922 4.565489 3.758570
 H 3.114250 6.055808 3.581957
 H -6.467071 6.078588 -3.610747
 H -6.181234 6.757150 -2.227170
 H -0.054927 1.367182 -2.784278
 H 1.333072 1.215543 -3.497137
 H -5.538561 -4.203053 -1.398254
 H -5.064799 -4.773626 -0.167210
 H -2.938112 6.670185 1.827030
 H -3.629691 7.172197 3.174673
 H -2.588592 3.758541 4.995387
 H -1.374717 3.465441 5.878479
 H -2.404365 0.361306 -0.135230
 H -3.962899 0.075170 -0.231532
 H -1.336385 -0.721230 3.572613
 H -0.746392 -1.625658 4.626123
 H 2.416943 1.768095 4.346330
 H 2.302120 2.950193 5.364560
 H -5.643280 0.244216 2.137353
 H -4.735824 1.348233 1.613239
 H 4.664601 5.549938 -1.840337
 H 3.697816 5.339213 -2.888437
 H 0.467329 -5.092186 -3.117334
 H 1.007366 -6.089884 -2.091354
 H -5.111853 4.415501 -4.922660
 H -4.648380 3.876605 -3.748741
 H 6.598187 1.322378 8.906393
 H 5.865081 1.492187 7.495872
 H -1.313658 1.753902 1.180378
 H -0.916553 2.113988 2.639262
 H 0.844402 -2.414030 -2.156214
 H 1.090435 -1.333339 -3.185843
 H 0.032189 -3.683504 -4.512481
 H -0.676235 -4.909810 -5.205033
 H 6.820953 -5.338982 4.838027
 H 6.172163 -6.407649 4.057822
 H 4.341035 -2.684298 1.548203
 H 3.182457 -3.394117 0.847491
 H 5.658553 -1.315090 2.524802
 H 5.763084 -0.288846 3.709185
 H 2.241337 3.921485 -3.991701
 H 0.903794 4.327928 -4.586898
 H 1.127465 -8.543022 0.101899
 H -0.148958 -7.960948 0.577540
 H -3.946223 -2.813639 -7.122113
 H -5.393082 -2.639294 -7.549388
 H -4.002089 2.562731 -0.711666
 H -4.523897 2.233441 -2.125019
 H 5.255093 4.275090 -4.383331
 H 4.287904 5.003916 -5.489579
 H 2.234403 -1.168739 -0.768611
 H 0.861894 -0.259920 -0.693912
 H -4.553826 -3.471902 2.036524
 H -5.633072 -4.587723 2.165185
 H 2.474024 1.750000 1.805094
 H 1.594281 2.681248 2.516975
K_POINTS
 1
0.0 0.0 0.0 1.0