
&control
    calculation='scf'
    pseudo_dir = './',
    outdir='./outputs',
    disk_io='high'
/
&system
    ibrav= 1, celldm(1)=20.000000, nat=  192, ntyp= 2,
    ecutwfc = 30.0, nosym=.true., occupations='smearing',
    smearing='m-v', degauss=0.025
/
&electrons
    conv_thr =  1.0d-8,
    mixing_beta = 0.7
/
&ions
    pot_extrapolation='second-order'
    wfc_extrapolation='second-order'
    ion_temperature = 'andersen'
    tempw = 1000

/
ATOMIC_SPECIES
 H  1.01  H.blyp-hgh.UPF
 O  16.0  O.blyp-hgh.UPF
ATOMIC_POSITIONS bohr
 O -6.124937 -1.880298 0.035560
 O 3.582411 -1.644190 6.375622
 O -5.832569 7.694074 -5.390101
 O 3.157493 2.816582 -0.467210
 O -4.212559 0.723230 4.635407
 O 0.559989 5.559905 5.786158
 O -3.111849 -5.877655 -2.644434
 O 4.766580 0.433131 4.831454
 O -2.192657 -6.318756 6.987046
 O 1.578835 -2.937781 3.921701
 O 1.873681 -5.515613 1.506627
 O -2.692409 -4.240183 5.060148
 O -3.000199 -7.208581 -0.058625
 O -3.258198 -3.272498 -4.433918
 O 2.985614 -3.969863 -0.611064
 O -1.078309 2.563393 -2.194601
 O -1.612360 -2.530221 0.577944
 O -0.497431 -4.402595 3.113752
 O 2.593659 -3.890936 -3.194549
 O 5.658685 4.158469 1.152513
 O 4.537777 -3.742935 5.235283
 O -2.058112 -0.880698 -3.397844
 O -1.394721 2.812641 -4.852806
 O 4.955898 1.323867 -0.641703
 O 3.306935 1.315064 -3.604702
 O -4.454345 4.027504 -6.934641
 O 4.667552 -5.843533 0.641025
 O 1.364459 -0.280812 -5.631203
 O -3.406218 1.270348 -5.285532
 O 0.123170 -1.113625 2.022658
 O 6.398546 -2.428103 -3.503119
 O 3.926618 -1.494121 -1.043638
 O -1.304525 4.928584 2.734240
 O -4.446523 -0.213482 -2.164001
 O -0.284783 -5.070823 0.070921
 O 5.470701 3.089713 -8.498396
 O 2.824291 5.406964 4.253949
 O -6.916172 6.615516 -2.884849
 O 0.688164 0.722558 -2.946778
 O -4.897822 -4.902552 -1.127602
 O -3.040434 7.429410 2.425262
 O -1.705895 3.317955 4.986142
 O -3.238909 0.418922 0.365128
 O -1.393367 -0.905791 4.531014
 O 2.224320 1.975528 5.281760
 O -5.543692 1.228959 2.158593
 O 3.721348 5.258405 -1.904029
 O 0.779270 -6.025391 -3.046721
 O -5.314803 4.529991 -3.973885
 O 6.696964 1.671026 7.987769
 O -0.613302 1.619283 1.863424
 O 0.745226 -2.264845 -3.139935
 O -0.147914 -4.101484 -5.368429
 O 6.920210 -5.792814 3.975048
 O 3.358017 -2.734094 1.608970
 O 6.323332 -0.961544 3.135658
 O 1.395832 3.533445 -4.342521
 O 0.253928 -8.276495 -0.248940
 O -4.822417 -2.550637 -6.770615
 O -4.797778 2.649531 -1.284981
 O 4.422645 4.213270 -4.922170
 O 1.267696 -1.109929 -0.474649
 O -5.432283 -3.742082 1.684244
 O 2.510580 2.315425 2.611361
 H -6.937768 -2.113003 -0.467138
 H -6.025336 -2.417118 0.847866
 H 2.705507 -1.204374 6.611471
 H 3.347001 -2.180149 5.605687
 H -6.179256 7.553893 -4.460760
 H -4.906005 8.000066 -5.367319
 H 3.064578 3.425084 -1.247803
 H 2.417334 2.217405 -0.651345
 H -4.368797 -0.224572 4.851410
 H -4.162917 0.828754 3.667428
 H 1.170769 6.246985 6.086702
 H 1.247004 4.977449 5.407057
 H -2.328631 -6.103308 -3.178878
 H -3.072672 -4.914401 -2.871466
 H 4.459199 1.338862 5.051538
 H 4.213101 -0.190360 5.409594
 H -2.800223 -6.887407 6.497777
 H -1.359553 -6.809221 6.789422
 H 1.315251 -2.136911 3.470881
 H 2.540801 -2.988913 3.650305
 H 1.393708 -5.550239 2.366029
 H 1.061105 -5.588180 0.960335
 H -2.775061 -4.840956 5.825620
 H -1.835074 -4.356372 4.563584
 H -2.913879 -8.167261 -0.097849
 H -2.936129 -6.850810 -0.973199
 H -3.152702 -2.325102 -4.191718
 H -2.711712 -3.215216 -5.246253
 H 3.060558 -3.816403 -1.627304
 H 2.217139 -4.537616 -0.686207
 H -0.966626 3.067008 -3.047315
 H -0.561967 3.162982 -1.627595
 H -2.472973 -2.204143 0.266194
 H -1.219484 -1.934791 1.251803
 H 0.310807 -3.867973 3.389765
 H -0.835489 -4.072348 2.260841
 H 2.534463 -4.767852 -3.592265
 H 2.003993 -3.198926 -3.597347
 H 5.766573 4.981219 0.595255
 H 6.547505 3.863510 1.371687
 H 4.932034 -3.789091 4.346839
 H 5.204676 -3.577731 5.937033
 H -1.128176 -1.114735 -3.205928
 H -2.159271 -0.162676 -4.049454
 H -0.571502 2.307632 -4.998019
 H -2.241905 2.301593 -4.948149
 H 5.759748 1.810517 -0.927327
 H 4.349687 2.090693 -0.442549
 H 3.777638 1.002102 -2.783780
 H 4.029841 1.838680 -4.007158
 H -4.935778 4.763315 -7.316381
 H -5.101756 3.297462 -7.128494
 H 4.235978 -6.197786 1.431080
 H 4.267163 -4.965837 0.491128
 H 0.607272 -0.764947 -6.019205
 H 1.317890 0.634153 -6.011426
 H -3.276640 1.509527 -6.241645
 H -4.370778 1.105206 -5.236527
 H -0.342612 -0.242632 2.050668
 H 0.616129 -1.242150 1.178180
 H 6.698354 -2.726156 -4.395928
 H 5.439620 -2.201991 -3.620583
 H 4.213262 -0.638562 -0.642630
 H 3.593079 -2.062568 -0.294737
 H -0.887487 5.810423 2.711484
 H -1.261413 4.590298 3.654845
 H -3.653651 -0.575017 -2.633454
 H -5.136090 -0.903690 -2.247809
 H -1.034723 -5.510618 -0.370900
 H -0.662925 -4.156775 0.196308
 H 4.823058 3.830369 -8.574155
 H 5.725193 3.234135 -9.460713
 H 2.739117 4.560212 3.754040
 H 3.112176 6.044164 3.562114
 H -6.467287 6.084054 -3.614395
 H -6.190364 6.751036 -2.209169
 H -0.047689 1.372642 -2.786362
 H 1.339295 1.215829 -3.499005
 H -5.537166 -4.198031 -1.386611
 H -5.065628 -4.790296 -0.168437
 H -2.944953 6.666998 1.828638
 H -3.627485 7.180177 3.175966
 H -2.581180 3.763783 4.996504
 H -1.370047 3.466842 5.881959
 H -2.406320 0.354802 -0.136680
 H -3.962680 0.072038 -0.231529
 H -1.341800 -0.711575 3.572533
 H -0.749142 -1.631823 4.617553
 H 2.416378 1.757686 4.345918
 H 2.299023 2.950529 5.379461
 H -5.629336 0.239291 2.155703
 H -4.726030 1.345528 1.625097
 H 4.663432 5.553311 -1.850123
 H 3.692116 5.348678 -2.888606
 H 0.480277 -5.085886 -3.110873
 H 1.015643 -6.087900 -2.091777
 H -5.119108 4.407890 -4.927423
 H -4.648459 3.878114 -3.753586
 H 6.617821 1.316768 8.911463
 H 5.864888 1.478179 7.505099
 H -1.314091 1.762909 1.189056
 H -0.921989 2.108554 2.644309
 H 0.840923 -2.411555 -2.156726
 H 1.072344 -1.322793 -3.185746
 H 0.033057 -3.691351 -4.507901
 H -0.662748 -4.917392 -5.198692
 H 6.819436 -5.345776 4.839130
 H 6.176089 -6.414735 4.053676
 H 4.341845 -2.687754 1.541920
 H 3.191316 -3.395416 0.853384
 H 5.665853 -1.324076 2.522758
 H 5.766633 -0.281357 3.694977
 H 2.242140 3.909398 -3.991923
 H 0.902172 4.325789 -4.590893
 H 1.128357 -8.534074 0.099769
 H -0.159461 -7.952762 0.566851
 H -3.948812 -2.821792 -7.123899
 H -5.396499 -2.647739 -7.549974
 H -4.007094 2.572599 -0.711795
 H -4.525752 2.233355 -2.125576
 H 5.254267 4.276787 -4.374777
 H 4.281786 5.004412 -5.485542
 H 2.232142 -1.161399 -0.769308
 H 0.857589 -0.261945 -0.697120
 H -4.552425 -3.481038 2.043004
 H -5.637713 -4.583704 2.160828
 H 2.476442 1.745459 1.811589
 H 1.609693 2.701360 2.520125
K_POINTS
 1
0.0 0.0 0.0 1.0