
&control
    calculation='scf'
    pseudo_dir = './',
    outdir='./outputs',
    disk_io='high'
/
&system
    ibrav= 1, celldm(1)=20.000000, nat=  192, ntyp= 2,
    ecutwfc = 30.0, nosym=.true., occupations='smearing',
    smearing='m-v', degauss=0.025
/
&electrons
    conv_thr =  1.0d-8,
    mixing_beta = 0.7
/
&ions
    pot_extrapolation='second-order'
    wfc_extrapolation='second-order'
    ion_temperature = 'andersen'
    tempw = 1000

/
ATOMIC_SPECIES
 H  1.01  H.blyp-hgh.UPF
 O  16.0  O.blyp-hgh.UPF
ATOMIC_POSITIONS bohr
 O -6.120084 -1.876188 0.036717
 O 3.583687 -1.655695 6.393433
 O -5.835384 7.708860 -5.385155
 O 3.171711 2.810923 -0.471196
 O -4.196119 0.720488 4.646107
 O 0.552379 5.558036 5.783015
 O -3.118798 -5.884521 -2.654812
 O 4.765358 0.444211 4.843510
 O -2.188740 -6.318271 7.003700
 O 1.574357 -2.934058 3.925966
 O 1.869639 -5.524607 1.513957
 O -2.696464 -4.230808 5.063881
 O -2.984822 -7.207954 -0.064185
 O -3.251956 -3.259794 -4.421622
 O 2.994047 -3.946525 -0.613257
 O -1.070392 2.550066 -2.192183
 O -1.617180 -2.526670 0.564030
 O -0.500756 -4.388325 3.116828
 O 2.568047 -3.903199 -3.193117
 O 5.668849 4.163969 1.139465
 O 4.537072 -3.735213 5.245361
 O -2.057308 -0.882391 -3.395893
 O -1.386601 2.804570 -4.851499
 O 4.959876 1.307379 -0.685955
 O 3.303643 1.307889 -3.596382
 O -4.449800 4.028101 -6.945929
 O 4.681310 -5.865471 0.646990
 O 1.355688 -0.271326 -5.622215
 O -3.411141 1.281911 -5.287646
 O 0.125700 -1.113549 2.038092
 O 6.400196 -2.430364 -3.510390
 O 3.914741 -1.511572 -1.037023
 O -1.318703 4.926952 2.728809
 O -4.434450 -0.209297 -2.145973
 O -0.304855 -5.086381 0.070207
 O 5.470371 3.099213 -8.498006
 O 2.807759 5.408994 4.223194
 O -6.913684 6.639965 -2.890844
 O 0.693488 0.734431 -2.954469
 O -4.914920 -4.901442 -1.144515
 O -3.048217 7.435256 2.408610
 O -1.684695 3.326251 4.988744
 O -3.246344 0.429963 0.357459
 O -1.378657 -0.909845 4.527226
 O 2.254699 1.975034 5.275705
 O -5.536559 1.220271 2.155405
 O 3.727538 5.259573 -1.913171
 O 0.760124 -6.034470 -3.040454
 O -5.340171 4.519134 -3.978061
 O 6.708321 1.676764 7.996774
 O -0.614081 1.615815 1.859833
 O 0.746510 -2.257839 -3.142149
 O -0.148786 -4.102041 -5.361295
 O 6.920100 -5.793382 3.976571
 O 3.354830 -2.721019 1.615186
 O 6.335622 -0.986279 3.136870
 O 1.385881 3.527983 -4.335418
 O 0.258226 -8.272598 -0.260692
 O -4.831319 -2.562499 -6.784569
 O -4.798265 2.668266 -1.302429
 O 4.441163 4.214068 -4.918606
 O 1.256567 -1.117091 -0.465596
 O -5.436086 -3.724373 1.682147
 O 2.523021 2.309669 2.636690
 H -6.938829 -2.125786 -0.443363
 H -6.018149 -2.428796 0.836856
 H 2.722731 -1.175534 6.603654
 H 3.308890 -2.206768 5.641094
 H -6.210631 7.545709 -4.486685
 H -4.901035 7.986798 -5.398211
 H 3.051402 3.415762 -1.233800
 H 2.463468 2.163066 -0.662271
 H -4.327683 -0.240205 4.863995
 H -4.180180 0.824704 3.665768
 H 1.176203 6.241353 6.085759
 H 1.237706 5.000824 5.354451
 H -2.330596 -6.112516 -3.178968
 H -3.053636 -4.926468 -2.890400
 H 4.401085 1.324892 5.057109
 H 4.214756 -0.159505 5.454159
 H -2.812741 -6.865497 6.516671
 H -1.351740 -6.790682 6.776816
 H 1.293753 -2.147896 3.465221
 H 2.545230 -2.937854 3.704316
 H 1.412194 -5.565610 2.382238
 H 1.078178 -5.592994 0.932053
 H -2.759661 -4.830289 5.829931
 H -1.833958 -4.317813 4.597680
 H -2.867823 -8.170507 -0.079864
 H -2.952212 -6.883512 -0.990887
 H -3.126594 -2.299789 -4.217196
 H -2.747947 -3.202944 -5.265701
 H 3.060701 -3.804566 -1.622229
 H 2.222396 -4.534504 -0.658803
 H -0.984655 3.039788 -3.068340
 H -0.552355 3.152514 -1.611936
 H -2.500455 -2.225878 0.273783
 H -1.253412 -1.930674 1.233897
 H 0.300894 -3.836699 3.395355
 H -0.819758 -4.063014 2.242178
 H 2.566094 -4.781703 -3.563278
 H 1.958494 -3.200327 -3.561510
 H 5.738410 5.008603 0.604563
 H 6.554823 3.867204 1.351789
 H 4.892128 -3.829542 4.347548
 H 5.220465 -3.615352 5.934562
 H -1.122974 -1.120802 -3.227252
 H -2.180978 -0.142506 -4.012429
 H -0.571977 2.264757 -4.975158
 H -2.224830 2.312196 -5.010920
 H 5.760579 1.840396 -0.904745
 H 4.352831 2.053961 -0.423025
 H 3.756061 0.979635 -2.772713
 H 3.997187 1.834949 -4.025162
 H -4.903030 4.793463 -7.317827
 H -5.114112 3.333379 -7.194407
 H 4.200168 -6.233507 1.407584
 H 4.257189 -5.003885 0.478093
 H 0.599685 -0.741719 -6.005725
 H 1.316740 0.639142 -6.019151
 H -3.313254 1.452253 -6.269175
 H -4.383415 1.128712 -5.224338
 H -0.341537 -0.246622 2.034191
 H 0.604040 -1.208223 1.193047
 H 6.728965 -2.729218 -4.384173
 H 5.451616 -2.161932 -3.622941
 H 4.216578 -0.635913 -0.663308
 H 3.623802 -2.067947 -0.282016
 H -0.844220 5.801368 2.720434
 H -1.236586 4.557916 3.664912
 H -3.643786 -0.567956 -2.620201
 H -5.111213 -0.915264 -2.234560
 H -1.061441 -5.512946 -0.373547
 H -0.696930 -4.188264 0.200632
 H 4.797906 3.821575 -8.577415
 H 5.634271 3.235515 -9.484339
 H 2.757904 4.545385 3.738522
 H 3.102209 6.002747 3.495447
 H -6.468894 6.105461 -3.614825
 H -6.221543 6.729129 -2.150111
 H -0.022853 1.392009 -2.790078
 H 1.361429 1.214023 -3.502879
 H -5.528617 -4.176763 -1.350839
 H -5.064724 -4.852149 -0.169383
 H -2.971196 6.652660 1.834617
 H -3.614898 7.205653 3.177014
 H -2.557473 3.778620 4.999868
 H -1.351934 3.469210 5.900642
 H -2.416196 0.330638 -0.144529
 H -3.957014 0.062880 -0.233632
 H -1.362013 -0.678658 3.576558
 H -0.759552 -1.655268 4.587410
 H 2.414599 1.724398 4.341243
 H 2.288378 2.945462 5.431401
 H -5.582930 0.223541 2.222660
 H -4.694697 1.337064 1.665598
 H 4.657011 5.565814 -1.880292
 H 3.668018 5.379721 -2.885033
 H 0.527413 -5.070003 -3.088649
 H 1.043595 -6.084005 -2.096592
 H -5.149150 4.386723 -4.949157
 H -4.645429 3.878564 -3.757225
 H 6.685532 1.295551 8.921753
 H 5.866800 1.427875 7.540236
 H -1.314926 1.795376 1.220978
 H -0.941996 2.090350 2.663612
 H 0.826853 -2.402076 -2.163165
 H 1.005114 -1.286985 -3.188849
 H 0.034986 -3.715795 -4.490347
 H -0.616059 -4.940336 -5.176610
 H 6.816098 -5.364986 4.846195
 H 6.188487 -6.441669 4.034484
 H 4.341462 -2.697954 1.523745
 H 3.216646 -3.396073 0.879966
 H 5.690144 -1.356617 2.514491
 H 5.784319 -0.263235 3.642896
 H 2.241904 3.863096 -3.995391
 H 0.893964 4.322127 -4.605851
 H 1.134836 -8.503028 0.089768
 H -0.201777 -7.922671 0.531413
 H -3.955383 -2.852364 -7.129818
 H -5.410183 -2.673795 -7.553743
 H -4.026678 2.604017 -0.714295
 H -4.530053 2.231053 -2.124975
 H 5.250100 4.285055 -4.350173
 H 4.265155 5.004084 -5.468087
 H 2.218116 -1.131059 -0.772156
 H 0.845657 -0.266933 -0.714133
 H -4.548187 -3.516514 2.063611
 H -5.653273 -4.566249 2.144407
 H 2.490510 1.730168 1.837684
 H 1.664170 2.771549 2.533392
K_POINTS
 1
0.0 0.0 0.0 1.0