
&control
    calculation='scf'
    pseudo_dir = './',
    outdir='./outputs',
    disk_io='high'
/
&system
    ibrav= 1, celldm(1)=20.000000, nat=  192, ntyp= 2,
    ecutwfc = 30.0, nosym=.true., occupations='smearing',
    smearing='m-v', degauss=0.025
/
&electrons
    conv_thr =  1.0d-8,
    mixing_beta = 0.7
/
&ions
    pot_extrapolation='second-order'
    wfc_extrapolation='second-order'
    ion_temperature = 'andersen'
    tempw = 1000

/
ATOMIC_SPECIES
 H  1.01  H.blyp-hgh.UPF
 O  16.0  O.blyp-hgh.UPF
ATOMIC_POSITIONS bohr
 O -6.117165 -1.873362 0.037226
 O 3.583877 -1.661503 6.403824
 O -5.837595 7.716848 -5.382851
 O 3.177704 2.808539 -0.473389
 O -4.186478 0.718701 4.652421
 O 0.548374 5.556700 5.781487
 O -3.121827 -5.887962 -2.660989
 O 4.764029 0.450130 4.851215
 O -2.185865 -6.318178 7.013243
 O 1.572891 -2.932308 3.928966
 O 1.867344 -5.530192 1.518821
 O -2.699310 -4.225004 5.066001
 O -2.975874 -7.207316 -0.067008
 O -3.248011 -3.252101 -4.415039
 O 2.998725 -3.933414 -0.615538
 O -1.065778 2.543195 -2.191219
 O -1.620236 -2.525416 0.555306
 O -0.502267 -4.380040 3.118812
 O 2.554311 -3.909647 -3.191674
 O 5.674184 4.167630 1.131816
 O 4.535912 -3.731171 5.250707
 O -2.057404 -0.883715 -3.394549
 O -1.380796 2.800939 -4.850589
 O 4.963034 1.297481 -0.711687
 O 3.302296 1.303539 -3.591069
 O -4.447571 4.027967 -6.952084
 O 4.689727 -5.877926 0.650723
 O 1.350297 -0.265559 -5.617189
 O -3.413126 1.288503 -5.289635
 O 0.126699 -1.113717 2.047637
 O 6.400600 -2.431383 -3.514299
 O 3.907585 -1.520899 -1.033329
 O -1.326309 4.926065 2.725857
 O -4.427657 -0.206876 -2.135689
 O -0.316766 -5.094911 0.069335
 O 5.469820 3.106021 -8.499003
 O 2.798769 5.409554 4.204949
 O -6.911152 6.654041 -2.894849
 O 0.696899 0.740910 -2.958986
 O -4.925516 -4.900534 -1.153564
 O -3.052978 7.438928 2.399019
 O -1.672631 3.331419 4.989507
 O -3.250570 0.436275 0.353299
 O -1.370262 -0.912004 4.525083
 O 2.271891 1.974816 5.273090
 O -5.531550 1.215820 2.153060
 O 3.730318 5.259578 -1.918755
 O 0.748975 -6.039071 -3.036486
 O -5.354356 4.512804 -3.981695
 O 6.713910 1.679770 8.002409
 O -0.614547 1.613879 1.858277
 O 0.747029 -2.252810 -3.142901
 O -0.149171 -4.102599 -5.357369
 O 6.919705 -5.794058 3.977700
 O 3.354094 -2.713811 1.618457
 O 6.341901 -1.000179 3.138238
 O 1.380395 3.524804 -4.331330
 O 0.260659 -8.270270 -0.267213
 O -4.836254 -2.569008 -6.792660
 O -4.798803 2.679370 -1.312423
 O 4.451263 4.214298 -4.916466
 O 1.250259 -1.121374 -0.460301
 O -5.438142 -3.714656 1.681533
 O 2.529618 2.306330 2.650579
 H -6.937558 -2.132541 -0.429519
 H -6.013591 -2.438658 0.828822
 H 2.735933 -1.159082 6.599778
 H 3.289170 -2.224946 5.661350
 H -6.224206 7.543384 -4.501891
 H -4.898673 7.981116 -5.410950
 H 3.048318 3.415276 -1.225921
 H 2.490490 2.130225 -0.668330
 H -4.303424 -0.245207 4.868587
 H -4.193153 0.821122 3.667191
 H 1.177029 6.242868 6.086649
 H 1.228795 5.013643 5.322836
 H -2.331232 -6.123668 -3.181001
 H -3.048199 -4.933232 -2.898143
 H 4.369393 1.317370 5.057629
 H 4.220645 -0.141780 5.476040
 H -2.824846 -6.855207 6.527023
 H -1.346715 -6.778399 6.769534
 H 1.277908 -2.146527 3.457018
 H 2.542573 -2.910919 3.735025
 H 1.423588 -5.572396 2.391135
 H 1.087327 -5.595065 0.913722
 H -2.745846 -4.825829 5.831548
 H -1.833245 -4.297372 4.616991
 H -2.840726 -8.171913 -0.070942
 H -2.963618 -6.902080 -1.002779
 H -3.112840 -2.286480 -4.226837
 H -2.768498 -3.200514 -5.277022
 H 3.062784 -3.796961 -1.617988
 H 2.224039 -4.534714 -0.638487
 H -0.999226 3.020106 -3.078542
 H -0.546422 3.146040 -1.599227
 H -2.515001 -2.238320 0.279875
 H -1.271355 -1.925125 1.226717
 H 0.292738 -3.821718 3.395984
 H -0.810864 -4.058056 2.235652
 H 2.582268 -4.792355 -3.550901
 H 1.933119 -3.205023 -3.541502
 H 5.722321 5.019751 0.613792
 H 6.564009 3.868584 1.338548
 H 4.873085 -3.852297 4.349925
 H 5.232055 -3.638021 5.931000
 H -1.120081 -1.122188 -3.241776
 H -2.190159 -0.128985 -3.993354
 H -0.576599 2.239639 -4.962072
 H -2.216809 2.312851 -5.045705
 H 5.763077 1.853386 -0.890482
 H 4.355248 2.030119 -0.412289
 H 3.741918 0.968346 -2.768849
 H 3.977481 1.834656 -4.036445
 H -4.884123 4.816206 -7.321424
 H -5.118219 3.353137 -7.232017
 H 4.178152 -6.253943 1.392634
 H 4.249735 -5.026859 0.467899
 H 0.594036 -0.728492 -5.998717
 H 1.318716 0.639469 -6.023746
 H -3.334654 1.415082 -6.283333
 H -4.391355 1.143973 -5.213744
 H -0.336905 -0.246456 2.023026
 H 0.600050 -1.187435 1.197383
 H 6.745363 -2.729543 -4.376919
 H 5.463240 -2.141181 -3.625355
 H 4.220127 -0.635629 -0.676141
 H 3.641567 -2.069451 -0.273888
 H -0.822527 5.793895 2.727819
 H -1.222205 4.540973 3.666645
 H -3.638494 -0.563552 -2.611171
 H -5.096598 -0.922508 -2.227524
 H -1.076552 -5.517894 -0.375153
 H -0.715118 -4.204474 0.203844
 H 4.782567 3.814772 -8.571814
 H 5.585620 3.228488 -9.493577
 H 2.768827 4.539413 3.730817
 H 3.094671 5.979403 3.459614
 H -6.469659 6.118845 -3.606587
 H -6.239414 6.716558 -2.121398
 H -0.010128 1.404090 -2.789376
 H 1.374153 1.210868 -3.503105
 H -5.522733 -4.160317 -1.334421
 H -5.061369 -4.889871 -0.169335
 H -2.987551 6.642501 1.838349
 H -3.604634 7.218348 3.175795
 H -2.545472 3.784547 5.001383
 H -1.340972 3.468452 5.913848
 H -2.423762 0.316139 -0.150527
 H -3.951393 0.058799 -0.236562
 H -1.374057 -0.660773 3.581812
 H -0.765653 -1.670172 4.569675
 H 2.413692 1.709290 4.336471
 H 2.282682 2.938012 5.459496
 H -5.558138 0.216098 2.262077
 H -4.678578 1.332867 1.687548
 H 4.653260 5.573769 -1.894533
 H 3.651214 5.395974 -2.881409
 H 0.555567 -5.065869 -3.076608
 H 1.058753 -6.084437 -2.101688
 H -5.170013 4.378436 -4.962315
 H -4.643090 3.877271 -3.750874
 H 6.723324 1.282718 8.921570
 H 5.870856 1.398665 7.562796
 H -1.317054 1.814692 1.237408
 H -0.952488 2.078982 2.673862
 H 0.817746 -2.396030 -2.169047
 H 0.964381 -1.268278 -3.192862
 H 0.035533 -3.727280 -4.479513
 H -0.590045 -4.951383 -5.164372
 H 6.815171 -5.372740 4.852847
 H 6.195528 -6.457660 4.020422
 H 4.338914 -2.701773 1.516816
 H 3.225879 -3.394448 0.898365
 H 5.703358 -1.375779 2.509039
 H 5.797897 -0.259435 3.612141
 H 2.240744 3.835128 -3.998779
 H 0.888785 4.321798 -4.614510
 H 1.140969 -8.485525 0.083150
 H -0.228082 -7.905429 0.511154
 H -3.958182 -2.870969 -7.132895
 H -5.419509 -2.686298 -7.557583
 H -4.038233 2.619627 -0.716595
 H -4.530498 2.227819 -2.123700
 H 5.247739 4.291679 -4.339403
 H 4.259206 5.002997 -5.455870
 H 2.206280 -1.111636 -0.773746
 H 0.841033 -0.269666 -0.727271
 H -4.546360 -3.538662 2.073355
 H -5.662419 -4.554708 2.134375
 H 2.501676 1.722662 1.855563
 H 1.695249 2.811078 2.541910
K_POINTS
 1
0.0 0.0 0.0 1.0