
&control
    calculation='scf'
    pseudo_dir = './',
    outdir='./outputs',
    disk_io='high'
/
&system
    ibrav= 1, celldm(1)=20.000000, nat=  192, ntyp= 2,
    ecutwfc = 30.0, nosym=.true., occupations='smearing',
    smearing='m-v', degauss=0.025
/
&electrons
    conv_thr =  1.0d-8,
    mixing_beta = 0.7
/
&ions
    pot_extrapolation='second-order'
    wfc_extrapolation='second-order'
    ion_temperature = 'andersen'
    tempw = 1000

/
ATOMIC_SPECIES
 H  1.01  H.blyp-hgh.UPF
 O  16.0  O.blyp-hgh.UPF
ATOMIC_POSITIONS bohr
 O -6.116420 -1.872606 0.037341
 O 3.583858 -1.662878 6.406430
 O -5.838209 7.718797 -5.382382
 O 3.178951 2.808002 -0.473906
 O -4.184041 0.718218 4.654002
 O 0.547432 5.556348 5.781136
 O -3.122475 -5.888776 -2.662563
 O 4.763620 0.451559 4.853240
 O -2.185082 -6.318173 7.015626
 O 1.572619 -2.931884 3.929773
 O 1.866781 -5.531639 1.520090
 O -2.700097 -4.223504 5.066539
 O -2.973619 -7.207143 -0.067681
 O -3.246977 -3.250115 -4.413457
 O 2.999850 -3.930196 -0.616198
 O -1.064608 2.541571 -2.191015
 O -1.621048 -2.525190 0.553029
 O -0.502606 -4.377943 3.119317
 O 2.550980 -3.911184 -3.191226
 O 5.675465 4.168586 1.129893
 O 4.535530 -3.730202 5.251997
 O -2.057490 -0.884086 -3.394188
 O -1.379204 2.800128 -4.850346
 O 4.963928 1.294966 -0.718165
 O 3.301988 1.302415 -3.589687
 O -4.447068 4.027913 -6.953604
 O 4.691879 -5.881033 0.651709
 O 1.348923 -0.264066 -5.615939
 O -3.413544 1.290141 -5.290235
 O 0.126899 -1.113776 2.050094
 O 6.400652 -2.431599 -3.515221
 O 3.905776 -1.523114 -1.032436
 O -1.328130 4.925864 2.725177
 O -4.425979 -0.206275 -2.133123
 O -0.319791 -5.097017 0.069061
 O 5.469628 3.107878 -8.499397
 O 2.796576 5.409620 4.200302
 O -6.910403 6.657584 -2.895874
 O 0.697802 0.742480 -2.960129
 O -4.928247 -4.900300 -1.155728
 O -3.054197 7.439879 2.396598
 O -1.669609 3.332766 4.989648
 O -3.251611 0.437855 0.352284
 O -1.368171 -0.912523 4.524562
 O 2.276169 1.974743 5.272543
 O -5.530198 1.214747 2.152429
 O 3.730911 5.259500 -1.920171
 O 0.746167 -6.040148 -3.035447
 O -5.357833 4.511182 -3.982761
 O 6.715195 1.680479 8.003875
 O -0.614662 1.613414 1.857998
 O 0.747129 -2.251425 -3.143050
 O -0.149251 -4.102762 -5.356394
 O 6.919562 -5.794276 3.978011
 O 3.354043 -2.712033 1.619253
 O 6.343389 -1.003620 3.138646
 O 1.379009 3.524001 -4.330324
 O 0.261241 -8.269665 -0.268812
 O -4.837456 -2.570608 -6.794696
 O -4.798987 2.682201 -1.314923
 O 4.453715 4.214315 -4.915924
 O 1.248677 -1.122433 -0.458976
 O -5.438631 -3.712270 1.681450
 O 2.531220 2.305491 2.653986
 H -6.937068 -2.134148 -0.426124
 H -6.012343 -2.441455 0.826643
 H 2.739550 -1.154984 6.598939
 H 3.284554 -2.229729 5.666533
 H -6.227116 7.543054 -4.505448
 H -4.898193 7.979898 -5.413493
 H 3.048013 3.415774 -1.224125
 H 2.497437 2.122007 -0.669813
 H -4.297288 -0.245963 4.869444
 H -4.196722 0.820101 3.667970
 H 1.176874 6.243652 6.086990
 H 1.226115 5.016829 5.314788
 H -2.331358 -6.127128 -3.181714
 H -3.047471 -4.934838 -2.899738
 H 4.361650 1.315678 5.057445
 H 4.222713 -0.137450 5.481037
 H -2.828330 -6.852869 6.529606
 H -1.345449 -6.775170 6.767681
 H 1.273625 -2.145506 3.454509
 H 2.541474 -2.904458 3.742638
 H 1.426410 -5.573863 2.393286
 H 1.089579 -5.595507 0.909099
 H -2.741858 -4.824911 5.831907
 H -1.832896 -4.292440 4.621677
 H -2.833885 -8.172087 -0.068848
 H -2.966705 -6.906691 -1.005916
 H -3.109540 -2.283367 -4.228662
 H -2.773651 -3.200455 -5.279799
 H 3.063502 -3.794971 -1.616911
 H 2.224560 -4.534768 -0.632938
 H -1.003307 3.014751 -3.080745
 H -0.544997 3.144281 -1.595855
 H -2.518443 -2.241473 0.281600
 H -1.275620 -1.923340 1.225349
 H 0.290438 -3.818352 3.395861
 H -0.808631 -4.056912 2.234604
 H 2.586067 -4.795342 -3.548356
 H 1.926865 -3.206663 -3.536632
 H 5.718362 5.022064 0.616491
 H 6.566807 3.868907 1.335009
 H 4.868773 -3.857966 4.350720
 H 5.235273 -3.643825 5.929890
 H -1.119401 -1.122288 -3.245664
 H -2.192078 -0.125383 -3.988829
 H -0.578272 2.233383 -4.958805
 H -2.215067 2.312425 -5.054247
 H 5.763872 1.856091 -0.886803
 H 4.355932 2.023847 -0.409699
 H 3.738313 0.965743 -2.768148
 H 3.972572 1.834821 -4.039340
 H -4.879239 4.822309 -7.322524
 H -5.118949 3.357941 -7.241400
 H 4.172543 -6.259023 1.388632
 H 4.247683 -5.032700 0.465000
 H 0.592354 -0.725296 -5.997109
 H 1.319516 0.639298 -6.024909
 H -3.340022 1.405326 -6.286617
 H -4.393312 1.148033 -5.210662
 H -0.335370 -0.246100 2.020151
 H 0.599447 -1.182196 1.197971
 H 6.749324 -2.729493 -4.375182
 H 5.466612 -2.136249 -3.626151
 H 4.221159 -0.635870 -0.679504
 H 3.645904 -2.069754 -0.271575
 H -0.817600 5.791555 2.729885
 H -1.218657 4.537008 3.666344
 H -3.637169 -0.562410 -2.608757
 H -5.092901 -0.924342 -2.225809
 H -1.080276 -5.519576 -0.375569
 H -0.719525 -4.208188 0.204763
 H 4.778644 3.812897 -8.569488
 H 5.573953 3.225849 -9.495456
 H 2.771550 4.538157 3.729095
 H 3.092588 5.973698 3.450928
 H -6.469710 6.122202 -3.603689
 H -6.243937 6.713462 -2.115009
 H -0.007193 1.407290 -2.788856
 H 1.377347 1.209843 -3.502944
 H -5.521260 -4.155601 -1.330777
 H -5.060203 -4.899536 -0.169479
 H -2.991766 6.639805 1.839345
 H -3.601782 7.221292 3.175392
 H -2.542642 3.785731 5.001718
 H -1.338246 3.467984 5.917183
 H -2.425838 0.312470 -0.152149
 H -3.949849 0.057891 -0.237519
 H -1.377084 -0.656428 3.583410
 H -0.767183 -1.674058 4.565139
 H 2.413459 1.706130 4.335102
 H 2.281321 2.935679 5.466216
 H -5.552140 0.214502 2.271968
 H -4.674704 1.331888 1.692841
 H 4.652449 5.575879 -1.897750
 H 3.646657 5.399873 -2.880485
 H 0.562718 -5.065401 -3.073719
 H 1.062446 -6.084905 -2.103203
 H -5.175662 4.376772 -4.965410
 H -4.642681 3.877015 -3.748475
 H 6.732650 1.279450 8.920821
 H 5.872289 1.391354 7.568737
 H -1.317956 1.819623 1.241054
 H -0.954847 2.075895 2.676165
 H 0.815376 -2.394447 -2.170610
 H 0.953997 -1.263894 -3.194100
 H 0.035620 -3.729846 -4.476778
 H -0.583652 -4.953966 -5.161384
 H 6.815008 -5.374354 4.854779
 H 6.197379 -6.461618 4.016587
 H 4.338059 -2.702435 1.515543
 H 3.227474 -3.393926 0.903194
 H 5.706629 -1.380601 2.507616
 H 5.801622 -0.259269 3.604439
 H 2.240490 3.828108 -3.999725
 H 0.887591 4.321784 -4.616614
 H 1.142745 -8.481167 0.081473
 H -0.234681 -7.901230 0.505922
 H -3.958877 -2.875711 -7.133618
 H -5.422013 -2.689156 -7.558752
 H -4.041044 2.623250 -0.717194
 H -4.530345 2.226743 -2.123350
 H 5.247259 4.293570 -4.337014
 H 4.258121 5.002711 -5.452598
 H 2.202983 -1.106676 -0.774114
 H 0.840118 -0.270483 -0.730868
 H -4.545973 -3.544347 2.075504
 H -5.664824 -4.551765 2.131828
 H 2.504734 1.720978 1.860372
 H 1.703013 2.820820 2.544077
K_POINTS
 1
0.0 0.0 0.0 1.0