
&control
    calculation='scf'
    pseudo_dir = './',
    outdir='./outputs',
    disk_io='high'
/
&system
    ibrav= 1, celldm(1)=20.000000, nat=  192, ntyp= 2,
    ecutwfc = 30.0, nosym=.true., occupations='smearing',
    smearing='m-v', degauss=0.025
/
&electrons
    conv_thr =  1.0d-8,
    mixing_beta = 0.7
/
&ions
    pot_extrapolation='second-order'
    wfc_extrapolation='second-order'
    ion_temperature = 'andersen'
    tempw = 1000

/
ATOMIC_SPECIES
 H  1.01  H.blyp-hgh.UPF
 O  16.0  O.blyp-hgh.UPF
ATOMIC_POSITIONS bohr
 O -6.114911 -1.871037 0.037562
 O 3.583738 -1.665543 6.411636
 O -5.839500 7.722639 -5.381605
 O 3.181140 2.806973 -0.474889
 O -4.179140 0.717210 4.657154
 O 0.545635 5.555632 5.780475
 O -3.123636 -5.890361 -2.665747
 O 4.762715 0.454360 4.857408
 O -2.183449 -6.318190 7.020380
 O 1.572158 -2.931019 3.931442
 O 1.865673 -5.534595 1.522671
 O -2.701770 -4.220449 5.067631
 O -2.969087 -7.206792 -0.068997
 O -3.244850 -3.246060 -4.410377
 O 3.002028 -3.923855 -0.617601
 O -1.062242 2.538439 -2.190637
 O -1.622736 -2.524834 0.548362
 O -0.503243 -4.373718 3.120331
 O 2.544442 -3.914180 -3.190221
 O 5.677972 4.170526 1.126047
 O 4.534654 -3.728309 5.254525
 O -2.057734 -0.884867 -3.393444
 O -1.375859 2.798605 -4.849847
 O 4.965846 1.289896 -0.731168
 O 3.301384 1.300125 -3.586869
 O -4.446139 4.027811 -6.956637
 O 4.696228 -5.887239 0.653753
 O 1.346152 -0.261020 -5.613446
 O -3.414296 1.293401 -5.291564
 O 0.127243 -1.113911 2.055076
 O 6.400713 -2.431986 -3.516980
 O 3.902144 -1.527380 -1.030700
 O -1.331656 4.925491 2.723906
 O -4.422653 -0.205083 -2.127998
 O -0.325902 -5.101204 0.068446
 O 5.469172 3.111773 -8.500360
 O 2.792257 5.409661 4.190903
 O -6.908779 6.664708 -2.897917
 O 0.699670 0.745551 -2.962431
 O -4.933805 -4.899836 -1.159918
 O -3.056665 7.441812 2.391713
 O -1.663551 3.335528 4.989891
 O -3.253662 0.441018 0.350285
 O -1.363999 -0.913537 4.523552
 O 2.284700 1.974554 5.271581
 O -5.527379 1.212634 2.151127
 O 3.731969 5.259249 -1.923012
 O 0.740528 -6.042215 -3.033311
 O -5.364681 4.507875 -3.985087
 O 6.717626 1.681840 8.006874
 O -0.614893 1.612517 1.857594
 O 0.747285 -2.248495 -3.143319
 O -0.149391 -4.103110 -5.354443
 O 6.919219 -5.794773 3.978672
 O 3.354102 -2.708499 1.620829
 O 6.346270 -1.010464 3.139532
 O 1.376195 3.522385 -4.328342
 O 0.262360 -8.268418 -0.271961
 O -4.839815 -2.573780 -6.798785
 O -4.799425 2.687934 -1.319927
 O 4.458520 4.214288 -4.914837
 O 1.245500 -1.124512 -0.456334
 O -5.439572 -3.707544 1.681369
 O 2.534375 2.303815 2.660729
 H -6.935923 -2.137251 -0.419487
 H -6.009679 -2.447417 0.822086
 H 2.747095 -1.146804 6.597453
 H 3.275757 -2.239497 5.677135
 H -6.232386 7.542671 -4.512066
 H -4.897410 7.977690 -5.417764
 H 3.047928 3.417530 -1.220819
 H 2.511630 2.105711 -0.672744
 H -4.284950 -0.246906 4.870828
 H -4.204226 0.817935 3.670105
 H 1.176057 6.245593 6.087773
 H 1.220197 5.023212 5.298548
 H -2.331615 -6.134826 -3.183357
 H -3.046764 -4.937899 -2.902539
 H 4.346384 1.312591 5.056694
 H 4.227553 -0.129008 5.490456
 H -2.835718 -6.848423 6.534834
 H -1.342942 -6.768555 6.763915
 H 1.264785 -2.142893 3.449088
 H 2.538905 -2.891862 3.757748
 H 1.431933 -5.576521 2.397490
 H 1.094078 -5.596304 0.899963
 H -2.733275 -4.823310 5.832603
 H -1.831906 -4.282775 4.630803
 H -2.820141 -8.172141 -0.064810
 H -2.973149 -6.915871 -1.012327
 H -3.103104 -2.277450 -4.231608
 H -2.784000 -3.200995 -5.285224
 H 3.065144 -3.790896 -1.614841
 H 2.225913 -4.534720 -0.621334
 H -1.011950 3.003575 -3.084682
 H -0.542289 3.140541 -1.589043
 H -2.525075 -2.247852 0.285284
 H -1.283877 -1.919328 1.223114
 H 0.285579 -3.812082 3.395304
 H -0.804162 -4.054758 2.233238
 H 2.593354 -4.801615 -3.543926
 H 1.914469 -3.210493 -3.527107
 H 5.710564 5.026204 0.622290
 H 6.572883 3.869592 1.327637
 H 4.860686 -3.869298 4.352541
 H 5.242081 -3.655603 5.927408
 H -1.118110 -1.122193 -3.253732
 H -2.195458 -0.117959 -3.980042
 H -0.582211 2.220944 -4.952286
 H -2.211876 2.310932 -5.071102
 H 5.765615 1.860793 -0.879338
 H 4.357409 2.010936 -0.404669
 H 3.731135 0.960810 -2.767018
 H 3.962849 1.835440 -4.045184
 H -4.869175 4.834808 -7.324867
 H -5.120081 3.367366 -7.260134
 H 4.161259 -6.269122 1.380244
 H 4.243375 -5.044483 0.458755
 H 0.588611 -0.719094 -5.994099
 H 1.321483 0.638702 -6.027259
 H -3.350755 1.385300 -6.292830
 H -4.397106 1.156474 -5.203969
 H -0.331905 -0.244993 2.014387
 H 0.598723 -1.171749 1.198606
 H 6.757078 -2.729255 -4.371889
 H 5.473802 -2.126678 -3.628026
 H 4.223371 -0.636822 -0.686432
 H 3.654380 -2.070330 -0.266502
 H -0.808425 5.786218 2.734244
 H -1.211671 4.529441 3.664738
 H -3.634478 -0.560079 -2.603753
 H -5.085457 -0.928002 -2.222418
 H -1.087627 -5.523483 -0.376416
 H -0.728175 -4.215138 0.206754
 H 4.770703 3.808970 -8.563694
 H 5.551282 3.219535 -9.498743
 H 2.776967 4.535869 3.725927
 H 3.088194 5.962514 3.433880
 H -6.469530 6.128799 -3.597044
 H -6.253065 6.707377 -2.103300
 H -0.001634 1.413921 -2.787393
 H 1.383766 1.207529 -3.502385
 H -5.518336 -4.145428 -1.324004
 H -5.057488 -4.919105 -0.170117
 H -3.000327 6.634296 1.841437
 H -3.595793 7.226892 3.174567
 H -2.537182 3.787739 5.002338
 H -1.332875 3.466695 5.923711
 H -2.430181 0.305108 -0.155504
 H -3.946698 0.056195 -0.239720
 H -1.383132 -0.647898 3.586886
 H -0.770258 -1.681993 4.555915
 H 2.412970 1.700661 4.332224
 H 2.278677 2.930526 5.479233
 H -5.540390 0.211703 2.291713
 H -4.667098 1.330011 1.703150
 H 4.651039 5.580253 -1.903783
 H 3.637113 5.407484 -2.878728
 H 0.577125 -5.065102 -3.068117
 H 1.069718 -6.086312 -2.106482
 H -5.187460 4.373903 -4.971202
 H -4.642258 3.876757 -3.742828
 H 6.751145 1.272844 8.918519
 H 5.875678 1.376748 7.580966
 H -1.320269 1.829607 1.247678
 H -0.959157 2.069361 2.680381
 H 0.810540 -2.391198 -2.173714
 H 0.933041 -1.255529 -3.196843
 H 0.035733 -3.734604 -4.471344
 H -0.571022 -4.958964 -5.155511
 H 6.814734 -5.377251 4.858898
 H 6.201247 -6.469415 4.008566
 H 4.336156 -2.703371 1.513576
 H 3.229742 -3.392840 0.913017
 H 5.713173 -1.390252 2.504721
 H 5.809387 -0.259856 3.589111
 H 2.240139 3.814130 -4.001694
 H 0.885433 4.321739 -4.620696
 H 1.146537 -8.472458 0.078136
 H -0.247745 -7.893048 0.495151
 H -3.960340 -2.885276 -7.135002
 H -5.427204 -2.694550 -7.561326
 H -4.046498 2.630159 -0.718366
 H -4.529711 2.224242 -2.122642
 H 5.246505 4.297640 -4.332541
 H 4.256421 5.002198 -5.445833
 H 2.196081 -1.096726 -0.774801
 H 0.838558 -0.272374 -0.738383
 H -4.545274 -3.555848 2.079424
 H -5.669846 -4.545908 2.126720
 H 2.511107 1.717850 1.870350
 H 1.718564 2.840064 2.548411
K_POINTS
 1
0.0 0.0 0.0 1.0