
&control
    calculation='scf'
    pseudo_dir = './',
    outdir='./outputs',
    disk_io='high'
/
&system
    ibrav= 1, celldm(1)=20.000000, nat=  192, ntyp= 2,
    ecutwfc = 30.0, nosym=.true., occupations='smearing',
    smearing='m-v', degauss=0.025
/
&electrons
    conv_thr =  1.0d-8,
    mixing_beta = 0.7
/
&ions
    pot_extrapolation='second-order'
    wfc_extrapolation='second-order'
    ion_temperature = 'andersen'
    tempw = 1000

/
ATOMIC_SPECIES
 H  1.01  H.blyp-hgh.UPF
 O  16.0  O.blyp-hgh.UPF
ATOMIC_POSITIONS bohr
 O -6.114147 -1.870226 0.037670
 O 3.583638 -1.666838 6.414234
 O -5.840174 7.724535 -5.381304
 O 3.182083 2.806475 -0.475352
 O -4.176676 0.716684 4.658723
 O 0.544782 5.555272 5.780165
 O -3.124148 -5.891134 -2.667358
 O 4.762218 0.455735 4.859549
 O -2.182604 -6.318213 7.022748
 O 1.571957 -2.930568 3.932299
 O 1.865129 -5.536103 1.523977
 O -2.702656 -4.218896 5.068186
 O -2.966811 -7.206616 -0.069643
 O -3.243756 -3.243990 -4.408882
 O 3.003077 -3.920739 -0.618338
 O -1.061046 2.536930 -2.190458
 O -1.623611 -2.524701 0.545975
 O -0.503544 -4.371591 3.120840
 O 2.541236 -3.915642 -3.189663
 O 5.679203 4.171503 1.124128
 O 4.534163 -3.727386 5.255763
 O -2.057893 -0.885275 -3.393063
 O -1.374111 2.797889 -4.849592
 O 4.966869 1.287345 -0.737691
 O 3.301082 1.298959 -3.585439
 O -4.445715 4.027772 -6.958152
 O 4.698420 -5.890338 0.654814
 O 1.344757 -0.259467 -5.612201
 O -3.414633 1.295020 -5.292296
 O 0.127390 -1.113984 2.057593
 O 6.400726 -2.432156 -3.517813
 O 3.900325 -1.529425 -1.029861
 O -1.333358 4.925321 2.723320
 O -4.421007 -0.204494 -2.125439
 O -0.328988 -5.103288 0.068103
 O 5.468907 3.113808 -8.500928
 O 2.790131 5.409637 4.186152
 O -6.907908 6.668294 -2.898925
 O 0.700633 0.747050 -2.963587
 O -4.936630 -4.899607 -1.161942
 O -3.057911 7.442793 2.389245
 O -1.660513 3.336944 4.989999
 O -3.254671 0.442601 0.349300
 O -1.361919 -0.914034 4.523066
 O 2.288951 1.974431 5.271165
 O -5.525915 1.211589 2.150460
 O 3.732433 5.259075 -1.924432
 O 0.737699 -6.043207 -3.032215
 O -5.368047 4.506186 -3.986346
 O 6.718772 1.682492 8.008406
 O -0.615010 1.612086 1.857473
 O 0.747341 -2.246949 -3.143444
 O -0.149449 -4.103294 -5.353463
 O 6.919018 -5.795052 3.979023
 O 3.354211 -2.706740 1.621613
 O 6.347665 -1.013868 3.140005
 O 1.374759 3.521572 -4.327370
 O 0.262893 -8.267775 -0.273511
 O -4.840971 -2.575353 -6.800841
 O -4.799682 2.690837 -1.322432
 O 4.460870 4.214241 -4.914292
 O 1.243901 -1.125527 -0.455019
 O -5.440021 -3.705204 1.681371
 O 2.535927 2.302981 2.664069
 H -6.935282 -2.138745 -0.416265
 H -6.008250 -2.450572 0.819710
 H 2.751004 -1.142721 6.596817
 H 3.271589 -2.244458 5.682580
 H -6.234757 7.542611 -4.515073
 H -4.897120 7.976697 -5.419483
 H 3.048139 3.418785 -1.219326
 H 2.518892 2.097677 -0.674194
 H -4.278755 -0.247110 4.871364
 H -4.208152 0.816797 3.671474
 H 1.175377 6.246719 6.088203
 H 1.216956 5.026419 5.290364
 H -2.331763 -6.139050 -3.184277
 H -3.046779 -4.939341 -2.903751
 H 4.338863 1.311209 5.056124
 H 4.230315 -0.124925 5.494884
 H -2.839578 -6.846297 6.537501
 H -1.341709 -6.765179 6.761995
 H 1.260265 -2.141382 3.446223
 H 2.537485 -2.885724 3.765233
 H 1.434607 -5.577711 2.399544
 H 1.096333 -5.596659 0.895495
 H -2.728691 -4.822626 5.832945
 H -1.831248 -4.278036 4.635227
 H -2.813243 -8.172002 -0.062864
 H -2.976503 -6.920440 -1.015577
 H -3.099966 -2.274660 -4.232729
 H -2.789201 -3.201593 -5.287853
 H 3.066059 -3.788814 -1.613878
 H 2.226791 -4.534576 -0.615300
 H -1.016498 2.997775 -3.086408
 H -0.541024 3.138549 -1.585650
 H -2.528263 -2.251082 0.287238
 H -1.287872 -1.917121 1.222232
 H 0.283040 -3.809175 3.394880
 H -0.801930 -4.053750 2.232917
 H 2.596836 -4.804861 -3.542035
 H 1.908329 -3.212679 -3.522471
 H 5.706738 5.028061 0.625365
 H 6.576120 3.869973 1.323796
 H 4.856908 -3.874965 4.353564
 H 5.245661 -3.661579 5.926035
 H -1.117504 -1.121999 -3.257909
 H -2.196918 -0.114156 -3.975768
 H -0.584462 2.214769 -4.949035
 H -2.210410 2.309892 -5.079401
 H 5.766548 1.862774 -0.875564
 H 4.358205 2.004299 -0.402238
 H 3.727597 0.958481 -2.766568
 H 3.958050 1.835892 -4.048118
 H -4.863965 4.841139 -7.326081
 H -5.120490 3.371985 -7.269483
 H 4.155602 -6.274134 1.375843
 H 4.241126 -5.050424 0.455405
 H 0.586540 -0.716098 -5.992704
 H 1.322649 0.638295 -6.028450
 H -3.356113 1.375043 -6.295747
 H -4.398920 1.160865 -5.200359
 H -0.329989 -0.244241 2.011523
 H 0.598596 -1.166563 1.198683
 H 6.760872 -2.729071 -4.370355
 H 5.477579 -2.122031 -3.629119
 H 4.224545 -0.637555 -0.689999
 H 3.658501 -2.070616 -0.263718
 H -0.804196 5.783206 2.736525
 H -1.208249 4.525845 3.663412
 H -3.633101 -0.558892 -2.601167
 H -5.081712 -0.929818 -2.220738
 H -1.091242 -5.525706 -0.376844
 H -0.732418 -4.218361 0.207830
 H 4.766689 3.806929 -8.560221
 H 5.540295 3.215869 -9.500167
 H 2.779654 4.534815 3.724488
 H 3.085887 5.957056 3.425515
 H -6.469265 6.131995 -3.593351
 H -6.257672 6.704405 -2.098009
 H 0.000991 1.417353 -2.786451
 H 1.386999 1.206247 -3.501995
 H -5.516884 -4.139980 -1.320859
 H -5.055944 -4.928992 -0.170654
 H -3.004668 6.631505 1.842542
 H -3.592672 7.229547 3.174174
 H -2.534549 3.788563 5.002625
 H -1.330244 3.465868 5.926856
 H -2.432436 0.301422 -0.157226
 H -3.945118 0.055405 -0.240967
 H -1.386147 -0.643713 3.588743
 H -0.771810 -1.686028 4.551219
 H 2.412706 1.698381 4.330734
 H 2.277394 2.927735 5.485514
 H -5.534639 0.210522 2.301544
 H -4.663354 1.329113 1.708155
 H 4.650450 5.582519 -1.906603
 H 3.632125 5.411199 -2.877923
 H 0.584372 -5.065251 -3.065414
 H 1.073298 -6.087262 -2.108234
 H -5.193601 4.372685 -4.973863
 H -4.642294 3.876800 -3.739618
 H 6.760313 1.269504 8.916986
 H 5.877635 1.369459 7.587246
 H -1.321685 1.834658 1.250638
 H -0.961088 2.065900 2.682281
 H 0.808079 -2.389533 -2.175216
 H 0.922488 -1.251560 -3.198343
 H 0.035759 -3.736794 -4.468665
 H -0.564791 -4.961389 -5.152629
 H 6.814614 -5.378553 4.861061
 H 6.203277 -6.473233 4.004390
 H 4.335133 -2.703636 1.512890
 H 3.230398 -3.392306 0.917979
 H 5.716460 -1.395072 2.503258
 H 5.813400 -0.260597 3.581514
 H 2.240071 3.807196 -4.002707
 H 0.884498 4.321683 -4.622659
 H 1.148532 -8.468101 0.076485
 H -0.254164 -7.889086 0.489586
 H -3.961130 -2.890090 -7.135662
 H -5.429882 -2.697085 -7.562723
 H -4.049123 2.633443 -0.718925
 H -4.529229 2.222814 -2.122288
 H 5.246251 4.299819 -4.330440
 H 4.255797 5.001995 -5.442355
 H 2.192507 -1.091764 -0.775117
 H 0.837905 -0.273470 -0.742285
 H -4.544959 -3.561651 2.081187
 H -5.672482 -4.543023 2.124167
 H 2.514405 1.716405 1.875499
 H 1.726361 2.849542 2.550564
K_POINTS
 1
0.0 0.0 0.0 1.0