
&control
    calculation='scf'
    pseudo_dir = './',
    outdir='./outputs',
    disk_io='high'
/
&system
    ibrav= 1, celldm(1)=20.000000, nat=  192, ntyp= 2,
    ecutwfc = 30.0, nosym=.true., occupations='smearing',
    smearing='m-v', degauss=0.025
/
&electrons
    conv_thr =  1.0d-8,
    mixing_beta = 0.7
/
&ions
    pot_extrapolation='second-order'
    wfc_extrapolation='second-order'
    ion_temperature = 'andersen'
    tempw = 1000

/
ATOMIC_SPECIES
 H  1.01  H.blyp-hgh.UPF
 O  16.0  O.blyp-hgh.UPF
ATOMIC_POSITIONS bohr
 O -6.111814 -1.867695 0.037997
 O 3.583179 -1.670587 6.421985
 O -5.842295 7.730124 -5.380798
 O 3.184304 2.805017 -0.476619
 O -4.169231 0.715028 4.663385
 O 0.542422 5.554198 5.779318
 O -3.125404 -5.893402 -2.672269
 O 4.760563 0.459768 4.866192
 O -2.179987 -6.318344 7.029801
 O 1.571410 -2.929078 3.934929
 O 1.863548 -5.540750 1.527919
 O -2.705508 -4.214143 5.069900
 O -2.959938 -7.206098 -0.071557
 O -3.240356 -3.237606 -4.404587
 O 3.006036 -3.911641 -0.620643
 O -1.057405 2.532624 -2.189935
 O -1.626350 -2.524458 0.538629
 O -0.504389 -4.365160 3.122365
 O 2.531878 -3.919923 -3.187773
 O 5.682830 4.174406 1.118415
 O 4.532492 -3.724705 5.259379
 O -2.058514 -0.886547 -3.391897
 O -1.368606 2.795892 -4.848818
 O 4.970203 1.279646 -0.757323
 O 3.300146 1.295382 -3.581098
 O -4.444624 4.027751 -6.962720
 O 4.705040 -5.899607 0.658169
 O 1.340542 -0.254693 -5.608469
 O -3.415510 1.299824 -5.294767
 O 0.127746 -1.114214 2.065205
 O 6.400736 -2.432578 -3.520095
 O 3.894869 -1.535184 -1.027470
 O -1.338205 4.924882 2.721778
 O -4.416146 -0.202762 -2.117782
 O -0.338368 -5.109510 0.066935
 O 5.467953 3.120255 -8.502971
 O 2.783888 5.409389 4.171691
 O -6.905094 6.679169 -2.901838
 O 0.703623 0.751392 -2.967067
 O -4.945294 -4.898938 -1.167708
 O -3.061694 7.445776 2.381716
 O -1.651352 3.341333 4.990305
 O -3.257618 0.447358 0.346401
 O -1.355699 -0.915495 4.521709
 O 2.301649 1.973906 5.270174
 O -5.521308 1.208479 2.148408
 O 3.733560 5.258359 -1.928670
 O 0.729185 -6.046023 -3.028817
 O -5.377887 4.500957 -3.990500
 O 6.721937 1.684324 8.013123
 O -0.615390 1.610871 1.857444
 O 0.747406 -2.241982 -3.143807
 O -0.149572 -4.103881 -5.350488
 O 6.918297 -5.796009 3.980174
 O 3.354847 -2.701483 1.623968
 O 6.351683 -1.024028 3.141526
 O 1.370298 3.519112 -4.324544
 O 0.264375 -8.265759 -0.278054
 O -4.844334 -2.580030 -6.807060
 O -4.800614 2.699695 -1.329963
 O 4.467705 4.213945 -4.912651
 O 1.239047 -1.128438 -0.451108
 O -5.441273 -3.698264 1.681550
 O 2.540490 2.300514 2.673982
 H -6.933164 -2.142987 -0.407112
 H -6.003517 -2.460662 0.812183
 H 2.763136 -1.130498 6.595382
 H 3.260086 -2.259508 5.699635
 H -6.240877 7.542903 -4.522607
 H -4.896723 7.974145 -5.422921
 H 3.049728 3.423993 -1.215535
 H 2.541403 2.074282 -0.678515
 H -4.260106 -0.246796 4.872408
 H -4.220577 0.813226 3.676825
 H 1.172154 6.250531 6.089568
 H 1.206105 5.036152 5.265613
 H -2.332395 -6.153124 -3.187364
 H -3.048247 -4.943241 -2.906677
 H 4.316770 1.307761 5.053633
 H 4.239892 -0.113413 5.507118
 H -2.851540 -6.840185 6.545861
 H -1.338151 -6.754840 6.756045
 H 1.246547 -2.136517 3.437313
 H 2.532980 -2.867919 3.787354
 H 1.442132 -5.580726 2.405520
 H 1.103175 -5.597557 0.882759
 H -2.713843 -4.821026 5.833983
 H -1.828569 -4.264147 4.647853
 H -2.792478 -8.170831 -0.057301
 H -2.987063 -6.934068 -1.025342
 H -3.090848 -2.267023 -4.234698
 H -2.804944 -3.204667 -5.295301
 H 3.069117 -3.782417 -1.611448
 H 2.230459 -4.533448 -0.596402
 H -1.030967 2.979678 -3.090615
 H -0.537681 3.132032 -1.575774
 H -2.537328 -2.260963 0.293516
 H -1.299355 -1.909872 1.220390
 H 0.275140 -3.801313 3.393100
 H -0.795299 -4.051005 2.233346
 H 2.606594 -4.814745 -3.537586
 H 1.890143 -3.220270 -3.509172
 H 5.695617 5.032995 0.635124
 H 6.586339 3.871402 1.311610
 H 4.846601 -3.891994 4.357080
 H 5.257017 -3.679866 5.921364
 H -1.115856 -1.120847 -3.270978
 H -2.200373 -0.102531 -3.963337
 H -0.592209 2.196459 -4.939334
 H -2.206401 2.305780 -5.103674
 H 5.769503 1.867145 -0.864135
 H 4.360846 1.983679 -0.395347
 H 3.717406 0.952032 -2.765532
 H 3.943965 1.837776 -4.056873
 H -4.847465 4.860074 -7.329735
 H -5.121129 3.385456 -7.297443
 H 4.138674 -6.288991 1.361723
 H 4.234069 -5.068448 0.444412
 H 0.579517 -0.707564 -5.988972
 H 1.326870 0.636759 -6.032120
 H -3.372114 1.343376 -6.303669
 H -4.403887 1.174769 -5.188482
 H -0.323594 -0.241187 2.003157
 H 0.599104 -1.151288 1.198166
 H 6.771917 -2.728279 -4.366317
 H 5.489368 -2.108580 -3.633102
 H 4.228316 -0.640867 -0.701107
 H 3.670321 -2.071499 -0.254281
 H -0.793019 5.772767 2.743703
 H -1.198348 4.515818 3.657273
 H -3.628771 -0.555252 -2.593104
 H -5.070394 -0.935154 -2.215740
 H -1.101784 -5.533436 -0.378119
 H -0.744820 -4.226979 0.211381
 H 4.754496 3.800555 -8.547493
 H 5.508808 3.202903 -9.503646
 H 2.787606 4.531864 3.720769
 H 3.078547 5.941333 3.401031
 H -6.467540 6.140891 -3.581149
 H -6.271653 6.695875 -2.084520
 H 0.008295 1.428081 -2.782794
 H 1.396839 1.201954 -3.500435
 H -5.512507 -4.122317 -1.312277
 H -5.050607 -4.958949 -0.173377
 H -3.017884 6.623130 1.846136
 H -3.582899 7.236915 3.173253
 H -2.527027 3.790309 5.003403
 H -1.322662 3.462638 5.935560
 H -2.439472 0.290394 -0.162508
 H -3.940527 0.053243 -0.245306
 H -1.395115 -0.631478 3.594655
 H -0.776570 -1.698310 4.536747
 H 2.411799 1.693516 4.326192
 H 2.273694 2.918693 5.503395
 H -5.517885 0.207979 2.330714
 H -4.652286 1.326583 1.722507
 H 4.649162 5.589623 -1.914312
 H 3.616305 5.421992 -2.875943
 H 0.606227 -5.066749 -3.057756
 H 1.083830 -6.091167 -2.113855
 H -5.212920 4.369822 -4.980729
 H -4.643657 3.877854 -3.728665
 H 6.787495 1.259306 8.911020
 H 5.884521 1.347679 7.606682
 H -1.326909 1.850005 1.258075
 H -0.965880 2.054695 2.687110
 H 0.800550 -2.384377 -2.179305
 H 0.890641 -1.240567 -3.203328
 H 0.035710 -3.742608 -4.460907
 H -0.546472 -4.968435 -5.144231
 H 6.814278 -5.382007 4.867798
 H 6.209817 -6.484266 3.991276
 H 4.331948 -2.703577 1.512043
 H 3.230380 -3.390915 0.932878
 H 5.726453 -1.409455 2.498849
 H 5.825771 -0.264481 3.559179
 H 2.240448 3.786753 -4.005809
 H 0.882428 4.321244 -4.628158
 H 1.154773 -8.454988 0.071659
 H -0.272723 -7.877830 0.472053
 H -3.963849 -2.904611 -7.137504
 H -5.438169 -2.704032 -7.567289
 H -4.056505 2.642617 -0.720420
 H -4.527135 2.217806 -2.121216
 H 5.246083 4.306928 -4.324576
 H 4.254785 5.001745 -5.431623
 H 2.181489 -1.077090 -0.775942
 H 0.836391 -0.277475 -0.754483
 H -4.544120 -3.579190 2.085640
 H -5.681005 -4.534699 2.116561
 H 2.524634 1.712507 1.891430
 H 1.749917 2.877250 2.556895
K_POINTS
 1
0.0 0.0 0.0 1.0