
&control
    calculation='scf'
    pseudo_dir = './',
    outdir='./outputs',
    disk_io='high'
/
&system
    ibrav= 1, celldm(1)=20.000000, nat=  192, ntyp= 2,
    ecutwfc = 30.0, nosym=.true., occupations='smearing',
    smearing='m-v', degauss=0.025
/
&electrons
    conv_thr =  1.0d-8,
    mixing_beta = 0.7
/
&ions
    pot_extrapolation='second-order'
    wfc_extrapolation='second-order'
    ion_temperature = 'andersen'
    tempw = 1000

/
ATOMIC_SPECIES
 H  1.01  H.blyp-hgh.UPF
 O  16.0  O.blyp-hgh.UPF
ATOMIC_POSITIONS bohr
 O -6.110222 -1.865933 0.038228
 O 3.582748 -1.672990 6.427105
 O -5.843780 7.733775 -5.380820
 O 3.185285 2.804055 -0.477354
 O -4.164228 0.713870 4.666448
 O 0.541023 5.553501 5.778826
 O -3.126004 -5.894889 -2.675609
 O 4.759332 0.462403 4.870789
 O -2.178199 -6.318491 7.034444
 O 1.571032 -2.927924 3.936707
 O 1.862545 -5.543948 1.530537
 O -2.707561 -4.210908 5.071088
 O -2.955321 -7.205765 -0.072834
 O -3.237992 -3.233205 -4.401890
 O 3.007843 -3.905808 -0.622224
 O -1.054934 2.529925 -2.189568
 O -1.628261 -2.524402 0.533603
 O -0.504917 -4.360844 3.123385
 O 2.525861 -3.922724 -3.186334
 O 5.685219 4.176274 1.114667
 O 4.531230 -3.722990 5.261715
 O -2.059051 -0.887413 -3.391116
 O -1.364756 2.794662 -4.848307
 O 4.972644 1.274489 -0.770451
 O 3.299472 1.292944 -3.578194
 O -4.444058 4.027859 -6.965801
 O 4.709464 -5.905754 0.660555
 O 1.337706 -0.251429 -5.605981
 O -3.415993 1.302973 -5.296650
 O 0.127925 -1.114364 2.070286
 O 6.400750 -2.432793 -3.521419
 O 3.891238 -1.538698 -1.025989
 O -1.341209 4.924645 2.720937
 O -4.412977 -0.201642 -2.112696
 O -0.344729 -5.113639 0.066041
 O 5.467183 3.124820 -8.504606
 O 2.779839 5.409082 4.161885
 O -6.903079 6.686535 -2.903640
 O 0.705684 0.754153 -2.969386
 O -4.951228 -4.898504 -1.171289
 O -3.064245 7.447785 2.376571
 O -1.645199 3.344377 4.990515
 O -3.259507 0.450534 0.344509
 O -1.351566 -0.916454 4.520907
 O 2.310067 1.973392 5.269721
 O -5.518067 1.206405 2.147016
 O 3.734096 5.257720 -1.931460
 O 0.723493 -6.047780 -3.026466
 O -5.384215 4.497328 -3.993569
 O 6.723824 1.685443 8.016361
 O -0.615688 1.610136 1.857694
 O 0.747354 -2.238395 -3.144061
 O -0.149607 -4.104295 -5.348461
 O 6.917720 -5.796743 3.981032
 O 3.355516 -2.697981 1.625558
 O 6.354236 -1.030774 3.142602
 O 1.367175 3.517455 -4.322745
 O 0.265258 -8.264337 -0.280989
 O -4.846489 -2.583116 -6.811258
 O -4.801371 2.705723 -1.335007
 O 4.472077 4.213604 -4.911555
 O 1.235750 -1.130244 -0.448539
 O -5.442022 -3.693701 1.681814
 O 2.543455 2.298920 2.680526
 H -6.931657 -2.145604 -0.401533
 H -5.999936 -2.467849 0.806822
 H 2.771446 -1.122358 6.594855
 H 3.253303 -2.269572 5.711704
 H -6.244180 7.543458 -4.526203
 H -4.896891 7.972786 -5.423756
 H 3.051546 3.428578 -1.213582
 H 2.557042 2.059465 -0.681405
 H -4.247660 -0.245978 4.872694
 H -4.229355 0.810769 3.681422
 H 1.168963 6.253294 6.090480
 H 1.197944 5.042781 5.248990
 H -2.333076 -6.163567 -3.189636
 H -3.050358 -4.945440 -2.908082
 H 4.302452 1.306054 5.051313
 H 4.247258 -0.106514 5.514489
 H -2.859587 -6.836231 6.551854
 H -1.335934 -6.747829 6.751882
 H 1.237474 -2.133390 3.431361
 H 2.530026 -2.856520 3.801775
 H 1.446614 -5.582273 2.409360
 H 1.107830 -5.598024 0.875030
 H -2.703100 -4.820310 5.834694
 H -1.826200 -4.255115 4.655683
 H -2.778598 -8.169371 -0.053809
 H -2.994493 -6.943090 -1.031720
 H -3.084995 -2.262575 -4.234872
 H -2.815571 -3.207747 -5.299817
 H 3.071358 -3.778053 -1.610345
 H 2.233916 -4.531964 -0.583262
 H -1.041223 2.967173 -3.092643
 H -0.535887 3.127219 -1.569638
 H -2.542989 -2.267722 0.298011
 H -1.306638 -1.904691 1.219673
 H 0.269790 -3.796727 3.391565
 H -0.790987 -4.049390 2.234693
 H 2.612485 -4.821176 -3.535568
 H 1.878213 -3.226145 -3.500900
 H 5.688556 5.035958 0.641928
 H 6.593332 3.872699 1.302900
 H 4.840549 -3.903389 4.359790
 H 5.265001 -3.692361 5.917764
 H -1.114912 -1.119621 -3.280108
 H -2.201903 -0.094736 -3.955295
 H -0.598074 2.184438 -4.932920
 H -2.203917 2.302384 -5.119231
 H 5.771536 1.868682 -0.856488
 H 4.362840 1.969354 -0.391138
 H 3.711148 0.948161 -2.764965
 H 3.934865 1.839422 -4.062577
 H -4.835631 4.872339 -7.332059
 H -5.121092 3.394126 -7.315996
 H 4.127510 -6.298720 1.351491
 H 4.229173 -5.080653 0.436285
 H 0.574188 -0.702256 -5.986861
 H 1.330275 0.635580 -6.034680
 H -3.382687 1.321600 -6.308203
 H -4.406696 1.184689 -5.179710
 H -0.318853 -0.238506 1.997894
 H 0.600118 -1.141452 1.197416
 H 6.778998 -2.727558 -4.364161
 H 5.497357 -2.099949 -3.636411
 H 4.231027 -0.644043 -0.708838
 H 3.677700 -2.072106 -0.247056
 H -0.786859 5.764668 2.748700
 H -1.192122 4.509751 3.651382
 H -3.625660 -0.552766 -2.587496
 H -5.062794 -0.938575 -2.212424
 H -1.108504 -5.539444 -0.378943
 H -0.752811 -4.231846 0.214013
 H 4.746266 3.796150 -8.537098
 H 5.489095 3.192690 -9.505377
 H 2.792794 4.529936 3.718796
 H 3.073325 5.931486 3.385187
 H -6.465432 6.145998 -3.572388
 H -6.281078 6.690608 -2.077581
 H 0.012756 1.435544 -2.779682
 H 1.403562 1.198768 -3.499124
 H -5.509487 -4.109606 -1.307149
 H -5.046506 -4.979062 -0.176286
 H -3.026825 6.617663 1.848797
 H -3.576113 7.241334 3.172992
 H -2.522313 3.790869 5.003864
 H -1.317924 3.459851 5.940566
 H -2.444324 0.283106 -0.166074
 H -3.937715 0.051970 -0.248693
 H -1.401008 -0.623583 3.598764
 H -0.779881 -1.706552 4.526747
 H 2.411068 1.692031 4.323201
 H 2.271333 2.912287 5.514483
 H -5.507139 0.207212 2.349759
 H -4.644987 1.325030 1.731475
 H 4.648673 5.594594 -1.918863
 H 3.605058 5.428906 -2.875067
 H 0.620840 -5.068475 -3.053068
 H 1.090689 -6.094699 -2.117826
 H -5.226466 4.368493 -4.984282
 H -4.645798 3.879489 -3.720445
 H 6.805355 1.252331 8.906062
 H 5.889901 1.333246 7.620061
 H -1.331085 1.860344 1.261874
 H -0.968185 2.046526 2.689621
 H 0.795423 -2.380804 -2.181513
 H 0.869357 -1.234027 -3.207030
 H 0.035564 -3.745850 -4.456069
 H -0.534592 -4.972990 -5.138853
 H 6.814032 -5.384048 4.872343
 H 6.214585 -6.491200 3.982106
 H 4.329883 -2.702805 1.512493
 H 3.228669 -3.390299 0.942678
 H 5.733291 -1.418934 2.495929
 H 5.834107 -0.268309 3.544836
 H 2.241269 3.773513 -4.007904
 H 0.881770 4.320638 -4.631445
 H 1.159017 -8.446180 0.068576
 H -0.284321 -7.870926 0.459599
 H -3.966041 -2.914321 -7.138623
 H -5.443830 -2.708108 -7.570577
 H -4.060971 2.648170 -0.721220
 H -4.525224 2.213874 -2.120461
 H 5.246533 4.312130 -4.320959
 H 4.254777 5.001992 -5.424297
 H 2.174070 -1.067616 -0.776376
 H 0.835683 -0.280810 -0.762956
 H -4.543619 -3.590929 2.087885
 H -5.687288 -4.529543 2.111567
 H 2.531651 1.710228 1.902297
 H 1.765826 2.894984 2.560946
K_POINTS
 1
0.0 0.0 0.0 1.0