
&control
    calculation='scf'
    pseudo_dir = './',
    outdir='./outputs',
    disk_io='high'
/
&system
    ibrav= 1, celldm(1)=20.000000, nat=  192, ntyp= 2,
    ecutwfc = 30.0, nosym=.true., occupations='smearing',
    smearing='m-v', degauss=0.025
/
&electrons
    conv_thr =  1.0d-8,
    mixing_beta = 0.7
/
&ions
    pot_extrapolation='second-order'
    wfc_extrapolation='second-order'
    ion_temperature = 'andersen'
    tempw = 1000

/
ATOMIC_SPECIES
 H  1.01  H.blyp-hgh.UPF
 O  16.0  O.blyp-hgh.UPF
ATOMIC_POSITIONS bohr
 O -6.105265 -1.860373 0.039074
 O 3.580931 -1.679850 6.442173
 O -5.848531 7.744377 -5.382730
 O 3.185942 2.801152 -0.479025
 O -4.149046 0.710264 4.675398
 O 0.537672 5.551591 5.777711
 O -3.126640 -5.899412 -2.685944
 O 4.755141 0.470277 4.885221
 O -2.172858 -6.319262 7.047977
 O 1.569393 -2.923348 3.941942
 O 1.859858 -5.554005 1.538111
 O -2.714269 -4.201019 5.074921
 O -2.941322 -7.204833 -0.076850
 O -3.230479 -3.219367 -4.394646
 O 3.012437 -3.889562 -0.626886
 O -1.047350 2.522488 -2.188146
 O -1.634261 -2.524502 0.518182
 O -0.506456 -4.347924 3.126542
 O 2.508926 -3.931202 -3.181215
 O 5.692465 4.181162 1.103892
 O 4.526936 -3.718187 5.268418
 O -2.061250 -0.889901 -3.388886
 O -1.352730 2.791245 -4.846908
 O 4.980994 1.259016 -0.809936
 O 3.297040 1.285491 -3.569753
 O -4.443195 4.029041 -6.975346
 O 4.722556 -5.923929 0.668470
 O 1.329024 -0.241387 -5.598525
 O -3.417052 1.312078 -5.303452
 O 0.128310 -1.114660 2.085150
 O 6.401121 -2.433204 -3.524349
 O 3.880382 -1.547719 -1.022077
 O -1.349113 4.924150 2.719296
 O -4.403863 -0.198492 -2.097554
 O -0.364369 -5.125920 0.062824
 O 5.464208 3.139657 -8.510711
 O 2.768223 5.407549 4.131734
 O -6.896630 6.709315 -2.908079
 O 0.712000 0.761784 -2.976218
 O -4.969835 -4.897163 -1.180786
 O -3.072025 7.453783 2.360423
 O -1.626468 3.354077 4.991308
 O -3.264772 0.460059 0.338974
 O -1.339205 -0.919371 4.519150
 O 2.335156 1.970791 5.269311
 O -5.507572 1.200042 2.142862
 O 3.734733 5.255075 -1.939590
 O 0.706408 -6.052611 -3.019043
 O -5.402035 4.485766 -4.004010
 O 6.728489 1.688326 8.026456
 O -0.617032 1.608341 1.859508
 O 0.746665 -2.226344 -3.145022
 O -0.149464 -4.105621 -5.342056
 O 6.915563 -5.799325 3.984135
 O 3.358546 -2.687381 1.630552
 O 6.361460 -1.051106 3.145944
 O 1.357005 3.512373 -4.317783
 O 0.267391 -8.259704 -0.289371
 O -4.852565 -2.592269 -6.824186
 O -4.804240 2.724339 -1.350323
 O 4.484303 4.211802 -4.908262
 O 1.225487 -1.134854 -0.441078
 O -5.443820 -3.680307 1.683316
 O 2.551988 2.294594 2.700066
 H -6.927160 -2.152329 -0.388036
 H -5.986750 -2.491005 0.788932
 H 2.796408 -1.097924 6.595514
 H 3.237440 -2.299150 5.751821
 H -6.250613 7.546659 -4.529336
 H -4.899575 7.970308 -5.419216
 H 3.060367 3.446393 -1.209987
 H 2.606800 2.020110 -0.690567
 H -4.210584 -0.242413 4.872200
 H -4.257705 0.803595 3.699624
 H 1.154231 6.261662 6.092760
 H 1.169275 5.063693 5.198902
 H -2.337263 -6.198840 -3.197008
 H -3.061511 -4.949884 -2.910102
 H 4.261736 1.303459 5.041205
 H 4.272992 -0.090969 5.534016
 H -2.882020 -6.824171 6.572788
 H -1.330333 -6.726754 6.738119
 H 1.212309 -2.127486 3.415400
 H 2.523324 -2.824184 3.843168
 H 1.456564 -5.584659 2.420263
 H 1.122289 -5.598870 0.857037
 H -2.667493 -4.819504 5.836842
 H -1.816958 -4.228646 4.676153
 H -2.736947 -8.161666 -0.044269
 H -3.018367 -6.969859 -1.048871
 H -3.068234 -2.252339 -4.230235
 H -2.848137 -3.221448 -5.310613
 H 3.078482 -3.764773 -1.610407
 H 2.249754 -4.523209 -0.542378
 H -1.074283 2.928945 -3.095697
 H -0.532839 3.110701 -1.554744
 H -2.558652 -2.288898 0.312619
 H -1.327145 -1.889303 1.218276
 H 0.254943 -3.785303 3.386063
 H -0.779247 -4.045271 2.242396
 H 2.626811 -4.837213 -3.533332
 H 1.843363 -3.247158 -3.479630
 H 5.669435 5.045169 0.662468
 H 6.613161 3.879079 1.273755
 H 4.825850 -3.937886 4.369657
 H 5.289787 -3.731263 5.904356
 H -1.112860 -1.113976 -3.309188
 H -2.202852 -0.072399 -3.931634
 H -0.617663 2.149163 -4.914001
 H -2.196131 2.290641 -5.161867
 H 5.777519 1.866266 -0.834009
 H 4.370109 1.923757 -0.380782
 H 3.696490 0.938364 -2.762585
 H 3.908943 1.845579 -4.078079
 H -4.795553 4.905078 -7.337680
 H -5.118911 3.418848 -7.371068
 H 4.095256 -6.326975 1.316631
 H 4.214358 -5.118474 0.408025
 H 0.555828 -0.687854 -5.982087
 H 1.343195 0.632238 -6.043235
 H -3.413702 1.253886 -6.317787
 H -4.411902 1.217904 -5.149606
 H -0.302768 -0.227744 1.984682
 H 0.605680 -1.114570 1.195335
 H 6.798809 -2.724422 -4.360502
 H 5.519756 -2.074952 -3.649999
 H 4.240149 -0.658056 -0.733318
 H 3.697282 -2.073512 -0.221381
 H -0.774360 5.735902 2.764116
 H -1.175747 4.494033 3.625851
 H -3.614779 -0.545057 -2.569740
 H -5.039919 -0.947902 -2.202399
 H -1.126763 -5.561189 -0.381069
 H -0.775358 -4.242694 0.223000
 H 4.721355 3.782566 -8.497169
 H 5.436262 3.155309 -9.508317
 H 2.807710 4.523095 3.715236
 H 3.056258 5.905695 3.339634
 H -6.453114 6.155362 -3.545634
 H -6.309361 6.677704 -2.066595
 H 0.025100 1.458698 -2.767416
 H 1.424920 1.188120 -3.494357
 H -5.498907 -4.069044 -1.293480
 H -5.032090 -5.039070 -0.191199
 H -3.053935 6.602776 1.858199
 H -3.554850 7.252359 3.174850
 H -2.509474 3.789661 5.005062
 H -1.305565 3.448504 5.950647
 H -2.459071 0.261906 -0.176532
 H -3.931344 0.049038 -0.261011
 H -1.418100 -0.601086 3.610968
 H -0.790945 -1.730644 4.494829
 H 2.408001 1.696741 4.315104
 H 2.264507 2.892850 5.543714
 H -5.476967 0.210015 2.403794
 H -4.623103 1.320978 1.755188
 H 4.648241 5.610307 -1.930122
 H 3.568211 5.448324 -2.874720
 H 0.664487 -5.075674 -3.041334
 H 1.110587 -6.110161 -2.130132
 H -5.269416 4.366492 -4.989946
 H -4.659165 3.889703 -3.692863
 H 6.857864 1.230204 8.888158
 H 5.908981 1.290363 7.661365
 H -1.345126 1.891108 1.268775
 H -0.970678 2.018893 2.694476
 H 0.779613 -2.369343 -2.184586
 H 0.806203 -1.218224 -3.219722
 H 0.034489 -3.752500 -4.443929
 H -0.500693 -4.986260 -5.123900
 H 6.812841 -5.389952 4.884901
 H 6.230882 -6.509615 3.953154
 H 4.325378 -2.696951 1.518594
 H 3.215296 -3.390853 0.970502
 H 5.755139 -1.446508 2.487494
 H 5.857663 -0.283999 3.505954
 H 2.246601 3.736182 -4.014350
 H 0.883883 4.316967 -4.639189
 H 1.170890 -8.419187 0.060140
 H -0.314115 -7.853446 0.418497
 H -3.974968 -2.943331 -7.141548
 H -5.460731 -2.717570 -7.580936
 H -4.072193 2.662230 -0.722559
 H -4.517402 2.199529 -2.117396
 H 5.250849 4.329726 -4.311006
 H 4.257469 5.005559 -5.402090
 H 2.152930 -1.041748 -0.777004
 H 0.834216 -0.294250 -0.789529
 H -4.542058 -3.625895 2.090970
 H -5.709643 -4.516647 2.097073
 H 2.553001 1.704333 1.934480
 H 1.815038 2.943505 2.571787
K_POINTS
 1
0.0 0.0 0.0 1.0