
&control
    calculation='scf'
    pseudo_dir = './',
    outdir='./outputs',
    disk_io='high'
/
&system
    ibrav= 1, celldm(1)=20.000000, nat=  192, ntyp= 2,
    ecutwfc = 30.0, nosym=.true., occupations='smearing',
    smearing='m-v', degauss=0.025
/
&electrons
    conv_thr =  1.0d-8,
    mixing_beta = 0.7
/
&ions
    pot_extrapolation='second-order'
    wfc_extrapolation='second-order'
    ion_temperature = 'andersen'
    tempw = 1000

/
ATOMIC_SPECIES
 H  1.01  H.blyp-hgh.UPF
 O  16.0  O.blyp-hgh.UPF
ATOMIC_POSITIONS bohr
 O -6.104413 -1.859417 0.039246
 O 3.580565 -1.680952 6.444641
 O -5.849369 7.746092 -5.383316
 O 3.185735 2.800670 -0.479230
 O -4.146490 0.709661 4.676858
 O 0.537230 5.551305 5.777578
 O -3.126577 -5.900194 -2.687710
 O 4.754385 0.471615 4.887695
 O -2.171995 -6.319440 7.050164
 O 1.569004 -2.922395 3.942778
 O 1.859468 -5.555747 1.539311
 O -2.715435 -4.199362 5.075604
 O -2.938969 -7.204683 -0.077568
 O -3.229174 -3.216982 -4.393562
 O 3.013090 -3.887042 -0.627623
 O -1.046069 2.521319 -2.187835
 O -1.635281 -2.524528 0.515595
 O -0.506720 -4.345799 3.127098
 O 2.506272 -3.932661 -3.180251
 O 5.693707 4.181830 1.102183
 O 4.526175 -3.717438 5.269497
 O -2.061702 -0.890276 -3.388545
 O -1.350702 2.790691 -4.846709
 O 4.982532 1.256448 -0.816519
 O 3.296561 1.284245 -3.568422
 O -4.443175 4.029387 -6.976994
 O 4.724683 -5.926902 0.669898
 O 1.327539 -0.239697 -5.597286
 O -3.417179 1.313536 -5.304754
 O 0.128366 -1.114667 2.087524
 O 6.401263 -2.433251 -3.524680
 O 3.878574 -1.549019 -1.021492
 O -1.350277 4.924087 2.719137
 O -4.402405 -0.198002 -2.095051
 O -0.367726 -5.127945 0.062215
 O 5.463616 3.142278 -8.511887
 O 2.766361 5.407214 4.126610
 O -6.895525 6.713218 -2.908660
 O 0.713045 0.762963 -2.977324
 O -4.973057 -4.896916 -1.182197
 O -3.073342 7.454764 2.357623
 O -1.623303 3.355775 4.991472
 O -3.265591 0.461639 0.338062
 O -1.337146 -0.919875 4.518966
 O 2.339323 1.970178 5.269375
 O -5.505714 1.198949 2.142188
 O 3.734710 5.254535 -1.940909
 O 0.703565 -6.053370 -3.017756
 O -5.404841 4.483754 -4.005897
 O 6.729134 1.688742 8.028187
 O -0.617353 1.608107 1.859922
 O 0.746463 -2.224157 -3.145220
 O -0.149401 -4.105854 -5.340931
 O 6.915151 -5.799799 3.984738
 O 3.359180 -2.685593 1.631428
 O 6.362624 -1.054538 3.146497
 O 1.355200 3.511505 -4.317016
 O 0.267677 -8.258884 -0.290714
 O -4.853527 -2.593783 -6.826397
 O -4.804790 2.727509 -1.352911
 O 4.486214 4.211383 -4.907711
 O 1.223717 -1.135493 -0.439877
 O -5.444054 -3.678122 1.683675
 O 2.553360 2.293964 2.703336
 H -6.926451 -2.153269 -0.386327
 H -5.984154 -2.495021 0.785664
 H 2.800458 -1.093851 6.595959
 H 3.235449 -2.303930 5.759098
 H -6.251179 7.547414 -4.528755
 H -4.900321 7.970129 -5.417446
 H 3.062305 3.449754 -1.209613
 H 2.615437 2.014406 -0.692234
 H -4.204480 -0.241900 4.871995
 H -4.262687 0.802501 3.703189
 H 1.151049 6.262991 6.093030
 H 1.163935 5.067366 5.190561
 H -2.338367 -6.205138 -3.198271
 H -3.063986 -4.950312 -2.910174
 H 4.255316 1.303317 5.039073
 H 4.277663 -0.089292 5.537064
 H -2.885297 -6.822065 6.576791
 H -1.329584 -6.723297 6.735601
 H 1.208590 -2.127268 3.413203
 H 2.522685 -2.819014 3.849774
 H 1.457622 -5.584724 2.421990
 H 1.124746 -5.598943 0.854935
 H -2.661158 -4.819508 5.837172
 H -1.815250 -4.224267 4.679125
 H -2.730015 -8.159933 -0.042803
 H -3.022537 -6.974273 -1.051288
 H -3.065516 -2.251055 -4.228759
 H -2.853655 -3.224306 -5.311965
 H 3.079654 -3.762575 -1.610969
 H 2.253179 -4.521097 -0.535486
 H -1.080054 2.922646 -3.095881
 H -0.532667 3.107706 -1.552890
 H -2.561150 -2.292563 0.315170
 H -1.330419 -1.886984 1.217941
 H 0.252851 -3.783623 3.385116
 H -0.777559 -4.044639 2.243991
 H 2.628662 -4.839146 -3.533433
 H 1.837697 -3.251089 -3.476674
 H 5.666581 5.046959 0.665772
 H 6.616102 3.880584 1.268450
 H 4.823834 -3.943688 4.371552
 H 5.293879 -3.737936 5.901713
 H -1.112634 -1.112782 -3.314239
 H -2.202498 -0.068973 -3.927687
 H -0.621044 2.143371 -4.910898
 H -2.194650 2.288642 -5.168260
 H 5.778473 1.864814 -0.830404
 H 4.371525 1.915798 -0.379435
 H 3.694810 0.936969 -2.761951
 H 3.904802 1.846689 -4.080303
 H -4.788186 4.909728 -7.338357
 H -5.118255 3.422820 -7.380135
 H 4.090125 -6.331553 1.310216
 H 4.211983 -5.124999 0.402757
 H 0.552556 -0.685606 -5.981470
 H 1.345725 0.631809 -6.044828
 H -3.418741 1.242360 -6.318750
 H -4.412224 1.223976 -5.144092
 H -0.299853 -0.225624 1.982975
 H 0.606881 -1.110584 1.195263
 H 6.801884 -2.723738 -4.360286
 H 5.523033 -2.070830 -3.652849
 H 4.241837 -0.660968 -0.737538
 H 3.700175 -2.073580 -0.216654
 H -0.773064 5.730660 2.766677
 H -1.173397 4.491677 3.620627
 H -3.612696 -0.543737 -2.566661
 H -5.036127 -0.949297 -2.200701
 H -1.129492 -5.565298 -0.381348
 H -0.778890 -4.244057 0.224619
 H 4.717217 3.780276 -8.489322
 H 5.428365 3.148208 -9.508532
 H 2.810098 4.521659 3.714970
 H 3.053227 5.902007 3.332289
 H -6.450076 6.155874 -3.541338
 H -6.313987 6.676082 -2.066117
 H 0.027139 1.462561 -2.764993
 H 1.428693 1.186238 -3.493491
 H -5.496786 -4.062219 -1.291312
 H -5.029447 -5.048899 -0.194626
 H -3.058456 6.600610 1.859970
 H -3.551190 7.253905 3.175608
 H -2.507506 3.789041 5.005248
 H -1.303792 3.446196 5.951536
 H -2.461486 0.258510 -0.178188
 H -3.930658 0.048704 -0.263328
 H -1.420850 -0.597505 3.612896
 H -0.793008 -1.734460 4.489211
 H 2.407333 1.698912 4.313935
 H 2.263367 2.889755 5.548014
 H -5.472243 0.211271 2.412212
 H -4.619434 1.320385 1.758652
 H 4.648187 5.612988 -1.931708
 H 3.561666 5.451360 -2.874944
 H 0.671692 -5.076990 -3.039747
 H 1.113812 -6.113487 -2.132167
 H -5.276786 4.366341 -4.990241
 H -4.662447 3.892208 -3.687993
 H 6.866493 1.226297 8.884945
 H 5.912457 1.283262 7.668301
 H -1.347415 1.896084 1.269454
 H -0.970473 2.013896 2.695045
 H 0.776920 -2.367304 -2.184519
 H 0.795896 -1.216123 -3.222039
 H 0.034207 -3.753153 -4.442319
 H -0.495305 -4.988431 -5.121590
 H 6.812535 -5.391018 4.886695
 H 6.233862 -6.512325 3.948192
 H 4.325030 -2.695480 1.520271
 H 3.211898 -3.391349 0.974850
 H 5.759020 -1.450947 2.486147
 H 5.861138 -0.286982 3.500256
 H 2.247842 3.730339 -4.015480
 H 0.884862 4.316096 -4.640162
 H 1.172596 -8.414579 0.058865
 H -0.318250 -7.851007 0.411154
 H -3.976832 -2.948127 -7.141994
 H -5.463447 -2.718732 -7.582655
 H -4.073792 2.664213 -0.722646
 H -4.515859 2.196826 -2.116670
 H 5.251992 4.332906 -4.309443
 H 4.258257 5.006632 -5.398410
 H 2.149729 -1.037928 -0.776991
 H 0.833954 -0.296977 -0.794082
 H -4.541745 -3.631641 2.090942
 H -5.713930 -4.514899 2.094719
 H 2.556536 1.703411 1.939587
 H 1.823496 2.950789 2.573344
K_POINTS
 1
0.0 0.0 0.0 1.0