
&control
    calculation='scf'
    pseudo_dir = './',
    outdir='./outputs',
    disk_io='high'
/
&system
    ibrav= 1, celldm(1)=20.000000, nat=  192, ntyp= 2,
    ecutwfc = 30.0, nosym=.true., occupations='smearing',
    smearing='m-v', degauss=0.025
/
&electrons
    conv_thr =  1.0d-8,
    mixing_beta = 0.7
/
&ions
    pot_extrapolation='second-order'
    wfc_extrapolation='second-order'
    ion_temperature = 'andersen'
    tempw = 1000

/
ATOMIC_SPECIES
 H  1.01  H.blyp-hgh.UPF
 O  16.0  O.blyp-hgh.UPF
ATOMIC_POSITIONS bohr
 O -6.098307 -1.852646 0.040764
 O 3.577674 -1.688325 6.461677
 O -5.855730 7.757592 -5.389273
 O 3.182064 2.797519 -0.480137
 O -4.128363 0.705595 4.686925
 O 0.534889 5.549549 5.777070
 O -3.124862 -5.906088 -2.700344
 O 4.748820 0.481554 4.905237
 O -2.166333 -6.321046 7.064877
 O 1.565121 -2.914050 3.948171
 O 1.857352 -5.568425 1.547093
 O -2.723496 -4.187958 5.080812
 O -2.922384 -7.203554 -0.083203
 O -3.219786 -3.199908 -4.386903
 O 3.017033 -3.870802 -0.632242
 O -1.037113 2.513309 -2.184825
 O -1.642382 -2.524464 0.497710
 O -0.508784 -4.331438 3.131478
 O 2.489057 -3.943501 -3.172675
 O 5.702829 4.184991 1.091019
 O 4.520894 -3.712664 5.276804
 O -2.065499 -0.892332 -3.386527
 O -1.336823 2.786689 -4.845748
 O 4.994370 1.238638 -0.862418
 O 3.292524 1.275650 -3.560057
 O -4.443992 4.033104 -6.989070
 O 4.738797 -5.947009 0.680661
 O 1.316646 -0.227947 -5.588714
 O -3.417717 1.323153 -5.315150
 O 0.128811 -1.114125 2.102814
 O 6.403139 -2.433521 -3.525786
 O 3.865802 -1.556885 -1.017717
 O -1.357453 4.923597 2.718596
 O -4.392670 -0.194888 -2.077761
 O -0.391893 -5.141816 0.057467
 O 5.458742 3.161605 -8.521148
 O 2.753852 5.404355 4.090056
 O -6.887770 6.741285 -2.911649
 O 0.720004 0.770550 -2.984631
 O -4.996599 -4.894749 -1.190971
 O -3.082806 7.461332 2.337254
 O -1.600814 3.368268 4.992846
 O -3.270889 0.472525 0.331603
 O -1.322710 -0.923664 4.518627
 O 2.368498 1.964272 5.270871
 O -5.491841 1.191005 2.137747
 O 3.733661 5.250097 -1.949949
 O 0.683727 -6.058498 -3.008399
 O -5.423445 4.469311 -4.019780
 O 6.732742 1.691209 8.040650
 O -0.620662 1.607011 1.863063
 O 0.744255 -2.207625 -3.146861
 O -0.148653 -4.107624 -5.332539
 O 6.912015 -5.803287 3.989663
 O 3.364361 -2.672881 1.637923
 O 6.370754 -1.079253 3.150179
 O 1.341993 3.505129 -4.311983
 O 0.269277 -8.252897 -0.299908
 O -4.859988 -2.604275 -6.842345
 O -4.808931 2.750040 -1.371389
 O 4.498690 4.207570 -4.903801
 O 1.210859 -1.138867 -0.431859
 O -5.445217 -3.663353 1.687122
 O 2.562630 2.290480 2.726596
 H -6.921829 -2.158122 -0.379154
 H -5.962425 -2.523458 0.760253
 H 2.826798 -1.065605 6.601639
 H 3.226213 -2.336034 5.814248
 H -6.250696 7.554770 -4.517698
 H -4.907269 7.970868 -5.397445
 H 3.079411 3.473544 -1.207143
 H 2.677123 1.981764 -0.706121
 H -4.162696 -0.241799 4.870391
 H -4.299325 0.796564 3.730473
 H 1.124007 6.271539 6.093732
 H 1.122852 5.095002 5.132640
 H -2.350042 -6.250511 -3.207116
 H -3.085008 -4.951339 -2.909243
 H 4.213806 1.303239 5.021007
 H 4.311615 -0.086388 5.558846
 H -2.902802 -6.806313 6.609300
 H -1.326186 -6.700248 6.715805
 H 1.187897 -2.133390 3.402910
 H 2.522478 -2.784029 3.893648
 H 1.459520 -5.582409 2.433069
 H 1.141485 -5.599092 0.848223
 H -2.614885 -4.819772 5.838658
 H -1.804373 -4.193157 4.696619
 H -2.681583 -8.145264 -0.033368
 H -3.052668 -7.004651 -1.063212
 H -3.046464 -2.244536 -4.213619
 H -2.892665 -3.247727 -5.317706
 H 3.086737 -3.747953 -1.619127
 H 2.281876 -4.501972 -0.488142
 H -1.121752 2.881158 -3.096160
 H -0.533545 3.086212 -1.545524
 H -2.578751 -2.319359 0.333445
 H -1.352595 -1.875073 1.212485
 H 0.243665 -3.772216 3.379436
 H -0.769125 -4.039894 2.254497
 H 2.636898 -4.844675 -3.537247
 H 1.799382 -3.281257 -3.461315
 H 5.649488 5.063131 0.686839
 H 6.632487 3.895127 1.227930
 H 4.812131 -3.984716 4.386740
 H 5.320130 -3.785710 5.879881
 H -1.112014 -1.102947 -3.350664
 H -2.196401 -0.048690 -3.899486
 H -0.643650 2.103200 -4.889531
 H -2.181677 2.276288 -5.205914
 H 5.784966 1.846400 -0.807236
 H 4.383162 1.857626 -0.373472
 H 3.690532 0.929039 -2.754673
 H 3.876896 1.853962 -4.091565
 H -4.731590 4.934466 -7.340858
 H -5.111345 3.450041 -7.442308
 H 4.056696 -6.362850 1.261008
 H 4.197688 -5.172961 0.361669
 H 0.529973 -0.669985 -5.977842
 H 1.366150 0.630545 -6.057624
 H -3.452727 1.161263 -6.319919
 H -4.409477 1.270996 -5.102532
 H -0.277888 -0.209316 1.976255
 H 0.616451 -1.087861 1.199504
 H 6.821243 -2.717276 -4.361177
 H 5.540810 -2.041676 -3.677825
 H 4.255581 -0.684198 -0.767476
 H 3.717654 -2.071029 -0.182478
 H -0.768282 5.694023 2.783796
 H -1.160195 4.475389 3.579767
 H -3.595703 -0.534134 -2.544237
 H -5.010233 -0.957704 -2.188458
 H -1.145896 -5.597105 -0.382451
 H -0.801603 -4.251856 0.236248
 H 4.689203 3.764017 -8.426376
 H 5.379773 3.093194 -9.508210
 H 2.826136 4.508005 3.715490
 H 3.030701 5.881453 3.282376
 H -6.421052 6.150594 -3.513522
 H -6.344090 6.670181 -2.071239
 H 0.043010 1.488194 -2.745762
 H 1.457030 1.172716 -3.487233
 H -5.477676 -4.017544 -1.275408
 H -5.009881 -5.114944 -0.225402
 H -3.089614 6.588621 1.873621
 H -3.524272 7.263142 3.184303
 H -2.494874 3.781404 5.006593
 H -1.293491 3.427124 5.951627
 H -2.477230 0.236296 -0.188460
 H -3.929226 0.048182 -0.280692
 H -1.439199 -0.573838 3.625076
 H -0.809682 -1.758473 4.447434
 H 2.401099 1.725212 4.307297
 H 2.254812 2.870708 5.573915
 H -5.441633 0.226241 2.465023
 H -4.593664 1.316757 1.778925
 H 4.645999 5.631469 -1.941311
 H 3.513530 5.470724 -2.877199
 H 0.721236 -5.085366 -3.031753
 H 1.135593 -6.143057 -2.145707
 H -5.328280 4.365292 -4.989471
 H -4.692999 3.915347 -3.653069
 H 6.926489 1.196816 8.862981
 H 5.937328 1.233625 7.715716
 H -1.359641 1.928186 1.272927
 H -0.964955 1.977024 2.699783
 H 0.757596 -2.351533 -2.179872
 H 0.726913 -1.204955 -3.239514
 H 0.031300 -3.753916 -4.434652
 H -0.459655 -5.003224 -5.106953
 H 6.809040 -5.400283 4.895714
 H 6.256110 -6.528786 3.913262
 H 4.327132 -2.681823 1.536638
 H 3.179931 -3.397546 1.003292
 H 5.788356 -1.480610 2.477036
 H 5.879107 -0.307848 3.468419
 H 2.257442 3.692475 -4.024568
 H 0.896427 4.308953 -4.644751
 H 1.180820 -8.381254 0.051077
 H -0.340304 -7.837081 0.357415
 H -3.992793 -2.981288 -7.145201
 H -5.480762 -2.723452 -7.593865
 H -4.084013 2.675579 -0.722829
 H -4.504145 2.176435 -2.108503
 H 5.262620 4.356362 -4.299253
 H 4.265885 5.017998 -5.373116
 H 2.131316 -1.016403 -0.775609
 H 0.830431 -0.319211 -0.826669
 H -4.538613 -3.670865 2.086430
 H -5.748536 -4.505222 2.078240
 H 2.580472 1.696682 1.971286
 H 1.884713 2.994424 2.581560
K_POINTS
 1
0.0 0.0 0.0 1.0