
&control
    calculation='scf'
    pseudo_dir = './',
    outdir='./outputs',
    disk_io='high'
/
&system
    ibrav= 1, celldm(1)=20.000000, nat=  192, ntyp= 2,
    ecutwfc = 30.0, nosym=.true., occupations='smearing',
    smearing='m-v', degauss=0.025
/
&electrons
    conv_thr =  1.0d-8,
    mixing_beta = 0.7
/
&ions
    pot_extrapolation='second-order'
    wfc_extrapolation='second-order'
    ion_temperature = 'andersen'
    tempw = 1000

/
ATOMIC_SPECIES
 H  1.01  H.blyp-hgh.UPF
 O  16.0  O.blyp-hgh.UPF
ATOMIC_POSITIONS bohr
 O -6.095653 -1.849765 0.041585
 O 3.576348 -1.691246 6.468941
 O -5.858806 7.762202 -5.392618
 O 3.179450 2.796430 -0.480265
 O -4.120449 0.703957 4.691215
 O 0.534164 5.548883 5.777063
 O -3.123523 -5.908888 -2.705849
 O 4.746354 0.486219 4.912761
 O -2.164117 -6.321879 7.070877
 O 1.562875 -2.909598 3.950215
 O 1.856839 -5.574103 1.550113
 O -2.726681 -4.183284 5.083303
 O -2.915241 -7.202970 -0.085999
 O -3.215709 -3.192525 -4.384482
 O 3.018566 -3.864482 -0.633913
 O -1.033362 2.509791 -2.183056
 O -1.645347 -2.524206 0.490265
 O -0.509819 -4.325650 3.133721
 O 2.482385 -3.948512 -3.168997
 O 5.706971 4.185510 1.086648
 O 4.518816 -3.710908 5.279808
 O -2.067433 -0.892837 -3.385887
 O -1.331186 2.784806 -4.845619
 O 4.999951 1.231096 -0.881926
 O 3.290430 1.272065 -3.557041
 O -4.444802 4.035352 -6.994542
 O 4.744307 -5.955153 0.685622
 O 1.311631 -0.223010 -5.585135
 O -3.417760 1.326918 -5.320243
 O 0.129069 -1.113471 2.108499
 O 6.404421 -2.433619 -3.525675
 O 3.860210 -1.559788 -1.016168
 O -1.360173 4.923274 2.718462
 O -4.388721 -0.193733 -2.070497
 O -0.402583 -5.147533 0.055222
 O 5.456282 3.170335 -8.525556
 O 2.748743 5.402884 4.074073
 O -6.884463 6.753572 -2.912623
 O 0.722695 0.773482 -2.987479
 O -5.007198 -4.893494 -1.194302
 O -3.087054 7.463944 2.328232
 O -1.591029 3.373920 4.993482
 O -3.272969 0.477037 0.328716
 O -1.316511 -0.925443 4.518979
 O 2.381020 1.960897 5.272092
 O -5.485426 1.187481 2.136027
 O 3.732782 5.247903 -1.953788
 O 0.675270 -6.060641 -3.004200
 O -5.431063 4.463122 -4.025854
 O 6.733865 1.692034 8.046203
 O -0.622718 1.606819 1.864263
 O 0.742855 -2.200003 -3.147625
 O -0.148171 -4.108495 -5.328678
 O 6.910622 -5.804799 3.992121
 O 3.366876 -2.667360 1.640873
 O 6.374334 -1.090292 3.151641
 O 1.336225 3.502163 -4.309917
 O 0.269842 -8.250288 -0.303869
 O -4.862671 -2.608697 -6.849416
 O -4.810707 2.759791 -1.379509
 O 4.503620 4.205555 -4.902089
 O 1.205145 -1.139734 -0.428649
 O -5.445511 -3.657403 1.689142
 O 2.566476 2.289501 2.736819
 H -6.919848 -2.159126 -0.378673
 H -5.951120 -2.535465 0.747938
 H 2.836699 -1.053923 6.605316
 H 3.224340 -2.349274 5.839625
 H -6.247871 7.559252 -4.510493
 H -4.910790 7.972325 -5.385142
 H 3.088563 3.482695 -1.205500
 H 2.703389 1.971456 -0.713787
 H -4.145388 -0.244447 4.869811
 H -4.315932 0.795292 3.742559
 H 1.110581 6.275031 6.093374
 H 1.103645 5.108042 5.108204
 H -2.357183 -6.269805 -3.210963
 H -3.095447 -4.951172 -2.908357
 H 4.198012 1.303041 5.011898
 H 4.326258 -0.090114 5.569022
 H -2.907178 -6.799203 6.625486
 H -1.325876 -6.691233 6.706053
 H 1.182199 -2.139997 3.401342
 H 2.524110 -2.769565 3.911228
 H 1.457278 -5.579888 2.437012
 H 1.147855 -5.599040 0.849566
 H -2.594607 -4.819618 5.838554
 H -1.801339 -4.179312 4.702442
 H -2.660824 -8.138227 -0.029701
 H -3.065832 -7.017286 -1.065320
 H -3.037994 -2.242526 -4.204968
 H -2.909360 -3.259023 -5.318317
 H 3.088734 -3.742407 -1.624394
 H 2.295518 -4.492299 -0.468826
 H -1.140027 2.865464 -3.096260
 H -0.534572 3.077552 -1.545246
 H -2.586684 -2.331495 0.341327
 H -1.361736 -1.872935 1.207845
 H 0.243349 -3.767103 3.377888
 H -0.767760 -4.037418 2.257477
 H 2.637856 -4.842577 -3.540471
 H 1.783880 -3.295337 -3.457719
 H 5.643741 5.072038 0.694641
 H 6.637317 3.903455 1.208958
 H 4.807906 -4.002466 4.394194
 H 5.329304 -3.806465 5.868904
 H -1.112298 -1.098201 -3.366590
 H -2.192154 -0.042228 -3.887078
 H -0.652143 2.086162 -4.880495
 H -2.174531 2.272496 -5.217825
 H 5.787935 1.834372 -0.798772
 H 4.389046 1.831599 -0.372880
 H 3.692931 0.926784 -2.750138
 H 3.865452 1.856441 -4.093637
 H -4.705106 4.940942 -7.340916
 H -5.107146 3.461663 -7.468075
 H 4.043798 -6.376092 1.238003
 H 4.193494 -5.194860 0.341967
 H 0.521264 -0.662894 -5.976391
 H 1.376214 0.630929 -6.063995
 H -3.466535 1.126965 -6.317273
 H -4.405486 1.293580 -5.083687
 H -0.267734 -0.202059 1.976584
 H 0.620836 -1.081314 1.204567
 H 6.828232 -2.713426 -4.362388
 H 5.545812 -2.029045 -3.691179
 H 4.262830 -0.694711 -0.780209
 H 3.723738 -2.067634 -0.168384
 H -0.767404 5.680173 2.790456
 H -1.156202 4.467458 3.561821
 H -3.587168 -0.529762 -2.534121
 H -4.999724 -0.960634 -2.182986
 H -1.151559 -5.612005 -0.382408
 H -0.810217 -4.255099 0.241047
 H 4.678180 3.756727 -8.395954
 H 5.362104 3.067553 -9.507094
 H 2.832737 4.500065 3.716917
 H 3.020389 5.875411 3.261647
 H -6.405238 6.144293 -3.502354
 H -6.354937 6.671005 -2.076423
 H 0.051307 1.497893 -2.736657
 H 1.470103 1.166836 -3.484460
 H -5.466867 -4.001311 -1.267622
 H -5.001249 -5.141316 -0.241401
 H -3.102520 6.585206 1.879824
 H -3.511696 7.266668 3.189344
 H -2.489976 3.776392 5.007261
 H -1.289972 3.417610 5.948921
 H -2.483065 0.227784 -0.191913
 H -3.930370 0.049259 -0.288233
 H -1.446549 -0.564540 3.629701
 H -0.818103 -1.767030 4.428246
 H 2.397478 1.742184 4.305087
 H 2.250620 2.864126 5.582927
 H -5.429832 0.235561 2.483979
 H -4.582758 1.315408 1.785537
 H 4.643328 5.638937 -1.944968
 H 3.492140 5.477837 -2.877650
 H 0.741907 -5.088156 -3.029957
 H 1.144368 -6.159115 -2.151096
 H -5.349517 4.364205 -4.989052
 H -4.709207 3.927475 -3.637925
 H 6.952198 1.183064 8.854516
 H 5.947596 1.212278 7.734835
 H -1.361740 1.939946 1.274624
 H -0.960944 1.960813 2.703495
 H 0.749057 -2.343716 -2.176313
 H 0.699584 -1.201619 -3.247527
 H 0.029526 -3.752104 -4.433166
 H -0.445438 -5.009208 -5.101488
 H 6.806609 -5.405524 4.897555
 H 6.265962 -6.534817 3.898525
 H 4.330604 -2.674569 1.545794
 H 3.162676 -3.400945 1.014946
 H 5.802056 -1.492605 2.473078
 H 5.882588 -0.315941 3.459521
 H 2.260984 3.677774 -4.029455
 H 0.903528 4.306066 -4.645833
 H 1.181951 -8.366376 0.048412
 H -0.346411 -7.832232 0.334151
 H -4.000939 -2.995321 -7.146843
 H -5.487043 -2.723633 -7.598092
 H -4.088512 2.679315 -0.723065
 H -4.499106 2.167377 -2.102870
 H 5.268038 4.366626 -4.295434
 H 4.270105 5.024569 -5.362465
 H 2.125835 -1.010417 -0.774104
 H 0.827373 -0.329947 -0.840996
 H -4.536595 -3.687111 2.082245
 H -5.765634 -4.501801 2.070847
 H 2.590120 1.693581 1.982263
 H 1.911748 3.009120 2.583353
K_POINTS
 1
0.0 0.0 0.0 1.0