
&control
    calculation='scf'
    pseudo_dir = './',
    outdir='./outputs',
    disk_io='high'
/
&system
    ibrav= 1, celldm(1)=20.000000, nat=  192, ntyp= 2,
    ecutwfc = 30.0, nosym=.true., occupations='smearing',
    smearing='m-v', degauss=0.025
/
&electrons
    conv_thr =  1.0d-8,
    mixing_beta = 0.7
/
&ions
    pot_extrapolation='second-order'
    wfc_extrapolation='second-order'
    ion_temperature = 'andersen'
    tempw = 1000

/
ATOMIC_SPECIES
 H  1.01  H.blyp-hgh.UPF
 O  16.0  O.blyp-hgh.UPF
ATOMIC_POSITIONS bohr
 O -6.092142 -1.846013 0.042818
 O 3.574598 -1.694796 6.478730
 O -5.863307 7.767989 -5.397530
 O 3.175180 2.795401 -0.480187
 O -4.109744 0.701823 4.696970
 O 0.533293 5.547987 5.777225
 O -3.121306 -5.912897 -2.713185
 O 4.743044 0.492850 4.922715
 O -2.161288 -6.323037 7.078642
 O 1.559506 -2.902951 3.952732
 O 1.856598 -5.581883 1.553931
 O -2.730443 -4.177371 5.086901
 O -2.905725 -7.202032 -0.090097
 O -3.210323 -3.182792 -4.381553
 O 3.020721 -3.856477 -0.635895
 O -1.028558 2.504818 -2.180298
 O -1.649210 -2.523580 0.480607
 O -0.511339 -4.318311 3.137136
 O 2.474085 -3.955464 -3.163692
 O 5.712640 4.185514 1.081133
 O 4.516389 -3.708895 5.283678
 O -2.070239 -0.893123 -3.385250
 O -1.324054 2.782024 -4.845751
 O 5.007771 1.221092 -0.907741
 O 3.287329 1.267356 -3.553517
 O -4.446225 4.038830 -7.002084
 O 4.751034 -5.965472 0.692476
 O 1.304563 -0.216530 -5.580509
 O -3.417624 1.331566 -5.327542
 O 0.129501 -1.112104 2.115157
 O 6.406475 -2.433699 -3.525086
 O 3.852586 -1.563430 -1.014055
 O -1.363684 4.922665 2.718103
 O -4.383609 -0.192363 -2.060976
 O -0.417089 -5.154877 0.052100
 O 5.452684 3.182327 -8.531713
 O 2.742131 5.400695 4.052497
 O -6.880052 6.769934 -2.914079
 O 0.725945 0.777134 -2.990976
 O -5.021756 -4.891448 -1.198568
 O -3.092975 7.467210 2.316113
 O -1.577912 3.381699 4.994236
 O -3.275615 0.482837 0.324665
 O -1.308249 -0.927939 4.519858
 O 2.397727 1.955713 5.274303
 O -5.476420 1.182769 2.133910
 O 3.731233 5.244765 -1.958958
 O 0.664065 -6.063445 -2.998418
 O -5.441180 4.455139 -4.033821
 O 6.735018 1.692879 8.053877
 O -0.626057 1.606788 1.865470
 O 0.740541 -2.189497 -3.148576
 O -0.147389 -4.109814 -5.323335
 O 6.908825 -5.806755 3.995637
 O 3.370406 -2.659996 1.644895
 O 6.379266 -1.105411 3.153531
 O 1.328682 3.497887 -4.307139
 O 0.270608 -8.246888 -0.309362
 O -4.866235 -2.614484 -6.859010
 O -4.812900 2.772783 -1.390517
 O 4.509878 4.202674 -4.899775
 O 1.197425 -1.140374 -0.424605
 O -5.445784 -3.649950 1.692384
 O 2.571567 2.288605 2.750685
 H -6.916837 -2.159280 -0.380330
 H -5.934171 -2.550952 0.730175
 H 2.848409 -1.039250 6.611165
 H 3.223121 -2.366912 5.874278
 H -6.241492 7.566726 -4.500285
 H -4.915597 7.975412 -5.365786
 H 3.102353 3.492728 -1.202178
 H 2.737226 1.960558 -0.726269
 H -4.122938 -0.250812 4.869177
 H -4.338932 0.795111 3.758222
 H 1.091991 6.280073 6.092334
 H 1.076994 5.126745 5.076139
 H -2.368411 -6.294508 -3.216404
 H -3.110035 -4.951080 -2.907048
 H 4.178880 1.301924 4.999002
 H 4.345501 -0.099409 5.583530
 H -2.910409 -6.789884 6.648683
 H -1.326733 -6.680248 6.691823
 H 1.177538 -2.151632 3.401544
 H 2.526646 -2.750766 3.933581
 H 1.451508 -5.575045 2.441085
 H 1.154774 -5.598944 0.854794
 H -2.567866 -4.818743 5.837414
 H -1.799859 -4.160103 4.708694
 H -2.633055 -8.128886 -0.025088
 H -3.083339 -7.033629 -1.065303
 H -3.026071 -2.239883 -4.191974
 H -2.931269 -3.274543 -5.317749
 H 3.089917 -3.736068 -1.632167
 H 2.313211 -4.479374 -0.444374
 H -1.164435 2.847036 -3.096631
 H -0.535840 3.067684 -1.547067
 H -2.597784 -2.348365 0.351746
 H -1.373478 -1.873167 1.199187
 H 0.246594 -3.759953 3.376881
 H -0.768352 -4.033527 2.259177
 H 2.636883 -4.836153 -3.546431
 H 1.764413 -3.314925 -3.455715
 H 5.637561 5.085078 0.704084
 H 6.642402 3.916205 1.182495
 H 4.802388 -4.026189 4.404838
 H 5.338863 -3.833976 5.853189
 H -1.113257 -1.091719 -3.387805
 H -2.185432 -0.035608 -3.870423
 H -0.661908 2.063807 -4.868452
 H -2.163590 2.269343 -5.229466
 H 5.792603 1.814997 -0.789213
 H 4.397612 1.796191 -0.373945
 H 3.699946 0.925235 -2.743442
 H 3.850745 1.858923 -4.093558
 H -4.668445 4.946461 -7.340516
 H -5.100434 3.477394 -7.501404
 H 4.027955 -6.393922 1.206120
 H 4.190462 -5.225292 0.313967
 H 0.511268 -0.652660 -5.974364
 H 1.390648 0.631964 -6.073154
 H -3.484215 1.082475 -6.310705
 H -4.397491 1.325875 -5.058366
 H -0.253621 -0.192694 1.980343
 H 0.626690 -1.075912 1.214722
 H 6.836202 -2.707101 -4.364208
 H 5.550977 -2.012475 -3.711184
 H 4.274156 -0.708100 -0.796802
 H 3.730582 -2.060368 -0.151267
 H -0.765971 5.665477 2.798516
 H -1.152207 4.454627 3.539794
 H -3.574817 -0.523597 -2.520057
 H -4.986540 -0.964036 -2.175471
 H -1.158074 -5.632647 -0.381854
 H -0.820710 -4.260233 0.246852
 H 4.665040 3.746310 -8.353345
 H 5.340869 3.032407 -9.504537
 H 2.841411 4.487814 3.719899
 H 3.006051 5.869652 3.234532
 H -6.382500 6.133713 -3.487089
 H -6.366413 6.675634 -2.083889
 H 0.064330 1.509156 -2.724125
 H 1.488069 1.158924 -3.480531
 H -5.449951 -3.983366 -1.255781
 H -4.989794 -5.174321 -0.264011
 H -3.119120 6.582020 1.887927
 H -3.493473 7.271522 3.196406
 H -2.483828 3.768123 5.008309
 H -1.285703 3.403945 5.943807
 H -2.489729 0.217552 -0.195365
 H -3.933328 0.052319 -0.297750
 H -1.455836 -0.553105 3.635715
 H -0.830477 -1.776708 4.401550
 H 2.391655 1.769618 4.302377
 H 2.244364 2.856544 5.593166
 H -5.415328 0.249810 2.505616
 H -4.568662 1.313702 1.792525
 H 4.637494 5.648219 -1.949810
 H 3.463520 5.485996 -2.876749
 H 0.768866 -5.091229 -3.028918
 H 1.155262 -6.183576 -2.158073
 H -5.376164 4.361431 -4.990232
 H -4.732144 3.944444 -3.617570
 H 6.986618 1.163992 8.844427
 H 5.960400 1.183739 7.758644
 H -1.360857 1.953351 1.277805
 H -0.954725 1.939465 2.711349
 H 0.737439 -2.331981 -2.171186
 H 0.665785 -1.197900 -3.258537
 H 0.026643 -3.747555 -4.432480
 H -0.427406 -5.016638 -5.094889
 H 6.802255 -5.413859 4.898388
 H 6.278867 -6.542366 3.879444
 H 4.337292 -2.664170 1.559566
 H 3.137631 -3.404965 1.030863
 H 5.821211 -1.508063 2.467360
 H 5.882906 -0.325729 3.452175
 H 2.263980 3.659454 -4.037259
 H 0.914411 4.303391 -4.646919
 H 1.181084 -8.346021 0.045604
 H -0.352252 -7.825906 0.304337
 H -4.012564 -3.013983 -7.149575
 H -5.494289 -2.722183 -7.603252
 H -4.095366 2.683544 -0.723947
 H -4.492915 2.155511 -2.093016
 H 5.275317 4.379927 -4.291095
 H 4.276472 5.034155 -5.348233
 H 2.120734 -1.005875 -0.770930
 H 0.821211 -0.344792 -0.860472
 H -4.533162 -3.708322 2.074671
 H -5.790105 -4.496937 2.060258
 H 2.602284 1.689486 1.994482
 H 1.947966 3.025303 2.583786
K_POINTS
 1
0.0 0.0 0.0 1.0