
&control
    calculation='scf'
    pseudo_dir = './',
    outdir='./outputs',
    disk_io='high'
/
&system
    ibrav= 1, celldm(1)=20.000000, nat=  192, ntyp= 2,
    ecutwfc = 30.0, nosym=.true., occupations='smearing',
    smearing='m-v', degauss=0.025
/
&electrons
    conv_thr =  1.0d-8,
    mixing_beta = 0.7
/
&ions
    pot_extrapolation='second-order'
    wfc_extrapolation='second-order'
    ion_temperature = 'andersen'
    tempw = 1000

/
ATOMIC_SPECIES
 H  1.01  H.blyp-hgh.UPF
 O  16.0  O.blyp-hgh.UPF
ATOMIC_POSITIONS bohr
 O -6.087050 -1.840693 0.044877
 O 3.572201 -1.699067 6.493925
 O -5.870922 7.775808 -5.405290
 O 3.167433 2.795050 -0.479451
 O -4.093365 0.698440 4.705696
 O 0.531872 5.546399 5.777772
 O -3.117406 -5.919459 -2.723948
 O 4.738109 0.503467 4.937496
 O -2.156996 -6.324650 7.089933
 O 1.554189 -2.891868 3.956329
 O 1.857306 -5.593964 1.559498
 O -2.734721 -4.169374 5.092957
 O -2.891543 -7.200209 -0.096938
 O -3.202537 -3.168738 -4.377545
 O 3.024673 -3.845026 -0.638524
 O -1.022028 2.496415 -2.175602
 O -1.654917 -2.522055 0.466657
 O -0.513814 -4.307984 3.143147
 O 2.462709 -3.966107 -3.154845
 O 5.721175 4.184448 1.073317
 O 4.513718 -3.706706 5.289116
 O -2.074785 -0.892757 -3.384700
 O -1.314167 2.777049 -4.846612
 O 5.020117 1.206056 -0.945961
 O 3.282134 1.260283 -3.549000
 O -4.448878 4.044651 -7.013770
 O 4.759607 -5.979659 0.703089
 O 1.293168 -0.206912 -5.573988
 O -3.416948 1.337711 -5.339314
 O 0.130346 -1.108889 2.123164
 O 6.409916 -2.433531 -3.523525
 O 3.840750 -1.568626 -1.010637
 O -1.369011 4.921357 2.716747
 O -4.376145 -0.190665 -2.047100
 O -0.439211 -5.165226 0.047278
 O 5.446674 3.200990 -8.541300
 O 2.732579 5.396863 4.019576
 O -6.873305 6.793790 -2.917495
 O 0.730097 0.782116 -2.995580
 O -5.044323 -4.887600 -1.205029
 O -3.102539 7.471657 2.298150
 O -1.558233 3.393828 4.994803
 O -3.279414 0.490968 0.318000
 O -1.295921 -0.931845 4.521886
 O 2.422774 1.946839 5.278953
 O -5.461917 1.175999 2.131042
 O 3.728057 5.239676 -1.966920
 O 0.647532 -6.067430 -2.989325
 O -5.456864 4.444292 -4.045188
 O 6.736055 1.693379 8.066206
 O -0.632176 1.607129 1.866260
 O 0.736088 -2.173313 -3.149603
 O -0.145935 -4.112232 -5.315068
 O 6.906440 -5.809493 4.001140
 O 3.375976 -2.649075 1.650994
 O 6.386968 -1.128616 3.156469
 O 1.318046 3.490622 -4.302760
 O 0.271977 -8.242200 -0.318452
 O -4.871650 -2.622817 -6.873587
 O -4.815546 2.792099 -1.407356
 O 4.518698 4.198320 -4.896265
 O 1.185839 -1.140290 -0.419109
 O -5.446087 -3.640021 1.698465
 O 2.579312 2.287805 2.771824
 H -6.910645 -2.156703 -0.387241
 H -5.904916 -2.572562 0.700800
 H 2.862685 -1.020505 6.621470
 H 3.222577 -2.394478 5.926364
 H -6.226637 7.581402 -4.486717
 H -4.922796 7.982564 -5.331812
 H 3.126159 3.501676 -1.194395
 H 2.783735 1.948839 -0.751033
 H -4.090695 -0.265240 4.868070
 H -4.375289 0.798422 3.780217
 H 1.064695 6.289868 6.089734
 H 1.035587 5.158042 5.029484
 H -2.387621 -6.328077 -3.226186
 H -3.132069 -4.952733 -2.905454
 H 4.153954 1.297530 4.979364
 H 4.373837 -0.120381 5.605960
 H -2.911673 -6.777795 6.685382
 H -1.331137 -6.666271 6.667974
 H 1.175747 -2.171551 3.404715
 H 2.528236 -2.723868 3.964800
 H 1.437462 -5.564551 2.443741
 H 1.160014 -5.598855 0.868179
 H -2.529731 -4.815452 5.833252
 H -1.804258 -4.129275 4.714687
 H -2.591099 -8.116050 -0.018680
 H -3.109079 -7.056772 -1.060160
 H -3.006234 -2.234864 -4.170627
 H -2.962666 -3.297365 -5.314879
 H 3.087628 -3.729525 -1.643278
 H 2.335281 -4.462704 -0.410827
 H -1.200362 2.825095 -3.097071
 H -0.536011 3.058874 -1.552989
 H -2.615160 -2.375349 0.367077
 H -1.389575 -1.879486 1.181518
 H 0.258292 -3.749338 3.377464
 H -0.774312 -4.026614 2.257174
 H 2.631453 -4.821502 -3.559937
 H 1.738714 -3.345641 -3.458332
 H 5.631430 5.104495 0.717040
 H 6.649685 3.937762 1.141023
 H 4.793133 -4.061645 4.421756
 H 5.346751 -3.873958 5.828761
 H -1.116100 -1.082415 -3.418953
 H -2.174198 -0.028815 -3.846058
 H -0.673081 2.032041 -4.850153
 H -2.144971 2.269031 -5.237855
 H 5.802490 1.780145 -0.779033
 H 4.411586 1.742290 -0.379289
 H 3.717533 0.927094 -2.734311
 H 3.830407 1.861101 -4.087589
 H -4.612178 4.951026 -7.340314
 H -5.088251 3.501852 -7.548923
 H 4.007045 -6.421716 1.156923
 H 4.192598 -5.273079 0.268725
 H 0.500216 -0.635341 -5.971209
 H 1.413951 0.633303 -6.087607
 H -3.509299 1.019871 -6.294498
 H -4.379901 1.378542 -5.021681
 H -0.231527 -0.180055 1.993274
 H 0.635379 -1.075216 1.236760
 H 6.845286 -2.694891 -4.366439
 H 5.558519 -1.989663 -3.744788
 H 4.295151 -0.725269 -0.820650
 H 3.738083 -2.043244 -0.130518
 H -0.761533 5.653953 2.808725
 H -1.148524 4.428376 3.514331
 H -3.554908 -0.513445 -2.497429
 H -4.968984 -0.968375 -2.163786
 H -1.166423 -5.664556 -0.380045
 H -0.834779 -4.270842 0.253529
 H 4.649906 3.728170 -8.287593
 H 5.312588 2.979554 -9.497768
 H 2.854379 4.467558 3.726624
 H 2.983302 5.864887 3.194974
 H -6.348372 6.117117 -3.461171
 H -6.375410 6.690725 -2.091798
 H 0.088544 1.522110 -2.705209
 H 1.515058 1.146697 -3.473539
 H -5.419916 -3.964666 -1.234144
 H -4.972963 -5.218938 -0.297748
 H -3.142463 6.579166 1.898600
 H -3.462203 7.280204 3.205756
 H -2.475290 3.752410 5.010335
 H -1.279170 3.381807 5.935707
 H -2.497035 0.204854 -0.197653
 H -3.940231 0.061066 -0.309792
 H -1.468627 -0.538384 3.645569
 H -0.851095 -1.787856 4.359392
 H 2.380682 1.819601 4.298245
 H 2.233506 2.846196 5.605075
 H -5.396193 0.272311 2.530654
 H -4.549110 1.311139 1.799333
 H 4.623539 5.660621 -1.957681
 H 3.421466 5.495079 -2.870792
 H 0.807807 -5.095830 -3.029653
 H 1.169049 -6.226221 -2.168909
 H -5.411029 4.353212 -4.998410
 H -4.765848 3.968901 -3.586112
 H 7.038349 1.135136 8.831281
 H 5.977665 1.141300 7.790140
 H -1.351896 1.968596 1.284888
 H -0.944479 1.908741 2.730501
 H 0.719608 -2.311010 -2.164880
 H 0.621572 -1.192602 -3.275467
 H 0.021166 -3.735918 -4.433093
 H -0.402230 -5.026210 -5.086156
 H 6.792879 -5.429069 4.897727
 H 6.296889 -6.553452 3.852603
 H 4.349942 -2.648320 1.582691
 H 3.098664 -3.407305 1.057311
 H 5.851349 -1.530477 2.456910
 H 5.874974 -0.340073 3.449975
 H 2.263291 3.634470 -4.052053
 H 0.932635 4.303570 -4.648675
 H 1.175372 -8.314586 0.043388
 H -0.358266 -7.814698 0.264971
 H -4.030575 -3.042208 -7.155389
 H -5.503131 -2.716523 -7.610669
 H -4.108573 2.689001 -0.726932
 H -4.485697 2.138852 -2.073289
 H 5.284947 4.397835 -4.286617
 H 4.287397 5.048356 -5.326297
 H 2.116909 -1.006903 -0.763034
 H 0.806824 -0.367322 -0.890519
 H -4.526515 -3.739583 2.059304
 H -5.829168 -4.487054 2.042138
 H 2.618910 1.684628 2.008945
 H 2.001144 3.043832 2.579582
K_POINTS
 1
0.0 0.0 0.0 1.0