
&control
    calculation='scf'
    pseudo_dir = './',
    outdir='./outputs',
    disk_io='high'
/
&system
    ibrav= 1, celldm(1)=20.000000, nat=  192, ntyp= 2,
    ecutwfc = 30.0, nosym=.true., occupations='smearing',
    smearing='m-v', degauss=0.025
/
&electrons
    conv_thr =  1.0d-8,
    mixing_beta = 0.7
/
&ions
    pot_extrapolation='second-order'
    wfc_extrapolation='second-order'
    ion_temperature = 'andersen'
    tempw = 1000

/
ATOMIC_SPECIES
 H  1.01  H.blyp-hgh.UPF
 O  16.0  O.blyp-hgh.UPF
ATOMIC_POSITIONS bohr
 O -6.083835 -1.837404 0.046315
 O 3.570860 -1.701016 6.504548
 O -5.876453 7.780414 -5.410361
 O 3.161560 2.795687 -0.478449
 O -4.082254 0.695792 4.711509
 O 0.530675 5.545040 5.778301
 O -3.114700 -5.924148 -2.730772
 O 4.734910 0.510701 4.947327
 O -2.153817 -6.325471 7.097331
 O 1.550872 -2.884135 3.958889
 O 1.858526 -5.602272 1.563312
 O -2.736534 -4.164710 5.097461
 O -2.882178 -7.198715 -0.101811
 O -3.197648 -3.159910 -4.374936
 O 3.028026 -3.837605 -0.640174
 O -1.018293 2.490027 -2.172355
 O -1.658815 -2.520755 0.457593
 O -0.515477 -4.301368 3.147615
 O 2.455652 -3.973027 -3.148328
 O 5.726673 4.183345 1.068263
 O 4.512675 -3.705883 5.292414
 O -2.077926 -0.892065 -3.384544
 O -1.308008 2.773061 -4.847596
 O 5.028634 1.195897 -0.971091
 O 3.278411 1.255409 -3.546222
 O -4.450832 4.048584 -7.021661
 O 4.764200 -5.988202 0.710269
 O 1.285141 -0.200420 -5.569974
 O -3.416121 1.341267 -5.347468
 O 0.131019 -1.105963 2.127305
 O 6.412153 -2.433069 -3.522224
 O 3.832639 -1.571904 -1.008140
 O -1.372659 4.920297 2.715173
 O -4.371224 -0.189754 -2.038163
 O -0.454038 -5.171697 0.044058
 O 5.442336 3.213838 -8.547769
 O 2.726426 5.393871 3.997294
 O -6.868583 6.808813 -2.921046
 O 0.732451 0.785107 -2.998252
 O -5.059685 -4.884651 -1.209610
 O -3.109422 7.474364 2.286575
 O -1.545199 3.402187 4.994549
 O -3.281887 0.495963 0.313098
 O -1.287788 -0.934465 4.523586
 O 2.439427 1.940511 5.282923
 O -5.451596 1.171965 2.129245
 O 3.725298 5.236029 -1.972370
 O 0.636804 -6.069841 -2.982964
 O -5.467979 4.438127 -4.052320
 O 6.736292 1.692963 8.075157
 O -0.636788 1.607537 1.866254
 O 0.732462 -2.162429 -3.149895
 O -0.144780 -4.114179 -5.309521
 O 6.905153 -5.811196 4.004712
 O 3.379834 -2.641927 1.655054
 O 6.392194 -1.144098 3.158680
 O 1.311522 3.485181 -4.299652
 O 0.273089 -8.239481 -0.325300
 O -4.875329 -2.628062 -6.883291
 O -4.816763 2.804764 -1.418738
 O 4.524245 4.195660 -4.893931
 O 1.178246 -1.139567 -0.415883
 O -5.446306 -3.634333 1.703322
 O 2.584667 2.287352 2.785973
 H -6.904857 -2.153045 -0.394373
 H -5.883136 -2.585654 0.679598
 H 2.869985 -1.011162 6.629029
 H 3.222207 -2.414163 5.960322
 H -6.213955 7.593419 -4.480411
 H -4.927847 7.988976 -5.307058
 H 3.143894 3.503228 -1.187597
 H 2.811136 1.943348 -0.772192
 H -4.070240 -0.276464 4.866687
 H -4.400643 0.803038 3.794337
 H 1.048049 6.298707 6.087317
 H 1.007493 5.181366 4.999645
 H -2.400823 -6.347507 -3.234637
 H -3.146011 -4.955954 -2.905112
 H 4.139269 1.292560 4.967083
 H 4.392658 -0.136755 5.619692
 H -2.912045 -6.772218 6.709893
 H -1.336390 -6.658741 6.650608
 H 1.176687 -2.183118 3.406599
 H 2.526057 -2.707044 3.984023
 H 1.425092 -5.555407 2.442697
 H 1.159012 -5.598876 0.879291
 H -2.506451 -4.811809 5.828901
 H -1.811694 -4.107146 4.716159
 H -2.562974 -8.108584 -0.014752
 H -3.125713 -7.071120 -1.054505
 H -2.991402 -2.230387 -4.156145
 H -2.982139 -3.311288 -5.312293
 H 3.082898 -3.727543 -1.648891
 H 2.345388 -4.454761 -0.390729
 H -1.223198 2.814155 -3.096285
 H -0.534123 3.058392 -1.558081
 H -2.626572 -2.394588 0.377089
 H -1.398727 -1.886499 1.167776
 H 0.269165 -3.743395 3.378842
 H -0.781168 -4.021710 2.254197
 H 2.626056 -4.810846 -3.572947
 H 1.724611 -3.366688 -3.463399
 H 5.629358 5.115305 0.725486
 H 6.656305 3.952892 1.112638
 H 4.785483 -4.085012 4.433144
 H 5.347723 -3.899110 5.813232
 H -1.119015 -1.077048 -3.438833
 H -2.166791 -0.025131 -3.830990
 H -0.678411 2.012992 -4.837652
 H -2.132034 2.271615 -5.237790
 H 5.811929 1.754038 -0.775210
 H 4.421274 1.706362 -0.385036
 H 3.732882 0.931806 -2.730561
 H 3.818539 1.862043 -4.080303
 H -4.574844 4.954175 -7.341577
 H -5.079062 3.518839 -7.578893
 H 3.995030 -6.441324 1.124009
 H 4.199088 -5.305771 0.236724
 H 0.495192 -0.622627 -5.969391
 H 1.430161 0.632974 -6.097092
 H -3.525283 0.981734 -6.279880
 H -4.364653 1.415992 -4.999344
 H -0.216451 -0.172790 2.006590
 H 0.641314 -1.079619 1.254913
 H 6.849674 -2.684975 -4.367145
 H 5.565512 -1.976935 -3.768561
 H 4.311700 -0.734453 -0.835970
 H 3.741157 -2.027958 -0.120191
 H -0.756966 5.653380 2.814278
 H -1.147402 4.405649 3.503358
 H -3.541289 -0.505994 -2.481119
 H -4.958953 -0.970942 -2.155793
 H -1.171691 -5.686009 -0.378289
 H -0.843593 -4.280160 0.256212
 H 4.643533 3.713677 -8.244317
 H 5.295113 2.945492 -9.490733
 H 2.863127 4.454411 3.732494
 H 2.967334 5.863354 3.169393
 H -6.327870 6.108131 -3.440898
 H -6.375267 6.706619 -2.092567
 H 0.107734 1.528237 -2.692920
 H 1.532185 1.138105 -3.467646
 H -5.397672 -3.956798 -1.216791
 H -4.961949 -5.245360 -0.318456
 H -3.156875 6.577704 1.903974
 H -3.438393 7.287576 3.209979
 H -2.469997 3.739807 5.012050
 H -1.274010 3.366171 5.931992
 H -2.500020 0.198272 -0.197034
 H -3.946051 0.069968 -0.315784
 H -1.476421 -0.530343 3.653471
 H -0.865823 -1.793517 4.330117
 H 2.371920 1.857544 4.295465
 H 2.225448 2.838664 5.611099
 H -5.385164 0.285646 2.543091
 H -4.537442 1.309296 1.801561
 H 4.611168 5.668116 -1.963748
 H 3.394578 5.498965 -2.863410
 H 0.832552 -5.100254 -3.031094
 H 1.175878 -6.258029 -2.177070
 H -5.429973 4.344383 -5.008709
 H -4.785829 3.983033 -3.564172
 H 7.072442 1.116969 8.822986
 H 5.988405 1.113991 7.808163
 H -1.342101 1.976094 1.290684
 H -0.937320 1.889200 2.747590
 H 0.707555 -2.294536 -2.162793
 H 0.596864 -1.188449 -3.286855
 H 0.016675 -3.724880 -4.433799
 H -0.386665 -5.031385 -5.080769
 H 6.784422 -5.440668 4.897552
 H 6.307662 -6.561030 3.836243
 H 4.358491 -2.638534 1.599127
 H 3.073858 -3.404921 1.077579
 H 5.872082 -1.545113 2.448118
 H 5.865398 -0.351581 3.453382
 H 2.259179 3.619335 -4.063905
 H 0.945503 4.306984 -4.650330
 H 1.169614 -8.293223 0.043602
 H -0.361803 -7.804882 0.243728
 H -4.042311 -3.061403 -7.160728
 H -5.508192 -2.710565 -7.616131
 H -4.119714 2.692608 -0.729966
 H -4.482795 2.128702 -2.057373
 H 5.289781 4.407586 -4.285093
 H 4.295409 5.056401 -5.311018
 H 2.115958 -1.012899 -0.755321
 H 0.793792 -0.382251 -0.910983
 H -4.521356 -3.760455 2.046606
 H -5.855864 -4.477707 2.028320
 H 2.628904 1.683220 2.017355
 H 2.034798 3.053758 2.573135
K_POINTS
 1
0.0 0.0 0.0 1.0