
&control
    calculation='scf'
    pseudo_dir = './',
    outdir='./outputs',
    disk_io='high'
/
&system
    ibrav= 1, celldm(1)=20.000000, nat=  192, ntyp= 2,
    ecutwfc = 30.0, nosym=.true., occupations='smearing',
    smearing='m-v', degauss=0.025
/
&electrons
    conv_thr =  1.0d-8,
    mixing_beta = 0.7
/
&ions
    pot_extrapolation='second-order'
    wfc_extrapolation='second-order'
    ion_temperature = 'andersen'
    tempw = 1000

/
ATOMIC_SPECIES
 H  1.01  H.blyp-hgh.UPF
 O  16.0  O.blyp-hgh.UPF
ATOMIC_POSITIONS bohr
 O -6.082288 -1.835843 0.047036
 O 3.570286 -1.701692 6.510025
 O -5.879298 7.782537 -5.412790
 O 3.158442 2.796246 -0.477765
 O -4.076652 0.694280 4.714376
 O 0.529979 5.544250 5.778608
 O -3.113384 -5.926574 -2.734028
 O 4.733367 0.514267 4.952261
 O -2.152061 -6.325768 7.101012
 O 1.549370 -2.880276 3.960299
 O 1.859351 -5.606496 1.565293
 O -2.737124 -4.162590 5.099856
 O -2.877519 -7.197897 -0.104289
 O -3.195315 -3.155688 -4.373603
 O 3.029936 -3.833952 -0.640986
 O -1.016642 2.486582 -2.170754
 O -1.660842 -2.520068 0.453081
 O -0.516279 -4.298082 3.149934
 O 2.452230 -3.976363 -3.144882
 O 5.729326 4.182745 1.065754
 O 4.512378 -3.705678 5.293940
 O -2.079503 -0.891611 -3.384511
 O -1.305015 2.770841 -4.848194
 O 5.032952 1.190748 -0.983560
 O 3.276498 1.252886 -3.544831
 O -4.451827 4.050486 -7.025595
 O 4.766136 -5.992193 0.713863
 O 1.281043 -0.197103 -5.568073
 O -3.415576 1.342897 -5.351563
 O 0.131375 -1.104282 2.129077
 O 6.413188 -2.432695 -3.521540
 O 3.828547 -1.573445 -1.006828
 O -1.374478 4.919739 2.714209
 O -4.368766 -0.189361 -2.033800
 O -0.461426 -5.174826 0.042464
 O 5.440093 3.220369 -8.550989
 O 2.723404 5.392226 3.986066
 O -6.866110 6.815972 -2.923248
 O 0.733530 0.786493 -2.999484
 O -5.067414 -4.883125 -1.212014
 O -3.113017 7.475656 2.280957
 O -1.538725 3.406438 4.994182
 O -3.283113 0.498332 0.310505
 O -1.283755 -0.935760 4.524513
 O 2.447718 1.937310 5.285137
 O -5.446251 1.170166 2.128355
 O 3.723703 5.234118 -1.975119
 O 0.631557 -6.070951 -2.979691
 O -5.473775 4.435410 -4.055770
 O 6.736273 1.692461 8.079896
 O -0.639181 1.607768 1.866193
 O 0.730454 -2.156994 -3.149910
 O -0.144144 -4.115253 -5.306767
 O 6.904614 -5.812026 4.006403
 O 3.381802 -2.638389 1.657085
 O 6.394791 -1.151753 3.159905
 O 1.308419 3.482302 -4.298048
 O 0.273687 -8.238259 -0.328990
 O -4.877185 -2.630573 -6.888104
 O -4.817193 2.811015 -1.424460
 O 4.526921 4.194457 -4.892776
 O 1.174515 -1.139006 -0.414418
 O -5.446434 -3.631774 1.705978
 O 2.587423 2.287086 2.793015
 H -6.901375 -2.150657 -0.398589
 H -5.871664 -2.591769 0.668580
 H 2.872948 -1.007655 6.632946
 H 3.221885 -2.424409 5.976988
 H -6.207092 7.600009 -4.478304
 H -4.930604 7.992647 -5.294402
 H 3.153270 3.502766 -1.183901
 H 2.823683 1.941251 -0.784235
 H -4.060356 -0.282054 4.865641
 H -4.413573 0.806023 3.801528
 H 1.040359 6.303912 6.085859
 H 0.993390 5.193833 4.985200
 H -2.407229 -6.356237 -3.239667
 H -3.152566 -4.958353 -2.905283
 H 4.132283 1.289498 4.961438
 H 4.402111 -0.145004 5.625705
 H -2.912587 -6.770450 6.721887
 H -1.339747 -6.655528 6.641557
 H 1.177384 -2.187467 3.406845
 H 2.523733 -2.699018 3.993139
 H 1.418186 -5.550207 2.441267
 H 1.157000 -5.598915 0.885144
 H -2.495614 -4.809591 5.826340
 H -1.816616 -4.095561 4.716039
 H -2.548921 -8.105133 -0.012914
 H -3.133856 -7.077945 -1.051398
 H -2.983464 -2.227816 -4.149097
 H -2.991330 -3.317626 -5.310939
 H 3.079492 -3.727335 -1.650873
 H 2.348950 -4.451833 -0.381438
 H -1.234092 2.809701 -3.095242
 H -0.532480 3.059972 -1.560829
 H -2.632007 -2.404599 0.382037
 H -1.402657 -1.890402 1.160757
 H 0.275050 -3.741078 3.379688
 H -0.785261 -4.019316 2.252754
 H 2.623077 -4.805837 -3.580892
 H 1.718628 -3.377279 -3.466792
 H 5.628890 5.119623 0.729768
 H 6.660545 3.960488 1.098306
 H 4.781024 -4.096572 4.438716
 H 5.347054 -3.911092 5.806079
 H -1.120782 -1.074759 -3.448402
 H -2.163325 -0.023177 -3.824009
 H -0.680519 2.004359 -4.831287
 H -2.125730 2.273612 -5.236245
 H 5.817678 1.740342 -0.774211
 H 4.426131 1.688531 -0.388461
 H 3.741345 0.935316 -2.729757
 H 3.813254 1.862553 -4.075894
 H -4.556424 4.956403 -7.342892
 H -5.074269 3.527527 -7.593388
 H 3.989640 -6.451505 1.107690
 H 4.203944 -5.322177 0.220251
 H 0.493173 -0.616032 -5.968723
 H 1.438351 0.632190 -6.101629
 H -3.533143 0.963888 -6.271623
 H -4.356052 1.435264 -4.989120
 H -0.208883 -0.169479 2.014545
 H 0.644444 -1.083202 1.264593
 H 6.851490 -2.679536 -4.367209
 H 5.570003 -1.971553 -3.780571
 H 4.320578 -0.738495 -0.843541
 H 3.742093 -2.019341 -0.115958
 H -0.754471 5.654846 2.816691
 H -1.147263 4.392901 3.499475
 H -3.534522 -0.502065 -2.472559
 H -4.954449 -0.972151 -2.151761
 H -1.174401 -5.696684 -0.377273
 H -0.848023 -4.285427 0.256956
 H 4.641546 3.705555 -8.223256
 H 5.286548 2.929094 -9.486312
 H 2.867559 4.448380 3.735780
 H 2.959124 5.862818 3.156847
 H -6.318749 6.104768 -3.429799
 H -6.373406 6.716441 -2.091377
 H 0.118132 1.530666 -2.686937
 H 1.540273 1.133631 -3.464213
 H -5.386164 -3.953783 -1.207183
 H -4.956468 -5.257552 -0.328040
 H -3.163722 6.576907 1.905984
 H -3.425584 7.291857 3.211289
 H -2.467461 3.732889 5.013024
 H -1.271044 3.358118 5.931022
 H -2.500948 0.195556 -0.196050
 H -3.949234 0.075357 -0.318101
 H -1.480125 -0.526845 3.657962
 H -0.873377 -1.795958 4.315202
 H 2.367160 1.877527 4.294221
 H 2.221252 2.834392 5.613690
 H -5.380158 0.291171 2.548273
 H -4.532037 1.308305 1.802006
 H 4.604303 5.671761 -1.967118
 H 3.381549 5.500287 -2.858784
 H 0.844493 -5.103224 -3.031932
 H 1.178423 -6.274764 -2.181597
 H -5.437976 4.338861 -5.015074
 H -4.794819 3.989253 -3.552937
 H 7.089193 1.108540 8.818726
 H 5.993758 1.100880 7.816288
 H -1.336618 1.979328 1.293624
 H -0.933628 1.879647 2.756942
 H 0.701512 -2.285534 -2.162545
 H 0.586023 -1.186029 -3.292540
 H 0.014147 -3.718400 -4.434088
 H -0.379254 -5.033613 -5.078090
 H 6.779462 -5.446796 4.897968
 H 6.312655 -6.564889 3.828606
 H 4.362381 -2.634106 1.607495
 H 3.062287 -3.402326 1.088615
 H 5.882609 -1.552356 2.443089
 H 5.859742 -0.358536 3.456255
 H 2.256202 3.612192 -4.070341
 H 0.952093 4.309581 -4.651318
 H 1.166484 -8.282472 0.044314
 H -0.363617 -7.799101 0.234758
 H -4.047992 -3.071149 -7.163889
 H -5.510629 -2.706967 -7.619225
 H -4.125980 2.694548 -0.731680
 H -4.482015 2.123888 -2.048822
 H 5.291633 4.411622 -4.284733
 H 4.299564 5.059744 -5.303167
 H 2.115687 -1.017443 -0.750681
 H 0.786362 -0.389716 -0.921261
 H -4.518675 -3.771019 2.039583
 H -5.869197 -4.472072 2.020894
 H 2.633589 1.683272 2.021548
 H 2.050896 3.058336 2.568752
K_POINTS
 1
0.0 0.0 0.0 1.0