
&control
    calculation='scf'
    pseudo_dir = './',
    outdir='./outputs',
    disk_io='high'
/
&system
    ibrav= 1, celldm(1)=20.000000, nat=  192, ntyp= 2,
    ecutwfc = 30.0, nosym=.true., occupations='smearing',
    smearing='m-v', degauss=0.025
/
&electrons
    conv_thr =  1.0d-8,
    mixing_beta = 0.7
/
&ions
    pot_extrapolation='second-order'
    wfc_extrapolation='second-order'
    ion_temperature = 'andersen'
    tempw = 1000

/
ATOMIC_SPECIES
 H  1.01  H.blyp-hgh.UPF
 O  16.0  O.blyp-hgh.UPF
ATOMIC_POSITIONS bohr
 O -6.080781 -1.834338 0.047750
 O 3.569782 -1.702169 6.515611
 O -5.882163 7.784543 -5.415124
 O 3.155210 2.796940 -0.476947
 O -4.071026 0.692613 4.717194
 O 0.529215 5.543385 5.778944
 O -3.112120 -5.929053 -2.737160
 O 4.731880 0.517754 4.957217
 O -2.150171 -6.325979 7.104684
 O 1.547997 -2.876466 3.961828
 O 1.860306 -5.610765 1.567333
 O -2.737510 -4.160609 5.102342
 O -2.872871 -7.197042 -0.106771
 O -3.193062 -3.151602 -4.372234
 O 3.031994 -3.830352 -0.641787
 O -1.015143 2.482977 -2.169183
 O -1.662943 -2.519383 0.448556
 O -0.517048 -4.294788 3.152284
 O 2.448858 -3.979598 -3.141316
 O 5.731911 4.182134 1.063249
 O 4.512225 -3.705617 5.295372
 O -2.081074 -0.891097 -3.384502
 O -1.302054 2.768468 -4.848851
 O 5.037302 1.185543 -0.995970
 O 3.274565 1.250292 -3.543411
 O -4.452820 4.052322 -7.029506
 O 4.767821 -5.995998 0.717451
 O 1.276911 -0.193719 -5.566243
 O -3.414934 1.344439 -5.355632
 O 0.131737 -1.102468 2.130686
 O 6.414145 -2.432210 -3.520850
 O 3.824451 -1.574890 -1.005480
 O -1.376264 4.919176 2.713156
 O -4.366307 -0.189009 -2.029512
 O -0.468774 -5.177899 0.040886
 O 5.437817 3.226964 -8.554185
 O 2.720415 5.390475 3.974788
 O -6.863540 6.822864 -2.925726
 O 0.734560 0.787796 -3.000651
 O -5.075156 -4.881604 -1.214492
 O -3.116712 7.476912 2.275464
 O -1.532283 3.410733 4.993646
 O -3.284334 0.500618 0.307821
 O -1.279747 -0.937043 4.525483
 O 2.455969 1.934120 5.287481
 O -5.440790 1.168541 2.127460
 O 3.721952 5.232139 -1.977869
 O 0.626398 -6.071993 -2.976359
 O -5.479729 4.432940 -4.059159
 O 6.736163 1.691733 8.084827
 O -0.641595 1.608002 1.866155
 O 0.728316 -2.151572 -3.149840
 O -0.143466 -4.116389 -5.304038
 O 6.904147 -5.812850 4.008004
 O 3.383794 -2.634866 1.659125
 O 6.397355 -1.159314 3.161223
 O 1.305402 3.479338 -4.296422
 O 0.274294 -8.237125 -0.332859
 O -4.879045 -2.633004 -6.892879
 O -4.817504 2.817207 -1.430196
 O 4.529529 4.193354 -4.891633
 O 1.170834 -1.138313 -0.413060
 O -5.446575 -3.629399 1.708775
 O 2.590235 2.286778 2.800013
 H -6.897488 -2.147923 -0.403197
 H -5.859861 -2.597588 0.657321
 H 2.875432 -1.004993 6.636934
 H 3.221454 -2.434861 5.993467
 H -6.200062 7.606925 -4.476918
 H -4.933602 7.996611 -5.281734
 H 3.162970 3.501581 -1.180126
 H 2.835476 1.939635 -0.797237
 H -4.050716 -0.287416 4.864291
 H -4.426618 0.809424 3.808979
 H 1.033102 6.309617 6.084192
 H 0.979277 5.206861 4.971120
 H -2.413384 -6.364283 -3.245322
 H -3.158773 -4.961302 -2.905740
 H 4.125415 1.286097 4.956224
 H 4.411598 -0.153017 5.630952
 H -2.913539 -6.769444 6.733627
 H -1.343595 -6.652685 6.632297
 H 1.178060 -2.190503 3.406371
 H 2.520566 -2.691262 4.001920
 H 1.410888 -5.544598 2.439235
 H 1.153973 -5.598974 0.891070
 H -2.485357 -4.807153 5.823590
 H -1.822221 -4.083610 4.715296
 H -2.534918 -8.101807 -0.011176
 H -3.141886 -7.084535 -1.048288
 H -2.975180 -2.225071 -4.142297
 H -3.000118 -3.323454 -5.309586
 H 3.075375 -3.727664 -1.652222
 H 2.351599 -4.449529 -0.372712
 H -1.244550 2.805873 -3.093623
 H -0.530390 3.062772 -1.563718
 H -2.637160 -2.414868 0.386949
 H -1.406077 -1.894343 1.153869
 H 0.281023 -3.739327 3.380577
 H -0.789694 -4.017027 2.251599
 H 2.620018 -4.801216 -3.589866
 H 1.713410 -3.387855 -3.470690
 H 5.628775 5.123078 0.734119
 H 6.665490 3.968039 1.083906
 H 4.776068 -4.108032 4.444135
 H 5.345714 -3.922626 5.799510
 H -1.122747 -1.072794 -3.457683
 H -2.160103 -0.020997 -3.817473
 H -0.682288 1.996420 -4.824840
 H -2.119704 2.275986 -5.233805
 H 5.824147 1.726289 -0.773827
 H 4.430955 1.670842 -0.392205
 H 3.750208 0.939609 -2.729774
 H 3.808453 1.863182 -4.071089
 H -4.538223 4.959262 -7.344748
 H -5.069409 3.536331 -7.607583
 H 3.984693 -6.461937 1.091522
 H 4.209892 -5.338534 0.203500
 H 0.491353 -0.609350 -5.968301
 H 1.446549 0.630909 -6.105967
 H -3.540968 0.946889 -6.262855
 H -4.346846 1.454824 -4.979652
 H -0.201328 -0.166342 2.023292
 H 0.647758 -1.087648 1.274432
 H 6.853131 -2.673813 -4.367077
 H 5.575254 -1.966892 -3.792538
 H 4.329738 -0.742294 -0.851104
 H 3.742619 -2.010191 -0.112231
 H -0.752041 5.657194 2.818870
 H -1.147443 4.379434 3.496425
 H -3.527838 -0.498012 -2.463720
 H -4.950275 -0.973312 -2.147718
 H -1.177226 -5.707280 -0.376173
 H -0.852568 -4.291018 0.257290
 H 4.640354 3.696797 -8.202728
 H 5.278004 2.913219 -9.481234
 H 2.872039 4.442882 3.739256
 H 2.950774 5.862322 3.144461
 H -6.310522 6.102310 -3.418101
 H -6.370468 6.727579 -2.089206
 H 0.128984 1.532755 -2.681076
 H 1.547967 1.129025 -3.460418
 H -5.374525 -3.951112 -1.196941
 H -4.950985 -5.269041 -0.337097
 H -3.170329 6.576003 1.907499
 H -3.412194 7.296569 3.212026
 H -2.464996 3.725571 5.014078
 H -1.267781 3.349914 5.930725
 H -2.501509 0.193219 -0.194615
 H -3.952570 0.081355 -0.319964
 H -1.483724 -0.523665 3.662843
 H -0.881016 -1.798197 4.300143
 H 2.362191 1.897994 4.293200
 H 2.216986 2.829671 5.616094
 H -5.375487 0.295682 2.552870
 H -4.526898 1.307256 1.802008
 H 4.597131 5.675414 -1.970746
 H 3.368796 5.501230 -2.853641
 H 0.856117 -5.106826 -3.032768
 H 1.180329 -6.291966 -2.186480
 H -5.444938 4.332583 -5.022014
 H -4.803160 3.994908 -3.541612
 H 7.105658 1.100680 8.814292
 H 5.999204 1.088248 7.823837
 H -1.331059 1.982387 1.296422
 H -0.929837 1.870198 2.766520
 H 0.695474 -2.276033 -2.162833
 H 0.576217 -1.183332 -3.298202
 H 0.011408 -3.711311 -4.434301
 H -0.372098 -5.035620 -5.075359
 H 6.773992 -5.453099 4.898885
 H 6.317401 -6.568771 3.821363
 H 4.365857 -2.630083 1.615895
 H 3.051442 -3.398778 1.100248
 H 5.893253 -1.559537 2.437636
 H 5.853691 -0.366538 3.459782
 H 2.252771 3.605319 -4.077057
 H 0.958788 4.312639 -4.652382
 H 1.163339 -8.271700 0.045466
 H -0.365458 -7.792735 0.226854
 H -4.053535 -3.080994 -7.167387
 H -5.513068 -2.702973 -7.622644
 H -4.132671 2.696643 -0.733436
 H -4.481711 2.119211 -2.040009
 H 5.293112 4.415032 -4.284599
 H 4.303775 5.062570 -5.295194
 H 2.115435 -1.022972 -0.745522
 H 0.778419 -0.397224 -0.931514
 H -4.515993 -3.781725 2.032144
 H -5.882446 -4.465798 2.013151
 H 2.638078 1.683878 2.025868
 H 2.066471 3.062770 2.563590
K_POINTS
 1
0.0 0.0 0.0 1.0