
&control
    calculation='scf'
    pseudo_dir = './',
    outdir='./outputs',
    disk_io='high'
/
&system
    ibrav= 1, celldm(1)=20.000000, nat=  192, ntyp= 2,
    ecutwfc = 30.0, nosym=.true., occupations='smearing',
    smearing='m-v', degauss=0.025
/
&electrons
    conv_thr =  1.0d-8,
    mixing_beta = 0.7
/
&ions
    pot_extrapolation='second-order'
    wfc_extrapolation='second-order'
    ion_temperature = 'andersen'
    tempw = 1000

/
ATOMIC_SPECIES
 H  1.01  H.blyp-hgh.UPF
 O  16.0  O.blyp-hgh.UPF
ATOMIC_POSITIONS bohr
 O -6.079311 -1.832888 0.048453
 O 3.569349 -1.702453 6.521300
 O -5.885021 7.786438 -5.417346
 O 3.151867 2.797740 -0.475988
 O -4.065380 0.690777 4.719944
 O 0.528387 5.542452 5.779307
 O -3.110923 -5.931585 -2.740154
 O 4.730465 0.521129 4.962199
 O -2.148136 -6.326100 7.108347
 O 1.546761 -2.872733 3.963495
 O 1.861375 -5.615075 1.569436
 O -2.737703 -4.158767 5.104919
 O -2.868229 -7.196159 -0.109239
 O -3.190892 -3.147654 -4.370816
 O 3.034183 -3.826819 -0.642570
 O -1.013796 2.479221 -2.167647
 O -1.665135 -2.518721 0.443997
 O -0.517776 -4.291469 3.154645
 O 2.445521 -3.982730 -3.137639
 O 5.734433 4.181520 1.060744
 O 4.512210 -3.705701 5.296702
 O -2.082632 -0.890529 -3.384513
 O -1.299107 2.765940 -4.849558
 O 5.041680 1.180279 -1.008317
 O 3.272622 1.247622 -3.541946
 O -4.453801 4.054082 -7.033382
 O 4.769248 -5.999621 0.721024
 O 1.272765 -0.190255 -5.564481
 O -3.414187 1.345902 -5.359646
 O 0.132096 -1.100537 2.132162
 O 6.415012 -2.431606 -3.520165
 O 3.820369 -1.576209 -1.004106
 O -1.377993 4.918614 2.712042
 O -4.363845 -0.188696 -2.025301
 O -0.476063 -5.180932 0.039327
 O 5.435520 3.233617 -8.557350
 O 2.717454 5.388617 3.963467
 O -6.860858 6.829472 -2.928458
 O 0.735550 0.789007 -3.001762
 O -5.082901 -4.880119 -1.217040
 O -3.120501 7.478136 2.270100
 O -1.525876 3.415067 4.992940
 O -3.285550 0.502825 0.305054
 O -1.275764 -0.938311 4.526491
 O 2.464165 1.930968 5.289929
 O -5.435221 1.167106 2.126556
 O 3.720041 5.230085 -1.980605
 O 0.621333 -6.072967 -2.972969
 O -5.485829 4.430713 -4.062497
 O 6.735963 1.690759 8.089959
 O -0.643998 1.608227 1.866194
 O 0.726050 -2.146169 -3.149693
 O -0.142742 -4.117581 -5.301338
 O 6.903752 -5.813676 4.009502
 O 3.385809 -2.631346 1.661183
 O 6.399871 -1.166762 3.162642
 O 1.302452 3.476309 -4.294784
 O 0.274891 -8.236075 -0.336899
 O -4.880905 -2.635352 -6.897611
 O -4.817699 2.823339 -1.435944
 O 4.532065 4.192361 -4.890507
 O 1.167204 -1.137486 -0.411812
 O -5.446729 -3.627197 1.711706
 O 2.593098 2.286422 2.806948
 H -6.893199 -2.144871 -0.408170
 H -5.847775 -2.603106 0.645849
 H 2.877413 -1.003211 6.640982
 H 3.220923 -2.445434 6.009804
 H -6.193015 7.614105 -4.476231
 H -4.936905 8.000854 -5.269187
 H 3.172987 3.499780 -1.176375
 H 2.846544 1.938571 -0.811159
 H -4.041335 -0.292414 4.862589
 H -4.439727 0.813209 3.816830
 H 1.026258 6.315769 6.082273
 H 0.965170 5.220460 4.957444
 H -2.419215 -6.371623 -3.251657
 H -3.164588 -4.964792 -2.906525
 H 4.118569 1.282398 4.951510
 H 4.421108 -0.160609 5.635310
 H -2.914980 -6.769229 6.745083
 H -1.347927 -6.650214 6.622858
 H 1.178614 -2.192028 3.405034
 H 2.516596 -2.683779 4.010365
 H 1.403264 -5.538593 2.436622
 H 1.149969 -5.599057 0.897003
 H -2.475698 -4.804543 5.820712
 H -1.828393 -4.071282 4.713889
 H -2.521004 -8.098545 -0.009557
 H -3.149803 -7.090895 -1.045305
 H -2.966556 -2.222208 -4.135834
 H -3.008478 -3.328704 -5.308252
 H 3.070548 -3.728531 -1.652904
 H 2.353455 -4.447745 -0.364609
 H -1.254509 2.802628 -3.091330
 H -0.527906 3.066746 -1.566788
 H -2.641966 -2.425387 0.391830
 H -1.408931 -1.898150 1.147283
 H 0.286940 -3.738221 3.381467
 H -0.794391 -4.014886 2.250912
 H 2.616952 -4.797044 -3.599883
 H 1.708984 -3.398362 -3.475041
 H 5.628987 5.125608 0.738545
 H 6.671133 3.975513 1.069450
 H 4.770568 -4.119383 4.449351
 H 5.343797 -3.933684 5.793654
 H -1.124898 -1.071198 -3.466648
 H -2.157182 -0.018497 -3.811425
 H -0.683735 1.989233 -4.818312
 H -2.114093 2.278651 -5.230564
 H 5.831334 1.711917 -0.774063
 H 4.435723 1.653329 -0.396232
 H 3.759386 0.944673 -2.730656
 H 3.804158 1.863993 -4.065973
 H -4.520262 4.962825 -7.347180
 H -5.064534 3.545232 -7.621504
 H 3.980223 -6.472609 1.075544
 H 4.216931 -5.354776 0.186500
 H 0.489623 -0.602640 -5.968195
 H 1.454719 0.629087 -6.110072
 H -3.548805 0.930739 -6.253683
 H -4.337075 1.474611 -4.971022
 H -0.193807 -0.163335 2.032764
 H 0.651321 -1.092904 1.284235
 H 6.854665 -2.667841 -4.366758
 H 5.581287 -1.962978 -3.804376
 H 4.339069 -0.745964 -0.858699
 H 3.742733 -2.000609 -0.108895
 H -0.749850 5.660176 2.820822
 H -1.147982 4.365454 3.493983
 H -3.521272 -0.493848 -2.454605
 H -4.946413 -0.974417 -2.143673
 H -1.180207 -5.717760 -0.374992
 H -0.857310 -4.296844 0.257215
 H 4.639933 3.687374 -8.182821
 H 5.269416 2.897929 -9.475463
 H 2.876579 4.438024 3.742876
 H 2.942296 5.861783 3.132227
 H -6.303263 6.100828 -3.405864
 H -6.366584 6.740088 -2.086187
 H 0.140216 1.534580 -2.675336
 H 1.555225 1.124284 -3.456240
 H -5.362839 -3.948569 -1.186059
 H -4.945488 -5.279801 -0.345659
 H -3.176694 6.574966 1.908498
 H -3.398251 7.301725 3.212193
 H -2.462599 3.717859 5.015209
 H -1.264209 3.341566 5.931103
 H -2.501713 0.191256 -0.192735
 H -3.956043 0.087935 -0.321390
 H -1.487241 -0.520766 3.668114
 H -0.888714 -1.800266 4.284975
 H 2.357060 1.918791 4.292522
 H 2.212685 2.824444 5.618399
 H -5.371148 0.299031 2.556950
 H -4.521998 1.306141 1.801569
 H 4.589768 5.679140 -1.974653
 H 3.356297 5.501827 -2.848087
 H 0.867407 -5.111131 -3.033545
 H 1.181561 -6.309569 -2.191747
 H -5.450825 4.325546 -5.029302
 H -4.810930 4.000042 -3.530306
 H 7.121770 1.093476 8.809623
 H 6.004811 1.076179 7.830820
 H -1.325676 1.985414 1.298941
 H -0.925929 1.860825 2.776066
 H 0.689450 -2.266053 -2.163627
 H 0.567463 -1.180339 -3.303831
 H 0.008441 -3.703652 -4.434436
 H -0.365204 -5.037428 -5.072525
 H 6.768000 -5.459556 4.900395
 H 6.321921 -6.572646 3.814541
 H 4.368827 -2.626528 1.624281
 H 3.041424 -3.394310 1.112441
 H 5.904034 -1.566635 2.431778
 H 5.847371 -0.375737 3.463875
 H 2.249039 3.598702 -4.084001
 H 0.965595 4.316021 -4.653486
 H 1.160283 -8.260922 0.047075
 H -0.367273 -7.785822 0.219941
 H -4.058948 -3.090930 -7.171222
 H -5.515547 -2.698593 -7.626437
 H -4.139739 2.698938 -0.735153
 H -4.481897 2.114630 -2.031041
 H 5.294245 4.417777 -4.284645
 H 4.308004 5.064861 -5.287126
 H 2.115121 -1.029436 -0.739857
 H 0.770053 -0.404816 -0.941689
 H -4.513365 -3.792614 2.024313
 H -5.895572 -4.458916 2.005122
 H 2.642387 1.685049 2.030392
 H 2.081527 3.067108 2.557663
K_POINTS
 1
0.0 0.0 0.0 1.0