
&control
    calculation='scf'
    pseudo_dir = './',
    outdir='./outputs',
    disk_io='high'
/
&system
    ibrav= 1, celldm(1)=20.000000, nat=  192, ntyp= 2,
    ecutwfc = 30.0, nosym=.true., occupations='smearing',
    smearing='m-v', degauss=0.025
/
&electrons
    conv_thr =  1.0d-8,
    mixing_beta = 0.7
/
&ions
    pot_extrapolation='second-order'
    wfc_extrapolation='second-order'
    ion_temperature = 'andersen'
    tempw = 1000

/
ATOMIC_SPECIES
 H  1.01  H.blyp-hgh.UPF
 O  16.0  O.blyp-hgh.UPF
ATOMIC_POSITIONS bohr
 O -6.076459 -1.830145 0.049814
 O 3.568706 -1.702493 6.532945
 O -5.890610 7.789912 -5.421415
 O 3.144846 2.799532 -0.473628
 O -4.054048 0.686547 4.725163
 O 0.526570 5.540418 5.780122
 O -3.108780 -5.936833 -2.745685
 O 4.727921 0.527428 4.972251
 O -2.143627 -6.326078 7.115620
 O 1.544678 -2.865548 3.967276
 O 1.863768 -5.623806 1.573813
 O -2.737567 -4.155477 5.110325
 O -2.858936 -7.194343 -0.114063
 O -3.186811 -3.140171 -4.367792
 O 3.038878 -3.820044 -0.644042
 O -1.011541 2.471328 -2.164665
 O -1.669840 -2.517544 0.434705
 O -0.519082 -4.284709 3.159339
 O 2.438914 -3.988720 -3.130013
 O 5.739352 4.180289 1.055729
 O 4.512551 -3.706312 5.299021
 O -2.085691 -0.889241 -3.384587
 O -1.293180 2.760447 -4.851081
 O 5.050519 1.169564 -1.032825
 O 3.268748 1.242040 -3.538840
 O -4.455697 4.057390 -7.041011
 O 4.771302 -6.006335 0.728099
 O 1.264502 -0.183047 -5.561147
 O -3.412345 1.348642 -5.367396
 O 0.132776 -1.096384 2.134843
 O 6.416453 -2.430021 -3.518841
 O 3.812320 -1.578357 -1.001323
 O -1.381170 4.917511 2.709749
 O -4.358922 -0.188182 -2.017117
 O -0.490402 -5.186949 0.036268
 O 5.430922 3.247076 -8.563559
 O 2.711603 5.384585 3.940736
 O -6.855095 6.841785 -2.934554
 O 0.737448 0.791109 -3.003830
 O -5.098357 -4.877378 -1.222301
 O -3.128340 7.480494 2.259752
 O -1.513164 3.423846 4.991050
 O -3.287955 0.507032 0.299303
 O -1.267872 -0.940821 4.528604
 O 2.480332 1.924871 5.295036
 O -5.423798 1.164840 2.124709
 O 3.715721 5.225715 -1.985968
 O 0.611501 -6.074722 -2.966034
 O -5.498387 4.426946 -4.069064
 O 6.735308 1.688011 8.100852
 O -0.648656 1.608585 1.866698
 O 0.721133 -2.135422 -3.149211
 O -0.141143 -4.120094 -5.296037
 O 6.903168 -5.815360 4.012146
 O 3.389899 -2.624250 1.665400
 O 6.404693 -1.181252 3.165792
 O 1.296660 3.470156 -4.291522
 O 0.275970 -8.234176 -0.345434
 O -4.884599 -2.639800 -6.906927
 O -4.817761 2.835415 -1.447463
 O 4.536899 4.190706 -4.888321
 O 1.160095 -1.135434 -0.409666
 O -5.447057 -3.623266 1.717926
 O 2.598958 2.285587 2.820563
 H -6.883491 -2.137960 -0.419128
 H -5.822966 -2.613222 0.622385
 H 2.879740 -1.002343 6.649237
 H 3.219675 -2.466485 6.042294
 H -6.179518 7.628993 -4.476729
 H -4.944634 8.010131 -5.245006
 H 3.193973 3.494836 -1.169367
 H 2.866668 1.938486 -0.841508
 H -4.023398 -0.300905 4.857978
 H -4.465922 0.821784 3.834256
 H 1.013613 6.329074 6.077491
 H 0.937018 5.249386 4.931468
 H -2.429715 -6.384103 -3.266510
 H -3.174901 -4.973253 -2.909244
 H 4.104572 1.274268 4.943822
 H 4.440081 -0.173916 5.641006
 H -2.919409 -6.771124 6.767157
 H -1.357991 -6.646383 6.603554
 H 1.179127 -2.190138 3.399486
 H 2.506632 -2.669601 4.026272
 H 1.387322 -5.525447 2.429808
 H 1.139346 -5.599311 0.908738
 H -2.458175 -4.799040 5.814861
 H -1.841941 -4.045461 4.708943
 H -2.493623 -8.091938 -0.006749
 H -3.165305 -7.102964 -1.040157
 H -2.948361 -2.216397 -4.124255
 H -3.023832 -3.337230 -5.305665
 H 3.058805 -3.731846 -1.652241
 H 2.355425 -4.445184 -0.350528
 H -1.272711 2.797721 -3.084424
 H -0.522079 3.077848 -1.573770
 H -2.650325 -2.447116 0.401504
 H -1.412762 -1.904753 1.135632
 H 0.298113 -3.738176 3.383105
 H -0.804287 -4.011182 2.251545
 H 2.611028 -4.789970 -3.622914
 H 1.702548 -3.418917 -3.484900
 H 5.630282 5.127817 0.747601
 H 6.684226 3.990153 1.040421
 H 4.757771 -4.141716 4.458990
 H 5.338653 -3.954287 5.784559
 H -1.129693 -1.069268 -3.483535
 H -2.152439 -0.012289 -3.800904
 H -0.685696 1.977263 -4.805024
 H -2.104682 2.284466 -5.222099
 H 5.847732 1.682303 -0.776429
 H 4.445030 1.618945 -0.405002
 H 3.778402 0.956980 -2.735032
 H 3.797099 1.866367 -4.055127
 H -4.485114 4.972020 -7.353800
 H -5.054949 3.563252 -7.648646
 H 3.972859 -6.494580 1.044279
 H 4.234251 -5.386683 0.151889
 H 0.486008 -0.589368 -5.969195
 H 1.470851 0.623740 -6.117489
 H -3.564719 0.900941 -6.234602
 H -4.316028 1.514621 -4.956566
 H -0.178931 -0.157493 2.053583
 H 0.659452 -1.105598 1.302941
 H 6.857719 -2.655305 -4.365617
 H 5.595580 -1.957375 -3.827363
 H 4.357749 -0.753394 -0.874135
 H 3.741726 -1.980572 -0.102866
 H -0.746886 5.667027 2.824084
 H -1.150294 4.336882 3.489959
 H -3.508595 -0.485273 -2.435569
 H -4.939532 -0.976410 -2.135624
 H -1.186765 -5.738235 -0.372390
 H -0.867715 -4.308787 0.255872
 H 4.641206 3.666467 -8.145119
 H 5.251885 2.869277 -9.461752
 H 2.885882 4.430535 3.750349
 H 2.925013 5.860273 3.108155
 H -6.291798 6.100908 -3.380134
 H -6.356607 6.769418 -2.078379
 H 0.163492 1.537778 -2.664189
 H 1.568329 1.114399 -3.446706
 H -5.339596 -3.943071 -1.162367
 H -4.934423 -5.299007 -0.361574
 H -3.188704 6.572465 1.908939
 H -3.368860 7.313373 3.210929
 H -2.457980 3.701283 5.017689
 H -1.256153 3.324467 5.933655
 H -2.501101 0.188400 -0.187682
 H -3.963365 0.102686 -0.323062
 H -1.494152 -0.515611 3.679757
 H -0.904199 -1.803969 4.254474
 H 2.346536 1.960711 4.292722
 H 2.204107 2.812330 5.623104
 H -5.363453 0.301871 2.563737
 H -4.512743 1.303677 1.799368
 H 4.574939 5.687061 -1.983389
 H 3.331916 5.502153 -2.836274
 H 0.888939 -5.121992 -3.034701
 H 1.181909 -6.345737 -2.203499
 H -5.459278 4.309243 -5.043935
 H -4.825274 4.009028 -3.508323
 H 7.152686 1.081298 8.799426
 H 6.016721 1.054013 7.843131
 H -1.316393 1.991925 1.302625
 H -0.917717 1.842228 2.794049
 H 0.677488 -2.244764 -2.166466
 H 0.553168 -1.173425 -3.314943
 H 0.001736 -3.686827 -4.434550
 H -0.352241 -5.040560 -5.066342
 H 6.754440 -5.472902 4.905391
 H 6.330383 -6.580232 3.802245
 H 4.373012 -2.621053 1.640834
 H 3.024136 -3.382937 1.138254
 H 5.926139 -1.580456 2.419013
 H 5.834354 -0.398158 3.473459
 H 2.241379 3.586179 -4.098350
 H 0.979587 4.323123 -4.655625
 H 1.154751 -8.239418 0.051676
 H -0.370468 -7.770639 0.208631
 H -4.069494 -3.111005 -7.179867
 H -5.520716 -2.688710 -7.635269
 H -4.154776 2.704309 -0.738114
 H -4.483777 2.105576 -2.013076
 H 5.295666 4.421153 -4.285044
 H 4.316344 5.067894 -5.270868
 H 2.114033 -1.044928 -0.727130
 H 0.752463 -0.420435 -0.961574
 H -4.508514 -3.815101 2.007595
 H -5.921353 -4.443585 1.988379
 H 2.650527 1.688993 2.040250
 H 2.110217 3.075539 2.543658
K_POINTS
 1
0.0 0.0 0.0 1.0