
&control
    calculation='scf'
    pseudo_dir = './',
    outdir='./outputs',
    disk_io='high'
/
&system
    ibrav= 1, celldm(1)=20.000000, nat=  192, ntyp= 2,
    ecutwfc = 30.0, nosym=.true., occupations='smearing',
    smearing='m-v', degauss=0.025
/
&electrons
    conv_thr =  1.0d-8,
    mixing_beta = 0.7
/
&ions
    pot_extrapolation='second-order'
    wfc_extrapolation='second-order'
    ion_temperature = 'andersen'
    tempw = 1000

/
ATOMIC_SPECIES
 H  1.01  H.blyp-hgh.UPF
 O  16.0  O.blyp-hgh.UPF
ATOMIC_POSITIONS bohr
 O -6.074370 -1.828215 0.050787
 O 3.568421 -1.702132 6.541868
 O -5.894592 7.792266 -5.424118
 O 3.139283 2.800901 -0.471468
 O -4.045527 0.682865 4.728766
 O 0.525107 5.538801 5.780812
 O -3.107418 -5.940967 -2.749404
 O 4.726336 0.531674 4.979863
 O -2.139893 -6.325860 7.120991
 O 1.543376 -2.860403 3.970487
 O 1.865679 -5.630432 1.577213
 O -2.737075 -4.153329 5.114573
 O -2.851938 -7.192969 -0.117537
 O -3.183977 -3.134912 -4.365330
 O 3.042583 -3.815309 -0.645001
 O -1.010201 2.465164 -2.162469
 O -1.673679 -2.516849 0.427528
 O -0.519916 -4.279506 3.162790
 O 2.433991 -3.993059 -3.124143
 O 5.743025 4.179341 1.051962
 O 4.513088 -3.707156 5.300430
 O -2.087922 -0.888138 -3.384687
 O -1.288637 2.755983 -4.852280
 O 5.057231 1.161367 -1.051038
 O 3.265902 1.237657 -3.536342
 O -4.457034 4.059742 -7.046614
 O 4.772124 -6.010928 0.733316
 O 1.258391 -0.177375 -5.558795
 O -3.410622 1.350589 -5.372853
 O 0.133225 -1.093084 2.136735
 O 6.417277 -2.428496 -3.517911
 O 3.806457 -1.579428 -0.999257
 O -1.383215 4.916705 2.708085
 O -4.355245 -0.187890 -2.011191
 O -0.500890 -5.191492 0.034027
 O 5.427532 3.257294 -8.568098
 O 2.707258 5.381303 3.923657
 O -6.850376 6.850211 -2.939517
 O 0.738831 0.792357 -3.005267
 O -5.109896 -4.875621 -1.226335
 O -3.134419 7.482185 2.252291
 O -1.503714 3.430514 4.989278
 O -3.289724 0.510037 0.294850
 O -1.262008 -0.942709 4.530267
 O 2.492197 1.920563 5.298941
 O -5.415019 1.163666 2.123303
 O 3.712048 5.222177 -1.989820
 O 0.604390 -6.075900 -2.960720
 O -5.508017 4.424669 -4.073921
 O 6.734610 1.685210 8.109583
 O -0.651916 1.608720 1.867618
 O 0.717113 -2.127408 -3.148748
 O -0.139793 -4.122049 -5.292149
 O 6.902894 -5.816668 4.013817
 O 3.393011 -2.618794 1.668710
 O 6.408074 -1.191733 3.168416
 O 1.292320 3.465555 -4.289137
 O 0.276602 -8.232873 -0.352155
 O -4.887327 -2.642921 -6.913789
 O -4.817540 2.844310 -1.456116
 O 4.540287 4.189742 -4.886755
 O 1.154877 -1.133556 -0.408367
 O -5.447293 -3.620663 1.722859
 O 2.603428 2.284909 2.830491
 H -6.875347 -2.132240 -0.428172
 H -5.804026 -2.619985 0.604451
 H 2.879903 -1.004022 6.655573
 H 3.218747 -2.481658 6.066782
 H -6.170582 7.640325 -4.478384
 H -4.951540 8.017743 -5.228199
 H 3.210573 3.490493 -1.164927
 H 2.880180 1.940633 -0.866109
 H -4.010717 -0.305718 4.853348
 H -4.485336 0.828945 3.849283
 H 1.004776 6.339499 6.072888
 H 0.915977 5.272565 4.913352
 H -2.436504 -6.391433 -3.279610
 H -3.181395 -4.980649 -2.912446
 H 4.093476 1.267661 4.939778
 H 4.454092 -0.181822 5.642457
 H -2.923890 -6.774375 6.783128
 H -1.366674 -6.644474 6.588820
 H 1.178994 -2.184476 3.392905
 H 2.497979 -2.659588 4.037394
 H 1.375035 -5.514655 2.423515
 H 1.129570 -5.599612 0.917378
 H -2.446533 -4.794928 5.810694
 H -1.852660 -4.025060 4.703261
 H -2.473663 -8.086653 -0.005102
 H -3.176613 -7.111510 -1.037321
 H -2.933984 -2.212258 -4.117049
 H -3.034086 -3.341692 -5.303771
 H 3.048258 -3.735644 -1.650071
 H 2.356077 -4.443541 -0.342074
 H -1.284684 2.795268 -3.077032
 H -0.517385 3.088396 -1.580126
 H -2.655376 -2.463933 0.408699
 H -1.413883 -1.908366 1.128665
 H 0.305550 -3.740152 3.384106
 H -0.811906 -4.008986 2.254199
 H 2.606938 -4.785383 -3.642459
 H 1.699804 -3.433646 -3.493109
 H 5.631878 5.127096 0.754501
 H 6.695088 4.000829 1.018602
 H 4.746482 -4.158111 4.465386
 H 5.334075 -3.968367 5.780433
 H -1.133637 -1.069058 -3.495212
 H -2.149988 -0.006493 -3.794415
 H -0.686339 1.970439 -4.794876
 H -2.099743 2.288841 -5.214431
 H 5.861548 1.659352 -0.779904
 H 4.451789 1.593805 -0.412101
 H 3.793031 0.967894 -2.740448
 H 3.793056 1.868933 -4.046723
 H -4.459462 4.980334 -7.360200
 H -5.048096 3.576882 -7.668517
 H 3.968870 -6.511470 1.021531
 H 4.250011 -5.409916 0.125554
 H 0.482800 -0.579742 -5.971237
 H 1.482672 0.618263 -6.122325
 H -3.577082 0.880671 -6.220129
 H -4.299140 1.544775 -4.948395
 H -0.167955 -0.153033 2.070505
 H 0.666640 -1.116748 1.315479
 H 6.860325 -2.645557 -4.364394
 H 5.607914 -1.954979 -3.843765
 H 4.371274 -0.759488 -0.886051
 H 3.739910 -1.965191 -0.098351
 H -0.746512 5.672015 2.826020
 H -1.153248 4.315872 3.486782
 H -3.499536 -0.478728 -2.420643
 H -4.934989 -0.977653 -2.129665
 H -1.192293 -5.753023 -0.370215
 H -0.876640 -4.317549 0.253880
 H 4.643745 3.648954 -8.118811
 H 5.238246 2.849572 -9.449535
 H 2.893118 4.427017 3.755930
 H 2.911830 5.858501 3.090357
 H -6.285871 6.103559 -3.360174
 H -6.347873 6.795353 -2.071892
 H 0.181316 1.540129 -2.656059
 H 1.576909 1.106666 -3.438540
 H -5.322443 -3.937989 -1.142933
 H -4.926059 -5.311258 -0.372814
 H -3.197084 6.570292 1.907962
 H -3.345681 7.323241 3.208797
 H -2.454628 3.687872 5.019718
 H -1.249383 3.311348 5.936690
 H -2.499817 0.187131 -0.182834
 H -3.969178 0.114938 -0.323475
 H -1.499371 -0.512054 3.689316
 H -0.915833 -1.806377 4.231647
 H 2.338675 1.991744 4.294751
 H 2.197807 2.801771 5.627156
 H -5.358534 0.300546 2.567668
 H -4.506073 1.301589 1.796559
 H 4.564127 5.693636 -1.990819
 H 3.313966 5.501824 -2.827355
 H 0.904170 -5.132103 -3.035022
 H 1.180282 -6.373483 -2.213367
 H -5.462670 4.295155 -5.053986
 H -4.835615 4.014989 -3.493043
 H 7.174528 1.074273 8.790965
 H 6.026381 1.039314 7.850946
 H -1.311504 1.997683 1.303832
 H -0.911220 1.828400 2.805672
 H 0.668620 -2.227777 -2.169316
 H 0.545301 -1.167442 -3.323109
 H -0.004058 -3.673149 -4.434660
 H -0.343276 -5.042606 -5.061041
 H 6.742928 -5.483326 4.910838
 H 6.336334 -6.585626 3.794276
 H 4.374539 -2.618572 1.652906
 H 3.013691 -3.372791 1.158498
 H 5.943359 -1.590339 2.408764
 H 5.824580 -0.418726 3.481621
 H 2.236176 3.577330 -4.109302
 H 0.990424 4.328093 -4.656968
 H 1.151270 -8.223403 0.056261
 H -0.372032 -7.758454 0.201788
 H -4.077328 -3.126131 -7.187148
 H -5.524783 -2.680348 -7.643005
 H -4.166593 2.709179 -0.739554
 H -4.486525 2.098697 -1.999979
 H 5.296262 4.421759 -4.285348
 H 4.322305 5.068994 -5.258773
 H 2.112607 -1.058510 -0.716537
 H 0.738961 -0.432688 -0.975852
 H -4.505470 -3.832736 1.994265
 H -5.940248 -4.431071 1.975412
 H 2.656300 1.693131 2.048417
 H 2.130724 3.081522 2.531508
K_POINTS
 1
0.0 0.0 0.0 1.0