
&control
    calculation='scf'
    pseudo_dir = './',
    outdir='./outputs',
    disk_io='high'
/
&system
    ibrav= 1, celldm(1)=20.000000, nat=  192, ntyp= 2,
    ecutwfc = 30.0, nosym=.true., occupations='smearing',
    smearing='m-v', degauss=0.025
/
&electrons
    conv_thr =  1.0d-8,
    mixing_beta = 0.7
/
&ions
    pot_extrapolation='second-order'
    wfc_extrapolation='second-order'
    ion_temperature = 'andersen'
    tempw = 1000

/
ATOMIC_SPECIES
 H  1.01  H.blyp-hgh.UPF
 O  16.0  O.blyp-hgh.UPF
ATOMIC_POSITIONS bohr
 O -6.073677 -1.827594 0.051101
 O 3.568365 -1.701951 6.544870
 O -5.895864 7.793007 -5.424951
 O 3.137370 2.801339 -0.470677
 O -4.042685 0.681541 4.729898
 O 0.524608 5.538256 5.781057
 O -3.107012 -5.942392 -2.750559
 O 4.725882 0.532989 4.982411
 O -2.138592 -6.325756 7.122757
 O 1.542971 -2.858726 3.971619
 O 1.866317 -5.632652 1.578360
 O -2.736848 -4.152668 5.116020
 O -2.849597 -7.192512 -0.118661
 O -3.183075 -3.133224 -4.364469
 O 3.043837 -3.813812 -0.645281
 O -1.009813 2.463081 -2.161734
 O -1.675018 -2.516660 0.425091
 O -0.520165 -4.277745 3.163922
 O 2.432353 -3.994496 -3.122177
 O 5.744267 4.179013 1.050706
 O 4.513312 -3.707511 5.300832
 O -2.088652 -0.887740 -3.384730
 O -1.287094 2.754438 -4.852684
 O 5.059488 1.158606 -1.057076
 O 3.264973 1.236164 -3.535478
 O -4.457459 4.060516 -7.048460
 O 4.772258 -6.012378 0.735032
 O 1.256378 -0.175434 -5.558037
 O -3.409977 1.351226 -5.374587
 O 0.133359 -1.091962 2.137361
 O 6.417506 -2.427925 -3.517615
 O 3.804547 -1.579666 -0.998581
 O -1.383820 4.916439 2.707557
 O -4.354026 -0.187810 -2.009256
 O -0.504327 -5.193025 0.033289
 O 5.426425 3.260723 -8.569587
 O 2.705814 5.380166 3.917967
 O -6.848721 6.852867 -2.941217
 O 0.739287 0.792702 -3.005726
 O -5.113728 -4.875103 -1.227684
 O -3.136478 7.482733 2.249853
 O -1.500579 3.432750 4.988633
 O -3.290304 0.511017 0.293348
 O -1.260062 -0.943346 4.530834
 O 2.496093 1.919189 5.300239
 O -5.412059 1.163369 2.122835
 O 3.710743 5.220944 -1.991060
 O 0.602067 -6.076273 -2.958932
 O -5.511249 4.424004 -4.075530
 O 6.734342 1.684133 8.112601
 O -0.652946 1.608732 1.868049
 O 0.715709 -2.124744 -3.148587
 O -0.139312 -4.122706 -5.290869
 O 6.902831 -5.817114 4.014318
 O 3.394054 -2.616933 1.669853
 O 6.409150 -1.195151 3.169336
 O 1.290860 3.464041 -4.288362
 O 0.276769 -8.232451 -0.354441
 O -4.888226 -2.643922 -6.916055
 O -4.817419 2.847244 -1.459003
 O 4.541364 4.189469 -4.886249
 O 1.153155 -1.132868 -0.407993
 O -5.447364 -3.619849 1.724546
 O 2.604924 2.284688 2.833736
 H -6.872496 -2.130263 -0.431337
 H -5.797689 -2.622078 0.598430
 H 2.879628 -1.005008 6.657717
 H 3.218473 -2.486505 6.075016
 H -6.167941 7.644083 -4.479104
 H -4.954058 8.020401 -5.222935
 H 3.216279 3.489015 -1.163654
 H 2.884412 1.941841 -0.874587
 H -4.006643 -0.307015 4.851568
 H -4.491730 0.831446 3.854725
 H 1.001901 6.342979 6.071132
 H 0.908978 5.280563 4.907601
 H -2.438567 -6.393469 -3.284343
 H -3.183315 -4.983260 -2.913760
 H 4.089618 1.265374 4.938786
 H 4.458681 -0.184018 5.642399
 H -2.925535 -6.775750 6.788381
 H -1.369767 -6.644018 6.583880
 H 1.178884 -2.181863 3.390323
 H 2.494996 -2.656351 4.040961
 H 1.370925 -5.510891 2.421235
 H 1.126068 -5.599742 0.920232
 H -2.442915 -4.793608 5.809400
 H -1.856263 -4.018063 4.700983
 H -2.467150 -8.084791 -0.004654
 H -3.180311 -7.114275 -1.036599
 H -2.929072 -2.210968 -4.114973
 H -3.037255 -3.342782 -5.303140
 H 3.044431 -3.737142 -1.649064
 H 2.356255 -4.442947 -0.339694
 H -1.288334 2.794660 -3.074135
 H -0.515839 3.092225 -1.582528
 H -2.656822 -2.469621 0.411089
 H -1.413918 -1.909270 1.126721
 H 0.307808 -3.741195 3.384384
 H -0.814448 -4.008370 2.255540
 H 2.605663 -4.783886 -3.649315
 H 1.699270 -3.438371 -3.495969
 H 5.632503 5.126451 0.756803
 H 6.698787 4.004328 1.011332
 H 4.742383 -4.163503 4.467342
 H 5.332482 -3.972795 5.779627
 H -1.135002 -1.069242 -3.498905
 H -2.149400 -0.004357 -3.792511
 H -0.686386 1.968565 -4.791463
 H -2.098582 2.290233 -5.211692
 H 5.866384 1.651558 -0.781395
 H 4.454002 1.585558 -0.414553
 H 3.797952 0.971802 -2.742610
 H 3.791916 1.869945 -4.043908
 H -4.451053 4.983263 -7.362572
 H -5.045905 3.581435 -7.675068
 H 3.967857 -6.517151 1.014095
 H 4.255777 -5.417502 0.116735
 H 0.481591 -0.576622 -5.972193
 H 1.486548 0.616178 -6.123804
 H -3.581322 0.874287 -6.215355
 H -4.293342 1.554817 -4.946207
 H -0.164332 -0.151492 2.076336
 H 0.669267 -1.120723 1.319276
 H 6.861312 -2.642271 -4.363929
 H 5.612245 -1.954482 -3.849044
 H 4.375607 -0.761682 -0.890104
 H 3.739110 -1.960061 -0.096756
 H -0.746823 5.673512 2.826579
 H -1.154482 4.309104 3.485558
 H -3.496604 -0.476547 -2.415557
 H -4.933570 -0.978006 -2.127702
 H -1.194261 -5.757819 -0.369444
 H -0.879877 -4.320358 0.253041
 H 4.644837 3.642768 -8.110418
 H 5.233581 2.843348 -9.445098
 H 2.895594 4.426246 3.757745
 H 2.907406 5.857751 3.084454
 H -6.284380 6.104893 -3.353480
 H -6.344838 6.804766 -2.069774
 H 0.187270 1.540961 -2.653380
 H 1.579543 1.104036 -3.435636
 H -5.316791 -3.936055 -1.136148
 H -4.923261 -5.314913 -0.376495
 H -3.199757 6.569536 1.907405
 H -3.337772 7.326733 3.207910
 H -2.453522 3.683220 5.020422
 H -1.247007 3.306933 5.937813
 H -2.499245 0.186861 -0.181032
 H -3.971179 0.119208 -0.323493
 H -1.501144 -0.510878 3.692630
 H -0.919707 -1.807101 4.224084
 H 2.336109 2.001890 4.295865
 H 2.195748 2.797984 5.628685
 H -5.357056 0.299477 2.568744
 H -4.503864 1.300841 1.795403
 H 4.560634 5.695977 -1.993474
 H 3.308007 5.501638 -2.824467
 H 0.909079 -5.135824 -3.034995
 H 1.179382 -6.382817 -2.216846
 H -5.463240 4.290126 -5.057006
 H -4.839095 4.016887 -3.488295
 H 7.181528 1.072343 8.787995
 H 6.029744 1.034801 7.853283
 H -1.310359 1.999828 1.303907
 H -0.909001 1.823822 2.809068
 H 0.665687 -2.221947 -2.170325
 H 0.543229 -1.165303 -3.325793
 H -0.006150 -3.668439 -4.434738
 H -0.340439 -5.043251 -5.059112
 H 6.738850 -5.486897 4.912938
 H 6.338259 -6.587343 3.791867
 H 4.374754 -2.618081 1.656843
 H 3.010686 -3.369216 1.165338
 H 5.949252 -1.593511 2.405269
 H 5.821358 -0.426306 3.484493
 H 2.234658 3.574467 -4.112957
 H 0.994097 4.329576 -4.657334
 H 1.150239 -8.218100 0.057979
 H -0.372314 -7.754315 0.199717
 H -4.079961 -3.131164 -7.189713
 H -5.526163 -2.677385 -7.645784
 H -4.170592 2.710987 -0.739828
 H -4.487697 2.096361 -1.995746
 H 5.296425 4.421587 -4.285401
 H 4.324203 5.069185 -5.254800
 H 2.111991 -1.063358 -0.712844
 H 0.734477 -0.436896 -0.980454
 H -4.504609 -3.838783 1.989695
 H -5.946468 -4.426778 1.971046
 H 2.658176 1.694678 2.051278
 H 2.137420 3.083410 2.527199
K_POINTS
 1
0.0 0.0 0.0 1.0