
&control
    calculation='scf'
    pseudo_dir = './',
    outdir='./outputs',
    disk_io='high'
/
&system
    ibrav= 1, celldm(1)=20.000000, nat=  192, ntyp= 2,
    ecutwfc = 30.0, nosym=.true., occupations='smearing',
    smearing='m-v', degauss=0.025
/
&electrons
    conv_thr =  1.0d-8,
    mixing_beta = 0.7
/
&ions
    pot_extrapolation='second-order'
    wfc_extrapolation='second-order'
    ion_temperature = 'andersen'
    tempw = 1000

/
ATOMIC_SPECIES
 H  1.01  H.blyp-hgh.UPF
 O  16.0  O.blyp-hgh.UPF
ATOMIC_POSITIONS bohr
 O -6.072984 -1.826983 0.051410
 O 3.568328 -1.701746 6.547883
 O -5.897105 7.793727 -5.425750
 O 3.135429 2.801761 -0.469852
 O -4.039842 0.680170 4.730993
 O 0.524107 5.537712 5.781309
 O -3.106630 -5.943844 -2.751672
 O 4.725467 0.534252 4.984963
 O -2.137268 -6.325640 7.124508
 O 1.542572 -2.857063 3.972776
 O 1.866949 -5.634876 1.579512
 O -2.736593 -4.152033 5.117481
 O -2.847252 -7.192058 -0.119769
 O -3.182194 -3.131567 -4.363587
 O 3.045096 -3.812360 -0.645538
 O -1.009452 2.460989 -2.160994
 O -1.676387 -2.516494 0.422631
 O -0.520400 -4.275971 3.165046
 O 2.430718 -3.995935 -3.120212
 O 5.745523 4.178675 1.049449
 O 4.513557 -3.707901 5.301199
 O -2.089376 -0.887325 -3.384780
 O -1.285536 2.752868 -4.853089
 O 5.061755 1.155831 -1.063098
 O 3.264058 1.234658 -3.534601
 O -4.457872 4.061292 -7.050297
 O 4.772321 -6.013789 0.736736
 O 1.254378 -0.173467 -5.557289
 O -3.409294 1.351861 -5.376274
 O 0.133485 -1.090832 2.137989
 O 6.417715 -2.427323 -3.517327
 O 3.802662 -1.579840 -0.997915
 O -1.384384 4.916173 2.707046
 O -4.352811 -0.187737 -2.007341
 O -0.507733 -5.194571 0.032557
 O 5.425331 3.264164 -8.571064
 O 2.704371 5.379009 3.912281
 O -6.847026 6.855449 -2.942929
 O 0.739742 0.793009 -3.006176
 O -5.117552 -4.874620 -1.229033
 O -3.138552 7.483273 2.247436
 O -1.497453 3.434992 4.987967
 O -3.290878 0.511989 0.291842
 O -1.258119 -0.943989 4.531409
 O 2.499956 1.917851 5.301529
 O -5.409086 1.163116 2.122370
 O 3.709401 5.219683 -1.992275
 O 0.599768 -6.076639 -2.957137
 O -5.514485 4.423382 -4.077134
 O 6.734058 1.682983 8.115671
 O -0.653944 1.608724 1.868545
 O 0.714274 -2.122082 -3.148426
 O -0.138814 -4.123363 -5.289595
 O 6.902780 -5.817565 4.014794
 O 3.395100 -2.615045 1.671019
 O 6.410198 -1.198532 3.170276
 O 1.289391 3.462541 -4.287598
 O 0.276912 -8.232031 -0.356743
 O -4.889118 -2.644905 -6.918311
 O -4.817275 2.850162 -1.461892
 O 4.542415 4.189217 -4.885752
 O 1.151440 -1.132150 -0.407648
 O -5.447430 -3.619058 1.726252
 O 2.606420 2.284474 2.836948
 H -6.869586 -2.128260 -0.434575
 H -5.791355 -2.624089 0.592394
 H 2.879178 -1.006199 6.659878
 H 3.218227 -2.491217 6.083298
 H -6.165504 7.647815 -4.479881
 H -4.956683 8.023118 -5.217867
 H 3.222074 3.487548 -1.162495
 H 2.888517 1.943315 -0.883179
 H -4.002647 -0.308163 4.849666
 H -4.498077 0.833995 3.860396
 H 0.999045 6.346434 6.069257
 H 0.901986 5.288691 4.902002
 H -2.440536 -6.395294 -3.289254
 H -3.185112 -4.985924 -2.915202
 H 4.085669 1.263045 4.937979
 H 4.463215 -0.185990 5.642079
 H -2.927226 -6.777248 6.793616
 H -1.372951 -6.643653 6.578931
 H 1.178760 -2.178930 3.387584
 H 2.492008 -2.653157 4.044463
 H 1.366823 -5.507048 2.418877
 H 1.122480 -5.599891 0.923077
 H -2.439419 -4.792329 5.808169
 H -1.859861 -4.010971 4.698512
 H -2.460715 -8.082871 -0.004259
 H -3.183967 -7.117004 -1.035989
 H -2.924108 -2.209738 -4.113072
 H -3.040298 -3.343664 -5.302506
 H 3.040458 -3.738749 -1.647931
 H 2.356447 -4.442301 -0.337541
 H -1.291810 2.794151 -3.071024
 H -0.514328 3.096172 -1.585092
 H -2.658150 -2.475344 0.413477
 H -1.413787 -1.910019 1.124967
 H 0.309948 -3.742424 3.384633
 H -0.816985 -4.007810 2.257112
 H 2.604437 -4.782365 -3.656306
 H 1.698920 -3.442988 -3.498880
 H 5.633166 5.125626 0.759099
 H 6.702484 4.007797 1.004068
 H 4.738113 -4.168857 4.469209
 H 5.330874 -3.977090 5.779118
 H -1.136387 -1.069557 -3.502497
 H -2.148930 -0.002130 -3.790730
 H -0.686346 1.966886 -4.788037
 H -2.097683 2.291570 -5.208880
 H 5.871314 1.643690 -0.783057
 H 4.456200 1.577381 -0.417046
 H 3.802890 0.975828 -2.744930
 H 3.790865 1.871034 -4.041095
 H -4.442717 4.986228 -7.365051
 H -5.043767 3.585992 -7.681588
 H 3.967008 -6.522847 1.006736
 H 4.261793 -5.425004 0.107908
 H 0.480304 -0.573551 -5.973293
 H 1.490390 0.613972 -6.125219
 H -3.585633 0.868081 -6.210629
 H -4.287475 1.564843 -4.944291
 H -0.160725 -0.149914 2.082242
 H 0.672011 -1.124809 1.322859
 H 6.862375 -2.638977 -4.363438
 H 5.616652 -1.954120 -3.854224
 H 4.379829 -0.763972 -0.894202
 H 3.738216 -1.954948 -0.095090
 H -0.747369 5.674893 2.827099
 H -1.155844 4.302498 3.484214
 H -3.493714 -0.474372 -2.410422
 H -4.932191 -0.978326 -2.125752
 H -1.196293 -5.762542 -0.368648
 H -0.883258 -4.323089 0.252118
 H 4.646034 3.636409 -8.102210
 H 5.228852 2.837294 -9.440482
 H 2.898106 4.425669 3.759525
 H 2.902971 5.856910 3.078559
 H -6.283117 6.106432 -3.346793
 H -6.341776 6.814566 -2.067728
 H 0.193213 1.541834 -2.650712
 H 1.582070 1.101383 -3.432646
 H -5.311171 -3.933999 -1.129216
 H -4.920459 -5.318350 -0.380163
 H -3.202371 6.568774 1.906740
 H -3.329782 7.330321 3.206952
 H -2.452417 3.678478 5.021137
 H -1.244577 3.302503 5.938955
 H -2.498606 0.186663 -0.179144
 H -3.973213 0.123557 -0.323465
 H -1.502943 -0.509692 3.695995
 H -0.923577 -1.807781 4.216555
 H 2.333585 2.011901 4.297220
 H 2.193714 2.794071 5.630331
 H -5.355658 0.298116 2.569694
 H -4.501648 1.300063 1.794137
 H 4.557208 5.698401 -1.996221
 H 3.302047 5.501423 -2.821648
 H 0.913908 -5.139706 -3.034893
 H 1.178306 -6.392185 -2.220415
 H -5.463532 4.284938 -5.059820
 H -4.842625 4.018758 -3.483754
 H 7.188382 1.070617 8.784955
 H 6.033175 1.030483 7.855486
 H -1.309470 2.002095 1.303821
 H -0.906760 1.819266 2.812196
 H 0.662767 -2.216044 -2.171337
 H 0.541433 -1.163095 -3.328456
 H -0.008326 -3.663670 -4.434849
 H -0.337678 -5.043881 -5.057092
 H 6.734659 -5.490522 4.915159
 H 6.340160 -6.589014 3.789583
 H 4.374832 -2.617766 1.660731
 H 3.007911 -3.365586 1.172198
 H 5.955230 -1.596613 2.401753
 H 5.818159 -0.434242 3.487433
 H 2.233278 3.571642 -4.116605
 H 0.997797 4.330942 -4.657650
 H 1.149266 -8.212820 0.059777
 H -0.372452 -7.750161 0.197717
 H -4.082616 -3.136185 -7.192342
 H -5.527548 -2.674337 -7.648655
 H -4.174611 2.712896 -0.739981
 H -4.488999 2.093996 -1.991596
 H 5.296589 4.421228 -4.285416
 H 4.326044 5.069308 -5.250869
 H 2.111301 -1.068348 -0.709084
 H 0.730025 -0.441170 -0.984966
 H -4.503837 -3.844921 1.985071
 H -5.952651 -4.422448 1.966668
 H 2.660034 1.696286 2.054201
 H 2.144062 3.085228 2.522780
K_POINTS
 1
0.0 0.0 0.0 1.0