
&control
    calculation='scf'
    pseudo_dir = './',
    outdir='./outputs',
    disk_io='high'
/
&system
    ibrav= 1, celldm(1)=20.000000, nat=  192, ntyp= 2,
    ecutwfc = 30.0, nosym=.true., occupations='smearing',
    smearing='m-v', degauss=0.025
/
&electrons
    conv_thr =  1.0d-8,
    mixing_beta = 0.7
/
&ions
    pot_extrapolation='second-order'
    wfc_extrapolation='second-order'
    ion_temperature = 'andersen'
    tempw = 1000

/
ATOMIC_SPECIES
 H  1.01  H.blyp-hgh.UPF
 O  16.0  O.blyp-hgh.UPF
ATOMIC_POSITIONS bohr
 O -6.071593 -1.825791 0.052013
 O 3.568312 -1.701270 6.553941
 O -5.899485 7.795107 -5.427248
 O 3.131457 2.802545 -0.468107
 O -4.034155 0.677290 4.733068
 O 0.523102 5.536634 5.781834
 O -3.105934 -5.946835 -2.753772
 O 4.724767 0.536625 4.990074
 O -2.134562 -6.325379 7.127957
 O 1.541770 -2.853768 3.975151
 O 1.868177 -5.639331 1.581820
 O -2.736007 -4.150835 5.120436
 O -2.842546 -7.191155 -0.121932
 O -3.180496 -3.128348 -4.361758
 O 3.047617 -3.809603 -0.645970
 O -1.008802 2.456794 -2.159489
 O -1.679209 -2.516227 0.417644
 O -0.520828 -4.272386 3.167265
 O 2.427451 -3.998842 -3.116305
 O 5.748100 4.177963 1.046936
 O 4.514102 -3.708789 5.301827
 O -2.090801 -0.886440 -3.384897
 O -1.282366 2.749661 -4.853897
 O 5.066323 1.150245 -1.075090
 O 3.262273 1.231613 -3.532810
 O -4.458661 4.062860 -7.053946
 O 4.772237 -6.016495 0.740099
 O 1.250419 -0.169464 -5.555827
 O -3.407810 1.353128 -5.379497
 O 0.133711 -1.088560 2.139259
 O 6.418078 -2.426030 -3.516773
 O 3.798977 -1.579989 -0.996616
 O -1.385386 4.915640 2.706085
 O -4.350400 -0.187613 -2.003570
 O -0.514447 -5.197708 0.031104
 O 5.423196 3.271080 -8.573981
 O 2.701483 5.376645 3.900931
 O -6.843512 6.860395 -2.946369
 O 0.740647 0.793503 -3.007050
 O -5.125175 -4.873755 -1.231716
 O -3.142738 7.484325 2.242659
 O -1.491224 3.439490 4.986584
 O -3.292007 0.513912 0.288823
 O -1.254243 -0.945302 4.532576
 O 2.507579 1.915285 5.304075
 O -5.403101 1.162732 2.121455
 O 3.706606 5.217077 -1.994619
 O 0.595234 -6.077359 -2.953533
 O -5.520959 4.422263 -4.080330
 O 6.733444 1.680474 8.121967
 O -0.655843 1.608651 1.869737
 O 0.711309 -2.116763 -3.148116
 O -0.137767 -4.124670 -5.287067
 O 6.902712 -5.818481 4.015678
 O 3.397197 -2.611174 1.673429
 O 6.412209 -1.205186 3.172213
 O 1.286418 3.459596 -4.286109
 O 0.277122 -8.231190 -0.361385
 O -4.890884 -2.646814 -6.922799
 O -4.816921 2.855954 -1.467675
 O 4.544428 4.188770 -4.884786
 O 1.148026 -1.130629 -0.407041
 O -5.447537 -3.617534 1.729713
 O 2.609407 2.284087 2.843262
 H -6.863613 -2.124205 -0.441269
 H -5.778722 -2.627862 0.580292
 H 2.877734 -1.009172 6.664260
 H 3.217847 -2.500176 6.100036
 H -6.161320 7.655162 -4.481541
 H -4.962232 8.028735 -5.208371
 H 3.233939 3.484703 -1.160531
 H 2.896359 1.947100 -0.900642
 H -3.994896 -0.310035 4.845496
 H -4.510608 0.839224 3.872449
 H 0.993348 6.353215 6.065141
 H 0.888019 5.305319 4.891280
 H -2.444216 -6.398291 -3.299584
 H -3.188338 -4.991361 -2.918490
 H 4.077484 1.258256 4.936936
 H 4.472080 -0.189264 5.640679
 H -2.930664 -6.780552 6.804071
 H -1.379580 -6.643187 6.569026
 H 1.178519 -2.172223 3.381741
 H 2.486131 -2.646882 4.051288
 H 1.358678 -5.499135 2.413967
 H 1.115139 -5.600252 0.928747
 H -2.432762 -4.789923 5.805931
 H -1.867007 -3.996508 4.693007
 H -2.448099 -8.078838 -0.003643
 H -3.191135 -7.122364 -1.035101
 H -2.914039 -2.207487 -4.109816
 H -3.045999 -3.344795 -5.301216
 H 3.032089 -3.742269 -1.645332
 H 2.356946 -4.440797 -0.333928
 H -1.298234 2.793411 -3.064181
 H -0.511475 3.104327 -1.590755
 H -2.660472 -2.486878 0.418248
 H -1.413042 -1.911066 1.122012
 H 0.313868 -3.745423 3.385039
 H -0.822023 -4.006850 2.260941
 H 2.602140 -4.779150 -3.670595
 H 1.698744 -3.451848 -3.504837
 H 5.634584 5.123501 0.763653
 H 6.709768 4.014644 0.989571
 H 4.729059 -4.179448 4.472672
 H 5.327658 -3.985280 5.779010
 H -1.139205 -1.070588 -3.509371
 H -2.148348 0.002557 -3.787523
 H -0.685987 1.964081 -4.781150
 H -2.096710 2.294040 -5.203080
 H 5.881396 1.627726 -0.786899
 H 4.460555 1.561236 -0.422150
 H 3.812814 0.984181 -2.749980
 H 3.788991 1.873432 -4.035495
 H -4.426278 4.992146 -7.370286
 H -5.039668 3.595106 -7.694543
 H 3.965818 -6.534262 0.992256
 H 4.274563 -5.439747 0.090261
 H 0.477487 -0.567561 -5.975933
 H 1.497968 0.609233 -6.127875
 H -3.594492 0.856186 -6.201371
 H -4.275565 1.584823 -4.941285
 H -0.153553 -0.146620 2.094233
 H 0.677841 -1.133269 1.329351
 H 6.864776 -2.632385 -4.362387
 H 5.625594 -1.953745 -3.864279
 H 4.387886 -0.768869 -0.902535
 H 3.736154 -1.944808 -0.091493
 H -0.749202 5.677235 2.828035
 H -1.158955 4.289873 3.481102
 H -3.488055 -0.470064 -2.400014
 H -4.929537 -0.978854 -2.121900
 H -1.200550 -5.771749 -0.366978
 H -0.890479 -4.328276 0.250030
 H 4.648694 3.623176 -8.086325
 H 5.219189 2.825684 -9.430726
 H 2.903254 4.425071 3.762944
 H 2.894080 5.854937 3.066770
 H -6.281229 6.110054 -3.333516
 H -6.335645 6.835323 -2.063971
 H 0.205028 1.543736 -2.645399
 H 1.586829 1.096020 -3.426424
 H -5.300022 -3.929542 -1.114931
 H -4.914852 -5.324566 -0.387512
 H -3.207418 6.567266 1.905111
 H -3.313583 7.337770 3.204867
 H -2.450197 3.668729 5.022596
 H -1.239577 3.293612 5.941206
 H -2.497139 0.186469 -0.175121
 H -3.977382 0.132456 -0.323311
 H -1.506640 -0.507244 3.702859
 H -0.931303 -1.808996 4.201637
 H 2.328703 2.031426 4.300691
 H 2.189727 2.785892 5.634031
 H -5.353100 0.294588 2.571179
 H -4.497172 1.298414 1.791280
 H 4.550569 5.703499 -2.001999
 H 3.290092 5.500927 -2.816276
 H 0.923345 -5.147909 -3.034445
 H 1.175636 -6.411006 -2.227798
 H -5.463292 4.274108 -5.064737
 H -4.849910 4.022455 -3.475368
 H 7.201650 1.067765 8.778690
 H 6.040223 1.022425 7.859489
 H -1.308459 2.007003 1.303197
 H -0.902238 1.810236 2.817600
 H 0.656967 -2.204036 -2.173305
 H 0.538672 -1.158481 -3.333714
 H -0.012942 -3.654001 -4.435207
 H -0.332392 -5.045112 -5.052753
 H 6.725956 -5.497960 4.919900
 H 6.343897 -6.592203 3.785395
 H 4.374620 -2.617677 1.668349
 H 3.003025 -3.358273 1.185906
 H 5.967465 -1.602584 2.394698
 H 5.811842 -0.451154 3.493500
 H 2.230990 3.566084 -4.123865
 H 1.005263 4.333267 -4.658117
 H 1.147464 -8.202340 0.063580
 H -0.372245 -7.741868 0.193862
 H -4.088025 -3.146170 -7.197782
 H -5.530309 -2.667986 -7.654647
 H -4.182678 2.717029 -0.739899
 H -4.491990 2.089172 -1.983574
 H 5.296964 4.419948 -4.285291
 H 4.329535 5.069399 -5.243167
 H 2.109689 -1.078714 -0.701400
 H 0.721268 -0.449918 -0.993705
 H -4.502587 -3.857484 1.975682
 H -5.964923 -4.413739 1.957903
 H 2.663708 1.699625 2.060205
 H 2.157233 3.088609 2.513670
K_POINTS
 1
0.0 0.0 0.0 1.0