
&control
    calculation='scf'
    pseudo_dir = './',
    outdir='./outputs',
    disk_io='high'
/
&system
    ibrav= 1, celldm(1)=20.000000, nat=  192, ntyp= 2,
    ecutwfc = 30.0, nosym=.true., occupations='smearing',
    smearing='m-v', degauss=0.025
/
&electrons
    conv_thr =  1.0d-8,
    mixing_beta = 0.7
/
&ions
    pot_extrapolation='second-order'
    wfc_extrapolation='second-order'
    ion_temperature = 'andersen'
    tempw = 1000

/
ATOMIC_SPECIES
 H  1.01  H.blyp-hgh.UPF
 O  16.0  O.blyp-hgh.UPF
ATOMIC_POSITIONS bohr
 O -6.069474 -1.824070 0.052878
 O 3.568438 -1.700435 6.563088
 O -5.902780 7.797039 -5.429254
 O 3.125278 2.803525 -0.465287
 O -4.025626 0.672652 4.735882
 O 0.521613 5.535079 5.782667
 O -3.105048 -5.951573 -2.756611
 O 4.724067 0.539813 4.997734
 O -2.130406 -6.324947 7.132969
 O 1.540478 -2.848849 3.978803
 O 1.869863 -5.646020 1.585267
 O -2.734959 -4.149199 5.124930
 O -2.835458 -7.189816 -0.125055
 O -3.178104 -3.123744 -4.358852
 O 3.051373 -3.805865 -0.646385
 O -1.007978 2.450523 -2.157128
 O -1.683626 -2.515982 0.410014
 O -0.521374 -4.266933 3.170535
 O 2.422564 -4.003340 -3.110564
 O 5.752182 4.176764 1.043169
 O 4.515038 -3.710387 5.302495
 O -2.092888 -0.884946 -3.385130
 O -1.277478 2.744716 -4.855100
 O 5.073275 1.141786 -1.092939
 O 3.259739 1.226996 -3.530054
 O -4.459740 4.065313 -7.059372
 O 4.771580 -6.020274 0.745016
 O 1.244582 -0.163303 -5.553706
 O -3.405272 1.355047 -5.383922
 O 0.133989 -1.085155 2.141222
 O 6.418513 -2.423883 -3.515996
 O 3.793678 -1.579695 -0.994767
 O -1.386564 4.914821 2.704812
 O -4.346842 -0.187478 -1.998059
 O -0.524263 -5.202548 0.028958
 O 5.420145 3.281551 -8.578268
 O 2.697135 5.373001 3.883984
 O -6.837947 6.867312 -2.951487
 O 0.741987 0.793928 -3.008295
 O -5.136536 -4.872687 -1.235668
 O -3.149101 7.485831 2.235600
 O -1.481942 3.446263 4.984427
 O -3.293639 0.516772 0.284310
 O -1.248446 -0.947362 4.534368
 O 2.518731 1.911739 5.307766
 O -5.394049 1.162415 2.120146
 O 3.702167 5.212958 -1.997902
 O 0.588576 -6.078439 -2.948102
 O -5.530627 4.420867 -4.085091
 O 6.732426 1.676199 8.131786
 O -0.658450 1.608392 1.872013
 O 0.706625 -2.108788 -3.147719
 O -0.136061 -4.126591 -5.283313
 O 6.902681 -5.819885 4.016872
 O 3.400345 -2.605069 1.677271
 O 6.415013 -1.214919 3.175234
 O 1.281863 3.455348 -4.283986
 O 0.277248 -8.229891 -0.368386
 O -4.893485 -2.649548 -6.929488
 O -4.816231 2.864523 -1.476367
 O 4.547211 4.188217 -4.883414
 O 1.142926 -1.128153 -0.406329
 O -5.447622 -3.615363 1.735007
 O 2.613846 2.283661 2.852445
 H -6.854363 -2.118088 -0.451841
 H -5.759985 -2.632876 0.562124
 H 2.874130 -1.015009 6.671011
 H 3.217642 -2.512248 6.125658
 H -6.157040 7.665754 -4.484049
 H -4.971213 8.037620 -5.195918
 H 3.252452 3.480822 -1.158454
 H 2.907256 1.954978 -0.927292
 H -3.983874 -0.311938 4.838316
 H -4.528945 0.847331 3.892346
 H 0.984702 6.362856 6.058029
 H 0.867102 5.331112 4.876449
 H -2.449199 -6.401088 -3.316242
 H -3.192277 -4.999603 -2.924472
 H 4.064459 1.250697 4.936848
 H 4.484723 -0.192586 5.636851
 H -2.935643 -6.786041 6.819873
 H -1.390103 -6.643137 6.554209
 H 1.178386 -2.160570 3.372505
 H 2.477969 -2.637683 4.061133
 H 1.346750 -5.486734 2.406253
 H 1.104053 -5.600996 0.937239
 H -2.423499 -4.786817 5.803248
 H -1.877504 -3.974166 4.683410
 H -2.429864 -8.072282 -0.003172
 H -3.201439 -7.130205 -1.034511
 H -2.898654 -2.204727 -4.106369
 H -3.053578 -3.344860 -5.299198
 H 3.018574 -3.748231 -1.640786
 H 2.358204 -4.437838 -0.330258
 H -1.306564 2.792953 -3.052476
 H -0.507829 3.116861 -1.600728
 H -2.663195 -2.504343 0.425416
 H -1.410810 -1.911612 1.118808
 H 0.318867 -3.751164 3.385420
 H -0.829458 -4.005764 2.268298
 H 2.599117 -4.773525 -3.692421
 H 1.699698 -3.464047 -3.514020
 H 5.636852 5.119412 0.770316
 H 6.720050 4.024671 0.967955
 H 4.714196 -4.195026 4.477206
 H 5.322955 -3.996570 5.781165
 H -1.143509 -1.073154 -3.518892
 H -2.148377 0.009992 -3.783512
 H -0.684695 1.961137 -4.770745
 H -2.097387 2.297084 -5.194067
 H 5.896862 1.603189 -0.793984
 H 4.467039 1.537548 -0.430098
 H 3.827811 0.997275 -2.758337
 H 3.786571 1.877513 -4.027216
 H -4.402247 5.000557 -7.378684
 H -5.033995 3.608771 -7.713782
 H 3.965331 -6.551350 0.971157
 H 4.295503 -5.461196 0.063936
 H 0.472676 -0.558952 -5.980990
 H 1.509073 0.601437 -6.131492
 H -3.608461 0.839581 -6.188127
 H -4.257412 1.614538 -4.938835
 H -0.142865 -0.141272 2.112490
 H 0.687361 -1.146498 1.337358
 H 6.869214 -2.622567 -4.360645
 H 5.638948 -1.953852 -3.878597
 H 4.398836 -0.777061 -0.915393
 H 3.732421 -1.929925 -0.085287
 H -0.753852 5.679519 2.829229
 H -1.164575 4.272720 3.475170
 H -3.479834 -0.463776 -2.384119
 H -4.925750 -0.979341 -2.116265
 H -1.207417 -5.784904 -0.364265
 H -0.902529 -4.335247 0.246319
 H 4.653178 3.602058 -8.063727
 H 5.204156 2.809454 -9.414849
 H 2.911353 4.425421 3.767614
 H 2.880727 5.851181 3.049015
 H -6.279766 6.116536 -3.314113
 H -6.326689 6.869320 -2.059567
 H 0.222451 1.547081 -2.637451
 H 1.593337 1.087870 -3.416557
 H -5.283483 -3.922202 -1.092560
 H -4.906450 -5.332255 -0.398712
 H -3.214536 6.565153 1.902009
 H -3.288831 7.349564 3.201478
 H -2.446792 3.653457 5.024835
 H -1.231789 3.280265 5.944159
 H -2.494518 0.186634 -0.168538
 H -3.983901 0.146172 -0.322977
 H -1.512512 -0.503242 3.713397
 H -0.942838 -1.810387 4.179723
 H 2.321927 2.059160 4.307913
 H 2.183969 2.772855 5.640843
 H -5.349847 0.287597 2.572231
 H -4.490251 1.295677 1.786195
 H 4.541153 5.711778 -2.011403
 H 3.271973 5.500081 -2.809061
 H 0.937019 -5.161117 -3.033113
 H 1.170385 -6.439392 -2.239411
 H -5.460926 4.256815 -5.070061
 H -4.861637 4.027998 -3.464768
 H 7.220454 1.064902 8.768934
 H 6.051168 1.011732 7.864467
 H -1.308758 2.015248 1.301331
 H -0.895443 1.796987 2.823487
 H 0.648371 -2.185609 -2.175877
 H 0.536613 -1.151106 -3.341421
 H -0.020552 -3.639333 -4.436199
 H -0.325057 -5.046907 -5.045415
 H 6.712196 -5.509662 4.927472
 H 6.349367 -6.596571 3.780055
 H 4.373566 -2.618939 1.679352
 H 2.997216 -3.347600 1.206188
 H 5.986584 -1.610879 2.384220
 H 5.802550 -0.478971 3.503025
 H 2.228879 3.557907 -4.134612
 H 1.016557 4.335550 -4.658354
 H 1.144985 -8.186880 0.069627
 H -0.370569 -7.729654 0.188178
 H -4.096494 -3.160933 -7.206344
 H -5.534326 -2.657848 -7.664143
 H -4.194785 2.724076 -0.738716
 H -4.497452 2.081685 -1.972332
 H 5.297804 4.416633 -4.284601
 H 4.334202 5.069354 -5.232130
 H 2.106690 -1.095057 -0.689611
 H 0.708690 -0.463532 -1.006035
 H -4.501543 -3.877090 1.961331
 H -5.983138 -4.400762 1.944813
 H 2.669167 1.704690 2.069487
 H 2.176859 3.092874 2.499537
K_POINTS
 1
0.0 0.0 0.0 1.0