
&control
    calculation='scf'
    pseudo_dir = './',
    outdir='./outputs',
    disk_io='high'
/
&system
    ibrav= 1, celldm(1)=20.000000, nat=  192, ntyp= 2,
    ecutwfc = 30.0, nosym=.true., occupations='smearing',
    smearing='m-v', degauss=0.025
/
&electrons
    conv_thr =  1.0d-8,
    mixing_beta = 0.7
/
&ions
    pot_extrapolation='second-order'
    wfc_extrapolation='second-order'
    ion_temperature = 'andersen'
    tempw = 1000

/
ATOMIC_SPECIES
 H  1.01  H.blyp-hgh.UPF
 O  16.0  O.blyp-hgh.UPF
ATOMIC_POSITIONS bohr
 O -6.064231 -1.820323 0.054713
 O 3.569430 -1.698223 6.584618
 O -5.909094 7.800956 -5.432884
 O 3.109892 2.804715 -0.458197
 O -4.005763 0.660659 4.741026
 O 0.518394 5.532022 5.784723
 O -3.103552 -5.964021 -2.761910
 O 4.724249 0.545822 5.015274
 O -2.120698 -6.324046 7.143659
 O 1.536367 -2.836969 3.987162
 O 1.872482 -5.661494 1.593019
 O -2.731858 -4.145939 5.135441
 O -2.818873 -7.186708 -0.131916
 O -3.173219 -3.114007 -4.351322
 O 3.059802 -3.799176 -0.646010
 O -1.006490 2.436436 -2.150755
 O -1.694478 -2.515936 0.391791
 O -0.522306 -4.254086 3.178078
 O 2.411236 -4.015030 -3.098322
 O 5.763221 4.172999 1.034395
 O 4.517653 -3.715327 5.302775
 O -2.097527 -0.880445 -3.386037
 O -1.265570 2.732851 -4.857855
 O 5.090020 1.121765 -1.133835
 O 3.254765 1.216333 -3.523549
 O -4.461695 4.071948 -7.072003
 O 4.767637 -6.027828 0.755696
 O 1.231278 -0.148465 -5.549073
 O -3.397767 1.359727 -5.392182
 O 0.134474 -1.077522 2.146100
 O 6.419340 -2.418082 -3.514426
 O 3.782486 -1.576563 -0.990967
 O -1.387919 4.912638 2.702657
 O -4.338972 -0.187323 -1.985827
 O -0.545948 -5.214546 0.024109
 O 5.413919 3.306515 -8.587873
 O 2.686774 5.364362 3.845029
 O -6.823874 6.881609 -2.962563
 O 0.744920 0.793342 -3.010863
 O -5.162642 -4.870766 -1.244196
 O -3.164202 7.488950 2.219357
 O -1.460605 3.462093 4.979447
 O -3.297070 0.523550 0.274152
 O -1.234956 -0.952808 4.538669
 O 2.543250 1.905031 5.315517
 O -5.372725 1.162434 2.117650
 O 3.690928 5.202491 -2.004399
 O 0.573484 -6.081266 -2.935450
 O -5.552622 4.418714 -4.096021
 O 6.729726 1.664154 8.156246
 O -0.663573 1.607149 1.879145
 O 0.694596 -2.090122 -3.147400
 O -0.131412 -4.130741 -5.274669
 O 6.902800 -5.823224 4.019433
 O 3.407586 -2.588953 1.687522
 O 6.420637 -1.236731 3.182594
 O 1.270914 3.446449 -4.279581
 O 0.276785 -8.226422 -0.384444
 O -4.899365 -2.655368 -6.945073
 O -4.813883 2.883878 -1.496714
 O 4.552442 4.187210 -4.880604
 O 1.130962 -1.121676 -0.405403
 O -5.447315 -3.610585 1.747633
 O 2.623810 2.283912 2.872373
 H -6.832106 -2.104416 -0.478839
 H -5.718351 -2.641382 0.520232
 H 2.858509 -1.034068 6.687882
 H 3.219483 -2.532886 6.188133
 H -6.158461 7.687348 -4.488087
 H -4.993866 8.060685 -5.176575
 H 3.299016 3.474397 -1.156401
 H 2.928818 1.983851 -0.989420
 H -3.961009 -0.314328 4.817304
 H -4.569389 0.866979 3.946980
 H 0.963070 6.381507 6.037280
 H 0.818305 5.394231 4.848169
 H -2.459505 -6.399185 -3.359212
 H -3.197595 -5.017773 -2.943507
 H 4.030909 1.230445 4.943861
 H 4.509719 -0.194810 5.622237
 H -2.943622 -6.799198 6.858607
 H -1.416728 -6.645857 6.520481
 H 1.180976 -2.130736 3.352982
 H 2.465102 -2.616693 4.082861
 H 1.321590 -5.455734 2.387848
 H 1.080849 -5.604133 0.957090
 H -2.404037 -4.782662 5.800788
 H -1.900953 -3.919854 4.656091
 H -2.390792 -8.054867 -0.004350
 H -3.222314 -7.147979 -1.035233
 H -2.862072 -2.201684 -4.105306
 H -3.066652 -3.337256 -5.293912
 H 2.983478 -3.764436 -1.629087
 H 2.364679 -4.426958 -0.329358
 H -1.320402 2.794589 -3.020276
 H -0.503852 3.144488 -1.631553
 H -2.667086 -2.545314 0.442452
 H -1.401690 -1.910022 1.114637
 H 0.327202 -3.768859 3.385413
 H -0.846214 -4.004184 2.291059
 H 2.594378 -4.753798 -3.741670
 H 1.706585 -3.485947 -3.535782
 H 5.641972 5.108661 0.784397
 H 6.738257 4.046679 0.918661
 H 4.673843 -4.229806 4.485198
 H 5.313120 -4.018258 5.796604
 H -1.153568 -1.083842 -3.537342
 H -2.152487 0.027179 -3.777033
 H -0.677532 1.958639 -4.746247
 H -2.108385 2.300271 -5.172289
 H 5.932586 1.543113 -0.816854
 H 4.482537 1.484717 -0.450109
 H 3.863438 1.028606 -2.779011
 H 3.780861 1.888425 -4.008891
 H -4.349679 5.014316 -7.399437
 H -5.023046 3.640650 -7.757617
 H 3.970194 -6.590302 0.924996
 H 4.352071 -5.508289 0.004620
 H 0.459688 -0.540197 -5.997425
 H 1.533954 0.581536 -6.139065
 H -3.644763 0.806463 -6.161089
 H -4.215139 1.682149 -4.942363
 H -0.117731 -0.126687 2.154726
 H 0.711549 -1.178004 1.348800
 H 6.884693 -2.600606 -4.355656
 H 5.666091 -1.955176 -3.908738
 H 4.418064 -0.799903 -0.946998
 H 3.721266 -1.897247 -0.066624
 H -0.773055 5.678636 2.831637
 H -1.181729 4.243143 3.454597
 H -3.461462 -0.450630 -2.346261
 H -4.917310 -0.978925 -2.104027
 H -1.225615 -5.812104 -0.356858
 H -0.936476 -4.347428 0.235053
 H 4.664642 3.547036 -8.015497
 H 5.166568 2.776263 -9.372836
 H 2.932703 4.430221 3.775447
 H 2.849851 5.838263 3.006506
 H -6.279958 6.132795 -3.273710
 H -6.308787 6.961139 -2.058049
 H 0.260906 1.557563 -2.618885
 H 1.606850 1.068750 -3.391807
 H -5.245379 -3.905340 -1.037505
 H -4.887096 -5.343161 -0.426662
 H -3.229009 6.561936 1.892661
 H -3.229690 7.379344 3.193516
 H -2.437882 3.614938 5.030040
 H -1.212797 3.249719 5.946265
 H -2.486989 0.188662 -0.151264
 H -4.000297 0.178649 -0.323040
 H -1.528359 -0.491167 3.738585
 H -0.969301 -1.811011 4.131866
 H 2.309765 2.114090 4.334350
 H 2.171669 2.740023 5.664697
 H -5.344805 0.266803 2.567750
 H -4.472547 1.287723 1.770886
 H 4.521021 5.733559 -2.036959
 H 3.228253 5.497896 -2.796873
 H 0.967622 -5.193939 -3.026543
 H 1.152928 -6.506040 -2.268131
 H -5.446775 4.212426 -5.071390
 H -4.894109 4.041473 -3.450609
 H 7.259746 1.063489 8.745896
 H 6.077147 0.992280 7.871054
 H -1.315443 2.037140 1.295730
 H -0.880653 1.768530 2.827568
 H 0.628835 -2.141424 -2.178341
 H 0.541489 -1.132093 -3.358458
 H -0.041672 -3.605795 -4.441569
 H -0.310752 -5.050787 -5.023775
 H 6.677873 -5.540198 4.944347
 H 6.361585 -6.604773 3.771779
 H 4.369964 -2.628666 1.702948
 H 2.989200 -3.327869 1.250102
 H 6.035153 -1.626599 2.361586
 H 5.781039 -0.553162 3.527095
 H 2.230109 3.538747 -4.158795
 H 1.042411 4.334464 -4.656643
 H 1.138598 -8.152691 0.083452
 H -0.359570 -7.703594 0.173492
 H -4.118759 -3.193761 -7.227762
 H -5.541992 -2.631595 -7.687366
 H -4.222809 2.744919 -0.730894
 H -4.514810 2.063383 -1.950160
 H 5.302272 4.402560 -4.279829
 H 4.341783 5.070214 -5.209686
 H 2.097193 -1.135371 -0.662358
 H 0.683350 -0.497037 -1.031007
 H -4.503729 -3.926666 1.927467
 H -6.025086 -4.372454 1.915099
 H 2.682156 1.714340 2.091135
 H 2.223239 3.097771 2.466449
K_POINTS
 1
0.0 0.0 0.0 1.0