
&control
    calculation='scf'
    pseudo_dir = './',
    outdir='./outputs',
    disk_io='high'
/
&system
    ibrav= 1, celldm(1)=20.000000, nat=  192, ntyp= 2,
    ecutwfc = 30.0, nosym=.true., occupations='smearing',
    smearing='m-v', degauss=0.025
/
&electrons
    conv_thr =  1.0d-8,
    mixing_beta = 0.7
/
&ions
    pot_extrapolation='second-order'
    wfc_extrapolation='second-order'
    ion_temperature = 'andersen'
    tempw = 1000

/
ATOMIC_SPECIES
 H  1.01  H.blyp-hgh.UPF
 O  16.0  O.blyp-hgh.UPF
ATOMIC_POSITIONS bohr
 O -6.060970 -1.818322 0.055627
 O 3.570420 -1.696900 6.597012
 O -5.911891 7.802840 -5.434329
 O 3.100591 2.804743 -0.454234
 O -3.994436 0.653340 4.743120
 O 0.516797 5.530788 5.785863
 O -3.102911 -5.972089 -2.764255
 O 4.725573 0.548721 5.024813
 O -2.115399 -6.323784 7.148980
 O 1.533039 -2.829589 3.991473
 O 1.872778 -5.670128 1.597155
 O -2.729686 -4.144294 5.141262
 O -2.809493 -7.184853 -0.135727
 O -3.170852 -3.109054 -4.346577
 O 3.064345 -3.796665 -0.644867
 O -1.005733 2.428975 -2.146319
 O -1.700747 -2.516036 0.381381
 O -0.522733 -4.246889 3.182542
 O 2.404801 -4.022732 -3.092442
 O 5.770720 4.170013 1.029390
 O 4.519366 -3.718895 5.302175
 O -2.100043 -0.877076 -3.386844
 O -1.258672 2.726044 -4.859448
 O 5.099933 1.110182 -1.156697
 O 3.252716 1.210553 -3.519944
 O -4.462431 4.076518 -7.079355
 O 4.763970 -6.031359 0.761146
 O 1.223686 -0.139927 -5.546635
 O -3.392434 1.362545 -5.395604
 O 0.134793 -1.073535 2.148979
 O 6.419913 -2.414388 -3.513682
 O 3.776815 -1.573362 -0.989049
 O -1.388038 4.911056 2.701825
 O -4.334840 -0.187268 -1.979191
 O -0.557614 -5.221779 0.021472
 O 5.410953 3.321194 -8.593135
 O 2.680600 5.359569 3.823286
 O -6.815457 6.889093 -2.967984
 O 0.746341 0.792027 -3.012062
 O -5.177245 -4.869511 -1.248376
 O -3.172911 7.490466 2.210079
 O -1.448646 3.471087 4.976893
 O -3.298744 0.527644 0.268775
 O -1.227270 -0.956429 4.541107
 O 2.556191 1.902261 5.319337
 O -5.360478 1.162601 2.116733
 O 3.684163 5.196146 -2.007445
 O 0.564963 -6.083287 -2.928321
 O -5.564656 4.418085 -4.102136
 O 6.728063 1.656295 8.170999
 O -0.666090 1.606141 1.883804
 O 0.687028 -2.079374 -3.147726
 O -0.128329 -4.132843 -5.269765
 O 6.902890 -5.825113 4.021051
 O 3.411539 -2.578313 1.694255
 O 6.423415 -1.248847 3.186836
 O 1.264719 3.442060 -4.277382
 O 0.276228 -8.224014 -0.393162
 O -4.902651 -2.658363 -6.954089
 O -4.812043 2.894416 -1.508329
 O 4.554546 4.186660 -4.879254
 O 1.123986 -1.117731 -0.405150
 O -5.446758 -3.607950 1.754886
 O 2.629154 2.285126 2.882717
 H -6.819255 -2.097416 -0.495505
 H -5.696603 -2.644117 0.497041
 H 2.844992 -1.047751 6.698449
 H 3.222214 -2.539916 6.225311
 H -6.167389 7.697109 -4.488499
 H -5.006604 8.075537 -5.172197
 H 3.327501 3.472364 -1.155184
 H 2.938621 2.006361 -1.023499
 H -3.949718 -0.316424 4.802711
 H -4.591139 0.878384 3.982687
 H 0.949397 6.389332 6.023395
 H 0.790309 5.431165 4.836166
 H -2.465417 -6.392678 -3.385199
 H -3.198549 -5.026870 -2.957456
 H 4.010447 1.216404 4.952528
 H 4.520152 -0.194836 5.612586
 H -2.944372 -6.805653 6.882574
 H -1.432789 -6.649006 6.502283
 H 1.185228 -2.115023 3.345745
 H 2.462740 -2.604873 4.094846
 H 1.309846 -5.437051 2.377881
 H 1.071085 -5.607177 0.968258
 H -2.393396 -4.782376 5.801786
 H -1.914315 -3.888387 4.638900
 H -2.370602 -8.044176 -0.006463
 H -3.231338 -7.158043 -1.035719
 H -2.841163 -2.202103 -4.108967
 H -3.071227 -3.328166 -5.290548
 H 2.961951 -3.774410 -1.623013
 H 2.370560 -4.418595 -0.332712
 H -1.325498 2.797051 -3.000708
 H -0.505078 3.157499 -1.653717
 H -2.668688 -2.568505 0.452639
 H -1.395187 -1.909111 1.112094
 H 0.330899 -3.780289 3.385059
 H -0.855642 -4.003208 2.305467
 H 2.593465 -4.737157 -3.766580
 H 1.712720 -3.493401 -3.547745
 H 5.644202 5.103895 0.791144
 H 6.743899 4.058038 0.891557
 H 4.647663 -4.248616 4.488759
 H 5.308109 -4.027692 5.811045
 H -1.159180 -1.092681 -3.545483
 H -2.157089 0.035398 -3.774558
 H -0.670423 1.958702 -4.732170
 H -2.119030 2.299467 -5.159491
 H 5.951617 1.507137 -0.833875
 H 4.492105 1.456008 -0.462609
 H 3.884268 1.045706 -2.789912
 H 3.776143 1.894825 -3.999348
 H -4.322273 5.016587 -7.411166
 H -5.018050 3.658965 -7.781593
 H 3.976361 -6.611570 0.900626
 H 4.388713 -5.533647 -0.026772
 H 0.452343 -0.529764 -6.009038
 H 1.547773 0.570208 -6.143531
 H -3.667889 0.791369 -6.148146
 H -4.192103 1.719496 -4.949637
 H -0.102751 -0.117321 2.177500
 H 0.724827 -1.194906 1.352260
 H 6.897377 -2.588976 -4.351859
 H 5.676699 -1.955284 -3.924245
 H 4.424886 -0.814475 -0.965896
 H 3.713855 -1.879835 -0.053952
 H -0.788024 5.674973 2.833336
 H -1.193495 4.233486 3.438891
 H -3.451139 -0.444563 -2.324537
 H -4.912478 -0.977770 -2.097795
 H -1.237300 -5.825269 -0.351922
 H -0.959154 -4.352393 0.226905
 H 4.671350 3.512097 -7.989786
 H 5.143758 2.759484 -9.346424
 H 2.947016 4.433953 3.777494
 H 2.832611 5.828081 2.981019
 H -6.279944 6.139662 -3.255191
 H -6.301357 7.020348 -2.064232
 H 0.281241 1.564919 -2.608385
 H 1.614532 1.058005 -3.377154
 H -5.223809 -3.898885 -1.005779
 H -4.876314 -5.345856 -0.444057
 H -3.235905 6.561696 1.886697
 H -3.195480 7.397313 3.189277
 H -2.431683 3.591265 5.032790
 H -1.201700 3.233097 5.942945
 H -2.482249 0.190493 -0.140688
 H -4.010156 0.196689 -0.324421
 H -1.539040 -0.481959 3.753372
 H -0.983909 -1.809378 4.107280
 H 2.305679 2.137980 4.354808
 H 2.165406 2.720500 5.684628
 H -5.343321 0.254659 2.559914
 H -4.461385 1.281899 1.760306
 H 4.509683 5.746826 -2.053892
 H 3.202376 5.496363 -2.792461
 H 0.985105 -5.212304 -3.020441
 H 1.140154 -6.544280 -2.284909
 H -5.433969 4.185150 -5.065015
 H -4.916045 4.049452 -3.449167
 H 7.280097 1.064615 8.733815
 H 6.091110 0.983539 7.871418
 H -1.320501 2.049685 1.294507
 H -0.873854 1.754733 2.825645
 H 0.618050 -2.115912 -2.176919
 H 0.550247 -1.120282 -3.367551
 H -0.055862 -3.587964 -4.446957
 H -0.304305 -5.052489 -5.008255
 H 6.657753 -5.559968 4.951459
 H 6.368166 -6.608394 3.769350
 H 4.369004 -2.638552 1.715198
 H 2.987075 -3.321864 1.272074
 H 6.065383 -1.633111 2.350498
 H 5.767912 -0.599419 3.542077
 H 2.233549 3.527099 -4.172027
 H 1.055987 4.330080 -4.654486
 H 1.133427 -8.134911 0.089728
 H -0.349068 -7.690737 0.163369
 H -4.133445 -3.211178 -7.240618
 H -5.544507 -2.615205 -7.700341
 H -4.238863 2.759832 -0.723804
 H -4.527661 2.053045 -1.939925
 H 5.306847 4.390706 -4.274952
 H 4.343787 5.072298 -5.199326
 H 2.090466 -1.158728 -0.648042
 H 0.672064 -0.516488 -1.043138
 H -4.508268 -3.957453 1.908558
 H -6.048706 -4.358087 1.898853
 H 2.690069 1.716856 2.102682
 H 2.250628 3.096921 2.448864
K_POINTS
 1
0.0 0.0 0.0 1.0