
&control
    calculation='scf'
    pseudo_dir = './',
    outdir='./outputs',
    disk_io='high'
/
&system
    ibrav= 1, celldm(1)=20.000000, nat=  192, ntyp= 2,
    ecutwfc = 30.0, nosym=.true., occupations='smearing',
    smearing='m-v', degauss=0.025
/
&electrons
    conv_thr =  1.0d-8,
    mixing_beta = 0.7
/
&ions
    pot_extrapolation='second-order'
    wfc_extrapolation='second-order'
    ion_temperature = 'andersen'
    tempw = 1000

/
ATOMIC_SPECIES
 H  1.01  H.blyp-hgh.UPF
 O  16.0  O.blyp-hgh.UPF
ATOMIC_POSITIONS bohr
 O -5.272591 -1.447264 -1.712670
 O 3.814704 -2.021129 5.396667
 O -5.753678 5.551362 -5.400626
 O -0.136785 3.898246 -1.424039
 O -4.759691 0.786597 3.968444
 O -0.227575 5.517280 5.265817
 O -0.152267 -5.420765 -3.376719
 O 2.516060 0.057357 3.582452
 O -2.853723 -5.314890 5.695659
 O 2.070325 -2.763981 2.049740
 O 2.593799 -6.134253 2.902264
 O -3.996026 -2.967737 4.520727
 O -4.434337 -5.794904 0.710955
 O -3.622918 -5.729505 -3.855380
 O 2.500381 -2.826287 -2.379172
 O -2.065533 2.444472 0.799397
 O -1.216958 -1.881347 1.990748
 O 0.241799 -4.180666 3.782467
 O 5.347048 -4.430583 -4.998807
 O 5.361206 5.016576 2.231318
 O 5.853148 -3.029599 3.261648
 O -3.232822 -2.797638 -3.897116
 O -0.895575 2.705432 -4.939338
 O 3.963932 2.371167 2.943215
 O 2.338794 1.465443 -3.162437
 O -4.779655 2.574477 -6.300577
 O 4.517587 -5.999367 -1.231229
 O 2.038598 -1.233239 -4.705823
 O -2.080485 0.084116 -4.852370
 O 0.973658 -0.330204 0.854036
 O 4.726688 -1.732485 -3.568441
 O 5.277525 0.157021 -0.219596
 O -0.143887 4.660175 2.057458
 O -4.847240 0.755204 -4.041945
 O 0.763244 -3.840465 -0.410926
 O 4.496688 3.910364 -4.562078
 O 3.312492 5.438100 5.839059
 O -5.382974 4.147118 -1.991586
 O -0.404757 0.945085 -1.812427
 O -3.119607 -3.639032 -0.917970
 O -2.724841 5.494033 3.263118
 O -1.638053 2.824314 4.307455
 O -2.539243 -0.420426 -0.744588
 O -1.518916 -2.042670 4.801357
 O 0.626074 1.909217 5.053638
 O -4.618026 3.249840 1.345576
 O 3.005276 4.053901 -0.712534
 O 2.709449 -5.962220 -3.714455
 O -2.467478 4.433540 -2.338144
 O 5.233192 0.633216 5.468458
 O -2.894905 0.323859 1.955751
 O -0.698752 -2.303633 -2.549907
 O 0.050521 -3.425909 -5.459584
 O 5.795763 -5.916401 4.238191
 O 4.897619 -3.222715 -0.073491
 O 4.588518 -0.733443 2.446393
 O 1.292651 4.336275 -4.315935
 O -0.810228 -5.880594 0.385343
 O -5.463656 -1.564130 -5.749074
 O -4.679348 1.246352 -0.778482
 O 5.137000 1.422243 -2.276332
 O 2.869356 -0.310387 -1.261314
 O -5.257576 -1.363426 1.358147
 O 1.607336 2.470740 1.417630
 H -5.327118 -1.696751 -0.763044
 H -4.617455 -0.711536 -1.644902
 H 3.995357 -2.847887 5.908915
 H 3.293601 -2.402331 4.647064
 H -6.585091 5.070484 -5.141607
 H -5.243842 4.832907 -5.830637
 H -0.094268 2.924056 -1.729964
 H 0.577471 4.411734 -1.854289
 H -5.718032 1.029638 4.078761
 H -4.403235 1.423075 4.645781
 H 0.150884 6.371593 4.938577
 H 0.216300 5.266806 6.101656
 H -0.520574 -5.368097 -2.474465
 H -0.967790 -5.402624 -3.919680
 H 3.006719 0.920953 3.512231
 H 1.608740 0.326885 3.830183
 H -3.257211 -5.331126 6.604135
 H -1.924686 -5.622398 5.829724
 H 1.920012 -1.930646 1.533827
 H 2.992983 -3.067197 2.092648
 H 3.261681 -6.608199 2.354456
 H 1.726996 -6.523787 2.625630
 H -3.384311 -3.722016 4.286589
 H -4.759517 -3.338611 3.952571
 H -4.405571 -6.694703 0.312074
 H -3.914129 -5.196691 0.113447
 H -4.285386 -5.051855 -3.612954
 H -3.858183 -6.488838 -3.281572
 H 2.641924 -1.892079 -2.039335
 H 1.701010 -3.204986 -1.957140
 H -1.144403 2.641130 1.038297
 H -2.311602 1.502744 1.041874
 H -0.970808 -0.973931 1.667360
 H -1.129516 -1.904455 2.983762
 H 0.820415 -4.575829 3.096775
 H -0.612409 -4.107013 3.304772
 H 6.258903 -4.536244 -4.649362
 H 5.327346 -3.442285 -5.015571
 H 5.578125 5.333302 3.146281
 H 6.199291 5.021115 1.737947
 H 5.437042 -2.183619 2.955316
 H 5.571019 -3.733698 2.638399
 H -2.276086 -2.618606 -3.979350
 H -3.650117 -2.900898 -4.771091
 H -0.459861 2.825218 -4.071304
 H -1.454175 1.884564 -4.855732
 H 4.854366 2.772563 3.008843
 H 3.453447 2.953794 2.337731
 H 2.596698 0.776292 -3.833854
 H 1.538699 1.899215 -3.523862
 H -4.997015 1.859269 -5.665862
 H -3.993920 2.995899 -5.893858
 H 4.009718 -5.163552 -1.093215
 H 5.389719 -5.753796 -0.857827
 H 2.768103 -1.455040 -5.343448
 H 1.324870 -0.795266 -5.208882
 H -1.647448 -0.284069 -5.651510
 H -3.047543 0.139020 -5.012650
 H 0.811898 0.535392 1.282491
 H 1.794316 -0.042334 0.403953
 H 4.042746 -2.269187 -3.097543
 H 5.455315 -1.605885 -2.916826
 H 5.560104 0.916516 -0.763969
 H 5.437084 -0.566711 -0.848090
 H -0.168621 4.043428 2.838704
 H -0.823484 5.331835 2.284574
 H -5.026304 0.498561 -3.110417
 H -5.808896 0.857813 -4.258680
 H 0.412418 -4.674443 -0.017298
 H 1.435501 -3.612777 0.276840
 H 3.941302 4.310036 -5.288629
 H 4.740067 3.043493 -4.944200
 H 3.293584 5.527848 4.853968
 H 2.667216 6.139391 6.071163
 H -5.542672 3.620972 -1.178788
 H -4.366796 4.270382 -1.938939
 H 0.064045 0.252173 -2.315010
 H -0.561417 0.531506 -0.925515
 H -3.534784 -2.892764 -1.451964
 H -2.311132 -3.881611 -1.420630
 H -3.615434 5.714606 2.924750
 H -2.698931 5.750577 4.219992
 H -1.283314 2.346443 3.539776
 H -2.021245 3.677408 4.017505
 H -2.200290 -1.336728 -0.697336
 H -3.091639 -0.433757 0.069850
 H -2.459316 -2.338766 4.776529
 H -1.102151 -2.616305 5.499925
 H 1.193410 1.447843 5.697387
 H -0.083590 2.381033 5.572718
 H -4.938778 3.396857 2.255436
 H -3.705073 2.848419 1.419874
 H 3.496436 4.882759 -0.470102
 H 2.964797 4.197020 -1.681726
 H 3.603070 -5.553224 -3.774045
 H 2.183169 -5.485309 -3.040212
 H -2.466008 3.991039 -3.214262
 H -1.513801 4.229776 -2.041477
 H 5.791996 -0.175917 5.488560
 H 4.349744 0.294150 5.222506
 H -2.298016 -0.446382 1.998589
 H -3.375777 0.247433 2.816544
 H 0.279874 -2.392190 -2.575541
 H -0.823514 -2.252439 -1.582795
 H -0.018513 -3.153125 -4.516451
 H 0.701291 -2.811514 -5.851109
 H 5.254213 -6.363750 4.932825
 H 6.417432 -5.426093 4.811300
 H 5.867105 -3.140429 -0.201713
 H 4.634581 -2.275251 -0.121416
 H 4.717026 0.186009 2.137838
 H 3.607054 -0.807316 2.453376
 H 1.172666 4.150037 -5.257192
 H 1.703467 5.207792 -4.116751
 H -1.278642 -6.705270 0.630678
 H -1.528823 -5.247605 0.184438
 H -4.962917 -2.022882 -6.463212
 H -4.925395 -0.921177 -5.235591
 H -4.656721 2.177541 -1.047504
 H -4.670269 1.261575 0.200046
 H 5.763635 2.178354 -2.274157
 H 4.324864 1.782034 -2.703077
 H 3.685210 0.205124 -1.065446
 H 2.322548 0.290489 -1.821464
 H -6.182967 -1.244194 1.670249
 H -4.687701 -1.460478 2.138111
 H 0.678230 2.689215 1.639108
 H 1.846218 3.055866 0.650813
K_POINTS
 1
0.0 0.0 0.0 1.0