
&control
    calculation='scf'
    pseudo_dir = './',
    outdir='./outputs',
    disk_io='high'
/
&system
    ibrav= 1, celldm(1)=20.000000, nat=  192, ntyp= 2,
    ecutwfc = 30.0, nosym=.true., occupations='smearing',
    smearing='m-v', degauss=0.025
/
&electrons
    conv_thr =  1.0d-8,
    mixing_beta = 0.7
/
&ions
    pot_extrapolation='second-order'
    wfc_extrapolation='second-order'
    ion_temperature = 'andersen'
    tempw = 1000

/
ATOMIC_SPECIES
 H  1.01  H.blyp-hgh.UPF
 O  16.0  O.blyp-hgh.UPF
ATOMIC_POSITIONS bohr
 O -6.057495 -1.816404 0.056407
 O 3.571684 -1.695498 6.609479
 O -5.914223 7.804454 -5.435294
 O 3.091051 2.804443 -0.450676
 O -3.983110 0.645885 4.744680
 O 0.515397 5.529997 5.786880
 O -3.102326 -5.980808 -2.766256
 O 4.727791 0.551563 5.033783
 O -2.110388 -6.323801 7.153639
 O 1.529006 -2.821585 3.995257
 O 1.871981 -5.678514 1.601038
 O -2.727185 -4.142721 5.146811
 O -2.800302 -7.182848 -0.139580
 O -3.168783 -3.104542 -4.341549
 O 3.068722 -3.795042 -0.643090
 O -1.004943 2.422062 -2.141163
 O -1.706868 -2.516073 0.371174
 O -0.523185 -4.239980 3.187308
 O 2.398354 -4.031257 -3.087601
 O 5.779136 4.166328 1.024379
 O 4.521223 -3.722991 5.301097
 O -2.102465 -0.873055 -3.387887
 O -1.251953 2.719310 -4.861122
 O 5.110062 1.098483 -1.179193
 O 3.251409 1.205157 -3.516488
 O -4.462896 4.081690 -7.086913
 O 4.759402 -6.034306 0.766005
 O 1.215936 -0.131519 -5.544389
 O -3.386361 1.365417 -5.398158
 O 0.135271 -1.069916 2.151801
 O 6.420670 -2.410476 -3.513090
 O 3.771585 -1.569332 -0.987190
 O -1.387955 4.909099 2.701082
 O -4.331020 -0.187174 -1.972782
 O -0.568827 -5.229145 0.018974
 O 5.408333 3.336215 -8.598234
 O 2.674169 5.355025 3.802016
 O -6.807033 6.896448 -2.972595
 O 0.747463 0.790077 -3.013004
 O -5.191553 -4.867711 -1.251867
 O -3.181635 7.491806 2.200773
 O -1.436904 3.479984 4.974691
 O -3.300199 0.531999 0.263827
 O -1.219633 -0.960437 4.543428
 O 2.568275 1.900304 5.322785
 O -5.348195 1.162683 2.116257
 O 3.677288 5.189727 -2.010148
 O 0.556401 -6.085721 -2.921321
 O -5.576233 4.417876 -4.108161
 O 6.726339 1.648019 8.186163
 O -0.668450 1.605002 1.888361
 O 0.678948 -2.068537 -3.148424
 O -0.124947 -4.134763 -5.264881
 O 6.902928 -5.826953 4.022968
 O 3.415253 -2.566590 1.701574
 O 6.426035 -1.260857 3.191009
 O 1.258867 3.438134 -4.275360
 O 0.275638 -8.221240 -0.401404
 O -4.905926 -2.661113 -6.963256
 O -4.809785 2.904467 -1.519863
 O 4.555959 4.186068 -4.878085
 O 1.116867 -1.113780 -0.404922
 O -5.445929 -3.605409 1.762078
 O 2.634213 2.287214 2.892214
 H -6.806294 -2.091210 -0.512762
 H -5.676805 -2.645270 0.474741
 H 2.828463 -1.063155 6.709850
 H 3.226136 -2.544203 6.263066
 H -6.182341 7.704719 -4.487682
 H -5.018166 8.091790 -5.172733
 H 3.356905 3.471170 -1.152068
 H 2.946350 2.032206 -1.055757
 H -3.939700 -0.320613 4.786312
 H -4.612163 0.889745 4.020884
 H 0.934780 6.395347 6.008817
 H 0.762150 5.467804 4.827134
 H -2.471855 -6.382443 -3.411309
 H -3.198324 -5.035088 -2.973284
 H 3.989840 1.199950 4.964557
 H 4.527154 -0.196078 5.603866
 H -2.941881 -6.810736 6.908084
 H -1.449119 -6.653140 6.485337
 H 1.191770 -2.101858 3.342725
 H 2.463574 -2.593396 4.106667
 H 1.300717 -5.417941 2.368837
 H 1.064794 -5.611425 0.978873
 H -2.382540 -4.783318 5.804115
 H -1.928417 -3.857569 4.622064
 H -2.351747 -8.033656 -0.009553
 H -3.237577 -7.168153 -1.035362
 H -2.820530 -2.203818 -4.115366
 H -3.073750 -3.315935 -5.287105
 H 2.940025 -3.784302 -1.618048
 H 2.377248 -4.409654 -0.337677
 H -1.329319 2.800482 -2.982037
 H -0.508846 3.167677 -1.678422
 H -2.670441 -2.591300 0.463387
 H -1.388660 -1.909538 1.107776
 H 0.334831 -3.791499 3.384652
 H -0.865245 -4.001616 2.318995
 H 2.594236 -4.716564 -3.788047
 H 1.719989 -3.496639 -3.558725
 H 5.645553 5.101312 0.796857
 H 6.746166 4.068141 0.865385
 H 4.619737 -4.266633 4.492216
 H 5.303111 -4.034942 5.828400
 H -1.164676 -1.103178 -3.551852
 H -2.162990 0.041553 -3.772671
 H -0.660975 1.958966 -4.718069
 H -2.130834 2.296924 -5.146305
 H 5.969134 1.470245 -0.853577
 H 4.502533 1.428341 -0.475997
 H 3.905323 1.061361 -2.799252
 H 3.769406 1.900886 -3.990779
 H -4.297015 5.014257 -7.422354
 H -5.013712 3.677445 -7.804274
 H 3.984406 -6.631967 0.877723
 H 4.428002 -5.558201 -0.055402
 H 0.446101 -0.519053 -6.021575
 H 1.561518 0.559620 -6.148533
 H -3.692445 0.779614 -6.136725
 H -4.170617 1.755880 -4.960146
 H -0.086908 -0.107790 2.198485
 H 0.736130 -1.209819 1.354951
 H 6.913036 -2.578123 -4.346885
 H 5.682665 -1.954339 -3.938660
 H 4.429040 -0.829010 -0.985203
 H 3.706158 -1.863066 -0.040928
 H -0.804309 5.670445 2.835793
 H -1.206041 4.228801 3.421279
 H -3.440766 -0.439862 -2.303000
 H -4.907558 -0.976144 -2.092267
 H -1.249853 -5.836704 -0.346502
 H -0.983528 -4.356899 0.217374
 H 4.678397 3.474732 -7.964826
 H 5.120411 2.743751 -9.318815
 H 2.963282 4.437433 3.777563
 H 2.815803 5.815796 2.954356
 H -6.278121 6.142634 -3.240650
 H -6.296340 7.083198 -2.076231
 H 0.300420 1.572552 -2.598256
 H 1.622862 1.047501 -3.362503
 H -5.202543 -3.896853 -0.975221
 H -4.865775 -5.347016 -0.462375
 H -3.241774 6.562712 1.880760
 H -3.161300 7.415625 3.184951
 H -2.424300 3.566544 5.035192
 H -1.190510 3.217372 5.935741
 H -2.477566 0.192552 -0.129981
 H -4.019904 0.213861 -0.327189
 H -1.550906 -0.470945 3.768864
 H -0.997882 -1.806227 4.085070
 H 2.303845 2.155923 4.377910
 H 2.159805 2.700722 5.709824
 H -5.342643 0.244005 2.547847
 H -4.449739 1.274895 1.748762
 H 4.497508 5.759920 -2.072471
 H 3.176224 5.494232 -2.788982
 H 1.003174 -5.229405 -3.012541
 H 1.125657 -6.582606 -2.301539
 H -5.418388 4.156929 -5.054101
 H -4.939831 4.057212 -3.451636
 H 7.299752 1.065874 8.723524
 H 6.103576 0.975591 7.869142
 H -1.324545 2.060936 1.296689
 H -0.869060 1.743463 2.822900
 H 0.607614 -2.090529 -2.173706
 H 0.563178 -1.107884 -3.376152
 H -0.071509 -3.571575 -4.454028
 H -0.299041 -5.053368 -4.990342
 H 6.637941 -5.581384 4.955590
 H 6.374336 -6.611541 3.768202
 H 4.369958 -2.651515 1.726704
 H 2.986350 -3.320118 1.291708
 H 6.097135 -1.637887 2.340991
 H 5.753270 -0.646896 3.558054
 H 2.237455 3.514472 -4.184859
 H 1.067922 4.323847 -4.651914
 H 1.126622 -8.118884 0.093846
 H -0.336344 -7.679243 0.151844
 H -4.149607 -3.227525 -7.253758
 H -5.545213 -2.598037 -7.712517
 H -4.255320 2.777009 -0.715726
 H -4.542605 2.043531 -1.931129
 H 5.312757 4.376239 -4.268826
 H 4.344160 5.075782 -5.190746
 H 2.083009 -1.181606 -0.635435
 H 0.663289 -0.535280 -1.054229
 H -4.515366 -3.989918 1.890509
 H -6.071754 -4.344899 1.883155
 H 2.698547 1.716280 2.113379
 H 2.278722 3.093607 2.433055
K_POINTS
 1
0.0 0.0 0.0 1.0