
&control
    calculation='scf'
    pseudo_dir = './',
    outdir='./outputs',
    disk_io='high'
/
&system
    ibrav= 1, celldm(1)=20.000000, nat=  192, ntyp= 2,
    ecutwfc = 30.0, nosym=.true., occupations='smearing',
    smearing='m-v', degauss=0.025
/
&electrons
    conv_thr =  1.0d-8,
    mixing_beta = 0.7
/
&ions
    pot_extrapolation='second-order'
    wfc_extrapolation='second-order'
    ion_temperature = 'andersen'
    tempw = 1000

/
ATOMIC_SPECIES
 H  1.01  H.blyp-hgh.UPF
 O  16.0  O.blyp-hgh.UPF
ATOMIC_POSITIONS bohr
 O -6.054759 -1.815009 0.056874
 O 3.572778 -1.694322 6.618897
 O -5.915754 7.805473 -5.435672
 O 3.083819 2.804106 -0.448419
 O -3.974601 0.640275 4.745550
 O 0.514464 5.529700 5.787511
 O -3.101888 -5.987699 -2.767613
 O 4.730023 0.553791 5.040064
 O -2.106823 -6.324013 7.156674
 O 1.525624 -2.815119 3.997717
 O 1.870602 -5.684598 1.603786
 O -2.725068 -4.141563 5.150747
 O -2.793589 -7.181202 -0.142539
 O -3.167424 -3.101451 -4.337617
 O 3.071938 -3.794345 -0.641418
 O -1.004307 2.417257 -2.136796
 O -1.711297 -2.516011 0.363724
 O -0.523595 -4.235059 3.191162
 O 2.393471 -4.038163 -3.084718
 O 5.786004 4.163117 1.020607
 O 4.522708 -3.726396 5.300026
 O -2.104219 -0.869613 -3.388825
 O -1.247151 2.714324 -4.862459
 O 5.117756 1.089618 -1.195825
 O 3.250995 1.201414 -3.513987
 O -4.463082 4.085919 -7.092756
 O 4.755467 -6.036122 0.769218
 O 1.209957 -0.125358 -5.542864
 O -3.381366 1.367564 -5.399556
 O 0.135789 -1.067467 2.153822
 O 6.421365 -2.407397 -3.512788
 O 3.767879 -1.565889 -0.985756
 O -1.387920 4.907339 2.700438
 O -4.328363 -0.187045 -1.968112
 O -0.576994 -5.234666 0.017217
 O 5.406496 3.347701 -8.601935
 O 2.669149 5.351811 3.786387
 O -6.800816 6.902004 -2.975524
 O 0.748068 0.788262 -3.013511
 O -5.202044 -4.865823 -1.253957
 O -3.188170 7.492723 2.193805
 O -1.428270 3.486560 4.973305
 O -3.301161 0.535473 0.260437
 O -1.213967 -0.963668 4.545037
 O 2.576749 1.899382 5.325228
 O -5.338948 1.162629 2.116193
 O 3.672108 5.184967 -2.012042
 O 0.549923 -6.087840 -2.916175
 O -5.584617 4.418014 -4.112638
 O 6.724997 1.641665 8.197747
 O -0.670155 1.604089 1.891482
 O 0.672550 -2.060340 -3.149149
 O -0.122226 -4.136112 -5.261241
 O 6.902896 -5.828295 4.024656
 O 3.417844 -2.557153 1.707380
 O 6.427979 -1.269837 3.194072
 O 1.254858 3.435437 -4.273922
 O 0.275261 -8.218923 -0.407250
 O -4.908395 -2.663005 -6.970249
 O -4.807791 2.911639 -1.528418
 O 4.556553 4.185601 -4.877321
 O 1.111437 -1.110897 -0.404677
 O -5.445158 -3.603616 1.767394
 O 2.637832 2.289328 2.898732
 H -6.796392 -2.087107 -0.525872
 H -5.663386 -2.645128 0.458770
 H 2.814438 -1.075779 6.719006
 H 3.229772 -2.546278 6.291411
 H -6.197249 7.708982 -4.486681
 H -5.025674 8.104976 -5.176224
 H 3.379245 3.470613 -1.147550
 H 2.950612 2.053075 -1.078549
 H -3.933029 -0.325645 4.772849
 H -4.627611 0.898161 4.050768
 H 0.923340 6.399045 5.997929
 H 0.740894 5.494597 4.822176
 H -2.477152 -6.372594 -3.430565
 H -3.197565 -5.040944 -2.986082
 H 3.974701 1.185836 4.975706
 H 4.530003 -0.198723 5.598654
 H -2.938052 -6.813591 6.928181
 H -1.461377 -6.656796 6.473677
 H 1.198089 -2.093996 3.343487
 H 2.465539 -2.585259 4.115428
 H 1.295872 -5.403462 2.362862
 H 1.062531 -5.615532 0.986148
 H -2.374074 -4.784520 5.806363
 H -1.939818 -3.835388 4.610436
 H -2.338326 -8.026253 -0.012447
 H -3.240192 -7.175785 -1.034274
 H -2.805339 -2.205712 -4.121670
 H -3.074354 -3.304941 -5.284612
 H 2.923688 -3.791375 -1.615121
 H 2.382142 -4.403295 -0.341723
 H -1.331752 2.803562 -2.969426
 H -0.513082 3.173387 -1.697986
 H -2.671983 -2.608038 0.471923
 H -1.384113 -1.911196 1.102795
 H 0.338398 -3.799235 3.384397
 H -0.872667 -3.999793 2.327759
 H 2.596158 -4.698917 -3.801733
 H 1.726035 -3.496166 -3.565942
 H 5.645886 5.100970 0.800547
 H 6.746162 4.074688 0.846356
 H 4.597962 -4.279651 4.495062
 H 5.299092 -4.038957 5.842624
 H -1.168756 -1.111919 -3.555451
 H -2.168069 0.044614 -3.771605
 H -0.652427 1.959027 -4.707496
 H -2.139293 2.294022 -5.136074
 H 5.981268 1.442187 -0.869925
 H 4.511038 1.408274 -0.486642
 H 3.921060 1.071836 -2.805058
 H 3.762698 1.905090 -3.985181
 H -4.279494 5.009731 -7.430308
 H -5.010757 3.691430 -7.820145
 H 3.991282 -6.646700 0.861475
 H 4.458921 -5.576248 -0.074660
 H 0.442563 -0.510650 -6.031260
 H 1.571853 0.552348 -6.152728
 H -3.711491 0.773339 -6.128938
 H -4.155768 1.782553 -4.969847
 H -0.074285 -0.100933 2.212717
 H 0.742631 -1.219179 1.357123
 H 6.926672 -2.570474 -4.342088
 H 5.684091 -1.952962 -3.948696
 H 4.430794 -0.839178 -0.999844
 H 3.700447 -1.850724 -0.031599
 H -0.816470 5.667435 2.838408
 H -1.215578 4.227991 3.407628
 H -3.432946 -0.437336 -2.287051
 H -4.903830 -0.974770 -2.088653
 H -1.259805 -5.844208 -0.342155
 H -1.002464 -4.360577 0.209246
 H 4.684319 3.445237 -7.946478
 H 5.102881 2.732476 -9.297547
 H 2.976897 4.439669 3.776297
 H 2.803516 5.805188 2.933518
 H -6.275068 6.141822 -3.232315
 H -6.294211 7.131961 -2.089167
 H 0.314119 1.577967 -2.591105
 H 1.629718 1.039779 -3.351620
 H -5.186966 -3.898856 -0.953692
 H -4.858023 -5.347492 -0.476560
 H -3.245481 6.564165 1.876502
 H -3.135860 7.429422 3.181242
 H -2.417842 3.547415 5.036674
 H -1.182032 3.206254 5.927799
 H -2.474265 0.194137 -0.122032
 H -4.026782 0.226009 -0.330240
 H -1.560476 -0.461602 3.781308
 H -1.007789 -1.802955 4.070029
 H 2.303863 2.165539 4.396044
 H 2.156156 2.685665 5.732287
 H -5.342552 0.237548 2.536031
 H -4.440945 1.268755 1.739682
 H 4.487402 5.769233 -2.087407
 H 3.156718 5.491971 -2.786384
 H 1.017286 -5.241217 -3.005392
 H 1.113736 -6.611377 -2.313798
 H -5.405225 4.135320 -5.043553
 H -4.958283 4.062539 -3.455180
 H 7.314440 1.066315 8.717360
 H 6.111684 0.969781 7.865681
 H -1.326267 2.068049 1.301182
 H -0.867116 1.736972 2.821535
 H 0.600070 -2.071715 -2.170575
 H 0.575498 -1.098245 -3.382263
 H -0.084129 -3.560319 -4.460285
 H -0.295818 -5.053220 -4.975356
 H 6.623555 -5.598364 4.956503
 H 6.378630 -6.613775 3.767941
 H 4.372109 -2.663144 1.734941
 H 2.986799 -3.321177 1.305197
 H 6.121696 -1.640457 2.334852
 H 5.740925 -0.682688 3.570680
 H 2.239881 3.504194 -4.194220
 H 1.075439 4.318621 -4.650010
 H 1.120474 -8.108229 0.095203
 H -0.326019 -7.671219 0.142440
 H -4.162599 -3.239120 -7.263755
 H -5.544474 -2.584765 -7.720987
 H -4.268146 2.791354 -0.709598
 H -4.555116 2.037322 -1.925263
 H 5.317775 4.363774 -4.263763
 H 4.343524 5.079138 -5.185323
 H 2.076997 -1.198167 -0.627423
 H 0.658307 -0.548447 -1.062224
 H -4.522391 -4.015230 1.877787
 H -6.088373 -4.335478 1.871708
 H 2.705336 1.713633 2.120995
 H 2.300130 3.089877 2.422568
K_POINTS
 1
0.0 0.0 0.0 1.0