
&control
    calculation='scf'
    pseudo_dir = './',
    outdir='./outputs',
    disk_io='high'
/
&system
    ibrav= 1, celldm(1)=20.000000, nat=  192, ntyp= 2,
    ecutwfc = 30.0, nosym=.true., occupations='smearing',
    smearing='m-v', degauss=0.025
/
&electrons
    conv_thr =  1.0d-8,
    mixing_beta = 0.7
/
&ions
    pot_extrapolation='second-order'
    wfc_extrapolation='second-order'
    ion_temperature = 'andersen'
    tempw = 1000

/
ATOMIC_SPECIES
 H  1.01  H.blyp-hgh.UPF
 O  16.0  O.blyp-hgh.UPF
ATOMIC_POSITIONS bohr
 O -6.053825 -1.814551 0.057002
 O 3.573165 -1.693892 6.622053
 O -5.916237 7.805775 -5.435726
 O 3.081406 2.803988 -0.447761
 O -3.971760 0.638407 4.745790
 O 0.514173 5.529656 5.787691
 O -3.101738 -5.990048 -2.768049
 O 4.730870 0.554564 5.042068
 O -2.105668 -6.324121 7.157596
 O 1.524449 -2.812872 3.998467
 O 1.869989 -5.686581 1.604673
 O -2.724314 -4.141178 5.152012
 O -2.791391 -7.180621 -0.143542
 O -3.167007 -3.100476 -4.336280
 O 3.073005 -3.794201 -0.640811
 O -1.004088 2.415727 -2.135247
 O -1.712738 -2.515969 0.361286
 O -0.523751 -4.233476 3.192509
 O 2.391828 -4.040554 -3.083904
 O 5.788387 4.161970 1.019346
 O 4.523219 -3.727592 5.299627
 O -2.104791 -0.868388 -3.389165
 O -1.245610 2.712675 -4.862924
 O 5.120332 1.086643 -1.201327
 O 3.250975 1.200228 -3.513167
 O -4.463116 4.087385 -7.094740
 O 4.754070 -6.036651 0.770203
 O 1.207927 -0.123336 -5.542391
 O -3.379627 1.368271 -5.399931
 O 0.135998 -1.066703 2.154472
 O 6.421617 -2.406340 -3.512723
 O 3.766672 -1.564680 -0.985260
 O -1.387935 4.906695 2.700183
 O -4.327515 -0.186986 -1.966580
 O -0.579678 -5.236492 0.016656
 O 5.405890 3.351567 -8.603141
 O 2.667437 5.350776 3.781238
 O -6.798774 6.903872 -2.976406
 O 0.748221 0.787600 -3.013639
 O -5.205488 -4.865071 -1.254544
 O -3.190344 7.493017 2.191491
 O -1.425430 3.488730 4.972894
 O -3.301460 0.536674 0.259371
 O -1.212095 -0.964781 4.545541
 O 2.579460 1.899180 5.326034
 O -5.335856 1.162585 2.116226
 O 3.670383 5.183404 -2.012661
 O 0.547751 -6.088601 -2.914481
 O -5.587358 4.418121 -4.114126
 O 6.724538 1.639533 8.201641
 O -0.670713 1.603776 1.892441
 O 0.670353 -2.057592 -3.149421
 O -0.121285 -4.136550 -5.260033
 O 6.902871 -5.828737 4.025270
 O 3.418669 -2.553901 1.709363
 O 6.428633 -1.272827 3.195081
 O 1.253614 3.434575 -4.273454
 O 0.275159 -8.218110 -0.409136
 O -4.909222 -2.663602 -6.972603
 O -4.807066 2.913956 -1.531245
 O 4.556662 4.185444 -4.877086
 O 1.109611 -1.109962 -0.404570
 O -5.444878 -3.603050 1.769146
 O 2.639009 2.290126 2.900783
 H -6.793034 -2.085843 -0.530239
 H -5.659198 -2.644899 0.453613
 H 2.809517 -1.080190 6.722180
 H 3.231101 -2.546863 6.300812
 H -6.202857 7.710130 -4.486354
 H -5.027919 8.109568 -5.177945
 H 3.386698 3.470469 -1.145510
 H 2.951712 2.060207 -1.085866
 H -3.930969 -0.327716 4.768144
 H -4.632717 0.900933 4.060915
 H 0.919464 6.400192 5.994385
 H 0.733780 5.503326 4.820840
 H -2.479012 -6.368949 -3.436871
 H -3.197228 -5.042891 -2.990471
 H 3.969767 1.180783 4.979809
 H 4.530495 -0.200019 5.597231
 H -2.936461 -6.814374 6.935047
 H -1.465441 -6.658110 6.470020
 H 1.200433 -2.091767 3.344317
 H 2.466314 -2.582679 4.118323
 H 1.294671 -5.398626 2.361047
 H 1.062242 -5.617093 0.988389
 H -2.371173 -4.784961 5.807146
 H -1.943808 -3.828239 4.606849
 H -2.333967 -8.023925 -0.013511
 H -3.240651 -7.178338 -1.033740
 H -2.800342 -2.206419 -4.124009
 H -3.074321 -3.300969 -5.283821
 H 2.918317 -3.793627 -1.614283
 H 2.383647 -4.401352 -0.343025
 H -1.332534 2.804656 -2.965579
 H -0.514705 3.174947 -1.704597
 H -2.672538 -2.613536 0.474871
 H -1.382703 -1.912044 1.100752
 H 0.339756 -3.801623 3.384329
 H -0.875187 -3.999044 2.330337
 H 2.597094 -4.692701 -3.805850
 H 1.728149 -3.495449 -3.568097
 H 5.645863 5.101138 0.801687
 H 6.745945 4.076646 0.840115
 H 4.590593 -4.283904 4.496102
 H 5.297664 -4.040030 5.847493
 H -1.170115 -1.114962 -3.556424
 H -2.169857 0.045336 -3.771321
 H -0.649325 1.959004 -4.703977
 H -2.141878 2.292885 -5.132590
 H 5.985142 1.432795 -0.875640
 H 4.514013 1.401717 -0.490303
 H 3.926254 1.075052 -2.806764
 H 3.760116 1.906421 -3.983502
 H -4.273914 5.007773 -7.432878
 H -5.009813 3.696112 -7.825182
 H 3.993675 -6.651510 0.856228
 H 4.469461 -5.582212 -0.080612
 H 0.441641 -0.507762 -6.034504
 H 1.575306 0.550058 -6.154207
 H -3.717903 0.771779 -6.126462
 H -4.151080 1.791329 -4.973387
 H -0.069918 -0.098761 2.217134
 H 0.744346 -1.221890 1.357949
 H 6.931555 -2.568010 -4.340244
 H 5.684034 -1.952407 -3.951871
 H 4.431187 -0.842324 -1.004739
 H 3.698590 -1.846630 -0.028664
 H -0.820391 5.666641 2.839464
 H -1.218724 4.228122 3.403134
 H -3.430341 -0.436695 -2.281782
 H -4.902587 -0.974309 -2.087558
 H -1.263219 -5.846520 -0.340658
 H -1.008831 -4.361941 0.206344
 H 4.686495 3.435153 -7.940434
 H 5.097090 2.728811 -9.290377
 H 2.981712 4.440348 3.775627
 H 2.799484 5.801386 2.926412
 H -6.273707 6.140982 -3.229986
 H -6.293810 7.148410 -2.094230
 H 0.318565 1.579640 -2.588835
 H 1.632125 1.037228 -3.348019
 H -5.181873 -3.900232 -0.946854
 H -4.855464 -5.347666 -0.481349
 H -3.246581 6.564748 1.875139
 H -3.127445 7.434010 3.179844
 H -2.415500 3.540943 5.037094
 H -1.179179 3.202683 5.924696
 H -2.473228 0.194661 -0.119419
 H -4.028933 0.229903 -0.331440
 H -1.563771 -0.458310 3.785672
 H -1.010958 -1.801716 4.065318
 H 2.304107 2.168051 4.402088
 H 2.155070 2.680575 5.740444
 H -5.342586 0.235735 2.531586
 H -4.438045 1.266526 1.736605
 H 4.483800 5.772190 -2.092560
 H 3.150279 5.491051 -2.785436
 H 1.022106 -5.244970 -3.002769
 H 1.109567 -6.620964 -2.317836
 H -5.400604 4.128053 -5.039691
 H -4.964446 4.064164 -3.456530
 H 7.319370 1.066297 8.715635
 H 6.114137 0.967839 7.864201
 H -1.326539 2.070126 1.303269
 H -0.866819 1.735214 2.821365
 H 0.597618 -2.065505 -2.169477
 H 0.580084 -1.094976 -3.384233
 H -0.088492 -3.556763 -4.462520
 H -0.294874 -5.052981 -4.970073
 H 6.618880 -5.604163 4.956395
 H 6.379989 -6.614520 3.767931
 H 4.373078 -2.667357 1.737626
 H 2.987167 -3.321872 1.309520
 H 6.129982 -1.641145 2.332976
 H 5.736521 -0.694594 3.574997
 H 2.240494 3.500599 -4.197288
 H 1.077627 4.316875 -4.649424
 H 1.118260 -8.104963 0.095301
 H -0.322539 -7.668599 0.139199
 H -4.167072 -3.242871 -7.267111
 H -5.543988 -2.580280 -7.723680
 H -4.272541 2.796404 -0.707624
 H -4.559519 2.035478 -1.923416
 H 5.319504 4.359329 -4.262048
 H 4.343169 5.080351 -5.183676
 H 2.074916 -1.203541 -0.625064
 H 0.656935 -0.552592 -1.064882
 H -4.525057 -4.023824 1.873736
 H -6.093738 -4.332373 1.867950
 H 2.707686 1.712328 2.123502
 H 2.307302 3.088472 2.419340
K_POINTS
 1
0.0 0.0 0.0 1.0