
&control
    calculation='scf'
    pseudo_dir = './',
    outdir='./outputs',
    disk_io='high'
/
&system
    ibrav= 1, celldm(1)=20.000000, nat=  192, ntyp= 2,
    ecutwfc = 30.0, nosym=.true., occupations='smearing',
    smearing='m-v', degauss=0.025
/
&electrons
    conv_thr =  1.0d-8,
    mixing_beta = 0.7
/
&ions
    pot_extrapolation='second-order'
    wfc_extrapolation='second-order'
    ion_temperature = 'andersen'
    tempw = 1000

/
ATOMIC_SPECIES
 H  1.01  H.blyp-hgh.UPF
 O  16.0  O.blyp-hgh.UPF
ATOMIC_POSITIONS bohr
 O -6.049030 -1.812286 0.057392
 O 3.575200 -1.691339 6.637988
 O -5.918556 7.806974 -5.435404
 O 3.069429 2.803463 -0.445285
 O -3.957506 0.629078 4.746668
 O 0.512830 5.529836 5.788309
 O -3.100940 -6.002039 -2.770216
 O 4.735820 0.558666 5.051443
 O -2.100073 -6.324912 7.161530
 O 1.518427 -2.800957 4.001744
 O 1.865785 -5.696128 1.608923
 O -2.720184 -4.139265 5.157968
 O -2.780736 -7.177457 -0.148675
 O -3.165183 -3.096022 -4.329439
 O 3.078341 -3.794061 -0.637543
 O -1.002980 2.408604 -2.126869
 O -1.719682 -2.515603 0.349459
 O -0.524730 -4.226027 3.199723
 O 2.383428 -4.053056 -3.080944
 O 5.800854 4.155759 1.013003
 O 4.525876 -3.733989 5.297385
 O -2.107557 -0.861757 -3.391050
 O -1.238426 2.704492 -4.865394
 O 5.133210 1.071584 -1.228556
 O 3.251848 1.194779 -3.509109
 O -4.463109 4.094991 -7.104937
 O 4.746558 -6.038711 0.774463
 O 1.197485 -0.113486 -5.540351
 O -3.370487 1.371703 -5.401178
 O 0.137341 -1.063265 2.157514
 O 6.422972 -2.400782 -3.512732
 O 3.760758 -1.558308 -0.982570
 O -1.388378 4.903082 2.698385
 O -4.323537 -0.186543 -1.959109
 O -0.592892 -5.245421 0.014064
 O 5.402718 3.371127 -8.608917
 O 2.658587 5.345833 3.755934
 O -6.788834 6.913311 -2.980232
 O 0.748635 0.783951 -3.013948
 O -5.222233 -4.860296 -1.256596
 O -3.201159 7.494460 2.180061
 O -1.411550 3.499385 4.971210
 O -3.302829 0.543026 0.254543
 O -1.202912 -0.970530 4.547776
 O 2.592157 1.898957 5.330229
 O -5.320303 1.162167 2.116750
 O 3.661789 5.175878 -2.015769
 O 0.536824 -6.092785 -2.906184
 O -5.600692 4.419155 -4.121575
 O 6.722132 1.628827 8.221311
 O -0.673422 1.602145 1.896528
 O 0.658891 -2.043729 -3.150928
 O -0.116349 -4.138710 -5.254069
 O 6.902622 -5.830917 4.028708
 O 3.422530 -2.537044 1.719536
 O 6.431993 -1.287734 3.200079
 O 1.248200 3.430453 -4.271152
 O 0.274883 -8.213783 -0.418144
 O -4.913404 -2.666314 -6.984517
 O -4.802988 2.924961 -1.545147
 O 4.556526 4.184686 -4.876050
 O 1.100395 -1.105563 -0.403758
 O -5.443355 -3.600542 1.777721
 O 2.644710 2.294686 2.910062
 H -6.775614 -2.080268 -0.551737
 H -5.640425 -2.642538 0.429278
 H 2.783717 -1.103770 6.739004
 H 3.238525 -2.549966 6.347030
 H -6.234922 7.713920 -4.485559
 H -5.037143 8.133999 -5.190389
 H 3.423614 3.469932 -1.130513
 H 2.954573 2.096275 -1.120377
 H -3.921969 -0.340872 4.743010
 H -4.657979 0.914405 4.112711
 H 0.899907 6.405958 5.977958
 H 0.697991 5.544883 4.816206
 H -2.488937 -6.348587 -3.467194
 H -3.195161 -5.053059 -3.012811
 H 3.946313 1.152979 5.003019
 H 4.529736 -0.209812 5.592555
 H -2.926912 -6.817318 6.970402
 H -1.485374 -6.665298 6.453664
 H 1.213532 -2.083260 3.352419
 H 2.469895 -2.571152 4.132543
 H 1.291972 -5.374510 2.353464
 H 1.064035 -5.626434 0.997708
 H -2.355994 -4.786968 5.810756
 H -1.965257 -3.794827 4.591783
 H -2.312878 -8.013619 -0.019489
 H -3.239831 -7.191148 -1.029894
 H -2.775943 -2.210176 -4.137019
 H -3.072534 -3.279196 -5.280334
 H 2.892514 -3.803780 -1.610806
 H 2.389429 -4.393841 -0.348326
 H -1.336572 2.810245 -2.949519
 H -0.523720 3.180653 -1.737302
 H -2.675404 -2.640294 0.490457
 H -1.376652 -1.918594 1.087536
 H 0.348019 -3.811748 3.384140
 H -0.888014 -3.994169 2.340370
 H 2.604338 -4.660061 -3.823549
 H 1.739402 -3.487733 -3.576488
 H 5.644792 5.103551 0.806987
 H 6.744380 4.084552 0.809502
 H 4.553333 -4.304632 4.502294
 H 5.289626 -4.043533 5.871958
 H -1.176979 -1.130810 -3.559566
 H -2.179253 0.046937 -3.770601
 H -0.632292 1.958638 -4.686485
 H -2.151831 2.286072 -5.114609
 H 6.003574 1.385858 -0.905867
 H 4.529961 1.369967 -0.509373
 H 3.951410 1.088842 -2.813747
 H 3.744496 1.912623 -3.976774
 H -4.247747 4.995634 -7.445254
 H -5.005339 3.719588 -7.848205
 H 4.005909 -6.674886 0.831164
 H 4.523510 -5.611758 -0.106599
 H 0.439105 -0.492629 -6.050613
 H 1.592593 0.539526 -6.162040
 H -3.749879 0.768293 -6.114807
 H -4.129599 1.834312 -4.993094
 H -0.046792 -0.089235 2.236491
 H 0.749121 -1.231993 1.363250
 H 6.958236 -2.556216 -4.328869
 H 5.680512 -1.949369 -3.966161
 H 4.432302 -0.855414 -1.029227
 H 3.689959 -1.826133 -0.015933
 H -0.838170 5.665192 2.846389
 H -1.233717 4.230534 3.382475
 H -3.417478 -0.435014 -2.255821
 H -4.896443 -0.972194 -2.082979
 H -1.280955 -5.856806 -0.332887
 H -1.040505 -4.370350 0.190373
 H 4.699704 3.383215 -7.910896
 H 5.069111 2.711274 -9.254114
 H 3.007819 4.443570 3.770491
 H 2.779790 5.780368 2.889777
 H -6.264577 6.133314 -3.221097
 H -6.293993 7.231102 -2.125039
 H 0.339943 1.586446 -2.578570
 H 1.644952 1.024546 -3.330193
 H -5.157391 -3.912246 -0.915657
 H -4.842821 -5.349384 -0.505561
 H -3.251025 6.567999 1.868844
 H -3.086143 7.456675 3.170992
 H -2.402343 3.508017 5.038534
 H -1.164574 3.185827 5.906221
 H -2.468678 0.197153 -0.106776
 H -4.038077 0.248128 -0.338712
 H -1.580770 -0.440824 3.809598
 H -1.025609 -1.794692 4.043885
 H 2.306727 2.175968 4.430837
 H 2.150888 2.654218 5.785944
 H -5.343133 0.229352 2.505905
 H -4.424127 1.253930 1.721087
 H 4.463779 5.785503 -2.119452
 H 3.118842 5.484898 -2.779491
 H 1.046965 -5.262686 -2.987794
 H 1.087215 -6.668751 -2.337683
 H -5.376172 4.091396 -5.018732
 H -4.994431 4.070659 -3.463074
 H 7.344454 1.064578 8.709526
 H 6.124656 0.958019 7.854533
 H -1.325576 2.078230 1.318076
 H -0.868098 1.729619 2.823496
 H 0.585892 -2.035078 -2.164342
 H 0.606408 -1.078317 -3.393539
 H -0.111370 -3.540350 -4.474468
 H -0.291070 -5.050106 -4.941604
 H 6.596557 -5.633822 4.953100
 H 6.386221 -6.618446 3.768140
 H 4.379249 -2.690592 1.750708
 H 2.990966 -3.326723 1.330441
 H 6.171747 -1.643574 2.324620
 H 5.712371 -0.753733 3.597092
 H 2.241464 3.481309 -4.212182
 H 1.085899 4.308930 -4.647206
 H 1.106501 -8.090959 0.093127
 H -0.305857 -7.655288 0.122620
 H -4.190248 -3.260943 -7.284067
 H -5.539918 -2.557510 -7.736300
 H -4.295570 2.823527 -0.698908
 H -4.583085 2.028254 -1.914777
 H 5.328012 4.335100 -4.253871
 H 4.340628 5.086586 -5.176309
 H 2.063901 -1.229072 -0.615851
 H 0.652080 -0.570976 -1.078549
 H -4.540773 -4.067658 1.855154
 H -6.118843 -4.316612 1.849568
 H 2.720068 1.702844 2.136372
 H 2.343126 3.081013 2.405107
K_POINTS
 1
0.0 0.0 0.0 1.0