
&control
    calculation='scf'
    pseudo_dir = './',
    outdir='./outputs',
    disk_io='high'
/
&system
    ibrav= 1, celldm(1)=20.000000, nat=  192, ntyp= 2,
    ecutwfc = 30.0, nosym=.true., occupations='smearing',
    smearing='m-v', degauss=0.025
/
&electrons
    conv_thr =  1.0d-8,
    mixing_beta = 0.7
/
&ions
    pot_extrapolation='second-order'
    wfc_extrapolation='second-order'
    ion_temperature = 'andersen'
    tempw = 1000

/
ATOMIC_SPECIES
 H  1.01  H.blyp-hgh.UPF
 O  16.0  O.blyp-hgh.UPF
ATOMIC_POSITIONS bohr
 O -6.044103 -1.810008 0.057267
 O 3.577230 -1.687890 6.654255
 O -5.920921 7.807637 -5.434011
 O 3.057803 2.803239 -0.444276
 O -3.943179 0.619668 4.747079
 O 0.511604 5.530638 5.788402
 O -3.100031 -6.014134 -2.772556
 O 4.741805 0.562992 5.059922
 O -2.094605 -6.326013 7.164354
 O 1.512570 -2.788043 4.004452
 O 1.859780 -5.704994 1.612945
 O -2.715511 -4.137380 5.163339
 O -2.770640 -7.173861 -0.153930
 O -3.163764 -3.092247 -4.322452
 O 3.083709 -3.794773 -0.634174
 O -1.002004 2.402296 -2.117680
 O -1.726288 -2.515039 0.338186
 O -0.526109 -4.219363 3.207673
 O 2.374585 -4.066171 -3.079759
 O 5.813896 4.149030 1.006589
 O 4.528635 -3.740976 5.294876
 O -2.110155 -0.854482 -3.393161
 O -1.232180 2.696343 -4.868093
 O 5.145917 1.056167 -1.255445
 O 3.254469 1.190116 -3.504979
 O -4.462880 4.102739 -7.115549
 O 4.738377 -6.039813 0.777630
 O 1.186613 -0.104015 -5.538967
 O -3.360883 1.374901 -5.401456
 O 0.139193 -1.060443 2.160223
 O 6.424321 -2.394664 -3.513439
 O 3.754860 -1.551618 -0.979433
 O -1.389644 4.899048 2.695287
 O -4.319922 -0.185797 -1.951961
 O -0.605915 -5.253871 0.011840
 O 5.398916 3.390863 -8.614156
 O 2.649318 5.341131 3.731345
 O -6.779386 6.922718 -2.983414
 O 0.748543 0.779900 -3.013699
 O -5.238058 -4.853775 -1.257084
 O -3.211823 7.495978 2.169000
 O -1.398271 3.509686 4.970032
 O -3.304066 0.549982 0.250569
 O -1.194123 -0.976391 4.549486
 O 2.603457 1.900019 5.335203
 O -5.304550 1.161488 2.117763
 O 3.653303 5.168995 -2.019055
 O 0.525881 -6.097483 -2.898173
 O -5.613451 4.421088 -4.129133
 O 6.719506 1.618072 8.241216
 O -0.675917 1.600364 1.899516
 O 0.646663 -2.029612 -3.152544
 O -0.111050 -4.140935 -5.248271
 O 6.902146 -5.833126 4.032659
 O 3.426104 -2.519650 1.729942
 O 6.435507 -1.302475 3.205149
 O 1.244278 3.426493 -4.268877
 O 0.275055 -8.209147 -0.426593
 O -4.917645 -2.668525 -6.996601
 O -4.798181 2.935030 -1.558597
 O 4.555241 4.184045 -4.875224
 O 1.091085 -1.101736 -0.402376
 O -5.441726 -3.598759 1.785910
 O 2.650215 2.299849 2.917634
 H -6.756777 -2.075805 -0.572069
 H -5.625154 -2.638581 0.407737
 H 2.757335 -1.129847 6.757451
 H 3.247195 -2.555108 6.391215
 H -6.271775 7.714734 -4.487693
 H -5.043443 8.160726 -5.208440
 H 3.459225 3.469669 -1.106396
 H 2.952563 2.131348 -1.151644
 H -3.915316 -0.357533 4.715353
 H -4.682588 0.926806 4.165854
 H 0.880621 6.413073 5.964958
 H 0.661845 5.581859 4.814164
 H -2.499545 -6.326000 -3.494931
 H -3.193031 -5.064805 -3.034630
 H 3.925392 1.121443 5.030183
 H 4.524538 -0.224316 5.591191
 H -2.916663 -6.819525 7.006951
 H -1.504189 -6.673411 6.440804
 H 1.227827 -2.077778 3.365655
 H 2.470879 -2.562606 4.146195
 H 1.294975 -5.350752 2.348587
 H 1.070254 -5.638479 1.002818
 H -2.339614 -4.787670 5.812808
 H -1.988870 -3.766007 4.582485
 H -2.292788 -8.005777 -0.026378
 H -3.234112 -7.203950 -1.024812
 H -2.752721 -2.213654 -4.151181
 H -3.068389 -3.255091 -5.277886
 H 2.869469 -3.811515 -1.607664
 H 2.391208 -4.391273 -0.350188
 H -1.341280 2.814934 -2.939039
 H -0.532630 3.184316 -1.767270
 H -2.677673 -2.665570 0.507493
 H -1.372379 -1.928676 1.069687
 H 0.358596 -3.818399 3.384128
 H -0.900600 -3.987549 2.346005
 H 2.616626 -4.626898 -3.837883
 H 1.751717 -3.473518 -3.579889
 H 5.642438 5.106981 0.812270
 H 6.744453 4.089019 0.779358
 H 4.516215 -4.324795 4.510641
 H 5.279860 -4.044326 5.895067
 H -1.184084 -1.146982 -3.559806
 H -2.188909 0.046119 -3.771542
 H -0.613717 1.958341 -4.669365
 H -2.154859 2.277560 -5.095807
 H 6.021389 1.339567 -0.938097
 H 4.547604 1.340071 -0.529421
 H 3.974281 1.098536 -2.818719
 H 3.724407 1.918393 -3.973340
 H -4.223767 4.982256 -7.457328
 H -5.001305 3.742853 -7.867355
 H 4.017708 -6.697251 0.807784
 H 4.578976 -5.640942 -0.126118
 H 0.439832 -0.476501 -6.066323
 H 1.609683 0.530060 -6.169968
 H -3.780448 0.772380 -6.104193
 H -4.111047 1.875623 -5.015661
 H -0.021513 -0.082682 2.250916
 H 0.747311 -1.235894 1.370753
 H 6.988001 -2.545021 -4.313407
 H 5.673547 -1.947013 -3.977152
 H 4.433003 -0.862841 -1.053515
 H 3.682986 -1.805354 -0.007315
 H -0.852034 5.668933 2.856377
 H -1.246570 4.233139 3.367723
 H -3.405342 -0.435842 -2.230543
 H -4.890575 -0.970794 -2.079982
 H -1.299634 -5.865342 -0.324765
 H -1.070836 -4.382124 0.172082
 H 4.718486 3.329837 -7.882967
 H 5.044017 2.695558 -9.217589
 H 3.036954 4.447670 3.762592
 H 2.760798 5.756018 2.851689
 H -6.252721 6.122706 -3.215236
 H -6.297390 7.312579 -2.164457
 H 0.359869 1.589733 -2.570423
 H 1.658500 1.011705 -3.312513
 H -5.134937 -3.931366 -0.889878
 H -4.830374 -5.353867 -0.530052
 H -3.253604 6.570907 1.863553
 H -3.046736 7.478474 3.157831
 H -2.386876 3.474476 5.038669
 H -1.148972 3.170468 5.884162
 H -2.465450 0.199308 -0.095074
 H -4.043464 0.264156 -0.347794
 H -1.598090 -0.422363 3.837901
 H -1.037894 -1.787012 4.025457
 H 2.310669 2.177687 4.454131
 H 2.149436 2.625403 5.838137
 H -5.344145 0.227063 2.475441
 H -4.411784 1.238853 1.705753
 H 4.440231 5.795834 -2.147765
 H 3.089026 5.475655 -2.770704
 H 1.072556 -5.279797 -2.969612
 H 1.062148 -6.715923 -2.357118
 H -5.350384 4.054533 -4.996802
 H -5.021404 4.073623 -3.466365
 H 7.370050 1.059862 8.707190
 H 6.133008 0.948309 7.841740
 H -1.321458 2.083009 1.339196
 H -0.873870 1.729339 2.830936
 H 0.575175 -2.006022 -2.161220
 H 0.637904 -1.061501 -3.401827
 H -0.135796 -3.525806 -4.486974
 H -0.288668 -5.044085 -4.909987
 H 6.576080 -5.663662 4.946547
 H 6.391544 -6.622964 3.768119
 H 4.385825 -2.716429 1.763436
 H 2.998555 -3.331292 1.351343
 H 6.213205 -1.644851 2.317404
 H 5.685471 -0.812346 3.619019
 H 2.238308 3.459915 -4.226194
 H 1.089366 4.303526 -4.646690
 H 1.095202 -8.081072 0.086891
 H -0.292265 -7.640373 0.106254
 H -4.214182 -3.278281 -7.301346
 H -5.533643 -2.534306 -7.748030
 H -4.320463 2.853347 -0.693107
 H -4.608729 2.024685 -1.906768
 H 5.335165 4.308008 -4.247569
 H 4.337500 5.091963 -5.169692
 H 2.051739 -1.252019 -0.611246
 H 0.650293 -0.584685 -1.093457
 H -4.560334 -4.112154 1.839854
 H -6.140440 -4.299572 1.831879
 H 2.733405 1.689162 2.151127
 H 2.378225 3.074589 2.393485
K_POINTS
 1
0.0 0.0 0.0 1.0