
&control
    calculation='scf'
    pseudo_dir = './',
    outdir='./outputs',
    disk_io='high'
/
&system
    ibrav= 1, celldm(1)=20.000000, nat=  192, ntyp= 2,
    ecutwfc = 30.0, nosym=.true., occupations='smearing',
    smearing='m-v', degauss=0.025
/
&electrons
    conv_thr =  1.0d-8,
    mixing_beta = 0.7
/
&ions
    pot_extrapolation='second-order'
    wfc_extrapolation='second-order'
    ion_temperature = 'andersen'
    tempw = 1000

/
ATOMIC_SPECIES
 H  1.01  H.blyp-hgh.UPF
 O  16.0  O.blyp-hgh.UPF
ATOMIC_POSITIONS bohr
 O -6.043111 -1.809542 0.057170
 O 3.577612 -1.687075 6.657554
 O -5.921420 7.807704 -5.433598
 O 3.055541 2.803247 -0.444256
 O -3.940311 0.617758 4.747110
 O 0.511365 5.530871 5.788354
 O -3.099834 -6.016532 -2.773067
 O 4.743104 0.563846 5.061542
 O -2.093504 -6.326256 7.164789
 O 1.511464 -2.785366 4.004959
 O 1.858383 -5.706680 1.613734
 O -2.714524 -4.137011 5.164351
 O -2.768682 -7.173097 -0.154981
 O -3.163524 -3.091569 -4.321053
 O 3.084780 -3.795012 -0.633517
 O -1.001847 2.401125 -2.115783
 O -1.727587 -2.514915 0.335985
 O -0.526438 -4.218117 3.209336
 O 2.372748 -4.068829 -3.079721
 O 5.816534 4.147656 1.005298
 O 4.529188 -3.742429 5.294357
 O -2.110653 -0.852979 -3.393599
 O -1.231041 2.694707 -4.868654
 O 5.148418 1.053034 -1.260797
 O 3.255214 1.189272 -3.504127
 O -4.462817 4.104264 -7.117710
 O 4.736683 -6.039924 0.778139
 O 1.184401 -0.102156 -5.538781
 O -3.358943 1.375510 -5.401401
 O 0.139620 -1.059948 2.160732
 O 6.424571 -2.393361 -3.513677
 O 3.753667 -1.550260 -0.978748
 O -1.390007 4.898230 2.694469
 O -4.319234 -0.185608 -1.950574
 O -0.608514 -5.255493 0.011439
 O 5.398034 3.394801 -8.615124
 O 2.647425 5.340197 3.726506
 O -6.777559 6.924562 -2.984019
 O 0.748480 0.779057 -3.013583
 O -5.241098 -4.852274 -1.256986
 O -3.213931 7.496304 2.166844
 O -1.395695 3.511702 4.969839
 O -3.304306 0.551447 0.249878
 O -1.192423 -0.977552 4.549766
 O 2.605555 1.900380 5.336353
 O -5.301372 1.161337 2.118008
 O 3.651623 5.167710 -2.019747
 O 0.523707 -6.098469 -2.896604
 O -5.615931 4.421583 -4.130666
 O 6.718953 1.615907 8.245216
 O -0.676377 1.599981 1.900021
 O 0.644130 -2.026752 -3.152868
 O -0.109950 -4.141401 -5.247136
 O 6.902023 -5.833582 4.033492
 O 3.426809 -2.516164 1.732031
 O 6.436220 -1.305388 3.206195
 O 1.243677 3.425709 -4.268424
 O 0.275141 -8.208196 -0.428236
 O -4.918496 -2.668903 -6.999027
 O -4.797140 2.936942 -1.561229
 O 4.554843 4.183936 -4.875083
 O 1.089217 -1.101048 -0.402025
 O -5.441396 -3.598510 1.787493
 O 2.651304 2.300911 2.918937
 H -6.752810 -2.075031 -0.575933
 H -5.622492 -2.637661 0.403809
 H 2.752156 -1.135345 6.761336
 H 3.249099 -2.556533 6.399744
 H -6.279466 7.714581 -4.488627
 H -5.044457 8.166309 -5.212624
 H 3.466122 3.469664 -1.100402
 H 2.951526 2.138075 -1.157543
 H -3.914293 -0.361076 4.709549
 H -4.687370 0.929093 4.176616
 H 0.876853 6.414784 5.962904
 H 0.654578 5.588588 4.813960
 H -2.501687 -6.321390 -3.500116
 H -3.192672 -5.067416 -3.038787
 H 3.921549 1.114779 5.036018
 H 4.523119 -0.227581 5.591156
 H -2.914776 -6.819998 7.014341
 H -1.507758 -6.675138 6.438668
 H 1.230675 -2.076806 3.368674
 H 2.470573 -2.561322 4.148844
 H 1.296261 -5.346069 2.347951
 H 1.071874 -5.641219 1.003210
 H -2.336190 -4.787551 5.812923
 H -1.993761 -3.760843 4.581384
 H -2.288886 -8.004495 -0.027844
 H -3.232448 -7.206498 -1.023781
 H -2.748245 -2.214254 -4.154024
 H -3.067327 -3.250098 -5.277535
 H 2.865307 -3.812714 -1.606965
 H 2.391040 -4.391426 -0.350027
 H -1.342326 2.815606 -2.937575
 H -0.534199 3.185003 -1.772689
 H -2.677946 -2.670414 0.511069
 H -1.371720 -1.931028 1.065668
 H 0.360910 -3.819292 3.384128
 H -0.902980 -3.986055 2.346731
 H 2.619776 -4.620443 -3.840550
 H 1.754302 -3.469966 -3.579857
 H 5.641867 5.107572 0.813403
 H 6.744926 4.089480 0.773320
 H 4.508903 -4.328808 4.512614
 H 5.277700 -4.044223 5.899364
 H -1.185544 -1.150164 -3.559504
 H -2.190815 0.045814 -3.772004
 H -0.609952 1.958375 -4.666016
 H -2.154460 2.275665 -5.091975
 H 6.025001 1.330450 -0.944694
 H 4.551313 1.334333 -0.533500
 H 3.978480 1.099965 -2.819552
 H 3.719884 1.919549 -3.973103
 H -4.219128 4.979780 -7.459779
 H -5.000574 3.747429 -7.870715
 H 4.019931 -6.701605 0.803273
 H 4.590140 -5.646733 -0.129262
 H 0.440300 -0.473197 -6.069418
 H 1.613038 0.528225 -6.171470
 H -3.786236 0.774117 -6.102195
 H -4.107613 1.883650 -5.020469
 H -0.016217 -0.081788 2.253183
 H 0.746190 -1.235914 1.372485
 H 6.994236 -2.542817 -4.309787
 H 5.671988 -1.946757 -3.978885
 H 4.433169 -0.863556 -1.058323
 H 3.681852 -1.801149 -0.006135
 H -0.854330 5.670299 2.858752
 H -1.248793 4.233381 3.365791
 H -3.403065 -0.436296 -2.225573
 H -4.889450 -0.970635 -2.079579
 H -1.303457 -5.866887 -0.323114
 H -1.076631 -4.384915 0.168173
 H 4.723098 3.319150 -7.877637
 H 5.039499 2.692717 -9.210314
 H 3.043081 4.448763 3.760712
 H 2.757069 5.750752 2.843961
 H -6.250192 6.120640 -3.214229
 H -6.298381 7.328515 -2.173279
 H 0.363660 1.589893 -2.569065
 H 1.661200 1.009081 -3.308969
 H -5.130717 -3.935763 -0.885366
 H -4.827909 -5.355229 -0.534991
 H -3.253880 6.571341 1.862625
 H -3.039156 7.482681 3.154569
 H -2.383537 3.467734 5.038517
 H -1.145669 3.167541 5.879516
 H -2.464986 0.199687 -0.092868
 H -4.043978 0.267087 -0.349787
 H -1.601527 -0.418642 3.844164
 H -1.040028 -1.785487 4.022051
 H 2.311483 2.177494 4.457814
 H 2.149552 2.619231 5.849193
 H -5.344394 0.226989 2.468917
 H -4.409556 1.235543 1.702746
 H 4.435114 5.797504 -2.153537
 H 3.083266 5.473394 -2.768554
 H 1.077671 -5.283306 -2.965585
 H 1.056777 -6.725228 -2.360983
 H -5.345171 4.047184 -4.992475
 H -5.026307 4.073733 -3.466339
 H 7.375147 1.058575 8.707079
 H 6.134544 0.946453 7.838911
 H -1.320421 2.083687 1.343977
 H -0.875506 1.729888 2.832955
 H 0.573162 -2.000417 -2.160975
 H 0.644756 -1.058178 -3.403346
 H -0.140840 -3.523062 -4.489462
 H -0.288343 -5.042485 -4.903322
 H 6.572195 -5.669535 4.945056
 H 6.392515 -6.623955 3.768012
 H 4.386942 -2.721756 1.765964
 H 3.000560 -3.331883 1.355632
 H 6.221358 -1.645030 2.316036
 H 5.679922 -0.824063 3.623224
 H 2.237177 3.455412 -4.228872
 H 1.089468 4.302832 -4.646824
 H 1.093223 -8.079605 0.085237
 H -0.290103 -7.637068 0.103087
 H -4.218991 -3.281712 -7.304845
 H -5.532204 -2.529624 -7.750353
 H -4.325653 2.859573 -0.692376
 H -4.614037 2.024412 -1.905211
 H 5.336309 4.302312 -4.246669
 H 4.336883 5.092812 -5.168380
 H 2.049150 -1.256265 -0.610896
 H 0.650285 -0.586808 -1.096622
 H -4.564685 -4.121026 1.837241
 H -6.144290 -4.295928 1.828432
 H 2.736166 1.686032 2.154462
 H 2.385082 3.073633 2.391385
K_POINTS
 1
0.0 0.0 0.0 1.0