
&control
    calculation='scf'
    pseudo_dir = './',
    outdir='./outputs',
    disk_io='high'
/
&system
    ibrav= 1, celldm(1)=20.000000, nat=  192, ntyp= 2,
    ecutwfc = 30.0, nosym=.true., occupations='smearing',
    smearing='m-v', degauss=0.025
/
&electrons
    conv_thr =  1.0d-8,
    mixing_beta = 0.7
/
&ions
    pot_extrapolation='second-order'
    wfc_extrapolation='second-order'
    ion_temperature = 'andersen'
    tempw = 1000

/
ATOMIC_SPECIES
 H  1.01  H.blyp-hgh.UPF
 O  16.0  O.blyp-hgh.UPF
ATOMIC_POSITIONS bohr
 O -6.041127 -1.808594 0.056898
 O 3.578331 -1.685316 6.664200
 O -5.922454 7.807775 -5.432637
 O 3.051092 2.803320 -0.444396
 O -3.934579 0.613893 4.747121
 O 0.510890 5.531409 5.788190
 O -3.099424 -6.021284 -2.774145
 O 4.745787 0.565507 5.064733
 O -2.091280 -6.326751 7.165535
 O 1.509344 -2.779948 4.005969
 O 1.855412 -5.709961 1.615303
 O -2.712514 -4.136285 5.166321
 O -2.764818 -7.171532 -0.157067
 O -3.163083 -3.090284 -4.318266
 O 3.086902 -3.795591 -0.632234
 O -1.001591 2.398872 -2.111958
 O -1.730180 -2.514673 0.331619
 O -0.527151 -4.215703 3.212717
 O 2.368993 -4.074153 -3.079831
 O 5.821813 4.144904 1.002708
 O 4.530285 -3.745375 5.293313
 O -2.111629 -0.849950 -3.394479
 O -1.228863 2.691420 -4.869790
 O 5.153368 1.046712 -1.271485
 O 3.256927 1.187668 -3.502385
 O -4.462677 4.107262 -7.122061
 O 4.733251 -6.040044 0.779039
 O 1.179954 -0.098463 -5.538509
 O -3.355074 1.376698 -5.401186
 O 0.140525 -1.059025 2.161730
 O 6.425036 -2.390670 -3.514251
 O 3.751265 -1.547526 -0.977322
 O -1.390840 4.896618 2.692614
 O -4.317886 -0.185191 -1.947843
 O -0.613718 -5.258667 0.010678
 O 5.396120 3.402640 -8.616967
 O 2.643609 5.338318 3.716898
 O -6.773968 6.928185 -2.985231
 O 0.748326 0.777346 -3.013292
 O -5.247048 -4.849098 -1.256595
 O -3.218115 7.496989 2.162594
 O -1.390626 3.515690 4.969481
 O -3.304786 0.554452 0.248598
 O -1.189088 -0.979849 4.550265
 O 2.609593 1.901241 5.338851
 O -5.294988 1.161035 2.118528
 O 3.648284 5.165237 -2.021169
 O 0.519386 -6.100475 -2.893500
 O -5.620811 4.422677 -4.133757
 O 6.717822 1.611551 8.253227
 O -0.677244 1.599179 1.900983
 O 0.638982 -2.020988 -3.153512
 O -0.107712 -4.142359 -5.244892
 O 6.901749 -5.834520 4.035182
 O 3.428233 -2.509224 1.736208
 O 6.437643 -1.311166 3.208336
 O 1.242652 3.424145 -4.267522
 O 0.275352 -8.206278 -0.431487
 O -4.920198 -2.669594 -7.003876
 O -4.794991 2.940673 -1.566435
 O 4.553903 4.183737 -4.874822
 O 1.085475 -1.099749 -0.401253
 O -5.440737 -3.598130 1.790596
 O 2.653481 2.303032 2.921329
 H -6.744667 -2.073588 -0.583428
 H -5.617527 -2.635747 0.396360
 H 2.742008 -1.146596 6.769298
 H 3.253117 -2.559825 6.416470
 H -6.294977 7.713992 -4.491082
 H -5.046355 8.177672 -5.221488
 H 3.479656 3.469725 -1.087230
 H 2.948788 2.151152 -1.169014
 H -3.912577 -0.368190 4.697699
 H -4.696720 0.933420 4.198266
 H 0.869432 6.418546 5.959420
 H 0.640009 5.601307 4.813682
 H -2.505935 -6.312210 -3.510096
 H -3.192076 -5.072918 -3.046795
 H 3.914214 1.101182 5.048032
 H 4.520039 -0.234278 5.591177
 H -2.911333 -6.821061 7.029164
 H -1.514656 -6.678698 6.434829
 H 1.236237 -2.074761 3.374861
 H 2.469379 -2.559211 4.154058
 H 1.299501 -5.336786 2.347020
 H 1.075358 -5.647028 1.003286
 H -2.329188 -4.786999 5.812801
 H -2.003608 -3.751118 4.579941
 H -2.281208 -8.002185 -0.030851
 H -3.228668 -7.211570 -1.021831
 H -2.739486 -2.215325 -4.159626
 H -3.065011 -3.240019 -5.276968
 H 2.857504 -3.814730 -1.605422
 H 2.390229 -4.392378 -0.349131
 H -1.344520 2.816554 -2.935204
 H -0.536990 3.186470 -1.782800
 H -2.678232 -2.679866 0.518380
 H -1.370558 -1.935969 1.057304
 H 0.365638 -3.820650 3.384113
 H -0.907509 -3.982942 2.347922
 H 2.626821 -4.607857 -3.845835
 H 1.759590 -3.462222 -3.579011
 H 5.640675 5.108507 0.815798
 H 6.746465 4.089971 0.761192
 H 4.494451 -4.336858 4.516884
 H 5.273197 -4.043815 5.907541
 H -1.188502 -1.156411 -3.558552
 H -2.194564 0.045183 -3.773265
 H -0.602470 1.958607 -4.659415
 H -2.152587 2.271679 -5.084269
 H 6.032353 1.312390 -0.957980
 H 4.558887 1.323117 -0.541685
 H 3.986442 1.102311 -2.821113
 H 3.710372 1.921902 -3.973108
 H -4.209923 4.975273 -7.464774
 H -4.999220 3.756459 -7.876986
 H 4.024202 -6.710181 0.794388
 H 4.612471 -5.658258 -0.134830
 H 0.441481 -0.466556 -6.075581
 H 1.619651 0.524559 -6.174316
 H -3.797372 0.778486 -6.098339
 H -4.100949 1.899432 -5.030348
 H -0.005413 -0.080427 2.257094
 H 0.743261 -1.235215 1.376105
 H 7.006920 -2.538417 -4.302014
 H 5.668872 -1.946546 -3.981851
 H 4.433538 -0.864205 -1.067865
 H 3.679887 -1.792692 -0.004314
 H -0.858513 5.673542 2.863863
 H -1.252851 4.233430 3.363101
 H -3.398708 -0.437474 -2.215724
 H -4.887251 -0.970449 -2.078971
 H -1.311167 -5.869849 -0.319798
 H -1.087892 -4.390915 0.160132
 H 4.733290 3.297904 -7.867270
 H 5.031069 2.687405 -9.195854
 H 3.055576 4.451348 3.756680
 H 2.749663 5.739834 2.828455
 H -6.245101 6.116872 -3.212246
 H -6.300606 7.359895 -2.191772
 H 0.371020 1.589695 -2.566619
 H 1.666512 1.003751 -3.301855
 H -5.122550 -3.944853 -0.876933
 H -4.823010 -5.358489 -0.544942
 H -3.254179 6.571994 1.860906
 H -3.024348 7.490909 3.147369
 H -2.376652 3.454247 5.038019
 H -1.138827 3.161797 5.870149
 H -2.464248 0.200391 -0.088598
 H -4.044377 0.272670 -0.353922
 H -1.608332 -0.411229 3.857322
 H -1.043955 -1.782510 4.015455
 H 2.313048 2.176726 4.464037
 H 2.150238 2.606407 5.871759
 H -5.344940 0.227106 2.455551
 H -4.405356 1.228640 1.696808
 H 4.424512 5.800438 -2.165147
 H 3.071925 5.468444 -2.763861
 H 1.087820 -5.290530 -2.957144
 H 1.045649 -6.743667 -2.368713
 H -5.334774 4.032558 -4.983968
 H -5.035601 4.073472 -3.465465
 H 7.385219 1.055703 8.707115
 H 6.137592 0.942899 7.833073
 H -1.318310 2.084898 1.353894
 H -0.879189 1.731543 2.837350
 H 0.569269 -1.989438 -2.160927
 H 0.658955 -1.051630 -3.406229
 H -0.151068 -3.517697 -4.494377
 H -0.287838 -5.038894 -4.889681
 H 6.564611 -5.681101 4.942071
 H 6.394384 -6.626022 3.767643
 H 4.388801 -2.732444 1.771020
 H 3.005050 -3.332571 1.364373
 H 6.237459 -1.645350 2.313343
 H 5.668810 -0.847547 3.631322
 H 2.234468 3.446212 -4.234091
 H 1.089091 4.301829 -4.647329
 H 1.089719 -8.077188 0.081603
 H -0.286420 -7.630076 0.096886
 H -4.228583 -3.288572 -7.311888
 H -5.529205 -2.520222 -7.755049
 H -4.336216 2.872237 -0.691364
 H -4.624777 2.024278 -1.902129
 H 5.338236 4.290698 -4.245310
 H 4.335707 5.094216 -5.165720
 H 2.043807 -1.264400 -0.610769
 H 0.650620 -0.590423 -1.103122
 H -4.573801 -4.138657 1.832493
 H -6.151518 -4.288368 1.821641
 H 2.741764 1.679464 2.161612
 H 2.398589 3.072176 2.387337
K_POINTS
 1
0.0 0.0 0.0 1.0