
&control
    calculation='scf'
    pseudo_dir = './',
    outdir='./outputs',
    disk_io='high'
/
&system
    ibrav= 1, celldm(1)=20.000000, nat=  192, ntyp= 2,
    ecutwfc = 30.0, nosym=.true., occupations='smearing',
    smearing='m-v', degauss=0.025
/
&electrons
    conv_thr =  1.0d-8,
    mixing_beta = 0.7
/
&ions
    pot_extrapolation='second-order'
    wfc_extrapolation='second-order'
    ion_temperature = 'andersen'
    tempw = 1000

/
ATOMIC_SPECIES
 H  1.01  H.blyp-hgh.UPF
 O  16.0  O.blyp-hgh.UPF
ATOMIC_POSITIONS bohr
 O -6.040135 -1.808109 0.056722
 O 3.578664 -1.684373 6.667546
 O -5.922990 7.807778 -5.432091
 O 3.048908 2.803386 -0.444554
 O -3.931718 0.611936 4.747100
 O 0.510653 5.531716 5.788075
 O -3.099211 -6.023634 -2.774716
 O 4.747166 0.566304 5.066311
 O -2.090154 -6.327001 7.165846
 O 1.508335 -2.777213 4.006478
 O 1.853843 -5.711556 1.616086
 O -2.711495 -4.135929 5.167283
 O -2.762910 -7.170733 -0.158099
 O -3.162879 -3.089675 -4.316882
 O 3.087950 -3.795933 -0.631611
 O -1.001495 2.397790 -2.110038
 O -1.731479 -2.514559 0.329451
 O -0.527533 -4.214531 3.214430
 O 2.367074 -4.076813 -3.079976
 O 5.824450 4.143530 1.001408
 O 4.530827 -3.746866 5.292789
 O -2.112107 -0.848429 -3.394920
 O -1.227821 2.689769 -4.870364
 O 5.155814 1.043524 -1.276823
 O 3.257895 1.186906 -3.501493
 O -4.462602 4.108729 -7.124247
 O 4.731516 -6.040055 0.779434
 O 1.177722 -0.096626 -5.538424
 O -3.353152 1.377279 -5.401025
 O 0.141001 -1.058596 2.162222
 O 6.425250 -2.389280 -3.514588
 O 3.750056 -1.546151 -0.976584
 O -1.391307 4.895831 2.691575
 O -4.317225 -0.184963 -1.946501
 O -0.616324 -5.260220 0.010318
 O 5.395081 3.406534 -8.617839
 O 2.641689 5.337368 3.712126
 O -6.772206 6.929957 -2.985846
 O 0.748238 0.776480 -3.013116
 O -5.249957 -4.847432 -1.256301
 O -3.220191 7.497348 2.160500
 O -1.388135 3.517662 4.969311
 O -3.305025 0.555992 0.248010
 O -1.187454 -0.980980 4.550488
 O 2.611534 1.901740 5.340206
 O -5.291781 1.160889 2.118799
 O 3.646625 5.164049 -2.021900
 O 0.517243 -6.101493 -2.891964
 O -5.623205 4.423272 -4.135314
 O 6.717244 1.609357 8.257238
 O -0.677648 1.598757 1.901454
 O 0.636368 -2.018082 -3.153833
 O -0.106574 -4.142853 -5.243783
 O 6.901598 -5.835004 4.036035
 O 3.428957 -2.505779 1.738294
 O 6.438350 -1.314029 3.209435
 O 1.242224 3.423366 -4.267074
 O 0.275474 -8.205310 -0.433099
 O -4.921047 -2.669907 -7.006298
 O -4.793886 2.942497 -1.569011
 O 4.553360 4.183647 -4.874703
 O 1.083602 -1.099138 -0.400833
 O -5.440407 -3.598001 1.792116
 O 2.654569 2.304086 2.922420
 H -6.740494 -2.072918 -0.587053
 H -5.615216 -2.634765 0.392847
 H 2.737065 -1.152342 6.773375
 H 3.255245 -2.561693 6.424662
 H -6.302749 7.713567 -4.492616
 H -5.047272 8.183440 -5.226151
 H 3.486289 3.469798 -1.080058
 H 2.947081 2.157488 -1.174591
 H -3.911888 -0.371712 4.691665
 H -4.701265 0.935444 4.209153
 H 0.865782 6.420603 5.958005
 H 0.632709 5.607284 4.813589
 H -2.508026 -6.307672 -3.514887
 H -3.191854 -5.075807 -3.050621
 H 3.910723 1.094273 5.054197
 H 4.518415 -0.237658 5.591196
 H -2.909810 -6.821669 7.036587
 H -1.517974 -6.680533 6.433123
 H 1.238920 -2.073629 3.377970
 H 2.468485 -2.558389 4.156623
 H 1.301447 -5.332190 2.346723
 H 1.077187 -5.650094 1.002953
 H -2.325610 -4.786555 5.812553
 H -2.008531 -3.746552 4.579593
 H -2.277437 -8.001144 -0.032388
 H -3.226572 -7.214092 -1.020947
 H -2.735210 -2.215794 -4.162362
 H -3.063770 -3.234953 -5.276748
 H 2.853880 -3.815542 -1.604562
 H 2.389611 -4.393161 -0.348393
 H -1.345663 2.816800 -2.934272
 H -0.538183 3.187281 -1.787459
 H -2.678225 -2.684470 0.522112
 H -1.370041 -1.938527 1.052995
 H 0.368021 -3.821120 3.384093
 H -0.909632 -3.981334 2.348426
 H 2.630726 -4.601755 -3.848485
 H 1.762292 -3.458051 -3.578181
 H 5.640068 5.108815 0.817071
 H 6.747551 4.090003 0.755094
 H 4.487326 -4.340905 4.519184
 H 5.270862 -4.043525 5.911401
 H -1.189998 -1.159459 -3.557902
 H -2.196399 0.044890 -3.774078
 H -0.598777 1.958823 -4.656170
 H -2.151106 2.269586 -5.080403
 H 6.036110 1.303454 -0.964655
 H 4.562746 1.317641 -0.545779
 H 3.990196 1.103230 -2.821855
 H 3.705394 1.923111 -3.973355
 H -4.205337 4.973297 -7.467328
 H -4.998608 3.760901 -7.879905
 H 4.026243 -6.714396 0.790006
 H 4.623622 -5.663987 -0.137269
 H 0.442169 -0.463232 -6.078657
 H 1.622900 0.522715 -6.175641
 H -3.802692 0.781108 -6.096485
 H -4.097696 1.907179 -5.035412
 H 0.000086 -0.079957 2.258742
 H 0.741479 -1.234505 1.377965
 H 7.013354 -2.536215 -4.297862
 H 5.667352 -1.946607 -3.983081
 H 4.433734 -0.864148 -1.072593
 H 3.679063 -1.788441 -0.003662
 H -0.860428 5.675380 2.866589
 H -1.254679 4.233216 3.362363
 H -3.396640 -0.438195 -2.210846
 H -4.886179 -0.970424 -2.078765
 H -1.315048 -5.871277 -0.318134
 H -1.093346 -4.394111 0.156010
 H 4.738892 3.287381 -7.862241
 H 5.027181 2.684952 -9.188687
 H 3.061929 4.452870 3.754534
 H 2.745983 5.734185 2.820692
 H -6.242565 6.115243 -3.211239
 H -6.301819 7.375313 -2.201418
 H 0.374580 1.589337 -2.565525
 H 1.669105 1.001039 -3.298280
 H -5.118598 -3.949466 -0.872991
 H -4.820581 -5.360398 -0.549965
 H -3.254198 6.572201 1.860116
 H -3.017131 7.494922 3.143426
 H -2.373116 3.447508 5.037670
 H -1.135274 3.158970 5.865468
 H -2.463976 0.200714 -0.086535
 H -4.044252 0.275320 -0.356057
 H -1.611691 -0.407549 3.864219
 H -1.045744 -1.781071 4.012247
 H 2.313780 2.176184 4.466553
 H 2.150819 2.599742 5.883224
 H -5.345240 0.227259 2.448740
 H -4.403385 1.225052 1.693879
 H 4.419042 5.801705 -2.170972
 H 3.066334 5.465754 -2.761325
 H 1.092833 -5.294272 -2.952731
 H 1.039886 -6.752788 -2.372583
 H -5.329611 4.025296 -4.979799
 H -5.040001 4.073110 -3.464599
 H 7.390165 1.054133 8.707236
 H 6.139130 0.941221 7.830088
 H -1.317284 2.085469 1.358975
 H -0.881214 1.732635 2.839670
 H 0.567388 -1.984073 -2.161133
 H 0.666287 -1.048420 -3.407590
 H -0.156247 -3.515064 -4.496797
 H -0.287657 -5.036907 -4.882711
 H 6.560905 -5.686775 4.940623
 H 6.395288 -6.627097 3.767371
 H 4.389503 -2.737770 1.773552
 H 3.007525 -3.332631 1.368833
 H 6.245391 -1.645500 2.312014
 H 5.663288 -0.859330 3.635179
 H 2.232913 3.441525 -4.236628
 H 1.088619 4.301508 -4.647695
 H 1.088236 -8.076236 0.079643
 H -0.284910 -7.626382 0.093853
 H -4.233359 -3.292008 -7.315433
 H -5.527661 -2.515501 -7.757439
 H -4.341580 2.878661 -0.691083
 H -4.630194 2.024406 -1.900603
 H 5.339005 4.284796 -4.244869
 H 4.335161 5.094761 -5.164363
 H 2.041050 -1.268286 -0.610988
 H 0.650965 -0.591917 -1.106447
 H -4.578560 -4.147395 1.830367
 H -6.154900 -4.284448 1.818298
 H 2.744595 1.676048 2.165447
 H 2.405231 3.071701 2.385372
K_POINTS
 1
0.0 0.0 0.0 1.0