
&control
    calculation='scf'
    pseudo_dir = './',
    outdir='./outputs',
    disk_io='high'
/
&system
    ibrav= 1, celldm(1)=20.000000, nat=  192, ntyp= 2,
    ecutwfc = 30.0, nosym=.true., occupations='smearing',
    smearing='m-v', degauss=0.025
/
&electrons
    conv_thr =  1.0d-8,
    mixing_beta = 0.7
/
&ions
    pot_extrapolation='second-order'
    wfc_extrapolation='second-order'
    ion_temperature = 'andersen'
    tempw = 1000

/
ATOMIC_SPECIES
 H  1.01  H.blyp-hgh.UPF
 O  16.0  O.blyp-hgh.UPF
ATOMIC_POSITIONS bohr
 O -6.038156 -1.807113 0.056287
 O 3.579264 -1.682366 6.674283
 O -5.924108 7.807724 -5.430872
 O 3.044625 2.803576 -0.445045
 O -3.926018 0.607960 4.747006
 O 0.510179 5.532408 5.787781
 O -3.098770 -6.028275 -2.775929
 O 4.749989 0.567808 5.069451
 O -2.087871 -6.327500 7.166348
 O 1.506430 -2.771714 4.007526
 O 1.850555 -5.714655 1.617651
 O -2.709442 -4.135235 5.169165
 O -2.759131 -7.169112 -0.160130
 O -3.162504 -3.088520 -4.314143
 O 3.090002 -3.796730 -0.630403
 O -1.001379 2.395715 -2.106203
 O -1.734094 -2.514353 0.325132
 O -0.528349 -4.212254 3.217891
 O 2.363146 -4.082118 -3.080441
 O 5.829715 4.140799 0.998801
 O 4.531888 -3.749872 5.291744
 O -2.113043 -0.845390 -3.395795
 O -1.225820 2.686445 -4.871517
 O 5.160644 1.037089 -1.287493
 O 3.260053 1.185459 -3.499661
 O -4.462442 4.111586 -7.128635
 O 4.728012 -6.039988 0.780118
 O 1.173256 -0.092963 -5.538357
 O -3.349348 1.378417 -5.400599
 O 0.141991 -1.057801 2.163202
 O 6.425633 -2.386411 -3.515359
 O 3.747624 -1.543379 -0.975064
 O -1.392332 4.894313 2.689278
 O -4.315926 -0.184470 -1.943865
 O -0.621550 -5.263261 0.009635
 O 5.392826 3.414254 -8.619477
 O 2.637835 5.335439 3.702639
 O -6.768755 6.933405 -2.987117
 O 0.748054 0.774725 -3.012708
 O -5.255638 -4.843963 -1.255517
 O -3.224307 7.498104 2.156371
 O -1.383241 3.521563 4.968978
 O -3.305507 0.559145 0.246936
 O -1.184257 -0.983201 4.550883
 O 2.615264 1.902870 5.343145
 O -5.285339 1.160620 2.119358
 O 3.643331 5.161773 -2.023399
 O 0.513001 -6.103553 -2.888923
 O -5.627887 4.424549 -4.138447
 O 6.716067 1.604923 8.265270
 O -0.678389 1.597865 1.902415
 O 0.631066 -2.012221 -3.154472
 O -0.104263 -4.143873 -5.241592
 O 6.901267 -5.836009 4.037744
 O 3.430443 -2.498958 1.742457
 O 6.439745 -1.319696 3.211699
 O 1.241526 3.421817 -4.266189
 O 0.275742 -8.203360 -0.436301
 O -4.922739 -2.670466 -7.011126
 O -4.791620 2.946072 -1.574109
 O 4.552125 4.183481 -4.874488
 O 1.079849 -1.097989 -0.399930
 O -5.439750 -3.597873 1.795089
 O 2.656751 2.306163 2.924389
 H -6.731951 -2.071675 -0.594050
 H -5.610911 -2.632788 0.386260
 H 2.727496 -1.164046 6.781713
 H 3.259779 -2.565848 6.440706
 H -6.318209 7.712474 -4.496315
 H -5.049132 8.195113 -5.235889
 H 3.499279 3.470050 -1.064566
 H 2.942982 2.169730 -1.185437
 H -3.910857 -0.378572 4.679403
 H -4.710034 0.939173 4.231051
 H 0.858607 6.425063 5.955861
 H 0.618085 5.618439 4.813451
 H -2.512102 -6.298783 -3.524061
 H -3.191601 -5.081849 -3.057864
 H 3.904092 1.080299 5.066805
 H 4.515092 -0.244353 5.591164
 H -2.907233 -6.823074 7.051439
 H -1.524322 -6.684317 6.430125
 H 1.244013 -2.070986 3.384065
 H 2.466103 -2.557218 4.161674
 H 1.305969 -5.323096 2.346456
 H 1.080933 -5.656543 1.001514
 H -2.318295 -4.785314 5.811666
 H -2.018289 -3.737989 4.579611
 H -2.270046 -7.999255 -0.035520
 H -3.222021 -7.219100 -1.019446
 H -2.726888 -2.216590 -4.167649
 H -3.061147 -3.224818 -5.276419
 H 2.847224 -3.816759 -1.602630
 H 2.388038 -4.395278 -0.346345
 H -1.348028 2.816756 -2.932846
 H -0.540103 3.189120 -1.795921
 H -2.677871 -2.693418 0.529718
 H -1.369096 -1.943741 1.044224
 H 0.372742 -3.821659 3.384015
 H -0.913531 -3.978049 2.349349
 H 2.639315 -4.589981 -3.853864
 H 1.767807 -3.449164 -3.575678
 H 5.638864 5.109035 0.819795
 H 6.750377 4.089652 0.742816
 H 4.473309 -4.349073 4.524122
 H 5.266058 -4.042817 5.918628
 H -1.193020 -1.165365 -3.556260
 H -2.199966 0.044418 -3.776105
 H -0.591544 1.959493 -4.649807
 H -2.147056 2.265192 -5.072670
 H 6.043819 1.285775 -0.978045
 H 4.570590 1.306966 -0.553941
 H 3.997232 1.104568 -2.823292
 H 3.695026 1.925614 -3.974345
 H -4.196149 4.970011 -7.472578
 H -4.997539 3.769607 -7.885342
 H 4.030128 -6.722662 0.781345
 H 4.645857 -5.675366 -0.141501
 H 0.443677 -0.456612 -6.084819
 H 1.629266 0.518980 -6.178052
 H -3.812773 0.787190 -6.092944
 H -4.091298 1.922361 -5.045768
 H 0.011249 -0.079422 2.261432
 H 0.737357 -1.232401 1.381703
 H 7.026371 -2.531789 -4.289039
 H 5.664473 -1.947098 -3.985035
 H 4.434119 -0.863304 -1.081943
 H 3.677752 -1.779902 -0.002839
 H -0.863986 5.679369 2.872355
 H -1.257928 4.232293 3.362121
 H -3.392750 -0.439886 -2.201188
 H -4.884085 -0.970502 -2.078546
 H -1.322844 -5.874045 -0.314802
 H -1.103880 -4.400847 0.147585
 H 4.751151 3.266628 -7.852508
 H 5.020112 2.680493 -9.174528
 H 3.074808 4.456439 3.750008
 H 2.738654 5.722517 2.805188
 H -6.237569 6.112658 -3.209127
 H -6.304395 7.405545 -2.221443
 H 0.381434 1.588116 -2.563580
 H 1.674115 0.995509 -3.291084
 H -5.110942 -3.958618 -0.865589
 H -4.815776 -5.364793 -0.560143
 H -3.253965 6.572353 1.858681
 H -3.003095 7.502728 3.134856
 H -2.365888 3.434057 5.036765
 H -1.127870 3.153381 5.856210
 H -2.463622 0.201303 -0.082555
 H -4.043330 0.280332 -0.360450
 H -1.618307 -0.400276 3.878649
 H -1.048964 -1.778318 4.005971
 H 2.315101 2.174868 4.470370
 H 2.152478 2.585878 5.906403
 H -5.345901 0.227660 2.434936
 H -4.399695 1.217615 1.688100
 H 4.407805 5.803850 -2.182637
 H 3.055274 5.459948 -2.755903
 H 1.102688 -5.302079 -2.943534
 H 1.027948 -6.770807 -2.380346
 H -5.319416 4.010914 -4.971649
 H -5.048354 4.071958 -3.461996
 H 7.399797 1.050766 8.707615
 H 6.142303 0.938108 7.824046
 H -1.315422 2.086646 1.369234
 H -0.885573 1.735306 2.844412
 H 0.563754 -1.973605 -2.162013
 H 0.681373 -1.042171 -3.410139
 H -0.166722 -3.509875 -4.501551
 H -0.287431 -5.032569 -4.868493
 H 6.553647 -5.697858 4.937929
 H 6.397052 -6.629318 3.766623
 H 4.390368 -2.748298 1.778638
 H 3.012903 -3.332115 1.377943
 H 6.260984 -1.645796 2.309391
 H 5.652417 -0.883009 3.642421
 H 2.229473 3.432005 -4.241554
 H 1.087131 4.301183 -4.648632
 H 1.085901 -8.074844 0.075491
 H -0.282555 -7.618596 0.087911
 H -4.242849 -3.298908 -7.322565
 H -5.524522 -2.506021 -7.762345
 H -4.352441 2.891659 -0.690953
 H -4.641088 2.025013 -1.897578
 H 5.340126 4.272837 -4.244498
 H 4.334172 5.095518 -5.161572
 H 2.035364 -1.275693 -0.611983
 H 0.652022 -0.594289 -1.113208
 H -4.588458 -4.164658 1.826626
 H -6.161224 -4.276328 1.811729
 H 2.750307 1.669001 2.173679
 H 2.418272 3.071303 2.381525
K_POINTS
 1
0.0 0.0 0.0 1.0