
&control
    calculation='scf'
    pseudo_dir = './',
    outdir='./outputs',
    disk_io='high'
/
&system
    ibrav= 1, celldm(1)=20.000000, nat=  192, ntyp= 2,
    ecutwfc = 30.0, nosym=.true., occupations='smearing',
    smearing='m-v', degauss=0.025
/
&electrons
    conv_thr =  1.0d-8,
    mixing_beta = 0.7
/
&ions
    pot_extrapolation='second-order'
    wfc_extrapolation='second-order'
    ion_temperature = 'andersen'
    tempw = 1000

/
ATOMIC_SPECIES
 H  1.01  H.blyp-hgh.UPF
 O  16.0  O.blyp-hgh.UPF
ATOMIC_POSITIONS bohr
 O -6.027363 -1.800743 0.051947
 O 3.580262 -1.669273 6.712234
 O -5.931349 7.806105 -5.421775
 O 3.023140 2.805673 -0.451452
 O -3.895835 0.584268 4.745134
 O 0.507594 5.538570 5.784811
 O -3.095986 -6.052067 -2.784570
 O 4.766292 0.572565 5.087247
 O -2.074716 -6.330064 7.166503
 O 1.498684 -2.741988 4.014913
 O 1.829738 -5.729559 1.626354
 O -2.698792 -4.132108 5.179153
 O -2.738746 -7.160108 -0.169999
 O -3.160846 -3.083211 -4.300414
 O 3.099206 -3.804424 -0.624573
 O -1.002869 2.386846 -2.086133
 O -1.749564 -2.514490 0.300978
 O -0.533747 -4.200817 3.236998
 O 2.339410 -4.110396 -3.086993
 O 5.858499 4.126550 0.984172
 O 4.536673 -3.766359 5.286197
 O -2.117841 -0.829398 -3.400136
 O -1.215821 2.667720 -4.877611
 O 5.185704 1.000201 -1.346345
 O 3.276860 1.179091 -3.488394
 O -4.461207 4.125255 -7.152771
 O 4.708203 -6.038016 0.781931
 O 1.149256 -0.072774 -5.540506
 O -3.330434 1.384428 -5.395844
 O 0.147815 -1.054895 2.169355
 O 6.426614 -2.368562 -3.521437
 O 3.734346 -1.527123 -0.966464
 O -1.399219 4.887893 2.672306
 O -4.309247 -0.181118 -1.930674
 O -0.650686 -5.278881 0.006563
 O 5.375655 3.454025 -8.625417
 O 2.616850 5.323602 3.651408
 O -6.751987 6.949371 -2.996174
 O 0.747506 0.764438 -3.009391
 O -5.283678 -4.823426 -1.246781
 O -3.245944 7.503038 2.134674
 O -1.358469 3.542056 4.966777
 O -3.308201 0.578232 0.243484
 O -1.168355 -0.994168 4.552342
 O 2.632204 1.911837 5.364958
 O -5.249304 1.160425 2.122394
 O 3.625886 5.151360 -2.032254
 O 0.491143 -6.115209 -2.872918
 O -5.649682 4.432570 -4.155636
 O 6.709345 1.578981 8.309603
 O -0.680449 1.591489 1.910285
 O 0.600465 -1.978489 -3.158296
 O -0.090798 -4.150227 -5.229961
 O 6.898746 -5.842782 4.046667
 O 3.440345 -2.463913 1.765105
 O 6.446398 -1.349157 3.226066
 O 1.240377 3.413957 -4.261851
 O 0.276973 -8.191955 -0.453469
 O -4.931647 -2.672086 -7.037015
 O -4.778422 2.964763 -1.601271
 O 4.541505 4.182417 -4.873904
 O 1.058908 -1.093107 -0.394153
 O -5.436041 -3.600329 1.809673
 O 2.668989 2.316382 2.930406
 H -6.681827 -2.067039 -0.626995
 H -5.593218 -2.623487 0.361386
 H 2.685025 -1.231203 6.831666
 H 3.294704 -2.594373 6.521115
 H -6.394595 7.702279 -4.530472
 H -5.066039 8.260215 -5.296036
 H 3.564646 3.475356 -0.955387
 H 2.904195 2.227226 -1.237902
 H -3.913949 -0.405738 4.609565
 H -4.746255 0.949658 4.353941
 H 0.821392 6.455129 5.960972
 H 0.537481 5.659703 4.811831
 H -2.529335 -6.259228 -3.564600
 H -3.197204 -5.118555 -3.084999
 H 3.875717 1.004305 5.140376
 H 4.501095 -0.273040 5.584868
 H -2.904909 -6.835712 7.132381
 H -1.550743 -6.708608 6.422107
 H 1.261714 -2.039066 3.406474
 H 2.442629 -2.561508 4.188288
 H 1.343429 -5.275822 2.351615
 H 1.099042 -5.698587 0.975133
 H -2.273679 -4.770237 5.797780
 H -2.063089 -3.701407 4.592721
 H -2.234025 -7.990835 -0.053395
 H -3.191504 -7.245226 -1.022603
 H -2.688191 -2.218047 -4.188838
 H -3.045516 -3.172133 -5.275747
 H 2.826168 -3.813601 -1.586163
 H 2.378862 -4.414271 -0.323409
 H -1.361598 2.799651 -2.930470
 H -0.538202 3.204959 -1.820096
 H -2.666454 -2.736046 0.574317
 H -1.362712 -1.969182 0.999186
 H 0.391975 -3.816510 3.382151
 H -0.923228 -3.960216 2.357994
 H 2.704093 -4.535558 -3.885989
 H 1.800375 -3.391473 -3.540921
 H 5.634760 5.097679 0.840072
 H 6.778197 4.079133 0.673785
 H 4.403412 -4.397614 4.559374
 H 5.239070 -4.038878 5.945364
 H -1.209373 -1.190961 -3.539472
 H -2.215858 0.047681 -3.798456
 H -0.557760 1.970661 -4.618624
 H -2.102417 2.234692 -5.031949
 H 6.090907 1.192937 -1.051595
 H 4.615760 1.255389 -0.596447
 H 4.025139 1.101130 -2.831402
 H 3.630330 1.941923 -3.990874
 H -4.143677 4.970505 -7.504872
 H -4.997512 3.811418 -7.908292
 H 4.047115 -6.762137 0.735104
 H 4.764708 -5.735027 -0.152933
 H 0.450881 -0.423137 -6.120678
 H 1.660228 0.496194 -6.183515
 H -3.851100 0.836926 -6.078792
 H -4.055102 1.997189 -5.106544
 H 0.074235 -0.083144 2.263477
 H 0.708020 -1.207982 1.395107
 H 7.099384 -2.506025 -4.229783
 H 5.655614 -1.959244 -3.985450
 H 4.432334 -0.845491 -1.129250
 H 3.679403 -1.732901 -0.005333
 H -0.883078 5.699789 2.908782
 H -1.267147 4.220022 3.385080
 H -3.378352 -0.454148 -2.150985
 H -4.873359 -0.973027 -2.081551
 H -1.365313 -5.888697 -0.296654
 H -1.152762 -4.441188 0.098753
 H 4.844777 3.165491 -7.806570
 H 5.000333 2.668402 -9.105164
 H 3.147598 4.491387 3.721178
 H 2.698124 5.650774 2.723051
 H -6.213592 6.122006 -3.192221
 H -6.318356 7.555207 -2.344366
 H 0.410691 1.571817 -2.556704
 H 1.695283 0.962126 -3.250171
 H -5.072599 -3.993609 -0.830761
 H -4.792031 -5.402199 -0.622371
 H -3.245604 6.567025 1.854666
 H -2.936124 7.539609 3.073842
 H -2.324496 3.361714 5.026569
 H -1.078157 3.122910 5.812835
 H -2.465876 0.203299 -0.063859
 H -4.022440 0.300803 -0.387116
 H -1.651714 -0.363466 3.971593
 H -1.058282 -1.766670 3.972581
 H 2.318348 2.165655 4.467170
 H 2.173511 2.497023 6.032502
 H -5.352035 0.225828 2.359077
 H -4.383972 1.171800 1.657715
 H 4.342717 5.808178 -2.245659
 H 2.993844 5.418554 -2.720734
 H 1.149994 -5.355389 -2.885158
 H 0.951853 -6.863073 -2.423995
 H -5.270361 3.938704 -4.930485
 H -5.089844 4.059899 -3.430525
 H 7.441668 1.029622 8.708979
 H 6.165542 0.929227 7.792703
 H -1.316809 2.099865 1.419462
 H -0.912772 1.758476 2.863828
 H 0.546376 -1.923145 -2.176226
 H 0.771139 -1.014879 -3.419489
 H -0.226058 -3.482305 -4.526144
 H -0.289080 -5.001629 -4.784959
 H 6.516412 -5.750236 4.933372
 H 6.407024 -6.642215 3.756425
 H 4.379643 -2.797821 1.807965
 H 3.048535 -3.312519 1.431750
 H 6.338386 -1.648120 2.297078
 H 5.602714 -1.017183 3.666178
 H 2.209016 3.378218 -4.264948
 H 1.068374 4.301905 -4.656588
 H 1.091832 -8.079073 0.049745
 H -0.282571 -7.568698 0.055726
 H -4.293149 -3.337794 -7.362485
 H -5.507621 -2.452985 -7.794253
 H -4.412990 2.964441 -0.698099
 H -4.700242 2.033414 -1.881683
 H 5.335954 4.206095 -4.255604
 H 4.332248 5.092707 -5.143859
 H 2.000377 -1.307928 -0.629394
 H 0.667408 -0.594313 -1.149198
 H -4.650079 -4.251150 1.819104
 H -6.188689 -4.226123 1.778772
 H 2.782023 1.627768 2.232969
 H 2.484051 3.082444 2.361175
K_POINTS
 1
0.0 0.0 0.0 1.0