
&control
    calculation='scf'
    pseudo_dir = './',
    outdir='./outputs',
    disk_io='high'
/
&system
    ibrav= 1, celldm(1)=20.000000, nat=  192, ntyp= 2,
    ecutwfc = 30.0, nosym=.true., occupations='smearing',
    smearing='m-v', degauss=0.025
/
&electrons
    conv_thr =  1.0d-8,
    mixing_beta = 0.7
/
&ions
    pot_extrapolation='second-order'
    wfc_extrapolation='second-order'
    ion_temperature = 'andersen'
    tempw = 1000

/
ATOMIC_SPECIES
 H  1.01  H.blyp-hgh.UPF
 O  16.0  O.blyp-hgh.UPF
ATOMIC_POSITIONS bohr
 O -6.026380 -1.800072 0.051402
 O 3.580113 -1.668002 6.715744
 O -5.932095 7.805860 -5.420827
 O 3.021348 2.805909 -0.452301
 O -3.893244 0.581949 4.744846
 O 0.507367 5.539374 5.784448
 O -3.095704 -6.054081 -2.785533
 O 4.767779 0.572621 5.088968
 O -2.073520 -6.330288 7.166323
 O 1.498161 -2.739398 4.015754
 O 1.827678 -5.730743 1.627140
 O -2.697964 -4.131900 5.180078
 O -2.736895 -7.159321 -0.170765
 O -3.160699 -3.082775 -4.299332
 O 3.099786 -3.805452 -0.624075
 O -1.003185 2.386308 -2.084445
 O -1.751099 -2.514655 0.298693
 O -0.534285 -4.199834 3.238695
 O 2.337098 -4.112874 -3.087937
 O 5.861147 4.125324 0.982805
 O 4.536974 -3.767803 5.285712
 O -2.118265 -0.828035 -3.400474
 O -1.214899 2.666004 -4.878115
 O 5.187872 0.996723 -1.351720
 O 3.278753 1.178636 -3.487285
 O -4.461036 4.126359 -7.154952
 O 4.706370 -6.037751 0.781974
 O 1.147163 -0.070919 -5.540908
 O -3.328952 1.384983 -5.395218
 O 0.148332 -1.054757 2.170049
 O 6.426624 -2.366790 -3.522079
 O 3.733191 -1.525506 -0.965744
 O -1.399870 4.887471 2.670528
 O -4.308680 -0.180786 -1.929597
 O -0.653363 -5.280260 0.006323
 O 5.373685 3.457348 -8.625660
 O 2.615000 5.322391 3.646799
 O -6.750706 6.950541 -2.997238
 O 0.747546 0.763423 -3.009022
 O -5.285967 -4.821571 -1.245636
 O -3.247823 7.503524 2.132731
 O -1.356395 3.543838 4.966521
 O -3.308440 0.580110 0.243375
 O -1.167041 -0.995061 4.552458
 O 2.633450 1.912844 5.367365
 O -5.245989 1.160558 2.122646
 O 3.624362 5.150558 -2.033075
 O 0.489303 -6.116286 -2.871521
 O -5.651201 4.433280 -4.157133
 O 6.708737 1.576461 8.313639
 O -0.680467 1.590786 1.911346
 O 0.597593 -1.975276 -3.158715
 O -0.089524 -4.150856 -5.228910
 O 6.898447 -5.843528 4.047416
 O 3.441441 -2.460968 1.767147
 O 6.446882 -1.351684 3.227535
 O 1.240395 3.413340 -4.261524
 O 0.277010 -8.190818 -0.454974
 O -4.932409 -2.672126 -7.039301
 O -4.777203 2.966447 -1.603708
 O 4.540192 4.182249 -4.873910
 O 1.056964 -1.092750 -0.393626
 O -5.435680 -3.600812 1.810841
 O 2.670125 2.317208 2.930575
 H -6.677195 -2.066806 -0.629635
 H -5.591996 -2.622880 0.360130
 H 2.682122 -1.237317 6.836515
 H 3.298993 -2.596942 6.527809
 H -6.400376 7.701126 -4.534448
 H -5.068590 8.266026 -5.301781
 H 3.570176 3.476261 -0.943846
 H 2.899387 2.231807 -1.242041
 H -3.914976 -0.406991 4.603204
 H -4.748214 0.949607 4.365226
 H 0.818090 6.457954 5.962795
 H 0.530189 5.661756 4.811523
 H -2.530255 -6.256765 -3.567455
 H -3.198494 -5.121843 -3.086230
 H 3.873809 0.997859 5.147225
 H 4.500639 -0.274628 5.583563
 H -2.905441 -6.837138 7.139606
 H -1.552325 -6.711185 6.421946
 H 1.262299 -2.034338 3.407202
 H 2.440175 -2.562685 4.190705
 H 1.347638 -5.271783 2.352496
 H 1.100239 -5.702844 0.971391
 H -2.269179 -4.768292 5.795896
 H -2.065851 -3.698626 4.594574
 H -2.231214 -7.990040 -0.055003
 H -3.188450 -7.247417 -1.024115
 H -2.685413 -2.218014 -4.189842
 H -3.044169 -3.167847 -5.275635
 H 2.825592 -3.812518 -1.584233
 H 2.378638 -4.416098 -0.320582
 H -1.362762 2.796458 -2.930327
 H -0.537078 3.206648 -1.820436
 H -2.664639 -2.739372 0.578564
 H -1.361764 -1.970830 0.995848
 H 0.392733 -3.815482 3.381848
 H -0.922926 -3.958744 2.359400
 H 2.711183 -4.531246 -3.888870
 H 1.803477 -3.385859 -3.536025
 H 5.634764 5.095522 0.842399
 H 6.781198 4.077603 0.667521
 H 4.397756 -4.402469 4.563252
 H 5.236830 -4.038767 5.946702
 H -1.210719 -1.192541 -3.537346
 H -2.216883 0.048531 -3.801472
 H -0.555269 1.972357 -4.616148
 H -2.097044 2.231203 -5.028574
 H 6.095419 1.184788 -1.058256
 H 4.619985 1.251329 -0.600006
 H 4.026943 1.100048 -2.832201
 H 3.623986 1.943559 -3.993142
 H -4.138769 4.971911 -7.507968
 H -4.998166 3.814594 -7.910035
 H 4.048357 -6.765021 0.730943
 H 4.775114 -5.740124 -0.153275
 H 0.451150 -0.420499 -6.124215
 H 1.662680 0.493920 -6.183269
 H -3.852902 0.842414 -6.078085
 H -4.051475 2.003213 -5.112221
 H 0.079869 -0.083685 2.262793
 H 0.705376 -1.205035 1.395036
 H 7.105996 -2.503498 -4.223688
 H 5.655456 -1.961067 -3.984903
 H 4.431479 -0.843188 -1.133054
 H 3.680333 -1.728716 -0.005675
 H -0.885232 5.700834 2.912222
 H -1.267428 4.218995 3.388426
 H -3.377666 -0.455773 -2.146734
 H -4.872401 -0.973302 -2.082128
 H -1.369039 -5.890096 -0.295038
 H -1.156515 -4.444611 0.094254
 H 4.855431 3.157842 -7.802937
 H 5.000204 2.668397 -9.099990
 H 3.154251 4.495933 3.718393
 H 2.694330 5.643765 2.716034
 H -6.211665 6.125132 -3.190120
 H -6.319307 7.567335 -2.356246
 H 0.412452 1.569833 -2.556190
 H 1.696576 0.958843 -3.246350
 H -5.069213 -3.994623 -0.827629
 H -4.790241 -5.406536 -0.628823
 H -3.244206 6.566154 1.854668
 H -2.930878 7.542423 3.067504
 H -2.320753 3.355349 5.025198
 H -1.072790 3.120125 5.809764
 H -2.466371 0.203396 -0.062377
 H -4.019341 0.302051 -0.389748
 H -1.654516 -0.360430 3.980963
 H -1.058472 -1.765831 3.969517
 H 2.318392 2.164832 4.465663
 H 2.176320 2.488045 6.043310
 H -5.352908 0.224939 2.352475
 H -4.382748 1.167349 1.654992
 H 4.336881 5.808163 -2.251209
 H 2.987870 5.414085 -2.717385
 H 1.153548 -5.361201 -2.879324
 H 0.944047 -6.870803 -2.428044
 H -5.266808 3.933034 -4.926890
 H -5.093868 4.058774 -3.426763
 H 7.444218 1.027668 8.708783
 H 6.168322 0.929224 7.790247
 H -1.318226 2.101921 1.423018
 H -0.915188 1.761029 2.864469
 H 0.544957 -1.919205 -2.178001
 H 0.779566 -1.013230 -3.419912
 H -0.231490 -3.479865 -4.528391
 H -0.289433 -4.998382 -4.777038
 H 6.513238 -5.754162 4.934042
 H 6.408059 -6.643343 3.754923
 H 4.377426 -2.801228 1.810825
 H 3.051803 -3.309449 1.436776
 H 6.344602 -1.648428 2.296342
 H 5.599390 -1.029717 3.666696
 H 2.207600 3.373395 -4.266778
 H 1.066029 4.301699 -4.657349
 H 1.093974 -8.080429 0.047262
 H -0.283227 -7.563912 0.052559
 H -4.297588 -3.341369 -7.366118
 H -5.506160 -2.448111 -7.797626
 H -4.418354 2.970987 -0.699116
 H -4.705399 2.034304 -1.880312
 H 5.334792 4.200169 -4.257691
 H 4.332403 5.092092 -5.142058
 H 1.996959 -1.310195 -0.631821
 H 0.669657 -0.593385 -1.151987
 H -4.656079 -4.258066 1.819562
 H -6.190945 -4.221266 1.776067
 H 2.784867 1.623955 2.239430
 H 2.489572 3.084350 2.359416
K_POINTS
 1
0.0 0.0 0.0 1.0