
&control
    calculation='scf'
    pseudo_dir = './',
    outdir='./outputs',
    disk_io='high'
/
&system
    ibrav= 1, celldm(1)=20.000000, nat=  192, ntyp= 2,
    ecutwfc = 30.0, nosym=.true., occupations='smearing',
    smearing='m-v', degauss=0.025
/
&electrons
    conv_thr =  1.0d-8,
    mixing_beta = 0.7
/
&ions
    pot_extrapolation='second-order'
    wfc_extrapolation='second-order'
    ion_temperature = 'andersen'
    tempw = 1000

/
ATOMIC_SPECIES
 H  1.01  H.blyp-hgh.UPF
 O  16.0  O.blyp-hgh.UPF
ATOMIC_POSITIONS bohr
 O -6.021393 -1.796469 0.048376
 O 3.578718 -1.661742 6.733417
 O -5.936006 7.804415 -5.416117
 O 3.012704 2.807056 -0.457044
 O -3.880788 0.569992 4.743127
 O 0.506272 5.544145 5.782464
 O -3.094228 -6.063835 -2.790789
 O 4.775054 0.571862 5.097929
 O -2.067775 -6.331460 7.165022
 O 1.495692 -2.726731 4.020274
 O 1.817071 -5.736278 1.630924
 O -2.694398 -4.131073 5.184837
 O -2.727630 -7.155568 -0.174309
 O -3.159896 -3.080593 -4.294470
 O 3.101889 -3.811511 -0.621491
 O -1.005131 2.384479 -2.076384
 O -1.759113 -2.515901 0.286970
 O -0.536995 -4.194989 3.247020
 O 2.325323 -4.125040 -3.093632
 O 5.874677 4.119281 0.975823
 O 4.538020 -3.774755 5.283301
 O -2.120417 -0.821418 -3.402008
 O -1.209933 2.657546 -4.880437
 O 5.198529 0.979067 -1.378614
 O 3.288918 1.176670 -3.481658
 O -4.459904 4.131762 -7.165859
 O 4.697157 -6.036345 0.781978
 O 1.136950 -0.061605 -5.543406
 O -3.322267 1.387861 -5.391630
 O 0.150811 -1.054405 2.174000
 O 6.426617 -2.357673 -3.525251
 O 3.727662 -1.516922 -0.962565
 O -1.402984 4.885640 2.661506
 O -4.305979 -0.179152 -1.924543
 O -0.666783 -5.287226 0.005175
 O 5.362905 3.473131 -8.626034
 O 2.605983 5.315951 3.623790
 O -6.745126 6.955756 -3.003249
 O 0.748070 0.758045 -3.007061
 O -5.296782 -4.812555 -1.239049
 O -3.257015 7.505907 2.122866
 O -1.346438 3.552504 4.965128
 O -3.309556 0.589844 0.243337
 O -1.160737 -0.999340 4.553126
 O 2.638995 1.918212 5.380128
 O -5.229362 1.161598 2.123834
 O 3.616901 5.146790 -2.037112
 O 0.480469 -6.121726 -2.864676
 O -5.657304 4.436491 -4.164252
 O 6.705769 1.563442 8.333796
 O -0.680306 1.587099 1.917607
 O 0.583117 -1.958822 -3.161169
 O -0.083086 -4.154070 -5.223557
 O 6.896713 -5.847627 4.051053
 O 3.447470 -2.446794 1.777354
 O 6.448981 -1.363968 3.235197
 O 1.240509 3.410602 -4.260103
 O 0.276931 -8.184740 -0.462248
 O -4.936068 -2.672124 -7.050597
 O -4.771164 2.975001 -1.615957
 O 4.532657 4.181011 -4.874130
 O 1.047117 -1.091075 -0.391195
 O -5.433773 -3.603809 1.816279
 O 2.675853 2.321204 2.930601
 H -6.654538 -2.066160 -0.642463
 H -5.586645 -2.620487 0.356425
 H 2.669884 -1.267188 6.861424
 H 3.323852 -2.608154 6.559826
 H -6.425628 7.695128 -4.554999
 H -5.084821 8.294442 -5.330366
 H 3.597153 3.481889 -0.883538
 H 2.872676 2.254036 -1.261020
 H -3.921913 -0.410067 4.571873
 H -4.754072 0.946620 4.421420
 H 0.801404 6.470970 5.974771
 H 0.494029 5.668010 4.809636
 H -2.532709 -6.248029 -3.579681
 H -3.207377 -5.136952 -3.089059
 H 3.866033 0.967936 5.181318
 H 4.501494 -0.279958 5.575146
 H -2.908327 -6.844092 7.175085
 H -1.558014 -6.725249 6.422151
 H 1.262919 -2.006769 3.408000
 H 2.429310 -2.570016 4.203130
 H 1.369778 -5.252290 2.357368
 H 1.105022 -5.724715 0.950773
 H -2.245254 -4.757808 5.785659
 H -2.075054 -3.685017 4.604209
 H -2.218402 -7.985636 -0.062729
 H -3.172595 -7.257613 -1.034720
 H -2.673788 -2.217717 -4.191913
 H -3.038109 -3.148341 -5.274539
 H 2.825818 -3.805365 -1.574153
 H 2.380606 -4.424229 -0.305374
 H -1.368123 2.776279 -2.928937
 H -0.529985 3.214249 -1.818056
 H -2.654157 -2.754817 0.600253
 H -1.355608 -1.976842 0.981714
 H 0.393181 -3.809228 3.380121
 H -0.918308 -3.951968 2.368211
 H 2.748193 -4.510039 -3.901548
 H 1.819167 -3.357984 -3.507648
 H 5.636070 5.082438 0.855197
 H 6.795244 4.069033 0.636887
 H 4.371365 -4.428138 4.584307
 H 5.226984 -4.039518 5.950956
 H -1.216636 -1.198178 -3.525413
 H -2.220645 0.053536 -3.818752
 H -0.543952 1.982288 -4.604639
 H -2.069407 2.211158 -5.013081
 H 6.117604 1.144411 -1.091625
 H 4.641413 1.232617 -0.616962
 H 4.035137 1.093272 -2.836236
 H 3.591659 1.951521 -4.005504
 H -4.114539 4.980483 -7.523078
 H -5.003391 3.828784 -7.918491
 H 4.054027 -6.777105 0.710084
 H 4.825975 -5.764618 -0.153917
 H 0.451080 -0.408568 -6.142665
 H 1.674193 0.482268 -6.180275
 H -3.857258 0.870821 -6.076463
 H -4.032017 2.031530 -5.140343
 H 0.107087 -0.085627 2.257971
 H 0.693576 -1.189561 1.389768
 H 7.138635 -2.490251 -4.192143
 H 5.655708 -1.971318 -3.982035
 H 4.424530 -0.831142 -1.150408
 H 3.686942 -1.708289 -0.006154
 H -0.897968 5.702681 2.928919
 H -1.268104 4.216467 3.405385
 H -3.375649 -0.464460 -2.126531
 H -4.867524 -0.974321 -2.085581
 H -1.387071 -5.897566 -0.287070
 H -1.173932 -4.459449 0.071996
 H 4.913446 3.124519 -7.785587
 H 5.003461 2.670841 -9.078303
 H 3.187477 4.521784 3.704628
 H 2.674796 5.608104 2.682423
 H -6.201819 6.145991 -3.178301
 H -6.322567 7.624240 -2.416559
 H 0.418481 1.559718 -2.553211
 H 1.701566 0.941968 -3.227143
 H -5.052025 -3.993512 -0.811221
 H -4.782648 -5.429645 -0.663726
 H -3.235572 6.561563 1.855694
 H -2.906400 7.555218 3.035450
 H -2.302384 3.324259 5.017283
 H -1.043917 3.106437 5.796452
 H -2.469291 0.203764 -0.055266
 H -4.001596 0.306738 -0.403508
 H -1.668164 -0.345997 4.029240
 H -1.058052 -1.761574 3.954005
 H 2.318568 2.161029 4.458351
 H 2.191871 2.441875 6.094576
 H -5.358362 0.218528 2.320704
 H -4.376507 1.144802 1.641176
 H 4.308960 5.807869 -2.278430
 H 2.956121 5.390240 -2.701033
 H 1.169248 -5.392492 -2.849292
 H 0.902915 -6.907747 -2.448355
 H -5.252065 3.907780 -4.908780
 H -5.116359 4.054400 -3.407625
 H 7.453401 1.018103 8.706610
 H 6.183958 0.931150 7.779291
 H -1.327956 2.113998 1.437978
 H -0.926339 1.774199 2.864247
 H 0.538039 -1.901196 -2.186771
 H 0.821394 -1.007626 -3.420946
 H -0.258334 -3.467959 -4.540349
 H -0.291532 -4.981520 -4.737036
 H 6.498187 -5.771632 4.939728
 H 6.413800 -6.648564 3.745943
 H 4.364484 -2.814749 1.825879
 H 3.066398 -3.292081 1.461398
 H 6.373394 -1.650306 2.294438
 H 5.586012 -1.092887 3.664855
 H 2.203021 3.350047 -4.275323
 H 1.053542 4.298708 -4.660758
 H 1.107659 -8.089570 0.034278
 H -0.286487 -7.540595 0.035290
 H -4.319693 -3.359018 -7.384060
 H -5.498814 -2.423806 -7.815407
 H -4.444290 3.003071 -0.704180
 H -4.730290 2.038312 -1.873619
 H 5.327692 4.171518 -4.270375
 H 4.333970 5.089218 -5.132752
 H 1.979641 -1.320123 -0.645429
 H 0.682942 -0.586853 -1.163606
 H -4.686273 -4.289838 1.824751
 H -6.202932 -4.196877 1.763272
 H 2.798861 1.604847 2.273563
 H 2.516274 3.094742 2.351266
K_POINTS
 1
0.0 0.0 0.0 1.0