
&control
    calculation='scf'
    pseudo_dir = './',
    outdir='./outputs',
    disk_io='high'
/
&system
    ibrav= 1, celldm(1)=20.000000, nat=  192, ntyp= 2,
    ecutwfc = 30.0, nosym=.true., occupations='smearing',
    smearing='m-v', degauss=0.025
/
&electrons
    conv_thr =  1.0d-8,
    mixing_beta = 0.7
/
&ions
    pot_extrapolation='second-order'
    wfc_extrapolation='second-order'
    ion_temperature = 'andersen'
    tempw = 1000

/
ATOMIC_SPECIES
 H  1.01  H.blyp-hgh.UPF
 O  16.0  O.blyp-hgh.UPF
ATOMIC_POSITIONS bohr
 O -6.015126 -1.791656 0.044231
 O 3.575692 -1.654812 6.754897
 O -5.941029 7.802188 -5.411135
 O 3.002872 2.808208 -0.463562
 O -3.866966 0.555038 4.740538
 O 0.505043 5.551612 5.779812
 O -3.092316 -6.074962 -2.798011
 O 4.783227 0.568785 5.109457
 O -2.061785 -6.333146 7.162724
 O 1.492468 -2.711830 4.025941
 O 1.803759 -5.742175 1.634818
 O -2.691519 -4.130483 5.190843
 O -2.716638 -7.151570 -0.178199
 O -3.158694 -3.077819 -4.289970
 O 3.102676 -3.820766 -0.617867
 O -1.008032 2.384387 -2.067428
 O -1.769277 -2.518166 0.272374
 O -0.540186 -4.189291 3.256733
 O 2.311057 -4.139220 -3.102740
 O 5.891822 4.111924 0.967063
 O 4.538112 -3.782397 5.280342
 O -2.123192 -0.813714 -3.403586
 O -1.202781 2.647992 -4.882750
 O 5.211052 0.957398 -1.410791
 O 3.302217 1.175050 -3.475029
 O -4.457753 4.138386 -7.179074
 O 4.686064 -6.034604 0.781542
 O 1.125108 -0.050480 -5.547435
 O -3.315872 1.391636 -5.386364
 O 0.153661 -1.054768 2.179706
 O 6.426813 -2.346426 -3.528500
 O 3.721627 -1.505426 -0.959929
 O -1.406245 4.883750 2.650999
 O -4.303090 -0.177374 -1.919246
 O -0.682934 -5.295929 0.003868
 O 5.348180 3.490289 -8.624538
 O 2.595734 5.307359 3.596178
 O -6.740628 6.961047 -3.011885
 O 0.749439 0.750782 -3.004479
 O -5.308343 -4.802202 -1.229182
 O -3.267658 7.508402 2.110371
 O -1.335330 3.562203 4.963415
 O -3.310617 0.602239 0.244358
 O -1.153619 -1.004243 4.554282
 O 2.644318 1.925074 5.396413
 O -5.209391 1.163386 2.125146
 O 3.608222 5.142651 -2.041717
 O 0.470584 -6.128428 -2.856772
 O -5.661077 4.439291 -4.171684
 O 6.702399 1.547053 8.357868
 O -0.680057 1.582722 1.926864
 O 0.565662 -1.938277 -3.165127
 O -0.075337 -4.158017 -5.216700
 O 6.893977 -5.853346 4.055415
 O 3.455842 -2.430695 1.789696
 O 6.450936 -1.378033 3.244836
 O 1.240478 3.408099 -4.258844
 O 0.276369 -8.176432 -0.470222
 O -4.940146 -2.671769 -7.064006
 O -4.764115 2.985709 -1.630958
 O 4.521316 4.178332 -4.874906
 O 1.035037 -1.089203 -0.389002
 O -5.431281 -3.608531 1.821906
 O 2.682786 2.325998 2.929085
 H -6.629410 -2.066587 -0.657846
 H -5.581884 -2.618534 0.357544
 H 2.659284 -1.300448 6.892612
 H 3.361473 -2.616313 6.595009
 H -6.447908 7.687806 -4.577994
 H -5.112279 8.327148 -5.363217
 H 3.628209 3.490323 -0.807681
 H 2.836088 2.280933 -1.280014
 H -3.933931 -0.408123 4.535803
 H -4.752623 0.937381 4.487181
 H 0.780522 6.482510 5.994161
 H 0.451744 5.667497 4.807161
 H -2.530429 -6.245818 -3.589840
 H -3.223799 -5.150652 -3.085234
 H 3.860936 0.938676 5.221136
 H 4.510349 -0.282299 5.561775
 H -2.909373 -6.850510 7.215459
 H -1.560048 -6.744985 6.424282
 H 1.260082 -1.968738 3.405698
 H 2.422375 -2.581139 4.219212
 H 1.397273 -5.230519 2.363262
 H 1.108880 -5.751202 0.925166
 H -2.212980 -4.744840 5.772969
 H -2.075465 -3.668351 4.615542
 H -2.205563 -7.979469 -0.070826
 H -3.151653 -7.267522 -1.052583
 H -2.665237 -2.217380 -4.187238
 H -3.032898 -3.129956 -5.271770
 H 2.831998 -3.793583 -1.562698
 H 2.390678 -4.431004 -0.285742
 H -1.373365 2.743660 -2.925391
 H -0.520131 3.218974 -1.807573
 H -2.639911 -2.771289 0.627412
 H -1.345319 -1.979833 0.969371
 H 0.386161 -3.799471 3.378063
 H -0.906608 -3.945082 2.381539
 H 2.793193 -4.483383 -3.910133
 H 1.838106 -3.326512 -3.466275
 H 5.640633 5.063677 0.872806
 H 6.807290 4.057535 0.602624
 H 4.343845 -4.462110 4.613272
 H 5.219216 -4.044036 5.951475
 H -1.221230 -1.199588 -3.508578
 H -2.221729 0.059156 -3.843275
 H -0.531428 1.996382 -4.592398
 H -2.038770 2.180015 -4.998345
 H 6.141706 1.096173 -1.132152
 H 4.668102 1.213506 -0.635873
 H 4.045294 1.083170 -2.840651
 H 3.552501 1.959133 -4.020716
 H -4.087736 4.990511 -7.539060
 H -5.013826 3.842441 -7.928373
 H 4.059718 -6.785971 0.684803
 H 4.884277 -5.791755 -0.152572
 H 0.448210 -0.396882 -6.165888
 H 1.686985 0.468392 -6.173592
 H -3.852143 0.904578 -6.079533
 H -4.005673 2.062371 -5.172382
 H 0.136629 -0.084783 2.250384
 H 0.682855 -1.170664 1.372324
 H 7.176379 -2.472843 -4.153021
 H 5.656441 -1.984620 -3.980850
 H 4.409740 -0.816571 -1.167190
 H 3.699058 -1.685154 -0.002501
 H -0.917884 5.697265 2.946839
 H -1.268304 4.221713 3.422361
 H -3.375716 -0.475719 -2.105100
 H -4.861468 -0.974143 -2.090653
 H -1.407145 -5.907892 -0.277746
 H -1.192321 -4.470371 0.046142
 H 4.992026 3.096239 -7.765583
 H 5.014819 2.678159 -9.063334
 H 3.227536 4.558508 3.689380
 H 2.649685 5.565063 2.645404
 H -6.186983 6.179412 -3.162090
 H -6.322761 7.684193 -2.490269
 H 0.419118 1.548434 -2.547959
 H 1.705173 0.921203 -3.204244
 H -5.030838 -3.981551 -0.790284
 H -4.776936 -5.458704 -0.711832
 H -3.221700 6.556822 1.859102
 H -2.879990 7.568183 2.998865
 H -2.281108 3.288874 5.005653
 H -1.005653 3.091693 5.783384
 H -2.473188 0.204159 -0.046829
 H -3.976858 0.309065 -0.421463
 H -1.684208 -0.330207 4.088927
 H -1.055112 -1.754925 3.935126
 H 2.319601 2.157516 4.454732
 H 2.212096 2.385769 6.149366
 H -5.367484 0.208452 2.285472
 H -4.368016 1.117716 1.623811
 H 4.279311 5.808149 -2.310079
 H 2.913423 5.358545 -2.682622
 H 1.183875 -5.433941 -2.812049
 H 0.849368 -6.948613 -2.472489
 H -5.241502 3.884985 -4.886524
 H -5.150118 4.053280 -3.386326
 H 7.457217 1.006830 8.701533
 H 6.205771 0.936905 7.768770
 H -1.342070 2.129844 1.451078
 H -0.936986 1.790159 2.857718
 H 0.529748 -1.883289 -2.195041
 H 0.869456 -1.006989 -3.419993
 H -0.289141 -3.454613 -4.557469
 H -0.294379 -4.960396 -4.688983
 H 6.482884 -5.788125 4.949606
 H 6.422079 -6.653612 3.732145
 H 4.348418 -2.823006 1.846066
 H 3.077071 -3.269566 1.488284
 H 6.402780 -1.653556 2.297134
 H 5.575779 -1.168819 3.653538
 H 2.203524 3.324740 -4.284555
 H 1.038080 4.289893 -4.663738
 H 1.127529 -8.105554 0.016462
 H -0.288056 -7.515407 0.010754
 H -4.346524 -3.378994 -7.404680
 H -5.489096 -2.395304 -7.837723
 H -4.473047 3.039576 -0.709316
 H -4.757907 2.041764 -1.865735
 H 5.317887 4.140045 -4.289373
 H 4.337444 5.088017 -5.121286
 H 1.959051 -1.329474 -0.663769
 H 0.702641 -0.575091 -1.171307
 H -4.721447 -4.321822 1.837250
 H -6.220510 -4.168089 1.749424
 H 2.815103 1.581587 2.316618
 H 2.546695 3.106530 2.343724
K_POINTS
 1
0.0 0.0 0.0 1.0