
&control
    calculation='scf'
    pseudo_dir = './',
    outdir='./outputs',
    disk_io='high'
/
&system
    ibrav= 1, celldm(1)=20.000000, nat=  192, ntyp= 2,
    ecutwfc = 30.0, nosym=.true., occupations='smearing',
    smearing='m-v', degauss=0.025
/
&electrons
    conv_thr =  1.0d-8,
    mixing_beta = 0.7
/
&ions
    pot_extrapolation='second-order'
    wfc_extrapolation='second-order'
    ion_temperature = 'andersen'
    tempw = 1000

/
ATOMIC_SPECIES
 H  1.01  H.blyp-hgh.UPF
 O  16.0  O.blyp-hgh.UPF
ATOMIC_POSITIONS bohr
 O -6.012938 -1.789960 0.042758
 O 3.574404 -1.652711 6.762123
 O -5.942770 7.801314 -5.409797
 O 2.999696 2.808523 -0.465857
 O -3.862611 0.549972 4.739582
 O 0.504646 5.554521 5.778887
 O -3.091649 -6.078559 -2.800623
 O 4.785777 0.567307 5.113464
 O -2.060080 -6.333814 7.161811
 O 1.491212 -2.706824 4.027765
 O 1.799196 -5.743991 1.635867
 O -2.690888 -4.130349 5.192887
 O -2.713058 -7.150382 -0.179497
 O -3.158225 -3.076829 -4.288807
 O 3.102562 -3.824291 -0.616458
 O -1.009069 2.384884 -2.064558
 O -1.772726 -2.519038 0.267445
 O -0.541217 -4.187425 3.259942
 O 2.306355 -4.143856 -3.106340
 O 5.897798 4.109357 0.964042
 O 4.537836 -3.784761 5.279314
 O -2.124187 -0.811143 -3.404073
 O -1.200046 2.645032 -4.883406
 O 5.215187 0.950080 -1.421454
 O 3.306796 1.174700 -3.472930
 O -4.456812 4.140706 -7.183550
 O 4.682388 -6.034028 0.781280
 O 1.121202 -0.046833 -5.549020
 O -3.314121 1.392986 -5.384386
 O 0.154647 -1.055074 2.181760
 O 6.427019 -2.342665 -3.529333
 O 3.719753 -1.501309 -0.959362
 O -1.407200 4.883115 2.647694
 O -4.302228 -0.176853 -1.917671
 O -0.688330 -5.298931 0.003443
 O 5.342922 3.495606 -8.623551
 O 2.592464 5.304288 3.586966
 O -6.739760 6.962731 -3.015061
 O 0.750060 0.748147 -3.003554
 O -5.311839 -4.798781 -1.225390
 O -3.271124 7.509082 2.105987
 O -1.331810 3.565214 4.962897
 O -3.310876 0.606529 0.244937
 O -1.151322 -1.005861 4.554788
 O 2.645833 1.927377 5.401921
 O -5.202751 1.164009 2.125564
 O 3.605368 5.141341 -2.043192
 O 0.467422 -6.130725 -2.854216
 O -5.661457 4.439928 -4.173826
 O 6.701313 1.541464 8.365859
 O -0.680098 1.581392 1.930226
 O 0.559868 -1.931268 -3.166728
 O -0.072784 -4.159344 -5.214256
 O 6.892874 -5.855434 4.056936
 O 3.458863 -2.425455 1.793853
 O 6.451515 -1.382584 3.248081
 O 1.240418 3.407429 -4.258513
 O 0.276122 -8.173406 -0.472664
 O -4.941434 -2.671586 -7.068483
 O -4.761820 2.989402 -1.636057
 O 4.516936 4.177088 -4.875317
 O 1.030965 -1.088595 -0.388503
 O -5.430435 -3.610336 1.823566
 O 2.685100 2.327665 2.928284
 H -6.621710 -2.067017 -0.663122
 H -5.580739 -2.617913 0.359211
 H 2.656413 -1.310681 6.903285
 H 3.375852 -2.617505 6.605913
 H -6.453549 7.685412 -4.584399
 H -5.123267 8.337825 -5.373556
 H 3.638147 3.493178 -0.782093
 H 2.823198 2.290374 -1.285502
 H -3.938748 -0.406677 4.524210
 H -4.750342 0.933146 4.508363
 H 0.773279 6.485108 6.001476
 H 0.438050 5.665650 4.806473
 H -2.528332 -6.247062 -3.592114
 H -3.230697 -5.153922 -3.082283
 H 3.860374 0.930896 5.233962
 H 4.515312 -0.282790 5.556883
 H -2.908502 -6.851863 7.228145
 H -1.559652 -6.752288 6.425441
 H 1.258727 -1.955980 3.405041
 H 2.422000 -2.585224 4.224891
 H 1.406287 -5.223671 2.364981
 H 1.109941 -5.759780 0.917332
 H -2.201303 -4.740715 5.768963
 H -2.073217 -3.662644 4.619237
 H -2.201794 -7.977305 -0.073108
 H -3.143980 -7.270065 -1.059227
 H -2.663751 -2.217301 -4.183830
 H -3.031772 -3.125208 -5.270497
 H 2.835194 -3.789071 -1.559464
 H 2.395852 -4.432572 -0.279046
 H -1.374832 2.731124 -2.923822
 H -0.516990 3.218956 -1.802595
 H -2.635131 -2.776443 0.636783
 H -1.341403 -1.980189 0.965838
 H 0.382139 -3.795674 3.377556
 H -0.901512 -3.943026 2.386143
 H 2.807623 -4.473792 -3.910799
 H 1.844376 -3.316864 -3.451096
 H 5.642863 5.057320 0.879130
 H 6.809704 4.053602 0.591991
 H 4.335648 -4.474162 4.623842
 H 5.217812 -4.046544 5.950732
 H -1.221996 -1.198688 -3.502445
 H -2.221173 0.060360 -3.852045
 H -0.527022 2.001279 -4.588570
 H -2.030033 2.167666 -4.994537
 H 6.148771 1.080012 -1.145855
 H 4.677343 1.207888 -0.642006
 H 4.049336 1.079611 -2.841882
 H 3.539651 1.960809 -4.025373
 H -4.079756 4.992953 -7.543585
 H -5.018164 3.846341 -7.931558
 H 4.061298 -6.787530 0.676289
 H 4.903000 -5.800255 -0.151538
 H 0.446796 -0.393516 -6.173645
 H 1.691201 0.464003 -6.170890
 H -3.847978 0.915128 -6.081986
 H -3.996244 2.072193 -5.182355
 H 0.145480 -0.083535 2.247734
 H 0.679869 -1.164537 1.364205
 H 7.188476 -2.466644 -4.139938
 H 5.656290 -1.988914 -3.981653
 H 4.403290 -0.811786 -1.171778
 H 3.704063 -1.677806 -0.000126
 H -0.925541 5.693876 2.952107
 H -1.268452 4.225827 3.426426
 H -3.376134 -0.479576 -2.098772
 H -4.859445 -0.973632 -2.092489
 H -1.413425 -5.911717 -0.274686
 H -1.197862 -4.472100 0.037775
 H 5.019971 3.089757 -7.758903
 H 5.020049 2.681342 -9.061397
 H 3.241046 4.571792 3.684827
 H 2.640809 5.550947 2.633809
 H -6.180498 6.191501 -3.156486
 H -6.321928 7.702082 -2.515067
 H 0.417689 1.545062 -2.545696
 H 1.706100 0.914319 -3.196753
 H -5.023774 -3.976224 -0.783317
 H -4.775891 -5.468239 -0.729358
 H -3.216291 6.555709 1.860700
 H -2.871678 7.572070 2.987710
 H -2.274129 3.277629 5.001329
 H -0.992343 3.087559 5.779211
 H -2.474419 0.204345 -0.043871
 H -3.968170 0.309108 -0.427787
 H -1.689571 -0.325327 4.108931
 H -1.053703 -1.751970 3.928825
 H 2.320317 2.156728 4.455744
 H 2.218704 2.367471 6.165997
 H -5.371138 0.205270 2.274427
 H -4.364837 1.108831 1.617792
 H 4.270493 5.808600 -2.320439
 H 2.898192 5.347252 -2.676686
 H 1.187910 -5.448374 -2.799500
 H 0.830641 -6.961504 -2.480361
 H -5.239684 3.879233 -4.879068
 H -5.163187 4.054112 -3.380056
 H 7.457124 1.002951 8.699395
 H 6.213476 0.939362 7.765702
 H -1.346343 2.134641 1.454717
 H -0.939789 1.795401 2.854672
 H 0.526894 -1.878202 -2.196858
 H 0.884622 -1.008209 -3.419230
 H -0.298886 -3.450441 -4.564120
 H -0.295280 -4.953224 -4.673189
 H 6.478720 -5.792654 4.952999
 H 6.425167 -6.654959 3.726902
 H 4.343987 -2.823925 1.853426
 H 3.078282 -3.262337 1.496242
 H 6.411330 -1.654982 2.299408
 H 5.573181 -1.193879 3.647882
 H 2.204937 3.317250 -4.287468
 H 1.033078 4.285678 -4.664510
 H 1.134115 -8.112021 0.009709
 H -0.287550 -7.507895 0.001632
 H -4.355647 -3.385183 -7.411233
 H -5.485405 -2.386123 -7.845086
 H -4.482027 3.051127 -0.710734
 H -4.766519 2.042643 -1.863057
 H 5.314734 4.130415 -4.296295
 H 4.338960 5.088523 -5.117462
 H 1.952414 -1.332118 -0.670018
 H 0.709836 -0.570194 -1.172206
 H -4.732511 -4.331119 1.842887
 H -6.227390 -4.158688 1.745142
 H 2.820386 1.573685 2.330965
 H 2.556510 3.109689 2.341896
K_POINTS
 1
0.0 0.0 0.0 1.0