
&control
    calculation='scf'
    pseudo_dir = './',
    outdir='./outputs',
    disk_io='high'
/
&system
    ibrav= 1, celldm(1)=20.000000, nat=  192, ntyp= 2,
    ecutwfc = 30.0, nosym=.true., occupations='smearing',
    smearing='m-v', degauss=0.025
/
&electrons
    conv_thr =  1.0d-8,
    mixing_beta = 0.7
/
&ions
    pot_extrapolation='second-order'
    wfc_extrapolation='second-order'
    ion_temperature = 'andersen'
    tempw = 1000

/
ATOMIC_SPECIES
 H  1.01  H.blyp-hgh.UPF
 O  16.0  O.blyp-hgh.UPF
ATOMIC_POSITIONS bohr
 O -6.008390 -1.786479 0.039704
 O 3.571508 -1.648855 6.776668
 O -5.946346 7.799330 -5.407801
 O 2.993481 2.809077 -0.470512
 O -3.854211 0.539806 4.737589
 O 0.503847 5.560910 5.777007
 O -3.090286 -6.085599 -2.806127
 O 4.790586 0.563826 5.121670
 O -2.057152 -6.335341 7.159794
 O 1.488364 -2.696605 4.031178
 O 1.789906 -5.747445 1.637481
 O -2.690016 -4.130114 5.196971
 O -2.706109 -7.148238 -0.182225
 O -3.157188 -3.074738 -4.286975
 O 3.101898 -3.831886 -0.613271
 O -1.011160 2.386625 -2.058883
 O -1.779613 -2.520842 0.257616
 O -0.543226 -4.183770 3.266394
 O 2.297133 -4.152984 -3.114345
 O 5.910129 4.103928 0.957860
 O 4.536811 -3.789227 5.277163
 O -2.126301 -0.805925 -3.405024
 O -1.194072 2.639509 -4.884567
 O 5.223396 0.935321 -1.442617
 O 3.316007 1.174288 -3.468990
 O -4.454588 4.145558 -7.192658
 O 4.675124 -6.032880 0.780543
 O 1.113356 -0.039707 -5.552546
 O -3.311149 1.395826 -5.380108
 O 0.156805 -1.055917 2.185902
 O 6.427736 -2.335187 -3.530494
 O 3.716162 -1.492708 -0.958650
 O -1.408928 4.881726 2.641471
 O -4.300668 -0.175940 -1.914810
 O -0.699161 -5.305053 0.002607
 O 5.332010 3.505686 -8.620832
 O 2.586147 5.297837 3.568542
 O -6.739083 6.966218 -3.021781
 O 0.751495 0.742572 -3.001572
 O -5.318272 -4.791826 -1.217030
 O -3.277931 7.510150 2.096869
 O -1.325007 3.570831 4.962025
 O -3.311227 0.615322 0.246404
 O -1.146809 -1.009106 4.556019
 O 2.648584 1.931887 5.412886
 O -5.189512 1.165134 2.126372
 O 3.599664 5.138823 -2.046091
 O 0.461228 -6.135445 -2.849234
 O -5.660968 4.440776 -4.177534
 O 6.699168 1.530213 8.381797
 O -0.680522 1.579065 1.937119
 O 0.548364 -1.917078 -3.170346
 O -0.067771 -4.162022 -5.209067
 O 6.890353 -5.859850 4.060166
 O 3.465153 -2.415050 1.802241
 O 6.452684 -1.391506 3.254527
 O 1.240283 3.406246 -4.257934
 O 0.275638 -8.167012 -0.477227
 O -4.943917 -2.671148 -7.077495
 O -4.757304 2.996958 -1.646402
 O 4.507229 4.174035 -4.876404
 O 1.022797 -1.087403 -0.387906
 O -5.428812 -3.614239 1.826566
 O 2.689727 2.331153 2.926362
 H -6.607405 -2.068262 -0.673947
 H -5.579215 -2.616390 0.364368
 H 2.651136 -1.329653 6.924997
 H 3.407115 -2.617630 6.626392
 H -6.462537 7.680764 -4.594250
 H -5.147590 8.359181 -5.393051
 H 3.657015 3.498198 -0.731148
 H 2.796979 2.310445 -1.295466
 H -3.949466 -0.403585 4.501648
 H -4.743769 0.923429 4.549162
 H 0.758350 6.488422 6.016872
 H 0.411472 5.659890 4.805577
 H -2.522138 -6.252274 -3.594946
 H -3.246509 -5.158590 -3.074031
 H 3.861114 0.918679 5.258740
 H 4.528186 -0.284612 5.547079
 H -2.904431 -6.853173 7.252007
 H -1.557461 -6.767943 6.428565
 H 1.256030 -1.931776 3.405015
 H 2.424014 -2.593785 4.236605
 H 1.423625 -5.210618 2.367714
 H 1.111962 -5.776105 0.903841
 H -2.176674 -4.732990 5.761567
 H -2.065898 -3.651218 4.626829
 H -2.194823 -7.973070 -0.076864
 H -3.127269 -7.273739 -1.072725
 H -2.662802 -2.217147 -4.174191
 H -3.030512 -3.117918 -5.267562
 H 2.842839 -3.779478 -1.554331
 H 2.408367 -4.435112 -0.265534
 H -1.377440 2.704260 -2.920471
 H -0.511437 3.216164 -1.790901
 H -2.625917 -2.786454 0.656034
 H -1.333303 -1.980654 0.958654
 H 0.372102 -3.787178 3.377115
 H -0.890076 -3.939133 2.394674
 H 2.834835 -4.453209 -3.908423
 H 1.856774 -3.299258 -3.419240
 H 5.648287 5.045386 0.892339
 H 6.812081 4.045807 0.571965
 H 4.320641 -4.499188 4.646387
 H 5.216898 -4.053095 5.948082
 H -1.222249 -1.194772 -3.489504
 H -2.218630 0.061081 -3.870027
 H -0.517117 2.010913 -4.581089
 H -2.015216 2.140049 -4.988710
 H 6.161196 1.047427 -1.173616
 H 4.696504 1.197674 -0.654329
 H 4.059087 1.072612 -2.843876
 H 3.514728 1.962439 -4.033448
 H -4.065650 4.995730 -7.551234
 H -5.027761 3.853490 -7.937526
 H 4.063797 -6.788687 0.659103
 H 4.939282 -5.816453 -0.148318
 H 0.443715 -0.387356 -6.188763
 H 1.699847 0.455848 -6.165196
 H -3.836098 0.934419 -6.089290
 H -3.976656 2.091652 -5.200884
 H 0.161408 -0.079724 2.242629
 H 0.674039 -1.152770 1.345707
 H 7.211735 -2.453632 -4.114035
 H 5.654928 -1.996904 -3.985772
 H 4.388488 -0.802164 -1.179548
 H 3.715423 -1.663628 0.006043
 H -0.941970 5.685591 2.961460
 H -1.269122 4.237560 3.431560
 H -3.377252 -0.487313 -2.087518
 H -4.855546 -0.971891 -2.096277
 H -1.425387 -5.919947 -0.268614
 H -1.207882 -4.472843 0.021414
 H 5.077882 3.081167 -7.745405
 H 5.032154 2.688424 -9.062329
 H 3.268441 4.599507 3.676754
 H 2.622192 5.523434 2.611555
 H -6.164087 6.215501 -3.145397
 H -6.319090 7.734572 -2.564926
 H 0.412483 1.538843 -2.540456
 H 1.708017 0.900866 -3.182118
 H -5.009948 -3.965554 -0.769978
 H -4.775008 -5.486487 -0.766433
 H -3.204430 6.554403 1.864407
 H -2.855597 7.579425 2.967402
 H -2.260158 3.256083 4.992132
 H -0.965422 3.080995 5.770418
 H -2.476553 0.204901 -0.037469
 H -3.950601 0.308263 -0.440816
 H -1.700365 -0.316282 4.148779
 H -1.050461 -1.744532 3.916255
 H 2.322396 2.155954 4.461919
 H 2.231002 2.332216 6.196993
 H -5.379265 0.200367 2.253365
 H -4.357988 1.091469 1.605465
 H 4.254331 5.810115 -2.340941
 H 2.866798 5.323565 -2.664728
 H 1.195093 -5.477663 -2.774358
 H 0.792073 -6.986360 -2.495694
 H -5.238297 3.870237 -4.864485
 H -5.191918 4.057586 -3.368964
 H 7.455713 0.994632 8.694800
 H 6.229009 0.944620 7.759804
 H -1.352947 2.142442 1.461454
 H -0.944304 1.805740 2.848550
 H 0.520941 -1.869317 -2.198905
 H 0.913316 -1.012526 -3.417209
 H -0.317374 -3.442489 -4.579096
 H -0.296806 -4.938751 -4.642281
 H 6.472113 -5.800463 4.959108
 H 6.431747 -6.657164 3.715611
 H 4.337900 -2.823350 1.869224
 H 3.076571 -3.248875 1.510328
 H 6.426660 -1.658550 2.305988
 H 5.568085 -1.243273 3.634385
 H 2.208882 3.304118 -4.293150
 H 1.023560 4.275701 -4.665970
 H 1.146134 -8.126495 -0.005301
 H -0.284653 -7.494140 -0.017784
 H -4.374236 -3.396677 -7.423749
 H -5.477065 -2.368457 -7.859290
 H -4.499145 3.073144 -0.713339
 H -4.782820 2.044315 -1.857485
 H 5.309121 4.112590 -4.310617
 H 4.342533 5.091067 -5.109838
 H 1.939698 -1.336906 -0.682211
 H 0.724662 -0.558757 -1.171530
 H -4.753122 -4.348010 1.856265
 H -6.242625 -4.140095 1.737055
 H 2.830765 1.557661 2.359042
 H 2.575694 3.114273 2.339270
K_POINTS
 1
0.0 0.0 0.0 1.0