
&control
    calculation='scf'
    pseudo_dir = './',
    outdir='./outputs',
    disk_io='high'
/
&system
    ibrav= 1, celldm(1)=20.000000, nat=  192, ntyp= 2,
    ecutwfc = 30.0, nosym=.true., occupations='smearing',
    smearing='m-v', degauss=0.025
/
&electrons
    conv_thr =  1.0d-8,
    mixing_beta = 0.7
/
&ions
    pot_extrapolation='second-order'
    wfc_extrapolation='second-order'
    ion_temperature = 'andersen'
    tempw = 1000

/
ATOMIC_SPECIES
 H  1.01  H.blyp-hgh.UPF
 O  16.0  O.blyp-hgh.UPF
ATOMIC_POSITIONS bohr
 O -5.998595 -1.779435 0.033175
 O 3.564967 -1.642387 6.806136
 O -5.953964 7.794182 -5.407128
 O 2.981670 2.810178 -0.479443
 O -3.838188 0.519602 4.733555
 O 0.502060 5.575419 5.773273
 O -3.087562 -6.098997 -2.818099
 O 4.799073 0.555606 5.138517
 O -2.053037 -6.339195 7.155018
 O 1.481634 -2.674851 4.036792
 O 1.770901 -5.753856 1.638463
 O -2.689012 -4.129535 5.204815
 O -2.693358 -7.144927 -0.188717
 O -3.154843 -3.070138 -4.285072
 O 3.099633 -3.848483 -0.605433
 O -1.015118 2.392536 -2.047197
 O -1.793011 -2.524253 0.238667
 O -0.547193 -4.176949 3.279721
 O 2.279725 -4.170485 -3.133065
 O 5.935860 4.091495 0.945114
 O 4.532977 -3.797329 5.272444
 O -2.130964 -0.795024 -3.406951
 O -1.180740 2.629899 -4.886400
 O 5.239416 0.905368 -1.484025
 O 3.334036 1.174431 -3.462299
 O -4.448949 4.155925 -7.211639
 O 4.661285 -6.030513 0.778050
 O 1.097144 -0.026412 -5.561000
 O -3.307093 1.401974 -5.370350
 O 0.162507 -1.058097 2.193286
 O 6.430495 -2.320507 -3.530498
 O 3.709242 -1.474512 -0.958327
 O -1.411925 4.878071 2.630567
 O -4.298177 -0.174670 -1.910221
 O -0.721120 -5.317360 0.001012
 O 5.309154 3.523851 -8.612447
 O 2.574499 5.283645 3.531856
 O -6.742056 6.974398 -3.036420
 O 0.754812 0.730458 -2.996807
 O -5.328942 -4.776878 -1.197288
 O -3.290888 7.510974 2.077534
 O -1.312205 3.580166 4.961195
 O -3.311209 0.633558 0.250242
 O -1.138055 -1.015565 4.559518
 O 2.653509 1.940046 5.434203
 O -5.163195 1.166278 2.127768
 O 3.588036 5.134316 -2.051957
 O 0.449022 -6.145544 -2.839845
 O -5.655705 4.441205 -4.182474
 O 6.694736 1.507958 8.413455
 O -0.683130 1.576090 1.950595
 O 0.525836 -1.888449 -3.178871
 O -0.058307 -4.167569 -5.197307
 O 6.884065 -5.869446 4.067558
 O 3.478264 -2.394371 1.819266
 O 6.455515 -1.408608 3.267017
 O 1.240450 3.403924 -4.256802
 O 0.275166 -8.153338 -0.485376
 O -4.948541 -2.670034 -7.095836
 O -4.748489 3.012573 -1.667526
 O 4.483957 4.165846 -4.879759
 O 1.006630 -1.085195 -0.388420
 O -5.426466 -3.623036 1.831303
 O 2.698960 2.338604 2.921838
 H -6.582619 -2.071783 -0.695904
 H -5.579695 -2.610834 0.381255
 H 2.640253 -1.361436 6.969598
 H 3.477732 -2.610831 6.661487
 H -6.472935 7.672299 -4.599170
 H -5.202975 8.404069 -5.426672
 H 3.687981 3.501427 -0.633226
 H 2.745482 2.356775 -1.313314
 H -3.974551 -0.400957 4.458590
 H -4.726906 0.901927 4.622776
 H 0.727043 6.489467 6.048622
 H 0.362501 5.642485 4.806704
 H -2.502237 -6.271421 -3.593550
 H -3.284679 -5.162899 -3.049184
 H 3.870618 0.908460 5.304160
 H 4.564483 -0.297750 5.530311
 H -2.887243 -6.850704 7.292367
 H -1.548788 -6.802836 6.439177
 H 1.252994 -1.893138 3.413426
 H 2.434407 -2.611962 4.259975
 H 1.453790 -5.187271 2.368962
 H 1.115521 -5.803417 0.888957
 H -2.124182 -4.719442 5.749338
 H -2.044904 -3.630221 4.645247
 H -2.182220 -7.966287 -0.080419
 H -3.087448 -7.274388 -1.097569
 H -2.668407 -2.216239 -4.144061
 H -3.031866 -3.112240 -5.261343
 H 2.861226 -3.759672 -1.549789
 H 2.437358 -4.441604 -0.237757
 H -1.381965 2.647078 -2.915476
 H -0.504504 3.200299 -1.762478
 H -2.609311 -2.805896 0.696102
 H -1.318184 -1.983616 0.939505
 H 0.347890 -3.765819 3.380195
 H -0.864827 -3.931647 2.404948
 H 2.880852 -4.406163 -3.889567
 H 1.880726 -3.272351 -3.352286
 H 5.662509 5.027837 0.920640
 H 6.809867 4.031218 0.535823
 H 4.295616 -4.551608 4.697114
 H 5.222192 -4.071667 5.938520
 H -1.217716 -1.178336 -3.461338
 H -2.207999 0.054092 -3.906190
 H -0.490204 2.028173 -4.566144
 H -1.993533 2.075986 -4.984318
 H 6.179772 0.980780 -1.230556
 H 4.738005 1.180854 -0.680583
 H 4.086894 1.060977 -2.846530
 H 3.470406 1.958130 -4.042840
 H -4.045559 4.992245 -7.561218
 H -5.048423 3.866897 -7.946353
 H 4.064837 -6.784523 0.623907
 H 5.006563 -5.845573 -0.135808
 H 0.438480 -0.376304 -6.215719
 H 1.718866 0.442720 -6.154333
 H -3.798798 0.963374 -6.113962
 H -3.935874 2.131982 -5.231192
 H 0.185145 -0.069442 2.234554
 H 0.659119 -1.131927 1.306625
 H 7.253515 -2.425222 -4.064602
 H 5.648592 -2.010026 -4.005375
 H 4.354302 -0.780618 -1.190618
 H 3.742821 -1.636959 0.020432
 H -0.976441 5.668963 2.975590
 H -1.272722 4.272144 3.429667
 H -3.379326 -0.502242 -2.071357
 H -4.849434 -0.965938 -2.103975
 H -1.447285 -5.938412 -0.256490
 H -1.222033 -4.466427 -0.009994
 H 5.198964 3.080540 -7.718745
 H 5.060974 2.704622 -9.082454
 H 3.324627 4.658500 3.665230
 H 2.581294 5.472580 2.569745
 H -6.114778 6.258313 -3.125071
 H -6.310138 7.786003 -2.665054
 H 0.394021 1.526782 -2.528293
 H 1.714001 0.876473 -3.154640
 H -4.984667 -3.951889 -0.747730
 H -4.777051 -5.517511 -0.846978
 H -3.177361 6.555382 1.872572
 H -2.825874 7.593554 2.934346
 H -2.231220 3.217260 4.972197
 H -0.912811 3.076615 5.748608
 H -2.478584 0.207309 -0.021394
 H -3.916212 0.304064 -0.467019
 H -1.721764 -0.302418 4.226909
 H -1.043192 -1.722395 3.890993
 H 2.328619 2.158894 4.491851
 H 2.249129 2.269672 6.250826
 H -5.398160 0.200878 2.215411
 H -4.343288 1.059191 1.580472
 H 4.225876 5.814794 -2.381113
 H 2.804343 5.271906 -2.638097
 H 1.207826 -5.535963 -2.724283
 H 0.711402 -7.032867 -2.524180
 H -5.241813 3.859490 -4.839546
 H -5.257444 4.070329 -3.351317
 H 7.452545 0.973744 8.686176
 H 6.258259 0.954795 7.746903
 H -1.354664 2.147715 1.473918
 H -0.949516 1.826208 2.842510
 H 0.507672 -1.856444 -2.198063
 H 0.963268 -1.026370 -3.412183
 H -0.349710 -3.427424 -4.616163
 H -0.297794 -4.909505 -4.584624
 H 6.466366 -5.812172 4.966214
 H 6.445805 -6.659967 3.690706
 H 4.340678 -2.814438 1.905377
 H 3.056663 -3.225320 1.531154
 H 6.451203 -1.669746 2.325477
 H 5.553324 -1.338157 3.601717
 H 2.216834 3.287213 -4.304281
 H 1.007005 4.252825 -4.670473
 H 1.162247 -8.160470 -0.041586
 H -0.271435 -7.469465 -0.058948
 H -4.412559 -3.415891 -7.446212
 H -5.455915 -2.336642 -7.884378
 H -4.530587 3.112225 -0.719727
 H -4.811625 2.049524 -1.844952
 H 5.301964 4.083021 -4.340069
 H 4.352047 5.100862 -5.094368
 H 1.917212 -1.345354 -0.703032
 H 0.753543 -0.527928 -1.161469
 H -4.786456 -4.376981 1.890851
 H -6.276615 -4.102662 1.722836
 H 2.850729 1.525903 2.410930
 H 2.612223 3.115738 2.336755
K_POINTS
 1
0.0 0.0 0.0 1.0