
&control
    calculation='scf'
    pseudo_dir = './',
    outdir='./outputs',
    disk_io='high'
/
&system
    ibrav= 1, celldm(1)=20.000000, nat=  192, ntyp= 2,
    ecutwfc = 30.0, nosym=.true., occupations='smearing',
    smearing='m-v', degauss=0.025
/
&electrons
    conv_thr =  1.0d-8,
    mixing_beta = 0.7
/
&ions
    pot_extrapolation='second-order'
    wfc_extrapolation='second-order'
    ion_temperature = 'andersen'
    tempw = 1000

/
ATOMIC_SPECIES
 H  1.01  H.blyp-hgh.UPF
 O  16.0  O.blyp-hgh.UPF
ATOMIC_POSITIONS bohr
 O -5.996017 -1.777709 0.031441
 O 3.563280 -1.640956 6.813596
 O -5.956003 7.792598 -5.407701
 O 2.978868 2.810519 -0.481455
 O -3.834252 0.514594 4.732580
 O 0.501536 5.579256 5.772377
 O -3.086920 -6.102172 -2.821250
 O 4.800982 0.553443 5.142763
 O -2.052277 -6.340306 7.153660
 O 1.479868 -2.669092 4.037946
 O 1.766133 -5.755390 1.638223
 O -2.688711 -4.129342 5.206671
 O -2.690445 -7.144309 -0.190624
 O -3.154238 -3.068923 -4.284898
 O 3.099053 -3.852740 -0.603225
 O -1.016033 2.394356 -2.044099
 O -1.796262 -2.525006 0.234187
 O -0.548231 -4.175380 3.283167
 O 2.275602 -4.174651 -3.138157
 O 5.942365 4.088032 0.941907
 O 4.531692 -3.799250 5.271185
 O -2.132187 -0.792207 -3.407446
 O -1.177288 2.627686 -4.886771
 O 5.243285 0.897807 -1.494152
 O 3.338377 1.174597 -3.460851
 O -4.447359 4.158556 -7.216544
 O 4.658037 -6.029883 0.777191
 O 1.092936 -0.023322 -5.563401
 O -3.306437 1.403579 -5.367688
 O 0.164327 -1.058635 2.194746
 O 6.431412 -2.316883 -3.530006
 O 3.707477 -1.469865 -0.958322
 O -1.412645 4.876926 2.628097
 O -4.297665 -0.174466 -1.909304
 O -0.726698 -5.320345 0.000634
 O 5.303333 3.528008 -8.609758
 O 2.571826 5.279806 3.522757
 O -6.743613 6.976724 -3.040300
 O 0.755670 0.727305 -2.995387
 O -5.331187 -4.772856 -1.191777
 O -3.293933 7.510905 2.072579
 O -1.309141 3.582071 4.961197
 O -3.311053 0.638203 0.251304
 O -1.135928 -1.017133 4.560644
 O 2.654729 1.941826 5.439403
 O -5.156634 1.166250 2.128038
 O 3.585044 5.133334 -2.053496
 O 0.445945 -6.148232 -2.837629
 O -5.653693 4.441191 -4.183192
 O 6.693542 1.502526 8.421306
 O -0.684168 1.575718 1.953761
 O 0.520309 -1.881342 -3.181153
 O -0.056087 -4.169024 -5.194063
 O 6.882266 -5.871958 4.069591
 O 3.481575 -2.389267 1.823550
 O 6.456364 -1.412698 3.270059
 O 1.240686 3.403223 -4.256456
 O 0.275225 -8.149874 -0.487316
 O -4.949630 -2.669712 -7.100473
 O -4.746312 3.016546 -1.672852
 O 4.477359 4.163446 -4.880850
 O 1.002679 -1.084708 -0.388916
 O -5.426203 -3.625412 1.832222
 O 2.701265 2.340470 2.920692
 H -6.576993 -2.072747 -0.701165
 H -5.580617 -2.608704 0.386680
 H 2.637148 -1.368203 6.980909
 H 3.496602 -2.608280 6.668924
 H -6.474131 7.670415 -4.597200
 H -5.217699 8.416195 -5.433921
 H 3.693734 3.500061 -0.610213
 H 2.733308 2.369830 -1.317821
 H -3.981418 -0.401665 4.448181
 H -4.722827 0.896736 4.639269
 H 0.719021 6.489237 6.056393
 H 0.351311 5.637428 4.807713
 H -2.495853 -6.277450 -3.591718
 H -3.295124 -5.163693 -3.041515
 H 3.874734 0.908859 5.314587
 H 4.575419 -0.303983 5.527166
 H -2.881553 -6.849378 7.300741
 H -1.546011 -6.812128 6.443010
 H 1.253078 -1.885998 3.417599
 H 2.436980 -2.616620 4.265407
 H 1.460101 -5.182057 2.368156
 H 1.116053 -5.808772 0.888047
 H -2.110994 -4.716236 5.746667
 H -2.039386 -3.625747 4.650982
 H -2.179202 -7.965162 -0.080363
 H -3.076106 -7.273006 -1.102974
 H -2.671188 -2.215733 -4.134472
 H -3.032923 -3.112597 -5.260011
 H 2.866125 -3.754983 -1.549570
 H 2.444287 -4.444460 -0.230523
 H -1.383042 2.632812 -2.915091
 H -0.503684 3.194742 -1.754650
 H -2.605387 -2.810679 0.706214
 H -1.314962 -1.985231 0.933051
 H 0.341861 -3.759381 3.382147
 H -0.858456 -3.929796 2.405534
 H 2.890610 -4.393297 -3.882488
 H 1.886491 -3.267607 -3.335410
 H 5.666716 5.025065 0.928063
 H 6.808865 4.027879 0.527180
 H 4.290250 -4.564865 4.710936
 H 5.224754 -4.077185 5.935236
 H -1.215658 -1.172434 -3.453890
 H -2.204300 0.050557 -3.915085
 H -0.481698 2.032012 -4.562379
 H -1.988677 2.059089 -4.984693
 H 6.183486 0.963748 -1.245048
 H 4.749062 1.177321 -0.687692
 H 4.095588 1.058940 -2.847232
 H 3.460974 1.955619 -4.043654
 H -4.042126 4.989868 -7.562873
 H -5.053437 3.870404 -7.947632
 H 4.063973 -6.782475 0.614886
 H 5.022154 -5.852122 -0.131188
 H 0.437662 -0.373643 -6.221551
 H 1.724017 0.440112 -6.151952
 H -3.786736 0.968353 -6.122126
 H -3.925572 2.142668 -5.237268
 H 0.189219 -0.067031 2.233204
 H 0.654063 -1.127414 1.297772
 H 7.262784 -2.417663 -4.052986
 H 5.646896 -2.012832 -4.012535
 H 4.345523 -0.774197 -1.192769
 H 3.750448 -1.630559 0.023552
 H -0.984781 5.666141 2.978261
 H -1.274175 4.282105 3.427077
 H -3.379619 -0.505719 -2.068768
 H -4.848524 -0.964100 -2.105869
 H -1.452457 -5.943323 -0.253425
 H -1.223965 -4.464007 -0.017615
 H 5.229729 3.083548 -7.712579
 H 5.068857 2.709174 -9.090722
 H 3.338739 4.673953 3.663277
 H 2.570324 5.460919 2.559663
 H -6.099242 6.267875 -3.120528
 H -6.307564 7.796090 -2.689938
 H 0.388105 1.523359 -2.525232
 H 1.716194 0.871143 -3.148175
 H -4.978938 -3.951160 -0.743284
 H -4.778084 -5.523767 -0.868038
 H -3.170076 6.556186 1.874454
 H -2.819205 7.597175 2.927220
 H -2.223628 3.208513 4.967041
 H -0.900339 3.077578 5.742017
 H -2.478472 0.208304 -0.016419
 H -3.907974 0.302801 -0.473200
 H -1.726894 -0.300197 4.245989
 H -1.041369 -1.715264 3.884504
 H 2.330341 2.160851 4.502729
 H 2.251883 2.256064 6.262657
 H -5.403325 0.203708 2.206836
 H -4.339676 1.051790 1.574383
 H 4.218991 5.815998 -2.390939
 H 2.789708 5.258190 -2.630437
 H 1.211007 -5.550207 -2.711845
 H 0.690674 -7.043838 -2.530776
 H -5.243298 3.857552 -4.834870
 H -5.274835 4.074209 -3.347270
 H 7.452530 0.967306 8.684468
 H 6.264831 0.957082 7.743139
 H -1.352421 2.146623 1.476785
 H -0.950123 1.831371 2.843348
 H 0.504012 -1.854169 -2.197407
 H 0.974155 -1.030321 -3.410938
 H -0.356773 -3.423589 -4.626876
 H -0.297430 -4.902198 -4.571306
 H 6.466420 -5.814516 4.966769
 H 6.449324 -6.660431 3.684199
 H 4.344601 -2.810905 1.915319
 H 3.048778 -3.219464 1.535059
 H 6.456359 -1.673660 2.331056
 H 5.548031 -1.360989 3.592883
 H 2.218033 3.285289 -4.307068
 H 1.003399 4.247276 -4.672377
 H 1.164327 -8.169739 -0.051807
 H -0.266828 -7.463157 -0.069098
 H -4.422241 -3.419980 -7.451295
 H -5.449704 -2.329495 -7.889863
 H -4.537979 3.120875 -0.722063
 H -4.818025 2.051670 -1.841476
 H 5.301030 4.076925 -4.347544
 H 4.354959 5.103691 -5.090347
 H 1.912288 -1.347385 -0.707048
 H 0.760126 -0.518259 -1.157469
 H -4.792941 -4.383604 1.900987
 H -6.285122 -4.093019 1.719730
 H 2.855516 1.518478 2.422818
 H 2.620940 3.114674 2.336186
K_POINTS
 1
0.0 0.0 0.0 1.0