
&control
    calculation='scf'
    pseudo_dir = './',
    outdir='./outputs',
    disk_io='high'
/
&system
    ibrav= 1, celldm(1)=20.000000, nat=  192, ntyp= 2,
    ecutwfc = 30.0, nosym=.true., occupations='smearing',
    smearing='m-v', degauss=0.025
/
&electrons
    conv_thr =  1.0d-8,
    mixing_beta = 0.7
/
&ions
    pot_extrapolation='second-order'
    wfc_extrapolation='second-order'
    ion_temperature = 'andersen'
    tempw = 1000

/
ATOMIC_SPECIES
 H  1.01  H.blyp-hgh.UPF
 O  16.0  O.blyp-hgh.UPF
ATOMIC_POSITIONS bohr
 O -5.989404 -1.773528 0.026880
 O 3.559109 -1.637516 6.832465
 O -5.961411 7.788055 -5.410366
 O 2.972144 2.811566 -0.485841
 O -3.824433 0.502086 4.730233
 O 0.500033 5.588900 5.770277
 O -3.085471 -6.109741 -2.829294
 O 4.805452 0.548001 5.153390
 O -2.050572 -6.343259 7.149937
 O 1.475595 -2.654187 4.040518
 O 1.754364 -5.759148 1.636845
 O -2.687494 -4.128788 5.211122
 O -2.683639 -7.143148 -0.195912
 O -3.152780 -3.065834 -4.284842
 O 3.097871 -3.863244 -0.597447
 O -1.018232 2.399130 -2.035933
 O -1.804282 -2.526691 0.223591
 O -0.551031 -4.171722 3.291903
 O 2.265607 -4.184593 -3.151256
 O 5.958396 4.078834 0.933999
 O 4.528027 -3.804034 5.267948
 O -2.135238 -0.785092 -3.408681
 O -1.168728 2.622165 -4.887541
 O 5.252599 0.878824 -1.519055
 O 3.348882 1.175031 -3.457455
 O -4.443238 4.164906 -7.229011
 O 4.650402 -6.028220 0.774634
 O 1.082158 -0.016005 -5.569891
 O -3.305405 1.407648 -5.360732
 O 0.169676 -1.059758 2.197439
 O 6.433898 -2.307839 -3.527994
 O 3.702860 -1.458264 -0.958167
 O -1.414509 4.873712 2.622133
 O -4.296516 -0.174146 -1.907401
 O -0.740810 -5.327457 -0.000266
 O 5.288782 3.537741 -8.602072
 O 2.565653 5.269629 3.500222
 O -6.748510 6.982821 -3.050364
 O 0.757783 0.719353 -2.991333
 O -5.336188 -4.762332 -1.177173
 O -3.301066 7.510294 2.060225
 O -1.301667 3.586092 4.961525
 O -3.310408 0.649851 0.253963
 O -1.130742 -1.020856 4.563976
 O 2.657946 1.945706 5.452361
 O -5.140215 1.165604 2.128510
 O 3.577381 5.131183 -2.057546
 O 0.438133 -6.155267 -2.832328
 O -5.647846 4.441255 -4.184166
 O 6.690329 1.489202 8.440761
 O -0.687364 1.575378 1.961291
 O 0.506631 -1.863862 -3.186870
 O -0.050821 -4.172833 -5.185447
 O 6.877489 -5.878349 4.074869
 O 3.489842 -2.376827 1.834247
 O 6.458612 -1.422505 3.277614
 O 1.241737 3.401071 -4.255374
 O 0.275733 -8.141435 -0.492257
 O -4.952231 -2.668835 -7.112064
 O -4.740887 3.026552 -1.686146
 O 4.459634 4.157039 -4.883983
 O 0.993047 -1.083646 -0.390808
 O -5.426322 -3.631614 1.834046
 O 2.707036 2.344855 2.918030
 H -6.563413 -2.075052 -0.713248
 H -5.584353 -2.601885 0.402017
 H 2.628563 -1.383564 7.009241
 H 3.544974 -2.601662 6.685005
 H -6.474552 7.666233 -4.587609
 H -5.255444 8.448629 -5.450131
 H 3.703879 3.491966 -0.556428
 H 2.704899 2.405227 -1.330021
 H -3.999227 -0.406051 4.422825
 H -4.714131 0.885013 4.676973
 H 0.698830 6.489374 6.075011
 H 0.325430 5.624520 4.811468
 H -2.477799 -6.293452 -3.584638
 H -3.321707 -5.166801 -3.020488
 H 3.888024 0.914586 5.339059
 H 4.605381 -0.325118 5.521396
 H -2.866602 -6.845920 7.318605
 H -1.538475 -6.835971 6.455085
 H 1.255129 -1.872420 3.431406
 H 2.440815 -2.628201 4.277510
 H 1.473338 -5.170196 2.363891
 H 1.115726 -5.819104 0.890257
 H -2.079358 -4.707967 5.740222
 H -2.026784 -3.616354 4.667752
 H -2.171800 -7.963512 -0.078441
 H -3.045551 -7.266753 -1.115092
 H -2.680149 -2.213735 -4.107537
 H -3.036528 -3.116237 -5.257578
 H 2.878376 -3.744536 -1.549439
 H 2.459149 -4.455325 -0.211766
 H -1.385558 2.598404 -2.916120
 H -0.502854 3.179836 -1.734242
 H -2.595306 -2.822418 0.730949
 H -1.308111 -1.991110 0.913428
 H 0.328295 -3.741080 3.389711
 H -0.842856 -3.925392 2.403475
 H 2.912815 -4.359690 -3.862459
 H 1.900408 -3.259503 -3.293875
 H 5.678461 5.020552 0.947168
 H 6.807878 4.020184 0.505188
 H 4.278047 -4.597552 4.747299
 H 5.232643 -4.091797 5.925342
 H -1.209326 -1.154626 -3.434655
 H -2.193595 0.039224 -3.937084
 H -0.457527 2.041228 -4.553175
 H -1.975155 2.017445 -4.988059
 H 6.192250 0.920418 -1.281621
 H 4.777743 1.169596 -0.706564
 H 4.119727 1.056002 -2.850005
 H 3.441098 1.947749 -4.043372
 H -4.035607 4.983007 -7.566422
 H -5.065013 3.879954 -7.948948
 H 4.059387 -6.776167 0.591842
 H 5.058816 -5.867031 -0.116942
 H 0.436686 -0.367048 -6.234512
 H 1.737263 0.434474 -6.146679
 H -3.751805 0.976963 -6.145298
 H -3.899827 2.170528 -5.249961
 H 0.195938 -0.062590 2.231313
 H 0.638454 -1.117586 1.279128
 H 7.283616 -2.398109 -4.025651
 H 5.644441 -2.019531 -4.033495
 H 4.324377 -0.755379 -1.197690
 H 3.770428 -1.614914 0.028947
 H -1.004288 5.663533 2.983503
 H -1.278739 4.306743 3.418658
 H -3.379813 -0.513673 -2.065020
 H -4.847817 -0.959287 -2.110468
 H -1.465144 -5.955779 -0.245631
 H -1.225430 -4.458137 -0.036328
 H 5.306323 3.095938 -7.699255
 H 5.089515 2.722104 -9.115295
 H 3.373230 4.714035 3.659626
 H 2.541787 5.433754 2.534923
 H -6.057130 6.291435 -3.110210
 H -6.301224 7.816934 -2.751223
 H 0.371841 1.513183 -2.518171
 H 1.722907 0.859553 -3.132663
 H -4.965372 -3.954685 -0.733865
 H -4.781054 -5.536263 -0.921539
 H -3.151283 6.558572 1.878256
 H -2.804624 7.606715 2.910189
 H -2.203946 3.188345 4.954137
 H -0.870837 3.083566 5.723679
 H -2.476933 0.211707 -0.001831
 H -3.888201 0.299913 -0.487121
 H -1.738924 -0.297503 4.292708
 H -1.037025 -1.694762 3.867530
 H 2.334122 2.168468 4.534357
 H 2.255235 2.225937 6.289160
 H -5.416967 0.215512 2.187127
 H -4.331250 1.034705 1.559889
 H 4.200998 5.818375 -2.414973
 H 2.756291 5.222848 -2.609089
 H 1.219253 -5.585142 -2.680919
 H 0.638190 -7.069897 -2.546298
 H -5.246729 3.852531 -4.826937
 H -5.318655 4.083853 -3.336273
 H 7.454753 0.948942 8.681314
 H 6.279675 0.962476 7.732702
 H -1.342748 2.140141 1.482837
 H -0.950406 1.844381 2.850352
 H 0.494205 -1.849902 -2.196349
 H 0.998705 -1.039866 -3.408211
 H -0.372698 -3.413317 -4.655925
 H -0.295206 -4.884144 -4.540125
 H 6.468610 -5.819784 4.966548
 H 6.457761 -6.661352 3.667861
 H 4.358692 -2.800061 1.941430
 H 3.025867 -3.202939 1.543326
 H 6.468256 -1.685866 2.344822
 H 5.532168 -1.416565 3.570169
 H 2.218836 3.284946 -4.314110
 H 0.995233 4.234935 -4.679228
 H 1.166478 -8.193739 -0.078649
 H -0.253712 -7.445486 -0.092997
 H -4.446219 -3.429328 -7.463167
 H -5.432895 -2.312976 -7.902404
 H -4.555752 3.140497 -0.729938
 H -4.832631 2.059115 -1.832269
 H 5.299629 4.063924 -4.366677
 H 4.363140 5.109963 -5.079830
 H 1.901221 -1.352515 -0.714331
 H 0.774833 -0.490255 -1.145432
 H -4.806009 -4.399495 1.928622
 H -6.304928 -4.068181 1.712868
 H 2.867007 1.501964 2.450546
 H 2.641942 3.110408 2.333575
K_POINTS
 1
0.0 0.0 0.0 1.0