
&control
    calculation='scf'
    pseudo_dir = './',
    outdir='./outputs',
    disk_io='high'
/
&system
    ibrav= 1, celldm(1)=20.000000, nat=  192, ntyp= 2,
    ecutwfc = 30.0, nosym=.true., occupations='smearing',
    smearing='m-v', degauss=0.025
/
&electrons
    conv_thr =  1.0d-8,
    mixing_beta = 0.7
/
&ions
    pot_extrapolation='second-order'
    wfc_extrapolation='second-order'
    ion_temperature = 'andersen'
    tempw = 1000

/
ATOMIC_SPECIES
 H  1.01  H.blyp-hgh.UPF
 O  16.0  O.blyp-hgh.UPF
ATOMIC_POSITIONS bohr
 O -5.985349 -1.771130 0.023971
 O 3.556674 -1.635465 6.843959
 O -5.964889 7.784937 -5.412722
 O 2.968281 2.812323 -0.487933
 O -3.818564 0.494535 4.728875
 O 0.498983 5.594584 5.769154
 O -3.084756 -6.114014 -2.834170
 O 4.807965 0.544694 5.159783
 O -2.049542 -6.345096 7.147456
 O 1.473239 -2.644982 4.041940
 O 1.747508 -5.761357 1.635553
 O -2.686299 -4.128430 5.213690
 O -2.679852 -7.142730 -0.199410
 O -3.151985 -3.063975 -4.285000
 O 3.097423 -3.869349 -0.593876
 O -1.019549 2.401969 -2.030753
 O -1.809082 -2.527591 0.217687
 O -0.552897 -4.169693 3.297143
 O 2.259754 -4.190195 -3.159196
 O 5.967701 4.073029 0.929395
 O 4.525582 -3.806974 5.265974
 O -2.137005 -0.780838 -3.409390
 O -1.163711 2.618697 -4.887871
 O 5.257894 0.867392 -1.533710
 O 3.354956 1.175191 -3.455463
 O -4.440750 4.168399 -7.236563
 O 4.646184 -6.027173 0.772840
 O 1.075562 -0.011867 -5.574105
 O -3.305207 1.410100 -5.356407
 O 0.173443 -1.060208 2.198325
 O 6.435416 -2.302392 -3.526312
 O 3.699921 -1.451368 -0.957885
 O -1.415700 4.871645 2.618567
 O -4.295880 -0.174082 -1.906521
 O -0.749379 -5.331418 -0.000771
 O 5.280132 3.543125 -8.596850
 O 2.562354 5.263094 3.486897
 O -6.751873 6.986513 -3.056644
 O 0.759022 0.714595 -2.988521
 O -5.338854 -4.755783 -1.167961
 O -3.304951 7.509653 2.052940
 O -1.297296 3.588032 4.961884
 O -3.309849 0.656814 0.255484
 O -1.127732 -1.022910 4.566369
 O 2.660070 1.947603 5.460265
 O -5.130331 1.164868 2.128628
 O 3.572664 5.130112 -2.060120
 O 0.433350 -6.159702 -2.829312
 O -5.643940 4.441488 -4.184264
 O 6.688241 1.481336 8.452279
 O -0.689616 1.575515 1.965644
 O 0.498492 -1.853670 -3.190211
 O -0.047858 -4.175251 -5.179959
 O 6.874503 -5.882223 4.078069
 O 3.494805 -2.369691 1.840631
 O 6.459908 -1.428057 3.282172
 O 1.242693 3.399471 -4.254549
 O 0.276256 -8.136646 -0.495401
 O -4.953699 -2.668264 -7.118953
 O -4.737639 3.032598 -1.694071
 O 4.448255 4.153012 -4.886105
 O 0.987459 -1.083125 -0.392404
 O -5.426976 -3.635502 1.834819
 O 2.710507 2.347158 2.916669
 H -6.555389 -2.076282 -0.719490
 H -5.587534 -2.596784 0.412277
 H 2.622976 -1.392048 7.026132
 H 3.574394 -2.597947 6.692897
 H -6.472856 7.664125 -4.579488
 H -5.278722 8.469521 -5.458643
 H 3.706989 3.483844 -0.527223
 H 2.689551 2.428418 -1.338245
 H -4.010113 -0.410147 4.408207
 H -4.710151 0.879069 4.697187
 H 0.686676 6.490624 6.085435
 H 0.311401 5.617012 4.814435
 H -2.465713 -6.303098 -3.578779
 H -3.337428 -5.170075 -3.006998
 H 3.897941 0.920907 5.352727
 H 4.624889 -0.340988 5.519193
 H -2.858105 -6.844341 7.327309
 H -1.533702 -6.850536 6.464148
 H 1.257659 -1.866690 3.441549
 H 2.440473 -2.634947 4.283488
 H 1.479414 -5.163901 2.359752
 H 1.113727 -5.823089 0.894073
 H -2.061964 -4.702625 5.736345
 H -2.020556 -3.611939 4.679444
 H -2.167511 -7.963265 -0.076059
 H -3.025931 -7.261122 -1.121704
 H -2.686720 -2.211984 -4.089741
 H -3.039182 -3.120061 -5.256880
 H 2.885519 -3.739531 -1.548974
 H 2.465914 -4.464768 -0.200160
 H -1.386760 2.579052 -2.917989
 H -0.502863 3.171190 -1.721539
 H -2.588722 -2.829237 0.745031
 H -1.304731 -1.995794 0.899316
 H 0.321586 -3.728559 3.396317
 H -0.833733 -3.923106 2.400274
 H 2.925322 -4.338796 -3.849813
 H 1.908346 -3.257244 -3.269745
 H 5.686459 5.018954 0.958953
 H 6.809233 4.016068 0.491270
 H 4.271363 -4.616521 4.770215
 H 5.238043 -4.100738 5.918196
 H -1.204955 -1.141940 -3.422730
 H -2.186391 0.031233 -3.950279
 H -0.441428 2.046887 -4.548042
 H -1.965208 1.993786 -4.991655
 H 6.197699 0.893850 -1.303765
 H 4.795516 1.165730 -0.718577
 H 4.135377 1.055948 -2.852851
 H 3.431990 1.942570 -4.042002
 H -4.032616 4.979332 -7.568652
 H -5.071113 3.886376 -7.948492
 H 4.054872 -6.771720 0.577635
 H 5.079221 -5.874867 -0.106692
 H 0.436761 -0.363167 -6.241355
 H 1.745159 0.431457 -6.143899
 H -3.727554 0.979781 -6.160525
 H -3.884350 2.187827 -5.256046
 H 0.197552 -0.061443 2.231299
 H 0.627024 -1.112788 1.270820
 H 7.294427 -2.386016 -4.010571
 H 5.645170 -2.023576 -4.047592
 H 4.312567 -0.741964 -1.200557
 H 3.782821 -1.605755 0.030040
 H -1.014929 5.665516 2.985557
 H -1.282020 4.320029 3.413411
 H -3.379593 -0.517802 -2.064693
 H -4.848637 -0.956409 -2.113098
 H -1.472739 -5.963191 -0.240829
 H -1.223900 -4.455331 -0.047351
 H 5.351501 3.106351 -7.693311
 H 5.102541 2.731362 -9.131709
 H 3.392817 4.739212 3.657976
 H 2.524062 5.418814 2.520418
 H -6.031257 6.306428 -3.104769
 H -6.297797 7.826818 -2.786986
 H 0.361425 1.505672 -2.514562
 H 1.727575 0.853932 -3.123728
 H -4.957393 -3.960135 -0.728991
 H -4.782901 -5.541402 -0.953907
 H -3.139751 6.559963 1.879654
 H -2.797671 7.612903 2.899976
 H -2.191733 3.177355 4.946517
 H -0.854331 3.089393 5.711735
 H -2.475117 0.214474 0.008574
 H -3.876945 0.298645 -0.494033
 H -1.745451 -0.298064 4.319973
 H -1.034632 -1.680745 3.856601
 H 2.335546 2.175193 4.555297
 H 2.254779 2.210586 6.302727
 H -5.425736 0.225380 2.176549
 H -4.326764 1.025511 1.551861
 H 4.189194 5.819090 -2.428968
 H 2.738840 5.201148 -2.594783
 H 1.224345 -5.605784 -2.662508
 H 0.606396 -7.084404 -2.554949
 H -5.248121 3.848880 -4.824921
 H -5.344593 4.088990 -3.328410
 H 7.457610 0.936591 8.680187
 H 6.287531 0.965740 7.725950
 H -1.334883 2.134277 1.485167
 H -0.949612 1.852158 2.857634
 H 0.487869 -1.848178 -2.196678
 H 1.011713 -1.044889 -3.406958
 H -0.381139 -3.406447 -4.674750
 H -0.292911 -4.873590 -4.522827
 H 6.470926 -5.822722 4.965867
 H 6.462416 -6.661796 3.658220
 H 4.368961 -2.792194 1.957712
 H 3.010995 -3.190857 1.547656
 H 6.475098 -1.695005 2.352361
 H 5.521553 -1.448907 3.556196
 H 2.217844 3.287876 -4.318416
 H 0.990878 4.228852 -4.684953
 H 1.166197 -8.208490 -0.095165
 H -0.244990 -7.432910 -0.105869
 H -4.460231 -3.434577 -7.469782
 H -5.422193 -2.303875 -7.909365
 H -4.565921 3.150950 -0.736210
 H -4.840467 2.065099 -1.826509
 H 5.298983 4.057608 -4.378670
 H 4.368576 5.112539 -5.073160
 H 1.895390 -1.355669 -0.716600
 H 0.782318 -0.470818 -1.136950
 H -4.811944 -4.408576 1.946596
 H -6.315262 -4.052828 1.709416
 H 2.873522 1.493969 2.465809
 H 2.653993 3.107261 2.330573
K_POINTS
 1
0.0 0.0 0.0 1.0