
&control
    calculation='scf'
    pseudo_dir = './',
    outdir='./outputs',
    disk_io='high'
/
&system
    ibrav= 1, celldm(1)=20.000000, nat=  192, ntyp= 2,
    ecutwfc = 30.0, nosym=.true., occupations='smearing',
    smearing='m-v', degauss=0.025
/
&electrons
    conv_thr =  1.0d-8,
    mixing_beta = 0.7
/
&ions
    pot_extrapolation='second-order'
    wfc_extrapolation='second-order'
    ion_temperature = 'andersen'
    tempw = 1000

/
ATOMIC_SPECIES
 H  1.01  H.blyp-hgh.UPF
 O  16.0  O.blyp-hgh.UPF
ATOMIC_POSITIONS bohr
 O -5.978495 -1.767322 0.018816
 O 3.552770 -1.631957 6.863406
 O -5.971059 7.779183 -5.417680
 O 2.962011 2.813705 -0.490387
 O -3.808939 0.481739 4.726638
 O 0.496987 5.603658 5.767627
 O -3.083914 -6.120715 -2.842219
 O 4.811985 0.538941 5.170522
 O -2.047546 -6.348158 7.142879
 O 1.469805 -2.629497 4.044350
 O 1.736642 -5.764966 1.632803
 O -2.683316 -4.127861 5.217878
 O -2.673936 -7.142538 -0.205643
 O -3.150872 -3.060923 -4.285442
 O 3.097158 -3.879104 -0.587821
 O -1.021915 2.406295 -2.021760
 O -1.817224 -2.529011 0.208621
 O -0.556342 -4.166497 3.305625
 O 2.250082 -4.198887 -3.172245
 O 5.982457 4.063079 0.922060
 O 4.521236 -3.812160 5.262702
 O -2.139713 -0.773919 -3.410432
 O -1.155591 2.612334 -4.888133
 O 5.266172 0.848271 -1.557660
 O 3.364757 1.175050 -3.451964
 O -4.436719 4.173363 -7.249084
 O 4.639764 -6.025404 0.769505
 O 1.064520 -0.005302 -5.581612
 O -3.305599 1.414150 -5.349094
 O 0.180605 -1.060488 2.198532
 O 6.437787 -2.293232 -3.522862
 O 3.694745 -1.440006 -0.957000
 O -1.417813 4.868313 2.612390
 O -4.294841 -0.174198 -1.905485
 O -0.763769 -5.337429 -0.001539
 O 5.265996 3.551345 -8.587264
 O 2.557631 5.251449 3.465127
 O -6.757590 6.992395 -3.067479
 O 0.761069 0.706782 -2.983159
 O -5.342949 -4.744784 -1.152158
 O -3.310653 7.508176 2.041196
 O -1.290180 3.590617 4.962568
 O -3.308629 0.668274 0.257756
 O -1.122887 -1.025976 4.571090
 O 2.664087 1.949967 5.474046
 O -5.113758 1.163246 2.128521
 O 3.564655 5.128673 -2.064602
 O 0.425234 -6.167424 -2.824551
 O -5.637023 4.442374 -4.183817
 O 6.684564 1.468234 8.471128
 O -0.693706 1.576130 1.973002
 O 0.484989 -1.837351 -3.195473
 O -0.043237 -4.179506 -5.170380
 O 6.869504 -5.888678 4.083192
 O 3.503142 -2.358524 1.851188
 O 6.461585 -1.436695 3.289882
 O 1.244742 3.396332 -4.252870
 O 0.277324 -8.129296 -0.501152
 O -4.955962 -2.667255 -7.130167
 O -4.732237 3.042753 -1.707144
 O 4.428316 4.146178 -4.889949
 O 0.978481 -1.082425 -0.395877
 O -5.429051 -3.642227 1.835588
 O 2.716302 2.350224 2.914973
 H -6.541934 -2.078003 -0.727813
 H -5.594236 -2.586788 0.430792
 H 2.613471 -1.405788 7.053745
 H 3.623174 -2.592504 6.703162
 H -6.466361 7.661289 -4.564216
 H -5.319007 8.506078 -5.471078
 H 3.707700 3.465444 -0.484531
 H 2.667417 2.470470 -1.353664
 H -4.027979 -0.418180 4.385321
 H -4.705243 0.871067 4.726978
 H 0.666342 6.495719 6.101145
 H 0.290553 5.605707 4.820100
 H -2.443890 -6.318002 -3.566651
 H -3.362094 -5.178801 -2.984030
 H 3.917247 0.935269 5.374087
 H 4.659351 -0.370163 5.516874
 H -2.846714 -6.843707 7.338788
 H -1.525514 -6.874969 6.482289
 H 1.263897 -1.859315 3.460040
 H 2.434531 -2.645492 4.290959
 H 1.486250 -5.154736 2.350351
 H 1.105769 -5.825955 0.902873
 H -2.036861 -4.692910 5.729713
 H -2.012987 -3.606178 4.701108
 H -2.160883 -7.963763 -0.070128
 H -2.991681 -7.248818 -1.132662
 H -2.699301 -2.208213 -4.058385
 H -3.044023 -3.128512 -5.257053
 H 2.896642 -3.734067 -1.546209
 H 2.473633 -4.485242 -0.180989
 H -1.387611 2.549713 -2.922329
 H -0.502929 3.159377 -1.699794
 H -2.576241 -2.840076 0.766431
 H -1.299738 -2.004895 0.872540
 H 0.312927 -3.705364 3.411110
 H -0.818731 -3.920446 2.393250
 H 2.946413 -4.303236 -3.829565
 H 1.920653 -3.257630 -3.231455
 H 5.701650 5.016629 0.978931
 H 6.815786 4.010213 0.466289
 H 4.260813 -4.646413 4.809826
 H 5.247428 -4.115064 5.904238
 H -1.197243 -1.117771 -3.402283
 H -2.173609 0.017227 -3.972778
 H -0.413111 2.057497 -4.540787
 H -1.944310 1.958174 -5.000048
 H 6.208038 0.848474 -1.341007
 H 4.825680 1.160664 -0.739406
 H 4.162278 1.059032 -2.860498
 H 3.421888 1.934707 -4.038795
 H -4.028056 4.976287 -7.573589
 H -5.079763 3.898403 -7.946102
 H 4.044473 -6.763240 0.553275
 H 5.110723 -5.885828 -0.087417
 H 0.437570 -0.357049 -6.251861
 H 1.757426 0.426441 -6.139606
 H -3.681696 0.981491 -6.186568
 H -3.858267 2.216828 -5.264195
 H 0.196224 -0.062486 2.233306
 H 0.604911 -1.106803 1.262081
 H 7.309542 -2.365493 -3.987895
 H 5.651815 -2.030728 -4.072356
 H 4.294472 -0.716208 -1.205474
 H 3.803705 -1.590911 0.027785
 H -1.031116 5.674660 2.986579
 H -1.288102 4.337059 3.406922
 H -3.378872 -0.523315 -2.067424
 H -4.852266 -0.951854 -2.117168
 H -1.485699 -5.975017 -0.232551
 H -1.217450 -4.452667 -0.065452
 H 5.424297 3.127802 -7.688033
 H 5.125341 2.750212 -9.159598
 H 3.422317 4.783238 3.655320
 H 2.493987 5.396093 2.497044
 H -5.990832 6.334870 -3.097105
 H -6.293363 7.839941 -2.844050
 H 0.343638 1.490506 -2.509871
 H 1.735694 0.847026 -3.109251
 H -4.943171 -3.973082 -0.720911
 H -4.785786 -5.545636 -1.007701
 H -3.120393 6.561685 1.880031
 H -2.789692 7.624230 2.882125
 H -2.171062 3.160652 4.934295
 H -0.828557 3.101980 5.691416
 H -2.470619 0.220469 0.028962
 H -3.859270 0.297814 -0.502463
 H -1.755051 -0.302805 4.363898
 H -1.031097 -1.654760 3.836738
 H 2.335405 2.190613 4.590751
 H 2.249985 2.189566 6.320952
 H -5.441714 0.244828 2.161093
 H -4.320366 1.012043 1.539829
 H 4.167080 5.818720 -2.451539
 H 2.714429 5.164706 -2.568874
 H 1.232600 -5.640214 -2.632182
 H 0.553270 -7.106225 -2.568273
 H -5.248778 3.841219 -4.825672
 H -5.386281 4.095347 -3.312358
 H 7.464091 0.914749 8.679363
 H 6.299168 0.971948 7.714714
 H -1.320482 2.123025 1.485471
 H -0.946303 1.864686 2.873294
 H 0.476595 -1.846344 -2.199691
 H 1.030692 -1.051358 -3.405648
 H -0.393521 -3.393502 -4.708129
 H -0.287474 -4.856786 -4.496031
 H 6.475417 -5.827619 4.965362
 H 6.469172 -6.662414 3.642906
 H 4.386373 -2.776835 1.985236
 H 2.986601 -3.165726 1.554575
 H 6.486871 -1.713413 2.362893
 H 5.504273 -1.501062 3.532433
 H 2.214535 3.297902 -4.325790
 H 0.984533 4.220793 -4.697174
 H 1.164644 -8.233282 -0.122245
 H -0.229129 -7.407785 -0.124307
 H -4.482516 -3.443267 -7.480095
 H -5.404014 -2.289700 -7.920705
 H -4.581917 3.166427 -0.749115
 H -4.852098 2.077395 -1.816911
 H 5.297145 4.049338 -4.399978
 H 4.378142 5.113811 -5.061487
 H 1.886870 -1.361040 -0.716635
 H 0.792563 -0.434461 -1.120695
 H -4.819496 -4.422624 1.978400
 H -6.329197 -4.026924 1.704839
 H 2.883677 1.484611 2.488876
 H 2.673192 3.101943 2.322101
K_POINTS
 1
0.0 0.0 0.0 1.0