
&control
    calculation='scf'
    pseudo_dir = './',
    outdir='./outputs',
    disk_io='high'
/
&system
    ibrav= 1, celldm(1)=20.000000, nat=  192, ntyp= 2,
    ecutwfc = 30.0, nosym=.true., occupations='smearing',
    smearing='m-v', degauss=0.025
/
&electrons
    conv_thr =  1.0d-8,
    mixing_beta = 0.7
/
&ions
    pot_extrapolation='second-order'
    wfc_extrapolation='second-order'
    ion_temperature = 'andersen'
    tempw = 1000

/
ATOMIC_SPECIES
 H  1.01  H.blyp-hgh.UPF
 O  16.0  O.blyp-hgh.UPF
ATOMIC_POSITIONS bohr
 O -5.975730 -1.765858 0.016650
 O 3.551272 -1.630516 6.871280
 O -5.973638 7.776735 -5.419958
 O 2.959507 2.814250 -0.490994
 O -3.805199 0.476517 4.725733
 O 0.496112 5.607109 5.767175
 O -3.083721 -6.123273 -2.845367
 O 4.813576 0.536485 5.174867
 O -2.046600 -6.349362 7.140894
 O 1.468616 -2.623355 4.045396
 O 1.732542 -5.766386 1.631538
 O -2.681748 -4.127664 5.219549
 O -2.671679 -7.142649 -0.208229
 O -3.150520 -3.059730 -4.285649
 O 3.097200 -3.882868 -0.585353
 O -1.022968 2.407803 -2.018082
 O -1.820574 -2.529588 0.205250
 O -0.557822 -4.165249 3.308860
 O 2.246214 -4.202142 -3.177340
 O 5.988076 4.059057 0.919254
 O 4.519437 -3.814377 5.261419
 O -2.140680 -0.771244 -3.410778
 O -1.152413 2.609518 -4.888118
 O 5.269293 0.840595 -1.567083
 O 3.368583 1.174798 -3.450442
 O -4.435167 4.174982 -7.254015
 O 4.637398 -6.024713 0.768082
 O 1.060139 -0.002765 -5.584764
 O -3.306010 1.415743 -5.346175
 O 0.183749 -1.060430 2.198184
 O 6.438641 -2.289534 -3.521294
 O 3.692598 -1.435494 -0.956503
 O -1.418690 4.867126 2.609793
 O -4.294420 -0.174330 -1.905220
 O -0.769540 -5.339630 -0.001814
 O 5.260471 3.554382 -8.583164
 O 2.556033 5.246524 3.456594
 O -6.759771 6.994586 -3.071929
 O 0.761902 0.703713 -2.980776
 O -5.344526 -4.740460 -1.145768
 O -3.312640 7.507449 2.036668
 O -1.287394 3.591474 4.962811
 O -3.308037 0.672787 0.258544
 O -1.121001 -1.027080 4.573249
 O 2.665894 1.950616 5.479869
 O -5.107085 1.162527 2.128372
 O 3.561421 5.128203 -2.066433
 O 0.421948 -6.170615 -2.822737
 O -5.634154 4.442915 -4.183475
 O 6.683060 1.462930 8.478518
 O -0.695393 1.576455 1.976105
 O 0.479597 -1.831088 -3.197450
 O -0.041495 -4.181276 -5.166426
 O 6.867542 -5.891244 4.085096
 O 3.506521 -2.354333 1.855381
 O 6.461976 -1.439932 3.293003
 O 1.245675 3.394951 -4.252105
 O 0.277752 -8.126594 -0.503669
 O -4.956791 -2.666841 -7.134517
 O -4.730080 3.046854 -1.712327
 O 4.420077 4.143439 -4.891564
 O 0.975001 -1.082186 -0.397566
 O -5.430201 -3.644994 1.835725
 O 2.718619 2.351154 2.914528
 H -6.536501 -2.078593 -0.730378
 H -5.597346 -2.582347 0.438597
 H 2.609780 -1.411372 7.064501
 H 3.642341 -2.590494 6.706302
 H -6.462404 7.660363 -4.558124
 H -5.335842 8.520983 -5.475521
 H 3.706735 3.456721 -0.469711
 H 2.659927 2.488522 -1.360371
 H -4.034848 -0.421422 4.376844
 H -4.703614 0.868460 4.737569
 H 0.658138 6.498939 6.106716
 H 0.283080 5.601796 4.822459
 H -2.434685 -6.323238 -3.561080
 H -3.371147 -5.183520 -2.974954
 H 3.925767 0.942058 5.382232
 H 4.673623 -0.381890 5.516183
 H -2.843521 -6.844372 7.342418
 H -1.522160 -6.884751 6.490546
 H 1.267010 -1.856467 3.467473
 H 2.430291 -2.649378 4.293059
 H 1.487807 -5.151496 2.345812
 H 1.100546 -5.825795 0.906754
 H -2.028418 -4.688786 5.727033
 H -2.010956 -3.604205 4.710281
 H -2.158512 -7.964157 -0.067120
 H -2.977606 -7.242956 -1.137360
 H -2.704822 -2.206475 -4.045565
 H -3.045999 -3.132420 -5.257533
 H 2.900700 -3.733065 -1.544140
 H 2.475746 -4.494805 -0.173717
 H -1.387340 2.539166 -2.924147
 H -0.502793 3.156020 -1.690953
 H -2.570631 -2.844204 0.774095
 H -1.297724 -2.008728 0.860976
 H 0.310188 -3.695426 3.418393
 H -0.812719 -3.919941 2.390353
 H 2.955283 -4.288841 -3.822098
 H 1.925165 -3.259113 -3.216935
 H 5.708443 5.015394 0.986963
 H 6.819868 4.008289 0.455684
 H 4.256659 -4.657622 4.826033
 H 5.251149 -4.120367 5.897960
 H -1.194137 -1.107161 -3.393920
 H -2.168374 0.011717 -3.982103
 H -0.401609 2.062393 -4.538520
 H -1.934287 1.945570 -5.004170
 H 6.212748 0.829898 -1.356047
 H 4.837825 1.159158 -0.747888
 H 4.173043 1.061412 -2.864756
 H 3.419665 1.932207 -4.037483
 H -4.026142 4.976646 -7.576212
 H -5.082746 3.903678 -7.944781
 H 4.039406 -6.759404 0.543293
 H 5.122528 -5.889414 -0.079183
 H 0.437974 -0.354816 -6.255981
 H 1.761796 0.424282 -6.137925
 H -3.661511 0.981435 -6.196754
 H -3.847646 2.228210 -5.266934
 H 0.194316 -0.063901 2.234845
 H 0.595200 -1.105152 1.260252
 H 7.314574 -2.357227 -3.979729
 H 5.656684 -2.033773 -4.082406
 H 4.287672 -0.704932 -1.207506
 H 3.812038 -1.585152 0.025488
 H -1.037224 5.680047 2.985922
 H -1.290668 4.341564 3.405690
 H -3.378539 -0.524969 -2.069671
 H -4.854503 -0.950132 -2.118651
 H -1.491077 -5.979445 -0.229124
 H -1.213627 -4.452376 -0.072623
 H 5.452240 3.137555 -7.687786
 H 5.134856 2.759139 -9.170370
 H 3.432696 4.801565 3.654048
 H 2.481926 5.387735 2.488080
 H -5.976495 6.347789 -3.094592
 H -6.292207 7.844326 -2.865754
 H 0.336515 1.483531 -2.508473
 H 1.738818 0.845174 -3.103544
 H -4.936748 -3.978963 -0.717282
 H -4.786826 -5.545718 -1.029024
 H -3.112679 6.562081 1.879401
 H -2.787855 7.629171 2.874587
 H -2.162822 3.154442 4.929642
 H -0.818698 3.107717 5.683545
 H -2.468330 0.223387 0.038230
 H -3.852602 0.298030 -0.504632
 H -1.758475 -0.305984 4.380867
 H -1.029858 -1.643480 3.828163
 H 2.334208 2.198400 4.604413
 H 2.246704 2.182751 6.326623
 H -5.448732 0.253111 2.155680
 H -4.318160 1.007303 1.535507
 H 4.157266 5.818005 -2.460328
 H 2.706228 5.150183 -2.557996
 H 1.235628 -5.654184 -2.620227
 H 0.532083 -7.114003 -2.573220
 H -5.248451 3.837649 -4.827064
 H -5.402263 4.096910 -3.304928
 H 7.466921 0.905919 8.679312
 H 6.303421 0.974907 7.710506
 H -1.314906 2.118557 1.483955
 H -0.944183 1.869421 2.880185
 H 0.471860 -1.845872 -2.201860
 H 1.037344 -1.053185 -3.405396
 H -0.397919 -3.387798 -4.722114
 H -0.284761 -4.850424 -4.485885
 H 6.477153 -5.829672 4.965809
 H 6.471446 -6.662622 3.637178
 H 4.392746 -2.769945 1.996201
 H 2.977516 -3.153749 1.557389
 H 6.491938 -1.721866 2.366350
 H 5.498165 -1.521247 3.522802
 H 2.213012 3.303633 -4.328828
 H 0.982340 4.218082 -4.702888
 H 1.164091 -8.243197 -0.132626
 H -0.222200 -7.396261 -0.130609
 H -4.490960 -3.446849 -7.483993
 H -5.396810 -2.284270 -7.925344
 H -4.587921 3.172044 -0.754978
 H -4.856300 2.082968 -1.813207
 H 5.295865 4.046731 -4.409065
 H 4.382004 5.113114 -5.056672
 H 1.883833 -1.363198 -0.715330
 H 0.795954 -0.418779 -1.113368
 H -4.821975 -4.427703 1.991615
 H -6.333588 -4.016650 1.703422
 H 2.887497 1.482336 2.497221
 H 2.680585 3.099907 2.317341
K_POINTS
 1
0.0 0.0 0.0 1.0