
&control
    calculation='scf'
    pseudo_dir = './',
    outdir='./outputs',
    disk_io='high'
/
&system
    ibrav= 1, celldm(1)=20.000000, nat=  192, ntyp= 2,
    ecutwfc = 30.0, nosym=.true., occupations='smearing',
    smearing='m-v', degauss=0.025
/
&electrons
    conv_thr =  1.0d-8,
    mixing_beta = 0.7
/
&ions
    pot_extrapolation='second-order'
    wfc_extrapolation='second-order'
    ion_temperature = 'andersen'
    tempw = 1000

/
ATOMIC_SPECIES
 H  1.01  H.blyp-hgh.UPF
 O  16.0  O.blyp-hgh.UPF
ATOMIC_POSITIONS bohr
 O -5.971558 -1.763711 0.013304
 O 3.549106 -1.628326 6.883183
 O -5.977594 7.772975 -5.423627
 O 2.955676 2.814990 -0.491511
 O -3.799773 0.468552 4.724346
 O 0.494735 5.612074 5.766713
 O -3.083601 -6.127025 -2.849964
 O 4.816001 0.532558 5.181454
 O -2.045004 -6.351134 7.137762
 O 1.467013 -2.614316 4.047123
 O 1.726696 -5.768495 1.629495
 O -2.678993 -4.127422 5.222080
 O -2.668378 -7.143027 -0.212150
 O -3.150110 -3.057981 -4.285962
 O 3.097380 -3.888404 -0.581562
 O -1.024701 2.409765 -2.012530
 O -1.825743 -2.530509 0.200436
 O -0.560115 -4.163364 3.313474
 O 2.240411 -4.206804 -3.184822
 O 5.996221 4.053026 0.915175
 O 4.516707 -3.817891 5.259538
 O -2.141974 -0.767356 -3.411200
 O -1.147692 2.604956 -4.887948
 O 5.273788 0.829049 -1.581061
 O 3.374242 1.174177 -3.447984
 O -4.432899 4.176986 -7.261279
 O 4.634043 -6.023728 0.765890
 O 1.053662 0.000974 -5.589626
 O -3.306890 1.418088 -5.341853
 O 0.188723 -1.060174 2.197244
 O 6.439801 -2.283953 -3.518774
 O 3.689330 -1.428727 -0.955633
 O -1.420015 4.865606 2.605755
 O -4.293772 -0.174631 -1.904984
 O -0.778177 -5.342734 -0.002184
 O 5.252351 3.558696 -8.576781
 O 2.553959 5.238856 3.443996
 O -6.762800 6.997658 -3.078712
 O 0.763192 0.699176 -2.976953
 O -5.346893 -4.734170 -1.136197
 O -3.315292 7.506214 2.030073
 O -1.283287 3.592630 4.963072
 O -3.307029 0.679466 0.259579
 O -1.118214 -1.028622 4.576782
 O 2.668843 1.951261 5.489008
 O -5.097019 1.161448 2.128043
 O 3.556566 5.127584 -2.069177
 O 0.416989 -6.175497 -2.820107
 O -5.629757 4.443910 -4.182829
 O 6.680815 1.454834 8.489411
 O -0.697910 1.576975 1.981058
 O 0.471518 -1.821991 -3.200276
 O -0.038990 -4.183984 -5.160400
 O 6.864681 -5.895061 4.087726
 O 3.511657 -2.348329 1.861646
 O 6.462151 -1.444565 3.297691
 O 1.247133 3.392807 -4.250881
 O 0.278311 -8.122780 -0.507694
 O -4.957941 -2.666221 -7.140857
 O -4.726850 3.053063 -1.720067
 O 4.407518 4.139349 -4.894039
 O 0.969887 -1.081839 -0.400437
 O -5.432220 -3.649214 1.835765
 O 2.722083 2.352242 2.914130
 H -6.528325 -2.079420 -0.733437
 H -5.602398 -2.575319 0.450624
 H 2.604555 -1.420077 7.080218
 H 3.670429 -2.587409 6.710057
 H -6.455002 7.659135 -4.549640
 H -5.362097 8.543195 -5.481715
 H 3.704446 3.442683 -0.449990
 H 2.650309 2.516955 -1.370846
 H -4.044661 -0.425915 4.365021
 H -4.701134 0.865046 4.752079
 H 0.645681 6.505010 6.114144
 H 0.272761 5.596753 4.825919
 H -2.420490 -6.330008 -3.552076
 H -3.383613 -5.191839 -2.961758
 H 3.939177 0.953034 5.394139
 H 4.695299 -0.398554 5.515172
 H -2.840394 -6.846444 7.346914
 H -1.517008 -6.899412 6.503885
 H 1.272215 -1.851521 3.478059
 H 2.422221 -2.654782 4.295316
 H 1.488871 -5.147025 2.338326
 H 1.090168 -5.824195 0.912508
 H -2.017604 -4.682491 5.723092
 H -2.008868 -3.601269 4.724237
 H -2.155369 -7.964813 -0.062009
 H -2.956249 -7.233257 -1.145093
 H -2.713547 -2.203736 -4.026399
 H -3.048896 -3.138618 -5.258571
 H 2.906240 -3.732973 -1.539849
 H 2.478322 -4.510154 -0.163667
 H -1.386059 2.524779 -2.926552
 H -0.502312 3.152763 -1.677635
 H -2.561544 -2.850172 0.784513
 H -1.294368 -2.014355 0.843088
 H 0.306539 -3.680048 3.430777
 H -0.803600 -3.919923 2.386438
 H 2.969236 -4.267124 -3.811710
 H 1.931376 -3.262559 -3.196098
 H 5.719440 5.012810 0.998952
 H 6.827211 4.005937 0.439304
 H 4.250340 -4.673513 4.850576
 H 5.256550 -4.127643 5.887854
 H -1.189568 -1.090388 -3.381195
 H -2.160549 0.003828 -3.996564
 H -0.384510 2.070632 -4.535970
 H -1.917470 1.928617 -5.011082
 H 6.220423 0.801537 -1.378811
 H 4.856025 1.157504 -0.760624
 H 4.188952 1.066194 -2.872538
 H 3.418263 1.929449 -4.035742
 H -4.023043 4.979162 -7.580967
 H -5.086839 3.912056 -7.942693
 H 4.031003 -6.753044 0.528082
 H 5.139503 -5.893885 -0.066567
 H 0.438480 -0.351805 -6.262338
 H 1.767570 0.420741 -6.135372
 H -3.629397 0.980911 -6.211285
 H -3.831425 2.244739 -5.270689
 H 0.190031 -0.066916 2.237952
 H 0.580006 -1.103499 1.258977
 H 7.321061 -2.344852 -3.968473
 H 5.666506 -2.038524 -4.097384
 H 4.277708 -0.687342 -1.210591
 H 3.824435 -1.576752 0.020733
 H -1.046238 5.689442 2.983529
 H -1.294595 4.345578 3.405643
 H -3.378084 -0.526793 -2.074275
 H -4.858635 -0.947631 -2.120679
 H -1.499445 -5.985645 -0.223840
 H -1.206762 -4.452702 -0.083346
 H 5.492616 3.153140 -7.689570
 H 5.149566 2.774129 -9.185591
 H 3.446469 4.829756 3.651659
 H 2.463987 5.375945 2.475184
 H -5.957707 6.368932 -3.091483
 H -6.291312 7.850320 -2.896871
 H 0.325938 1.472202 -2.506850
 H 1.743107 0.843412 -3.095009
 H -4.925858 -3.987786 -0.710965
 H -4.788242 -5.544040 -1.060661
 H -3.101223 6.562337 1.877553
 H -2.786565 7.637076 2.862858
 H -2.150661 3.145514 4.922986
 H -0.804165 3.116710 5.672481
 H -2.464414 0.228346 0.053346
 H -3.843060 0.299001 -0.506544
 H -1.763266 -0.311985 4.405610
 H -1.028192 -1.625604 3.814645
 H 2.331005 2.211916 4.623752
 H 2.240380 2.174222 6.333391
 H -5.460108 0.265490 2.148375
 H -4.315152 1.000850 1.529524
 H 4.141474 5.816386 -2.473324
 H 2.695382 5.128606 -2.541416
 H 1.239643 -5.675554 -2.602546
 H 0.500499 -7.124545 -2.580222
 H -5.247427 3.831943 -4.829788
 H -5.425415 4.098091 -3.292994
 H 7.470983 0.892970 8.679429
 H 6.309480 0.980053 7.704805
 H -1.307353 2.112428 1.479598
 H -0.940079 1.876112 2.890504
 H 0.464548 -1.845332 -2.206124
 H 1.046271 -1.055106 -3.405276
 H -0.403938 -3.378771 -4.743716
 H -0.280167 -4.841341 -4.471088
 H 6.479438 -5.832951 4.967555
 H 6.474317 -6.662891 3.629149
 H 4.401060 -2.758918 2.012416
 H 2.965066 -3.133739 1.561755
 H 6.500150 -1.735629 2.370862
 H 5.490498 -1.550694 3.508310
 H 2.211007 3.313951 -4.333501
 H 0.979461 4.214219 -4.712141
 H 1.163755 -8.258008 -0.147449
 H -0.210927 -7.377589 -0.139014
 H -4.503050 -3.452427 -7.489604
 H -5.386260 -2.276277 -7.932593
 H -4.596427 3.180001 -0.764261
 H -4.862185 2.091782 -1.807956
 H 5.293115 4.043439 -4.423364
 H 4.387652 5.110756 -5.049382
 H 1.879625 -1.366391 -0.712005
 H 0.800411 -0.394407 -1.101361
 H -4.825427 -4.434542 2.011781
 H -6.339029 -4.001606 1.701725
 H 2.892993 1.480430 2.508705
 H 2.691398 3.096915 2.308729
K_POINTS
 1
0.0 0.0 0.0 1.0