
&control
    calculation='scf'
    pseudo_dir = './',
    outdir='./outputs',
    disk_io='high'
/
&system
    ibrav= 1, celldm(1)=20.000000, nat=  192, ntyp= 2,
    ecutwfc = 30.0, nosym=.true., occupations='smearing',
    smearing='m-v', degauss=0.025
/
&electrons
    conv_thr =  1.0d-8,
    mixing_beta = 0.7
/
&ions
    pot_extrapolation='second-order'
    wfc_extrapolation='second-order'
    ion_temperature = 'andersen'
    tempw = 1000

/
ATOMIC_SPECIES
 H  1.01  H.blyp-hgh.UPF
 O  16.0  O.blyp-hgh.UPF
ATOMIC_POSITIONS bohr
 O -5.967355 -1.761606 0.009858
 O 3.547055 -1.626130 6.895196
 O -5.981615 7.769183 -5.427546
 O 2.951667 2.815562 -0.491586
 O -3.794637 0.460421 4.722907
 O 0.493302 5.616790 5.766554
 O -3.083693 -6.130733 -2.854370
 O 4.818534 0.528275 5.188130
 O -2.043210 -6.352875 7.134467
 O 1.465579 -2.605585 4.049088
 O 1.721225 -5.770584 1.627284
 O -2.675784 -4.127263 5.224665
 O -2.665158 -7.143667 -0.216079
 O -3.149854 -3.056287 -4.286256
 O 3.097653 -3.893854 -0.577612
 O -1.026640 2.411336 -2.006973
 O -1.831117 -2.531535 0.195867
 O -0.562447 -4.161420 3.317754
 O 2.234632 -4.211227 -3.192120
 O 6.004079 4.047030 0.911226
 O 4.513966 -3.821658 5.257723
 O -2.143055 -0.763618 -3.411497
 O -1.142986 2.599970 -4.887589
 O 5.278090 0.817472 -1.594853
 O 3.379815 1.173256 -3.445295
 O -4.430670 4.178489 -7.268343
 O 4.630891 -6.022838 0.763667
 O 1.047335 0.004659 -5.594623
 O -3.308069 1.420360 -5.337642
 O 0.193955 -1.059742 2.195868
 O 6.440813 -2.278339 -3.516077
 O 3.686040 -1.421921 -0.954662
 O -1.421322 4.864475 2.601578
 O -4.293107 -0.175068 -1.904942
 O -0.786755 -5.345636 -0.002494
 O 5.244452 3.562757 -8.570168
 O 2.552271 5.230870 3.431654
 O -6.765444 7.000458 -3.085609
 O 0.764562 0.694717 -2.972844
 O -5.349321 -4.728210 -1.126709
 O -3.317549 7.504799 2.023713
 O -1.279274 3.593687 4.963144
 O -3.305869 0.686030 0.260434
 O -1.115453 -1.030066 4.580662
 O 2.672081 1.951511 5.498655
 O -5.086890 1.160433 2.127603
 O 3.551737 5.127035 -2.071864
 O 0.412009 -6.180472 -2.817584
 O -5.625251 4.445083 -4.182046
 O 6.678621 1.446513 8.500042
 O -0.700363 1.577490 1.986466
 O 0.463454 -1.813254 -3.202954
 O -0.036610 -4.186727 -5.154291
 O 6.861952 -5.898822 4.090045
 O 3.516888 -2.342623 1.867892
 O 6.461752 -1.448952 3.302331
 O 1.248600 3.390643 -4.249596
 O 0.278702 -8.119216 -0.512016
 O -4.958966 -2.665620 -7.146947
 O -4.723628 3.059357 -1.727788
 O 4.394789 4.135297 -4.896546
 O 0.964881 -1.081472 -0.403724
 O -5.434528 -3.653499 1.835626
 O 2.725520 2.353013 2.914056
 H -6.520198 -2.080261 -0.735650
 H -5.607842 -2.567950 0.462927
 H 2.599859 -1.429376 7.095348
 H 3.697426 -2.583906 6.712770
 H -6.445903 7.658013 -4.542474
 H -5.389745 8.564755 -5.487447
 H 3.701743 3.428077 -0.433282
 H 2.642774 2.547027 -1.381587
 H -4.053715 -0.429656 4.354408
 H -4.698199 0.862070 4.764974
 H 0.632950 6.512401 6.120282
 H 0.263455 5.592828 4.829128
 H -2.405954 -6.335214 -3.542416
 H -3.394571 -5.201410 -2.949340
 H 3.953118 0.964645 5.405795
 H 4.717014 -0.413258 5.514034
 H -2.839217 -6.849735 7.350308
 H -1.511644 -6.914061 6.518213
 H 1.277936 -1.845055 3.487425
 H 2.412616 -2.659641 4.296632
 H 1.488425 -5.142936 2.330222
 H 1.076556 -5.821011 0.917901
 H -2.009025 -4.676288 5.719414
 H -2.007732 -3.597986 4.738045
 H -2.152819 -7.965422 -0.056272
 H -2.934713 -7.222572 -1.153914
 H -2.722731 -2.200973 -4.007669
 H -3.051620 -3.144996 -5.259823
 H 2.911007 -3.734661 -1.534127
 H 2.480681 -4.526190 -0.155071
 H -1.383550 2.512246 -2.928202
 H -0.501513 3.151724 -1.664399
 H -2.551729 -2.855902 0.793602
 H -1.290288 -2.019511 0.824921
 H 0.303053 -3.664382 3.444866
 H -0.794292 -3.920893 2.383456
 H 2.983902 -4.245291 -3.802203
 H 1.936792 -3.267215 -3.176443
 H 5.731412 5.009046 1.010769
 H 6.835470 4.004312 0.422675
 H 4.243755 -4.688225 4.875241
 H 5.261635 -4.133918 5.877003
 H -1.185191 -1.072754 -3.368269
 H -2.152907 -0.003465 -4.011641
 H -0.367856 2.080057 -4.534561
 H -1.898652 1.914058 -5.018768
 H 6.228684 0.772562 -1.401883
 H 4.874134 1.156611 -0.773244
 H 4.204409 1.072361 -2.882011
 H 3.419116 1.928011 -4.034426
 H -4.019704 4.984021 -7.586699
 H -5.090646 3.920937 -7.940787
 H 4.021842 -6.745797 0.512607
 H 5.155730 -5.897227 -0.053924
 H 0.438705 -0.349298 -6.269143
 H 1.772264 0.416740 -6.132750
 H -3.595282 0.980197 -6.224461
 H -3.814793 2.260344 -5.274217
 H 0.184100 -0.070720 2.242010
 H 0.564405 -1.102842 1.258988
 H 7.326327 -2.332591 -3.958404
 H 5.679302 -2.043424 -4.112089
 H 4.267752 -0.669374 -1.213660
 H 3.836664 -1.568697 0.014718
 H -1.055314 5.699797 2.979221
 H -1.298586 4.346360 3.407735
 H -3.377767 -0.527781 -2.080350
 H -4.863588 -0.945167 -2.122423
 H -1.508254 -5.991208 -0.218365
 H -1.198789 -4.453752 -0.094081
 H 5.530940 3.169568 -7.693971
 H 5.164805 2.791046 -9.199296
 H 3.457932 4.858664 3.648459
 H 2.446420 5.365031 2.463084
 H -5.942657 6.392068 -3.089226
 H -6.291595 7.855938 -2.926051
 H 0.315554 1.460012 -2.505712
 H 1.746686 0.842898 -3.086446
 H -4.913051 -3.995977 -0.703235
 H -4.789479 -5.540169 -1.091763
 H -3.089987 6.562229 1.874590
 H -2.786957 7.645615 2.850743
 H -2.138901 3.136924 4.916780
 H -0.789705 3.125822 5.662737
 H -2.459971 0.234010 0.069906
 H -3.834107 0.300758 -0.506870
 H -1.767799 -0.319255 4.429443
 H -1.026757 -1.606533 3.800441
 H 2.326093 2.227629 4.641420
 H 2.232432 2.167711 6.338172
 H -5.472644 0.277349 2.142012
 H -4.312389 0.995124 1.524080
 H 4.124451 5.814252 -2.486205
 H 2.685963 5.107397 -2.524833
 H 1.242808 -5.697593 -2.585233
 H 0.469278 -7.133678 -2.586706
 H -5.245930 3.826091 -4.832681
 H -5.447557 4.097867 -3.280617
 H 7.474423 0.880730 8.679699
 H 6.315244 0.986189 7.700089
 H -1.301172 2.107352 1.472597
 H -0.934853 1.882236 2.900189
 H 0.457028 -1.844898 -2.211454
 H 1.053845 -1.056117 -3.405412
 H -0.409252 -3.369361 -4.766030
 H -0.275008 -4.832855 -4.456599
 H 6.481170 -5.836562 4.970807
 H 6.476469 -6.663113 3.621920
 H 4.407467 -2.747234 2.028200
 H 2.954318 -3.111493 1.566320
 H 6.509290 -1.750560 2.374855
 H 5.485089 -1.579025 3.493892
 H 2.209818 3.326193 -4.338327
 H 0.977110 4.210221 -4.721969
 H 1.164283 -8.272695 -0.161199
 H -0.198272 -7.357618 -0.146350
 H -4.514421 -3.458287 -7.494911
 H -5.376152 -2.268388 -7.940311
 H -4.604249 3.187555 -0.773812
 H -4.867647 2.100862 -1.803232
 H 5.289207 4.040730 -4.438475
 H 4.392928 5.106941 -5.042116
 H 1.875797 -1.369460 -0.707125
 H 0.804273 -0.369452 -1.087988
 H -4.828850 -4.440254 2.032166
 H -6.343349 -3.987303 1.700516
 H 2.898262 1.480128 2.518838
 H 2.701915 3.093809 2.298508
K_POINTS
 1
0.0 0.0 0.0 1.0