
&control
    calculation='scf'
    pseudo_dir = './',
    outdir='./outputs',
    disk_io='high'
/
&system
    ibrav= 1, celldm(1)=20.000000, nat=  192, ntyp= 2,
    ecutwfc = 30.0, nosym=.true., occupations='smearing',
    smearing='m-v', degauss=0.025
/
&electrons
    conv_thr =  1.0d-8,
    mixing_beta = 0.7
/
&ions
    pot_extrapolation='second-order'
    wfc_extrapolation='second-order'
    ion_temperature = 'andersen'
    tempw = 1000

/
ATOMIC_SPECIES
 H  1.01  H.blyp-hgh.UPF
 O  16.0  O.blyp-hgh.UPF
ATOMIC_POSITIONS bohr
 O -5.965945 -1.760909 0.008693
 O 3.546400 -1.625404 6.899225
 O -5.982962 7.767927 -5.428899
 O 2.950272 2.815701 -0.491520
 O -3.793001 0.457675 4.722413
 O 0.492817 5.618310 5.766577
 O -3.083771 -6.131973 -2.855788
 O 4.819414 0.526759 5.190375
 O -2.042576 -6.353452 7.133339
 O 1.465125 -2.602760 4.049804
 O 1.719484 -5.771276 1.626506
 O -2.674622 -4.127231 5.225544
 O -2.664099 -7.143940 -0.217384
 O -3.149806 -3.055736 -4.286345
 O 3.097756 -3.895661 -0.576248
 O -1.027333 2.411771 -2.005125
 O -1.832959 -2.531908 0.194390
 O -0.563222 -4.160750 3.319100
 O 2.232720 -4.212655 -3.194518
 O 6.006648 4.045044 0.909932
 O 4.513054 -3.822975 5.257134
 O -2.143364 -0.762404 -3.411569
 O -1.141412 2.598214 -4.887425
 O 5.279489 0.813607 -1.599407
 O 3.381656 1.172885 -3.444347
 O -4.429926 4.178886 -7.270647
 O 4.629879 -6.022569 0.762926
 O 1.045265 0.005878 -5.596313
 O -3.308524 1.421097 -5.336272
 O 0.195746 -1.059566 2.195328
 O 6.441120 -2.276462 -3.515143
 O 3.684946 -1.419635 -0.954327
 O -1.421748 4.864193 2.600166
 O -4.292883 -0.175247 -1.904971
 O -0.789593 -5.346567 -0.002582
 O 5.241871 3.564064 -8.567923
 O 2.551792 5.228142 3.427600
 O -6.766227 7.001332 -3.087930
 O 0.765042 0.693247 -2.971415
 O -5.350153 -4.726309 -1.123574
 O -3.318215 7.504285 2.021643
 O -1.277959 3.594029 4.963114
 O -3.305445 0.688193 0.260679
 O -1.114534 -1.030533 4.582028
 O 2.673222 1.951509 5.501980
 O -5.083501 1.160119 2.127437
 O 3.550139 5.126861 -2.072736
 O 0.410345 -6.182147 -2.816768
 O -5.623725 4.445504 -4.181756
 O 6.677909 1.443680 8.503522
 O -0.701160 1.577656 1.988381
 O 0.460772 -1.810422 -3.203820
 O -0.035844 -4.187642 -5.152244
 O 6.861075 -5.900060 4.090744
 O 3.518655 -2.340774 1.869973
 O 6.461480 -1.450365 3.303853
 O 1.249081 3.389931 -4.249160
 O 0.278783 -8.118074 -0.513519
 O -4.959278 -2.665428 -7.148918
 O -4.722556 3.061476 -1.730362
 O 4.390519 4.133955 -4.897383
 O 0.963232 -1.081338 -0.404913
 O -5.435348 -3.654938 1.835544
 O 2.726657 2.353214 2.914101
 H -6.517520 -2.080563 -0.736225
 H -5.609731 -2.565438 0.467067
 H 2.598436 -1.432643 7.100246
 H 3.706122 -2.582576 6.713465
 H -6.442516 7.657642 -4.540467
 H -5.399296 8.571704 -5.489276
 H 3.700875 3.423200 -0.428371
 H 2.640748 2.557413 -1.385174
 H -4.056535 -0.430691 4.351160
 H -4.697044 0.861145 4.768920
 H 0.628626 6.515112 6.122006
 H 0.260568 5.591788 4.830117
 H -2.401058 -6.336556 -3.539074
 H -3.397866 -5.204814 -2.945424
 H 3.957840 0.968597 5.409647
 H 4.724201 -0.417584 5.513606
 H -2.839218 -6.851069 7.351195
 H -1.509793 -6.918945 6.523176
 H 1.279936 -1.842442 3.490185
 H 2.409203 -2.661139 4.296897
 H 1.487947 -5.141640 2.327425
 H 1.071292 -5.819607 0.919592
 H -2.006649 -4.674294 5.718287
 H -2.007518 -3.596738 4.742539
 H -2.152118 -7.965593 -0.054241
 H -2.927510 -7.218810 -1.157131
 H -2.725880 -2.200074 -4.001591
 H -3.052473 -3.147118 -5.260251
 H 2.912403 -3.735628 -1.531919
 H 2.481514 -4.531588 -0.152605
 H -1.382413 2.508505 -2.928521
 H -0.501196 3.151857 -1.660042
 H -2.548323 -2.857770 0.796343
 H -1.288708 -2.021066 0.818870
 H 0.301847 -3.659152 3.449926
 H -0.791137 -3.921448 2.382734
 H 2.988903 -4.237995 -3.799183
 H 1.938393 -3.268980 -3.170158
 H 5.735615 5.007484 1.014650
 H 6.838303 4.003948 0.417150
 H 4.241469 -4.692858 4.883458
 H 5.263246 -4.135756 5.873238
 H -1.183788 -1.066719 -3.363920
 H -2.150428 -0.005753 -4.016800
 H -0.362443 2.083473 -4.534363
 H -1.891977 1.909729 -5.021482
 H 6.231522 0.762766 -1.409655
 H 4.880143 1.156489 -0.777406
 H 4.209440 1.074704 -2.885535
 H 3.419883 1.927826 -4.034095
 H -4.018564 4.986115 -7.588808
 H -5.091889 3.923998 -7.940254
 H 4.018664 -6.743152 0.507396
 H 5.160997 -5.898086 -0.049756
 H 0.438691 -0.348591 -6.271549
 H 1.773571 0.415293 -6.131860
 H -3.583515 0.979983 -6.228470
 H -3.809150 2.265294 -5.275380
 H 0.181772 -0.072096 2.243569
 H 0.559187 -1.102843 1.259164
 H 7.327826 -2.328547 -3.955307
 H 5.684195 -2.045072 -4.116913
 H 4.264380 -0.663389 -1.214667
 H 3.840699 -1.566101 0.012507
 H -1.058396 5.703338 2.977323
 H -1.299928 4.345955 3.408854
 H -3.377706 -0.527917 -2.082700
 H -4.865394 -0.944339 -2.122931
 H -1.511304 -5.992902 -0.216494
 H -1.195937 -4.454210 -0.097673
 H 5.543228 3.175170 -7.696010
 H 5.170002 2.797101 -9.203470
 H 3.461224 4.868429 3.647172
 H 2.440684 5.361584 2.459251
 H -5.938529 6.400169 -3.088673
 H -6.291984 7.857787 -2.935310
 H 0.312145 1.455800 -2.505420
 H 1.747681 0.843008 -3.083576
 H -4.908293 -3.998474 -0.700293
 H -4.789851 -5.538393 -1.101989
 H -3.086307 6.562128 1.873353
 H -2.787436 7.648611 2.846655
 H -2.135099 3.134113 4.914824
 H -0.784858 3.128825 5.659856
 H -2.458385 0.236055 0.075740
 H -3.831262 0.301513 -0.506643
 H -1.769288 -0.321913 4.437177
 H -1.026329 -1.599897 3.795585
 H 2.324097 2.233336 4.646930
 H 2.229432 2.165984 6.339357
 H -5.477100 0.281120 2.140092
 H -4.311496 0.993361 1.522368
 H 4.118524 5.813464 -2.490500
 H 2.683068 5.100428 -2.519367
 H 1.243636 -5.705115 -2.579556
 H 0.458977 -7.136404 -2.588747
 H -5.245362 3.824166 -4.833566
 H -5.454712 4.097489 -3.276514
 H 7.475363 0.876867 8.679811
 H 6.317113 0.988474 7.698776
 H -1.299458 2.105934 1.469680
 H -0.932867 1.884146 2.903174
 H 0.454484 -1.844758 -2.213425
 H 1.056047 -1.056274 -3.405500
 H -0.410862 -3.366186 -4.773619
 H -0.273178 -4.830163 -4.451799
 H 6.481605 -5.837857 4.972239
 H 6.477012 -6.663178 3.619710
 H 4.409127 -2.743237 2.033340
 H 2.951149 -3.103648 1.567883
 H 6.512577 -1.755765 2.376142
 H 5.483851 -1.588197 3.489133
 H 2.209687 3.330673 -4.339972
 H 0.976449 4.208785 -4.725324
 H 1.164679 -8.277553 -0.165523
 H -0.193680 -7.350760 -0.148603
 H -4.518050 -3.460302 -7.496606
 H -5.372901 -2.265772 -7.943000
 H -4.606688 3.190016 -0.776990
 H -4.869389 2.103891 -1.801805
 H 5.287626 4.039922 -4.443687
 H 4.394564 5.105385 -5.039722
 H 1.874600 -1.370440 -0.705175
 H 0.805462 -0.361094 -1.083201
 H -4.830037 -4.441873 2.038970
 H -6.344604 -3.982761 1.700214
 H 2.899980 1.480327 2.521892
 H 2.705360 3.092695 2.294794
K_POINTS
 1
0.0 0.0 0.0 1.0