
&control
    calculation='scf'
    pseudo_dir = './',
    outdir='./outputs',
    disk_io='high'
/
&system
    ibrav= 1, celldm(1)=20.000000, nat=  192, ntyp= 2,
    ecutwfc = 30.0, nosym=.true., occupations='smearing',
    smearing='m-v', degauss=0.025
/
&electrons
    conv_thr =  1.0d-8,
    mixing_beta = 0.7
/
&ions
    pot_extrapolation='second-order'
    wfc_extrapolation='second-order'
    ion_temperature = 'andersen'
    tempw = 1000

/
ATOMIC_SPECIES
 H  1.01  H.blyp-hgh.UPF
 O  16.0  O.blyp-hgh.UPF
ATOMIC_POSITIONS bohr
 O -5.964530 -1.760214 0.007521
 O 3.545763 -1.624683 6.903266
 O -5.984310 7.766680 -5.430274
 O 2.948843 2.815809 -0.491413
 O -3.791406 0.454910 4.721911
 O 0.492328 5.619805 5.766640
 O -3.083872 -6.133221 -2.857179
 O 4.820317 0.525197 5.192629
 O -2.041927 -6.354030 7.132197
 O 1.464676 -2.599980 4.050552
 O 1.717782 -5.771968 1.625705
 O -2.673417 -4.127210 5.226432
 O -2.663047 -7.144241 -0.218684
 O -3.149777 -3.055192 -4.286430
 O 3.097861 -3.897467 -0.574855
 O -1.028049 2.412163 -2.003280
 O -1.834826 -2.532297 0.192931
 O -0.563993 -4.160067 3.320403
 O 2.230820 -4.214063 -3.196902
 O 6.009197 4.043066 0.908648
 O 4.512145 -3.824322 5.256555
 O -2.143646 -0.761204 -3.411626
 O -1.139832 2.596412 -4.887240
 O 5.280874 0.809740 -1.603940
 O 3.383489 1.172484 -3.443375
 O -4.429177 4.179235 -7.272925
 O 4.628884 -6.022315 0.762188
 O 1.043215 0.007095 -5.598014
 O -3.309007 1.421822 -5.334920
 O 0.197556 -1.059377 2.194754
 O 6.441414 -2.274584 -3.514191
 O 3.683854 -1.417335 -0.953992
 O -1.422167 4.863961 2.598750
 O -4.292658 -0.175443 -1.905023
 O -0.792418 -5.347483 -0.002662
 O 5.239317 3.565351 -8.565660
 O 2.551352 5.225382 3.423576
 O -6.766957 7.002179 -3.090261
 O 0.765536 0.691784 -2.969956
 O -5.350999 -4.724455 -1.120456
 O -3.318839 7.503750 2.019595
 O -1.276656 3.594367 4.963055
 O -3.305003 0.690343 0.260906
 O -1.113614 -1.030997 4.583428
 O 2.674391 1.951466 5.505355
 O -5.080107 1.159820 2.127262
 O 3.548549 5.126687 -2.073592
 O 0.408681 -6.183830 -2.815963
 O -5.622185 4.445937 -4.181453
 O 6.677208 1.440815 8.506970
 O -0.701947 1.577819 1.990356
 O 0.458094 -1.807629 -3.204674
 O -0.035091 -4.188556 -5.150193
 O 6.860217 -5.901290 4.091406
 O 3.520434 -2.338947 1.872054
 O 6.461134 -1.451756 3.305358
 O 1.249554 3.389228 -4.248724
 O 0.278836 -8.116951 -0.515052
 O -4.959575 -2.665241 -7.150858
 O -4.721485 3.063607 -1.732938
 O 4.386239 4.132617 -4.898221
 O 0.961591 -1.081195 -0.406150
 O -5.436189 -3.656380 1.835446
 O 2.727789 2.353392 2.914179
 H -6.514867 -2.080883 -0.736731
 H -5.611652 -2.562903 0.471219
 H 2.597090 -1.436004 7.105066
 H 3.714646 -2.581139 6.714064
 H -6.438964 7.657264 -4.538679
 H -5.409022 8.578503 -5.491073
 H 3.700067 3.418358 -0.423782
 H 2.638973 2.567977 -1.388746
 H -4.059246 -0.431609 4.348062
 H -4.695775 0.860243 4.772693
 H 0.624255 6.517926 6.123556
 H 0.257784 5.590890 4.831058
 H -2.396144 -6.337686 -3.535678
 H -3.400975 -5.208295 -2.941634
 H 3.962585 0.972567 5.413491
 H 4.731341 -0.421582 5.513151
 H -2.839391 -6.852504 7.351958
 H -1.507903 -6.923830 6.528221
 H 1.281976 -1.839569 3.492739
 H 2.405739 -2.662577 4.297088
 H 1.487307 -5.140372 2.324596
 H 1.065673 -5.818036 0.921231
 H -2.004504 -4.672360 5.717225
 H -2.007367 -3.595386 4.746953
 H -2.151494 -7.965743 -0.052159
 H -2.920299 -7.214956 -1.160492
 H -2.729068 -2.199196 -3.995622
 H -3.053292 -3.149223 -5.260673
 H 2.913695 -3.736799 -1.529574
 H 2.482401 -4.536978 -0.150362
 H -1.381119 2.504988 -2.928707
 H -0.500866 3.152216 -1.655727
 H -2.544862 -2.859621 0.798944
 H -1.286999 -2.022521 0.812842
 H 0.300590 -3.653938 3.455161
 H -0.787955 -3.922122 2.382164
 H 2.993934 -4.230694 -3.796215
 H 1.939883 -3.270832 -3.164006
 H 5.739919 5.005758 1.018495
 H 6.841132 4.003677 0.411662
 H 4.239127 -4.697354 4.891664
 H 5.264812 -4.137457 5.869408
 H -1.182416 -1.060619 -3.359551
 H -2.147993 -0.007973 -4.022021
 H -0.357108 2.087024 -4.534303
 H -1.885121 1.905653 -5.024265
 H 6.234382 0.752902 -1.417472
 H 4.886137 1.156454 -0.781539
 H 4.214406 1.077183 -2.889235
 H 3.420883 1.927780 -4.033817
 H -4.017426 4.988418 -7.591005
 H -5.093132 3.927104 -7.939793
 H 4.015440 -6.740382 0.502161
 H 5.166202 -5.898816 -0.045628
 H 0.438628 -0.347952 -6.274036
 H 1.774747 0.413786 -6.130965
 H -3.571571 0.979802 -6.232260
 H -3.803457 2.270107 -5.276550
 H 0.179272 -0.073501 2.245229
 H 0.553986 -1.102953 1.259380
 H 7.329201 -2.324529 -3.952338
 H 5.689383 -2.046718 -4.121695
 H 4.260964 -0.657436 -1.215660
 H 3.844714 -1.563555 0.010223
 H -1.061520 5.706881 2.975185
 H -1.301278 4.345250 3.410150
 H -3.377671 -0.527955 -2.085210
 H -4.867266 -0.943502 -2.123400
 H -1.514416 -5.994511 -0.214598
 H -1.193008 -4.454701 -0.101278
 H 5.555266 3.180815 -7.698325
 H 5.175259 2.803353 -9.207433
 H 3.464253 4.878246 3.645761
 H 2.435021 5.358233 2.455527
 H -5.934854 6.408437 -3.088222
 H -6.292532 7.859646 -2.944322
 H 0.308762 1.451531 -2.505162
 H 1.748567 0.843261 -3.080694
 H -4.903278 -4.000834 -0.697158
 H -4.790204 -5.536377 -1.112137
 H -3.082665 6.562002 1.871992
 H -2.788077 7.651682 2.842560
 H -2.131364 3.131319 4.912927
 H -0.779985 3.131792 5.657178
 H -2.456750 0.238178 0.081727
 H -3.828489 0.302349 -0.506257
 H -1.770782 -0.324669 4.444805
 H -1.025925 -1.593116 3.790683
 H 2.321937 2.239267 4.652262
 H 2.226261 2.164477 6.340352
 H -5.481697 0.284787 2.138267
 H -4.310606 0.991664 1.520700
 H 4.112481 5.812653 -2.494808
 H 2.680267 5.093515 -2.513954
 H 1.244340 -5.712733 -2.573930
 H 0.448737 -7.138972 -2.590726
 H -5.244772 3.822274 -4.834372
 H -5.461754 4.096967 -3.272468
 H 7.476181 0.873132 8.679930
 H 6.318958 0.990883 7.697603
 H -1.297920 2.104656 1.466486
 H -0.930766 1.885991 2.906007
 H 0.451925 -1.844616 -2.215473
 H 1.058078 -1.056351 -3.405605
 H -0.412387 -3.363012 -4.781281
 H -0.271298 -4.827537 -4.447001
 H 6.481966 -5.839206 4.973842
 H 6.477463 -6.663239 3.617605
 H 4.410541 -2.739208 2.038413
 H 2.948193 -3.095620 1.569461
 H 6.515995 -1.761071 2.377436
 H 5.482910 -1.597225 3.484411
 H 2.209712 3.335342 -4.341633
 H 0.975848 4.207273 -4.728700
 H 1.165187 -8.282387 -0.169713
 H -0.188879 -7.343836 -0.150777
 H -4.521599 -3.462346 -7.498261
 H -5.369713 -2.263161 -7.945750
 H -4.609038 3.192460 -0.780143
 H -4.871097 2.106903 -1.800463
 H 5.285903 4.039147 -4.448982
 H 4.396124 5.103707 -5.037353
 H 1.873441 -1.371392 -0.703073
 H 0.806613 -0.352751 -1.078242
 H -4.831265 -4.443340 2.045766
 H -6.345793 -3.978355 1.699960
 H 2.901684 1.480650 2.524776
 H 2.708776 3.091519 2.290949
K_POINTS
 1
0.0 0.0 0.0 1.0