
&control
    calculation='scf'
    pseudo_dir = './',
    outdir='./outputs',
    disk_io='high'
/
&system
    ibrav= 1, celldm(1)=20.000000, nat=  192, ntyp= 2,
    ecutwfc = 30.0, nosym=.true., occupations='smearing',
    smearing='m-v', degauss=0.025
/
&electrons
    conv_thr =  1.0d-8,
    mixing_beta = 0.7
/
&ions
    pot_extrapolation='second-order'
    wfc_extrapolation='second-order'
    ion_temperature = 'andersen'
    tempw = 1000

/
ATOMIC_SPECIES
 H  1.01  H.blyp-hgh.UPF
 O  16.0  O.blyp-hgh.UPF
ATOMIC_POSITIONS bohr
 O -5.961684 -1.758825 0.005163
 O 3.544541 -1.623262 6.911383
 O -5.986999 7.764225 -5.433084
 O 2.945863 2.815923 -0.491082
 O -3.788348 0.449331 4.720885
 O 0.491348 5.622727 5.766893
 O -3.084142 -6.135751 -2.859872
 O 4.822202 0.521931 5.197162
 O -2.040598 -6.355192 7.129882
 O 1.463778 -2.594564 4.052144
 O 1.714488 -5.773346 1.624028
 O -2.670890 -4.127201 5.228239
 O -2.660960 -7.144932 -0.221271
 O -3.149778 -3.054126 -4.286579
 O 3.098075 -3.901082 -0.571972
 O -1.029545 2.412818 -1.999600
 O -1.838637 -2.533129 0.190063
 O -0.565510 -4.158654 3.322882
 O 2.227070 -4.216822 -3.201636
 O 6.014247 4.039133 0.906098
 O 4.510336 -3.827113 5.255424
 O -2.144126 -0.758843 -3.411704
 O -1.136648 2.592677 -4.886802
 O 5.283609 0.802002 -1.612936
 O 3.387131 1.171602 -3.441363
 O -4.427653 4.179803 -7.277399
 O 4.626943 -6.021859 0.760723
 O 1.039177 0.009519 -5.601445
 O -3.310054 1.423230 -5.332280
 O 0.201225 -1.058967 2.193522
 O 6.441965 -2.270825 -3.512239
 O 3.681683 -1.412692 -0.953327
 O -1.422980 4.863645 2.595922
 O -4.292207 -0.175890 -1.905190
 O -0.798019 -5.349282 -0.002792
 O 5.234289 3.567877 -8.561089
 O 2.550586 5.219773 3.415624
 O -6.768254 7.003794 -3.094951
 O 0.766568 0.688878 -2.966957
 O -5.352736 -4.720888 -1.114271
 O -3.319963 7.502610 2.015564
 O -1.274087 3.595044 4.962840
 O -3.304058 0.694612 0.261305
 O -1.111767 -1.031920 4.586326
 O 2.676812 1.951263 5.512245
 O -5.073309 1.159268 2.126893
 O 3.545396 5.126339 -2.075246
 O 0.405350 -6.187215 -2.814389
 O -5.619068 4.446825 -4.180802
 O 6.675847 1.434986 8.513762
 O -0.703489 1.578134 1.994480
 O 0.452752 -1.802160 -3.206358
 O -0.033624 -4.190373 -5.146085
 O 6.858554 -5.903719 4.092619
 O 3.524027 -2.335337 1.876222
 O 6.460220 -1.454474 3.308299
 O 1.250476 3.387858 -4.247854
 O 0.278857 -8.114754 -0.518201
 O -4.960120 -2.664885 -7.154646
 O -4.719349 3.067906 -1.738101
 O 4.377657 4.129951 -4.899892
 O 0.958328 -1.080878 -0.408763
 O -5.437917 -3.659271 1.835206
 O 2.730034 2.353697 2.914430
 H -6.509656 -2.081600 -0.737565
 H -5.615581 -2.557782 0.479534
 H 2.594639 -1.443035 7.114463
 H 3.731126 -2.577890 6.714993
 H -6.431398 7.656467 -4.535807
 H -5.428999 8.591582 -5.494586
 H 3.698735 3.408877 -0.415547
 H 2.636188 2.589628 -1.395795
 H -4.064324 -0.433082 4.342322
 H -4.692845 0.858488 4.779727
 H 0.615359 6.523810 6.126111
 H 0.252518 5.589526 4.832786
 H -2.386288 -6.339280 -3.528745
 H -3.406632 -5.215412 -2.934473
 H 3.972116 0.980514 5.421170
 H 4.745425 -0.428524 5.512158
 H -2.840186 -6.855622 7.353104
 H -1.503995 -6.933609 6.538524
 H 1.286169 -1.832989 3.497189
 H 2.398797 -2.665283 4.297293
 H 1.485554 -5.137900 2.318878
 H 1.053407 -5.814403 0.924374
 H -2.000876 -4.668723 5.715339
 H -2.007212 -3.592306 4.755479
 H -2.150490 -7.965968 -0.047861
 H -2.905853 -7.206985 -1.167644
 H -2.735543 -2.197528 -3.984061
 H -3.054821 -3.153348 -5.261461
 H 2.915948 -3.739751 -1.524513
 H 2.484403 -4.547665 -0.146595
 H -1.378050 2.498648 -2.928645
 H -0.500207 3.153564 -1.647268
 H -2.537811 -2.863289 0.803752
 H -1.283159 -2.025098 0.800896
 H 0.297858 -3.643609 3.466137
 H -0.781504 -3.923824 2.381509
 H 3.004008 -4.216085 -3.790368
 H 1.942505 -3.274742 -3.152099
 H 5.748824 5.001797 1.026061
 H 6.846664 4.003427 0.400866
 H 4.234249 -4.705934 4.908012
 H 5.267803 -4.140429 5.861570
 H -1.179772 -1.048253 -3.350758
 H -2.143280 -0.012223 -4.032625
 H -0.346689 2.094525 -4.534605
 H -1.870924 1.898227 -5.030021
 H 6.240110 0.732977 -1.433250
 H 4.898083 1.156650 -0.789715
 H 4.224142 1.082518 -2.897142
 H 3.423558 1.928075 -4.033409
 H -4.015205 4.993559 -7.595628
 H -5.095651 3.933443 -7.939134
 H 4.008892 -6.734441 0.491620
 H 5.176442 -5.899893 -0.037529
 H 0.438340 -0.346888 -6.279270
 H 1.776705 0.410595 -6.129164
 H -3.547205 0.979594 -6.239127
 H -3.791918 2.279292 -5.278941
 H 0.173775 -0.076331 2.248842
 H 0.543704 -1.103495 1.259817
 H 7.331602 -2.316593 -3.946772
 H 5.700584 -2.049981 -4.131139
 H 4.253957 -0.645698 -1.217596
 H 3.852685 -1.558623 0.005513
 H -1.067918 5.713880 2.970175
 H -1.304003 4.343028 3.413175
 H -3.377690 -0.527734 -2.090711
 H -4.871181 -0.941785 -2.124211
 H -1.520834 -5.997459 -0.210729
 H -1.186963 -4.455721 -0.108536
 H 5.578582 3.192177 -7.703752
 H 5.185949 2.816423 -9.214703
 H 3.469533 4.898002 3.642540
 H 2.423944 5.351818 2.448418
 H -5.928857 6.425390 -3.087627
 H -6.294134 7.863438 -2.961579
 H 0.302078 1.442868 -2.504727
 H 1.749987 0.844195 -3.074891
 H -4.892457 -4.005125 -0.690301
 H -4.790848 -5.531639 -1.132185
 H -3.075507 6.561696 1.868905
 H -2.789807 7.658061 2.834395
 H -2.124117 3.125766 4.909324
 H -0.770141 3.137582 5.652474
 H -2.453349 0.242652 0.094151
 H -3.823167 0.304249 -0.505039
 H -1.773816 -0.330430 4.459740
 H -1.025185 -1.579103 3.780780
 H 2.317184 2.251751 4.662454
 H 2.219413 2.162114 6.341821
 H -5.491311 0.291797 2.134894
 H -4.308813 0.988447 1.517475
 H 4.100074 5.811005 -2.503490
 H 2.674881 5.079867 -2.503333
 H 1.245354 -5.728268 -2.562839
 H 0.428461 -7.143642 -2.594492
 H -5.243561 3.818639 -4.835653
 H -5.475497 4.095506 -3.264667
 H 7.477409 0.866077 8.680187
 H 6.322580 0.996076 7.695692
 H -1.295345 2.102505 1.459324
 H -0.926232 1.889494 2.911164
 H 0.446769 -1.844309 -2.219747
 H 1.061606 -1.056285 -3.405852
 H -0.415179 -3.356718 -4.796814
 H -0.267399 -4.822483 -4.437379
 H 6.482471 -5.842076 4.977527
 H 6.478078 -6.663357 3.613730
 H 4.412625 -2.731108 2.048343
 H 2.942915 -3.079104 1.572647
 H 6.523246 -1.771958 2.380118
 H 5.481929 -1.614835 3.475111
 H 2.210275 3.345220 -4.345007
 H 0.974829 4.203972 -4.735478
 H 1.166519 -8.291974 -0.177695
 H -0.178594 -7.329873 -0.154934
 H -4.528465 -3.466506 -7.501440
 H -5.363537 -2.257958 -7.951421
 H -4.613455 3.197325 -0.786320
 H -4.874425 2.112828 -1.798054
 H 5.282031 4.037661 -4.459805
 H 4.398982 5.100036 -5.032705
 H 1.871238 -1.373195 -0.698436
 H 0.808832 -0.336186 -1.067791
 H -4.833880 -4.445794 2.059296
 H -6.348042 -3.969998 1.699589
 H 2.905064 1.481606 2.530014
 H 2.715527 3.088924 2.282932
K_POINTS
 1
0.0 0.0 0.0 1.0