
&control
    calculation='scf'
    pseudo_dir = './',
    outdir='./outputs',
    disk_io='high'
/
&system
    ibrav= 1, celldm(1)=20.000000, nat=  192, ntyp= 2,
    ecutwfc = 30.0, nosym=.true., occupations='smearing',
    smearing='m-v', degauss=0.025
/
&electrons
    conv_thr =  1.0d-8,
    mixing_beta = 0.7
/
&ions
    pot_extrapolation='second-order'
    wfc_extrapolation='second-order'
    ion_temperature = 'andersen'
    tempw = 1000

/
ATOMIC_SPECIES
 H  1.01  H.blyp-hgh.UPF
 O  16.0  O.blyp-hgh.UPF
ATOMIC_POSITIONS bohr
 O -5.960250 -1.758128 0.003979
 O 3.543961 -1.622565 6.915460
 O -5.988338 7.763023 -5.434517
 O 2.944307 2.815924 -0.490862
 O -3.786887 0.446518 4.720361
 O 0.490857 5.624156 5.767084
 O -3.084310 -6.137041 -2.861172
 O 4.823188 0.520228 5.199439
 O -2.039924 -6.355780 7.128712
 O 1.463319 -2.591928 4.052987
 O 1.712891 -5.774034 1.623146
 O -2.669573 -4.127214 5.229158
 O -2.659926 -7.145320 -0.222556
 O -3.149809 -3.053604 -4.286642
 O 3.098180 -3.902894 -0.570477
 O -1.030323 2.413084 -1.997763
 O -1.840581 -2.533573 0.188650
 O -0.566252 -4.157922 3.324058
 O 2.225226 -4.218176 -3.203992
 O 6.016754 4.037178 0.904830
 O 4.509438 -3.828556 5.254873
 O -2.144324 -0.757678 -3.411725
 O -1.135039 2.590748 -4.886550
 O 5.284962 0.798131 -1.617399
 O 3.388939 1.171126 -3.440326
 O -4.426873 4.180029 -7.279596
 O 4.625994 -6.021659 0.759999
 O 1.037188 0.010728 -5.603174
 O -3.310613 1.423912 -5.330994
 O 0.203079 -1.058750 2.192871
 O 6.442225 -2.268946 -3.511238
 O 3.680605 -1.410344 -0.953005
 O -1.423372 4.863561 2.594517
 O -4.291983 -0.176141 -1.905307
 O -0.800791 -5.350168 -0.002842
 O 5.231816 3.569121 -8.558784
 O 2.550256 5.216926 3.411696
 O -6.768820 7.004567 -3.097309
 O 0.767108 0.687434 -2.965417
 O -5.353627 -4.719174 -1.111204
 O -3.320466 7.502004 2.013578
 O -1.272821 3.595384 4.962681
 O -3.303554 0.696730 0.261480
 O -1.110838 -1.032383 4.587821
 O 2.678058 1.951106 5.515752
 O -5.069908 1.159017 2.126701
 O 3.543836 5.126159 -2.076040
 O 0.403684 -6.188914 -2.813621
 O -5.617490 4.447278 -4.180453
 O 6.675188 1.432021 8.517106
 O -0.704245 1.578287 1.996627
 O 0.450088 -1.799484 -3.207191
 O -0.032910 -4.191273 -5.144031
 O 6.857750 -5.904917 4.093173
 O 3.525841 -2.333545 1.878309
 O 6.459651 -1.455804 3.309729
 O 1.250924 3.387196 -4.247423
 O 0.278823 -8.113675 -0.519814
 O -4.960368 -2.664718 -7.156494
 O -4.718283 3.070074 -1.740689
 O 4.373357 4.128622 -4.900724
 O 0.956705 -1.080700 -0.410139
 O -5.438799 -3.660717 1.835065
 O 2.731146 2.353833 2.914601
 H -6.507110 -2.082006 -0.737908
 H -5.617584 -2.555201 0.483687
 H 2.593536 -1.446715 7.119037
 H 3.739058 -2.576051 6.715334
 H -6.427402 7.656037 -4.534744
 H -5.439249 8.597829 -5.496313
 H 3.698259 3.404280 -0.411888
 H 2.635184 2.600709 -1.399248
 H -4.066683 -0.433636 4.339682
 H -4.691162 0.857626 4.782991
 H 0.610826 6.526855 6.127102
 H 0.250032 5.589066 4.833570
 H -2.381356 -6.339729 -3.525216
 H -3.409178 -5.219007 -2.931118
 H 3.976889 0.984465 5.425014
 H 4.752342 -0.431441 5.511625
 H -2.840769 -6.857278 7.353483
 H -1.501969 -6.938503 6.543769
 H 1.288320 -1.829269 3.499072
 H 2.395393 -2.666555 4.297327
 H 1.484446 -5.136691 2.316007
 H 1.046788 -5.812346 0.925894
 H -1.999374 -4.667050 5.714537
 H -2.007186 -3.590548 4.759565
 H -2.150112 -7.966040 -0.045654
 H -2.898619 -7.202876 -1.171430
 H -2.738824 -2.196749 -3.978498
 H -3.055525 -3.155350 -5.261813
 H 2.916903 -3.741529 -1.521821
 H 2.485547 -4.552928 -0.145089
 H -1.376271 2.495831 -2.928384
 H -0.499900 3.154524 -1.643145
 H -2.534242 -2.865114 0.805973
 H -1.281013 -2.026206 0.794993
 H 0.296351 -3.638516 3.471866
 H -0.778235 -3.924851 2.381430
 H 3.009008 -4.208785 -3.787456
 H 1.943625 -3.276775 -3.146341
 H 5.753417 4.999559 1.029775
 H 6.849317 4.003451 0.395591
 H 4.231699 -4.710021 4.916144
 H 5.269227 -4.141692 5.857571
 H -1.178503 -1.042003 -3.346336
 H -2.141011 -0.014267 -4.037993
 H -0.341607 2.098468 -4.534966
 H -1.863615 1.894854 -5.032986
 H 6.242948 0.722919 -1.441216
 H 4.904038 1.156879 -0.793755
 H 4.228913 1.085361 -2.901335
 H 3.425220 1.928393 -4.033269
 H -4.014148 4.996348 -7.598033
 H -5.096941 3.936671 -7.938957
 H 4.005586 -6.731260 0.486318
 H 5.181484 -5.900241 -0.033573
 H 0.438113 -0.346464 -6.282022
 H 1.777491 0.408912 -6.128265
 H -3.534812 0.979591 -6.242177
 H -3.786074 2.283656 -5.280177
 H 0.170783 -0.077724 2.250791
 H 0.538654 -1.103922 1.259977
 H 7.332637 -2.312681 -3.944170
 H 5.706562 -2.051586 -4.135806
 H 4.250347 -0.639946 -1.218534
 H 3.856644 -1.556244 0.003126
 H -1.071204 5.717291 2.967299
 H -1.305380 4.341564 3.414844
 H -3.377747 -0.527475 -2.093700
 H -4.873208 -0.940899 -2.124550
 H -1.524147 -5.998793 -0.208755
 H -1.183870 -4.456220 -0.112196
 H 5.589859 3.197869 -7.706845
 H 5.191381 2.823222 -9.218006
 H 3.471795 4.907923 3.640718
 H 2.418544 5.348755 2.445040
 H -5.926525 6.434029 -3.087485
 H -6.295202 7.865394 -2.969812
 H 0.298775 1.438496 -2.504538
 H 1.750512 0.844878 -3.071967
 H -4.886654 -4.007059 -0.686584
 H -4.791139 -5.528925 -1.142077
 H -3.071998 6.561527 1.867182
 H -2.790878 7.661369 2.830350
 H -2.120611 3.122999 4.907623
 H -0.765162 3.140391 5.650459
 H -2.451589 0.245002 0.100581
 H -3.820623 0.305304 -0.504223
 H -1.775374 -0.333412 4.467047
 H -1.024847 -1.571864 3.775802
 H 2.314624 2.258277 4.667353
 H 2.215742 2.161254 6.342317
 H -5.496321 0.295142 2.133340
 H -4.307896 0.986917 1.515907
 H 4.093726 5.810191 -2.507880
 H 2.672264 5.073136 -2.498149
 H 1.245656 -5.736191 -2.557377
 H 0.418435 -7.145750 -2.596276
 H -5.242954 3.816916 -4.836087
 H -5.482197 4.094579 -3.260969
 H 7.477807 0.862770 8.680324
 H 6.324358 0.998860 7.694959
 H -1.294288 2.101616 1.455394
 H -0.923811 1.891159 2.913467
 H 0.444176 -1.844140 -2.221944
 H 1.063091 -1.056155 -3.405987
 H -0.416440 -3.353626 -4.804681
 H -0.265388 -4.820049 -4.432543
 H 6.482620 -5.843606 4.979588
 H 6.478236 -6.663416 3.611964
 H 4.413302 -2.727064 2.053195
 H 2.940587 -3.070664 1.574245
 H 6.527089 -1.777522 2.381543
 H 5.481888 -1.623408 3.470551
 H 2.210827 3.350418 -4.346717
 H 0.974408 4.202160 -4.738860
 H 1.167330 -8.296719 -0.181491
 H -0.173087 -7.322877 -0.156937
 H -4.531785 -3.468615 -7.502959
 H -5.360549 -2.255366 -7.954337
 H -4.615517 3.199759 -0.789320
 H -4.876052 2.115723 -1.797000
 H 5.279886 4.036931 -4.465325
 H 4.400261 5.098073 -5.030438
 H 1.870193 -1.374038 -0.695914
 H 0.809915 -0.328003 -1.062295
 H -4.835284 -4.446774 2.066015
 H -6.349137 -3.966073 1.699468
 H 2.906747 1.482204 2.532358
 H 2.718863 3.087474 2.278792
K_POINTS
 1
0.0 0.0 0.0 1.0