
&control
    calculation='scf'
    pseudo_dir = './',
    outdir='./outputs',
    disk_io='high'
/
&system
    ibrav= 1, celldm(1)=20.000000, nat=  192, ntyp= 2,
    ecutwfc = 30.0, nosym=.true., occupations='smearing',
    smearing='m-v', degauss=0.025
/
&electrons
    conv_thr =  1.0d-8,
    mixing_beta = 0.7
/
&ions
    pot_extrapolation='second-order'
    wfc_extrapolation='second-order'
    ion_temperature = 'andersen'
    tempw = 1000

/
ATOMIC_SPECIES
 H  1.01  H.blyp-hgh.UPF
 O  16.0  O.blyp-hgh.UPF
ATOMIC_POSITIONS bohr
 O -5.955903 -1.756027 0.000426
 O 3.542357 -1.620542 6.927756
 O -5.992312 7.759551 -5.438927
 O 2.939339 2.815684 -0.490018
 O -3.782788 0.437994 4.718740
 O 0.489391 5.628334 5.767931
 O -3.084936 -6.141051 -2.864872
 O 4.826350 0.514849 5.206297
 O -2.037898 -6.357591 7.125169
 O 1.461846 -2.584308 4.055695
 O 1.708266 -5.776090 1.620294
 O -2.665445 -4.127315 5.231984
 O -2.656864 -7.146653 -0.226389
 O -3.150031 -3.052090 -4.286781
 O 3.098481 -3.908368 -0.565745
 O -1.032761 2.413657 -1.992263
 O -1.846555 -2.535017 0.184470
 O -0.568385 -4.155611 3.327339
 O 2.219867 -4.222152 -3.211039
 O 6.024246 4.031359 0.901037
 O 4.506770 -3.833077 5.253277
 O -2.144740 -0.754225 -3.411732
 O -1.130126 2.584742 -4.885664
 O 5.288993 0.786511 -1.630635
 O 3.394315 1.169585 -3.437118
 O -4.424425 4.180517 -7.286024
 O 4.623221 -6.021176 0.757867
 O 1.031336 0.014337 -5.608404
 O -3.312416 1.425847 -5.327289
 O 0.208692 -1.058073 2.190838
 O 6.442967 -2.263318 -3.508137
 O 3.677408 -1.403173 -0.952106
 O -1.424481 4.863591 2.590389
 O -4.291325 -0.177011 -1.905786
 O -0.808972 -5.352806 -0.002924
 O 5.224557 3.572810 -8.551809
 O 2.549456 5.208228 3.400112
 O -6.770192 7.006774 -3.104429
 O 0.768837 0.683128 -2.960653
 O -5.356383 -4.714291 -1.102102
 O -3.321746 7.500038 2.007717
 O -1.269096 3.596423 4.961995
 O -3.301905 0.703034 0.261918
 O -1.108015 -1.033804 4.592466
 O 2.681911 1.950443 5.526461
 O -5.059715 1.158356 2.126115
 O 3.539224 5.125583 -2.078260
 O 0.398677 -6.194034 -2.811392
 O -5.612681 4.448641 -4.179309
 O 6.673306 1.422919 8.526923
 O -0.706467 1.578737 2.003380
 O 0.442131 -1.791678 -3.209682
 O -0.030844 -4.193924 -5.137885
 O 6.855447 -5.908434 4.094640
 O 3.531352 -2.328167 1.884599
 O 6.457495 -1.459693 3.313810
 O 1.252211 3.385325 -4.246164
 O 0.278548 -8.110491 -0.524787
 O -4.961014 -2.664269 -7.161857
 O -4.715096 3.076653 -1.748488
 O 4.360444 4.124646 -4.903204
 O 0.951850 -1.080075 -0.414536
 O -5.441482 -3.665043 1.834576
 O 2.734433 2.354221 2.915277
 H -6.499781 -2.083478 -0.738736
 H -5.623724 -2.547405 0.496062
 H 2.590724 -1.458464 7.132237
 H 3.761477 -2.569551 6.715922
 H -6.414697 7.654546 -4.533128
 H -5.471013 8.615236 -5.501439
 H 3.697827 3.391269 -0.402648
 H 2.633742 2.634912 -1.409190
 H -4.073008 -0.434589 4.332663
 H -4.685139 0.855063 4.791802
 H 0.596851 6.536235 6.128863
 H 0.243142 5.588594 4.835597
 H -2.366614 -6.339611 -3.514433
 H -3.415690 -5.229668 -2.922035
 H 3.991169 0.996076 5.436604
 H 4.772436 -0.437900 5.509918
 H -2.843010 -6.862446 7.353813
 H -1.495562 -6.953211 6.559796
 H 1.294987 -1.816407 3.503352
 H 2.385882 -2.670090 4.297276
 H 1.480252 -5.133139 2.307454
 H 1.025197 -5.805249 0.930397
 H -1.995975 -4.662788 5.712819
 H -2.007201 -3.584254 4.770971
 H -2.149475 -7.966088 -0.038865
 H -2.876865 -7.190108 -1.183534
 H -2.748789 -2.194688 -3.962829
 H -3.057365 -3.161020 -5.262611
 H 2.919035 -3.748047 -1.513271
 H 2.489691 -4.568243 -0.142167
 H -1.369963 2.488829 -2.926641
 H -0.499211 3.158346 -1.631337
 H -2.523484 -2.870607 0.812004
 H -1.273628 -2.028765 0.777622
 H 0.291100 -3.623653 3.489942
 H -0.768258 -3.928608 2.382186
 H 3.023577 -4.186951 -3.778557
 H 1.946157 -3.283044 -3.129833
 H 5.767703 4.991825 1.040607
 H 6.856550 4.004139 0.380446
 H 4.223536 -4.721477 4.940301
 H 5.273226 -4.144551 5.845321
 H -1.174919 -1.023081 -3.332980
 H -2.134625 -0.020171 -4.054256
 H -0.326863 2.110995 -4.536875
 H -1.841049 1.885933 -5.042185
 H 6.251175 0.692394 -1.465435
 H 4.921864 1.158070 -0.805698
 H 4.242862 1.094498 -2.914763
 H 3.431417 1.929868 -4.033029
 H -4.011356 5.005266 -7.605492
 H -5.100995 3.946572 -7.939144
 H 3.995647 -6.720819 0.470288
 H 5.196326 -5.900533 -0.022142
 H 0.437114 -0.345627 -6.290833
 H 1.779125 0.403531 -6.125618
 H -3.496982 0.980126 -6.249656
 H -3.768265 2.295808 -5.284131
 H 0.160873 -0.081631 2.257165
 H 0.524046 -1.105801 1.259864
 H 7.335146 -2.301218 -3.937053
 H 5.725774 -2.056215 -4.149633
 H 4.239011 -0.623330 -1.221206
 H 3.868437 -1.549482 -0.003930
 H -1.081447 5.726942 2.957190
 H -1.309580 4.336106 3.420109
 H -3.378120 -0.526103 -2.103611
 H -4.879476 -0.938092 -2.125279
 H -1.534523 -6.002208 -0.202660
 H -1.174439 -4.457499 -0.123339
 H 5.622175 3.214840 -7.717497
 H 5.208027 2.844542 -9.226591
 H 3.477173 4.937757 3.634348
 H 2.402987 5.340153 2.435636
 H -5.922038 6.460273 -3.087671
 H -6.299558 7.871624 -2.992859
 H 0.289018 1.425358 -2.504010
 H 1.751317 0.847796 -3.063087
 H -4.867759 -4.012131 -0.674366
 H -4.791888 -5.519471 -1.171186
 H -3.061783 6.561030 1.861323
 H -2.794782 7.671779 2.818528
 H -2.110590 3.114692 4.902948
 H -0.749991 3.148427 5.645792
 H -2.446113 0.252486 0.120697
 H -3.813481 0.308828 -0.501067
 H -1.780315 -0.342632 4.488341
 H -1.023945 -1.549175 3.760900
 H 2.306457 2.278802 4.681545
 H 2.203777 2.159923 6.343001
 H -5.512088 0.304623 2.129167
 H -4.304988 0.982576 1.511316
 H 4.074199 5.807924 -2.521341
 H 2.664536 5.053334 -2.483224
 H 1.245716 -5.760586 -2.541339
 H 0.388853 -7.151211 -2.601213
 H -5.241198 3.812234 -4.836352
 H -5.501594 4.091075 -3.251015
 H 7.478086 0.853788 8.680767
 H 6.329551 1.007943 7.693651
 H -1.291851 2.099547 1.442510
 H -0.916015 1.895868 2.919203
 H 0.436365 -1.843534 -2.228592
 H 1.066366 -1.055442 -3.406404
 H -0.419662 -3.344738 -4.828646
 H -0.259139 -4.813075 -4.417863
 H 6.482705 -5.848619 4.986464
 H 6.478076 -6.663609 3.607388
 H 4.413972 -2.715146 2.067283
 H 2.934771 -3.044943 1.578984
 H 6.539538 -1.794601 2.386368
 H 5.483494 -1.648167 3.457336
 H 2.213590 3.366964 -4.351915
 H 0.973468 4.195972 -4.748879
 H 1.170203 -8.310714 -0.192141
 H -0.154992 -7.302077 -0.162777
 H -4.541316 -3.475005 -7.507200
 H -5.351985 -2.247661 -7.963346
 H -4.621086 3.207142 -0.797846
 H -4.880817 2.124035 -1.794498
 H 5.272649 4.034681 -4.482249
 H 4.403405 5.091865 -5.023931
 H 1.867289 -1.376286 -0.687617
 H 0.813142 -0.304073 -1.044706
 H -4.839968 -4.448694 2.085890
 H -6.352504 -3.955453 1.699346
 H 2.911809 1.484264 2.538247
 H 2.728711 3.082350 2.266058
K_POINTS
 1
0.0 0.0 0.0 1.0