
&control
    calculation='scf'
    pseudo_dir = './',
    outdir='./outputs',
    disk_io='high'
/
&system
    ibrav= 1, celldm(1)=20.000000, nat=  192, ntyp= 2,
    ecutwfc = 30.0, nosym=.true., occupations='smearing',
    smearing='m-v', degauss=0.025
/
&electrons
    conv_thr =  1.0d-8,
    mixing_beta = 0.7
/
&ions
    pot_extrapolation='second-order'
    wfc_extrapolation='second-order'
    ion_temperature = 'andersen'
    tempw = 1000

/
ATOMIC_SPECIES
 H  1.01  H.blyp-hgh.UPF
 O  16.0  O.blyp-hgh.UPF
ATOMIC_POSITIONS bohr
 O -5.274802 -1.435737 -1.739087
 O 3.788909 -2.011816 5.400943
 O -5.756416 5.568542 -5.391667
 O -0.128455 3.909086 -1.408056
 O -4.769727 0.793846 3.979927
 O -0.229395 5.529346 5.271059
 O -0.159286 -5.423245 -3.369947
 O 2.528336 0.043243 3.583710
 O -2.851989 -5.319632 5.704000
 O 2.086819 -2.751868 2.073520
 O 2.599677 -6.140668 2.901986
 O -3.989426 -2.969387 4.512823
 O -4.432349 -5.785490 0.708251
 O -3.625338 -5.733136 -3.870822
 O 2.525558 -2.838307 -2.399383
 O -2.083065 2.449108 0.750333
 O -1.221885 -1.909880 2.016092
 O 0.245932 -4.184068 3.782861
 O 5.338543 -4.449691 -5.002344
 O 5.337533 5.017989 2.230660
 O 5.847258 -3.042216 3.261349
 O -3.233090 -2.779112 -3.901669
 O -0.899419 2.715018 -4.936450
 O 3.973285 2.373089 2.952298
 O 2.341407 1.482438 -3.177591
 O -4.762791 2.553600 -6.314187
 O 4.522780 -5.998978 -1.227386
 O 2.044531 -1.220893 -4.720574
 O -2.085720 0.072863 -4.858333
 O 0.984033 -0.326557 0.865466
 O 4.722076 -1.731174 -3.551863
 O 5.289116 0.162899 -0.228326
 O -0.138186 4.665373 2.084146
 O -4.821196 0.758473 -4.044634
 O 0.770584 -3.846613 -0.414741
 O 4.484663 3.940739 -4.579947
 O 3.291170 5.438278 5.829277
 O -5.396909 4.188420 -1.989339
 O -0.403922 0.938342 -1.824714
 O -3.120167 -3.665749 -0.901016
 O -2.734028 5.490781 3.254902
 O -1.656663 2.830541 4.336087
 O -2.527043 -0.447006 -0.745703
 O -1.508932 -2.021425 4.792609
 O 0.627040 1.915781 5.069981
 O -4.601911 3.239531 1.339225
 O 3.022373 4.071673 -0.724864
 O 2.708639 -5.949122 -3.725557
 O -2.455145 4.418051 -2.344834
 O 5.199016 0.638212 5.483533
 O -2.879091 0.329194 1.953209
 O -0.697623 -2.291666 -2.570607
 O 0.053830 -3.437898 -5.458827
 O 5.800470 -5.909258 4.235293
 O 4.886948 -3.232375 -0.053729
 O 4.580617 -0.734030 2.440282
 O 1.305476 4.329286 -4.312827
 O -0.832760 -5.883597 0.372719
 O -5.454545 -1.583329 -5.755263
 O -4.687905 1.236607 -0.770746
 O 5.130738 1.420544 -2.251758
 O 2.865463 -0.314322 -1.282565
 O -5.252897 -1.377003 1.358627
 O 1.612402 2.452982 1.405665
 H -5.308152 -1.733533 -0.797541
 H -4.635002 -0.688954 -1.614853
 H 4.074807 -2.827323 5.888461
 H 3.325271 -2.441342 4.645465
 H -6.596035 5.088913 -5.159181
 H -5.205505 4.854711 -5.771445
 H -0.160321 2.976048 -1.811202
 H 0.593489 4.402972 -1.853624
 H -5.700593 1.104595 4.109946
 H -4.341597 1.425854 4.622963
 H 0.148819 6.375996 4.923494
 H 0.226167 5.308584 6.107537
 H -0.519331 -5.362479 -2.466184
 H -0.964352 -5.367530 -3.921692
 H 3.047634 0.899445 3.523305
 H 1.632705 0.351571 3.838567
 H -3.219314 -5.330500 6.628358
 H -1.925291 -5.652654 5.802229
 H 1.903145 -1.908096 1.582305
 H 3.025317 -3.023332 2.097401
 H 3.265281 -6.616368 2.351242
 H 1.741552 -6.556351 2.640194
 H -3.432912 -3.787657 4.357053
 H -4.789525 -3.396253 4.063703
 H -4.480967 -6.683837 0.307567
 H -3.890036 -5.225899 0.095467
 H -4.237470 -5.008414 -3.635562
 H -3.872757 -6.449394 -3.250077
 H 2.663434 -1.924377 -1.988137
 H 1.725824 -3.230764 -1.965970
 H -1.160162 2.600029 1.029149
 H -2.371894 1.541777 1.073025
 H -0.972788 -0.985895 1.701450
 H -1.171772 -1.938389 3.013720
 H 0.793336 -4.626547 3.102739
 H -0.634829 -4.126400 3.361522
 H 6.235666 -4.510117 -4.616978
 H 5.289432 -3.460130 -5.006660
 H 5.615031 5.386931 3.137044
 H 6.190134 5.052887 1.748455
 H 5.417327 -2.183296 3.011852
 H 5.479283 -3.716560 2.649462
 H -2.276559 -2.598766 -3.965090
 H -3.625715 -2.880297 -4.787192
 H -0.480810 2.844394 -4.064474
 H -1.439952 1.871049 -4.886558
 H 4.850877 2.800325 2.987466
 H 3.446885 2.897849 2.308584
 H 2.541859 0.733268 -3.804941
 H 1.525815 1.890709 -3.533798
 H -5.002157 1.844734 -5.679660
 H -3.990891 2.976133 -5.886939
 H 4.007628 -5.180758 -1.052428
 H 5.388909 -5.769153 -0.832681
 H 2.758784 -1.461386 -5.371297
 H 1.346528 -0.767029 -5.230264
 H -1.633469 -0.243303 -5.667867
 H -3.055591 0.061240 -5.002862
 H 0.833086 0.525290 1.327943
 H 1.831007 -0.037821 0.453047
 H 4.060312 -2.293632 -3.076443
 H 5.478177 -1.613943 -2.931987
 H 5.567873 0.916693 -0.788311
 H 5.378560 -0.586583 -0.872572
 H -0.084377 4.096933 2.910872
 H -0.834768 5.321414 2.336770
 H -5.023057 0.473657 -3.125033
 H -5.775240 0.854718 -4.311250
 H 0.423557 -4.651185 0.044460
 H 1.442218 -3.558487 0.250352
 H 4.002643 4.339184 -5.361274
 H 4.752122 3.080042 -4.956519
 H 3.256221 5.544489 4.847493
 H 2.680926 6.151674 6.114632
 H -5.555447 3.625103 -1.201260
 H -4.367289 4.176881 -1.996743
 H 0.055399 0.247016 -2.334207
 H -0.492994 0.547735 -0.929014
 H -3.631820 -2.932505 -1.382980
 H -2.322886 -3.824820 -1.468482
 H -3.626769 5.720735 2.920964
 H -2.717820 5.783384 4.209292
 H -1.307772 2.385280 3.545164
 H -2.000423 3.704550 4.047458
 H -2.223710 -1.376362 -0.723764
 H -3.104859 -0.439355 0.053563
 H -2.456384 -2.299391 4.783427
 H -1.122470 -2.570566 5.526210
 H 1.167071 1.445498 5.735283
 H -0.130129 2.335560 5.560041
 H -4.917119 3.348996 2.258310
 H -3.668532 2.876621 1.375240
 H 3.523147 4.897130 -0.500604
 H 2.981264 4.175315 -1.699503
 H 3.601912 -5.541818 -3.770783
 H 2.206364 -5.525350 -2.999627
 H -2.487763 4.005290 -3.232843
 H -1.491449 4.249816 -2.052031
 H 5.761337 -0.188826 5.529449
 H 4.327465 0.285504 5.203365
 H -2.301219 -0.480803 2.016768
 H -3.329986 0.283573 2.839814
 H 0.287151 -2.307209 -2.604423
 H -0.850809 -2.298122 -1.603231
 H -0.061943 -3.168817 -4.525585
 H 0.707877 -2.811441 -5.829033
 H 5.310676 -6.405018 4.938278
 H 6.416004 -5.411481 4.806485
 H 5.840829 -3.148203 -0.257649
 H 4.586483 -2.305248 -0.180710
 H 4.709347 0.207894 2.192437
 H 3.601346 -0.848538 2.417279
 H 1.181848 4.188127 -5.266630
 H 1.760340 5.206346 -4.112711
 H -1.285501 -6.707393 0.639687
 H -1.576100 -5.276583 0.180259
 H -4.905198 -2.023912 -6.446714
 H -4.967513 -0.931141 -5.203947
 H -4.682812 2.167834 -1.046509
 H -4.665660 1.258142 0.205392
 H 5.750275 2.180200 -2.256621
 H 4.330709 1.753603 -2.721850
 H 3.690551 0.200358 -1.076115
 H 2.315068 0.306759 -1.824334
 H -6.174332 -1.266482 1.679002
 H -4.672856 -1.463425 2.137111
 H 0.692379 2.662174 1.684793
 H 1.814155 3.044966 0.630594
K_POINTS
 1
0.0 0.0 0.0 1.0