
&control
    calculation='scf'
    pseudo_dir = './',
    outdir='./outputs',
    disk_io='high'
/
&system
    ibrav= 1, celldm(1)=20.000000, nat=  192, ntyp= 2,
    ecutwfc = 30.0, nosym=.true., occupations='smearing',
    smearing='m-v', degauss=0.025
/
&electrons
    conv_thr =  1.0d-8,
    mixing_beta = 0.7
/
&ions
    pot_extrapolation='second-order'
    wfc_extrapolation='second-order'
    ion_temperature = 'andersen'
    tempw = 1000

/
ATOMIC_SPECIES
 H  1.01  H.blyp-hgh.UPF
 O  16.0  O.blyp-hgh.UPF
ATOMIC_POSITIONS bohr
 O -5.952960 -1.754608 -0.001931
 O 3.541415 -1.619259 6.936002
 O -5.994911 7.757369 -5.441959
 O 2.935760 2.815315 -0.489323
 O -3.780293 0.432253 4.717625
 O 0.488425 5.631040 5.768726
 O -3.085447 -6.143875 -2.867164
 O 4.828647 0.511058 5.210877
 O -2.036577 -6.358859 7.122796
 O 1.460737 -2.579447 4.057628
 O 1.705285 -5.777451 1.618190
 O -2.662572 -4.127429 5.233921
 O -2.654860 -7.147673 -0.228933
 O -3.150290 -3.051125 -4.286824
 O 3.098661 -3.912057 -0.562360
 O -1.034456 2.413870 -1.988590
 O -1.850642 -2.536067 0.181719
 O -0.569710 -4.153966 3.329332
 O 2.216475 -4.224740 -3.215743
 O 6.029240 4.027513 0.898503
 O 4.505016 -3.836249 5.252258
 O -2.144867 -0.751938 -3.411702
 O -1.126758 2.580589 -4.884969
 O 5.291674 0.778760 -1.639322
 O 3.397855 1.168498 -3.434923
 O -4.422677 4.180721 -7.290181
 O 4.621429 -6.020958 0.756487
 O 1.027517 0.016725 -5.611923
 O -3.313701 1.427031 -5.324954
 O 0.212456 -1.057616 2.189457
 O 6.443447 -2.259580 -3.505985
 O 3.675308 -1.398274 -0.951588
 O -1.425159 4.863828 2.587748
 O -4.290906 -0.177690 -1.906212
 O -0.814294 -5.354567 -0.002916
 O 5.219847 3.575262 -8.547123
 O 2.549056 5.202309 3.392559
 O -6.770849 7.008180 -3.109209
 O 0.770084 0.680275 -2.957363
 O -5.358277 -4.711225 -1.096106
 O -3.322422 7.498597 2.003874
 O -1.266669 3.597134 4.961362
 O -3.300683 0.707203 0.262153
 O -1.106094 -1.034792 4.595677
 O 2.684545 1.949868 5.533709
 O -5.052953 1.157984 2.125730
 O 3.536214 5.125151 -2.079585
 O 0.395329 -6.197456 -2.809974
 O -5.609415 4.449537 -4.178456
 O 6.672133 1.416684 8.533289
 O -0.707927 1.579040 2.008103
 O 0.436856 -1.786658 -3.211356
 O -0.029529 -4.195641 -5.133812
 O 6.853998 -5.910706 4.095478
 O 3.535076 -2.324521 1.888822
 O 6.455697 -1.462209 3.316321
 O 1.253035 3.384191 -4.245366
 O 0.278228 -8.108394 -0.528196
 O -4.961363 -2.664021 -7.165287
 O -4.712981 3.081101 -1.753721
 O 4.351835 4.121997 -4.904843
 O 0.948616 -1.079571 -0.417684
 O -5.443277 -3.667903 1.834201
 O 2.736579 2.354501 2.915847
 H -6.495208 -2.084718 -0.739196
 H -5.627907 -2.542183 0.504183
 H 2.589243 -1.466924 7.140591
 H 3.775172 -2.564317 6.715995
 H -6.405749 7.653326 -4.533385
 H -5.492975 8.625621 -5.504862
 H 3.698511 3.383372 -0.397852
 H 2.634093 2.658454 -1.415366
 H -4.076584 -0.434697 4.328708
 H -4.680261 0.853355 4.796883
 H 0.587197 6.542568 6.128989
 H 0.239007 5.589047 4.836694
 H -2.356884 -6.338263 -3.507118
 H -3.419108 -5.236452 -2.916854
 H 4.000624 1.003489 5.444410
 H 4.785160 -0.440317 5.508752
 H -2.844701 -6.865904 7.353333
 H -1.490989 -6.963031 6.570668
 H 1.299629 -1.806522 3.505124
 H 2.380470 -2.672250 4.297212
 H 1.476777 -5.130818 2.301876
 H 1.009583 -5.799780 0.933506
 H -1.994504 -4.660722 5.712350
 H -2.007215 -3.579111 4.777780
 H -2.149457 -7.965986 -0.034247
 H -2.862305 -7.181269 -1.192114
 H -2.755490 -2.193585 -3.953351
 H -3.058345 -3.164444 -5.262869
 H 2.919818 -3.753347 -1.507333
 H 2.493124 -4.577964 -0.141578
 H -1.364969 2.485389 -2.924677
 H -0.499075 3.161493 -1.624043
 H -2.516383 -2.874332 0.815601
 H -1.267919 -2.029835 0.766328
 H 0.286870 -3.614187 3.502665
 H -0.761475 -3.931641 2.383472
 H 3.032694 -4.172504 -3.772327
 H 1.947101 -3.287261 -3.119444
 H 5.777595 4.985861 1.047547
 H 6.860576 4.005116 0.371047
 H 4.217607 -4.728467 4.956159
 H 5.275675 -4.145662 5.836996
 H -1.172721 -1.010399 -3.324013
 H -2.130767 -0.024019 -4.065119
 H -0.317415 2.119853 -4.538809
 H -1.825668 1.880808 -5.048538
 H 6.256267 0.671787 -1.481857
 H 4.933749 1.159261 -0.813533
 H 4.251897 1.101009 -2.924326
 H 3.436475 1.931127 -4.032939
 H -4.009952 5.011388 -7.610553
 H -5.103886 3.953340 -7.939926
 H 3.989080 -6.713081 0.459505
 H 5.205992 -5.900118 -0.014922
 H 0.436211 -0.345419 -6.297151
 H 1.779669 0.399697 -6.123944
 H -3.471381 0.981041 -6.253157
 H -3.756184 2.303128 -5.287039
 H 0.153522 -0.083876 2.261813
 H 0.514893 -1.107516 1.259012
 H 7.336383 -2.293840 -3.932844
 H 5.739426 -2.059075 -4.158768
 H 4.230978 -0.612902 -1.222858
 H 3.876250 -1.545314 -0.008366
 H -1.088615 5.732741 2.949248
 H -1.312446 4.331879 3.423509
 H -3.378542 -0.524699 -2.110997
 H -4.883733 -0.936073 -2.125513
 H -1.541824 -6.003981 -0.198447
 H -1.168118 -4.458033 -0.130938
 H 5.642494 3.225948 -7.725599
 H 5.219411 2.859400 -9.231260
 H 3.479702 4.957614 3.629310
 H 2.393212 5.334921 2.429982
 H -5.920939 6.477740 -3.088293
 H -6.303491 7.876170 -3.006800
 H 0.282627 1.416693 -2.503632
 H 1.751206 0.850469 -3.057070
 H -4.854065 -4.015077 -0.665457
 H -4.792280 -5.512145 -1.190094
 H -3.055258 6.560765 1.856873
 H -2.797848 7.679126 2.811042
 H -2.104331 3.109124 4.900212
 H -0.739713 3.153448 5.643798
 H -2.442337 0.257819 0.134752
 H -3.809146 0.311410 -0.498486
 H -1.783905 -0.348911 4.502031
 H -1.023419 -1.533213 3.751120
 H 2.300839 2.293082 4.690860
 H 2.195045 2.160041 6.342914
 H -5.523112 0.310608 2.126757
 H -4.302862 0.979832 1.508291
 H 4.060858 5.806668 -2.530636
 H 2.659359 5.040467 -2.473879
 H 1.245051 -5.777368 -2.530940
 H 0.369585 -7.154190 -2.604138
 H -5.240130 3.809586 -4.835523
 H -5.513922 4.088199 -3.245575
 H 7.477513 0.848593 8.681097
 H 6.332879 1.014578 7.693491
 H -1.290634 2.098499 1.433308
 H -0.910456 1.898842 2.922050
 H 0.431152 -1.843030 -2.232918
 H 1.067521 -1.054743 -3.406662
 H -0.421321 -3.339275 -4.844888
 H -0.254822 -4.808647 -4.407891
 H 6.482522 -5.852347 4.991441
 H 6.477414 -6.663769 3.604955
 H 4.413417 -2.707547 2.076288
 H 2.931766 -3.027747 1.582023
 H 6.548636 -1.806234 2.390208
 H 5.485891 -1.663859 3.449009
 H 2.216315 3.378724 -4.355412
 H 0.973078 4.191163 -4.755383
 H 1.172336 -8.319795 -0.198680
 H -0.141546 -7.288556 -0.166626
 H -4.547338 -3.479265 -7.509732
 H -5.346595 -2.242614 -7.969500
 H -4.624262 3.212186 -0.803063
 H -4.883923 2.129211 -1.793426
 H 5.267214 4.033028 -4.493773
 H 4.404838 5.087626 -5.019887
 H 1.865553 -1.377504 -0.681546
 H 0.815340 -0.288802 -1.032073
 H -4.843543 -4.449116 2.098833
 H -6.354972 -3.949439 1.699453
 H 2.915228 1.485688 2.541193
 H 2.735145 3.078161 2.257476
K_POINTS
 1
0.0 0.0 0.0 1.0