
&control
    calculation='scf'
    pseudo_dir = './',
    outdir='./outputs',
    disk_io='high'
/
&system
    ibrav= 1, celldm(1)=20.000000, nat=  192, ntyp= 2,
    ecutwfc = 30.0, nosym=.true., occupations='smearing',
    smearing='m-v', degauss=0.025
/
&electrons
    conv_thr =  1.0d-8,
    mixing_beta = 0.7
/
&ions
    pot_extrapolation='second-order'
    wfc_extrapolation='second-order'
    ion_temperature = 'andersen'
    tempw = 1000

/
ATOMIC_SPECIES
 H  1.01  H.blyp-hgh.UPF
 O  16.0  O.blyp-hgh.UPF
ATOMIC_POSITIONS bohr
 O -5.949974 -1.753170 -0.004269
 O 3.540590 -1.618035 6.944280
 O -5.997455 7.755311 -5.445070
 O 2.931961 2.814780 -0.488544
 O -3.777984 0.426478 4.716488
 O 0.487471 5.633697 5.769706
 O -3.086024 -6.146850 -2.869310
 O 4.831110 0.507132 5.215447
 O -2.035305 -6.360191 7.120425
 O 1.459487 -2.574736 4.059641
 O 1.702348 -5.778799 1.615896
 O -2.659625 -4.127571 5.235897
 O -2.652892 -7.148790 -0.231483
 O -3.150643 -3.050200 -4.286821
 O 3.098823 -3.915783 -0.558774
 O -1.036189 2.413966 -1.984895
 O -1.854792 -2.537178 0.178986
 O -0.570939 -4.152234 3.331189
 O 2.213264 -4.227280 -3.220468
 O 6.034255 4.023685 0.895954
 O 4.503283 -3.839543 5.251274
 O -2.144871 -0.749644 -3.411657
 O -1.123300 2.576353 -4.884194
 O 5.294364 0.771008 -1.647893
 O 3.401358 1.167395 -3.432707
 O -4.420817 4.180863 -7.294244
 O 4.619679 -6.020823 0.755143
 O 1.023748 0.019093 -5.615466
 O -3.315033 1.428116 -5.322735
 O 0.216220 -1.057169 2.188092
 O 6.443934 -2.255858 -3.503764
 O 3.673233 -1.393271 -0.951153
 O -1.425788 4.864217 2.585227
 O -4.290510 -0.178448 -1.906722
 O -0.819496 -5.356347 -0.002851
 O 5.215236 3.577736 -8.542418
 O 2.548736 5.196304 3.385148
 O -6.771320 7.009566 -3.114013
 O 0.771410 0.677429 -2.953989
 O -5.360195 -4.708279 -1.090152
 O -3.322969 7.497048 2.000066
 O -1.264282 3.597858 4.960592
 O -3.299355 0.711357 0.262358
 O -1.104138 -1.035825 4.598960
 O 2.687201 1.949215 5.540996
 O -5.046240 1.157652 2.125363
 O 3.533256 5.124668 -2.080771
 O 0.391969 -6.200878 -2.808613
 O -5.606108 4.450410 -4.177522
 O 6.671027 1.410327 8.539513
 O -0.709384 1.579356 2.012957
 O 0.431605 -1.781784 -3.213060
 O -0.028264 -4.197308 -5.129769
 O 6.852613 -5.912913 4.096226
 O 3.538834 -2.320774 1.893081
 O 6.453627 -1.464673 3.318635
 O 1.253850 3.383158 -4.244614
 O 0.277816 -8.106305 -0.531662
 O -4.961646 -2.663818 -7.168608
 O -4.710877 3.085595 -1.758979
 O 4.343236 4.119343 -4.906468
 O 0.945374 -1.078991 -0.420994
 O -5.445060 -3.670732 1.833794
 O 2.738685 2.354829 2.916495
 H -6.490929 -2.086209 -0.739643
 H -5.632147 -2.536952 0.512146
 H 2.588049 -1.475911 7.148582
 H 3.787779 -2.558318 6.715849
 H -6.396541 7.651865 -4.534689
 H -5.515491 8.634962 -5.508340
 H 3.700036 3.376157 -0.394064
 H 2.635481 2.682520 -1.421095
 H -4.079648 -0.434470 4.325288
 H -4.674680 0.851646 4.801357
 H 0.577258 6.548860 6.128252
 H 0.235231 5.590116 4.837618
 H -2.347282 -6.335863 -3.499737
 H -3.421807 -5.242776 -2.912411
 H 4.010009 1.010520 5.452299
 H 4.797237 -0.441319 5.507642
 H -2.846358 -6.869232 7.352271
 H -1.486158 -6.972849 6.581643
 H 1.304455 -1.795772 3.506141
 H 2.376077 -2.674291 4.297204
 H 1.472816 -5.128534 2.296459
 H 0.993233 -5.793763 0.936858
 H -1.993540 -4.659401 5.712509
 H -2.007187 -3.573154 4.783904
 H -2.149745 -7.965797 -0.029599
 H -2.847683 -7.172212 -1.200962
 H -2.762192 -2.192728 -3.944746
 H -3.059111 -3.167522 -5.262862
 H 2.920071 -3.759376 -1.501363
 H 2.497131 -4.587247 -0.142071
 H -1.359379 2.482946 -2.922105
 H -0.499318 3.164938 -1.617308
 H -2.509441 -2.878154 0.818965
 H -1.261628 -2.030435 0.755232
 H 0.281966 -3.605151 3.515853
 H -0.754601 -3.935054 2.385298
 H 3.041120 -4.158203 -3.765725
 H 1.947407 -3.291427 -3.109525
 H 5.787722 4.979317 1.054248
 H 6.863835 4.006506 0.362304
 H 4.211240 -4.734960 4.971780
 H 5.277975 -4.146130 5.828592
 H -1.170680 -0.997731 -3.315008
 H -2.127270 -0.027901 -4.075889
 H -0.308211 2.129030 -4.541237
 H -1.810207 1.876152 -5.055046
 H 6.260912 0.651013 -1.498499
 H 4.945677 1.160735 -0.821303
 H 4.260766 1.107769 -2.934275
 H 3.442192 1.932446 -4.032824
 H -4.009037 5.017396 -7.615579
 H -5.106935 3.960240 -7.941263
 H 3.982621 -6.704708 0.448642
 H 5.215469 -5.899235 -0.008029
 H 0.435161 -0.345468 -6.303787
 H 1.779851 0.395698 -6.122392
 H -3.445631 0.982489 -6.255408
 H -3.743962 2.309847 -5.290223
 H 0.145608 -0.085737 2.266732
 H 0.506315 -1.109558 1.257311
 H 7.337337 -2.286709 -3.929023
 H 5.753539 -2.061692 -4.167901
 H 4.222538 -0.603074 -1.224404
 H 3.884047 -1.541437 -0.012444
 H -1.096051 5.737932 2.940398
 H -1.315368 4.327463 3.426530
 H -3.379100 -0.522915 -2.118999
 H -4.887982 -0.933922 -2.125535
 H -1.549443 -6.005342 -0.194104
 H -1.161843 -4.458207 -0.138701
 H 5.661883 3.236787 -7.734352
 H 5.231021 2.874642 -9.235162
 H 3.481523 4.977367 3.623618
 H 2.383967 5.330106 2.424815
 H -5.921100 6.494877 -3.089294
 H -6.308310 7.881104 -3.019566
 H 0.276313 1.408202 -2.503179
 H 1.750592 0.853728 -3.050970
 H -4.839679 -4.017893 -0.656089
 H -4.792582 -5.504076 -1.208587
 H -3.048977 6.560603 1.852022
 H -2.801182 7.686794 2.803992
 H -2.098398 3.103517 4.897804
 H -0.729370 3.158221 5.642627
 H -2.438497 0.263409 0.149276
 H -3.805167 0.314112 -0.495638
 H -1.787788 -0.355220 4.515344
 H -1.022933 -1.516566 3.741580
 H 2.295319 2.307643 4.700322
 H 2.185757 2.160917 6.342501
 H -5.534421 0.316482 2.124613
 H -4.300541 0.977152 1.505243
 H 4.047327 5.805708 -2.540255
 H 2.654074 5.027875 -2.465077
 H 1.243841 -5.794544 -2.520774
 H 0.350709 -7.156703 -2.606755
 H -5.239177 3.807352 -4.833796
 H -5.525745 4.084944 -3.241287
 H 7.476371 0.844018 8.681469
 H 6.336075 1.021636 7.693849
 H -1.289530 2.097543 1.423928
 H -0.904693 1.901767 2.924165
 H 0.425952 -1.842428 -2.237020
 H 1.067821 -1.053899 -3.406883
 H -0.422572 -3.334304 -4.861297
 H -0.250407 -4.804336 -4.397748
 H 6.482214 -5.856413 4.996536
 H 6.476285 -6.663972 3.603027
 H 4.412228 -2.700392 2.084997
 H 2.929342 -3.010786 1.584887
 H 6.558394 -1.817997 2.394683
 H 5.489188 -1.678898 3.441155
 H 2.219658 3.391001 -4.358901
 H 0.972832 4.185782 -4.761698
 H 1.174478 -8.328630 -0.204833
 H -0.126956 -7.275465 -0.170524
 H -4.553117 -3.483472 -7.511999
 H -5.341442 -2.237678 -7.975694
 H -4.626991 3.217372 -0.807871
 H -4.886989 2.134068 -1.792866
 H 5.261358 4.031161 -4.505424
 H 4.405671 5.083460 -5.016124
 H 1.863984 -1.378458 -0.675109
 H 0.817631 -0.274212 -1.018738
 H -4.847519 -4.448863 2.111470
 H -6.357736 -3.944361 1.699702
 H 2.918707 1.487012 2.543345
 H 2.741470 3.073258 2.248970
K_POINTS
 1
0.0 0.0 0.0 1.0