
&control
    calculation='scf'
    pseudo_dir = './',
    outdir='./outputs',
    disk_io='high'
/
&system
    ibrav= 1, celldm(1)=20.000000, nat=  192, ntyp= 2,
    ecutwfc = 30.0, nosym=.true., occupations='smearing',
    smearing='m-v', degauss=0.025
/
&electrons
    conv_thr =  1.0d-8,
    mixing_beta = 0.7
/
&ions
    pot_extrapolation='second-order'
    wfc_extrapolation='second-order'
    ion_temperature = 'andersen'
    tempw = 1000

/
ATOMIC_SPECIES
 H  1.01  H.blyp-hgh.UPF
 O  16.0  O.blyp-hgh.UPF
ATOMIC_POSITIONS bohr
 O -5.924471 -1.740855 -0.021740
 O 3.539097 -1.609789 7.011318
 O -6.014969 7.743883 -5.474546
 O 2.895756 2.806803 -0.481074
 O -3.764114 0.380503 4.707474
 O 0.480329 5.654011 5.783177
 O -3.092171 -6.177426 -2.881123
 O 4.857438 0.476167 5.249790
 O -2.028247 -6.374773 7.102167
 O 1.443475 -2.538580 4.076284
 O 1.676150 -5.787762 1.588727
 O -2.634471 -4.128209 5.252212
 O -2.639374 -7.159859 -0.254068
 O -3.157325 -3.044842 -4.284515
 O 3.100052 -3.946023 -0.522727
 O -1.049694 2.412242 -1.952579
 O -1.887666 -2.546556 0.157555
 O -0.576556 -4.135648 3.343886
 O 2.196123 -4.245359 -3.259623
 O 6.075635 3.992499 0.874798
 O 4.489583 -3.869519 5.244007
 O -2.140562 -0.729360 -3.411946
 O -1.091448 2.543734 -4.875645
 O 5.316796 0.709137 -1.711385
 O 3.428076 1.160942 -3.416621
 O -4.401534 4.181795 -7.324942
 O 4.607817 -6.022295 0.745642
 O 0.993228 0.036251 -5.644730
 O -3.325569 1.431850 -5.308938
 O 0.245386 -1.054251 2.179412
 O 6.449373 -2.226946 -3.483716
 O 3.656829 -1.349971 -0.950694
 O -1.429615 4.869591 2.570587
 O -4.288799 -0.186871 -1.913416
 O -0.856079 -5.371521 -0.000043
 O 5.181033 3.600457 -8.504589
 O 2.546392 5.145503 3.331451
 O -6.772404 7.023571 -3.152978
 O 0.784445 0.654759 -2.924210
 O -5.373292 -4.685270 -1.042067
 O -3.323665 7.481041 1.969883
 O -1.245672 3.602964 4.951071
 O -3.284219 0.745144 0.264466
 O -1.087576 -1.045868 4.625779
 O 2.705590 1.944540 5.597348
 O -4.996797 1.154689 2.124138
 O 3.510910 5.118602 -2.085030
 O 0.363696 -6.227670 -2.800359
 O -5.579298 4.456512 -4.166547
 O 6.663568 1.357059 8.584865
 O -0.722158 1.582547 2.050662
 O 0.390150 -1.748617 -3.228702
 O -0.019680 -4.209053 -5.099340
 O 6.843150 -5.927769 4.101349
 O 3.568654 -2.282435 1.928806
 O 6.430769 -1.482328 3.328051
 O 1.263336 3.378993 -4.240988
 O 0.273541 -8.089379 -0.559904
 O -4.961823 -2.664088 -7.192093
 O -4.694651 3.122291 -1.801031
 O 4.275198 4.097909 -4.919147
 O 0.918441 -1.071844 -0.451623
 O -5.458980 -3.690989 1.829672
 O 2.754157 2.360002 2.922847
 H -6.468215 -2.108933 -0.744482
 H -5.666870 -2.495000 0.564734
 H 2.583570 -1.566987 7.199668
 H 3.846197 -2.488650 6.707964
 H -6.327211 7.625158 -4.569085
 H -5.702920 8.675154 -5.542731
 H 3.730558 3.335119 -0.390760
 H 2.678737 2.884251 -1.445606
 H -4.089654 -0.436097 4.308577
 H -4.612655 0.842110 4.819182
 H 0.487789 6.592079 6.094143
 H 0.217853 5.618849 4.844499
 H -2.279569 -6.279026 -3.441063
 H -3.419072 -5.265570 -2.903933
 H 4.083993 1.042057 5.518812
 H 4.862963 -0.428528 5.513373
 H -2.846625 -6.881939 7.322912
 H -1.439555 -7.046572 6.671411
 H 1.352429 -1.708393 3.505089
 H 2.381128 -2.688141 4.300880
 H 1.431975 -5.115325 2.261438
 H 0.861065 -5.732222 0.985021
 H -1.994268 -4.681199 5.739114
 H -2.008818 -3.502544 4.813104
 H -2.159003 -7.965113 0.004706
 H -2.727784 -7.097388 -1.263323
 H -2.810001 -2.194000 -3.912653
 H -3.056680 -3.175621 -5.252966
 H 2.903755 -3.829185 -1.464482
 H 2.543825 -4.652677 -0.174897
 H -1.300242 2.498423 -2.890246
 H -0.523274 3.188323 -1.589425
 H -2.465962 -2.915383 0.847138
 H -1.204398 -2.029416 0.664572
 H 0.216147 -3.551636 3.629803
 H -0.697930 -3.969257 2.403006
 H 3.071475 -4.055362 -3.694333
 H 1.924144 -3.321699 -3.045540
 H 5.869531 4.918624 1.100312
 H 6.863700 4.030433 0.316113
 H 4.141825 -4.771625 5.086401
 H 5.294855 -4.129377 5.763078
 H -1.160086 -0.902812 -3.243595
 H -2.115080 -0.068508 -4.148020
 H -0.233018 2.202792 -4.572967
 H -1.701188 1.833971 -5.111593
 H 6.274121 0.484106 -1.637070
 H 5.048086 1.177490 -0.886793
 H 4.330744 1.161072 -3.016428
 H 3.501218 1.931875 -4.025431
 H -4.025624 5.044626 -7.646723
 H -5.130519 4.020861 -7.966814
 H 3.937544 -6.617330 0.357408
 H 5.279759 -5.878341 0.038840
 H 0.428379 -0.350949 -6.360521
 H 1.777950 0.362101 -6.119858
 H -3.249469 1.017716 -6.229788
 H -3.644062 2.348941 -5.329976
 H 0.066427 -0.087365 2.308272
 H 0.461812 -1.130695 1.208895
 H 7.342413 -2.241883 -3.906890
 H 5.863998 -2.069103 -4.245400
 H 4.143944 -0.544860 -1.235086
 H 3.946553 -1.520706 -0.028363
 H -1.160240 5.760388 2.847931
 H -1.339626 4.308161 3.417543
 H -3.387480 -0.496795 -2.204472
 H -4.916372 -0.914068 -2.118276
 H -1.621202 -6.001687 -0.153809
 H -1.115968 -4.446554 -0.207513
 H 5.791563 3.306948 -7.811602
 H 5.331364 2.997821 -9.252257
 H 3.487549 5.126421 3.554840
 H 2.331711 5.309013 2.396575
 H -5.929721 6.589065 -3.107024
 H -6.383660 7.937190 -3.078101
 H 0.228433 1.352366 -2.493733
 H 1.733773 0.901167 -2.999390
 H -4.726102 -4.059500 -0.582720
 H -4.792791 -5.421019 -1.341263
 H -3.007385 6.565530 1.803240
 H -2.830032 7.756394 2.769072
 H -2.057995 3.058357 4.892212
 H -0.657409 3.194359 5.647765
 H -2.409703 0.314429 0.276474
 H -3.785689 0.332373 -0.474686
 H -1.829110 -0.405176 4.612507
 H -1.017287 -1.360483 3.683689
 H 2.277142 2.414585 4.799874
 H 2.100734 2.187686 6.334415
 H -5.618344 0.377755 2.113637
 H -4.274298 0.953144 1.477076
 H 3.934709 5.810894 -2.630537
 H 2.608880 4.937796 -2.414566
 H 1.221401 -5.941355 -2.445482
 H 0.214865 -7.167920 -2.615080
 H -5.234064 3.800354 -4.789921
 H -5.599328 4.049119 -3.254829
 H 7.459882 0.820934 8.688187
 H 6.353476 1.087205 7.704683
 H -1.266255 2.078450 1.372469
 H -0.860662 1.935536 2.930600
 H 0.386652 -1.832818 -2.253897
 H 1.040322 -1.040708 -3.406375
 H -0.418551 -3.319593 -4.991699
 H -0.212989 -4.765525 -4.312142
 H 6.482172 -5.901996 5.023252
 H 6.449051 -6.668315 3.605485
 H 4.402309 -2.675745 2.147860
 H 2.918872 -2.904998 1.594949
 H 6.659795 -1.912528 2.459789
 H 5.521354 -1.780078 3.402238
 H 2.250826 3.499532 -4.381540
 H 0.968751 4.127386 -4.805213
 H 1.175489 -8.386115 -0.246975
 H 0.027254 -7.194021 -0.208735
 H -4.592156 -3.510933 -7.518421
 H -5.306243 -2.206865 -8.016986
 H -4.631968 3.265520 -0.836941
 H -4.910266 2.165732 -1.808550
 H 5.208466 4.000027 -4.596362
 H 4.384860 5.062832 -4.998697
 H 1.858084 -1.372487 -0.616424
 H 0.842987 -0.187133 -0.894090
 H -4.893673 -4.428767 2.198054
 H -6.391440 -3.940753 1.707577
 H 2.949160 1.488512 2.536704
 H 2.787287 3.007965 2.192690
K_POINTS
 1
0.0 0.0 0.0 1.0