
&control
    calculation='scf'
    pseudo_dir = './',
    outdir='./outputs',
    disk_io='high'
/
&system
    ibrav= 1, celldm(1)=20.000000, nat=  192, ntyp= 2,
    ecutwfc = 30.0, nosym=.true., occupations='smearing',
    smearing='m-v', degauss=0.025
/
&electrons
    conv_thr =  1.0d-8,
    mixing_beta = 0.7
/
&ions
    pot_extrapolation='second-order'
    wfc_extrapolation='second-order'
    ion_temperature = 'andersen'
    tempw = 1000

/
ATOMIC_SPECIES
 H  1.01  H.blyp-hgh.UPF
 O  16.0  O.blyp-hgh.UPF
ATOMIC_POSITIONS bohr
 O -5.922807 -1.740047 -0.022770
 O 3.539320 -1.609284 7.015577
 O -6.015867 7.743437 -5.476789
 O 2.893364 2.806274 -0.480625
 O -3.763346 0.377711 4.706969
 O 0.479902 5.655253 5.784266
 O -3.092615 -6.179704 -2.881563
 O 4.859485 0.474603 5.251705
 O -2.027974 -6.375971 7.101064
 O 1.442248 -2.536236 4.077276
 O 1.674142 -5.788109 1.586475
 O -2.632795 -4.128136 5.253219
 O -2.638710 -7.160593 -0.255706
 O -3.158000 -3.044672 -4.284203
 O 3.100178 -3.947831 -0.520136
 O -1.050451 2.412052 -1.950303
 O -1.889574 -2.547083 0.156264
 O -0.576666 -4.134506 3.344715
 O 2.195572 -4.246290 -3.262117
 O 6.078241 3.990442 0.873467
 O 4.488681 -3.871555 5.243541
 O -2.140055 -0.727927 -3.412037
 O -1.089213 2.541967 -4.875000
 O 5.318233 0.705308 -1.715014
 O 3.429700 1.160798 -3.415798
 O -4.400129 4.181875 -7.326850
 O 4.607264 -6.022491 0.745116
 O 0.991192 0.037166 -5.646634
 O -3.326144 1.431752 -5.308249
 O 0.247132 -1.054074 2.178972
 O 6.449827 -2.225188 -3.482398
 O 3.655762 -1.347171 -0.950754
 O -1.429845 4.869868 2.569955
 O -4.288788 -0.187486 -1.913958
 O -0.858072 -5.372464 0.000268
 O 5.179019 3.602107 -8.502221
 O 2.546153 5.142156 3.328461
 O -6.772533 7.024788 -3.155427
 O 0.785346 0.653368 -2.922177
 O -5.373803 -4.683721 -1.038943
 O -3.323525 7.479891 1.968010
 O -1.244488 3.603162 4.950376
 O -3.282995 0.747339 0.264694
 O -1.086555 -1.046553 4.627393
 O 2.706378 1.944444 5.600693
 O -4.994053 1.154415 2.124195
 O 3.509541 5.118126 -2.085046
 O 0.361795 -6.229288 -2.800031
 O -5.577685 4.456901 -4.165647
 O 6.663090 1.353724 8.587481
 O -0.723035 1.582740 2.052682
 O 0.387556 -1.746943 -3.229784
 O -0.019209 -4.209751 -5.097587
 O 6.842622 -5.928531 4.101701
 O 3.570410 -2.279405 1.931124
 O 6.429190 -1.483269 3.328064
 O 1.264300 3.378973 -4.240922
 O 0.273343 -8.088318 -0.561636
 O -4.961730 -2.664214 -7.193411
 O -4.693692 3.124563 -1.803576
 O 4.270989 4.096597 -4.919936
 O 0.916684 -1.071322 -0.453670
 O -5.459928 -3.692052 1.829356
 O 2.755066 2.360394 2.923230
 H -6.467315 -2.110933 -0.744695
 H -5.669016 -2.492370 0.567125
 H 2.583304 -1.573722 7.202137
 H 3.847484 -2.483815 6.706973
 H -6.323834 7.622263 -4.571503
 H -5.714252 8.676263 -5.545472
 H 3.732315 3.332702 -0.391570
 H 2.682871 2.896787 -1.445730
 H -4.089771 -0.437325 4.307608
 H -4.608540 0.842146 4.819476
 H 0.481713 6.594323 6.090749
 H 0.217533 5.621602 4.845217
 H -2.276084 -6.273462 -3.437532
 H -3.417456 -5.265400 -2.904880
 H 4.088661 1.042098 5.523143
 H 4.865012 -0.428695 5.515378
 H -2.845773 -6.881762 7.320006
 H -1.436385 -7.050495 6.677132
 H 1.356017 -1.704455 3.505422
 H 2.382730 -2.688790 4.301107
 H 1.429447 -5.115141 2.259750
 H 0.853849 -5.728041 0.989562
 H -1.994599 -4.684291 5.742022
 H -2.009457 -3.497608 4.814390
 H -2.159719 -7.965347 0.006487
 H -2.720180 -7.092934 -1.265825
 H -2.812286 -2.194327 -3.912860
 H -3.056008 -3.175058 -5.251962
 H 2.901863 -3.834551 -1.463052
 H 2.546919 -4.657110 -0.177749
 H -1.296157 2.501300 -2.888361
 H -0.526230 3.189047 -1.589249
 H -2.463964 -2.918110 0.849247
 H -1.201388 -2.029742 0.658277
 H 0.210663 -3.549341 3.636947
 H -0.694319 -3.971397 2.403309
 H 3.071184 -4.049893 -3.688946
 H 1.921107 -3.323678 -3.042437
 H 5.874233 4.915137 1.102905
 H 6.862927 4.032517 0.314128
 H 4.136392 -4.773115 5.092968
 H 5.296060 -4.127422 5.759277
 H -1.159761 -0.897518 -3.239316
 H -2.115301 -0.071808 -4.151333
 H -0.227646 2.206829 -4.575393
 H -1.695778 1.830134 -5.115306
 H 6.273476 0.473934 -1.645824
 H 5.055182 1.178503 -0.891374
 H 4.335197 1.163800 -3.021144
 H 3.505062 1.930809 -4.024564
 H -4.028013 5.044838 -7.647917
 H -5.131357 4.024994 -7.968737
 H 3.935111 -6.610939 0.351311
 H 5.282743 -5.876401 0.041567
 H 0.428403 -0.351353 -6.363828
 H 1.778093 0.360101 -6.120480
 H -3.238486 1.021271 -6.226152
 H -3.637788 2.350966 -5.333448
 H 0.060872 -0.087211 2.310467
 H 0.460329 -1.131799 1.204612
 H 7.343002 -2.239974 -3.905642
 H 5.870095 -2.068642 -4.250378
 H 4.138832 -0.541933 -1.235875
 H 3.950378 -1.519876 -0.028766
 H -1.164105 5.761375 2.841663
 H -1.341065 4.308716 3.414640
 H -3.388188 -0.494584 -2.211031
 H -4.917647 -0.912971 -2.117445
 H -1.626174 -6.000650 -0.150915
 H -1.113308 -4.445612 -0.212110
 H 5.798551 3.310208 -7.816118
 H 5.337970 3.005141 -9.253249
 H 3.488186 5.135101 3.549248
 H 2.329726 5.308875 2.395202
 H -5.928775 6.591221 -3.108465
 H -6.390662 7.941541 -3.079226
 H 0.225688 1.349649 -2.492769
 H 1.732508 0.905396 -2.996045
 H -4.720463 -4.064101 -0.578989
 H -4.792842 -5.415128 -1.348686
 H -3.005178 6.566161 1.799874
 H -2.831817 7.760855 2.768007
 H -2.055524 3.055683 4.892737
 H -0.654341 3.196910 5.648038
 H -2.408242 0.317785 0.284719
 H -3.784999 0.332955 -0.473932
 H -1.831988 -0.408456 4.618306
 H -1.016610 -1.349649 3.681500
 H 2.278468 2.419866 4.807822
 H 2.095523 2.189969 6.333791
 H -5.622351 0.383144 2.113145
 H -4.272401 0.951311 1.475097
 H 3.927307 5.811646 -2.636700
 H 2.606336 4.932873 -2.412405
 H 1.219724 -5.950759 -2.440950
 H 0.207236 -7.168507 -2.614811
 H -5.233591 3.799993 -4.786053
 H -5.602569 4.046384 -3.258087
 H 7.459416 0.819588 8.688940
 H 6.353920 1.091501 7.705168
 H -1.263415 2.076212 1.371769
 H -0.858466 1.938951 2.931392
 H 0.384416 -1.831857 -2.254030
 H 1.037102 -1.039224 -3.406231
 H -0.417644 -3.320197 -4.999348
 H -0.210575 -4.762342 -4.306774
 H 6.482562 -5.905548 5.023477
 H 6.446272 -6.668739 3.606634
 H 4.402611 -2.676797 2.151585
 H 2.918473 -2.900675 1.594693
 H 6.667360 -1.918376 2.465555
 H 5.522130 -1.785672 3.401433
 H 2.252022 3.506395 -4.382348
 H 0.967884 4.123389 -4.807712
 H 1.174002 -8.388809 -0.249483
 H 0.038598 -7.190329 -0.211669
 H -4.594182 -3.512182 -7.518081
 H -5.304313 -2.205663 -8.018610
 H -4.631271 3.268885 -0.838805
 H -4.911585 2.167758 -1.810724
 H 5.205257 3.996794 -4.601605
 H 4.381706 5.062411 -4.998393
 H 1.858086 -1.371109 -0.612605
 H 0.845084 -0.183246 -0.885818
 H -4.897206 -4.427002 2.202582
 H -6.393732 -3.942653 1.708519
 H 2.951118 1.488259 2.535429
 H 2.789815 3.002815 2.189959
K_POINTS
 1
0.0 0.0 0.0 1.0