
&control
    calculation='scf'
    pseudo_dir = './',
    outdir='./outputs',
    disk_io='high'
/
&system
    ibrav= 1, celldm(1)=20.000000, nat=  192, ntyp= 2,
    ecutwfc = 30.0, nosym=.true., occupations='smearing',
    smearing='m-v', degauss=0.025
/
&electrons
    conv_thr =  1.0d-8,
    mixing_beta = 0.7
/
&ions
    pot_extrapolation='second-order'
    wfc_extrapolation='second-order'
    ion_temperature = 'andersen'
    tempw = 1000

/
ATOMIC_SPECIES
 H  1.01  H.blyp-hgh.UPF
 O  16.0  O.blyp-hgh.UPF
ATOMIC_POSITIONS bohr
 O -5.904598 -1.731087 -0.034239
 O 3.543548 -1.602691 7.063353
 O -6.024232 7.739628 -5.505522
 O 2.868530 2.802222 -0.476831
 O -3.753845 0.347680 4.702169
 O 0.475216 5.668896 5.797156
 O -3.097718 -6.205670 -2.884628
 O 4.885233 0.462111 5.270442
 O -2.024930 -6.391235 7.088874
 O 1.429843 -2.509056 4.087906
 O 1.647792 -5.789126 1.558127
 O -2.612999 -4.126111 5.264256
 O -2.633138 -7.168287 -0.275779
 O -3.167707 -3.044646 -4.279265
 O 3.102164 -3.965944 -0.491110
 O -1.058123 2.409348 -1.923464
 O -1.909067 -2.552210 0.142922
 O -0.576947 -4.122103 3.354864
 O 2.192225 -4.254267 -3.288750
 O 6.105666 3.966574 0.859712
 O 4.477629 -3.894614 5.237770
 O -2.133079 -0.711076 -3.413274
 O -1.063534 2.525031 -4.867399
 O 5.333454 0.663733 -1.752284
 O 3.448043 1.161616 -3.408193
 O -4.384413 4.182169 -7.348413
 O 4.603224 -6.025009 0.739915
 O 0.967520 0.045917 -5.668525
 O -3.331660 1.428731 -5.300576
 O 0.265654 -1.051418 2.173524
 O 6.455317 -2.206052 -3.469110
 O 3.643053 -1.317355 -0.950347
 O -1.433119 4.871162 2.563148
 O -4.289050 -0.194184 -1.920528
 O -0.878063 -5.381503 0.004515
 O 5.158318 3.621391 -8.476325
 O 2.542965 5.103856 3.298776
 O -6.774754 7.041085 -3.182204
 O 0.795247 0.639004 -2.898260
 O -5.375874 -4.665769 -1.003468
 O -3.320705 7.467445 1.948200
 O -1.231118 3.603756 4.942594
 O -3.267829 0.772376 0.268064
 O -1.076515 -1.053609 4.644116
 O 2.710919 1.945894 5.637179
 O -4.966432 1.150851 2.125836
 O 3.494170 5.113131 -2.084639
 O 0.339637 -6.246626 -2.798007
 O -5.561308 4.462412 -4.154795
 O 6.656787 1.318209 8.614673
 O -0.732597 1.583697 2.072072
 O 0.358550 -1.732384 -3.241509
 O -0.014027 -4.218262 -5.079771
 O 6.837146 -5.936021 4.105613
 O 3.588495 -2.242111 1.956847
 O 6.412116 -1.491842 3.324289
 O 1.279119 3.380510 -4.241397
 O 0.272387 -8.076815 -0.580186
 O -4.960088 -2.666233 -7.206607
 O -4.683794 3.148801 -1.830155
 O 4.225239 4.083294 -4.928696
 O 0.897028 -1.066351 -0.475997
 O -5.472665 -3.701697 1.825166
 O 2.765030 2.363196 2.926761
 H -6.457540 -2.134739 -0.742279
 H -5.691301 -2.463823 0.585772
 H 2.579779 -1.653248 7.224095
 H 3.849067 -2.439059 6.688830
 H -6.298255 7.578682 -4.590124
 H -5.828054 8.688140 -5.580783
 H 3.738547 3.298845 -0.400136
 H 2.732188 3.026905 -1.436027
 H -4.090672 -0.463816 4.293816
 H -4.570289 0.851101 4.818369
 H 0.413102 6.617809 6.050974
 H 0.219730 5.654768 4.856443
 H -2.245453 -6.202295 -3.400259
 H -3.388124 -5.260529 -2.923635
 H 4.139186 1.026621 5.572156
 H 4.871155 -0.450831 5.554689
 H -2.837089 -6.876394 7.283613
 H -1.402597 -7.083780 6.740818
 H 1.398150 -1.682081 3.516972
 H 2.390091 -2.691853 4.299482
 H 1.408571 -5.121523 2.245162
 H 0.787256 -5.685231 1.046573
 H -2.003011 -4.722938 5.775686
 H -2.024093 -3.450453 4.832443
 H -2.166294 -7.970634 0.021089
 H -2.637853 -7.050067 -1.278366
 H -2.827978 -2.195160 -3.929113
 H -3.044994 -3.161501 -5.241986
 H 2.878987 -3.897930 -1.449256
 H 2.575264 -4.718434 -0.204590
 H -1.252535 2.543944 -2.873915
 H -0.566212 3.192772 -1.594582
 H -2.442479 -2.948236 0.872437
 H -1.180308 -2.041554 0.582413
 H 0.146255 -3.527998 3.711171
 H -0.652628 -3.991527 2.396519
 H 3.061955 -3.997218 -3.629775
 H 1.875711 -3.351499 -3.016364
 H 5.918509 4.884447 1.131170
 H 6.862562 4.058265 0.289071
 H 4.070633 -4.783361 5.162195
 H 5.311681 -4.104050 5.720350
 H -1.158530 -0.846085 -3.195809
 H -2.124190 -0.110898 -4.180042
 H -0.161971 2.242728 -4.604520
 H -1.642250 1.780050 -5.153685
 H 6.259952 0.366502 -1.739884
 H 5.140575 1.186799 -0.946096
 H 4.382449 1.183247 -3.065223
 H 3.541825 1.914072 -4.016886
 H -4.058122 5.043601 -7.656139
 H -5.130188 4.071646 -7.986360
 H 3.910756 -6.536504 0.279870
 H 5.304977 -5.851685 0.071675
 H 0.433239 -0.355028 -6.395834
 H 1.782232 0.339202 -6.132226
 H -3.131277 1.065058 -6.184069
 H -3.567881 2.372278 -5.378735
 H 0.000032 -0.092404 2.325369
 H 0.450586 -1.136613 1.164780
 H 7.354707 -2.227536 -3.888460
 H 5.930084 -2.056968 -4.297630
 H 4.087621 -0.506587 -1.248342
 H 3.989260 -1.511215 -0.037976
 H -1.200992 5.779113 2.777237
 H -1.354203 4.328638 3.372788
 H -3.398003 -0.466957 -2.291385
 H -4.927613 -0.907224 -2.106538
 H -1.681110 -5.983572 -0.115763
 H -1.084400 -4.443842 -0.262030
 H 5.866495 3.339424 -7.859819
 H 5.409510 3.084150 -9.266656
 H 3.497257 5.226179 3.478460
 H 2.315709 5.317772 2.379135
 H -5.906023 6.589516 -3.125398
 H -6.482994 7.990327 -3.073769
 H 0.199724 1.323082 -2.480727
 H 1.721313 0.960848 -2.959007
 H -4.676980 -4.128879 -0.545481
 H -4.797507 -5.347469 -1.423990
 H -2.981248 6.572672 1.763320
 H -2.852850 7.803930 2.757468
 H -2.025490 3.029624 4.905123
 H -0.636381 3.229237 5.644975
 H -2.396539 0.353157 0.373844
 H -3.775901 0.333492 -0.469897
 H -1.860442 -0.449500 4.682746
 H -1.004003 -1.227029 3.668829
 H 2.314988 2.465228 4.899243
 H 2.047937 2.212848 6.327128
 H -5.653538 0.453542 2.107640
 H -4.254430 0.928354 1.454138
 H 3.840607 5.814821 -2.700983
 H 2.586705 4.885033 -2.393420
 H 1.202187 -6.052928 -2.391209
 H 0.128712 -7.176222 -2.606128
 H -5.222457 3.788919 -4.746023
 H -5.628002 4.010947 -3.297357
 H 7.466746 0.799486 8.699591
 H 6.354382 1.137863 7.705378
 H -1.225523 2.048496 1.382473
 H -0.840177 1.990139 2.946018
 H 0.362186 -1.817432 -2.254464
 H 0.994496 -1.013298 -3.404629
 H -0.406327 -3.333591 -5.074862
 H -0.183924 -4.717453 -4.250531
 H 6.489550 -5.947579 5.017301
 H 6.408655 -6.673140 3.625786
 H 4.409752 -2.707477 2.190083
 H 2.921591 -2.865430 1.588430
 H 6.756223 -1.983333 2.537551
 H 5.513726 -1.844904 3.404066
 H 2.254061 3.576792 -4.384327
 H 0.948799 4.083116 -4.836416
 H 1.146989 -8.413582 -0.276827
 H 0.168560 -7.156379 -0.247815
 H -4.612145 -3.523878 -7.509323
 H -5.285873 -2.198415 -8.027037
 H -4.615831 3.307073 -0.866123
 H -4.924046 2.195305 -1.842751
 H 5.171853 3.950920 -4.654717
 H 4.332098 5.059392 -5.000139
 H 1.859491 -1.346857 -0.571548
 H 0.871721 -0.144837 -0.797933
 H -4.936916 -4.411074 2.247358
 H -6.411505 -3.976778 1.723410
 H 2.970978 1.488302 2.523154
 H 2.814570 2.948343 2.161776
K_POINTS
 1
0.0 0.0 0.0 1.0