
&control
    calculation='scf'
    pseudo_dir = './',
    outdir='./outputs',
    disk_io='high'
/
&system
    ibrav= 1, celldm(1)=20.000000, nat=  192, ntyp= 2,
    ecutwfc = 30.0, nosym=.true., occupations='smearing',
    smearing='m-v', degauss=0.025
/
&electrons
    conv_thr =  1.0d-8,
    mixing_beta = 0.7
/
&ions
    pot_extrapolation='second-order'
    wfc_extrapolation='second-order'
    ion_temperature = 'andersen'
    tempw = 1000

/
ATOMIC_SPECIES
 H  1.01  H.blyp-hgh.UPF
 O  16.0  O.blyp-hgh.UPF
ATOMIC_POSITIONS bohr
 O -5.902982 -1.730273 -0.035326
 O 3.544043 -1.601980 7.067791
 O -6.024867 7.739337 -5.508485
 O 2.866467 2.802064 -0.476632
 O -3.752857 0.344981 4.701795
 O 0.474788 5.670147 5.798382
 O -3.098181 -6.208003 -2.884779
 O 4.887880 0.461311 5.271952
 O -2.024574 -6.392774 7.087744
 O 1.428913 -2.506482 4.088880
 O 1.645004 -5.788935 1.555277
 O -2.611071 -4.125835 5.265283
 O -2.632791 -7.168945 -0.277755
 O -3.168801 -3.044824 -4.278684
 O 3.102364 -3.967441 -0.488505
 O -1.058796 2.409024 -1.920935
 O -1.910738 -2.552644 0.141798
 O -0.576951 -4.121037 3.355843
 O 2.192076 -4.254782 -3.291040
 O 6.108006 3.964311 0.858576
 O 4.476493 -3.896745 5.237169
 O -2.132348 -0.709479 -3.413365
 O -1.061137 2.523660 -4.866680
 O 5.334737 0.660003 -1.755449
 O 3.449797 1.161892 -3.407606
 O -4.383006 4.182086 -7.350420
 O 4.603037 -6.025269 0.739506
 O 0.965287 0.046610 -5.670612
 O -3.332109 1.428350 -5.299802
 O 0.267270 -1.051086 2.172916
 O 6.455843 -2.204321 -3.468096
 O 3.641793 -1.314791 -0.950157
 O -1.433505 4.871151 2.562410
 O -4.289080 -0.194760 -1.921171
 O -0.879720 -5.382161 0.004965
 O 5.156632 3.623184 -8.474014
 O 2.542685 5.100250 3.296365
 O -6.774945 7.042770 -3.184610
 O 0.796140 0.637827 -2.895938
 O -5.375743 -4.664109 -1.000179
 O -3.320338 7.466394 1.946504
 O -1.229883 3.603666 4.941869
 O -3.266333 0.774732 0.268428
 O -1.075747 -1.054175 4.645541
 O 2.710956 1.946239 5.640562
 O -4.964099 1.150522 2.126068
 O 3.492730 5.112744 -2.084607
 O 0.337530 -6.248170 -2.797955
 O -5.559958 4.463058 -4.153787
 O 6.656118 1.315099 8.616980
 O -0.733400 1.583627 2.073714
 O 0.355863 -1.731429 -3.242510
 O -0.013531 -4.219157 -5.078299
 O 6.836679 -5.936649 4.105921
 O 3.590059 -2.238483 1.959189
 O 6.410573 -1.492459 3.323634
 O 1.280842 3.380817 -4.241548
 O 0.272399 -8.075774 -0.581831
 O -4.959885 -2.666465 -7.207661
 O -4.682959 3.150931 -1.832441
 O 4.221152 4.082219 -4.929500
 O 0.895233 -1.066018 -0.477971
 O -5.474080 -3.702386 1.824716
 O 2.765948 2.363238 2.927008
 H -6.456510 -2.136929 -0.741496
 H -5.693143 -2.461312 0.586843
 H 2.579518 -1.660789 7.225642
 H 3.848364 -2.436085 6.686388
 H -6.296942 7.573703 -4.591145
 H -5.837230 8.689513 -5.584386
 H 3.737813 3.294969 -0.400481
 H 2.736673 3.037752 -1.434196
 H -4.090765 -0.467147 4.292335
 H -4.567560 0.852657 4.817885
 H 0.406800 6.619937 6.047485
 H 0.220415 5.657799 4.857665
 H -2.243432 -6.195280 -3.397001
 H -3.384494 -5.260312 -2.925914
 H 4.143502 1.023951 5.576780
 H 4.870273 -0.454114 5.559654
 H -2.836870 -6.875910 7.280097
 H -1.399708 -7.085821 6.746623
 H 1.402077 -1.681835 3.518634
 H 2.389241 -2.691691 4.298871
 H 1.407549 -5.122903 2.244270
 H 0.782189 -5.681844 1.051942
 H -2.004369 -4.726401 5.778507
 H -2.026044 -3.447120 4.834652
 H -2.166735 -7.971261 0.021862
 H -2.630601 -7.046883 -1.278291
 H -2.828425 -2.194798 -3.931627
 H -3.043713 -3.159708 -5.241322
 H 2.876956 -3.903905 -1.447826
 H 2.577347 -4.725165 -0.206348
 H -1.248793 2.548558 -2.873079
 H -0.570168 3.193062 -1.595337
 H -2.440276 -2.950792 0.874278
 H -1.179494 -2.043357 0.575063
 H 0.140406 -3.526129 3.717400
 H -0.648541 -3.992969 2.395303
 H 3.061297 -3.992962 -3.624773
 H 1.870535 -3.354750 -3.014795
 H 5.921763 4.882267 1.133730
 H 6.863658 4.060816 0.286181
 H 4.064302 -4.783712 5.168313
 H 5.313236 -4.102006 5.717022
 H -1.158596 -0.842069 -3.192280
 H -2.125482 -0.114402 -4.182238
 H -0.155666 2.245187 -4.607456
 H -1.637386 1.775285 -5.156653
 H 6.258475 0.357179 -1.748135
 H 5.149024 1.187276 -0.951337
 H 4.386367 1.183860 -3.068410
 H 3.544452 1.912437 -4.016707
 H -4.060788 5.043793 -7.656560
 H -5.129124 4.075843 -7.987546
 H 3.908809 -6.529412 0.272996
 H 5.306078 -5.849151 0.074363
 H 0.433984 -0.355333 -6.398406
 H 1.782647 0.337346 -6.133554
 H -3.122726 1.069057 -6.180797
 H -3.561373 2.374037 -5.383363
 H -0.005254 -0.093763 2.325691
 H 0.450164 -1.136224 1.162437
 H 7.356268 -2.227240 -3.886405
 H 5.934988 -2.055366 -4.300765
 H 4.083615 -0.502848 -1.249877
 H 3.992407 -1.510323 -0.039570
 H -1.203765 5.781482 2.771990
 H -1.355048 4.331319 3.368939
 H -3.399162 -0.464180 -2.299332
 H -4.928161 -0.907483 -2.105426
 H -1.685927 -5.981520 -0.112266
 H -1.081799 -4.444784 -0.266372
 H 5.871634 3.341657 -7.863254
 H 5.415623 3.091468 -9.267943
 H 3.497891 5.234052 3.471223
 H 2.314997 5.319522 2.377553
 H -5.903728 6.587847 -3.127041
 H -6.492500 7.994515 -3.071768
 H 0.197839 1.320805 -2.479583
 H 1.720547 0.966583 -2.955645
 H -4.674541 -4.135573 -0.542804
 H -4.798503 -5.341112 -1.430274
 H -2.978980 6.573078 1.760149
 H -2.854966 7.806990 2.756265
 H -2.022482 3.027609 4.906797
 H -0.636079 3.232491 5.644210
 H -2.395896 0.356108 0.381672
 H -3.774610 0.333060 -0.469730
 H -1.862569 -0.453782 4.688742
 H -1.002301 -1.215793 3.668625
 H 2.320096 2.468503 4.907050
 H 2.044739 2.214481 6.326675
 H -5.655425 0.460541 2.107080
 H -4.253284 0.926068 1.452449
 H 3.832230 5.814311 -2.706156
 H 2.585781 4.881246 -2.392038
 H 1.200586 -6.062023 -2.386745
 H 0.121998 -7.176995 -2.604878
 H -5.220781 3.787143 -4.742977
 H -5.629478 4.007126 -3.300403
 H 7.468461 0.797194 8.700678
 H 6.354176 1.141959 7.705057
 H -1.222012 2.046241 1.384468
 H -0.838972 1.995884 2.947462
 H 0.360394 -1.815735 -2.254727
 H 0.990097 -1.009959 -3.404514
 H -0.405354 -3.335092 -5.080811
 H -0.181522 -4.712429 -4.245722
 H 6.490307 -5.951515 5.016418
 H 6.404689 -6.673421 3.628039
 H 4.410071 -2.711570 2.193177
 H 2.922950 -2.862859 1.587800
 H 6.764551 -1.989372 2.544651
 H 5.511819 -1.850033 3.405165
 H 2.253377 3.582572 -4.383872
 H 0.946117 4.079891 -4.839160
 H 1.143954 -8.415646 -0.279211
 H 0.180506 -7.153683 -0.251414
 H -4.613311 -3.524900 -7.508138
 H -5.284552 -2.198214 -8.027029
 H -4.613722 3.310577 -0.869302
 H -4.924974 2.198338 -1.846316
 H 5.168829 3.945957 -4.659178
 H 4.326316 5.058946 -5.000688
 H 1.859645 -1.343837 -0.567967
 H 0.874406 -0.141411 -0.790413
 H -4.940422 -4.410169 2.251064
 H -6.412214 -3.980903 1.725172
 H 2.972559 1.488690 2.522513
 H 2.816529 2.944041 2.159158
K_POINTS
 1
0.0 0.0 0.0 1.0