
&control
    calculation='scf'
    pseudo_dir = './',
    outdir='./outputs',
    disk_io='high'
/
&system
    ibrav= 1, celldm(1)=20.000000, nat=  192, ntyp= 2,
    ecutwfc = 30.0, nosym=.true., occupations='smearing',
    smearing='m-v', degauss=0.025
/
&electrons
    conv_thr =  1.0d-8,
    mixing_beta = 0.7
/
&ions
    pot_extrapolation='second-order'
    wfc_extrapolation='second-order'
    ion_temperature = 'andersen'
    tempw = 1000

/
ATOMIC_SPECIES
 H  1.01  H.blyp-hgh.UPF
 O  16.0  O.blyp-hgh.UPF
ATOMIC_POSITIONS bohr
 O -5.899785 -1.728648 -0.037537
 O 3.545061 -1.600512 7.076717
 O -6.026083 7.738765 -5.514561
 O 2.862455 2.801870 -0.476325
 O -3.750826 0.339579 4.701071
 O 0.473931 5.672669 5.800852
 O -3.099092 -6.212598 -2.885036
 O 4.893333 0.459791 5.274897
 O -2.023790 -6.395901 7.085468
 O 1.427183 -2.501308 4.090856
 O 1.639244 -5.788402 1.549469
 O -2.607161 -4.125256 5.267367
 O -2.632176 -7.170241 -0.281754
 O -3.171091 -3.045269 -4.277463
 O 3.102738 -3.970390 -0.483346
 O -1.060153 2.408324 -1.915889
 O -1.914060 -2.553518 0.139592
 O -0.576983 -4.118961 3.357795
 O 2.191808 -4.255713 -3.295528
 O 6.112609 3.959758 0.856370
 O 4.474147 -3.901010 5.235926
 O -2.130856 -0.706271 -3.413513
 O -1.056322 2.520964 -4.865235
 O 5.337232 0.652568 -1.761678
 O 3.453369 1.162530 -3.406468
 O -4.380217 4.181838 -7.354447
 O 4.602741 -6.025809 0.738727
 O 0.960809 0.047956 -5.674838
 O -3.332995 1.427578 -5.298190
 O 0.270465 -1.050367 2.171625
 O 6.456902 -2.200861 -3.466203
 O 3.639216 -1.309750 -0.949685
 O -1.434329 4.871111 2.560799
 O -4.289126 -0.195884 -1.922477
 O -0.882959 -5.383384 0.005893
 O 5.153400 3.626754 -8.469432
 O 2.542169 5.092989 3.291672
 O -6.775269 7.046200 -3.189403
 O 0.797930 0.635561 -2.891217
 O -5.375342 -4.660816 -0.993603
 O -3.319556 7.464360 1.943177
 O -1.227415 3.603421 4.940396
 O -3.263303 0.779484 0.269167
 O -1.074296 -1.055260 4.648347
 O 2.710859 1.947013 5.647413
 O -4.959487 1.149891 2.126571
 O 3.489826 5.112026 -2.084569
 O 0.333287 -6.251249 -2.797905
 O -5.557329 4.464422 -4.151798
 O 6.654744 1.308931 8.621496
 O -0.734935 1.583384 2.077037
 O 0.350467 -1.729706 -3.244460
 O -0.012513 -4.221027 -5.075438
 O 6.835762 -5.937895 4.106483
 O 3.593171 -2.231180 1.963871
 O 6.407467 -1.493620 3.322190
 O 1.284452 3.381520 -4.241910
 O 0.272456 -8.073681 -0.585104
 O -4.959452 -2.666952 -7.209676
 O -4.681321 3.155158 -1.836959
 O 4.213026 4.080147 -4.931109
 O 0.891654 -1.065423 -0.481881
 O -5.477050 -3.703676 1.823785
 O 2.767794 2.363191 2.927454
 H -6.454325 -2.141259 -0.739623
 H -5.696698 -2.456363 0.588737
 H 2.579115 -1.675908 7.228533
 H 3.846666 -2.430720 6.681081
 H -6.294752 7.563318 -4.593038
 H -5.854946 8.692472 -5.591717
 H 3.735776 3.286817 -0.400735
 H 2.745454 3.058828 -1.430117
 H -4.090951 -0.474026 4.289344
 H -4.562423 0.856041 4.816706
 H 0.394217 6.624215 6.040751
 H 0.222004 5.663733 4.860120
 H -2.239800 -6.181201 -3.390541
 H -3.376851 -5.260210 -2.930652
 H 4.151858 1.018131 5.586145
 H 4.867845 -0.460755 5.570088
 H -2.836958 -6.875102 7.273047
 H -1.394038 -7.089412 6.758194
 H 1.409898 -1.682033 3.522120
 H 2.386641 -2.691142 4.297416
 H 1.406050 -5.126039 2.242768
 H 0.772366 -5.675412 1.062496
 H -2.007432 -4.733079 5.783850
 H -2.030144 -3.441006 4.839405
 H -2.167534 -7.972511 0.023075
 H -2.616268 -7.040936 -1.277698
 H -2.828791 -2.193798 -3.937042
 H -3.041048 -3.155915 -5.240156
 H 2.873035 -3.915849 -1.444713
 H 2.581397 -4.739030 -0.209450
 H -1.241459 2.557985 -2.871502
 H -0.578027 3.193844 -1.596743
 H -2.435608 -2.955717 0.877689
 H -1.178316 -2.047247 0.560268
 H 0.128912 -3.522271 3.729551
 H -0.640156 -3.995631 2.392851
 H 3.060436 -3.984611 -3.615116
 H 1.859686 -3.361659 -3.012089
 H 5.927862 4.878077 1.138822
 H 6.866451 4.065996 0.280045
 H 4.051574 -4.784114 5.180515
 H 5.316327 -4.098092 5.710423
 H -1.158788 -0.834382 -3.185488
 H -2.128243 -0.121212 -4.186609
 H -0.143101 2.249714 -4.613523
 H -1.627364 1.765956 -5.162160
 H 6.255571 0.338763 -1.764453
 H 5.166265 1.188108 -0.961851
 H 4.393893 1.184429 -3.074331
 H 3.549262 1.909303 -4.016795
 H -4.065867 5.044661 -7.657295
 H -5.126592 4.084111 -7.989724
 H 3.905109 -6.515066 0.259104
 H 5.307892 -5.843932 0.079650
 H 0.435531 -0.355974 -6.403457
 H 1.783360 0.333621 -6.136225
 H -3.106165 1.076842 -6.174878
 H -3.548247 2.377377 -5.392768
 H -0.015599 -0.096988 2.325750
 H 0.449496 -1.134986 1.158615
 H 7.359615 -2.227091 -3.881961
 H 5.944562 -2.051916 -4.306244
 H 4.075975 -0.495081 -1.253136
 H 3.998477 -1.508417 -0.043234
 H -1.209029 5.786513 2.761854
 H -1.356504 4.336826 3.361780
 H -3.401671 -0.458508 -2.315473
 H -4.929069 -0.908475 -2.103155
 H -1.695363 -5.977174 -0.105129
 H -1.076631 -4.447303 -0.274903
 H 5.881248 3.346008 -7.869863
 H 5.427470 3.106329 -9.270422
 H 3.498816 5.249564 3.456388
 H 2.313764 5.323459 2.374374
 H -5.899578 6.584242 -3.130386
 H -6.511880 8.002589 -3.067084
 H 0.194334 1.316245 -2.477306
 H 1.719081 0.978304 -2.948936
 H -4.670190 -4.149023 -0.537377
 H -4.800878 -5.328324 -1.442571
 H -2.974341 6.573740 1.753940
 H -2.859310 7.812540 2.753595
 H -2.016362 3.023759 4.910378
 H -0.635995 3.239078 5.642564
 H -2.394822 0.361815 0.397132
 H -3.771622 0.332003 -0.469375
 H -1.866548 -0.462638 4.700830
 H -0.998587 -1.193387 3.668638
 H 2.331035 2.474889 4.921871
 H 2.038966 2.217428 6.325956
 H -5.658935 0.474554 2.105906
 H -4.251333 0.921436 1.449246
 H 3.815265 5.812770 -2.716021
 H 2.584341 4.873923 -2.389415
 H 1.197274 -6.080084 -2.377904
 H 0.108750 -7.178522 -2.602190
 H -5.217084 3.783257 -4.737284
 H -5.632073 3.999153 -3.305848
 H 7.472231 0.792475 8.702842
 H 6.353750 1.150078 7.704381
 H -1.215294 2.042204 1.388506
 H -0.836727 2.007767 2.950088
 H 0.356926 -1.812139 -2.255497
 H 0.981056 -1.002789 -3.404307
 H -0.403514 -3.338073 -5.092202
 H -0.176750 -4.701923 -4.236248
 H 6.491804 -5.959358 5.014789
 H 6.396539 -6.673878 3.632748
 H 4.410153 -2.720110 2.199058
 H 2.926374 -2.857777 1.586632
 H 6.781156 -2.001542 2.559037
 H 5.507801 -1.860086 3.407667
 H 2.251750 3.593776 -4.382668
 H 0.940293 4.073639 -4.844671
 H 1.137862 -8.419854 -0.283863
 H 0.204295 -7.148403 -0.258755
 H -4.615373 -3.526998 -7.505612
 H -5.282154 -2.197975 -8.026714
 H -4.609151 3.317569 -0.875967
 H -4.926732 2.204632 -1.853720
 H 5.162661 3.935746 -4.667957
 H 4.314190 5.057824 -5.001944
 H 1.859911 -1.337421 -0.560915
 H 0.879865 -0.134495 -0.775662
 H -4.947311 -4.408691 2.258324
 H -6.413143 -3.989569 1.728879
 H 2.975588 1.489648 2.521596
 H 2.820294 2.935946 2.153829
K_POINTS
 1
0.0 0.0 0.0 1.0