
&control
    calculation='scf'
    pseudo_dir = './',
    outdir='./outputs',
    disk_io='high'
/
&system
    ibrav= 1, celldm(1)=20.000000, nat=  192, ntyp= 2,
    ecutwfc = 30.0, nosym=.true., occupations='smearing',
    smearing='m-v', degauss=0.025
/
&electrons
    conv_thr =  1.0d-8,
    mixing_beta = 0.7
/
&ions
    pot_extrapolation='second-order'
    wfc_extrapolation='second-order'
    ion_temperature = 'andersen'
    tempw = 1000

/
ATOMIC_SPECIES
 H  1.01  H.blyp-hgh.UPF
 O  16.0  O.blyp-hgh.UPF
ATOMIC_POSITIONS bohr
 O -5.895082 -1.726215 -0.040954
 O 3.546634 -1.598237 7.090226
 O -6.027780 7.737924 -5.524010
 O 2.856715 2.801882 -0.476111
 O -3.747660 0.331450 4.700037
 O 0.472640 5.676513 5.804595
 O -3.100395 -6.219261 -2.885333
 O 4.901915 0.457599 5.279158
 O -2.022420 -6.400688 7.082013
 O 1.424921 -2.493521 4.093914
 O 1.630170 -5.787231 1.540518
 O -2.601188 -4.124344 5.270589
 O -2.631451 -7.172148 -0.287821
 O -3.174775 -3.046151 -4.275497
 O 3.103195 -3.974758 -0.475752
 O -1.062244 2.407133 -1.908415
 O -1.919027 -2.554873 0.136379
 O -0.577120 -4.116009 3.360659
 O 2.191451 -4.256877 -3.302013
 O 6.119341 3.952891 0.853213
 O 4.470433 -3.907394 5.233949
 O -2.128568 -0.701444 -3.413619
 O -1.049048 2.516992 -4.863063
 O 5.340772 0.641477 -1.770780
 O 3.458899 1.163692 -3.404838
 O -4.376095 4.181246 -7.360503
 O 4.602463 -6.026682 0.737656
 O 0.954091 0.049894 -5.681304
 O -3.334307 1.426436 -5.295603
 O 0.275160 -1.049153 2.169485
 O 6.458517 -2.195674 -3.463724
 O 3.635212 -1.302400 -0.948751
 O -1.435692 4.871082 2.557963
 O -4.289148 -0.197499 -1.924489
 O -0.887633 -5.384984 0.007354
 O 5.148943 3.632043 -8.462684
 O 2.541547 5.081992 3.284926
 O -6.775571 7.051452 -3.196542
 O 0.800647 0.632410 -2.883947
 O -5.374435 -4.655985 -0.983787
 O -3.318270 7.461494 1.938349
 O -1.223737 3.602908 4.938105
 O -3.258687 0.786708 0.270289
 O -1.072338 -1.056763 4.652448
 O 2.710319 1.948340 5.657958
 O -4.952651 1.149051 2.127420
 O 3.485405 5.111097 -2.084591
 O 0.326877 -6.255858 -2.797946
 O -5.553550 4.466620 -4.148917
 O 6.652629 1.299794 8.627999
 O -0.737034 1.582745 2.082232
 O 0.342325 -1.727574 -3.247242
 O -0.010916 -4.224036 -5.071366
 O 6.834428 -5.939752 4.107157
 O 3.597833 -2.220183 1.970882
 O 6.402728 -1.495198 3.319710
 O 1.290230 3.382812 -4.242602
 O 0.272604 -8.070488 -0.589979
 O -4.958732 -2.667739 -7.212444
 O -4.678945 3.161427 -1.843623
 O 4.200963 4.077229 -4.933526
 O 0.886325 -1.064701 -0.487637
 O -5.481840 -3.705410 1.822321
 O 2.770596 2.362795 2.927998
 H -6.450721 -2.147587 -0.736079
 H -5.701665 -2.449152 0.591051
 H 2.578926 -1.698534 7.232399
 H 3.843489 -2.423982 6.672121
 H -6.292457 7.546828 -4.595831
 H -5.879920 8.697378 -5.602916
 H 3.731550 3.273660 -0.399796
 H 2.757965 3.088791 -1.423054
 H -4.091194 -0.484560 4.284919
 H -4.555339 0.861593 4.814361
 H 0.375450 6.630661 6.031433
 H 0.224915 5.672168 4.863717
 H -2.235378 -6.160224 -3.380982
 H -3.364610 -5.261025 -2.938087
 H 4.163551 1.008400 5.600517
 H 4.862639 -0.470190 5.586732
 H -2.838550 -6.874405 7.262493
 H -1.385781 -7.093643 6.775382
 H 1.421458 -1.683684 3.527502
 H 2.380572 -2.689805 4.294705
 H 1.405256 -5.131621 2.241299
 H 0.758125 -5.666693 1.077563
 H -2.012882 -4.742295 5.790989
 H -2.036579 -3.433177 4.847353
 H -2.168528 -7.974272 0.024013
 H -2.595234 -7.033110 -1.275970
 H -2.828024 -2.191619 -3.945995
 H -3.036854 -3.149798 -5.238806
 H 2.867611 -3.933621 -1.439292
 H 2.587427 -4.760467 -0.213047
 H -1.230869 2.572409 -2.869153
 H -0.589464 3.195751 -1.598340
 H -2.427863 -2.962566 0.882031
 H -1.177453 -2.053632 0.538015
 H 0.112356 -3.516037 3.746973
 H -0.627001 -3.999036 2.389467
 H 3.060524 -3.972376 -3.601589
 H 1.842209 -3.373023 -3.009133
 H 5.935991 4.872006 1.146331
 H 6.871961 4.073920 0.270076
 H 4.032448 -4.783976 5.198785
 H 5.320781 -4.092796 5.700612
 H -1.159186 -0.823724 -3.176025
 H -2.132756 -0.130763 -4.193300
 H -0.124638 2.255556 -4.623160
 H -1.611339 1.752752 -5.169190
 H 6.251476 0.311714 -1.788450
 H 5.192972 1.189098 -0.977577
 H 4.404303 1.183591 -3.082048
 H 3.555311 1.905106 -4.018191
 H -4.072676 5.047422 -7.658154
 H -5.121950 4.096082 -7.992598
 H 3.900149 -6.493115 0.237995
 H 5.309775 -5.835704 0.087255
 H 0.437869 -0.357081 -6.410912
 H 1.783989 0.327967 -6.140142
 H -3.082609 1.087786 -6.167782
 H -3.528270 2.381826 -5.407110
 H -0.030466 -0.103058 2.324347
 H 0.448896 -1.131972 1.155136
 H 7.365147 -2.228000 -3.874394
 H 5.958336 -2.046145 -4.312350
 H 4.065422 -0.482828 -1.258437
 H 4.007038 -1.505206 -0.049903
 H -1.216276 5.794534 2.747554
 H -1.358053 4.345110 3.353009
 H -3.405976 -0.449720 -2.340203
 H -4.929922 -0.911178 -2.099629
 H -1.708910 -5.970066 -0.094079
 H -1.069006 -4.452637 -0.287284
 H 5.893856 3.352340 -7.879109
 H 5.444094 3.129318 -9.273759
 H 3.499084 5.272173 3.433326
 H 2.312288 5.330385 2.369680
 H -5.894972 6.578658 -3.135551
 H -6.541629 8.013776 -3.058438
 H 0.189732 1.309339 -2.473937
 H 1.716918 0.996371 -2.938927
 H -4.664599 -4.168956 -0.528708
 H -4.805476 -5.308990 -1.460366
 H -2.967097 6.574345 1.745019
 H -2.866067 7.819344 2.748879
 H -2.007015 3.018407 4.916282
 H -0.636911 3.249038 5.640034
 H -2.393731 0.369830 0.419785
 H -3.765966 0.330002 -0.468661
 H -1.871845 -0.476620 4.719216
 H -0.992227 -1.160045 3.669655
 H 2.349037 2.484405 4.941538
 H 2.031827 2.220992 6.325500
 H -5.663842 0.495283 2.103985
 H -4.249333 0.914385 1.444923
 H 3.789399 5.809129 -2.729523
 H 2.583092 4.863502 -2.385819
 H 1.191872 -6.106812 -2.364956
 H 0.089292 -7.180688 -2.597741
 H -5.210732 3.776799 -4.729721
 H -5.635131 3.986406 -3.312166
 H 7.478414 0.785244 8.705975
 H 6.353207 1.162059 7.703469
 H -1.206319 2.037677 1.394154
 H -0.833699 2.026367 2.953008
 H 0.352016 -1.806247 -2.257323
 H 0.966851 -0.990875 -3.404057
 H -0.401068 -3.342377 -5.108001
 H -0.169690 -4.685072 -4.222351
 H 6.493942 -5.970951 5.012998
 H 6.383826 -6.674257 3.640242
 H 4.408545 -2.733451 2.207017
 H 2.933359 -2.850075 1.585198
 H 6.805710 -2.020020 2.581042
 H 5.501730 -1.874531 3.412038
 H 2.248941 3.609699 -4.380193
 H 0.930496 4.064660 -4.852881
 H 1.128973 -8.426577 -0.290473
 H 0.239565 -7.140735 -0.270126
 H -4.617762 -3.530343 -7.501475
 H -5.279252 -2.197929 -8.025621
 H -4.601405 3.327986 -0.886604
 H -4.929141 2.214536 -1.865452
 H 5.152960 3.919877 -4.680816
 H 4.294717 5.055484 -5.004185
 H 1.860149 -1.326923 -0.550646
 H 0.888211 -0.123985 -0.754258
 H -4.957288 -4.407282 2.268818
 H -6.413397 -4.003519 1.734856
 H 2.979805 1.491434 2.521212
 H 2.825540 2.925184 2.145627
K_POINTS
 1
0.0 0.0 0.0 1.0