
&control
    calculation='scf'
    pseudo_dir = './',
    outdir='./outputs',
    disk_io='high'
/
&system
    ibrav= 1, celldm(1)=20.000000, nat=  192, ntyp= 2,
    ecutwfc = 30.0, nosym=.true., occupations='smearing',
    smearing='m-v', degauss=0.025
/
&electrons
    conv_thr =  1.0d-8,
    mixing_beta = 0.7
/
&ions
    pot_extrapolation='second-order'
    wfc_extrapolation='second-order'
    ion_temperature = 'andersen'
    tempw = 1000

/
ATOMIC_SPECIES
 H  1.01  H.blyp-hgh.UPF
 O  16.0  O.blyp-hgh.UPF
ATOMIC_POSITIONS bohr
 O -5.893541 -1.725405 -0.042121
 O 3.547164 -1.597472 7.094757
 O -6.028315 7.737648 -5.527238
 O 2.854871 2.801967 -0.476107
 O -3.746580 0.328729 4.699704
 O 0.472208 5.677816 5.805851
 O -3.100806 -6.221409 -2.885413
 O 4.904882 0.456862 5.280545
 O -2.021910 -6.402301 7.080852
 O 1.424254 -2.490930 4.094966
 O 1.627038 -5.786744 1.537479
 O -2.599178 -4.124036 5.271694
 O -2.631261 -7.172777 -0.289850
 O -3.176066 -3.046496 -4.274811
 O 3.103307 -3.976215 -0.473265
 O -1.062961 2.406697 -1.905966
 O -1.920689 -2.555345 0.135329
 O -0.577196 -4.115074 3.361586
 O 2.191337 -4.257207 -3.304106
 O 6.121549 3.950602 0.852198
 O 4.469142 -3.909514 5.233260
 O -2.127797 -0.699836 -3.413619
 O -1.046608 2.515678 -4.862339
 O 5.341895 0.637796 -1.773751
 O 3.460790 1.164131 -3.404312
 O -4.374734 4.180988 -7.362522
 O 4.602407 -6.026993 0.737326
 O 0.951860 0.050522 -5.683493
 O -3.334743 1.426070 -5.294698
 O 0.276698 -1.048714 2.168717
 O 6.459065 -2.193946 -3.462999
 O 3.633841 -1.300002 -0.948382
 O -1.436180 4.871101 2.556888
 O -4.289140 -0.198017 -1.925175
 O -0.889141 -5.385458 0.007859
 O 5.147573 3.633782 -8.460475
 O 2.541390 5.078304 3.282746
 O -6.775614 7.053222 -3.198908
 O 0.801568 0.631431 -2.881475
 O -5.374065 -4.654416 -0.980540
 O -3.317814 7.460590 1.936781
 O -1.222523 3.602704 4.937313
 O -3.257134 0.789140 0.270662
 O -1.071742 -1.057232 4.653788
 O 2.710044 1.948815 5.661555
 O -4.950384 1.148809 2.127728
 O 3.483915 5.110830 -2.084622
 O 0.324734 -6.257395 -2.797985
 O -5.552332 4.467382 -4.147992
 O 6.651918 1.296774 8.630089
 O -0.737672 1.582456 2.084046
 O 0.339603 -1.726980 -3.248130
 O -0.010364 -4.225093 -5.070070
 O 6.833994 -5.940373 4.107330
 O 3.599392 -2.216524 1.973217
 O 6.401119 -1.495686 3.318804
 O 1.292239 3.383309 -4.242875
 O 0.272665 -8.069402 -0.591594
 O -4.958471 -2.668017 -7.213292
 O -4.678175 3.163502 -1.845821
 O 4.196976 4.076305 -4.934331
 O 0.884564 -1.064502 -0.489526
 O -5.483522 -3.705940 1.821820
 O 2.771539 2.362578 2.928142
 H -6.449434 -2.149643 -0.734719
 H -5.703212 -2.446813 0.591707
 H 2.579003 -1.706021 7.233574
 H 3.842282 -2.422027 6.668892
 H -6.291928 7.541134 -4.596844
 H -5.887818 8.699104 -5.606671
 H 3.729910 3.269052 -0.399071
 H 2.761910 3.098316 -1.420480
 H -4.091256 -0.488042 4.283496
 H -4.553087 0.863512 4.813412
 H 0.369239 6.632806 6.028578
 H 0.226021 5.674820 4.864862
 H -2.234176 -6.153343 -3.377830
 H -3.360376 -5.261578 -2.940622
 H 4.167190 1.004943 5.605400
 H 4.860519 -0.473015 5.592472
 H -2.839490 -6.874330 7.258990
 H -1.383085 -7.094770 6.781048
 H 1.425243 -1.684483 3.529261
 H 2.378019 -2.689240 4.293681
 H 1.405398 -5.133696 2.241042
 H 0.753430 -5.664048 1.082304
 H -2.014916 -4.745117 5.793109
 H -2.038738 -3.430904 4.850207
 H -2.168807 -7.974804 0.024079
 H -2.588355 -7.030800 -1.275248
 H -2.827422 -2.190725 -3.949167
 H -3.035421 -3.147671 -5.238454
 H 2.865949 -3.939470 -1.437263
 H 2.589493 -4.767674 -0.213963
 H -1.227459 2.577235 -2.868313
 H -0.593131 3.196638 -1.598671
 H -2.425066 -2.964690 0.883253
 H -1.177338 -2.055860 0.530631
 H 0.107060 -3.513805 3.752557
 H -0.622450 -4.000006 2.388508
 H 3.060963 -3.968349 -3.597347
 H 1.836072 -3.377068 -3.008446
 H 5.938432 4.869979 1.148781
 H 6.874080 4.076588 0.266598
 H 4.026094 -4.783735 5.204879
 H 5.322179 -4.091220 5.697348
 H -1.159335 -0.820405 -3.173078
 H -2.134339 -0.133732 -4.195609
 H -0.118657 2.257260 -4.626527
 H -1.605675 1.748629 -5.171169
 H 6.250210 0.302853 -1.796319
 H 5.202098 1.189372 -0.982773
 H 4.407514 1.182853 -3.084305
 H 3.557005 1.903876 -4.019025
 H -4.074691 5.048778 -7.658375
 H -5.120231 4.099925 -7.993483
 H 3.898683 -6.485676 0.230914
 H 5.310218 -5.832847 0.089677
 H 0.438617 -0.357509 -6.413397
 H 1.784044 0.326058 -6.141394
 H -3.075086 1.091194 -6.165924
 H -3.521533 2.383131 -5.411912
 H -0.035229 -0.105388 2.323479
 H 0.448795 -1.130662 1.154587
 H 7.367111 -2.228609 -3.871615
 H 5.962768 -2.044065 -4.313803
 H 4.062133 -0.478628 -1.260292
 H 4.009754 -1.504032 -0.052424
 H -1.218534 5.797255 2.743026
 H -1.358387 4.347795 3.350762
 H -3.407573 -0.446720 -2.348555
 H -4.930056 -0.912406 -2.098420
 H -1.713237 -5.967544 -0.090310
 H -1.066512 -4.454806 -0.291297
 H 5.897540 3.354418 -7.882005
 H 5.449277 3.137198 -9.274736
 H 3.498814 5.279514 3.425449
 H 2.311867 5.332941 2.368172
 H -5.893985 6.576871 -3.137310
 H -6.551661 8.017215 -3.055147
 H 0.188366 1.307009 -2.472828
 H 1.716171 1.002482 -2.935609
 H -4.662876 -4.175431 -0.525581
 H -4.807301 -5.302515 -1.466131
 H -2.964601 6.574446 1.742166
 H -2.868368 7.821186 2.747112
 H -2.003883 3.016726 4.918375
 H -0.637419 3.252346 5.639243
 H -2.393504 0.372342 0.427183
 H -3.763729 0.329241 -0.468344
 H -1.873444 -0.481454 4.725414
 H -0.989896 -1.149026 3.670249
 H 2.355412 2.487649 4.947270
 H 2.029833 2.221944 6.325556
 H -5.665461 0.502031 2.103297
 H -4.248926 0.912019 1.443620
 H 3.780698 5.807563 -2.733666
 H 2.582880 4.860158 -2.384709
 H 1.189913 -6.115614 -2.360749
 H 0.082908 -7.181355 -2.596162
 H -5.208420 3.774547 -4.727444
 H -5.635942 3.981971 -3.313742
 H 7.480524 0.782844 8.706967
 H 6.353087 1.165995 7.703242
 H -1.203698 2.036656 1.395801
 H -0.832761 2.032717 2.953624
 H 0.350456 -1.804154 -2.258118
 H 0.961928 -0.986624 -3.403989
 H -0.400344 -3.343746 -5.112919
 H -0.167369 -4.679181 -4.217787
 H 6.494611 -5.974744 5.012648
 H 6.379473 -6.674294 3.642833
 H 4.407471 -2.737948 2.209421
 H 2.936189 -2.847433 1.584822
 H 6.813735 -2.026232 2.588484
 H 5.499815 -1.879145 3.413621
 H 2.247988 3.614778 -4.379209
 H 0.926978 4.061742 -4.855566
 H 1.126152 -8.428983 -0.292558
 H 0.251171 -7.138247 -0.274014
 H -4.618366 -3.531522 -7.500012
 H -5.278492 -2.197972 -8.025128
 H -4.598584 3.331432 -0.890277
 H -4.929890 2.217925 -1.869512
 H 5.149567 3.914484 -4.685033
 H 4.287918 5.054514 -5.005018
 H 1.860172 -1.323211 -0.547314
 H 0.891016 -0.120469 -0.747313
 H -4.960513 -4.407013 2.272202
 H -6.413211 -4.008401 1.736945
 H 2.981128 1.492083 2.521362
 H 2.827178 2.921979 2.142857
K_POINTS
 1
0.0 0.0 0.0 1.0