
&control
    calculation='scf'
    pseudo_dir = './',
    outdir='./outputs',
    disk_io='high'
/
&system
    ibrav= 1, celldm(1)=20.000000, nat=  192, ntyp= 2,
    ecutwfc = 30.0, nosym=.true., occupations='smearing',
    smearing='m-v', degauss=0.025
/
&electrons
    conv_thr =  1.0d-8,
    mixing_beta = 0.7
/
&ions
    pot_extrapolation='second-order'
    wfc_extrapolation='second-order'
    ion_temperature = 'andersen'
    tempw = 1000

/
ATOMIC_SPECIES
 H  1.01  H.blyp-hgh.UPF
 O  16.0  O.blyp-hgh.UPF
ATOMIC_POSITIONS bohr
 O -5.275396 -1.430941 -1.750395
 O 3.777057 -2.008871 5.403191
 O -5.757728 5.575828 -5.388079
 O -0.124634 3.912821 -1.401478
 O -4.774120 0.797862 3.985487
 O -0.230367 5.535079 5.273229
 O -0.162628 -5.424202 -3.366692
 O 2.533447 0.037793 3.584793
 O -2.850918 -5.321888 5.707966
 O 2.093974 -2.746797 2.083907
 O 2.602071 -6.143949 2.901712
 O -3.987101 -2.972140 4.508161
 O -4.431382 -5.781560 0.706865
 O -3.626402 -5.734443 -3.877434
 O 2.536384 -2.843235 -2.408029
 O -2.090960 2.451160 0.728379
 O -1.224386 -1.921527 2.027117
 O 0.247511 -4.186359 3.783077
 O 5.335027 -4.457246 -5.003812
 O 5.327298 5.018213 2.230763
 O 5.844397 -3.048342 3.261221
 O -3.233530 -2.771043 -3.903410
 O -0.901623 2.718844 -4.935201
 O 3.977581 2.373908 2.956268
 O 2.342606 1.489446 -3.184987
 O -4.755065 2.544450 -6.320053
 O 4.525019 -5.998411 -1.225385
 O 2.047071 -1.215041 -4.727327
 O -2.087700 0.068155 -4.861102
 O 0.988719 -0.324473 0.870642
 O 4.720168 -1.730766 -3.544291
 O 5.293701 0.164454 -0.231429
 O -0.135470 4.667185 2.097185
 O -4.810927 0.759698 -4.045782
 O 0.774204 -3.849560 -0.415997
 O 4.479280 3.954182 -4.588666
 O 3.281413 5.438799 5.824268
 O -5.401504 4.206303 -1.987942
 O -0.403098 0.935645 -1.830183
 O -3.120291 -3.676938 -0.894049
 O -2.737999 5.489272 3.251857
 O -1.665275 2.833451 4.348964
 O -2.521787 -0.459517 -0.745732
 O -1.504461 -2.012104 4.789259
 O 0.627650 1.918500 5.077467
 O -4.594792 3.234985 1.336460
 O 3.029988 4.079982 -0.730461
 O 2.708230 -5.943014 -3.730315
 O -2.450090 4.410951 -2.348383
 O 5.184196 0.640098 5.490194
 O -2.872021 0.330758 1.952981
 O -0.696712 -2.286171 -2.579663
 O 0.054929 -3.442919 -5.458880
 O 5.802339 -5.906181 4.234943
 O 4.882390 -3.236190 -0.045049
 O 4.577445 -0.734390 2.437128
 O 1.310762 4.325909 -4.310978
 O -0.843424 -5.884587 0.366963
 O -5.450852 -1.592088 -5.758194
 O -4.691830 1.232350 -0.767609
 O 5.128173 1.420876 -2.242314
 O 2.863166 -0.316016 -1.291749
 O -5.250517 -1.383032 1.358217
 O 1.614405 2.445152 1.400168
 H -5.300145 -1.747911 -0.812583
 H -4.643162 -0.679423 -1.601876
 H 4.111670 -2.813659 5.877518
 H 3.339592 -2.454355 4.645495
 H -6.598816 5.097154 -5.164924
 H -5.189679 4.865468 -5.744137
 H -0.186743 3.005890 -1.841443
 H 0.599345 4.396276 -1.853338
 H -5.692134 1.133239 4.122549
 H -4.314321 1.424539 4.610698
 H 0.147940 6.376997 4.918861
 H 0.229496 5.329659 6.109086
 H -0.518420 -5.360908 -2.462420
 H -0.962125 -5.352825 -3.922256
 H 3.063651 0.887370 3.527254
 H 1.643964 0.362180 3.841536
 H -3.201553 -5.332612 6.636777
 H -1.926977 -5.665466 5.790451
 H 1.898059 -1.899494 1.606774
 H 3.038885 -3.000250 2.096065
 H 3.266995 -6.618076 2.350754
 H 1.750392 -6.571547 2.647026
 H -3.453528 -3.812723 4.395309
 H -4.804286 -3.410077 4.115257
 H -4.513017 -6.675974 0.305609
 H -3.882351 -5.240035 0.088426
 H -4.213621 -4.989173 -3.645473
 H -3.877619 -6.431794 -3.238209
 H 2.670304 -1.942640 -1.965527
 H 1.741489 -3.243098 -1.967323
 H -1.169693 2.582557 1.024209
 H -2.394242 1.561947 1.087725
 H -0.967596 -1.003421 1.720045
 H -1.188849 -1.951504 3.025683
 H 0.782585 -4.645890 3.105651
 H -0.643124 -4.134114 3.387402
 H 6.223763 -4.503441 -4.604027
 H 5.270169 -3.469048 -5.000713
 H 5.630902 5.412064 3.125646
 H 6.183545 5.067445 1.751988
 H 5.409053 -2.185014 3.038613
 H 5.440171 -3.706722 2.655840
 H -2.277715 -2.589363 -3.960410
 H -3.612360 -2.869526 -4.794426
 H -0.490903 2.853412 -4.062851
 H -1.430820 1.866803 -4.898574
 H 4.847578 2.813900 2.977431
 H 3.444466 2.870582 2.297157
 H 2.515953 0.715924 -3.789822
 H 1.522872 1.888780 -3.538117
 H -5.003433 1.841024 -5.687006
 H -3.989470 2.966081 -5.884709
 H 4.008254 -5.189127 -1.034692
 H 5.387754 -5.777724 -0.822075
 H 2.752133 -1.462346 -5.383662
 H 1.358046 -0.755229 -5.241300
 H -1.631420 -0.225664 -5.675658
 H -3.056747 0.026137 -4.998538
 H 0.842203 0.520080 1.350344
 H 1.848275 -0.039508 0.468908
 H 4.070857 -2.303705 -3.069518
 H 5.487115 -1.618867 -2.941041
 H 5.570945 0.915132 -0.797878
 H 5.355309 -0.590729 -0.880804
 H -0.047103 4.127086 2.938821
 H -0.839205 5.314255 2.361474
 H -5.016767 0.463073 -3.131185
 H -5.757366 0.852809 -4.335609
 H 0.427474 -4.640837 0.068879
 H 1.443785 -3.532066 0.238398
 H 4.029407 4.351630 -5.389386
 H 4.757966 3.096254 -4.961258
 H 3.238123 5.550254 4.844974
 H 2.689721 6.156175 6.136513
 H -5.563554 3.631231 -1.210149
 H -4.375955 4.135796 -2.023709
 H 0.050011 0.244789 -2.342726
 H -0.463982 0.556064 -0.932989
 H -3.671011 -2.958226 -1.350057
 H -2.333755 -3.798336 -1.489694
 H -3.629842 5.723766 2.918910
 H -2.728437 5.799014 4.200087
 H -1.320718 2.402854 3.547427
 H -1.991575 3.715295 4.058753
 H -2.234534 -1.393552 -0.735952
 H -3.110287 -0.439699 0.045081
 H -2.453976 -2.278610 4.785974
 H -1.130825 -2.549399 5.535261
 H 1.154345 1.446831 5.751957
 H -0.147748 2.313212 5.552736
 H -4.905785 3.325545 2.258288
 H -3.653816 2.894481 1.355801
 H 3.535289 4.901872 -0.514598
 H 2.988800 4.163371 -1.706458
 H 3.600163 -5.537447 -3.768447
 H 2.218817 -5.541478 -2.984841
 H -2.497187 4.012649 -3.240094
 H -1.485190 4.260973 -2.054006
 H 5.744199 -0.191741 5.549477
 H 4.318910 0.281167 5.194946
 H -2.305960 -0.496964 2.023692
 H -3.313356 0.304967 2.847101
 H 0.289237 -2.269635 -2.618610
 H -0.861884 -2.319331 -1.613396
 H -0.079646 -3.177148 -4.530915
 H 0.711821 -2.813040 -5.816770
 H 5.336575 -6.420725 4.940801
 H 6.416107 -5.405117 4.804129
 H 5.827946 -3.154153 -0.280497
 H 4.563284 -2.321561 -0.205884
 H 4.706349 0.216104 2.216256
 H 3.600040 -0.865710 2.404162
 H 1.188886 4.205826 -5.270030
 H 1.786650 5.202222 -4.115682
 H -1.286407 -6.709178 0.641051
 H -1.596624 -5.289649 0.179776
 H -4.877912 -2.020646 -6.437204
 H -4.985074 -0.938676 -5.192208
 H -4.690515 2.163390 -1.045473
 H -4.665362 1.257240 0.207593
 H 5.742826 2.182277 -2.251092
 H 4.333002 1.741323 -2.728766
 H 3.693515 0.196089 -1.078673
 H 2.313918 0.314026 -1.825375
 H -6.168747 -1.275169 1.682617
 H -4.668622 -1.465816 2.136451
 H 0.704122 2.653223 1.702931
 H 1.798101 3.038778 0.622594
K_POINTS
 1
0.0 0.0 0.0 1.0