
&control
    calculation='scf'
    pseudo_dir = './',
    outdir='./outputs',
    disk_io='high'
/
&system
    ibrav= 1, celldm(1)=20.000000, nat=  192, ntyp= 2,
    ecutwfc = 30.0, nosym=.true., occupations='smearing',
    smearing='m-v', degauss=0.025
/
&electrons
    conv_thr =  1.0d-8,
    mixing_beta = 0.7
/
&ions
    pot_extrapolation='second-order'
    wfc_extrapolation='second-order'
    ion_temperature = 'andersen'
    tempw = 1000

/
ATOMIC_SPECIES
 H  1.01  H.blyp-hgh.UPF
 O  16.0  O.blyp-hgh.UPF
ATOMIC_POSITIONS bohr
 O -5.886039 -1.721347 -0.048177
 O 3.549806 -1.593785 7.117540
 O -6.030780 7.736301 -5.543849
 O 2.846104 2.802959 -0.476621
 O -3.741095 0.315022 4.698103
 O 0.470030 5.684565 5.812188
 O -3.102612 -6.231486 -2.885731
 O 4.920489 0.452857 5.287340
 O -2.019017 -6.410433 7.074997
 O 1.421478 -2.478143 4.100561
 O 1.610677 -5.783606 1.521938
 O -2.589120 -4.122549 5.277509
 O -2.630710 -7.175895 -0.299893
 O -3.182943 -3.048538 -4.271193
 O 3.103441 -3.983705 -0.461182
 O -1.066741 2.404241 -1.894209
 O -1.929161 -2.557933 0.130172
 O -0.577854 -4.110814 3.365904
 O 2.190806 -4.258473 -3.314050
 O 6.132432 3.939260 0.847321
 O 4.462291 -3.919992 5.229580
 O -2.123966 -0.691827 -3.413313
 O -1.034252 2.509101 -4.858742
 O 5.347047 0.619498 -1.788147
 O 3.470621 1.166698 -3.401805
 O -4.367972 4.179281 -7.372568
 O 4.602315 -6.028733 0.735875
 O 0.940846 0.053561 -5.694673
 O -3.336914 1.424443 -5.289936
 O 0.284183 -1.046281 2.164486
 O 6.461911 -2.185324 -3.460140
 O 3.626707 -1.288318 -0.946190
 O -1.438862 4.871609 2.550390
 O -4.288951 -0.200476 -1.928736
 O -0.896309 -5.387427 0.010539
 O 5.141691 3.642245 -8.449784
 O 2.541080 5.059778 3.272230
 O -6.775355 7.062107 -3.210637
 O 0.806371 0.627152 -2.868759
 O -5.371854 -4.646983 -0.964624
 O -3.315376 7.456460 1.929217
 O -1.216592 3.601489 4.933036
 O -3.249314 0.801474 0.272470
 O -1.069176 -1.059340 4.660296
 O 2.708075 1.951319 5.680227
 O -4.939026 1.147963 2.129466
 O 3.476342 5.109825 -2.084953
 O 0.314043 -6.265127 -2.798316
 O -5.546512 4.471242 -4.143665
 O 6.648403 1.281804 8.639904
 O -0.740363 1.580444 2.093952
 O 0.325964 -1.724813 -3.252272
 O -0.007445 -4.230764 -5.064090
 O 6.831888 -5.943525 4.107766
 O 3.607307 -2.198455 1.984879
 O 6.392801 -1.497907 3.313715
 O 1.302710 3.386310 -4.244586
 O 0.273013 -8.063725 -0.599610
 O -4.957002 -2.669548 -7.216906
 O -4.674475 3.173812 -1.856732
 O 4.177310 4.071992 -4.938344
 O 0.875930 -1.063723 -0.498741
 O -5.492483 -3.708313 1.819267
 O 2.776321 2.360931 2.928525
 H -6.442469 -2.159494 -0.726890
 H -5.710024 -2.435646 0.594420
 H 2.580727 -1.742573 7.238781
 H 3.835316 -2.413517 6.651385
 H -6.290766 7.511791 -4.603548
 H -5.924136 8.707849 -5.625231
 H 3.721098 3.244720 -0.391757
 H 2.779452 3.142304 -1.406375
 H -4.091338 -0.504331 4.277136
 H -4.541954 0.872883 4.807246
 H 0.338676 6.643290 6.016614
 H 0.232512 5.686506 4.869879
 H -2.230104 -6.120593 -3.362341
 H -3.338767 -5.266485 -2.953367
 H 4.183193 0.986631 5.630502
 H 4.847491 -0.483060 5.621821
 H -2.847076 -6.875167 7.241624
 H -1.369857 -7.098665 6.808666
 H 1.443440 -1.688960 3.536849
 H 2.362253 -2.685859 4.287980
 H 1.409307 -5.145424 2.241722
 H 0.729457 -5.652852 1.103148
 H -2.026443 -4.757111 5.801645
 H -2.048847 -3.421621 4.865745
 H -2.169796 -7.976809 0.022471
 H -2.555012 -7.021502 -1.271470
 H -2.821988 -2.185330 -3.966070
 H -3.028217 -3.136692 -5.237229
 H 2.858924 -3.967760 -1.425374
 H 2.600998 -4.802867 -0.216412
 H -1.211409 2.600838 -2.863042
 H -0.609972 3.203317 -1.598207
 H -2.409405 -2.974065 0.887628
 H -1.177186 -2.067161 0.494500
 H 0.082553 -3.501261 3.778653
 H -0.598391 -4.003535 2.385836
 H 3.066214 -3.948402 -3.578088
 H 1.803209 -3.398977 -3.007269
 H 5.948689 4.859161 1.160403
 H 6.885752 4.089928 0.248801
 H 3.994819 -4.781156 5.235510
 H 5.328060 -4.085135 5.680897
 H -1.160049 -0.805588 -3.160048
 H -2.142622 -0.146696 -4.208061
 H -0.090768 2.264040 -4.644595
 H -1.574514 1.730612 -5.178043
 H 6.244776 0.259754 -1.834694
 H 5.249375 1.190455 -1.008099
 H 4.421466 1.175721 -3.093178
 H 3.563003 1.899167 -4.026107
 H -4.082595 5.058925 -7.658860
 H -5.111028 4.117699 -7.997798
 H 3.893102 -6.447488 0.195545
 H 5.311501 -5.817595 0.100651
 H 0.441750 -0.360291 -6.426147
 H 1.782870 0.316306 -6.146963
 H -3.039913 1.106071 -6.160324
 H -3.487328 2.388036 -5.435590
 H -0.057491 -0.118901 2.316211
 H 0.448995 -1.121964 1.156199
 H 7.377601 -2.234001 -3.855674
 H 5.983598 -2.032481 -4.316734
 H 4.047185 -0.457458 -1.269904
 H 4.022494 -1.497322 -0.066881
 H -1.228848 5.810242 2.722134
 H -1.358591 4.360023 3.345817
 H -3.416940 -0.431239 -2.390768
 H -4.929378 -0.920934 -2.092084
 H -1.733186 -5.953864 -0.070909
 H -1.054579 -4.468086 -0.310565
 H 5.911826 3.364716 -7.894905
 H 5.471966 3.178440 -9.278330
 H 3.494263 5.314474 3.385042
 H 2.309935 5.347225 2.361541
 H -5.894060 6.569616 -3.146289
 H -6.601957 8.031799 -3.035905
 H 0.182645 1.295106 -2.467386
 H 1.711807 1.033201 -2.919205
 H -4.654082 -4.205515 -0.507137
 H -4.818724 -5.270045 -1.493824
 H -2.951520 6.574316 1.728992
 H -2.879950 7.827132 2.736986
 H -1.988491 3.008946 4.929605
 H -0.640571 3.268439 5.636510
 H -2.393357 0.383583 0.462933
 H -3.749580 0.324916 -0.465886
 H -1.880412 -0.506715 4.756916
 H -0.976697 -1.094876 3.675049
 H 2.389692 2.505196 4.968640
 H 2.022351 2.224959 6.327906
 H -5.674244 0.533816 2.099439
 H -4.248895 0.900207 1.438152
 H 3.737055 5.797345 -2.751749
 H 2.582802 4.844121 -2.379823
 H 1.178493 -6.158662 -2.340834
 H 0.051652 -7.184046 -2.587723
 H -5.195719 3.763446 -4.717567
 H -5.638524 3.958914 -3.317709
 H 7.490431 0.771492 8.711305
 H 6.353296 1.185160 7.703196
 H -1.193879 2.035743 1.401294
 H -0.828394 2.064986 2.953266
 H 0.343213 -1.792791 -2.263402
 H 0.935647 -0.963692 -3.403743
 H -0.397407 -3.350003 -5.134892
 H -0.156056 -4.647894 -4.195282
 H 6.497575 -5.992888 5.013339
 H 6.356988 -6.673747 3.656235
 H 4.397560 -2.759881 2.219473
 H 2.953935 -2.833209 1.583780
 H 6.851873 -2.057509 2.626518
 H 5.492243 -1.900406 3.422069
 H 2.244092 3.638632 -4.373358
 H 0.907966 4.047298 -4.868127
 H 1.113789 -8.442803 -0.301921
 H 0.307658 -7.126434 -0.294230
 H -4.619921 -3.537946 -7.492158
 H -5.276466 -2.198359 -8.022097
 H -4.582665 3.348413 -0.909023
 H -4.933320 2.235060 -1.890747
 H 5.131037 3.887251 -4.705704
 H 4.252037 5.048272 -5.009752
 H 1.859733 -1.303355 -0.531460
 H 0.904966 -0.103276 -0.713933
 H -4.975849 -4.406852 2.288087
 H -6.410793 -4.034321 1.747946
 H 2.987212 1.495144 2.524237
 H 2.834471 2.908823 2.129165
K_POINTS
 1
0.0 0.0 0.0 1.0