
&control
    calculation='scf'
    pseudo_dir = './',
    outdir='./outputs',
    disk_io='high'
/
&system
    ibrav= 1, celldm(1)=20.000000, nat=  192, ntyp= 2,
    ecutwfc = 30.0, nosym=.true., occupations='smearing',
    smearing='m-v', degauss=0.025
/
&electrons
    conv_thr =  1.0d-8,
    mixing_beta = 0.7
/
&ions
    pot_extrapolation='second-order'
    wfc_extrapolation='second-order'
    ion_temperature = 'andersen'
    tempw = 1000

/
ATOMIC_SPECIES
 H  1.01  H.blyp-hgh.UPF
 O  16.0  O.blyp-hgh.UPF
ATOMIC_POSITIONS bohr
 O -5.883132 -1.719716 -0.050694
 O 3.550840 -1.592459 7.126669
 O -6.031678 7.735785 -5.550669
 O 2.842766 2.803601 -0.477075
 O -3.738898 0.309491 4.697488
 O 0.469147 5.687401 5.814743
 O -3.103188 -6.235173 -2.885839
 O 4.927063 0.451017 5.290034
 O -2.017741 -6.413690 7.072645
 O 1.420572 -2.473154 4.102987
 O 1.603855 -5.782039 1.515591
 O -2.585157 -4.122013 5.279987
 O -2.630680 -7.177145 -0.303808
 O -3.185864 -3.049458 -4.269686
 O 3.103253 -3.986871 -0.456517
 O -1.068348 2.403154 -1.889791
 O -1.932664 -2.559100 0.128118
 O -0.578256 -4.109314 3.367455
 O 2.190631 -4.258819 -3.317790
 O 6.136770 3.934815 0.845429
 O 4.459366 -3.924103 5.227996
 O -2.122474 -0.688641 -3.413048
 O -1.029215 2.506449 -4.857317
 O 5.348891 0.612221 -1.793691
 O 3.474721 1.167901 -3.400865
 O -4.365249 4.178437 -7.376551
 O 4.602329 -6.029532 0.735381
 O 0.936528 0.054741 -5.699250
 O -3.337769 1.423911 -5.287979
 O 0.287079 -1.045215 2.162632
 O 6.463123 -2.181891 -3.459342
 O 3.623722 -1.283742 -0.945191
 O -1.440040 4.872062 2.547248
 O -4.288801 -0.201405 -1.930230
 O -0.898996 -5.388059 0.011693
 O 5.139819 3.645514 -8.445698
 O 2.541206 5.052366 3.268143
 O -6.775037 7.065650 -3.215286
 O 0.808421 0.625750 -2.863515
 O -5.370863 -4.644234 -0.958447
 O -3.314345 7.454976 1.926293
 O -1.214307 3.600937 4.931144
 O -3.246175 0.806479 0.273149
 O -1.068324 -1.060084 4.662814
 O 2.707054 1.952345 5.688013
 O -4.934446 1.147817 2.130261
 O 3.473258 5.109574 -2.085157
 O 0.309802 -6.268258 -2.798488
 O -5.544297 4.472724 -4.142075
 O 6.647052 1.275855 8.643514
 O -0.741213 1.579398 2.098346
 O 0.320519 -1.724286 -3.253802
 O -0.006208 -4.233195 -5.061944
 O 6.831064 -5.944825 4.107740
 O 3.610555 -2.191393 1.989545
 O 6.389340 -1.498722 3.311429
 O 1.307016 3.387759 -4.245441
 O 0.273169 -8.061307 -0.602783
 O -4.956329 -2.670237 -7.218036
 O -4.673064 3.177929 -1.861101
 O 4.169565 4.070379 -4.939938
 O 0.872578 -1.063465 -0.502318
 O -5.496282 -3.709169 1.818255
 O 2.778263 2.360051 2.928497
 H -6.439511 -2.163247 -0.723448
 H -5.712273 -2.431429 0.595356
 H 2.582128 -1.756583 7.240642
 H 3.832156 -2.410268 6.643979
 H -6.290893 7.499916 -4.607383
 H -5.937199 8.711119 -5.632392
 H 3.717791 3.234550 -0.386884
 H 2.785280 3.158172 -1.400358
 H -4.091239 -0.510019 4.275067
 H -4.537273 0.876228 4.804053
 H 0.326750 6.647255 6.013054
 H 0.235551 5.690315 4.871459
 H -2.229301 -6.108607 -3.356297
 H -3.330245 -5.269367 -2.958364
 H 4.188547 0.979032 5.640815
 H 4.841365 -0.484671 5.633573
 H -2.851233 -6.876009 7.234727
 H -1.364594 -7.099606 6.819288
 H 1.450297 -1.690398 3.538921
 H 2.355109 -2.684427 4.285598
 H 1.412396 -5.150646 2.242976
 H 0.719300 -5.649328 1.109908
 H -2.031516 -4.760902 5.804108
 H -2.052221 -3.418641 4.872404
 H -2.169995 -7.977236 0.020909
 H -2.542172 -7.018817 -1.270261
 H -2.818785 -2.182939 -3.973178
 H -3.025424 -3.132277 -5.236875
 H 2.856765 -3.978466 -1.419848
 H 2.606412 -4.816039 -0.216388
 H -1.205511 2.609769 -2.860203
 H -0.615927 3.207060 -1.596841
 H -2.402391 -2.977251 0.888624
 H -1.176960 -2.071524 0.480609
 H 0.073723 -3.495562 3.788168
 H -0.588150 -4.004289 2.386027
 H 3.069533 -3.940475 -3.571204
 H 1.789115 -3.408394 -3.007849
 H 5.951914 4.854270 1.164662
 H 6.890454 4.095167 0.241851
 H 3.982658 -4.779529 5.247885
 H 5.329716 -4.083683 5.674195
 H -1.160252 -0.800493 -3.155691
 H -2.146012 -0.150961 -4.213497
 H -0.080798 2.265978 -4.652400
 H -1.560649 1.724717 -5.179323
 H 6.243019 0.243108 -1.849601
 H 5.269047 1.190795 -1.017829
 H 4.426046 1.171297 -3.095602
 H 3.564250 1.897932 -4.030268
 H -4.084715 5.064411 -7.658664
 H -5.107352 4.124014 -7.999677
 H 3.891822 -6.431733 0.181577
 H 5.311766 -5.810995 0.104420
 H 0.442583 -0.361778 -6.431517
 H 1.781651 0.312315 -6.148786
 H -3.027028 1.110923 -6.159569
 H -3.473452 2.389165 -5.444699
 H -0.065661 -0.124918 2.312001
 H 0.449408 -1.117573 1.158662
 H 7.382011 -2.237263 -3.848321
 H 5.991221 -2.027274 -4.316016
 H 4.041792 -0.449244 -1.273757
 H 4.027309 -1.494247 -0.073296
 H -1.232592 5.814767 2.714566
 H -1.357980 4.364275 3.346986
 H -3.421392 -0.424843 -2.407704
 H -4.928364 -0.925387 -2.089387
 H -1.740297 -5.947936 -0.062934
 H -1.050136 -4.474244 -0.317953
 H 5.915572 3.368820 -7.899212
 H 5.479351 3.195829 -9.279113
 H 3.490838 5.327535 3.368597
 H 2.309085 5.353469 2.359512
 H -5.896604 6.567845 -3.149911
 H -6.621831 8.036255 -3.027029
 H 0.180779 1.290236 -2.465234
 H 1.709610 1.045353 -2.912753
 H -4.650047 -4.216173 -0.498094
 H -4.824368 -5.257070 -1.504428
 H -2.946038 6.574057 1.724306
 H -2.884465 7.828010 2.732482
 H -1.982631 3.006053 4.934371
 H -0.641751 3.274539 5.636318
 H -2.393752 0.387426 0.476628
 H -3.742446 0.323011 -0.464415
 H -1.882851 -0.517220 4.769737
 H -0.970737 -1.073732 3.677813
 H 2.404451 2.513003 4.973591
 H 2.020294 2.225408 6.330004
 H -5.678320 0.545408 2.097685
 H -4.249803 0.895536 1.436433
 H 3.719748 5.792325 -2.757852
 H 2.582969 4.837891 -2.378182
 H 1.173025 -6.175359 -2.333500
 H 0.039415 -7.184743 -2.584165
 H -5.190255 3.759485 -4.714153
 H -5.638886 3.949585 -3.317665
 H 7.493711 0.767465 8.712669
 H 6.353883 1.192547 7.703852
 H -1.191508 2.037371 1.402061
 H -0.826723 2.077919 2.951332
 H 0.340569 -1.787873 -2.266023
 H 0.924240 -0.953951 -3.403683
 H -0.396515 -3.352262 -5.142462
 H -0.151685 -4.634624 -4.186351
 H 6.498606 -5.999640 5.014866
 H 6.347711 -6.673178 3.661691
 H 4.391418 -2.768066 2.222583
 H 2.962542 -2.826922 1.583723
 H 6.865860 -2.070013 2.642139
 H 5.490527 -1.907974 3.425546
 H 2.243334 3.647556 -4.370710
 H 0.899924 4.041424 -4.872542
 H 1.109821 -8.449343 -0.305129
 H 0.329376 -7.122091 -0.302697
 H -4.619868 -3.540739 -7.488794
 H -5.276563 -2.198499 -8.020769
 H -4.575438 3.355062 -0.916449
 H -4.934587 2.241795 -1.899594
 H 5.122783 3.876445 -4.713817
 H 4.236995 5.045206 -5.011884
 H 1.859259 -1.294951 -0.525541
 H 0.910386 -0.096850 -0.701173
 H -4.981625 -4.407170 2.293856
 H -6.409405 -4.045315 1.752524
 H 2.989452 1.496000 2.526350
 H 2.836944 2.904831 2.123999
K_POINTS
 1
0.0 0.0 0.0 1.0