
&control
    calculation='scf'
    pseudo_dir = './',
    outdir='./outputs',
    disk_io='high'
/
&system
    ibrav= 1, celldm(1)=20.000000, nat=  192, ntyp= 2,
    ecutwfc = 30.0, nosym=.true., occupations='smearing',
    smearing='m-v', degauss=0.025
/
&electrons
    conv_thr =  1.0d-8,
    mixing_beta = 0.7
/
&ions
    pot_extrapolation='second-order'
    wfc_extrapolation='second-order'
    ion_temperature = 'andersen'
    tempw = 1000

/
ATOMIC_SPECIES
 H  1.01  H.blyp-hgh.UPF
 O  16.0  O.blyp-hgh.UPF
ATOMIC_POSITIONS bohr
 O -5.275498 -1.429776 -1.753165
 O 3.774073 -2.008250 5.403795
 O -5.758065 5.577625 -5.387222
 O -0.123668 3.913667 -1.399889
 O -4.775191 0.798938 3.986916
 O -0.230629 5.536547 5.273752
 O -0.163476 -5.424428 -3.365856
 O 2.534690 0.036519 3.585115
 O -2.850620 -5.322465 5.708975
 O 2.095755 -2.745563 2.086489
 O 2.602651 -6.144809 2.901632
 O -3.986574 -2.973025 4.506913
 O -4.431140 -5.780606 0.706507
 O -3.626663 -5.734738 -3.879066
 O 2.539040 -2.844426 -2.410137
 O -2.092937 2.451668 0.722887
 O -1.225045 -1.924345 2.029851
 O 0.247887 -4.187005 3.783148
 O 5.334160 -4.459038 -5.004171
 O 5.324803 5.018251 2.230847
 O 5.843649 -3.049918 3.261191
 O -3.233673 -2.769044 -3.903821
 O -0.902228 2.719752 -4.934906
 O 3.978664 2.374103 2.957255
 O 2.342908 1.491140 -3.186899
 O -4.753116 2.542181 -6.321505
 O 4.525575 -5.998246 -1.224861
 O 2.047694 -1.213542 -4.729034
 O -2.088155 0.067007 -4.861803
 O 0.989916 -0.323901 0.871943
 O 4.719708 -1.730678 -3.542390
 O 5.294789 0.164717 -0.232145
 O -0.134779 4.667599 2.100572
 O -4.808479 0.759979 -4.046072
 O 0.775143 -3.850315 -0.416264
 O 4.477936 3.957538 -4.590926
 O 3.278949 5.438966 5.822964
 O -5.402494 4.210712 -1.987562
 O -0.402850 0.935012 -1.831569
 O -3.120305 -3.679668 -0.892373
 O -2.738987 5.488897 3.251161
 O -1.667464 2.834199 4.352184
 O -2.520494 -0.462704 -0.745699
 O -1.503349 -2.009782 4.788474
 O 0.627826 1.919152 5.079356
 O -4.593024 3.233856 1.335772
 O 3.031886 4.082084 -0.731871
 O 2.708119 -5.941461 -3.731489
 O -2.448878 4.409163 -2.349316
 O 5.180534 0.640515 5.491857
 O -2.870237 0.331049 1.953029
 O -0.696446 -2.284782 -2.581914
 O 0.055167 -3.444149 -5.458947
 O 5.802785 -5.905426 4.234947
 O 4.881260 -3.237105 -0.042891
 O 4.576687 -0.734490 2.436298
 O 1.312062 4.325074 -4.310480
 O -0.846148 -5.884800 0.365511
 O -5.449965 -1.594299 -5.758945
 O -4.692820 1.231296 -0.766860
 O 5.127548 1.421064 -2.240104
 O 2.862553 -0.316424 -1.294015
 O -5.249881 -1.384541 1.358058
 O 1.614887 2.443203 1.398777
 H -5.298244 -1.751296 -0.816375
 H -4.645265 -0.677097 -1.598715
 H 4.120996 -2.809777 5.874618
 H 3.343106 -2.457221 4.645490
 H -6.599313 5.099186 -5.166142
 H -5.185837 4.868217 -5.737231
 H -0.193031 3.013805 -1.848399
 H 0.600691 4.394396 -1.853257
 H -5.690033 1.139971 4.125606
 H -4.307582 1.423952 4.607439
 H 0.147731 6.377211 4.917875
 H 0.230242 5.335121 6.109430
 H -0.518188 -5.360604 -2.461454
 H -0.961544 -5.349241 -3.922361
 H 3.067427 0.884078 3.528145
 H 1.646831 0.364783 3.842221
 H -3.197070 -5.333376 6.638692
 H -1.927504 -5.668603 5.787553
 H 1.896995 -1.897440 1.613139
 H 3.042125 -2.994139 2.095408
 H 3.267478 -6.618327 2.350718
 H 1.752757 -6.575410 2.648748
 H -3.458497 -3.818532 4.405495
 H -4.808180 -3.412403 4.128195
 H -4.520867 -6.673752 0.305106
 H -3.880689 -5.243625 0.086721
 H -4.207431 -4.984355 -3.647930
 H -3.878688 -6.427415 -3.235424
 H 2.671795 -1.947570 -1.959994
 H 1.745901 -3.246267 -1.967512
 H -1.172336 2.578313 1.022872
 H -2.399401 1.567178 1.091418
 H -0.965718 -1.008906 1.724996
 H -1.192922 -1.954594 3.028531
 H 0.780003 -4.650423 3.106359
 H -0.645077 -4.135964 3.393868
 H 6.220742 -4.502275 -4.600889
 H 5.265107 -3.471373 -4.999049
 H 5.634616 5.418374 3.122020
 H 6.181564 5.071060 1.752693
 H 5.407056 -2.185589 3.045455
 H 5.430596 -3.704094 2.657570
 H -2.278040 -2.586938 -3.959375
 H -3.608812 -2.866692 -4.796251
 H -0.493471 2.855689 -4.062523
 H -1.428271 1.865979 -4.901348
 H 4.846639 2.817443 2.974873
 H 3.443884 2.863561 2.294429
 H 2.509394 0.711758 -3.785858
 H 1.522367 1.888520 -3.539183
 H -5.003658 1.840320 -5.688949
 H -3.989059 2.963473 -5.884213
 H 4.008501 -5.191180 -1.030276
 H 5.387429 -5.780016 -0.819468
 H 2.750288 -1.462432 -5.386746
 H 1.361047 -0.752331 -5.244209
 H -1.631300 -0.221336 -5.677674
 H -3.056833 0.017345 -4.997468
 H 0.844462 0.518667 1.356101
 H 1.852510 -0.040304 0.472373
 H 4.073702 -2.306165 -3.067993
 H 5.489272 -1.620217 -2.943467
 H 5.571661 0.914516 -0.800116
 H 5.349781 -0.591121 -0.882446
 H -0.037811 4.135178 2.945355
 H -0.840214 5.312196 2.367714
 H -5.014788 0.460486 -3.132708
 H -5.752620 0.852278 -4.341706
 H 0.428367 -4.638217 0.074665
 H 1.444014 -3.525293 0.235390
 H 4.035975 4.354721 -5.395990
 H 4.759487 3.100247 -4.962350
 H 3.233445 5.551591 4.844345
 H 2.692184 6.157209 6.142173
 H -5.565844 3.633165 -1.212235
 H -4.378929 4.125719 -2.030534
 H 0.048527 0.244201 -2.344884
 H -0.456881 0.558180 -0.934034
 H -3.680353 -2.965396 -1.341635
 H -2.337103 -3.791633 -1.494905
 H -3.630412 5.724534 2.918308
 H -2.731267 5.802975 4.197357
 H -1.324125 2.407240 3.548008
 H -1.989411 3.717832 4.061467
 H -2.237304 -1.397798 -0.738992
 H -3.111549 -0.439633 0.042834
 H -2.453303 -2.273135 4.786531
 H -1.132776 -2.544078 5.537299
 H 1.151076 1.447397 5.756090
 H -0.151908 2.307514 5.550786
 H -4.902774 3.319482 2.258156
 H -3.650266 2.899443 1.351000
 H 3.538378 4.902965 -0.518147
 H 2.990718 4.160190 -1.708098
 H 3.599686 -5.536415 -3.767795
 H 2.222093 -5.545341 -2.981439
 H -2.499428 4.014555 -3.241837
 H -1.484011 4.263957 -2.054303
 H 5.739519 -0.192051 5.554621
 H 4.316917 0.280068 5.192872
 H -2.307586 -0.500872 2.025250
 H -3.309535 0.310800 2.848529
 H 0.289592 -2.260286 -2.622225
 H -0.864462 -2.324708 -1.616100
 H -0.083917 -3.179322 -4.532227
 H 0.712906 -2.813593 -5.813468
 H 5.343103 -6.424407 4.941416
 H 6.416224 -5.403512 4.803515
 H 5.824640 -3.155851 -0.286009
 H 4.557337 -2.325897 -0.212056
 H 4.705581 0.217934 2.222182
 H 3.599898 -0.869817 2.401149
 H 1.190924 4.210267 -5.270727
 H 1.793193 5.200639 -4.116863
 H -1.286436 -6.709763 0.641173
 H -1.601705 -5.292887 0.179762
 H -4.870957 -2.019478 -6.434643
 H -4.989314 -0.940833 -5.189479
 H -4.692064 2.162235 -1.045135
 H -4.665460 1.257080 0.208167
 H 5.740844 2.182955 -2.249936
 H 4.333535 1.738289 -2.730356
 H 3.694186 0.194764 -1.079125
 H 2.313854 0.315817 -1.825591
 H -6.167252 -1.277223 1.683501
 H -4.667808 -1.466519 2.136232
 H 0.707529 2.651295 1.707258
 H 1.793920 3.037100 0.620710
K_POINTS
 1
0.0 0.0 0.0 1.0