
&control
    calculation='scf'
    pseudo_dir = './',
    outdir='./outputs',
    disk_io='high'
/
&system
    ibrav= 1, celldm(1)=20.000000, nat=  192, ntyp= 2,
    ecutwfc = 30.0, nosym=.true., occupations='smearing',
    smearing='m-v', degauss=0.025
/
&electrons
    conv_thr =  1.0d-8,
    mixing_beta = 0.7
/
&ions
    pot_extrapolation='second-order'
    wfc_extrapolation='second-order'
    ion_temperature = 'andersen'
    tempw = 1000

/
ATOMIC_SPECIES
 H  1.01  H.blyp-hgh.UPF
 O  16.0  O.blyp-hgh.UPF
ATOMIC_POSITIONS bohr
 O -5.870620 -1.712271 -0.062480
 O 3.555207 -1.588637 7.167154
 O -6.035177 7.733726 -5.582094
 O 2.828330 2.807901 -0.480736
 O -3.729325 0.284395 4.694905
 O 0.465020 5.701475 5.826246
 O -3.104376 -6.249122 -2.886372
 O 4.958286 0.440530 5.302578
 O -2.012067 -6.428151 7.062195
 O 1.416847 -2.451933 4.115479
 O 1.571714 -5.773010 1.486456
 O -2.568779 -4.120329 5.292274
 O -2.631994 -7.182910 -0.320121
 O -3.199746 -3.053620 -4.262856
 O 3.100363 -4.003109 -0.436602
 O -1.076028 2.398181 -1.872332
 O -1.949505 -2.565392 0.118431
 O -0.580928 -4.103973 3.373174
 O 2.190753 -4.259474 -3.333150
 O 6.156859 3.915940 0.836889
 O 4.444902 -3.941710 5.220021
 O -2.116492 -0.674309 -3.411124
 O -1.005509 2.494444 -4.850983
 O 5.355778 0.579644 -1.816962
 O 3.494071 1.174726 -3.397371
 O -4.352319 4.174304 -7.394157
 O 4.602401 -6.033976 0.733589
 O 0.917764 0.059849 -5.720483
 O -3.341200 1.422481 -5.279906
 O 0.299428 -1.040086 2.153704
 O 6.469489 -2.166682 -3.457655
 O 3.609231 -1.263189 -0.940543
 O -1.445907 4.875938 2.529875
 O -4.287596 -0.205396 -1.937594
 O -0.909672 -5.390328 0.017671
 O 5.134873 3.659514 -8.428887
 O 2.543705 5.019617 3.249776
 O -6.772670 7.081361 -3.235977
 O 0.819002 0.621862 -2.838934
 O -5.366123 -4.633459 -0.932142
 O -3.309590 7.449121 1.913290
 O -1.204793 3.598189 4.921038
 O -3.232024 0.829380 0.275763
 O -1.065411 -1.062930 4.673618
 O 2.701297 1.957089 5.724483
 O -4.913674 1.148511 2.134707
 O 3.458996 5.109314 -2.086282
 O 0.291165 -6.282819 -2.799301
 O -5.534975 4.477700 -4.135609
 O 6.641721 1.249286 8.657381
 O -0.744000 1.573668 2.120671
 O 0.296399 -1.723772 -3.260074
 O -0.000304 -4.244914 -5.054117
 O 6.827225 -5.951145 4.106565
 O 3.625956 -2.161294 2.010624
 O 6.373079 -1.502188 3.299465
 O 1.326229 3.395996 -4.250583
 O 0.274298 -8.049117 -0.616698
 O -4.952610 -2.674034 -7.220689
 O -4.667165 3.196695 -1.881265
 O 4.135353 4.063360 -4.947023
 O 0.858523 -1.061924 -0.517610
 O -5.514293 -3.712914 1.814188
 O 2.787148 2.355238 2.926793
 H -6.426466 -2.179345 -0.708621
 H -5.718529 -2.413775 0.599783
 H 2.593762 -1.812728 7.249047
 H 3.816330 -2.390772 6.611508
 H -6.294697 7.449419 -4.636637
 H -5.985780 8.720387 -5.660616
 H 3.710675 3.187591 -0.349026
 H 2.801691 3.217798 -1.373638
 H -4.089997 -0.527477 4.269901
 H -4.511586 0.885013 4.783929
 H 0.276062 6.661734 6.007155
 H 0.252456 5.700056 4.875187
 H -2.229547 -6.066940 -3.330860
 H -3.297662 -5.286037 -2.978505
 H 4.206847 0.945031 5.687364
 H 4.810747 -0.472558 5.683562
 H -2.872374 -6.881564 7.203398
 H -1.339878 -7.102354 6.862962
 H 1.477270 -1.688377 3.537193
 H 2.326917 -2.680604 4.276771
 H 1.436841 -5.176952 2.255343
 H 0.666780 -5.639849 1.127716
 H -2.054183 -4.772258 5.810044
 H -2.058122 -3.406731 4.903288
 H -2.169038 -7.976325 0.007810
 H -2.487896 -7.013444 -1.271035
 H -2.799136 -2.174141 -4.005674
 H -3.015147 -3.114318 -5.234369
 H 2.851717 -4.020309 -1.391603
 H 2.638629 -4.863576 -0.208728
 H -1.183460 2.643166 -2.840455
 H -0.637889 3.228731 -1.581093
 H -2.366940 -2.988797 0.890084
 H -1.171010 -2.087805 0.423647
 H 0.040202 -3.466066 3.823007
 H -0.537982 -4.002464 2.397060
 H 3.087115 -3.905478 -3.543939
 H 1.720267 -3.453141 -3.017715
 H 5.960628 4.826074 1.179975
 H 6.906008 4.116635 0.216321
 H 3.931630 -4.768912 5.304934
 H 5.330316 -4.085808 5.642743
 H -1.159707 -0.783513 -3.142834
 H -2.160481 -0.164423 -4.239558
 H -0.046033 2.269581 -4.690998
 H -1.489526 1.706103 -5.175327
 H 6.236792 0.173137 -1.913838
 H 5.362782 1.191529 -1.058676
 H 4.440333 1.141486 -3.098822
 H 3.562335 1.894740 -4.056072
 H -4.087780 5.094051 -7.653096
 H -5.094140 4.145643 -8.011675
 H 3.894076 -6.357692 0.122214
 H 5.313190 -5.777260 0.116677
 H 0.442150 -0.371594 -6.458259
 H 1.771257 0.294239 -6.153782
 H -2.979158 1.124542 -6.160741
 H -3.410751 2.388252 -5.480352
 H -0.097888 -0.151631 2.285409
 H 0.454180 -1.093246 1.176839
 H 7.401927 -2.259710 -3.808679
 H 6.018749 -1.999182 -4.303480
 H 4.020214 -0.418610 -1.289140
 H 4.049107 -1.478054 -0.102499
 H -1.247418 5.826756 2.685741
 H -1.350991 4.381775 3.370457
 H -3.446876 -0.395014 -2.481902
 H -4.916771 -0.951189 -2.075620
 H -1.765693 -5.918948 -0.026299
 H -1.033543 -4.502793 -0.350280
 H 5.919606 3.386828 -7.910193
 H 5.499083 3.279677 -9.278729
 H 3.464832 5.378543 3.295848
 H 2.302197 5.382555 2.357063
 H -5.924154 6.569977 -3.165081
 H -6.705472 8.044881 -2.980521
 H 0.173558 1.268141 -2.455174
 H 1.695241 1.096336 -2.884897
 H -4.625842 -4.253484 -0.443668
 H -4.856579 -5.199504 -1.549630
 H -2.920444 6.573030 1.708297
 H -2.901290 7.822775 2.712520
 H -1.960593 2.993697 4.956645
 H -0.642766 3.298845 5.644765
 H -2.398690 0.399936 0.533834
 H -3.699708 0.313828 -0.454132
 H -1.893492 -0.565655 4.828431
 H -0.940113 -0.982954 3.696407
 H 2.478979 2.551740 4.974456
 H 2.013785 2.223777 6.349620
 H -5.701081 0.589451 2.088239
 H -4.259443 0.875342 1.431053
 H 3.646162 5.767093 -2.780132
 H 2.581600 4.809147 -2.372946
 H 1.141397 -6.245549 -2.305957
 H -0.014541 -7.184575 -2.567838
 H -5.164887 3.750124 -4.700437
 H -5.635580 3.912294 -3.310835
 H 7.500120 0.754839 8.715402
 H 6.361191 1.223221 7.712524
 H -1.188460 2.055166 1.398834
 H -0.818841 2.134335 2.930170
 H 0.330321 -1.763950 -2.278867
 H 0.865174 -0.909258 -3.403726
 H -0.393475 -3.362038 -5.168160
 H -0.133112 -4.570857 -4.146185
 H 6.503513 -6.024715 5.029276
 H 6.304552 -6.668202 3.685427
 H 4.350831 -2.797830 2.231428
 H 3.007486 -2.793995 1.584386
 H 6.915230 -2.124221 2.715492
 H 5.494363 -1.935200 3.440362
 H 2.249721 3.684951 -4.358447
 H 0.864185 4.012670 -4.885606
 H 1.098235 -8.486721 -0.316117
 H 0.419042 -7.106854 -0.343624
 H -4.615305 -3.553833 -7.472407
 H -5.283993 -2.198253 -8.015147
 H -4.536678 3.383506 -0.946453
 H -4.939988 2.268721 -1.940681
 H 5.079425 3.831159 -4.749368
 H 4.167194 5.029704 -5.022968
 H 1.854742 -1.256256 -0.502597
 H 0.931591 -0.075107 -0.647735
 H -5.005163 -4.408556 2.314005
 H -6.404142 -4.098168 1.773240
 H 2.999052 1.493216 2.541679
 H 2.844611 2.894112 2.106668
K_POINTS
 1
0.0 0.0 0.0 1.0