
&control
    calculation='scf'
    pseudo_dir = './',
    outdir='./outputs',
    disk_io='high'
/
&system
    ibrav= 1, celldm(1)=20.000000, nat=  192, ntyp= 2,
    ecutwfc = 30.0, nosym=.true., occupations='smearing',
    smearing='m-v', degauss=0.025
/
&electrons
    conv_thr =  1.0d-8,
    mixing_beta = 0.7
/
&ions
    pot_extrapolation='second-order'
    wfc_extrapolation='second-order'
    ion_temperature = 'andersen'
    tempw = 1000

/
ATOMIC_SPECIES
 H  1.01  H.blyp-hgh.UPF
 O  16.0  O.blyp-hgh.UPF
ATOMIC_POSITIONS bohr
 O -5.865303 -1.708908 -0.067817
 O 3.556985 -1.588474 7.184523
 O -6.036471 7.732937 -5.596304
 O 2.822043 2.810419 -0.483057
 O -3.725252 0.273266 4.693909
 O 0.463070 5.708522 5.831258
 O -3.104055 -6.253949 -2.886675
 O 4.972559 0.434827 5.308639
 O -2.010043 -6.434415 7.057693
 O 1.414871 -2.443036 4.121796
 O 1.556780 -5.768034 1.473341
 O -2.562718 -4.119946 5.298244
 O -2.633398 -7.185550 -0.326611
 O -3.206060 -3.055118 -4.259970
 O 3.098019 -4.011526 -0.428200
 O -1.079470 2.396367 -1.865826
 O -1.957461 -2.568613 0.113667
 O -0.582425 -4.102224 3.375262
 O 2.191654 -4.259369 -3.339313
 O 6.166276 3.908253 0.832931
 O 4.437770 -3.948933 5.215985
 O -2.114410 -0.667819 -3.410147
 O -0.994265 2.489310 -4.848158
 O 5.358216 0.565224 -1.826280
 O 3.502897 1.178631 -3.396414
 O -4.346020 4.172748 -7.401862
 O 4.602404 -6.036393 0.732862
 O 0.909640 0.061966 -5.730229
 O -3.342282 1.422316 -5.277255
 O 0.304557 -1.037796 2.149835
 O 6.472998 -2.160130 -3.457494
 O 3.602151 -1.253845 -0.938706
 O -1.448714 4.878300 2.521138
 O -4.286814 -0.207174 -1.941265
 O -0.913577 -5.391261 0.020853
 O 5.134347 3.665527 -8.422278
 O 2.545760 5.005645 3.241276
 O -6.771676 7.088290 -3.245110
 O 0.824535 0.621436 -2.827552
 O -5.363821 -4.629304 -0.921046
 O -3.307549 7.446731 1.907295
 O -1.200921 3.596808 4.915758
 O -3.225666 0.839691 0.276683
 O -1.064431 -1.064027 4.678195
 O 2.698316 1.959466 5.740738
 O -4.904660 1.149373 2.137239
 O 3.452399 5.109501 -2.086705
 O 0.283118 -6.289594 -2.799632
 O -5.531142 4.478519 -4.132870
 O 6.639809 1.237662 8.662313
 O -0.745108 1.571026 2.131255
 O 0.286011 -1.724257 -3.262696
 O 0.002384 -4.250350 -5.051546
 O 6.825283 -5.954283 4.105813
 O 3.633214 -2.148804 2.020070
 O 6.365801 -1.503703 3.293305
 O 1.334393 3.400481 -4.253523
 O 0.275336 -8.043043 -0.622589
 O -4.950579 -2.676137 -7.220588
 O -4.664781 3.205252 -1.890617
 O 4.120267 4.060088 -4.950137
 O 0.852944 -1.060714 -0.523947
 O -5.522575 -3.714783 1.812828
 O 2.791135 2.352938 2.925122
 H -6.421504 -2.186410 -0.703714
 H -5.719124 -2.406148 0.602213
 H 2.601229 -1.833023 7.253729
 H 3.809189 -2.377358 6.599156
 H -6.297862 7.430269 -4.656724
 H -6.002043 8.720406 -5.670219
 H 3.712952 3.166372 -0.323578
 H 2.803839 3.238723 -1.363320
 H -4.089411 -0.531147 4.269543
 H -4.497173 0.884785 4.771881
 H 0.255421 6.665714 6.010185
 H 0.261822 5.700249 4.875509
 H -2.230298 -6.056601 -3.321015
 H -3.288484 -5.293470 -2.985636
 H 4.213615 0.930775 5.706686
 H 4.797192 -0.458561 5.703605
 H -2.879930 -6.883979 7.189010
 H -1.328046 -7.103937 6.879870
 H 1.486846 -1.682345 3.530121
 H 2.320884 -2.681784 4.274906
 H 1.452700 -5.190046 2.263437
 H 0.639983 -5.638634 1.129462
 H -2.062147 -4.775763 5.811337
 H -2.054355 -3.400961 4.916717
 H -2.167249 -7.974827 -0.000651
 H -2.465702 -7.014216 -1.275365
 H -2.788832 -2.173060 -4.019382
 H -3.012617 -3.108380 -5.231995
 H 2.851615 -4.034816 -1.378903
 H 2.657029 -4.877473 -0.200921
 H -1.176424 2.653371 -2.828140
 H -0.646183 3.238271 -1.569159
 H -2.350159 -2.993439 0.890909
 H -1.165374 -2.093136 0.401202
 H 0.027702 -3.452069 3.833496
 H -0.513788 -3.998688 2.406428
 H 3.092764 -3.890615 -3.532720
 H 1.687684 -3.473236 -3.025829
 H 5.961567 4.810126 1.184499
 H 6.908259 4.124517 0.209352
 H 3.911240 -4.762964 5.331157
 H 5.326574 -4.091897 5.628150
 H -1.158424 -0.779117 -3.140959
 H -2.165850 -0.168297 -4.250328
 H -0.035557 2.268599 -4.709334
 H -1.455061 1.699777 -5.169527
 H 6.233903 0.145061 -1.941071
 H 5.406964 1.190883 -1.075976
 H 4.444242 1.123952 -3.096518
 H 3.558198 1.892842 -4.069419
 H -4.086596 5.106446 -7.647276
 H -5.090657 4.151474 -8.019455
 H 3.899376 -6.323601 0.098514
 H 5.314363 -5.760114 0.120204
 H 0.439673 -0.377430 -6.471169
 H 1.765018 0.286598 -6.154591
 H -2.964331 1.126241 -6.160383
 H -3.383432 2.385248 -5.492241
 H -0.110483 -0.160869 2.270598
 H 0.458393 -1.081190 1.184593
 H 7.410146 -2.273619 -3.788195
 H 6.026514 -1.983827 -4.295840
 H 4.011576 -0.409886 -1.294246
 H 4.059916 -1.469929 -0.113741
 H -1.253000 5.827301 2.675528
 H -1.346364 4.391492 3.385522
 H -3.461025 -0.381434 -2.512689
 H -4.907170 -0.964751 -2.068404
 H -1.773731 -5.905492 -0.010069
 H -1.028346 -4.513481 -0.364905
 H 5.916054 3.394013 -7.909278
 H 5.500715 3.318987 -9.277673
 H 3.449347 5.396861 3.265862
 H 2.296141 5.394619 2.359981
 H -5.941789 6.575610 -3.170309
 H -6.737876 8.042282 -2.957259
 H 0.169966 1.258651 -2.450167
 H 1.686616 1.116083 -2.873368
 H -4.613292 -4.265882 -0.413417
 H -4.873688 -5.174573 -1.568710
 H -2.909112 6.573345 1.704160
 H -2.905618 7.816718 2.705884
 H -1.953753 2.988372 4.966439
 H -0.640485 3.308365 5.653259
 H -2.402554 0.403110 0.556990
 H -3.675623 0.309536 -0.448064
 H -1.898917 -0.587079 4.854580
 H -0.925203 -0.945055 3.708071
 H 2.516959 2.567830 4.968644
 H 2.010553 2.222284 6.363933
 H -5.711996 0.606014 2.083345
 H -4.265854 0.866910 1.429135
 H 3.617151 5.756752 -2.789144
 H 2.578688 4.795167 -2.371543
 H 1.124230 -6.273510 -2.296614
 H -0.038397 -7.182826 -2.560814
 H -5.153836 3.752029 -4.694637
 H -5.631337 3.900871 -3.306921
 H 7.498232 0.752230 8.714670
 H 6.367009 1.235257 7.718916
 H -1.188253 2.065240 1.397525
 H -0.814791 2.158219 2.915778
 H 0.326578 -1.752872 -2.283640
 H 0.834568 -0.890312 -3.404045
 H -0.392017 -3.366989 -5.175460
 H -0.125298 -4.540921 -4.128710
 H 6.506863 -6.032243 5.037726
 H 6.284864 -6.664804 3.694952
 H 4.328851 -2.807107 2.233900
 H 3.027679 -2.777331 1.583749
 H 6.928230 -2.146201 2.749409
 H 5.501383 -1.944290 3.446189
 H 2.258243 3.700714 -4.353662
 H 0.850138 3.998540 -4.887155
 H 1.094561 -8.506814 -0.319839
 H 0.454013 -7.102981 -0.363168
 H -4.611341 -3.559153 -7.464619
 H -5.290868 -2.197749 -8.012714
 H -4.516182 3.394986 -0.957417
 H -4.942263 2.278257 -1.958986
 H 5.057607 3.813844 -4.764528
 H 4.136354 5.023348 -5.028648
 H 1.851550 -1.239898 -0.494688
 H 0.938251 -0.070598 -0.626223
 H -5.014205 -4.407975 2.319218
 H -6.403756 -4.122825 1.781983
 H 3.003442 1.487107 2.550966
 H 2.846125 2.892205 2.103541
K_POINTS
 1
0.0 0.0 0.0 1.0