
&control
    calculation='scf'
    pseudo_dir = './',
    outdir='./outputs',
    disk_io='high'
/
&system
    ibrav= 1, celldm(1)=20.000000, nat=  192, ntyp= 2,
    ecutwfc = 30.0, nosym=.true., occupations='smearing',
    smearing='m-v', degauss=0.025
/
&electrons
    conv_thr =  1.0d-8,
    mixing_beta = 0.7
/
&ions
    pot_extrapolation='second-order'
    wfc_extrapolation='second-order'
    ion_temperature = 'andersen'
    tempw = 1000

/
ATOMIC_SPECIES
 H  1.01  H.blyp-hgh.UPF
 O  16.0  O.blyp-hgh.UPF
ATOMIC_POSITIONS bohr
 O -5.237898 -1.545128 -1.183234
 O 3.996956 -2.212515 5.402684
 O -5.719063 5.215141 -5.571094
 O -0.156811 3.547235 -1.584054
 O -4.728966 0.694374 3.832420
 O -0.242659 5.420845 5.176597
 O -0.133456 -5.365900 -3.402528
 O 2.265980 0.352342 3.704317
 O -2.860419 -5.302920 5.615617
 O 1.854930 -3.050378 1.599331
 O 2.498947 -6.063312 2.904618
 O -4.244606 -3.056993 4.336134
 O -4.416928 -5.973130 0.712607
 O -3.553321 -5.678796 -3.614784
 O 2.026816 -2.741273 -2.088839
 O -1.741260 2.533588 1.502891
 O -1.015529 -1.376091 1.645634
 O 0.267072 -4.234537 3.627375
 O 5.448130 -4.099340 -4.937388
 O 5.652953 4.789846 2.181570
 O 6.043481 -2.948176 3.257549
 O -3.223829 -3.042241 -3.798098
 O -0.919205 2.566420 -4.932963
 O 3.862535 2.347384 2.823715
 O 2.317411 1.276103 -3.115912
 O -4.930406 2.876546 -6.116161
 O 4.422539 -5.932960 -1.257881
 O 1.936933 -1.328503 -4.575973
 O -2.022297 0.273064 -4.828508
 O 0.834967 -0.316505 0.611087
 O 4.796095 -1.771938 -3.814778
 O 5.177287 0.050946 0.000062
 O -0.365835 4.434452 1.812549
 O -5.331303 0.722393 -3.983770
 O 0.738099 -3.789539 -0.334641
 O 4.638461 3.384724 -4.252334
 O 3.582044 5.493855 5.798978
 O -5.051867 3.580023 -1.712860
 O -0.428266 1.041745 -1.558328
 O -2.951859 -3.275631 -1.210010
 O -2.591333 5.443314 3.406241
 O -1.487079 2.788711 3.731098
 O -2.647335 -0.197562 -0.650023
 O -1.514411 -2.231865 4.937570
 O 0.783670 1.752082 4.835414
 O -4.853231 3.437404 1.460615
 O 2.759826 3.879316 -0.523891
 O 2.668561 -5.938831 -3.534581
 O -2.683374 4.605869 -2.310632
 O 5.732256 0.499357 5.253225
 O -3.178480 0.148603 1.961745
 O -0.623882 -2.458442 -2.235537
 O 0.028761 -3.186279 -5.509805
 O 5.658672 -5.980856 4.473437
 O 5.192473 -2.950674 -0.232464
 O 4.728186 -0.693236 2.389953
 O 1.024563 4.301510 -4.388446
 O -0.563031 -5.726310 0.467743
 O -5.595623 -1.323274 -5.810751
 O -4.627777 1.512204 -0.963143
 O 5.237833 1.731330 -2.860008
 O 2.674080 -0.253142 -0.914467
 O -5.312478 -1.161504 1.171187
 O 1.492310 2.761998 1.413880
 H -4.725485 -1.816757 -0.405631
 H -4.583179 -1.519955 -1.898533
 H 3.493037 -2.998487 5.665973
 H 3.316187 -1.578277 5.127779
 H -6.196048 4.834891 -4.816707
 H -5.999089 4.670969 -6.323817
 H 0.337596 3.295866 -0.787848
 H 0.414988 4.198609 -2.019731
 H -5.419957 0.015177 3.783750
 H -5.118960 1.385866 4.390068
 H 0.211706 6.277915 5.162127
 H -0.231547 5.164739 6.112300
 H -0.357291 -5.660865 -2.505922
 H -0.742391 -5.862290 -3.971570
 H 2.400278 1.192876 3.238464
 H 1.396356 0.050687 3.398051
 H -3.496375 -5.613483 6.279244
 H -2.009114 -5.319409 6.080492
 H 1.944159 -2.084492 1.625600
 H 2.768577 -3.372347 1.649320
 H 3.287744 -6.191312 2.354562
 H 1.836594 -6.649088 2.505235
 H -3.655063 -3.509025 3.712334
 H -4.242076 -2.134692 4.035302
 H -3.477138 -6.144764 0.544001
 H -4.562326 -5.085481 0.348923
 H -4.461408 -5.645449 -3.275216
 H -3.500418 -6.539717 -4.058766
 H 2.153475 -1.780943 -2.032363
 H 2.483571 -3.084759 -1.305015
 H -1.612888 3.130797 0.749419
 H -1.361390 1.692579 1.203384
 H -0.393826 -1.955875 1.178331
 H -0.920361 -1.631437 2.576759
 H 0.872709 -3.559876 3.972428
 H -0.354584 -3.732359 3.077396
 H 5.894657 -4.702582 -5.552179
 H 6.174803 -3.680529 -4.449961
 H 5.443442 5.601149 2.670811
 H 5.918590 5.106547 1.303959
 H 5.327650 -2.701702 2.650941
 H 6.579291 -3.574908 2.746590
 H -2.413418 -2.836666 -4.290172
 H -3.929002 -2.951354 -4.458018
 H -0.518760 2.973524 -4.148639
 H -0.597498 1.651335 -4.912664
 H 4.667552 2.474719 3.349947
 H 3.432260 3.216716 2.838751
 H 2.895490 1.074272 -3.868439
 H 2.185670 2.235630 -3.171421
 H -4.980959 2.515984 -5.216831
 H -3.990970 3.089525 -6.231393
 H 4.223559 -5.042108 -1.586793
 H 5.378493 -5.914400 -1.093895
 H 2.741954 -1.089311 -5.061811
 H 1.217301 -0.997800 -5.136265
 H -2.148541 -0.461320 -5.449599
 H -2.861779 0.757914 -4.864411
 H 1.342053 0.492925 0.780144
 H 1.128421 -0.597032 -0.269919
 H 4.021700 -2.196894 -3.413285
 H 5.433983 -1.710430 -3.086322
 H 5.099956 1.014568 -0.080114
 H 5.919568 -0.174701 -0.583288
 H -0.549331 4.093884 2.702579
 H -0.308083 5.394914 1.935666
 H -4.710909 1.210191 -3.419586
 H -5.989595 0.374349 -3.361709
 H 0.757552 -4.701714 -0.663652
 H 0.679575 -3.888818 0.628494
 H 3.721780 3.620150 -4.039779
 H 4.558976 2.808080 -5.028394
 H 3.196745 4.884703 5.149650
 H 2.874440 6.135877 5.966844
 H -5.856256 3.904993 -1.278751
 H -4.826223 4.280910 -2.344596
 H 0.000095 0.383914 -2.128242
 H -1.293916 1.182887 -1.972699
 H -3.148214 -3.326696 -2.159089
 H -2.808934 -4.199074 -0.949969
 H -3.186881 5.883508 2.779613
 H -2.456915 6.102698 4.105358
 H -1.578334 1.826805 3.817113
 H -2.384542 3.092031 3.522542
 H -2.388859 -1.057450 -0.282933
 H -2.793782 0.356901 0.132474
 H -2.362777 -2.095722 5.387888
 H -1.332344 -3.176765 5.061123
 H 1.637615 1.744942 5.295443
 H 0.180701 2.177373 5.465505
 H -5.357213 3.358759 2.285744
 H -3.942684 3.225504 1.720291
 H 3.361983 4.544387 -0.154594
 H 2.809507 4.024245 -1.481750
 H 3.576108 -6.043697 -3.861217
 H 2.279870 -5.278134 -4.129131
 H -2.575556 3.900731 -2.968141
 H -2.150022 4.307179 -1.557182
 H 5.943485 0.259044 6.169316
 H 4.763612 0.461388 5.217883
 H -2.948200 -0.652093 2.458371
 H -3.607652 0.717849 2.619963
 H -0.117256 -3.278870 -2.340680
 H -0.222608 -2.032882 -1.461808
 H 0.432241 -3.503072 -4.686278
 H 0.758348 -3.199489 -6.148919
 H 4.985892 -5.468283 4.948476
 H 6.489254 -5.745043 4.915755
 H 5.654052 -3.585795 0.337209
 H 4.570361 -2.507888 0.365818
 H 4.199636 -0.559486 1.587580
 H 4.375187 -0.040540 3.014820
 H 1.453534 3.705885 -5.022731
 H 1.751534 4.849133 -4.051295
 H -0.889997 -6.339081 -0.209642
 H -1.356362 -5.246428 0.752988
 H -5.370904 -2.031454 -6.434652
 H -4.734770 -1.003122 -5.498389
 H -3.856063 2.093389 -1.049578
 H -4.834792 1.536724 -0.015691
 H 5.769881 2.541968 -2.890884
 H 4.404661 2.012809 -2.450746
 H 3.455526 -0.702572 -0.555834
 H 3.041606 0.405152 -1.525042
 H -5.911202 -0.571565 1.655843
 H -4.861812 -1.662931 1.868462
 H 1.501189 3.724849 1.532172
 H 2.304805 2.578886 0.916482
K_POINTS
 1
0.0 0.0 0.0 1.0