
&control
    calculation='scf'
    pseudo_dir = './',
    outdir='./outputs',
    disk_io='high'
/
&system
    ibrav= 1, celldm(1)=20.000000, nat=  192, ntyp= 2,
    ecutwfc = 30.0, nosym=.true., occupations='smearing',
    smearing='m-v', degauss=0.025
/
&electrons
    conv_thr =  1.0d-8,
    mixing_beta = 0.7
/
&ions
    pot_extrapolation='second-order'
    wfc_extrapolation='second-order'
    ion_temperature = 'andersen'
    tempw = 1000

/
ATOMIC_SPECIES
 H  1.01  H.blyp-hgh.UPF
 O  16.0  O.blyp-hgh.UPF
ATOMIC_POSITIONS bohr
 O -5.240694 -1.546153 -1.196121
 O 3.995528 -2.211440 5.402353
 O -5.717867 5.224062 -5.568193
 O -0.157652 3.554129 -1.583984
 O -4.724354 0.697432 3.831776
 O -0.241873 5.422111 5.177974
 O -0.131863 -5.365427 -3.403387
 O 2.272352 0.343560 3.701335
 O -2.859626 -5.301671 5.615574
 O 1.861136 -3.045502 1.608611
 O 2.500645 -6.064047 2.905259
 O -4.239524 -3.056648 4.339955
 O -4.418615 -5.971513 0.713918
 O -3.553934 -5.677735 -3.618249
 O 2.035854 -2.742666 -2.096300
 O -1.749616 2.529145 1.489032
 O -1.022227 -1.384012 1.650888
 O 0.264134 -4.237071 3.631789
 O 5.447380 -4.104451 -4.938457
 O 5.644277 4.792485 2.181047
 O 6.039320 -2.950960 3.255132
 O -3.225390 -3.038672 -3.802427
 O -0.918440 2.570337 -4.934075
 O 3.863722 2.347503 2.825107
 O 2.317867 1.278236 -3.116427
 O -4.927893 2.872002 -6.119284
 O 4.423757 -5.935907 -1.256724
 O 1.938036 -1.326981 -4.577559
 O -2.022592 0.269474 -4.829199
 O 0.834617 -0.318206 0.618535
 O 4.795660 -1.769289 -3.813454
 O 5.174494 0.054880 -0.003305
 O -0.358195 4.443788 1.813299
 O -5.321553 0.721516 -3.990715
 O 0.736824 -3.790902 -0.337771
 O 4.634135 3.397629 -4.261315
 O 3.580223 5.492899 5.803020
 O -5.057527 3.589624 -1.720883
 O -0.424347 1.042260 -1.560990
 O -2.956386 -3.279520 -1.200087
 O -2.592452 5.443157 3.402070
 O -1.487825 2.789796 3.748468
 O -2.646372 -0.199886 -0.654869
 O -1.513736 -2.228208 4.934178
 O 0.779847 1.756459 4.841713
 O -4.849781 3.433253 1.459573
 O 2.761924 3.879428 -0.526457
 O 2.669322 -5.942270 -3.535776
 O -2.682796 4.607235 -2.311933
 O 5.722053 0.506262 5.252470
 O -3.171654 0.150412 1.961440
 O -0.627846 -2.454540 -2.242176
 O 0.027323 -3.190167 -5.510277
 O 5.661042 -5.979904 4.469663
 O 5.186883 -2.955786 -0.234012
 O 4.726737 -0.695276 2.394012
 O 1.026513 4.299503 -4.386954
 O -0.567289 -5.729758 0.467990
 O -5.590070 -1.328084 -5.807546
 O -4.628260 1.503507 -0.960866
 O 5.235219 1.721493 -2.847306
 O 2.677583 -0.254634 -0.919466
 O -5.309743 -1.166664 1.176247
 O 1.495651 2.755084 1.416179
 H -4.730846 -1.794607 -0.403834
 H -4.567570 -1.502878 -1.895862
 H 3.498874 -3.001392 5.677975
 H 3.309579 -1.573367 5.108662
 H -6.211163 4.828502 -4.820778
 H -5.994230 4.664433 -6.320587
 H 0.341658 3.276332 -0.774359
 H 0.415399 4.208516 -2.024848
 H -5.433832 0.023492 3.792925
 H -5.125953 1.378643 4.412300
 H 0.213813 6.289896 5.148498
 H -0.225278 5.147416 6.120214
 H -0.365846 -5.659363 -2.505165
 H -0.752596 -5.862350 -3.966170
 H 2.407146 1.206367 3.233597
 H 1.389440 0.055341 3.404951
 H -3.506081 -5.613684 6.287673
 H -2.000977 -5.321090 6.082408
 H 1.931413 -2.056594 1.615764
 H 2.768218 -3.387641 1.658531
 H 3.295674 -6.196020 2.351932
 H 1.819139 -6.647801 2.503327
 H -3.638185 -3.513600 3.724991
 H -4.254052 -2.130780 4.025891
 H -3.477596 -6.160832 0.535746
 H -4.553394 -5.071073 0.340557
 H -4.466462 -5.642933 -3.277788
 H -3.508806 -6.551890 -4.047646
 H 2.156255 -1.764192 -2.035903
 H 2.466574 -3.086349 -1.293873
 H -1.594451 3.135063 0.748725
 H -1.366759 1.672502 1.198651
 H -0.384335 -1.942610 1.170532
 H -0.922379 -1.630474 2.594948
 H 0.884322 -3.555820 3.949552
 H -0.353724 -3.726371 3.073547
 H 5.902754 -4.720580 -5.548212
 H 6.162280 -3.657650 -4.450274
 H 5.457738 5.610576 2.705351
 H 5.944451 5.097712 1.304783
 H 5.317038 -2.673250 2.655685
 H 6.580817 -3.584358 2.756192
 H -2.392769 -2.834120 -4.273321
 H -3.938949 -2.954018 -4.459571
 H -0.507548 2.979583 -4.142646
 H -0.626673 1.632326 -4.904773
 H 4.681108 2.477293 3.347420
 H 3.428788 3.221608 2.830234
 H 2.902925 1.057401 -3.870096
 H 2.162137 2.241574 -3.168367
 H -4.994524 2.493988 -5.213476
 H -3.982706 3.097189 -6.236334
 H 4.217312 -5.031959 -1.587072
 H 5.385007 -5.909108 -1.092983
 H 2.761298 -1.098056 -5.063170
 H 1.202777 -1.000521 -5.133709
 H -2.140698 -0.469544 -5.451345
 H -2.864455 0.761904 -4.865165
 H 1.336171 0.499099 0.768282
 H 1.140823 -0.574513 -0.269281
 H 4.008771 -2.203810 -3.402496
 H 5.436559 -1.710107 -3.070591
 H 5.097866 1.021384 -0.083500
 H 5.953209 -0.207346 -0.595643
 H -0.567730 4.060528 2.712207
 H -0.323431 5.408987 1.931868
 H -4.714222 1.196708 -3.387396
 H -6.000513 0.390062 -3.355986
 H 0.747413 -4.699513 -0.659912
 H 0.697525 -3.897853 0.626372
 H 3.717991 3.637963 -4.050032
 H 4.570272 2.802417 -5.032449
 H 3.191041 4.893765 5.134545
 H 2.861501 6.131269 5.961956
 H -5.859870 3.899756 -1.261691
 H -4.810702 4.310279 -2.338876
 H -0.004150 0.375897 -2.134237
 H -1.302283 1.159081 -1.963396
 H -3.137830 -3.317027 -2.185807
 H -2.798011 -4.203214 -0.958702
 H -3.204054 5.878564 2.777522
 H -2.462044 6.101731 4.132995
 H -1.569328 1.822009 3.803506
 H -2.378005 3.103387 3.518229
 H -2.378016 -1.057646 -0.283006
 H -2.803520 0.337725 0.148707
 H -2.373575 -2.107711 5.377983
 H -1.330038 -3.182001 5.071927
 H 1.640562 1.728094 5.288346
 H 0.158426 2.201484 5.465912
 H -5.363728 3.372750 2.284915
 H -3.921401 3.211371 1.708430
 H 3.370525 4.559282 -0.162827
 H 2.815895 4.036851 -1.484781
 H 3.593255 -6.033789 -3.859920
 H 2.267138 -5.268451 -4.117592
 H -2.559928 3.889135 -2.965844
 H -2.131198 4.287253 -1.560684
 H 5.958911 0.228414 6.174719
 H 4.752423 0.454400 5.218385
 H -2.933249 -0.651086 2.446623
 H -3.629858 0.715644 2.630936
 H -0.105058 -3.265015 -2.330531
 H -0.224885 -2.046577 -1.463685
 H 0.432298 -3.496059 -4.666418
 H 0.761289 -3.189239 -6.146782
 H 4.976977 -5.477645 4.946207
 H 6.497876 -5.743340 4.908318
 H 5.659501 -3.579319 0.343658
 H 4.577157 -2.500585 0.373867
 H 4.215341 -0.535564 1.578529
 H 4.350316 -0.049504 3.021821
 H 1.441578 3.702045 -5.038725
 H 1.761018 4.900889 -4.048064
 H -0.891766 -6.363087 -0.204006
 H -1.355683 -5.231991 0.751985
 H -5.388230 -2.039880 -6.452217
 H -4.734219 -0.987694 -5.482935
 H -3.865917 2.093549 -1.039001
 H -4.825836 1.534534 -0.004678
 H 5.782650 2.531260 -2.880157
 H 4.399918 2.008410 -2.445688
 H 3.483009 -0.684181 -0.555866
 H 3.033655 0.409166 -1.547196
 H -5.935252 -0.575679 1.654561
 H -4.861780 -1.654898 1.877777
 H 1.459140 3.727047 1.526886
 H 2.309290 2.581320 0.906551
K_POINTS
 1
0.0 0.0 0.0 1.0