
&control
    calculation='scf'
    pseudo_dir = './',
    outdir='./outputs',
    disk_io='high'
/
&system
    ibrav= 1, celldm(1)=20.000000, nat=  192, ntyp= 2,
    ecutwfc = 30.0, nosym=.true., occupations='smearing',
    smearing='m-v', degauss=0.025
/
&electrons
    conv_thr =  1.0d-8,
    mixing_beta = 0.7
/
&ions
    pot_extrapolation='second-order'
    wfc_extrapolation='second-order'
    ion_temperature = 'andersen'
    tempw = 1000

/
ATOMIC_SPECIES
 H  1.01  H.blyp-hgh.UPF
 O  16.0  O.blyp-hgh.UPF
ATOMIC_POSITIONS bohr
 O -5.275580 -1.428624 -1.755911
 O 3.771083 -2.007674 5.404417
 O -5.758404 5.579414 -5.386380
 O -0.122698 3.914482 -1.398321
 O -4.776249 0.800042 3.988358
 O -0.230900 5.538029 5.274266
 O -0.164328 -5.424650 -3.365013
 O 2.535920 0.035280 3.585459
 O -2.850310 -5.323048 5.709990
 O 2.097535 -2.744344 2.089066
 O 2.603226 -6.145685 2.901549
 O -3.986067 -2.973988 4.505637
 O -4.430899 -5.779663 0.706147
 O -3.626921 -5.735019 -3.880690
 O 2.541674 -2.845601 -2.412221
 O -2.094914 2.452173 0.717395
 O -1.225720 -1.927130 2.032578
 O 0.248258 -4.187680 3.783228
 O 5.333297 -4.460791 -5.004527
 O 5.322337 5.018284 2.230957
 O 5.842888 -3.051509 3.261163
 O -3.233830 -2.767053 -3.904222
 O -0.902855 2.720640 -4.934621
 O 3.979749 2.374293 2.958239
 O 2.343213 1.492809 -3.188834
 O -4.751159 2.539923 -6.322952
 O 4.526130 -5.998074 -1.224328
 O 2.048311 -1.212030 -4.730748
 O -2.088594 0.065870 -4.862508
 O 0.991127 -0.323309 0.873245
 O 4.719255 -1.730595 -3.540488
 O 5.295854 0.164926 -0.232840
 O -0.134083 4.667999 2.104010
 O -4.806077 0.760250 -4.046363
 O 0.776097 -3.851077 -0.416511
 O 4.476592 3.960894 -4.593220
 O 3.276476 5.439148 5.821641
 O -5.403421 4.215093 -1.987172
 O -0.402584 0.934396 -1.832967
 O -3.120312 -3.682373 -0.890723
 O -2.739974 5.488522 3.250491
 O -1.669666 2.834956 4.355402
 O -2.519209 -0.465913 -0.745651
 O -1.502240 -2.007462 4.787710
 O 0.628013 1.919791 5.081251
 O -4.591262 3.232731 1.335084
 O 3.033781 4.084194 -0.733285
 O 2.708004 -5.939900 -3.732658
 O -2.447688 4.407372 -2.350266
 O 5.176890 0.640908 5.493518
 O -2.868445 0.331297 1.953122
 O -0.696166 -2.283387 -2.584160
 O 0.055389 -3.445369 -5.459039
 O 5.803223 -5.904677 4.234988
 O 4.880132 -3.238006 -0.040740
 O 4.575944 -0.734596 2.435452
 O 1.313355 4.324247 -4.309970
 O -0.848895 -5.885000 0.364054
 O -5.449094 -1.596519 -5.759702
 O -4.693813 1.230247 -0.766127
 O 5.126930 1.421293 -2.237955
 O 2.861927 -0.316823 -1.296269
 O -5.249228 -1.386051 1.357876
 O 1.615365 2.441257 1.397379
 H -5.296393 -1.754595 -0.820189
 H -4.647400 -0.674796 -1.595595
 H 4.130359 -2.805707 5.871656
 H 3.346578 -2.459939 4.645466
 H -6.599734 5.101199 -5.167269
 H -5.182037 4.870981 -5.730297
 H -0.199192 3.021858 -1.855115
 H 0.601997 4.392449 -1.853172
 H -5.687953 1.146540 4.128633
 H -4.300885 1.423263 4.604109
 H 0.147528 6.377423 4.916950
 H 0.230958 5.340652 6.109770
 H -0.517962 -5.360334 -2.460475
 H -0.960961 -5.345693 -3.922451
 H 3.071114 0.880682 3.528995
 H 1.649714 0.367365 3.842886
 H -3.192581 -5.334235 6.640544
 H -1.928064 -5.671714 5.784674
 H 1.896008 -1.895412 1.619594
 H 3.045295 -2.987895 2.094625
 H 3.267992 -6.618512 2.350713
 H 1.755167 -6.579301 2.650470
 H -3.463378 -3.824150 4.415920
 H -4.812165 -3.414283 4.141126
 H -4.528648 -6.671438 0.304593
 H -3.879122 -5.247225 0.085029
 H -4.201153 -4.979533 -3.650377
 H -3.879701 -6.423049 -3.232706
 H 2.673204 -1.952638 -1.954526
 H 1.750512 -3.249475 -1.967655
 H -1.175080 2.574128 1.021491
 H -2.404392 1.572470 1.095105
 H -0.963603 -1.014786 1.730052
 H -1.196912 -1.957609 3.031321
 H 0.777460 -4.654835 3.107052
 H -0.646988 -4.137784 3.400321
 H 6.217721 -4.501312 -4.597784
 H 5.259945 -3.473733 -4.997316
 H 5.638196 5.424683 3.118089
 H 6.179440 5.074652 1.753313
 H 5.405093 -2.186216 3.052356
 H 5.421110 -3.701410 2.659351
 H -2.278371 -2.584480 -3.958388
 H -3.605188 -2.863805 -4.798086
 H -0.496051 2.857972 -4.062214
 H -1.425622 1.865254 -4.904019
 H 4.845664 2.821052 2.972296
 H 3.443305 2.856463 2.291749
 H 2.502813 0.707658 -3.781827
 H 1.521946 1.888358 -3.540244
 H -5.003849 1.839691 -5.690928
 H -3.988617 2.960834 -5.883738
 H 4.008774 -5.193197 -1.025863
 H 5.387100 -5.782365 -0.816875
 H 2.748385 -1.462464 -5.389829
 H 1.364083 -0.749447 -5.247178
 H -1.631335 -0.217047 -5.679720
 H -3.056845 0.008552 -4.996402
 H 0.846719 0.517202 1.361908
 H 1.856679 -0.041252 0.475654
 H 4.076616 -2.308610 -3.066540
 H 5.491408 -1.621613 -2.945946
 H 5.572355 0.913802 -0.802289
 H 5.344372 -0.591240 -0.883908
 H -0.028529 4.143471 2.951710
 H -0.841180 5.310029 2.373965
 H -5.012660 0.457925 -3.134226
 H -5.747772 0.851725 -4.347791
 H 0.429229 -4.635579 0.080321
 H 1.444172 -3.518464 0.232374
 H 4.042479 4.357808 -5.402425
 H 4.761032 3.104206 -4.963400
 H 3.228704 5.552896 4.843708
 H 2.694753 6.158207 6.147898
 H -5.568244 3.635257 -1.214258
 H -4.382217 4.115744 -2.037385
 H 0.046991 0.243593 -2.347057
 H -0.449843 0.560297 -0.935070
 H -3.689509 -2.972843 -1.333146
 H -2.340711 -3.784905 -1.500066
 H -3.630905 5.725304 2.917660
 H -2.734159 5.806952 4.194468
 H -1.327595 2.411616 3.548600
 H -1.987268 3.720309 4.064151
 H -2.240104 -1.402024 -0.742020
 H -3.112768 -0.439516 0.040537
 H -2.452611 -2.267555 4.787052
 H -1.134660 -2.538755 5.539254
 H 1.147778 1.448053 5.760210
 H -0.155983 2.301788 5.548795
 H -4.899692 3.313342 2.257979
 H -3.646759 2.904597 1.346224
 H 3.541494 4.904036 -0.521717
 H 2.992652 4.156936 -1.709698
 H 3.599210 -5.535403 -3.767120
 H 2.225422 -5.549136 -2.978148
 H -2.501608 4.016482 -3.243561
 H -1.482989 4.267015 -2.054532
 H 5.734682 -0.192182 5.559813
 H 4.314985 0.278968 5.190815
 H -2.309401 -0.504700 2.026731
 H -3.305846 0.316820 2.849786
 H 0.289870 -2.250960 -2.625857
 H -0.866948 -2.330111 -1.618877
 H -0.088127 -3.181525 -4.533505
 H 0.714032 -2.814204 -5.810075
 H 5.349646 -6.427996 4.942023
 H 6.416379 -5.401896 4.802890
 H 5.821305 -3.157626 -0.291441
 H 4.551336 -2.330332 -0.218179
 H 4.704796 0.219664 2.228098
 H 3.599838 -0.873836 2.398241
 H 1.193070 4.214703 -5.271353
 H 1.799703 5.198809 -4.118209
 H -1.286388 -6.710414 0.641214
 H -1.606768 -5.296106 0.179787
 H -4.863951 -2.018173 -6.432016
 H -4.993487 -0.943093 -5.186826
 H -4.693462 2.161059 -1.044764
 H -4.665627 1.256945 0.208756
 H 5.738820 2.183705 -2.248870
 H 4.334050 1.735270 -2.731891
 H 3.694811 0.193330 -1.079505
 H 2.313879 0.317595 -1.825789
 H -6.165733 -1.279230 1.684378
 H -4.667089 -1.467263 2.135991
 H 0.711103 2.649495 1.711508
 H 1.789676 3.035372 0.618871
K_POINTS
 1
0.0 0.0 0.0 1.0