
&control
    calculation='scf'
    pseudo_dir = './',
    outdir='./outputs',
    disk_io='high'
/
&system
    ibrav= 1, celldm(1)=20.000000, nat=  192, ntyp= 2,
    ecutwfc = 30.0, nosym=.true., occupations='smearing',
    smearing='m-v', degauss=0.025
/
&electrons
    conv_thr =  1.0d-8,
    mixing_beta = 0.7
/
&ions
    pot_extrapolation='second-order'
    wfc_extrapolation='second-order'
    ion_temperature = 'andersen'
    tempw = 1000

/
ATOMIC_SPECIES
 H  1.01  H.blyp-hgh.UPF
 O  16.0  O.blyp-hgh.UPF
ATOMIC_POSITIONS bohr
 O -5.275642 -1.427486 -1.758631
 O 3.768089 -2.007143 5.405058
 O -5.758747 5.581197 -5.385554
 O -0.121724 3.915267 -1.396775
 O -4.777292 0.801172 3.989813
 O -0.231180 5.539523 5.274771
 O -0.165181 -5.424866 -3.364161
 O 2.537135 0.034076 3.585823
 O -2.849989 -5.323635 5.711010
 O 2.099315 -2.743140 2.091637
 O 2.603794 -6.146575 2.901464
 O -3.985581 -2.975029 4.504335
 O -4.430661 -5.778733 0.705784
 O -3.627177 -5.735286 -3.882307
 O 2.544285 -2.846760 -2.414278
 O -2.096891 2.452674 0.711905
 O -1.226411 -1.929886 2.035299
 O 0.248624 -4.188384 3.783317
 O 5.332435 -4.462505 -5.004881
 O 5.319903 5.018314 2.231091
 O 5.842112 -3.053117 3.261137
 O -3.234001 -2.765070 -3.904613
 O -0.903505 2.721509 -4.934348
 O 3.980836 2.374476 2.959222
 O 2.343518 1.494452 -3.190794
 O -4.749196 2.537675 -6.324397
 O 4.526685 -5.997897 -1.223787
 O 2.048924 -1.210504 -4.732470
 O -2.089015 0.064744 -4.863216
 O 0.992353 -0.322695 0.874549
 O 4.718809 -1.730516 -3.538588
 O 5.296893 0.165081 -0.233512
 O -0.133384 4.668387 2.107499
 O -4.803719 0.760511 -4.046657
 O 0.777066 -3.851846 -0.416739
 O 4.475251 3.964248 -4.595545
 O 3.273993 5.439342 5.820301
 O -5.404286 4.219447 -1.986773
 O -0.402302 0.933800 -1.834377
 O -3.120311 -3.685052 -0.889101
 O -2.740960 5.488149 3.249847
 O -1.671883 2.835723 4.358617
 O -2.517932 -0.469142 -0.745589
 O -1.501134 -2.005143 4.786966
 O 0.628211 1.920416 5.083152
 O -4.589507 3.231610 1.334396
 O 3.035672 4.086309 -0.734703
 O 2.707884 -5.938329 -3.733821
 O -2.446523 4.405578 -2.351231
 O 5.173263 0.641277 5.495178
 O -2.866644 0.331501 1.953259
 O -0.695870 -2.281985 -2.586401
 O 0.055596 -3.446579 -5.459155
 O 5.803654 -5.903935 4.235066
 O 4.879007 -3.238892 -0.038594
 O 4.575217 -0.734707 2.434589
 O 1.314642 4.323429 -4.309449
 O -0.851664 -5.885185 0.362592
 O -5.448238 -1.598747 -5.760467
 O -4.694808 1.229202 -0.765409
 O 5.126318 1.421563 -2.235868
 O 2.861290 -0.317215 -1.298509
 O -5.248556 -1.387563 1.357671
 O 1.615839 2.439315 1.395974
 H -5.294597 -1.757807 -0.824028
 H -4.649568 -0.672521 -1.592521
 H 4.139757 -2.801448 5.868635
 H 3.350001 -2.462514 4.645413
 H -6.600082 5.103189 -5.168304
 H -5.178280 4.873756 -5.723337
 H -0.205224 3.030024 -1.861594
 H 0.603266 4.390443 -1.853083
 H -5.685900 1.152947 4.131632
 H -4.294235 1.422476 4.600711
 H 0.147333 6.377641 4.916082
 H 0.231646 5.346246 6.110113
 H -0.517742 -5.360098 -2.459481
 H -0.960380 -5.342184 -3.922526
 H 3.074715 0.877184 3.529806
 H 1.652610 0.369926 3.843534
 H -3.188090 -5.335189 6.642339
 H -1.928653 -5.674801 5.781814
 H 1.895093 -1.893404 1.626136
 H 3.048395 -2.981522 2.093718
 H 3.268543 -6.618632 2.350737
 H 1.757613 -6.583219 2.652191
 H -3.468167 -3.829576 4.426577
 H -4.816245 -3.415722 4.154040
 H -4.536359 -6.669038 0.304068
 H -3.877644 -5.250828 0.083344
 H -4.194789 -4.974704 -3.652813
 H -3.880657 -6.418698 -3.230052
 H 2.674533 -1.957835 -1.949130
 H 1.755318 -3.252725 -1.967757
 H -1.177921 2.570008 1.020065
 H -2.409217 1.577817 1.098780
 H -0.961245 -1.021034 1.735201
 H -1.200816 -1.960553 3.034053
 H 0.774955 -4.659129 3.107724
 H -0.648863 -4.139575 3.406756
 H 6.214711 -4.500553 -4.594707
 H 5.254686 -3.476125 -4.995516
 H 5.641628 5.430984 3.113859
 H 6.177170 5.078216 1.753838
 H 5.403164 -2.186890 3.059315
 H 5.411713 -3.698675 2.661182
 H -2.278702 -2.581989 -3.957447
 H -3.601491 -2.860867 -4.799932
 H -0.498641 2.860258 -4.061919
 H -1.422878 1.864627 -4.906583
 H 4.844659 2.824729 2.969700
 H 3.442727 2.849293 2.289114
 H 2.496217 0.703622 -3.777733
 H 1.521601 1.888300 -3.541300
 H -5.004009 1.839129 -5.692936
 H -3.988137 2.958167 -5.883281
 H 4.009065 -5.195169 -1.021450
 H 5.386773 -5.784768 -0.814295
 H 2.746433 -1.462446 -5.392911
 H 1.367147 -0.746576 -5.250208
 H -1.631522 -0.212799 -5.681800
 H -3.056786 -0.000239 -4.995341
 H 0.848974 0.515682 1.367760
 H 1.860764 -0.042353 0.478758
 H 4.079590 -2.311045 -3.065155
 H 5.493533 -1.623052 -2.948468
 H 5.573027 0.912989 -0.804395
 H 5.339086 -0.591084 -0.885184
 H -0.019257 4.151954 2.957891
 H -0.842101 5.307756 2.380220
 H -5.010388 0.455389 -3.135741
 H -5.742831 0.851149 -4.353859
 H 0.430062 -4.632919 0.085845
 H 1.444254 -3.511585 0.229351
 H 4.048914 4.360896 -5.408691
 H 4.762603 3.108129 -4.964408
 H 3.223898 5.554175 4.843059
 H 2.697428 6.159171 6.153683
 H -5.570757 3.637502 -1.216216
 H -4.385815 4.105882 -2.044259
 H 0.045405 0.242960 -2.349250
 H -0.442867 0.562409 -0.936083
 H -3.698480 -2.980557 -1.324597
 H -2.344582 -3.778159 -1.505173
 H -3.631322 5.726074 2.916958
 H -2.737109 5.810944 4.191429
 H -1.331125 2.415978 3.549206
 H -1.985148 3.722723 4.066813
 H -2.242936 -1.406229 -0.745033
 H -3.113940 -0.439353 0.038195
 H -2.451907 -2.261876 4.787534
 H -1.136469 -2.533437 5.541133
 H 1.144456 1.448797 5.764318
 H -0.159981 2.296045 5.546765
 H -4.896540 3.307126 2.257759
 H -3.643292 2.909942 1.341474
 H 3.544640 4.905090 -0.525310
 H 2.994603 4.153612 -1.711262
 H 3.598744 -5.534411 -3.766424
 H 2.228800 -5.552861 -2.974965
 H -2.503719 4.018424 -3.245271
 H -1.482122 4.270144 -2.054700
 H 5.729691 -0.192132 5.565049
 H 4.313111 0.277871 5.188776
 H -2.311409 -0.508435 2.028131
 H -3.302288 0.323019 2.850870
 H 0.290067 -2.241660 -2.629499
 H -0.869335 -2.335539 -1.621731
 H -0.092277 -3.183756 -4.534739
 H 0.715202 -2.814870 -5.806591
 H 5.356203 -6.431494 4.942620
 H 6.416574 -5.400268 4.802254
 H 5.817943 -3.159476 -0.296793
 H 4.545285 -2.334863 -0.224253
 H 4.703989 0.221289 2.234003
 H 3.599862 -0.877762 2.395436
 H 1.195324 4.219127 -5.271903
 H 1.806172 5.196725 -4.119715
 H -1.286265 -6.711136 0.641177
 H -1.611815 -5.299301 0.179847
 H -4.856898 -2.016734 -6.429327
 H -4.997591 -0.945450 -5.184245
 H -4.694708 2.159862 -1.044359
 H -4.665862 1.256838 0.209363
 H 5.736756 2.184530 -2.247896
 H 4.334544 1.732266 -2.733372
 H 3.695379 0.191783 -1.079817
 H 2.313993 0.319361 -1.825967
 H -6.164197 -1.281189 1.685249
 H -4.666465 -1.468051 2.135726
 H 0.714829 2.647826 1.715686
 H 1.785371 3.033595 0.617076
K_POINTS
 1
0.0 0.0 0.0 1.0