
&control
    calculation='scf'
    pseudo_dir = './',
    outdir='./outputs',
    disk_io='high'
/
&system
    ibrav= 1, celldm(1)=20.000000, nat=  192, ntyp= 2,
    ecutwfc = 30.0, nosym=.true., occupations='smearing',
    smearing='m-v', degauss=0.025
/
&electrons
    conv_thr =  1.0d-8,
    mixing_beta = 0.7
/
&ions
    pot_extrapolation='second-order'
    wfc_extrapolation='second-order'
    ion_temperature = 'andersen'
    tempw = 1000

/
ATOMIC_SPECIES
 H  1.01  H.blyp-hgh.UPF
 O  16.0  O.blyp-hgh.UPF
ATOMIC_POSITIONS bohr
 O -5.240964 -1.546258 -1.197433
 O 3.995328 -2.211289 5.402302
 O -5.717792 5.224920 -5.567889
 O -0.157671 3.554819 -1.583885
 O -4.723967 0.697751 3.831760
 O -0.241769 5.422272 5.178172
 O -0.131727 -5.365406 -3.403467
 O 2.272994 0.342758 3.700966
 O -2.859559 -5.301570 5.615644
 O 1.861755 -3.044889 1.609562
 O 2.500800 -6.064172 2.905272
 O -4.238990 -3.056578 4.340322
 O -4.418766 -5.971273 0.714014
 O -3.554028 -5.677658 -3.618613
 O 2.036804 -2.742712 -2.097057
 O -1.750451 2.528621 1.487610
 O -1.022901 -1.384856 1.651479
 O 0.263820 -4.237281 3.632229
 O 5.447337 -4.105003 -4.938591
 O 5.643370 4.792840 2.181032
 O 6.038859 -2.951228 3.254871
 O -3.225521 -3.038296 -3.802887
 O -0.918313 2.570698 -4.934137
 O 3.863871 2.347553 2.825278
 O 2.317937 1.278473 -3.116511
 O -4.927601 2.871520 -6.119546
 O 4.423896 -5.936126 -1.256633
 O 1.938179 -1.326797 -4.577774
 O -2.022650 0.269110 -4.829278
 O 0.834606 -0.318377 0.619271
 O 4.795579 -1.769064 -3.813209
 O 5.174374 0.055222 -0.003779
 O -0.357437 4.444677 1.813514
 O -5.320583 0.721422 -3.991306
 O 0.736695 -3.791010 -0.338069
 O 4.633708 3.398920 -4.262248
 O 3.579984 5.492788 5.803398
 O -5.058109 3.590645 -1.721735
 O -0.423947 1.042294 -1.561298
 O -2.956893 -3.279909 -1.199254
 O -2.592569 5.443235 3.401712
 O -1.487902 2.789903 3.750235
 O -2.646276 -0.200113 -0.655303
 O -1.513685 -2.227901 4.933858
 O 0.779381 1.756945 4.842400
 O -4.849346 3.432805 1.459493
 O 2.762198 3.879505 -0.526713
 O 2.669454 -5.942614 -3.535948
 O -2.682666 4.607288 -2.312031
 O 5.721035 0.506941 5.252505
 O -3.171002 0.150686 1.961465
 O -0.628251 -2.454149 -2.242866
 O 0.027212 -3.190597 -5.510248
 O 5.661293 -5.979796 4.469285
 O 5.186296 -2.956314 -0.234142
 O 4.726552 -0.695452 2.394424
 O 1.026863 4.299397 -4.386744
 O -0.567756 -5.730131 0.467987
 O -5.589478 -1.328603 -5.807241
 O -4.628333 1.502619 -0.960581
 O 5.234976 1.720528 -2.846015
 O 2.678022 -0.254778 -0.919995
 O -5.309533 -1.167123 1.176779
 O 1.496017 2.754400 1.416405
 H -4.731536 -1.792279 -0.403740
 H -4.566044 -1.501084 -1.895536
 H 3.499503 -3.001513 5.679150
 H 3.309282 -1.573340 5.106891
 H -6.212484 4.828062 -4.821452
 H -5.993561 4.663999 -6.320037
 H 0.341612 3.274700 -0.773905
 H 0.415352 4.209322 -2.025163
 H -5.434907 0.024571 3.793811
 H -5.126360 1.377658 4.414284
 H 0.213769 6.290601 5.147248
 H -0.224559 5.145939 6.120452
 H -0.366654 -5.659117 -2.505214
 H -0.753500 -5.862231 -3.965554
 H 2.407725 1.206887 3.233567
 H 1.388954 0.055907 3.405730
 H -3.506586 -5.613493 6.288109
 H -2.000498 -5.321279 6.082453
 H 1.930214 -2.054836 1.614713
 H 2.768170 -3.388985 1.659487
 H 3.296127 -6.196517 2.351847
 H 1.817872 -6.647280 2.503368
 H -3.636568 -3.513922 3.726414
 H -4.255255 -2.130800 4.025013
 H -3.477961 -6.162407 0.534940
 H -4.552335 -5.070246 0.339955
 H -4.466770 -5.642635 -3.278120
 H -3.509642 -6.552924 -4.046402
 H 2.156471 -1.763350 -2.036247
 H 2.464736 -3.086406 -1.292851
 H -1.592491 3.135490 0.748623
 H -1.367577 1.671047 1.198298
 H -0.383508 -1.941129 1.169971
 H -0.922566 -1.630302 2.596215
 H 0.885431 -3.555601 3.947139
 H -0.353458 -3.725981 3.073325
 H 5.903435 -4.722107 -5.547441
 H 6.160844 -3.655425 -4.450479
 H 5.459469 5.610816 2.708275
 H 5.947002 5.096874 1.305217
 H 5.316392 -2.670554 2.656374
 H 6.580794 -3.585237 2.757109
 H -2.391149 -2.833929 -4.271490
 H -3.939671 -2.954273 -4.459671
 H -0.506601 2.979914 -4.142493
 H -0.629865 1.630996 -4.903940
 H 4.682089 2.477545 3.346918
 H 3.428621 3.221826 2.829370
 H 2.903350 1.055953 -3.869896
 H 2.159864 2.241777 -3.168179
 H -4.995748 2.491985 -5.213770
 H -3.982309 3.097825 -6.236660
 H 4.216841 -5.031592 -1.586830
 H 5.385400 -5.908557 -1.092931
 H 2.762612 -1.099072 -5.063081
 H 1.201743 -1.000900 -5.133285
 H -2.139916 -0.470228 -5.451433
 H -2.864464 0.762107 -4.865276
 H 1.335517 0.499799 0.767249
 H 1.141996 -0.572316 -0.269138
 H 4.008154 -2.204125 -3.401741
 H 5.436396 -1.710108 -3.069448
 H 5.097790 1.021906 -0.083948
 H 5.955242 -0.210127 -0.595827
 H -0.569323 4.057762 2.711988
 H -0.325065 5.410210 1.931625
 H -4.714696 1.195183 -3.384446
 H -6.001244 0.391882 -3.356016
 H 0.746363 -4.699617 -0.659706
 H 0.699390 -3.898669 0.626186
 H 3.717602 3.639726 -4.051183
 H 4.571358 2.802058 -5.032568
 H 3.190683 4.894912 5.133260
 H 2.860346 6.130704 5.961471
 H -5.859971 3.899223 -1.260146
 H -4.809348 4.312902 -2.337834
 H -0.004635 0.375211 -2.134706
 H -1.303061 1.156629 -1.962322
 H -3.136497 -3.315982 -2.187084
 H -2.796854 -4.203790 -0.959591
 H -3.205602 5.877977 2.777600
 H -2.462804 6.100959 4.134983
 H -1.568440 1.821696 3.802042
 H -2.377285 3.104468 3.517813
 H -2.376904 -1.057636 -0.283144
 H -2.804494 0.335592 0.149994
 H -2.374510 -2.108920 5.376829
 H -1.329827 -3.181996 5.072926
 H 1.640748 1.726434 5.287739
 H 0.156861 2.203560 5.465505
 H -5.364168 3.374189 2.284702
 H -3.920063 3.210082 1.707110
 H 3.371012 4.560378 -0.163821
 H 2.816499 4.038077 -1.485018
 H 3.594331 -6.032648 -3.859612
 H 2.266042 -5.267700 -4.116214
 H -2.558447 3.888295 -2.965440
 H -2.129656 4.285539 -1.561523
 H 5.960173 0.225469 6.174274
 H 4.751377 0.453668 5.218521
 H -2.931672 -0.651124 2.445519
 H -3.631760 0.714868 2.631501
 H -0.103802 -3.263760 -2.329644
 H -0.225127 -2.047740 -1.463686
 H 0.432030 -3.495096 -4.665083
 H 0.761564 -3.188200 -6.146462
 H 4.976233 -5.478695 4.945928
 H 6.498515 -5.743180 4.907484
 H 5.660025 -3.578566 0.344232
 H 4.577973 -2.499909 0.374551
 H 4.217140 -0.533182 1.577758
 H 4.347882 -0.050642 3.022394
 H 1.440358 3.701978 -5.040067
 H 1.760864 4.905123 -4.048446
 H -0.891881 -6.365221 -0.203061
 H -1.355450 -5.230688 0.751722
 H -5.389933 -2.040224 -6.453563
 H -4.734415 -0.986397 -5.481599
 H -3.866770 2.093698 -1.038033
 H -4.824940 1.534249 -0.003880
 H 5.783702 2.529886 -2.879021
 H 4.399451 2.007988 -2.445187
 H 3.485396 -0.682000 -0.556084
 H 3.032608 0.409250 -1.549164
 H -5.937283 -0.576550 1.654091
 H -4.861658 -1.654210 1.878942
 H 1.454855 3.726854 1.526252
 H 2.309491 2.581764 0.905707
K_POINTS
 1
0.0 0.0 0.0 1.0