
&control
    calculation='scf'
    pseudo_dir = './',
    outdir='./outputs',
    disk_io='high'
/
&system
    ibrav= 1, celldm(1)=20.000000, nat=  192, ntyp= 2,
    ecutwfc = 30.0, nosym=.true., occupations='smearing',
    smearing='m-v', degauss=0.025
/
&electrons
    conv_thr =  1.0d-8,
    mixing_beta = 0.7
/
&ions
    pot_extrapolation='second-order'
    wfc_extrapolation='second-order'
    ion_temperature = 'andersen'
    tempw = 1000

/
ATOMIC_SPECIES
 H  1.01  H.blyp-hgh.UPF
 O  16.0  O.blyp-hgh.UPF
ATOMIC_POSITIONS bohr
 O -5.274632 -1.414851 -1.788979
 O 3.732282 -2.004017 5.414376
 O -5.762933 5.602425 -5.376956
 O -0.109751 3.923237 -1.379527
 O -4.788213 0.816343 4.007796
 O -0.235349 5.558319 5.280065
 O -0.175389 -5.427108 -3.353374
 O 2.550408 0.022063 3.591821
 O -2.845243 -5.330980 5.723210
 O 2.120769 -2.730055 2.122157
 O 2.610256 -6.158202 2.900466
 O -3.981189 -2.993331 4.487586
 O -4.428316 -5.768564 0.701657
 O -3.629888 -5.737316 -3.901280
 O 2.573680 -2.859548 -2.436715
 O -2.120657 2.458229 0.646562
 O -1.236580 -1.962259 2.068003
 O 0.252790 -4.198944 3.785510
 O 5.321834 -4.480218 -5.009030
 O 5.293673 5.018793 2.234634
 O 5.831522 -3.073350 3.261117
 O -3.237013 -2.741869 -3.908652
 O -0.912921 2.730689 -4.932324
 O 3.994038 2.376064 2.970900
 O 2.347372 1.511965 -3.216009
 O -4.725146 2.511993 -6.341802
 O 4.533248 -5.995749 -1.216857
 O 2.055659 -1.191039 -4.753623
 O -2.092622 0.052112 -4.871910
 O 1.008674 -0.313692 0.890321
 O 4.714203 -1.729604 -3.516440
 O 5.307240 0.162828 -0.239571
 O -0.124713 4.672485 2.153089
 O -4.778082 0.762835 -4.050606
 O 0.789876 -3.861357 -0.417894
 O 4.459561 4.004362 -4.625854
 O 3.243602 5.442430 5.803351
 O -5.410166 4.269329 -1.981503
 O -0.397739 0.928379 -1.852511
 O -3.119393 -3.715710 -0.871531
 O -2.752747 5.483775 3.243784
 O -1.699554 2.845773 4.396466
 O -2.503217 -0.509172 -0.744106
 O -1.488199 -1.977145 4.779512
 O 0.631561 1.926750 5.106024
 O -4.569278 3.218647 1.325873
 O 3.057779 4.111645 -0.751931
 O 2.706110 -5.918935 -3.747556
 O -2.434890 4.384111 -2.363606
 O 5.130809 0.643966 5.515041
 O -2.844277 0.330649 1.958408
 O -0.691329 -2.264765 -2.613156
 O 0.056737 -3.460546 -5.462691
 O 5.808395 -5.895556 4.238755
 O 4.865397 -3.248655 -0.013318
 O 4.568002 -0.736590 2.423046
 O 1.329931 4.314777 -4.302690
 O -0.886395 -5.886357 0.344657
 O -5.439187 -1.626141 -5.770233
 O -4.706904 1.216985 -0.757967
 O 5.119349 1.427950 -2.215787
 O 2.853158 -0.321269 -1.324092
 O -5.238912 -1.405839 1.353351
 O 1.621830 2.416141 1.378482
 H -5.278756 -1.789550 -0.872646
 H -4.678900 -0.647440 -1.560471
 H 4.254149 -2.736043 5.828585
 H 3.384962 -2.483806 4.640473
 H -6.599758 5.123861 -5.172805
 H -5.136126 4.906548 -5.638267
 H -0.268484 3.127143 -1.923165
 H 0.617747 4.365101 -1.851857
 H -5.665277 1.218881 4.166703
 H -4.219361 1.406853 4.556644
 H 0.146014 6.383438 4.908381
 H 0.238197 5.416592 6.116614
 H -0.516606 -5.359830 -2.445928
 H -0.954781 -5.303038 -3.922064
 H 3.113037 0.830428 3.536265
 H 1.686900 0.399165 3.850856
 H -3.136056 -5.353993 6.662230
 H -1.935982 -5.710184 5.748876
 H 1.887778 -1.868179 1.709530
 H 3.080306 -2.896512 2.073895
 H 3.280079 -6.616020 2.352336
 H 1.786775 -6.632779 2.671735
 H -3.517228 -3.879102 4.569857
 H -4.872854 -3.400509 4.303969
 H -4.623220 -6.635843 0.296003
 H -3.864742 -5.291939 0.061652
 H -4.112040 -4.916211 -3.680979
 H -3.888227 -6.368337 -3.202319
 H 2.686036 -2.027122 -1.892194
 H 1.825765 -3.296998 -1.967283
 H -1.217159 2.527655 0.998913
 H -2.455260 1.643804 1.139127
 H -0.910930 -1.109914 1.799109
 H -1.240251 -1.991046 3.062664
 H 0.747329 -4.701797 3.112888
 H -0.669485 -4.159181 3.480895
 H 6.181707 -4.507007 -4.559208
 H 5.184257 -3.506246 -4.968698
 H 5.667085 5.505203 3.044914
 H 6.138734 5.116419 1.749281
 H 5.383435 -2.197342 3.146983
 H 5.306636 -3.664224 2.686284
 H -2.281576 -2.548947 -3.948288
 H -3.553180 -2.822337 -4.823536
 H -0.529443 2.887450 -4.057532
 H -1.385030 1.863183 -4.927273
 H 4.831038 2.874712 2.937119
 H 3.434913 2.758385 2.260269
 H 2.417904 0.659884 -3.725133
 H 1.521485 1.897341 -3.553901
 H -5.004728 1.833952 -5.717056
 H -3.977791 2.925108 -5.878604
 H 4.012555 -5.212675 -0.967718
 H 5.384785 -5.817054 -0.783618
 H 2.722559 -1.459877 -5.430369
 H 1.403730 -0.711936 -5.291201
 H -1.644590 -0.166087 -5.710184
 H -3.051529 -0.104388 -4.982780
 H 0.877015 0.492220 1.439207
 H 1.898399 -0.066867 0.504461
 H 4.116621 -2.341797 -3.051475
 H 5.520632 -1.643201 -2.979659
 H 5.579452 0.895991 -0.824074
 H 5.286315 -0.570732 -0.887377
 H 0.092064 4.263386 3.021962
 H -0.850573 5.273536 2.453415
 H -4.974603 0.427037 -3.153400
 H -5.680054 0.842363 -4.423197
 H 0.438416 -4.598929 0.141737
 H 1.438052 -3.427468 0.192534
 H 4.118022 4.398993 -5.472009
 H 4.783325 3.151401 -4.972589
 H 3.160823 5.569604 4.833260
 H 2.737591 6.168475 6.225456
 H -5.610351 3.675582 -1.233017
 H -4.449424 3.999743 -2.127570
 H 0.022745 0.232204 -2.377785
 H -0.363876 0.586180 -0.943395
 H -3.793895 -3.088274 -1.220155
 H -2.410786 -3.697892 -1.561498
 H -3.631764 5.735010 2.902013
 H -2.775370 5.860192 4.148322
 H -1.377157 2.465691 3.558366
 H -1.962265 3.747376 4.099672
 H -2.280016 -1.455572 -0.778478
 H -3.124435 -0.435404 0.007918
 H -2.444954 -2.187499 4.789966
 H -1.150459 -2.472087 5.559522
 H 1.104766 1.463309 5.813934
 H -0.204690 2.228742 5.520311
 H -4.853671 3.227244 2.253716
 H -3.602909 2.987471 1.286582
 H 3.585748 4.918887 -0.570522
 H 3.019743 4.109254 -1.727710
 H 3.596764 -5.523605 -3.757249
 H 2.270726 -5.591903 -2.943406
 H -2.521039 4.041842 -3.266580
 H -1.482638 4.312284 -2.053771
 H 5.660767 -0.179614 5.630683
 H 4.294564 0.265733 5.166091
 H -2.350229 -0.544001 2.038167
 H -3.269552 0.409008 2.850151
 H 0.285123 -2.133376 -2.672004
 H -0.887404 -2.401816 -1.662385
 H -0.137546 -3.212054 -4.543359
 H 0.733654 -2.826223 -5.758464
 H 5.434754 -6.467487 4.949066
 H 6.422026 -5.379084 4.793204
 H 5.776247 -3.186447 -0.354920
 H 4.469783 -2.396121 -0.293399
 H 4.691362 0.232034 2.303778
 H 3.606356 -0.915786 2.369454
 H 1.229780 4.268782 -5.272091
 H 1.879021 5.151381 -4.146899
 H -1.279170 -6.726480 0.635544
 H -1.671917 -5.334274 0.182658
 H -4.769520 -1.989964 -6.393871
 H -5.040652 -0.979699 -5.157182
 H -4.697864 2.144382 -1.036876
 H -4.673966 1.257505 0.218123
 H 5.709958 2.201461 -2.243356
 H 4.337976 1.697433 -2.747302
 H 3.695596 0.164375 -1.078627
 H 2.321431 0.340047 -1.826918
 H -6.146690 -1.301052 1.695077
 H -4.664811 -1.481080 2.131628
 H 0.765480 2.638969 1.762607
 H 1.730153 3.009465 0.597871
K_POINTS
 1
0.0 0.0 0.0 1.0