
&control
    calculation='scf'
    pseudo_dir = './',
    outdir='./outputs',
    disk_io='high'
/
&system
    ibrav= 1, celldm(1)=20.000000, nat=  192, ntyp= 2,
    ecutwfc = 30.0, nosym=.true., occupations='smearing',
    smearing='m-v', degauss=0.025
/
&electrons
    conv_thr =  1.0d-8,
    mixing_beta = 0.7
/
&ions
    pot_extrapolation='second-order'
    wfc_extrapolation='second-order'
    ion_temperature = 'andersen'
    tempw = 1000

/
ATOMIC_SPECIES
 H  1.01  H.blyp-hgh.UPF
 O  16.0  O.blyp-hgh.UPF
ATOMIC_POSITIONS bohr
 O -5.274135 -1.412915 -1.793607
 O 3.726414 -2.004033 5.416225
 O -5.763610 5.605991 -5.375773
 O -0.107699 3.924459 -1.376799
 O -4.789704 0.819057 4.010785
 O -0.236196 5.561583 5.280814
 O -0.177051 -5.427424 -3.351483
 O 2.552340 0.020405 3.593108
 O -2.844306 -5.332243 5.725171
 O 2.124382 -2.728131 2.127182
 O 2.611280 -6.160274 2.900346
 O -3.980709 -2.997370 4.484741
 O -4.428068 -5.767049 0.701066
 O -3.630264 -5.737418 -3.904384
 O 2.578239 -2.861515 -2.440031
 O -2.124644 2.459029 0.635841
 O -1.238751 -1.967865 2.073556
 O 0.253464 -4.201059 3.786127
 O 5.319971 -4.482708 -5.009710
 O 5.289868 5.018936 2.235511
 O 5.829504 -3.076832 3.261197
 O -3.237652 -2.738109 -3.909237
 O -0.914731 2.732083 -4.932259
 O 3.996271 2.376207 2.972820
 O 2.348057 1.514449 -3.220481
 O -4.721039 2.508028 -6.344768
 O 4.534315 -5.995423 -1.215648
 O 2.056636 -1.187578 -4.757236
 O -2.092961 0.050153 -4.873393
 O 1.011714 -0.311939 0.892978
 O 4.713601 -1.729402 -3.512967
 O 5.308546 0.161805 -0.240096
 O -0.123218 4.673133 2.161271
 O -4.774120 0.763083 -4.051376
 O 0.792241 -3.862940 -0.417821
 O 4.457076 4.010997 -4.631296
 O 3.238450 5.443029 5.800445
 O -5.410462 4.277198 -1.980588
 O -0.396783 0.927802 -1.855745
 O -3.119025 -3.720667 -0.868874
 O -2.754706 5.483048 3.242987
 O -1.704343 2.847601 4.402566
 O -2.500843 -0.516008 -0.743802
 O -1.486112 -1.972392 4.778511
 O 0.632294 1.927583 5.109786
 O -4.566099 3.216600 1.324359
 O 3.061318 4.115782 -0.754813
 O 2.705775 -5.915624 -3.749842
 O -2.433482 4.380592 -2.365741
 O 5.123850 0.644199 5.518344
 O -2.840420 0.330003 1.959847
 O -0.690436 -2.261830 -2.617652
 O 0.056659 -3.462787 -5.463652
 O 5.809151 -5.894245 4.239840
 O 4.863068 -3.250153 -0.009192
 O 4.567150 -0.737047 2.420929
 O 1.332463 4.313555 -4.301537
 O -0.892413 -5.886377 0.341597
 O -5.437878 -1.630829 -5.771979
 O -4.708933 1.214986 -0.756909
 O 5.118252 1.429570 -2.213341
 O 2.851766 -0.321860 -1.328074
 O -5.237035 -1.408906 1.352281
 O 1.622983 2.412269 1.375443
 H -5.277368 -1.793712 -0.881124
 H -4.684465 -0.643633 -1.556207
 H 4.273288 -2.722686 5.821363
 H 3.389392 -2.485873 4.638676
 H -6.599152 5.126465 -5.172012
 H -5.129597 4.911750 -5.623876
 H -0.277697 3.141378 -1.931124
 H 0.620470 4.361267 -1.851638
 H -5.662765 1.228217 4.172627
 H -4.207922 1.403561 4.549173
 H 0.146017 6.385426 4.907259
 H 0.239002 5.428599 6.118399
 H -0.516833 -5.360220 -2.443351
 H -0.954259 -5.297053 -3.921671
 H 3.119047 0.822578 3.536731
 H 1.692213 0.403838 3.852188
 H -3.128054 -5.358430 6.665740
 H -1.936894 -5.715846 5.743599
 H 1.886802 -1.863339 1.724018
 H 3.084891 -2.881191 2.069150
 H 3.283214 -6.615034 2.352672
 H 1.791152 -6.641526 2.674630
 H -3.523872 -3.884497 4.595916
 H -4.883383 -3.392575 4.327511
 H -4.636663 -6.629968 0.294201
 H -3.863087 -5.298023 0.057450
 H -4.097123 -4.906440 -3.685452
 H -3.888856 -6.360347 -3.198282
 H 2.687502 -2.039085 -1.884385
 H 1.839085 -3.305826 -1.967053
 H -1.223989 2.522266 0.994568
 H -2.461084 1.654726 1.144589
 H -0.897845 -1.124158 1.809071
 H -1.245386 -1.995456 3.066883
 H 0.743064 -4.707416 3.112983
 H -0.672652 -4.162185 3.492458
 H 6.176977 -4.510712 -4.553493
 H 5.171352 -3.511296 -4.963277
 H 5.667969 5.517368 3.031570
 H 6.130577 5.121527 1.745859
 H 5.380901 -2.199295 3.162247
 H 5.290574 -3.658638 2.690871
 H -2.281768 -2.542817 -3.946845
 H -3.544735 -2.815480 -4.827767
 H -0.534408 2.891840 -4.056448
 H -1.378461 1.863438 -4.928672
 H 4.828482 2.884101 2.931443
 H 3.433342 2.742487 2.255893
 H 2.405352 0.653402 -3.716011
 H 1.521868 1.900860 -3.556031
 H -5.004884 1.832703 -5.720644
 H -3.975017 2.919577 -5.877903
 H 4.013025 -5.214260 -0.958526
 H 5.385069 -5.822921 -0.778457
 H 2.719126 -1.459347 -5.436760
 H 1.409408 -0.705956 -5.298771
 H -1.648494 -0.159222 -5.715660
 H -3.049951 -0.121281 -4.980639
 H 0.882093 0.487332 1.450950
 H 1.902056 -0.072713 0.506989
 H 4.122459 -2.347618 -3.049317
 H 5.525841 -1.646988 -2.984632
 H 5.580311 0.892173 -0.826366
 H 5.279570 -0.565358 -0.886196
 H 0.110876 4.282682 3.031705
 H -0.851874 5.266976 2.464941
 H -4.967649 0.422668 -3.156165
 H -5.669871 0.840525 -4.433812
 H 0.439602 -4.592923 0.149285
 H 1.435491 -3.413616 0.186377
 H 4.127618 4.405711 -5.480807
 H 4.787023 3.157900 -4.973145
 H 3.149285 5.572601 4.831157
 H 2.745693 6.169696 6.237369
 H -5.618702 3.683751 -1.234376
 H -4.462765 3.984662 -2.141455
 H 0.018325 0.229674 -2.382998
 H -0.351499 0.589803 -0.943676
 H -3.808367 -3.107718 -1.202959
 H -2.424951 -3.685045 -1.570071
 H -3.631302 5.736385 2.897888
 H -2.781957 5.868779 4.141083
 H -1.385298 2.473203 3.560376
 H -1.959089 3.750934 4.105765
 H -2.286861 -1.463721 -0.783303
 H -3.125651 -0.434667 0.002838
 H -2.444473 -2.174286 4.789740
 H -1.151136 -2.462656 5.562151
 H 1.098622 1.466449 5.822566
 H -0.211963 2.218297 5.515588
 H -4.845725 3.213098 2.253169
 H -3.596118 3.002523 1.277784
 H 3.593305 4.921713 -0.578550
 H 3.024314 4.101249 -1.730169
 H 3.597465 -5.521964 -3.755735
 H 2.277510 -5.597398 -2.938995
 H -2.522028 4.045586 -3.270600
 H -1.484261 4.319959 -2.053396
 H 5.648554 -0.176295 5.642080
 H 4.291948 0.264022 5.162661
 H -2.358939 -0.548348 2.038672
 H -3.265892 0.424854 2.847801
 H 0.282963 -2.116158 -2.678527
 H -0.888062 -2.412927 -1.670203
 H -0.144262 -3.217046 -4.543540
 H 0.737707 -2.828528 -5.749450
 H 5.447609 -6.472675 4.950072
 H 6.423430 -5.375162 4.791322
 H 5.769140 -3.191594 -0.363554
 H 4.456915 -2.407505 -0.304275
 H 4.688567 0.232363 2.315114
 H 3.608228 -0.920250 2.366429
 H 1.236599 4.275922 -5.271095
 H 1.890284 5.140598 -4.152260
 H -1.276995 -6.730284 0.633781
 H -1.681994 -5.339300 0.183402
 H -4.754741 -1.983994 -6.387680
 H -5.046661 -0.986152 -5.153010
 H -4.696274 2.141814 -1.035234
 H -4.676233 1.257925 0.219761
 H 5.705256 2.205675 -2.243867
 H 4.337904 1.691858 -2.749044
 H 3.694270 0.158371 -1.077596
 H 2.323532 0.343590 -1.826972
 H -6.144231 -1.303737 1.696507
 H -4.665181 -1.483950 2.131053
 H 0.773883 2.639659 1.770391
 H 1.720579 3.005182 0.594770
K_POINTS
 1
0.0 0.0 0.0 1.0