
&control
    calculation='scf'
    pseudo_dir = './',
    outdir='./outputs',
    disk_io='high'
/
&system
    ibrav= 1, celldm(1)=20.000000, nat=  192, ntyp= 2,
    ecutwfc = 30.0, nosym=.true., occupations='smearing',
    smearing='m-v', degauss=0.025
/
&electrons
    conv_thr =  1.0d-8,
    mixing_beta = 0.7
/
&ions
    pot_extrapolation='second-order'
    wfc_extrapolation='second-order'
    ion_temperature = 'andersen'
    tempw = 1000

/
ATOMIC_SPECIES
 H  1.01  H.blyp-hgh.UPF
 O  16.0  O.blyp-hgh.UPF
ATOMIC_POSITIONS bohr
 O -5.273545 -1.411024 -1.798116
 O 3.720595 -2.004193 5.418152
 O -5.764270 5.609577 -5.374667
 O -0.105626 3.925689 -1.374088
 O -4.791100 0.821792 4.013737
 O -0.237080 5.564880 5.281533
 O -0.178696 -5.427726 -3.349567
 O 2.554175 0.018813 3.594476
 O -2.843330 -5.333512 5.727099
 O 2.128009 -2.726276 2.132185
 O 2.612288 -6.162379 2.900249
 O -3.980304 -3.001676 4.481921
 O -4.427870 -5.765584 0.700512
 O -3.630616 -5.737445 -3.907476
 O 2.582712 -2.863451 -2.443230
 O -2.128646 2.459781 0.625197
 O -1.241095 -1.973609 2.079154
 O 0.254132 -4.203267 3.786827
 O 5.318073 -4.485083 -5.010385
 O 5.286218 5.019101 2.236439
 O 5.827410 -3.080326 3.261309
 O -3.238314 -2.734379 -3.909810
 O -0.916587 2.733474 -4.932275
 O 3.998520 2.376319 2.974726
 O 2.348754 1.516800 -3.225022
 O -4.716897 2.504175 -6.347760
 O 4.535369 -5.995102 -1.214426
 O 2.057560 -1.184053 -4.760879
 O -2.093227 0.048231 -4.874890
 O 1.014837 -0.310137 0.895648
 O 4.713057 -1.729173 -3.509577
 O 5.309724 0.160644 -0.240426
 O -0.121707 4.673781 2.169590
 O -4.770195 0.763294 -4.052186
 O 0.794678 -3.864503 -0.417685
 O 4.454646 4.017604 -4.636835
 O 3.233279 5.443638 5.797534
 O -5.410610 4.284938 -1.979672
 O -0.395772 0.927311 -1.859022
 O -3.118579 -3.725618 -0.866267
 O -2.756663 5.482314 3.242225
 O -1.709176 2.849469 4.408589
 O -2.498478 -0.522873 -0.743506
 O -1.484046 -1.967602 4.777575
 O 0.633071 1.928352 5.113521
 O -4.562983 3.214592 1.322808
 O 3.064807 4.119880 -0.757689
 O 2.705443 -5.912290 -3.752136
 O -2.432260 4.377101 -2.367882
 O 5.116897 0.644416 5.521642
 O -2.836534 0.329260 1.961425
 O -0.689522 -2.258878 -2.622181
 O 0.056495 -3.465000 -5.464701
 O 5.809911 -5.892953 4.241049
 O 4.860710 -3.251618 -0.005092
 O 4.566426 -0.737559 2.418765
 O 1.334984 4.312381 -4.300393
 O -0.898487 -5.886355 0.338519
 O -5.436611 -1.635554 -5.773764
 O -4.710961 1.212991 -0.755890
 O 5.117177 1.431348 -2.211152
 O 2.850368 -0.322445 -1.331962
 O -5.235097 -1.411975 1.351109
 O 1.624199 2.408384 1.372369
 H -5.276387 -1.797607 -0.889623
 H -4.690224 -0.639900 -1.552295
 H 4.292370 -2.708660 5.814009
 H 3.393380 -2.487563 4.636624
 H -6.598454 5.128764 -5.170749
 H -5.123224 4.916861 -5.609432
 H -0.286643 3.154618 -1.938599
 H 0.623399 4.357704 -1.851403
 H -5.660516 1.237165 4.178641
 H -4.196806 1.400223 4.541821
 H 0.146071 6.387794 4.906100
 H 0.239698 5.440612 6.120405
 H -0.517211 -5.360729 -2.440700
 H -0.953881 -5.291225 -3.921154
 H 3.125120 0.814984 3.537020
 H 1.697322 0.408482 3.853611
 H -3.120323 -5.363232 6.669409
 H -1.937630 -5.721452 5.738367
 H 1.885767 -1.858242 1.738619
 H 3.089360 -2.865668 2.064044
 H 3.286757 -6.613932 2.352998
 H 1.795323 -6.650397 2.677381
 H -3.530132 -3.889058 4.622401
 H -4.894023 -3.383240 4.350518
 H -4.649810 -6.624110 0.292239
 H -3.861495 -5.303813 0.053029
 H -4.081877 -4.896715 -3.689857
 H -3.889321 -6.352472 -3.194382
 H 2.688942 -2.050873 -1.877091
 H 1.852602 -3.315242 -1.966800
 H -1.230684 2.517468 0.989956
 H -2.466482 1.665517 1.149500
 H -0.883217 -1.137497 1.818575
 H -1.250091 -1.999740 3.071050
 H 0.738866 -4.712639 3.112796
 H -0.675717 -4.165136 3.503744
 H 6.172444 -4.515089 -4.547862
 H 5.158180 -3.516302 -4.957569
 H 5.667825 5.529553 3.018215
 H 6.122042 5.126149 1.741470
 H 5.378627 -2.201265 3.177661
 H 5.274938 -3.653220 2.695531
 H -2.281896 -2.536502 -3.945328
 H -3.536264 -2.808545 -4.832060
 H -0.539313 2.896160 -4.055262
 H -1.372026 1.863594 -4.929437
 H 4.825780 2.893757 2.925702
 H 3.431690 2.726400 2.251655
 H 2.393030 0.647162 -3.706863
 H 1.522314 1.905002 -3.558174
 H -5.005112 1.831194 -5.724017
 H -3.971915 2.914067 -5.877228
 H 4.013497 -5.215494 -0.949263
 H 5.385561 -5.828894 -0.773273
 H 2.716007 -1.458878 -5.443184
 H 1.414890 -0.699887 -5.306493
 H -1.652827 -0.152653 -5.721369
 H -3.048180 -0.137969 -4.978449
 H 0.887356 0.482203 1.462556
 H 1.904937 -0.078931 0.509061
 H 4.128081 -2.353728 -3.047108
 H 5.531307 -1.650880 -2.989471
 H 5.581151 0.888225 -0.828400
 H 5.273417 -0.560019 -0.884967
 H 0.129849 4.301922 3.041446
 H -0.853297 5.260314 2.476205
 H -4.960580 0.418391 -3.158847
 H -5.660052 0.838562 -4.444078
 H 0.440738 -4.586867 0.156394
 H 1.432441 -3.399937 0.180259
 H 4.136542 4.412575 -5.489249
 H 4.790744 3.164230 -4.973445
 H 3.137447 5.575840 4.828936
 H 2.754184 6.170842 6.249117
 H -5.627539 3.692401 -1.235286
 H -4.476553 3.970376 -2.155310
 H 0.013702 0.226917 -2.388322
 H -0.339333 0.593366 -0.943833
 H -3.822725 -3.127225 -1.185956
 H -2.439819 -3.672459 -1.578502
 H -3.630766 5.737708 2.893170
 H -2.788524 5.877532 4.134165
 H -1.393516 2.480405 3.562558
 H -1.956153 3.754440 4.112151
 H -2.293926 -1.471893 -0.787843
 H -3.126773 -0.433976 -0.002135
 H -2.444262 -2.160927 4.789342
 H -1.151302 -2.453530 5.564715
 H 1.092735 1.469720 5.831392
 H -0.219244 2.208179 5.510752
 H -4.837574 3.198747 2.252749
 H -3.589276 3.018105 1.269069
 H 3.601055 4.924725 -0.586769
 H 3.029015 4.093123 -1.732579
 H 3.598504 -5.520380 -3.754273
 H 2.284115 -5.602623 -2.934742
 H -2.522352 4.049254 -3.274823
 H -1.486142 4.327777 -2.053031
 H 5.636473 -0.173014 5.653629
 H 4.289372 0.262427 5.159325
 H -2.368076 -0.552413 2.038906
 H -3.262758 0.440938 2.844951
 H 0.280475 -2.099242 -2.684804
 H -0.887938 -2.424022 -1.678231
 H -0.150717 -3.222151 -4.543438
 H 0.742078 -2.830913 -5.740187
 H 5.460341 -6.477715 4.951088
 H 6.424941 -5.371112 4.789291
 H 5.761995 -3.196871 -0.371897
 H 4.444042 -2.419222 -0.314970
 H 4.685558 0.232373 2.326329
 H 3.610158 -0.924142 2.363757
 H 1.243627 4.282578 -5.269912
 H 1.901392 5.129174 -4.157574
 H -1.274530 -6.734392 0.631791
 H -1.692116 -5.344072 0.184210
 H -4.740020 -1.977651 -6.381483
 H -5.052355 -0.992734 -5.148831
 H -4.694081 2.139337 -1.033516
 H -4.678750 1.258411 0.221393
 H 5.700498 2.210288 -2.244730
 H 4.337586 1.686350 -2.750660
 H 3.692587 0.152056 -1.076325
 H 2.325798 0.347235 -1.827035
 H -6.141932 -1.306258 1.697822
 H -4.665599 -1.487040 2.130605
 H 0.782035 2.640992 1.778312
 H 1.710985 3.000905 0.591585
K_POINTS
 1
0.0 0.0 0.0 1.0