
&control
    calculation='scf'
    pseudo_dir = './',
    outdir='./outputs',
    disk_io='high'
/
&system
    ibrav= 1, celldm(1)=20.000000, nat=  192, ntyp= 2,
    ecutwfc = 30.0, nosym=.true., occupations='smearing',
    smearing='m-v', degauss=0.025
/
&electrons
    conv_thr =  1.0d-8,
    mixing_beta = 0.7
/
&ions
    pot_extrapolation='second-order'
    wfc_extrapolation='second-order'
    ion_temperature = 'andersen'
    tempw = 1000

/
ATOMIC_SPECIES
 H  1.01  H.blyp-hgh.UPF
 O  16.0  O.blyp-hgh.UPF
ATOMIC_POSITIONS bohr
 O -5.272490 -1.408267 -1.804673
 O 3.711967 -2.004702 5.421175
 O -5.765218 5.614995 -5.373156
 O -0.102469 3.927559 -1.370048
 O -4.793022 0.825907 4.018074
 O -0.238462 5.569894 5.282566
 O -0.181133 -5.428152 -3.346645
 O 2.556732 0.016525 3.596676
 O -2.841798 -5.335426 5.729926
 O 2.133477 -2.723607 2.139642
 O 2.613769 -6.165599 2.900147
 O -3.979848 -3.008627 4.477770
 O -4.427671 -5.763477 0.699750
 O -3.631101 -5.737334 -3.912088
 O 2.589270 -2.866310 -2.447815
 O -2.134679 2.460809 0.609397
 O -1.244952 -1.982494 2.087618
 O 0.255121 -4.206751 3.788039
 O 5.315161 -4.488446 -5.011383
 O 5.281018 5.019387 2.237895
 O 5.824118 -3.085574 3.261547
 O -3.239334 -2.728839 -3.910664
 O -0.919438 2.735582 -4.932443
 O 4.001929 2.376435 2.977548
 O 2.349819 1.520074 -3.231955
 O -4.710617 2.498615 -6.352288
 O 4.536919 -5.994620 -1.212561
 O 2.058836 -1.178643 -4.766411
 O -2.093494 0.045410 -4.877166
 O 1.019652 -0.307377 0.899683
 O 4.712359 -1.728775 -3.504649
 O 5.311252 0.158691 -0.240503
 O -0.119398 4.674754 2.182310
 O -4.764342 0.763544 -4.053483
 O 0.798467 -3.866793 -0.417381
 O 4.451121 4.027449 -4.645311
 O 3.225496 5.444562 5.793168
 O -5.410603 4.296307 -1.978298
 O -0.394152 0.926724 -1.863990
 O -3.117759 -3.733055 -0.862427
 O -2.759598 5.481200 3.241130
 O -1.716508 2.852338 4.417470
 O -2.494939 -0.533213 -0.743095
 O -1.480993 -1.960337 4.776299
 O 0.634304 1.929390 5.119068
 O -4.558424 3.211655 1.320414
 O 3.069944 4.125952 -0.761985
 O 2.704970 -5.907245 -3.755595
 O -2.430808 4.371922 -2.371098
 O 5.106458 0.644755 5.526579
 O -2.830664 0.328023 1.964021
 O -0.688129 -2.254414 -2.629059
 O 0.056085 -3.468260 -5.466415
 O 5.811069 -5.891046 4.243088
 O 4.857113 -3.253759 0.001012
 O 4.565607 -0.738446 2.415433
 O 1.338727 4.310684 -4.298706
 O -0.907694 -5.886253 0.333868
 O -5.434771 -1.642713 -5.776518
 O -4.714003 1.210002 -0.754420
 O 5.115609 1.434317 -2.208349
 O 2.848257 -0.323330 -1.337610
 O -5.232089 -1.416577 1.349160
 O 1.626137 2.402528 1.367696
 H -5.275704 -1.803021 -0.902292
 H -4.699205 -0.634385 -1.547101
 H 4.320798 -2.686387 5.802729
 H 3.398535 -2.489395 4.633160
 H -6.597268 5.131612 -5.167956
 H -5.113988 4.924380 -5.587663
 H -0.299640 3.172427 -1.948980
 H 0.628239 4.352946 -1.850989
 H -5.657570 1.249910 4.187878
 H -4.180747 1.395258 4.531137
 H 0.146212 6.392071 4.904254
 H 0.240480 5.458596 6.123782
 H -0.518074 -5.361709 -2.436618
 H -0.953582 -5.282785 -3.920109
 H 3.134466 0.804267 3.537125
 H 1.704552 0.415419 3.855959
 H -3.109268 -5.371116 6.675220
 H -1.938371 -5.729752 5.730593
 H 1.884015 -1.850138 1.760721
 H 3.095914 -2.842113 2.055746
 H 3.292835 -6.612076 2.353470
 H 1.801217 -6.663888 2.681217
 H -3.538901 -3.894325 4.662747
 H -4.909922 -3.366731 4.383955
 H -4.668976 -6.615409 0.288994
 H -3.859212 -5.311933 0.046003
 H -4.058379 -4.882284 -3.696337
 H -3.889716 -6.340862 -3.188782
 H 2.691124 -2.067971 -1.867108
 H 1.873051 -3.330599 -1.966387
 H -1.240309 2.511458 0.982499
 H -2.473870 1.681381 1.155683
 H -0.858367 -1.155658 1.831904
 H -1.256336 -2.005983 3.077322
 H 0.732668 -4.719747 3.111953
 H -0.680064 -4.169479 3.520133
 H 6.165923 -4.522830 -4.539632
 H 5.137997 -3.523719 -4.948447
 H 5.665708 5.547981 2.998609
 H 6.108638 5.132080 1.732950
 H 5.375741 -2.204243 3.201025
 H 5.252286 -3.645487 2.702631
 H -2.282018 -2.526687 -3.942829
 H -3.523572 -2.798039 -4.838564
 H -0.546568 2.902488 -4.053349
 H -1.362787 1.863435 -4.929381
 H 4.821358 2.908678 2.916978
 H 3.429088 2.701920 2.245600
 H 2.375031 0.638288 -3.693154
 H 1.523115 1.912379 -3.561405
 H -5.005604 1.828409 -5.728670
 H -3.966673 2.905836 -5.876287
 H 4.014296 -5.216797 -0.935258
 H 5.386661 -5.838032 -0.765471
 H 2.711993 -1.458339 -5.452834
 H 1.422727 -0.690619 -5.318283
 H -1.660080 -0.143366 -5.730357
 H -3.045144 -0.162555 -4.975034
 H 0.895659 0.474138 1.479662
 H 1.907919 -0.088807 0.511305
 H 4.136085 -2.363436 -3.043684
 H 5.539958 -1.656906 -2.996479
 H 5.582413 0.882216 -0.830998
 H 5.265271 -0.552650 -0.883427
 H 0.158655 4.330539 3.056194
 H -0.855803 5.250237 2.492587
 H -4.949888 0.412136 -3.162698
 H -5.646201 0.835358 -4.458757
 H 0.442344 -4.577755 0.166320
 H 1.426933 -3.379822 0.171216
 H 4.148592 4.423156 -5.501371
 H 4.796311 3.173465 -4.973408
 H 3.119139 5.581241 4.825444
 H 2.767632 6.172432 6.266301
 H -5.641660 3.706261 -1.235822
 H -4.497789 3.950404 -2.176023
 H 0.006349 0.222383 -2.396470
 H -0.321479 0.598658 -0.944064
 H -3.844273 -3.156385 -1.160858
 H -2.463257 -3.654136 -1.590991
 H -3.629857 5.739571 2.884903
 H -2.798286 5.891006 4.124583
 H -1.405949 2.490560 3.566169
 H -1.952248 3.759706 4.122356
 H -2.304954 -1.484226 -0.794070
 H -3.128327 -0.433071 -0.009312
 H -2.444445 -2.140675 4.788438
 H -1.150608 -2.440444 5.568437
 H 1.084456 1.474834 5.845039
 H -0.230144 2.193664 5.503229
 H -4.824970 3.176864 2.252381
 H -3.578963 3.042412 1.256141
 H 3.612993 4.929560 -0.599505
 H 3.036323 4.080749 -1.736111
 H 3.600655 -5.518148 -3.752219
 H 2.293618 -5.609989 -2.928626
 H -2.521502 4.054614 -3.281546
 H -1.489276 4.339744 -2.052544
 H 5.618879 -0.168516 5.671276
 H 4.285493 0.260260 5.154487
 H -2.382358 -0.558226 2.038841
 H -3.259055 0.465337 2.839886
 H 0.276228 -2.074469 -2.693711
 H -0.886226 -2.440620 -1.690555
 H -0.159869 -3.230070 -4.542908
 H 0.749226 -2.834639 -5.725838
 H 5.479177 -6.485054 4.952657
 H 6.427368 -5.364790 4.785930
 H 5.751197 -3.204991 -0.383874
 H 4.424786 -2.437433 -0.330675
 H 4.680655 0.231921 2.342893
 H 3.612979 -0.928913 2.360391
 H 1.254467 4.291530 -5.267921
 H 1.917928 5.111174 -4.165208
 H -1.270270 -6.741024 0.628364
 H -1.707380 -5.350771 0.185545
 H -4.718178 -1.967476 -6.372216
 H -5.060356 -1.002805 -5.142482
 H -4.689658 2.135854 -1.030835
 H -4.682981 1.259243 0.223769
 H 5.693233 2.217910 -2.246668
 H 4.336606 1.678213 -2.752876
 H 3.689492 0.142120 -1.073950
 H 2.329442 0.352958 -1.827178
 H -6.138752 -1.309748 1.699510
 H -4.666209 -1.492099 2.130235
 H 0.793752 2.644175 1.790518
 H 1.696618 2.994550 0.586569
K_POINTS
 1
0.0 0.0 0.0 1.0