
&control
    calculation='scf'
    pseudo_dir = './',
    outdir='./outputs',
    disk_io='high'
/
&system
    ibrav= 1, celldm(1)=20.000000, nat=  192, ntyp= 2,
    ecutwfc = 30.0, nosym=.true., occupations='smearing',
    smearing='m-v', degauss=0.025
/
&electrons
    conv_thr =  1.0d-8,
    mixing_beta = 0.7
/
&ions
    pot_extrapolation='second-order'
    wfc_extrapolation='second-order'
    ion_temperature = 'andersen'
    tempw = 1000

/
ATOMIC_SPECIES
 H  1.01  H.blyp-hgh.UPF
 O  16.0  O.blyp-hgh.UPF
ATOMIC_POSITIONS bohr
 O -5.268766 -1.401356 -1.821146
 O 3.689692 -2.007646 5.429863
 O -5.767437 5.629622 -5.370015
 O -0.093700 3.932702 -1.359495
 O -4.797259 0.836748 4.028857
 O -0.242288 5.583768 5.285184
 O -0.187460 -5.429146 -3.338565
 O 2.562301 0.010876 3.603380
 O -2.837314 -5.340600 5.737163
 O 2.148280 -2.716943 2.159154
 O 2.617485 -6.174625 2.900102
 O -3.979664 -3.029920 4.467482
 O -4.427676 -5.758349 0.697999
 O -3.632149 -5.736068 -3.924208
 O 2.605950 -2.873862 -2.458825
 O -2.150923 2.462922 0.568475
 O -1.257040 -2.007215 2.110223
 O 0.257619 -4.217025 3.792256
 O 5.307045 -4.496370 -5.013893
 O 5.268576 5.020321 2.241787
 O 5.814433 -3.099449 3.262654
 O -3.242025 -2.714381 -3.913102
 O -0.927260 2.741568 -4.933600
 O 4.011274 2.376549 2.984705
 O 2.352675 1.527307 -3.251099
 O -4.693439 2.485106 -6.364418
 O 4.540850 -5.993117 -1.207297
 O 2.061525 -1.163488 -4.781758
 O -2.093485 0.038167 -4.883536
 O 1.032869 -0.300063 0.910701
 O 4.711293 -1.727458 -3.492348
 O 5.313915 0.152681 -0.237820
 O -0.112878 4.677274 2.217563
 O -4.748645 0.763853 -4.057492
 O 0.809359 -3.872421 -0.416230
 O 4.442552 4.053207 -4.668755
 O 3.204615 5.447022 5.781599
 O -5.409698 4.325288 -1.974571
 O -0.389155 0.925867 -1.877290
 O -3.114736 -3.753031 -0.852463
 O -2.767475 5.478187 3.238454
 O -1.736548 2.860286 4.440189
 O -2.485450 -0.560920 -0.742322
 O -1.473194 -1.940468 4.773720
 O 0.637842 1.931464 5.133589
 O -4.546874 3.204280 1.313687
 O 3.083108 4.141754 -0.773307
 O 2.704074 -5.893443 -3.764907
 O -2.429435 4.358466 -2.379706
 O 5.078400 0.646113 5.539662
 O -2.814900 0.324659 1.971952
 O -0.684505 -2.242305 -2.648073
 O 0.054030 -3.476446 -5.471539
 O 5.814341 -5.886105 4.249756
 O 4.847111 -3.259138 0.016999
 O 4.565212 -0.741622 2.406099
 O 1.348270 4.306207 -4.294458
 O -0.932795 -5.885683 0.321291
 O -5.429941 -1.662178 -5.784333
 O -4.722088 1.202040 -0.750714
 O 5.111767 1.444059 -2.203651
 O 2.842392 -0.325934 -1.351547
 O -5.223681 -1.428796 1.342948
 O 1.631766 2.386802 1.355008
 H -5.278613 -1.815728 -0.934203
 H -4.724786 -0.619458 -1.537121
 H 4.394221 -2.619851 5.771018
 H 3.407677 -2.490082 4.623098
 H -6.593268 5.135694 -5.155197
 H -5.091744 4.944071 -5.528971
 H -0.332216 3.207691 -1.971500
 H 0.643815 4.344065 -1.848952
 H -5.651168 1.280291 4.214146
 H -4.141761 1.383438 4.505793
 H 0.146295 6.407278 4.898539
 H 0.240278 5.505901 6.134072
 H -0.522156 -5.365577 -2.425598
 H -0.954217 -5.262133 -3.915331
 H 3.161417 0.780981 3.535619
 H 1.721102 0.433955 3.863861
 H -3.083103 -5.396077 6.691990
 H -1.938184 -5.751032 5.710211
 H 1.877409 -1.826755 1.821017
 H 3.112828 -2.778809 2.030292
 H 3.313044 -6.605926 2.354975
 H 1.815618 -6.700193 2.689563
 H -3.559922 -3.898965 4.771912
 H -4.948572 -3.309556 4.466147
 H -4.716711 -6.592954 0.278748
 H -3.854025 -5.330540 0.025708
 H -3.991904 -4.845574 -3.712893
 H -3.888991 -6.310797 -3.175382
 H 2.697624 -2.107628 -1.845849
 H 1.927133 -3.379703 -1.965408
 H -1.262182 2.503067 0.958856
 H -2.490479 1.720910 1.163758
 H -0.777362 -1.196792 1.862868
 H -1.268270 -2.022070 3.095576
 H 0.716395 -4.734572 3.106191
 H -0.689460 -4.180699 3.560485
 H 6.148878 -4.549296 -4.519744
 H 5.082657 -3.543180 -4.920626
 H 5.649714 5.599235 2.952973
 H 6.070080 5.141142 1.698301
 H 5.371477 -2.212433 3.264206
 H 5.196635 -3.627774 2.722082
 H -2.282636 -2.498612 -3.933995
 H -3.490351 -2.769855 -4.855456
 H -0.565498 2.918266 -4.048342
 H -1.341873 1.859084 -4.922168
 H 4.806230 2.950190 2.893190
 H 3.421950 2.634709 2.231981
 H 2.330267 0.617975 -3.657332
 H 1.526660 1.938506 -3.569906
 H -5.007557 1.818398 -5.739361
 H -3.949754 2.883860 -5.874629
 H 4.018126 -5.218604 -0.897685
 H 5.391003 -5.863297 -0.744925
 H 2.705474 -1.458194 -5.477748
 H 1.441508 -0.665197 -5.349940
 H -1.683429 -0.121943 -5.756427
 H -3.034585 -0.224801 -4.964719
 H 0.920779 0.451632 1.523277
 H 1.910263 -0.116656 0.511762
 H 4.155293 -2.391850 -3.034303
 H 5.564653 -1.674052 -3.014092
 H 5.586205 0.867256 -0.835534
 H 5.249434 -0.542052 -0.884634
 H 0.237382 4.404799 3.096483
 H -0.865972 5.223766 2.533216
 H -4.922123 0.396332 -3.171896
 H -5.615784 0.824974 -4.492831
 H 0.445857 -4.554113 0.189488
 H 1.406862 -3.329133 0.148718
 H 4.172351 4.452890 -5.531765
 H 4.810435 3.197299 -4.970535
 H 3.067352 5.599642 4.816220
 H 2.807434 6.175973 6.308203
 H -5.683537 3.748373 -1.233020
 H -4.555000 3.904952 -2.230682
 H -0.016250 0.208491 -2.418392
 H -0.276324 0.613123 -0.947342
 H -3.903032 -3.232434 -1.096043
 H -2.530657 -3.609024 -1.624538
 H -3.626754 5.743527 2.855425
 H -2.823418 5.928885 4.104473
 H -1.439329 2.513262 3.577846
 H -1.945133 3.774890 4.153857
 H -2.337075 -1.517775 -0.806825
 H -3.132086 -0.431766 -0.026228
 H -2.447136 -2.086086 4.784539
 H -1.143739 -2.409129 5.577220
 H 1.065884 1.489723 5.883798
 H -0.258133 2.159137 5.480827
 H -4.789012 3.116743 2.252538
 H -3.552346 3.112005 1.222429
 H 3.645802 4.943506 -0.636415
 H 3.057449 4.047039 -1.744907
 H 3.608940 -5.513533 -3.747949
 H 2.316102 -5.627393 -2.913958
 H -2.510649 4.068285 -3.301511
 H -1.497735 4.372941 -2.051940
 H 5.577333 -0.161868 5.720663
 H 4.274161 0.255809 5.142391
 H -2.421392 -0.575042 2.037464
 H -3.255041 0.530049 2.823190
 H 0.263263 -2.012205 -2.714191
 H -0.872318 -2.484566 -1.723805
 H -0.180707 -3.253273 -4.541139
 H 0.771308 -2.845824 -5.684943
 H 5.527729 -6.503763 4.957308
 H 6.434367 -5.346465 4.774811
 H 5.721772 -3.227497 -0.412675
 H 4.374399 -2.489833 -0.370534
 H 4.665657 0.229382 2.385264
 H 3.618256 -0.935617 2.355062
 H 1.284070 4.308170 -5.262923
 H 1.963537 5.062009 -4.181018
 H -1.255497 -6.760041 0.616357
 H -1.748285 -5.366441 0.189952
 H -4.662975 -1.936892 -6.348036
 H -5.079366 -1.030675 -5.124655
 H -4.671209 2.128333 -1.023408
 H -4.696782 1.261758 0.229102
 H 5.672713 2.241677 -2.255433
 H 4.330745 1.657198 -2.757815
 H 3.679422 0.114352 -1.064520
 H 2.340090 0.370203 -1.827987
 H -6.131181 -1.317566 1.701498
 H -4.666967 -1.508204 2.131252
 H 0.823097 2.658927 1.824840
 H 1.659088 2.978262 0.571247
K_POINTS
 1
0.0 0.0 0.0 1.0