
&control
    calculation='scf'
    pseudo_dir = './',
    outdir='./outputs',
    disk_io='high'
/
&system
    ibrav= 1, celldm(1)=20.000000, nat=  192, ntyp= 2,
    ecutwfc = 30.0, nosym=.true., occupations='smearing',
    smearing='m-v', degauss=0.025
/
&electrons
    conv_thr =  1.0d-8,
    mixing_beta = 0.7
/
&ions
    pot_extrapolation='second-order'
    wfc_extrapolation='second-order'
    ion_temperature = 'andersen'
    tempw = 1000

/
ATOMIC_SPECIES
 H  1.01  H.blyp-hgh.UPF
 O  16.0  O.blyp-hgh.UPF
ATOMIC_POSITIONS bohr
 O -5.241534 -1.546482 -1.200237
 O 3.994877 -2.210947 5.402186
 O -5.717658 5.226729 -5.567234
 O -0.157682 3.556289 -1.583630
 O -4.723182 0.698438 3.831752
 O -0.241536 5.422629 5.178618
 O -0.131448 -5.365374 -3.403633
 O 2.274364 0.341088 3.700147
 O -2.859421 -5.301366 5.615826
 O 1.863069 -3.043527 1.611597
 O 2.501123 -6.064464 2.905275
 O -4.237842 -3.056413 4.341098
 O -4.419079 -5.970723 0.714201
 O -3.554244 -5.677508 -3.619398
 O 2.038848 -2.742768 -2.098671
 O -1.752228 2.527471 1.484568
 O -1.024340 -1.386679 1.652767
 O 0.263145 -4.237703 3.633165
 O 5.447260 -4.106197 -4.938889
 O 5.641422 4.793635 2.181018
 O 6.037857 -2.951791 3.254308
 O -3.225786 -3.037488 -3.803874
 O -0.918019 2.571453 -4.934244
 O 3.864201 2.347676 2.825657
 O 2.318098 1.278986 -3.116703
 O -4.926960 2.870483 -6.120083
 O 4.424200 -5.936556 -1.256449
 O 1.938499 -1.326394 -4.578255
 O -2.022787 0.268332 -4.829451
 O 0.834597 -0.318740 0.620831
 O 4.795387 -1.768606 -3.812632
 O 5.174191 0.055925 -0.004852
 O -0.355825 4.446545 1.814035
 O -5.318519 0.721220 -3.992505
 O 0.736420 -3.791226 -0.338693
 O 4.632805 3.401665 -4.264250
 O 3.579445 5.492544 5.804188
 O -5.059354 3.592846 -1.723572
 O -0.423090 1.042358 -1.561975
 O -2.957998 -3.280739 -1.197555
 O -2.592822 5.443446 3.400978
 O -1.488067 2.790133 3.754010
 O -2.646073 -0.200594 -0.656197
 O -1.513587 -2.227277 4.933189
 O 0.778350 1.757999 4.843886
 O -4.848379 3.431835 1.459332
 O 2.762813 3.879703 -0.527262
 O 2.669762 -5.943347 -3.536339
 O -2.682352 4.607357 -2.312223
 O 5.718870 0.508380 5.252633
 O -3.169630 0.151315 1.961545
 O -0.629113 -2.453316 -2.244344
 O 0.026991 -3.191532 -5.510150
 O 5.661835 -5.979562 4.468476
 O 5.185034 -2.957445 -0.234404
 O 4.726136 -0.695811 2.395302
 O 1.027677 4.299217 -4.386267
 O -0.568770 -5.730936 0.467968
 O -5.588206 -1.329722 -5.806596
 O -4.628500 1.500723 -0.959945
 O 5.234469 1.718484 -2.843258
 O 2.679000 -0.255084 -0.921136
 O -5.309115 -1.168074 1.177925
 O 1.496812 2.752949 1.416884
 H -4.733088 -1.787270 -0.403581
 H -4.562822 -1.497219 -1.894812
 H 3.500859 -3.001682 5.681636
 H 3.308814 -1.573509 5.103191
 H -6.215200 4.827233 -4.823004
 H -5.992038 4.663188 -6.318768
 H 0.341312 3.271389 -0.773367
 H 0.415218 4.210942 -2.025729
 H -5.437035 0.026976 3.795668
 H -5.127066 1.375449 4.418383
 H 0.213557 6.291863 5.144657
 H -0.222977 5.142934 6.120699
 H -0.368346 -5.658542 -2.505373
 H -0.755366 -5.861916 -3.964214
 H 2.408910 1.207603 3.233720
 H 1.388025 0.057159 3.407436
 H -3.507435 -5.612988 6.288846
 H -1.999641 -5.321692 6.082478
 H 1.927727 -2.051584 1.612445
 H 2.768061 -3.391729 1.661539
 H 3.296926 -6.197595 2.351748
 H 1.815411 -6.645990 2.503562
 H -3.633161 -3.514535 3.729516
 H -4.257815 -2.131043 4.023169
 H -3.478898 -6.165746 0.533236
 H -4.550002 -5.068777 0.338783
 H -4.467330 -5.641969 -3.278859
 H -3.511412 -6.555034 -4.043694
 H 2.156905 -1.761954 -2.036972
 H 2.460749 -3.086474 -1.290729
 H -1.588257 3.136388 0.748404
 H -1.369451 1.668212 1.197594
 H -0.381811 -1.937904 1.168895
 H -0.922948 -1.629911 2.598646
 H 0.887769 -3.555239 3.941946
 H -0.352814 -3.725260 3.072928
 H 5.904830 -4.725227 -5.545616
 H 6.157698 -3.650723 -4.451007
 H 5.463298 5.611000 2.714227
 H 5.952410 5.095128 1.306328
 H 5.315224 -2.664903 2.657931
 H 6.580643 -3.587070 2.759027
 H -2.387927 -2.833550 -4.267543
 H -3.941059 -2.954806 -4.459870
 H -0.504667 2.980483 -4.142379
 H -0.636790 1.628446 -4.902146
 H 4.683996 2.478086 3.345732
 H 3.428356 3.222160 2.827524
 H 2.904101 1.053006 -3.869306
 H 2.155076 2.242017 -3.167851
 H -4.998276 2.487816 -5.214696
 H -3.981669 3.099112 -6.237260
 H 4.215909 -5.031113 -1.586187
 H 5.386110 -5.907375 -1.092838
 H 2.765104 -1.101293 -5.062798
 H 1.199755 -1.001752 -5.132314
 H -2.138257 -0.471613 -5.451580
 H -2.864364 0.762441 -4.865535
 H 1.334079 0.501329 0.765150
 H 1.144451 -0.567687 -0.268792
 H 4.007161 -2.204619 -3.400291
 H 5.435852 -1.710121 -3.067222
 H 5.097709 1.022928 -0.084964
 H 5.958945 -0.215797 -0.595740
 H -0.572589 4.052168 2.710973
 H -0.328598 5.412709 1.931191
 H -4.715764 1.191855 -3.378326
 H -6.002644 0.395859 -3.356390
 H 0.744107 -4.699986 -0.659351
 H 0.703397 -3.900351 0.625804
 H 3.716769 3.643461 -4.053706
 H 4.573637 2.801396 -5.032682
 H 3.190034 4.897463 5.130633
 H 2.857961 6.129457 5.960452
 H -5.860054 3.898097 -1.256948
 H -4.806574 4.318335 -2.335385
 H -0.005688 0.373807 -2.135638
 H -1.304687 1.151376 -1.959951
 H -3.133530 -3.313727 -2.189141
 H -2.794360 -4.205076 -0.961499
 H -3.208811 5.876688 2.777910
 H -2.464542 6.099007 4.138838
 H -1.566563 1.821119 3.798868
 H -2.375719 3.106734 3.516938
 H -2.374522 -1.057604 -0.283514
 H -2.806571 0.330962 0.152559
 H -2.376431 -2.111488 5.374288
 H -1.329375 -3.181735 5.075009
 H 1.641074 1.722921 5.286506
 H 0.153859 2.207818 5.464443
 H -5.364990 3.377269 2.284186
 H -3.917594 3.207397 1.704255
 H 3.371875 4.562523 -0.166002
 H 2.817760 4.040658 -1.485492
 H 3.596315 -6.030147 -3.858879
 H 2.263802 -5.266207 -4.113170
 H -2.555348 3.886672 -2.964510
 H -2.126541 4.282045 -1.563528
 H 5.962711 0.219256 6.172859
 H 4.749192 0.452093 5.218858
 H -2.928278 -0.651263 2.443197
 H -3.635652 0.712952 2.632451
 H -0.101121 -3.261155 -2.327840
 H -0.225667 -2.050098 -1.463602
 H 0.431337 -3.492926 -4.662550
 H 0.762137 -3.185981 -6.145722
 H 4.974729 -5.480985 4.945312
 H 6.499766 -5.742841 4.905672
 H 5.661135 -3.576913 0.345413
 H 4.579775 -2.498494 0.375944
 H 4.221091 -0.528126 1.576186
 H 4.342732 -0.053184 3.023557
 H 1.437761 3.702003 -5.042791
 H 1.760036 4.913665 -4.049601
 H -0.892107 -6.369634 -0.200866
 H -1.354877 -5.227987 0.751072
 H -5.393515 -2.040711 -6.456227
 H -4.734944 -0.983773 -5.478870
 H -3.868530 2.094079 -1.036029
 H -4.823047 1.533602 -0.002323
 H 5.785826 2.526823 -2.876570
 H 4.398464 2.007100 -2.444127
 H 3.490296 -0.677194 -0.556650
 H 3.030253 0.409276 -1.553233
 H -5.941423 -0.578623 1.652936
 H -4.861348 -1.652795 1.881528
 H 1.445702 3.726229 1.524848
 H 2.309802 2.582819 0.903982
K_POINTS
 1
0.0 0.0 0.0 1.0