
&control
    calculation='scf'
    pseudo_dir = './',
    outdir='./outputs',
    disk_io='high'
/
&system
    ibrav= 1, celldm(1)=20.000000, nat=  192, ntyp= 2,
    ecutwfc = 30.0, nosym=.true., occupations='smearing',
    smearing='m-v', degauss=0.025
/
&electrons
    conv_thr =  1.0d-8,
    mixing_beta = 0.7
/
&ions
    pot_extrapolation='second-order'
    wfc_extrapolation='second-order'
    ion_temperature = 'andersen'
    tempw = 1000

/
ATOMIC_SPECIES
 H  1.01  H.blyp-hgh.UPF
 O  16.0  O.blyp-hgh.UPF
ATOMIC_POSITIONS bohr
 O -5.266471 -1.398135 -1.828974
 O 3.679053 -2.009993 5.434457
 O -5.768368 5.636960 -5.368926
 O -0.089090 3.935265 -1.354490
 O -4.798972 0.842000 4.033707
 O -0.244136 5.591087 5.286497
 O -0.190551 -5.429566 -3.334357
 O 2.564386 0.008309 3.607168
 O -2.834845 -5.343244 5.740718
 O 2.155868 -2.713684 2.168640
 O 2.619190 -6.179452 2.900164
 O -3.980220 -3.041966 4.462972
 O -4.427930 -5.756039 0.697149
 O -3.632546 -5.734855 -3.930146
 O 2.613844 -2.877733 -2.463652
 O -2.159067 2.463643 0.548803
 O -1.263727 -2.019500 2.121230
 O 0.258773 -4.222705 3.794913
 O 5.302810 -4.499817 -5.015023
 O 5.263043 5.020866 2.243529
 O 5.809080 -3.106230 3.263504
 O -3.243242 -2.707318 -3.914535
 O -0.931233 2.744803 -4.934459
 O 4.016098 2.376563 2.987973
 O 2.354043 1.530120 -3.260997
 O -4.684614 2.479034 -6.370345
 O 4.542711 -5.992114 -1.204419
 O 2.062457 -1.155524 -4.789911
 O -2.093106 0.034642 -4.886975
 O 1.039390 -0.296690 0.916407
 O 4.711247 -1.726752 -3.486539
 O 5.314484 0.149363 -0.234814
 O -0.109321 4.678430 2.235983
 O -4.740657 0.763826 -4.059841
 O 0.815211 -3.874902 -0.415629
 O 4.438787 4.065787 -4.680846
 O 3.194106 5.448228 5.775865
 O -5.409023 4.339126 -1.972623
 O -0.386241 0.925722 -1.883844
 O -3.112899 -3.763028 -0.847637
 O -2.771503 5.476739 3.237304
 O -1.746840 2.864359 4.450997
 O -2.480643 -0.574800 -0.742153
 O -1.469547 -1.930270 4.772955
 O 0.639655 1.932100 5.140783
 O -4.541349 3.200849 1.310222
 O 3.089449 4.149507 -0.778905
 O 2.703962 -5.886290 -3.769560
 O -2.430213 4.351917 -2.384054
 O 5.064229 0.647124 5.546159
 O -2.807039 0.323332 1.976276
 O -0.682872 -2.236142 -2.658019
 O 0.052521 -3.480139 -5.474253
 O 5.816103 -5.883710 4.253707
 O 4.841859 -3.261651 0.024823
 O 4.566075 -0.743690 2.401210
 O 1.352673 4.303808 -4.292517
 O -0.945648 -5.885290 0.314919
 O -5.427362 -1.672060 -5.788480
 O -4.726111 1.198104 -0.748925
 O 5.110064 1.449969 -2.202788
 O 2.839205 -0.327464 -1.357910
 O -5.219356 -1.434853 1.339396
 O 1.634607 2.378991 1.348658
 H -5.282611 -1.821564 -0.948332
 H -4.738176 -0.611386 -1.534046
 H 4.428649 -2.582729 5.754094
 H 3.409961 -2.488070 4.618606
 H -6.590582 5.136048 -5.145985
 H -5.082234 4.954130 -5.499279
 H -0.347218 3.219582 -1.979078
 H 0.652726 4.341574 -1.846952
 H -5.647957 1.293639 4.228317
 H -4.124639 1.378830 4.495339
 H 0.145660 6.416366 4.895329
 H 0.238437 5.528956 6.139263
 H -0.525148 -5.368187 -2.420337
 H -0.955186 -5.252889 -3.911632
 H 3.175796 0.772347 3.534064
 H 1.728027 0.443311 3.868875
 H -3.071774 -5.410658 6.700322
 H -1.937119 -5.760968 5.700207
 H 1.872758 -1.815097 1.852138
 H 3.120778 -2.747515 2.016032
 H 3.324748 -6.602115 2.356239
 H 1.822872 -6.717922 2.692607
 H -3.570030 -3.896090 4.826005
 H -4.963666 -3.274961 4.503057
 H -4.738598 -6.582045 0.272997
 H -3.852336 -5.338533 0.015464
 H -3.956574 -4.828722 -3.720780
 H -3.887624 -6.296045 -3.169629
 H 2.701373 -2.123013 -1.837990
 H 1.953624 -3.408729 -1.965416
 H -1.270630 2.503305 0.944499
 H -2.497758 1.738582 1.162501
 H -0.731962 -1.218073 1.877129
 H -1.271731 -2.030069 3.106253
 H 0.708188 -4.739742 3.101402
 H -0.692552 -4.186153 3.578741
 H 6.139722 -4.564988 -4.511417
 H 5.054868 -3.553107 -4.904705
 H 5.636787 5.626533 2.935504
 H 6.049297 5.141575 1.674835
 H 5.371378 -2.216855 3.295836
 H 5.171438 -3.620691 2.732088
 H -2.283546 -2.483634 -3.927906
 H -3.474367 -2.755963 -4.863069
 H -0.574838 2.925499 -4.046482
 H -1.333843 1.854492 -4.914837
 H 4.796177 2.971320 2.881128
 H 3.418694 2.600176 2.227103
 H 2.309774 0.610012 -3.640270
 H 1.529832 1.954625 -3.573928
 H -5.008499 1.812759 -5.744582
 H -3.940136 2.872643 -5.874582
 H 4.021696 -5.219584 -0.879082
 H 5.393314 -5.876345 -0.735159
 H 2.704334 -1.458851 -5.488987
 H 1.449985 -0.652353 -5.365234
 H -1.697075 -0.113003 -5.770195
 H -3.027850 -0.253693 -4.958608
 H 0.935326 0.440701 1.543970
 H 1.910168 -0.130349 0.508549
 H 4.164305 -2.406577 -3.030030
 H 5.576927 -1.683189 -3.022723
 H 5.588496 0.861094 -0.836552
 H 5.244467 -0.543470 -0.889111
 H 0.277118 4.440902 3.116309
 H -0.873415 5.210969 2.551961
 H -4.909298 0.388918 -3.176025
 H -5.604375 0.818550 -4.506434
 H 0.447050 -4.543120 0.199887
 H 1.394120 -3.305541 0.138952
 H 4.179534 4.468277 -5.546486
 H 4.816712 3.209196 -4.967796
 H 3.040140 5.611411 4.812442
 H 2.829271 6.177404 6.326232
 H -5.706017 3.772246 -1.229984
 H -4.582788 3.885897 -2.257478
 H -0.029542 0.201021 -2.428903
 H -0.255233 0.620833 -0.951849
 H -3.932750 -3.269715 -1.064163
 H -2.566286 -3.588710 -1.641860
 H -3.624479 5.744713 2.836652
 H -2.835362 5.948445 4.096898
 H -1.455958 2.521993 3.584759
 H -1.943502 3.783616 4.172207
 H -2.354703 -1.534918 -0.810895
 H -3.133783 -0.431866 -0.033403
 H -2.448862 -2.058891 4.782022
 H -1.138088 -2.395311 5.580499
 H 1.058362 1.498133 5.904077
 H -0.270664 2.144227 5.467878
 H -4.769575 3.085988 2.252586
 H -3.540649 3.148877 1.206013
 H 3.662057 4.950369 -0.656763
 H 3.068953 4.029993 -1.748740
 H 3.613711 -5.512296 -3.746705
 H 2.325674 -5.635263 -2.907851
 H -2.500210 4.075017 -3.312228
 H -1.501288 4.390241 -2.052213
 H 5.560039 -0.162096 5.746708
 H 4.267551 0.254255 5.136719
 H -2.440181 -0.585781 2.036985
 H -3.256119 0.560928 2.813766
 H 0.256836 -1.983209 -2.722627
 H -0.860172 -2.506389 -1.739967
 H -0.188936 -3.266304 -4.541106
 H 0.783446 -2.852551 -5.663046
 H 5.551129 -6.512743 4.959925
 H 6.437938 -5.336490 4.767945
 H 5.706608 -3.239055 -0.425352
 H 4.350064 -2.518172 -0.389314
 H 4.657462 0.228116 2.405328
 H 3.618857 -0.935926 2.354342
 H 1.298623 4.311973 -5.261452
 H 1.988530 5.038918 -4.185096
 H -1.246252 -6.769329 0.608603
 H -1.768555 -5.373544 0.192747
 H -4.638110 -1.919993 -6.336443
 H -5.088280 -1.045272 -5.115196
 H -4.658357 2.125454 -1.019688
 H -4.704949 1.262973 0.230989
 H 5.661516 2.254911 -2.261644
 H 4.326012 1.647006 -2.759814
 H 3.674487 0.100654 -1.057841
 H 2.345768 0.380006 -1.828571
 H -6.127391 -1.320798 1.700596
 H -4.666695 -1.517717 2.132619
 H 0.838232 2.669004 1.842357
 H 1.641087 2.970411 0.562525
K_POINTS
 1
0.0 0.0 0.0 1.0