
&control
    calculation='scf'
    pseudo_dir = './',
    outdir='./outputs',
    disk_io='high'
/
&system
    ibrav= 1, celldm(1)=20.000000, nat=  192, ntyp= 2,
    ecutwfc = 30.0, nosym=.true., occupations='smearing',
    smearing='m-v', degauss=0.025
/
&electrons
    conv_thr =  1.0d-8,
    mixing_beta = 0.7
/
&ions
    pot_extrapolation='second-order'
    wfc_extrapolation='second-order'
    ion_temperature = 'andersen'
    tempw = 1000

/
ATOMIC_SPECIES
 H  1.01  H.blyp-hgh.UPF
 O  16.0  O.blyp-hgh.UPF
ATOMIC_POSITIONS bohr
 O -5.265231 -1.396585 -1.832815
 O 3.673888 -2.011385 5.436799
 O -5.768794 5.640610 -5.368495
 O -0.086725 3.936513 -1.352105
 O -4.799739 0.844572 4.035980
 O -0.245013 5.594872 5.287167
 O -0.192083 -5.429757 -3.332208
 O 2.565262 0.007117 3.609165
 O -2.833548 -5.344589 5.742509
 O 2.159732 -2.712028 2.173301
 O 2.620002 -6.181962 2.900206
 O -3.980675 -3.048301 4.460924
 O -4.428108 -5.754946 0.696694
 O -3.632712 -5.734093 -3.933077
 O 2.617667 -2.879726 -2.465880
 O -2.163119 2.463930 0.539192
 O -1.267118 -2.025454 2.126591
 O 0.259325 -4.225684 3.796378
 O 5.300645 -4.501419 -5.015548
 O 5.260439 5.021166 2.244312
 O 5.806275 -3.109563 3.264012
 O -3.243794 -2.703827 -3.915331
 O -0.933236 2.746462 -4.934934
 O 4.018544 2.376569 2.989503
 O 2.354697 1.531333 -3.266021
 O -4.680145 2.476153 -6.373228
 O 4.543624 -5.991525 -1.202898
 O 2.062818 -1.151453 -4.794145
 O -2.092824 0.032892 -4.888783
 O 1.042562 -0.295131 0.919322
 O 4.711358 -1.726418 -3.483687
 O 5.314577 0.147610 -0.232933
 O -0.107443 4.678971 2.245429
 O -4.736624 0.763768 -4.061112
 O 0.818227 -3.876053 -0.415356
 O 4.437044 4.072007 -4.686965
 O 3.188828 5.448821 5.773008
 O -5.408677 4.345898 -1.971618
 O -0.384669 0.925702 -1.887084
 O -3.111952 -3.767990 -0.845288
 O -2.773559 5.476060 3.236804
 O -1.752054 2.866409 4.456261
 O -2.478222 -0.581743 -0.742121
 O -1.467803 -1.925110 4.772722
 O 0.640556 1.932307 5.144388
 O -4.538626 3.199199 1.308489
 O 3.092576 4.153363 -0.781697
 O 2.704015 -5.882637 -3.771868
 O -2.430971 4.348682 -2.386248
 O 5.057129 0.647691 5.549403
 O -2.803126 0.322827 1.978492
 O -0.682126 -2.233036 -2.663106
 O 0.051665 -3.481856 -5.475623
 O 5.817015 -5.882537 4.255824
 O 4.839165 -3.262866 0.028688
 O 4.566772 -0.744842 2.398713
 O 1.354766 4.302542 -4.291602
 O -0.952150 -5.885073 0.311716
 O -5.425987 -1.677016 -5.790602
 O -4.728117 1.196167 -0.748043
 O 5.109270 1.453192 -2.202721
 O 2.837517 -0.328296 -1.360947
 O -5.217175 -1.437865 1.337541
 O 1.635972 2.375139 1.345511
 H -5.285214 -1.824412 -0.954814
 H -4.744954 -0.607097 -1.532912
 H 4.445025 -2.563225 5.745319
 H 3.410583 -2.486478 4.616698
 H -6.588976 5.135905 -5.140708
 H -5.077938 4.959314 -5.484360
 H -0.354284 3.224454 -1.981646
 H 0.657320 4.340724 -1.845590
 H -5.646164 1.299867 4.235676
 H -4.116772 1.376918 4.490734
 H 0.145043 6.421105 4.893681
 H 0.236987 5.540281 6.141732
 H -0.526868 -5.369660 -2.417830
 H -0.955804 -5.248555 -3.909422
 H 3.183020 0.768650 3.533148
 H 1.731237 0.448010 3.871669
 H -3.066516 -5.418458 6.704245
 H -1.936431 -5.765687 5.695265
 H 1.870070 -1.809565 1.868001
 H 3.124491 -2.732090 2.008589
 H 3.330823 -6.600003 2.357110
 H 1.826708 -6.726537 2.693817
 H -3.575184 -3.893361 4.852610
 H -4.969702 -3.256485 4.520385
 H -4.749000 -6.576614 0.270043
 H -3.851836 -5.342302 0.010526
 H -3.938403 -4.820778 -3.724623
 H -3.886676 -6.288694 -3.167020
 H 2.703347 -2.129435 -1.834746
 H 1.966805 -3.424212 -1.965700
 H -1.274238 2.504555 0.936552
 H -2.501286 1.746750 1.160455
 H -0.709017 -1.230149 1.884295
 H -1.272861 -2.034108 3.112059
 H 0.704018 -4.741752 3.098564
 H -0.693642 -4.188841 3.587366
 H 6.134836 -4.573282 -4.507744
 H 5.041124 -3.558241 -4.896231
 H 5.629269 5.640597 2.928242
 H 6.038434 5.140710 1.661833
 H 5.371852 -2.219207 3.311537
 H 5.159502 -3.617597 2.737175
 H -2.284233 -2.475935 -3.924347
 H -3.466589 -2.749137 -4.866542
 H -0.579482 2.928959 -4.045825
 H -1.330424 1.851731 -4.910298
 H 4.790416 2.981860 2.875085
 H 3.417248 2.582732 2.225273
 H 2.300003 0.606657 -3.632068
 H 1.531937 1.963305 -3.575844
 H -5.008840 1.810018 -5.747393
 H -3.935142 2.866925 -5.874824
 H 4.024024 -5.220277 -0.869889
 H 5.394353 -5.882956 -0.730496
 H 2.704198 -1.459331 -5.494099
 H 1.454064 -0.645962 -5.372612
 H -1.704346 -0.108952 -5.777141
 H -3.024120 -0.267492 -4.955246
 H 0.943176 0.435518 1.554041
 H 1.910214 -0.136924 0.505987
 H 4.168828 -2.413811 -3.028165
 H 5.582796 -1.687886 -3.027099
 H 5.589748 0.858426 -0.836723
 H 5.242700 -0.545804 -0.892158
 H 0.296785 4.458782 3.125787
 H -0.877717 5.204647 2.560977
 H -4.903261 0.385350 -3.178030
 H -5.599544 0.814981 -4.512197
 H 0.447477 -4.537905 0.204900
 H 1.387155 -3.294170 0.134583
 H 4.181968 4.475979 -5.553803
 H 4.819578 3.215206 -4.966186
 H 3.026303 5.617997 4.810949
 H 2.840606 6.178048 6.334360
 H -5.717428 3.784875 -1.228258
 H -4.596376 3.877167 -2.270646
 H -0.036764 0.197265 -2.433920
 H -0.245096 0.624826 -0.955015
 H -3.947346 -3.288369 -1.048146
 H -2.584515 -3.579154 -1.650636
 H -3.623016 5.745047 2.826332
 H -2.841170 5.958194 4.093434
 H -1.464228 2.525685 3.588457
 H -1.943167 3.788315 4.182065
 H -2.363919 -1.543549 -0.812320
 H -3.134541 -0.432125 -0.036717
 H -2.449582 -2.045423 4.780687
 H -1.134859 -2.388816 5.581724
 H 1.054946 1.502692 5.914280
 H -0.276348 2.137367 5.460884
 H -4.759439 3.070518 2.252385
 H -3.535519 3.167674 1.197940
 H 3.669978 4.953610 -0.667450
 H 3.074942 4.021458 -1.750439
 H 3.616077 -5.512013 -3.746352
 H 2.330048 -5.639084 -2.905223
 H -2.493704 4.078427 -3.317651
 H -1.502847 4.399078 -2.052545
 H 5.552155 -0.162921 5.760011
 H 4.263966 0.253626 5.133981
 H -2.449213 -0.591933 2.036996
 H -3.257371 0.575689 2.808862
 H 0.253839 -1.969245 -2.726424
 H -0.852807 -2.517269 -1.747839
 H -0.192476 -3.273219 -4.541464
 H 0.789616 -2.856337 -5.651738
 H 5.562647 -6.517119 4.961293
 H 6.439706 -5.331293 4.764172
 H 5.698899 -3.244887 -0.431253
 H 4.338165 -2.532872 -0.398404
 H 4.653298 0.227576 2.415054
 H 3.618585 -0.935382 2.354469
 H 1.305714 4.312661 -5.261098
 H 2.001773 5.028049 -4.185959
 H -1.241194 -6.773720 0.604255
 H -1.778563 -5.377037 0.194327
 H -4.626591 -1.911211 -6.330827
 H -5.092766 -1.052796 -5.110358
 H -4.651029 2.124135 -1.017840
 H -4.709321 1.263521 0.231725
 H 5.655616 2.261747 -2.265174
 H 4.323225 1.641971 -2.760687
 H 3.672273 0.094017 -1.053949
 H 2.348703 0.385169 -1.828859
 H -6.125393 -1.322273 1.699565
 H -4.666425 -1.522836 2.133375
 H 0.846348 2.674507 1.850976
 H 1.632346 2.966483 0.557980
K_POINTS
 1
0.0 0.0 0.0 1.0