
&control
    calculation='scf'
    pseudo_dir = './',
    outdir='./outputs',
    disk_io='high'
/
&system
    ibrav= 1, celldm(1)=20.000000, nat=  192, ntyp= 2,
    ecutwfc = 30.0, nosym=.true., occupations='smearing',
    smearing='m-v', degauss=0.025
/
&electrons
    conv_thr =  1.0d-8,
    mixing_beta = 0.7
/
&ions
    pot_extrapolation='second-order'
    wfc_extrapolation='second-order'
    ion_temperature = 'andersen'
    tempw = 1000

/
ATOMIC_SPECIES
 H  1.01  H.blyp-hgh.UPF
 O  16.0  O.blyp-hgh.UPF
ATOMIC_POSITIONS bohr
 O -5.263934 -1.395076 -1.836615
 O 3.668839 -2.012919 5.439167
 O -5.769199 5.644237 -5.368136
 O -0.084319 3.937727 -1.349818
 O -4.800450 0.847106 4.038146
 O -0.245849 5.598752 5.287849
 O -0.193609 -5.429935 -3.330027
 O 2.566034 0.006001 3.611229
 O -2.832206 -5.345952 5.744322
 O 2.163652 -2.710335 2.177902
 O 2.620790 -6.184541 2.900250
 O -3.981249 -3.054827 4.459031
 O -4.428316 -5.753894 0.696206
 O -3.632856 -5.733224 -3.935982
 O 2.621400 -2.881771 -2.467975
 O -2.167144 2.464176 0.529741
 O -1.270497 -2.031229 2.131841
 O 0.259864 -4.228759 3.797933
 O 5.298444 -4.502943 -5.016047
 O 5.257943 5.021493 2.245027
 O 5.803385 -3.112854 3.264579
 O -3.244303 -2.700360 -3.916187
 O -0.935256 2.748132 -4.935431
 O 4.021009 2.376575 2.990956
 O 2.355326 1.532425 -3.271093
 O -4.675641 2.473368 -6.376043
 O 4.544528 -5.990871 -1.201317
 O 2.063113 -1.147326 -4.798495
 O -2.092479 0.031144 -4.890658
 O 1.045656 -0.293675 0.922280
 O 4.711560 -1.726109 -3.480858
 O 5.314542 0.145776 -0.230836
 O -0.105490 4.679484 2.255049
 O -4.732571 0.763681 -4.062451
 O 0.821299 -3.877145 -0.415113
 O 4.435394 4.078185 -4.693125
 O 3.183531 5.449407 5.770157
 O -5.408334 4.352576 -1.970591
 O -0.383019 0.925715 -1.890303
 O -3.111009 -3.772908 -0.842998
 O -2.775651 5.475427 3.236366
 O -1.757313 2.868465 4.461431
 O -2.475793 -0.588689 -0.742122
 O -1.466118 -1.919910 4.772596
 O 0.641450 1.932435 5.148009
 O -4.535919 3.197595 1.306768
 O 3.095683 4.157210 -0.784489
 O 2.704150 -5.878929 -3.774157
 O -2.431965 4.345469 -2.388459
 O 5.050034 0.648279 5.552648
 O -2.799225 0.322442 1.980736
 O -0.681434 -2.229916 -2.668267
 O 0.050751 -3.483476 -5.476998
 O 5.817945 -5.881384 4.258032
 O 4.836425 -3.264054 0.032519
 O 4.567639 -0.746066 2.396184
 O 1.356790 4.301233 -4.290727
 O -0.958699 -5.884842 0.308502
 O -5.424540 -1.681971 -5.792751
 O -4.730120 1.194261 -0.747171
 O 5.108515 1.456595 -2.202893
 O 2.835757 -0.329171 -1.363892
 O -5.214983 -1.440866 1.335648
 O 1.637277 2.371341 1.342390
 H -5.288199 -1.827212 -0.960895
 H -4.751767 -0.602614 -1.532012
 H 4.460734 -2.543109 5.736324
 H 3.410875 -2.484509 4.615068
 H -6.587155 5.135602 -5.135005
 H -5.073955 4.964634 -5.469403
 H -0.361000 3.228761 -1.983282
 H 0.661941 4.340088 -1.843946
 H -5.644189 1.305803 4.243218
 H -4.109416 1.375273 4.486554
 H 0.144183 6.425906 4.892026
 H 0.235161 5.551454 6.144080
 H -0.528732 -5.371244 -2.415421
 H -0.956506 -5.244419 -3.906968
 H 3.190154 0.765271 3.532171
 H 1.734324 0.452716 3.874658
 H -3.061514 -5.426592 6.707915
 H -1.935678 -5.770207 5.690372
 H 1.867145 -1.804341 1.884082
 H 3.127955 -2.716861 2.000969
 H 3.336973 -6.597748 2.358181
 H 1.830746 -6.734940 2.694803
 H -3.580472 -3.889787 4.878802
 H -4.974601 -3.237362 4.536938
 H -4.759021 -6.571174 0.267071
 H -3.851606 -5.345952 0.005785
 H -3.919911 -4.813186 -3.728397
 H -3.885546 -6.281349 -3.164599
 H 2.705361 -2.134999 -1.831973
 H 1.980012 -3.440231 -1.966243
 H -1.277469 2.506553 0.928041
 H -2.504792 1.754412 1.157456
 H -0.686300 -1.243587 1.891588
 H -1.273604 -2.038188 3.118163
 H 0.699787 -4.743371 3.095452
 H -0.694428 -4.191499 3.595647
 H 6.129714 -4.581814 -4.504415
 H 5.027552 -3.563540 -4.887419
 H 5.621113 5.654877 2.921911
 H 6.027193 5.139119 1.648145
 H 5.372669 -2.221677 3.327109
 H 5.148005 -3.614793 2.742326
 H -2.285093 -2.468103 -3.920416
 H -3.458971 -2.742419 -4.869759
 H -0.584102 2.932327 -4.045376
 H -1.327365 1.848781 -4.905212
 H 4.784146 2.992348 2.869046
 H 3.415958 2.565201 2.223887
 H 2.290542 0.603741 -3.624135
 H 1.534447 1.972337 -3.577687
 H -5.009046 1.807416 -5.750418
 H -3.930058 2.861119 -5.875264
 H 4.026739 -5.221147 -0.860783
 H 5.395265 -5.889619 -0.726013
 H 2.704301 -1.459891 -5.498799
 H 1.458059 -0.639613 -5.379775
 H -1.711897 -0.105169 -5.784080
 H -3.020164 -0.280834 -4.951655
 H 0.951441 0.430591 1.563927
 H 1.910437 -0.143259 0.502770
 H 4.173419 -2.420854 -3.026544
 H 5.588402 -1.692662 -3.031546
 H 5.591059 0.856028 -0.836642
 H 5.241420 -0.549043 -0.895548
 H 0.316168 4.476583 3.134820
 H -0.882358 5.198335 2.569772
 H -4.897502 0.381886 -3.180026
 H -5.595231 0.811160 -4.517198
 H 0.447786 -4.532889 0.209810
 H 1.379830 -3.283065 0.130606
 H 4.183651 4.483625 -5.561099
 H 4.822239 3.221265 -4.964461
 H 3.012358 5.625063 4.809782
 H 2.852186 6.178655 6.341850
 H -5.728864 3.797947 -1.226475
 H -4.609781 3.868940 -2.283604
 H -0.044394 0.193531 -2.438739
 H -0.235240 0.628898 -0.958797
 H -3.961568 -3.307132 -1.031994
 H -2.603028 -3.570018 -1.659428
 H -3.621269 5.745187 2.815442
 H -2.846873 5.967832 4.090035
 H -1.472464 2.528938 3.592299
 H -1.943139 3.793229 4.192380
 H -2.373400 -1.552194 -0.813331
 H -3.135205 -0.432526 -0.039885
 H -2.450115 -2.032086 4.779330
 H -1.131420 -2.382581 5.582624
 H 1.051710 1.507536 5.924450
 H -0.281574 2.130905 5.453531
 H -4.749004 3.055023 2.251942
 H -3.530990 3.186637 1.189971
 H 3.677702 4.956670 -0.678480
 H 3.081085 4.012925 -1.751961
 H 3.618378 -5.511970 -3.746193
 H 2.334154 -5.642860 -2.902927
 H -2.486342 4.081894 -3.323069
 H -1.504294 4.408043 -2.053031
 H 5.544665 -0.164051 5.773446
 H 4.260198 0.253087 5.131318
 H -2.457980 -0.598588 2.037243
 H -3.259067 0.589878 2.803833
 H 0.251042 -1.955635 -2.729962
 H -0.844591 -2.528127 -1.755570
 H -0.195638 -3.280405 -4.542092
 H 0.795781 -2.860457 -5.640200
 H 5.574065 -6.521397 4.962691
 H 6.441455 -5.325951 4.760173
 H 5.691106 -3.250751 -0.436860
 H 4.326455 -2.547920 -0.407288
 H 4.649138 0.227097 2.424567
 H 3.617963 -0.934397 2.354923
 H 1.312647 4.312527 -5.261008
 H 2.015512 5.017649 -4.185996
 H -1.235869 -6.777888 0.599591
 H -1.788462 -5.380540 0.196042
 H -4.615752 -1.902238 -6.325361
 H -5.097339 -1.060501 -5.105470
 H -4.643106 2.122830 -1.015998
 H -4.713876 1.264011 0.232335
 H 5.649497 2.268695 -2.268975
 H 4.320184 1.636970 -2.761462
 H 3.670286 0.087562 -1.049675
 H 2.351716 0.390473 -1.829116
 H -6.123301 -1.323663 1.698118
 H -4.666096 -1.528192 2.134106
 H 0.854987 2.680233 1.859403
 H 1.623803 2.962508 0.553367
K_POINTS
 1
0.0 0.0 0.0 1.0