
&control
    calculation='scf'
    pseudo_dir = './',
    outdir='./outputs',
    disk_io='high'
/
&system
    ibrav= 1, celldm(1)=20.000000, nat=  192, ntyp= 2,
    ecutwfc = 30.0, nosym=.true., occupations='smearing',
    smearing='m-v', degauss=0.025
/
&electrons
    conv_thr =  1.0d-8,
    mixing_beta = 0.7
/
&ions
    pot_extrapolation='second-order'
    wfc_extrapolation='second-order'
    ion_temperature = 'andersen'
    tempw = 1000

/
ATOMIC_SPECIES
 H  1.01  H.blyp-hgh.UPF
 O  16.0  O.blyp-hgh.UPF
ATOMIC_POSITIONS bohr
 O -5.262585 -1.393612 -1.840377
 O 3.663916 -2.014592 5.441560
 O -5.769588 5.647831 -5.367845
 O -0.081874 3.938900 -1.347641
 O -4.801105 0.849602 4.040205
 O -0.246638 5.602736 5.288544
 O -0.195128 -5.430100 -3.327813
 O 2.566708 0.004975 3.613358
 O -2.830818 -5.347337 5.746164
 O 2.167636 -2.708594 2.182439
 O 2.621553 -6.187193 2.900295
 O -3.981943 -3.061528 4.457305
 O -4.428553 -5.752886 0.695674
 O -3.632977 -5.732248 -3.938858
 O 2.625037 -2.883878 -2.469927
 O -2.171132 2.464387 0.520452
 O -1.273830 -2.036791 2.136973
 O 0.260390 -4.231933 3.799574
 O 5.296201 -4.504389 -5.016519
 O 5.255559 5.021855 2.245670
 O 5.800412 -3.116101 3.265207
 O -3.244762 -2.696919 -3.917105
 O -0.937300 2.749797 -4.935945
 O 4.023490 2.376581 2.992326
 O 2.355929 1.533400 -3.276209
 O -4.671103 2.470674 -6.378779
 O 4.545430 -5.990151 -1.199672
 O 2.063342 -1.143148 -4.802969
 O -2.092068 0.029398 -4.892607
 O 1.048660 -0.292333 0.925285
 O 4.711856 -1.725835 -3.478044
 O 5.314378 0.143840 -0.228555
 O -0.103455 4.679971 2.264853
 O -4.728502 0.763565 -4.063860
 O 0.824420 -3.878180 -0.414904
 O 4.433837 4.084328 -4.699323
 O 3.178213 5.449984 5.767311
 O -5.408002 4.359161 -1.969543
 O -0.381290 0.925760 -1.893505
 O -3.110090 -3.777769 -0.840782
 O -2.777786 5.474849 3.235998
 O -1.762616 2.870526 4.466509
 O -2.473357 -0.595641 -0.742153
 O -1.464494 -1.914671 4.772582
 O 0.642336 1.932481 5.151651
 O -4.533224 3.196036 1.305064
 O 3.098772 4.161050 -0.787285
 O 2.704370 -5.875166 -3.776422
 O -2.433187 4.342277 -2.390689
 O 5.042958 0.648870 5.555899
 O -2.795336 0.322180 1.983002
 O -0.680798 -2.226783 -2.673497
 O 0.049789 -3.484992 -5.478376
 O 5.818891 -5.880254 4.260326
 O 4.833637 -3.265216 0.036315
 O 4.568665 -0.747358 2.393622
 O 1.358753 4.299885 -4.289896
 O -0.965292 -5.884597 0.305277
 O -5.423011 -1.686916 -5.794920
 O -4.732119 1.192393 -0.746311
 O 5.107795 1.460178 -2.203304
 O 2.833920 -0.330085 -1.366746
 O -5.212776 -1.443857 1.333728
 O 1.638507 2.367612 1.339302
 H -5.291546 -1.829954 -0.966584
 H -4.758605 -0.597925 -1.531318
 H 4.475699 -2.522402 5.727100
 H 3.410845 -2.482182 4.613743
 H -6.585091 5.135183 -5.128897
 H -5.070284 4.970112 -5.454418
 H -0.367318 3.232606 -1.983911
 H 0.666540 4.339628 -1.841996
 H -5.641998 1.311450 4.250940
 H -4.102609 1.373892 4.482800
 H 0.143048 6.430723 4.890379
 H 0.232951 5.562459 6.146293
 H -0.530735 -5.372938 -2.413115
 H -0.957289 -5.240484 -3.904274
 H 3.197101 0.762133 3.531157
 H 1.737324 0.457423 3.877843
 H -3.056758 -5.435051 6.711269
 H -1.934890 -5.774508 5.685538
 H 1.863990 -1.799505 1.900389
 H 3.131110 -2.701860 1.993194
 H 3.343148 -6.595352 2.359483
 H 1.835025 -6.743102 2.695550
 H -3.585936 -3.885385 4.904497
 H -4.978293 -3.217702 4.552702
 H -4.768650 -6.565710 0.264106
 H -3.851667 -5.349506 0.001291
 H -3.901111 -4.805961 -3.732099
 H -3.884231 -6.274004 -3.162370
 H 2.707384 -2.139717 -1.829689
 H 1.993306 -3.456679 -1.967102
 H -1.280359 2.509288 0.918928
 H -2.508307 1.761522 1.153515
 H -0.664085 -1.258622 1.899066
 H -1.273973 -2.042323 3.124532
 H 0.695485 -4.744592 3.092085
 H -0.694923 -4.194122 3.603575
 H 6.124349 -4.590543 -4.501430
 H 5.014202 -3.569040 -4.878273
 H 5.612363 5.669299 2.916436
 H 6.015521 5.136809 1.633912
 H 5.373821 -2.224277 3.342509
 H 5.136943 -3.612267 2.747545
 H -2.286133 -2.460143 -3.916094
 H -3.451528 -2.735830 -4.872704
 H -0.588686 2.935617 -4.045142
 H -1.324633 1.845755 -4.899609
 H 4.777366 3.002766 2.863018
 H 3.414845 2.547612 2.222966
 H 2.281379 0.601270 -3.616511
 H 1.537398 1.981677 -3.579452
 H -5.009088 1.805007 -5.753707
 H -3.924900 2.855218 -5.875913
 H 4.029844 -5.222206 -0.851768
 H 5.396025 -5.896327 -0.721731
 H 2.704608 -1.460514 -5.503038
 H 1.461984 -0.633317 -5.386703
 H -1.719714 -0.101645 -5.790976
 H -3.015999 -0.293700 -4.947817
 H 0.960140 0.425961 1.573619
 H 1.910887 -0.149318 0.498900
 H 4.178111 -2.427636 -3.025210
 H 5.593692 -1.697506 -3.036081
 H 5.592415 0.853878 -0.836284
 H 5.240639 -0.553005 -0.899097
 H 0.335147 4.494327 3.143297
 H -0.887281 5.191996 2.578358
 H -4.892033 0.378534 -3.182038
 H -5.591380 0.807081 -4.521387
 H 0.447977 -4.528070 0.214622
 H 1.372171 -3.272211 0.127050
 H 4.184606 4.491163 -5.568371
 H 4.824685 3.227371 -4.962661
 H 2.998342 5.632611 4.808981
 H 2.863985 6.179234 6.348674
 H -5.740259 3.811442 -1.224696
 H -4.623040 3.861205 -2.296298
 H -0.052445 0.189838 -2.443335
 H -0.225670 0.633029 -0.963170
 H -3.975255 -3.326078 -1.015649
 H -2.621845 -3.561321 -1.668168
 H -3.619185 5.745116 2.804026
 H -2.852476 5.977290 4.086588
 H -1.480663 2.531764 3.596273
 H -1.943404 3.798334 4.203150
 H -2.383143 -1.560830 -0.813927
 H -3.135745 -0.433070 -0.042939
 H -2.450401 -2.018913 4.777972
 H -1.127817 -2.376595 5.583170
 H 1.048612 1.512701 5.934533
 H -0.286302 2.124846 5.445817
 H -4.738261 3.039533 2.251194
 H -3.527147 3.205704 1.182122
 H 3.685191 4.959522 -0.689849
 H 3.087377 4.004398 -1.753283
 H 3.620586 -5.512171 -3.746237
 H 2.337999 -5.646611 -2.900994
 H -2.478136 4.085439 -3.328447
 H -1.505677 4.417138 -2.053691
 H 5.537463 -0.165328 5.786959
 H 4.256262 0.252633 5.128744
 H -2.466485 -0.605681 2.037769
 H -3.261180 0.603409 2.798673
 H 0.248474 -1.942379 -2.733262
 H -0.835536 -2.538958 -1.763176
 H -0.198433 -3.287860 -4.542985
 H 0.801889 -2.864949 -5.628442
 H 5.585402 -6.525557 4.964108
 H 6.443181 -5.320461 4.755953
 H 5.683235 -3.256644 -0.442173
 H 4.314937 -2.563307 -0.415966
 H 4.645022 0.226660 2.433856
 H 3.617037 -0.932986 2.355706
 H 1.319402 4.311572 -5.261168
 H 2.029703 5.007685 -4.185196
 H -1.230298 -6.781804 0.594612
 H -1.798234 -5.384083 0.197899
 H -4.605630 -1.893096 -6.320070
 H -5.102044 -1.068408 -5.100547
 H -4.634592 2.121483 -1.014158
 H -4.718606 1.264428 0.232834
 H 5.643150 2.275734 -2.273039
 H 4.316911 1.631998 -2.762127
 H 3.668550 0.081303 -1.045013
 H 2.354822 0.395887 -1.829317
 H -6.121107 -1.324973 1.696241
 H -4.665736 -1.533782 2.134749
 H 0.864246 2.686121 1.867569
 H 1.615476 2.958446 0.548735
K_POINTS
 1
0.0 0.0 0.0 1.0