
&control
    calculation='scf'
    pseudo_dir = './',
    outdir='./outputs',
    disk_io='high'
/
&system
    ibrav= 1, celldm(1)=20.000000, nat=  192, ntyp= 2,
    ecutwfc = 30.0, nosym=.true., occupations='smearing',
    smearing='m-v', degauss=0.025
/
&electrons
    conv_thr =  1.0d-8,
    mixing_beta = 0.7
/
&ions
    pot_extrapolation='second-order'
    wfc_extrapolation='second-order'
    ion_temperature = 'andersen'
    tempw = 1000

/
ATOMIC_SPECIES
 H  1.01  H.blyp-hgh.UPF
 O  16.0  O.blyp-hgh.UPF
ATOMIC_POSITIONS bohr
 O -5.261893 -1.392896 -1.842244
 O 3.661506 -2.015480 5.442766
 O -5.769778 5.649613 -5.367724
 O -0.080637 3.939469 -1.346596
 O -4.801411 0.850835 4.041194
 O -0.247013 5.604769 5.288895
 O -0.195885 -5.430178 -3.326694
 O 2.567011 0.004501 3.614447
 O -2.830105 -5.348039 5.747098
 O 2.169654 -2.707701 2.184682
 O 2.621927 -6.188546 2.900318
 O -3.982333 -3.064940 4.456508
 O -4.428681 -5.752398 0.695390
 O -3.633029 -5.731718 -3.940286
 O 2.626818 -2.884958 -2.470847
 O -2.173108 2.464481 0.515869
 O -1.275471 -2.039483 2.139494
 O 0.260651 -4.233558 3.800428
 O 5.295063 -4.505084 -5.016745
 O 5.254408 5.022053 2.245964
 O 5.798895 -3.117707 3.265545
 O -3.244973 -2.695208 -3.917588
 O -0.938332 2.750622 -4.936206
 O 4.024735 2.376583 2.992978
 O 2.356221 1.533845 -3.278784
 O -4.668822 2.469360 -6.380116
 O 4.545881 -5.989765 -1.198826
 O 2.063432 -1.141042 -4.805254
 O -2.091839 0.028525 -4.893611
 O 1.050127 -0.291708 0.926805
 O 4.712040 -1.725713 -3.476641
 O 5.314246 0.142829 -0.227357
 O -0.102406 4.680204 2.269827
 O -4.726464 0.763495 -4.064592
 O 0.825997 -3.878677 -0.414814
 O 4.433093 4.087388 -4.702435
 O 3.175546 5.450269 5.765890
 O -5.407840 4.362420 -1.969011
 O -0.380396 0.925795 -1.895102
 O -3.109645 -3.780174 -0.839705
 O -2.778870 5.474584 3.235843
 O -1.765284 2.871559 4.469015
 O -2.472138 -0.599119 -0.742178
 O -1.463706 -1.912036 4.772617
 O 0.642777 1.932472 5.153482
 O -4.531878 3.195274 1.304221
 O 3.100312 4.162968 -0.788686
 O 2.704512 -5.873264 -3.777544
 O -2.433880 4.340689 -2.391811
 O 5.039431 0.649159 5.557529
 O -2.793394 0.322096 1.984142
 O -0.680502 -2.225213 -2.676136
 O 0.049292 -3.485709 -5.479066
 O 5.819369 -5.879700 4.261504
 O 4.832224 -3.265788 0.038200
 O 4.569234 -0.748026 2.392330
 O 1.359714 4.299199 -4.289497
 O -0.968603 -5.884468 0.303661
 O -5.422214 -1.689382 -5.796010
 O -4.733118 1.191477 -0.745887
 O 5.107448 1.462037 -2.203597
 O 2.832971 -0.330556 -1.368140
 O -5.211666 -1.445349 1.332760
 O 1.639090 2.365777 1.337771
 H -5.293349 -1.831298 -0.969288
 H -4.762032 -0.595503 -1.531040
 H 4.482878 -2.511836 5.722402
 H 3.410711 -2.480890 4.613198
 H -6.583960 5.134944 -5.125698
 H -5.068563 4.972916 -5.446919
 H -0.370315 3.234384 -1.983828
 H 0.668818 4.339453 -1.840901
 H -5.640813 1.314167 4.254868
 H -4.099424 1.373298 4.481082
 H 0.142371 6.433125 4.889563
 H 0.231703 5.567894 6.147347
 H -0.531787 -5.373826 -2.412001
 H -0.957711 -5.238593 -3.902839
 H 3.200473 0.760628 3.530644
 H 1.738804 0.459775 3.879509
 H -3.054470 -5.439401 6.712810
 H -1.934492 -5.776568 5.683146
 H 1.862329 -1.797253 1.908628
 H 3.132554 -2.694455 1.989256
 H 3.346229 -6.594103 2.360227
 H 1.837264 -6.747087 2.695828
 H -3.588746 -3.882882 4.917131
 H -4.979671 -3.207706 4.560284
 H -4.773313 -6.562965 0.262633
 H -3.851812 -5.351252 -0.000851
 H -3.891602 -4.802489 -3.733922
 H -3.883503 -6.270330 -3.161328
 H 2.708389 -2.141768 -1.828737
 H 2.000006 -3.465028 -1.967667
 H -1.281690 2.510925 0.914136
 H -2.510079 1.764857 1.151197
 H -0.653244 -1.266795 1.902886
 H -1.274022 -2.044414 3.127800
 H 0.693305 -4.745050 3.090312
 H -0.695067 -4.195419 3.607406
 H 6.121577 -4.594969 -4.500065
 H 5.007627 -3.571874 -4.873578
 H 5.607780 5.676535 2.913988
 H 6.009508 5.135389 1.626639
 H 5.374519 -2.225631 3.350131
 H 5.131572 -3.611105 2.750182
 H -2.286720 -2.456117 -3.913783
 H -3.447876 -2.732591 -4.874073
 H -0.590961 2.937238 -4.045105
 H -1.323377 1.844250 -4.896624
 H 4.773785 3.007945 2.860011
 H 3.414361 2.538806 2.222685
 H 2.276906 0.600203 -3.612828
 H 1.539048 1.986449 -3.580306
 H -5.009040 1.803888 -5.755464
 H -3.922296 2.852231 -5.876318
 H 4.031542 -5.222806 -0.847295
 H 5.396342 -5.899695 -0.719670
 H 2.704826 -1.460842 -5.504972
 H 1.463922 -0.630191 -5.390076
 H -1.723717 -0.099977 -5.794399
 H -3.013846 -0.299951 -4.945799
 H 0.964659 0.423768 1.578389
 H 1.911204 -0.152237 0.496725
 H 4.180504 -2.430908 -3.024661
 H 5.596207 -1.699951 -3.038386
 H 5.593105 0.852888 -0.835991
 H 5.240442 -0.555193 -0.900868
 H 0.344447 4.503182 3.147297
 H -0.889828 5.188802 2.582576
 H -4.889409 0.376904 -3.183057
 H -5.589609 0.804943 -4.523165
 H 0.448030 -4.525731 0.216989
 H 1.368224 -3.266873 0.125439
 H 4.184818 4.494874 -5.571996
 H 4.825825 3.230440 -4.961744
 H 2.991321 5.636566 4.808728
 H 2.869957 6.179516 6.351829
 H -5.745921 3.818339 -1.223825
 H -4.629630 3.857521 -2.302528
 H -0.056631 0.188011 -2.445543
 H -0.220992 0.635109 -0.965563
 H -3.981847 -3.335640 -1.007388
 H -2.631373 -3.557144 -1.672493
 H -3.618000 5.744998 2.798137
 H -2.855242 5.981931 4.084812
 H -1.484749 2.533022 3.598304
 H -1.943641 3.800949 4.208703
 H -2.388110 -1.565137 -0.814069
 H -3.135959 -0.433394 -0.044434
 H -2.450434 -2.012400 4.777298
 H -1.125967 -2.373692 5.583303
 H 1.047103 1.515415 5.939526
 H -0.288471 2.121968 5.441827
 H -4.732770 3.031799 2.250688
 H -3.525508 3.215256 1.178247
 H 3.688837 4.960863 -0.695658
 H 3.090577 4.000137 -1.753863
 H 3.621650 -5.512364 -3.746336
 H 2.339825 -5.648484 -2.900173
 H -2.473722 4.087246 -3.331110
 H -1.506365 4.421734 -2.054091
 H 5.533934 -0.165968 5.793725
 H 4.254235 0.252436 5.127495
 H -2.470643 -0.609361 2.038150
 H -3.262385 0.609900 2.796041
 H 0.247280 -1.935884 -2.734831
 H -0.830698 -2.544360 -1.766941
 H -0.199698 -3.291687 -4.543523
 H 0.804907 -2.867344 -5.622485
 H 5.591047 -6.527585 4.964821
 H 6.444034 -5.317659 4.753761
 H 5.679273 -3.259602 -0.444719
 H 4.309249 -2.571124 -0.420226
 H 4.642993 0.226449 2.438415
 H 3.616480 -0.932127 2.356222
 H 1.322709 4.310789 -5.261334
 H 2.036943 5.002845 -4.184484
 H -1.227429 -6.783662 0.592006
 H -1.803070 -5.385880 0.198884
 H -4.600847 -1.888469 -6.317498
 H -5.104461 -1.072443 -5.098078
 H -4.630116 2.120775 -1.013238
 H -4.721033 1.264606 0.233047
 H 5.639889 2.279284 -2.275167
 H 4.315196 1.629521 -2.762415
 H 3.667777 0.078248 -1.042538
 H 2.356415 0.398623 -1.829387
 H -6.119971 -1.325599 1.695138
 H -4.665553 -1.536662 2.135019
 H 0.869133 2.689108 1.871535
 H 1.611399 2.956371 0.546428
K_POINTS
 1
0.0 0.0 0.0 1.0