
&control
    calculation='scf'
    pseudo_dir = './',
    outdir='./outputs',
    disk_io='high'
/
&system
    ibrav= 1, celldm(1)=20.000000, nat=  192, ntyp= 2,
    ecutwfc = 30.0, nosym=.true., occupations='smearing',
    smearing='m-v', degauss=0.025
/
&electrons
    conv_thr =  1.0d-8,
    mixing_beta = 0.7
/
&ions
    pot_extrapolation='second-order'
    wfc_extrapolation='second-order'
    ion_temperature = 'andersen'
    tempw = 1000

/
ATOMIC_SPECIES
 H  1.01  H.blyp-hgh.UPF
 O  16.0  O.blyp-hgh.UPF
ATOMIC_POSITIONS bohr
 O -5.241832 -1.546601 -1.201728
 O 3.994625 -2.210756 5.402120
 O -5.717599 5.227677 -5.566884
 O -0.157674 3.557068 -1.583473
 O -4.722787 0.698805 3.831762
 O -0.241408 5.422826 5.178867
 O -0.131307 -5.365365 -3.403719
 O 2.275089 0.340222 3.699697
 O -2.859351 -5.301263 5.615940
 O 1.863762 -3.042778 1.612680
 O 2.501290 -6.064630 2.905265
 O -4.237228 -3.056317 4.341505
 O -4.419240 -5.970413 0.714292
 O -3.554367 -5.677436 -3.619818
 O 2.039943 -2.742776 -2.099528
 O -1.753170 2.526844 1.482948
 O -1.025104 -1.387658 1.653464
 O 0.262783 -4.237914 3.633661
 O 5.447226 -4.106839 -4.939053
 O 5.640381 4.794077 2.181020
 O 6.037315 -2.952085 3.254008
 O -3.225920 -3.037056 -3.804400
 O -0.917852 2.571845 -4.934288
 O 3.864383 2.347750 2.825864
 O 2.318188 1.279262 -3.116810
 O -4.926612 2.869928 -6.120357
 O 4.424365 -5.936766 -1.256358
 O 1.938676 -1.326173 -4.578521
 O -2.022866 0.267918 -4.829544
 O 0.834601 -0.318931 0.621654
 O 4.795276 -1.768373 -3.812298
 O 5.174131 0.056283 -0.005451
 O -0.354972 4.447522 1.814343
 O -5.317426 0.721114 -3.993110
 O 0.736275 -3.791335 -0.339020
 O 4.632330 3.403119 -4.265317
 O 3.579144 5.492412 5.804599
 O -5.060018 3.594025 -1.724557
 O -0.422635 1.042388 -1.562345
 O -2.958595 -3.281179 -1.196693
 O -2.592958 5.443579 3.400603
 O -1.488155 2.790255 3.756016
 O -2.645966 -0.200848 -0.656657
 O -1.513540 -2.226961 4.932840
 O 0.777784 1.758567 4.844684
 O -4.847846 3.431314 1.459252
 O 2.763156 3.879825 -0.527554
 O 2.669938 -5.943736 -3.536558
 O -2.682166 4.607371 -2.312317
 O 5.717724 0.509139 5.252728
 O -3.168910 0.151670 1.961602
 O -0.629568 -2.452876 -2.245132
 O 0.026882 -3.192037 -5.510081
 O 5.662125 -5.979436 4.468046
 O 5.184358 -2.958048 -0.234536
 O 4.725904 -0.695994 2.395767
 O 1.028144 4.299146 -4.386000
 O -0.569316 -5.731369 0.467951
 O -5.587527 -1.330322 -5.806257
 O -4.628593 1.499717 -0.959593
 O 5.234205 1.717406 -2.841793
 O 2.679541 -0.255244 -0.921748
 O -5.308909 -1.168564 1.178538
 O 1.497239 2.752182 1.417138
 H -4.733955 -1.784588 -0.403519
 H -4.561131 -1.495147 -1.894412
 H 3.501587 -3.001726 5.682945
 H 3.308648 -1.573715 5.101267
 H -6.216587 4.826849 -4.823883
 H -5.991179 4.662816 -6.318047
 H 0.341053 3.269719 -0.773299
 H 0.415129 4.211751 -2.025974
 H -5.438080 0.028304 3.796634
 H -5.127355 1.374226 4.420491
 H 0.213385 6.292412 5.143324
 H -0.222112 5.141416 6.120698
 H -0.369226 -5.658209 -2.505485
 H -0.756324 -5.861716 -3.963492
 H 2.409514 1.207783 3.233910
 H 1.387589 0.057847 3.408364
 H -3.507772 -5.612670 6.289142
 H -1.999270 -5.321917 6.082456
 H 1.926447 -2.050111 1.611228
 H 2.767998 -3.393118 1.662635
 H 3.297264 -6.198177 2.351737
 H 1.814226 -6.645214 2.503719
 H -3.631373 -3.514822 3.731198
 H -4.259170 -2.131273 4.022206
 H -3.479476 -6.167507 0.532338
 H -4.548727 -5.068144 0.338219
 H -4.467578 -5.641599 -3.279267
 H -3.512344 -6.556104 -4.042228
 H 2.157123 -1.761415 -2.037351
 H 2.458598 -3.086481 -1.289635
 H -1.585982 3.136855 0.748288
 H -1.370510 1.666843 1.197242
 H -0.380943 -1.936158 1.168390
 H -0.923140 -1.629692 2.599800
 H 0.888997 -3.555103 3.939165
 H -0.352434 -3.724935 3.072756
 H 5.905545 -4.726812 -5.544555
 H 6.155986 -3.648252 -4.451336
 H 5.465401 5.610933 2.717239
 H 5.955263 5.094223 1.307015
 H 5.314713 -2.661956 2.658797
 H 6.580508 -3.588021 2.760023
 H -2.386340 -2.833363 -4.265431
 H -3.941716 -2.955082 -4.459971
 H -0.503684 2.980716 -4.142426
 H -0.640523 1.627240 -4.901185
 H 4.684916 2.478375 3.345045
 H 3.428261 3.222272 2.826544
 H 2.904420 1.051517 -3.868911
 H 2.152568 2.242046 -3.167718
 H -4.999571 2.485656 -5.215338
 H -3.981433 3.099757 -6.237528
 H 4.215450 -5.031011 -1.585781
 H 5.386421 -5.906745 -1.092798
 H 2.766267 -1.102498 -5.062605
 H 1.198813 -1.002225 -5.131766
 H -2.137381 -0.472310 -5.451638
 H -2.864251 0.762568 -4.865684
 H 1.333291 0.502160 0.764093
 H 1.145727 -0.565262 -0.268586
 H 4.006795 -2.204790 -3.399603
 H 5.435465 -1.710133 -3.066150
 H 5.097709 1.023423 -0.085537
 H 5.960589 -0.218669 -0.595453
 H -0.574253 4.049360 2.710158
 H -0.330497 5.413977 1.931007
 H -4.716357 1.190050 -3.375170
 H -6.003311 0.398015 -3.356749
 H 0.742901 -4.700255 -0.659205
 H 0.705540 -3.901211 0.625608
 H 3.716325 3.645431 -4.055082
 H 4.574825 2.801096 -5.032672
 H 3.189749 4.898867 5.129296
 H 2.856737 6.128775 5.959919
 H -5.860028 3.897506 -1.255300
 H -4.805161 4.321138 -2.333969
 H -0.006255 0.373091 -2.136097
 H -1.305532 1.148577 -1.958650
 H -3.131895 -3.312516 -2.189894
 H -2.793024 -4.205784 -0.962520
 H -3.210467 5.875986 2.778151
 H -2.465525 6.097817 4.140688
 H -1.565577 1.820861 3.797157
 H -2.374872 3.107914 3.516479
 H -2.373251 -1.057582 -0.283753
 H -2.807674 0.328465 0.153828
 H -2.377411 -2.112845 5.372896
 H -1.329130 -3.181469 5.076089
 H 1.641207 1.721072 5.285885
 H 0.152441 2.209992 5.463787
 H -5.365364 3.378909 2.283881
 H -3.916478 3.206003 1.702722
 H 3.372244 4.563563 -0.167187
 H 2.818413 4.042011 -1.485726
 H 3.597211 -6.028785 -3.858452
 H 2.262665 -5.265470 -4.111503
 H -2.553737 3.885899 -2.963986
 H -2.124976 4.280277 -1.564698
 H 5.963978 0.215992 6.171871
 H 4.748058 0.451249 5.219062
 H -2.926461 -0.651362 2.441979
 H -3.637633 0.711802 2.632827
 H -0.099699 -3.259808 -2.326929
 H -0.225969 -2.051286 -1.463516
 H 0.430910 -3.491716 -4.661365
 H 0.762434 -3.184803 -6.145298
 H 4.973972 -5.482226 4.944976
 H 6.500371 -5.742659 4.904695
 H 5.661720 -3.576010 0.346018
 H 4.580761 -2.497755 0.376649
 H 4.223247 -0.525457 1.575387
 H 4.340021 -0.054593 3.024144
 H 1.436389 3.702105 -5.044164
 H 1.759346 4.917945 -4.050388
 H -0.892219 -6.371905 -0.199608
 H -1.354536 -5.226595 0.750681
 H -5.395385 -2.040844 -6.457533
 H -4.735278 -0.982456 -5.477487
 H -3.869436 2.094311 -1.034999
 H -4.822053 1.533238 -0.001571
 H 5.786892 2.525133 -2.875255
 H 4.397945 2.006636 -2.443570
 H 3.492800 -0.674564 -0.557003
 H 3.028939 0.409213 -1.555328
 H -5.943524 -0.579832 1.652247
 H -4.861159 -1.652069 1.882950
 H 1.440838 3.725787 1.524075
 H 2.309907 2.583437 0.903105
K_POINTS
 1
0.0 0.0 0.0 1.0