
&control
    calculation='scf'
    pseudo_dir = './',
    outdir='./outputs',
    disk_io='high'
/
&system
    ibrav= 1, celldm(1)=20.000000, nat=  192, ntyp= 2,
    ecutwfc = 30.0, nosym=.true., occupations='smearing',
    smearing='m-v', degauss=0.025
/
&electrons
    conv_thr =  1.0d-8,
    mixing_beta = 0.7
/
&ions
    pot_extrapolation='second-order'
    wfc_extrapolation='second-order'
    ion_temperature = 'andersen'
    tempw = 1000

/
ATOMIC_SPECIES
 H  1.01  H.blyp-hgh.UPF
 O  16.0  O.blyp-hgh.UPF
ATOMIC_POSITIONS bohr
 O -5.261188 -1.392192 -1.844102
 O 3.659130 -2.016400 5.443977
 O -5.769966 5.651384 -5.367618
 O -0.079391 3.940026 -1.345583
 O -4.801702 0.852059 4.042156
 O -0.247376 5.606831 5.289249
 O -0.196641 -5.430252 -3.325566
 O 2.567292 0.004054 3.615551
 O -2.829380 -5.348747 5.748042
 O 2.171691 -2.706791 2.186909
 O 2.622296 -6.189918 2.900340
 O -3.982753 -3.068388 4.455756
 O -4.428816 -5.751920 0.695091
 O -3.633074 -5.731162 -3.941707
 O 2.628574 -2.886057 -2.471728
 O -2.175070 2.464571 0.511326
 O -1.277089 -2.042114 2.141985
 O 0.260909 -4.235208 3.801302
 O 5.293912 -4.505759 -5.016965
 O 5.253286 5.022263 2.246240
 O 5.797357 -3.119301 3.265899
 O -3.245170 -2.693502 -3.918088
 O -0.939373 2.751440 -4.936469
 O 4.025983 2.376585 2.993608
 O 2.356506 1.534264 -3.281368
 O -4.666532 2.468068 -6.381431
 O 4.546332 -5.989363 -1.197963
 O 2.063507 -1.138924 -4.807571
 O -2.091592 0.027651 -4.894636
 O 1.051570 -0.291115 0.928336
 O 4.712247 -1.725603 -3.475239
 O 5.314082 0.141785 -0.226127
 O -0.101336 4.680431 2.274850
 O -4.724424 0.763417 -4.065341
 O 0.827586 -3.879162 -0.414733
 O 4.432372 4.090443 -4.705554
 O 3.172872 5.450551 5.764470
 O -5.407682 4.365656 -1.968474
 O -0.379482 0.925839 -1.896698
 O -3.109212 -3.782560 -0.838653
 O -2.779968 5.474336 3.235708
 O -1.767962 2.872593 4.471498
 O -2.470919 -0.602601 -0.742209
 O -1.462934 -1.909390 4.772681
 O 0.643216 1.932440 5.155320
 O -4.530534 3.194525 1.303385
 O 3.101849 4.164884 -0.790090
 O 2.704676 -5.871347 -3.778658
 O -2.434624 4.339105 -2.392939
 O 5.035913 0.649441 5.559162
 O -2.791455 0.322041 1.985286
 O -0.680220 -2.223640 -2.678790
 O 0.048787 -3.486398 -5.479757
 O 5.819850 -5.879152 4.262702
 O 4.830799 -3.266354 0.040075
 O 4.569838 -0.748708 2.391031
 O 1.360665 4.298506 -4.289110
 O -0.971923 -5.884335 0.302043
 O -5.421395 -1.691842 -5.797103
 O -4.734116 1.190574 -0.745468
 O 5.107108 1.463941 -2.203949
 O 2.832003 -0.331034 -1.369513
 O -5.210552 -1.446839 1.331789
 O 1.639650 2.363963 1.336250
 H -5.295234 -1.832618 -0.971904
 H -4.765462 -0.593030 -1.530802
 H 4.489844 -2.501132 5.717647
 H 3.410500 -2.479518 4.612731
 H -6.582759 5.134693 -5.122406
 H -5.066915 4.975766 -5.439418
 H -0.373196 3.236079 -1.983471
 H 0.671074 4.339307 -1.839724
 H -5.639566 1.316814 4.258839
 H -4.096390 1.372768 4.479470
 H 0.141616 6.435517 4.888753
 H 0.230359 5.573284 6.148366
 H -0.532872 -5.374742 -2.410911
 H -0.958153 -5.236753 -3.901347
 H 3.203762 0.759152 3.530133
 H 1.740275 0.462124 3.881223
 H -3.052240 -5.443829 6.714252
 H -1.934095 -5.778566 5.680773
 H 1.860616 -1.795124 1.916923
 H 3.133900 -2.687119 1.985288
 H 3.349300 -6.592820 2.361038
 H 1.839571 -6.751006 2.696040
 H -3.591614 -3.880182 4.929611
 H -4.980733 -3.197616 4.567665
 H -4.777874 -6.560209 0.261171
 H -3.852035 -5.352978 -0.002917
 H -3.882024 -4.799112 -3.735726
 H -3.882728 -6.266656 -3.160334
 H 2.709383 -2.143620 -1.827917
 H 2.006751 -3.473438 -1.968329
 H -1.282951 2.512740 0.909182
 H -2.511863 1.768036 1.148652
 H -0.642619 -1.275428 1.906765
 H -1.273984 -2.046524 3.131115
 H 0.691105 -4.745405 3.088484
 H -0.695147 -4.196705 3.611145
 H 6.118746 -4.599431 -4.498783
 H 5.001126 -3.574769 -4.868802
 H 5.603066 5.683770 2.911713
 H 6.003367 5.133795 1.619287
 H 5.375294 -2.227021 3.357694
 H 5.126307 -3.610008 2.752838
 H -2.287352 -2.452061 -3.911368
 H -3.444272 -2.729391 -4.875373
 H -0.593221 2.938846 -4.045122
 H -1.322189 1.842773 -4.893524
 H 4.770080 3.013101 2.857009
 H 3.413928 2.529998 2.222525
 H 2.272502 0.599248 -3.609237
 H 1.540818 1.991282 -3.581140
 H -5.008942 1.802831 -5.757299
 H -3.919678 2.849218 -5.876777
 H 4.033333 -5.223452 -0.842844
 H 5.396616 -5.903073 -0.717664
 H 2.705082 -1.461180 -5.506775
 H 1.465845 -0.627081 -5.393388
 H -1.727781 -0.098371 -5.797800
 H -3.011651 -0.306079 -4.943713
 H 0.969293 0.421662 1.583105
 H 1.911582 -0.155079 0.494395
 H 4.182930 -2.434093 -3.024197
 H 5.598630 -1.702410 -3.040715
 H 5.593799 0.851948 -0.835617
 H 5.240376 -0.557484 -0.902601
 H 0.353600 4.512028 3.151124
 H -0.892418 5.185585 2.586747
 H -4.886859 0.375306 -3.184091
 H -5.587931 0.802741 -4.524724
 H 0.448055 -4.523437 0.219330
 H 1.364203 -3.261592 0.123942
 H 4.184858 4.498538 -5.575612
 H 4.826907 3.233518 -4.960825
 H 2.984297 5.640642 4.808577
 H 2.875973 6.179796 6.354809
 H -5.751550 3.825329 -1.222974
 H -4.636204 3.853961 -2.308669
 H -0.060927 0.186199 -2.447691
 H -0.216386 0.637194 -0.968082
 H -3.988248 -3.345270 -0.999062
 H -2.640986 -3.553085 -1.676774
 H -3.616713 5.744823 2.792135
 H -2.857987 5.986502 4.082984
 H -1.488826 2.534182 3.600362
 H -1.943944 3.803599 4.214368
 H -2.393140 -1.569431 -0.814107
 H -3.136130 -0.433754 -0.045912
 H -2.450386 -2.005941 4.776633
 H -1.124092 -2.370849 5.583340
 H 1.045614 1.518221 5.944479
 H -0.290506 2.119192 5.437749
 H -4.727199 3.024079 2.250084
 H -3.524068 3.224809 1.174408
 H 3.692412 4.962145 -0.701546
 H 3.093811 3.995879 -1.754387
 H 3.622685 -5.512618 -3.746489
 H 2.341589 -5.650356 -2.899452
 H -2.469105 4.089079 -3.333750
 H -1.507061 4.426361 -2.054543
 H 5.530432 -0.166582 5.800488
 H 4.252174 0.252258 5.126275
 H -2.474741 -0.613111 2.038614
 H -3.263684 0.616196 2.793371
 H 0.246148 -1.929478 -2.736350
 H -0.825657 -2.549753 -1.770687
 H -0.200880 -3.295579 -4.544118
 H 0.807892 -2.869845 -5.616480
 H 5.596678 -6.529576 4.965536
 H 6.444881 -5.314818 4.751515
 H 5.675296 -3.262567 -0.447192
 H 4.303607 -2.579022 -0.424434
 H 4.640992 0.226235 2.442913
 H 3.615872 -0.931169 2.356822
 H 1.325967 4.309804 -5.261551
 H 2.044262 4.998086 -4.183567
 H -1.224509 -6.785452 0.589323
 H -1.807872 -5.387698 0.199906
 H -4.596253 -1.883809 -6.314982
 H -5.106927 -1.076537 -5.095607
 H -4.625496 2.120035 -1.012316
 H -4.723502 1.264762 0.233240
 H 5.636571 2.282854 -2.277357
 H 4.313433 1.627050 -2.762670
 H 3.667067 0.075243 -1.039968
 H 2.358038 0.401373 -1.829434
 H -6.118811 -1.326206 1.693925
 H -4.665372 -1.539600 2.135245
 H 0.874203 2.692115 1.875414
 H 1.607382 2.954259 0.544134
K_POINTS
 1
0.0 0.0 0.0 1.0