
&control
    calculation='scf'
    pseudo_dir = './',
    outdir='./outputs',
    disk_io='high'
/
&system
    ibrav= 1, celldm(1)=20.000000, nat=  192, ntyp= 2,
    ecutwfc = 30.0, nosym=.true., occupations='smearing',
    smearing='m-v', degauss=0.025
/
&electrons
    conv_thr =  1.0d-8,
    mixing_beta = 0.7
/
&ions
    pot_extrapolation='second-order'
    wfc_extrapolation='second-order'
    ion_temperature = 'andersen'
    tempw = 1000

/
ATOMIC_SPECIES
 H  1.01  H.blyp-hgh.UPF
 O  16.0  O.blyp-hgh.UPF
ATOMIC_POSITIONS bohr
 O -5.260473 -1.391500 -1.845950
 O 3.656791 -2.017353 5.445195
 O -5.770153 5.653143 -5.367528
 O -0.078135 3.940571 -1.344601
 O -4.801979 0.853273 4.043090
 O -0.247726 5.608922 5.289606
 O -0.197396 -5.430324 -3.324429
 O 2.567552 0.003636 3.616671
 O -2.828642 -5.349462 5.748997
 O 2.173747 -2.705864 2.189118
 O 2.622661 -6.191308 2.900361
 O -3.983201 -3.071873 4.455050
 O -4.428958 -5.751454 0.694779
 O -3.633113 -5.730577 -3.943121
 O 2.630303 -2.887176 -2.472569
 O -2.177018 2.464656 0.506824
 O -1.278683 -2.044681 2.144447
 O 0.261167 -4.236884 3.802197
 O 5.292747 -4.506416 -5.017178
 O 5.252192 5.022488 2.246497
 O 5.795800 -3.120884 3.266271
 O -3.245352 -2.691803 -3.918604
 O -0.940424 2.752247 -4.936734
 O 4.027232 2.376585 2.994215
 O 2.356784 1.534657 -3.283961
 O -4.664234 2.466798 -6.382722
 O 4.546785 -5.988944 -1.197083
 O 2.063567 -1.136796 -4.809922
 O -2.091328 0.026777 -4.895682
 O 1.052988 -0.290554 0.929879
 O 4.712478 -1.725505 -3.473838
 O 5.313885 0.140707 -0.224870
 O -0.100243 4.680652 2.279922
 O -4.722384 0.763332 -4.066108
 O 0.829184 -3.879634 -0.414662
 O 4.431673 4.093492 -4.708681
 O 3.170193 5.450830 5.763051
 O -5.407527 4.368871 -1.967933
 O -0.378549 0.925892 -1.898294
 O -3.108793 -3.784925 -0.837627
 O -2.781078 5.474108 3.235593
 O -1.770651 2.873627 4.473960
 O -2.469700 -0.606085 -0.742245
 O -1.462178 -1.906734 4.772774
 O 0.643654 1.932387 5.157165
 O -4.529190 3.193788 1.302555
 O 3.103384 4.166798 -0.791497
 O 2.704862 -5.869416 -3.779765
 O -2.435417 4.337525 -2.394072
 O 5.032406 0.649714 5.560800
 O -2.789516 0.322015 1.986433
 O -0.679952 -2.222065 -2.681458
 O 0.048273 -3.487058 -5.480449
 O 5.820333 -5.878613 4.263919
 O 4.829362 -3.266914 0.041940
 O 4.570476 -0.749402 2.389724
 O 1.361607 4.297809 -4.288735
 O -0.975251 -5.884198 0.300422
 O -5.420552 -1.694295 -5.798199
 O -4.735112 1.189685 -0.745053
 O 5.106777 1.465889 -2.204358
 O 2.831015 -0.331519 -1.370863
 O -5.209433 -1.448326 1.330816
 O 1.640186 2.362174 1.334738
 H -5.297197 -1.833912 -0.974436
 H -4.768897 -0.590506 -1.530603
 H 4.496587 -2.490296 5.712834
 H 3.410211 -2.478069 4.612343
 H -6.581486 5.134436 -5.119024
 H -5.065339 4.978663 -5.431916
 H -0.375956 3.237698 -1.982838
 H 0.673305 4.339186 -1.838464
 H -5.638256 1.319392 4.262852
 H -4.093512 1.372300 4.477964
 H 0.140783 6.437895 4.887951
 H 0.228920 5.578625 6.149352
 H -0.533989 -5.375684 -2.409847
 H -0.958617 -5.234965 -3.899800
 H 3.206956 0.757697 3.529626
 H 1.741743 0.464469 3.882987
 H -3.050068 -5.448335 6.715590
 H -1.933701 -5.780498 5.678421
 H 1.858850 -1.793123 1.925275
 H 3.135140 -2.679856 1.981293
 H 3.352354 -6.591504 2.361918
 H 1.841948 -6.754858 2.696182
 H -3.594543 -3.877290 4.941928
 H -4.981476 -3.187448 4.574846
 H -4.782331 -6.557443 0.259722
 H -3.852336 -5.354687 -0.004903
 H -3.872378 -4.795830 -3.737509
 H -3.881905 -6.262981 -3.159388
 H 2.710362 -2.145279 -1.827232
 H 2.013550 -3.481895 -1.969095
 H -1.284149 2.514728 0.904062
 H -2.513664 1.771054 1.145884
 H -0.632236 -1.284532 1.910703
 H -1.273860 -2.048653 3.134467
 H 0.688883 -4.745657 3.086603
 H -0.695166 -4.197978 3.614793
 H 6.115861 -4.603924 -4.497582
 H 4.994705 -3.577729 -4.863948
 H 5.598226 5.690990 2.909596
 H 5.997094 5.132031 1.611877
 H 5.376146 -2.228450 3.365192
 H 5.121147 -3.608974 2.755512
 H -2.288027 -2.447975 -3.908850
 H -3.440717 -2.726234 -4.876604
 H -0.595464 2.940443 -4.045190
 H -1.321062 1.841338 -4.890313
 H 4.766252 3.018236 2.854013
 H 3.413546 2.521192 2.222486
 H 2.268165 0.598403 -3.605743
 H 1.542710 1.996170 -3.581956
 H -5.008792 1.801840 -5.759215
 H -3.917045 2.846181 -5.877290
 H 4.035215 -5.224142 -0.838414
 H 5.396846 -5.906460 -0.715716
 H 2.705371 -1.461523 -5.508444
 H 1.467753 -0.623987 -5.396638
 H -1.731901 -0.096824 -5.801176
 H -3.009417 -0.312082 -4.941557
 H 0.974046 0.419644 1.587766
 H 1.912017 -0.157842 0.491913
 H 4.185391 -2.437184 -3.023820
 H 5.600958 -1.704880 -3.043070
 H 5.594494 0.851053 -0.835157
 H 5.240444 -0.559853 -0.904271
 H 0.362592 4.520866 3.154771
 H -0.895043 5.182338 2.590871
 H -4.884384 0.373742 -3.185140
 H -5.586340 0.800473 -4.526061
 H 0.448052 -4.521185 0.221640
 H 1.360110 -3.256366 0.122561
 H 4.184730 4.502147 -5.579216
 H 4.827933 3.236601 -4.959907
 H 2.977276 5.644836 4.808531
 H 2.882028 6.180075 6.357614
 H -5.757137 3.832408 -1.222151
 H -4.642770 3.850523 -2.314714
 H -0.065332 0.184403 -2.449775
 H -0.211849 0.639279 -0.970717
 H -3.994437 -3.354975 -0.990664
 H -2.650685 -3.549148 -1.680998
 H -3.615318 5.744590 2.786029
 H -2.860711 5.990996 4.081093
 H -1.492894 2.535245 3.602446
 H -1.944311 3.806278 4.220141
 H -2.398232 -1.573709 -0.814042
 H -3.136255 -0.434147 -0.047379
 H -2.450253 -1.999542 4.775978
 H -1.122195 -2.368066 5.583279
 H 1.044141 1.521122 5.949387
 H -0.292406 2.116519 5.433587
 H -4.721546 3.016375 2.249377
 H -3.522834 3.234354 1.170607
 H 3.695913 4.963368 -0.707512
 H 3.097078 3.991623 -1.754851
 H 3.623692 -5.512932 -3.746694
 H 2.343289 -5.652231 -2.898832
 H -2.464287 4.090941 -3.336363
 H -1.507777 4.431020 -2.055047
 H 5.526944 -0.167149 5.807238
 H 4.250082 0.252099 5.125086
 H -2.478783 -0.616912 2.039167
 H -3.265074 0.622286 2.790663
 H 0.245077 -1.923162 -2.737822
 H -0.820414 -2.555132 -1.774419
 H -0.201980 -3.299536 -4.544764
 H 0.810841 -2.872452 -5.610430
 H 5.602300 -6.531525 4.966252
 H 6.445721 -5.311938 4.749216
 H 5.671304 -3.265541 -0.449590
 H 4.298012 -2.587000 -0.428590
 H 4.639023 0.226015 2.447351
 H 3.615223 -0.930113 2.357505
 H 1.329175 4.308618 -5.261812
 H 2.051645 4.993395 -4.182448
 H -1.221542 -6.787172 0.586566
 H -1.812638 -5.389539 0.200967
 H -4.591848 -1.879118 -6.312524
 H -5.109447 -1.080691 -5.093135
 H -4.620732 2.119253 -1.011393
 H -4.726010 1.264893 0.233416
 H 5.633194 2.286442 -2.279610
 H 4.311625 1.624584 -2.762891
 H 3.666417 0.072286 -1.037305
 H 2.359692 0.404132 -1.829454
 H -6.117628 -1.326795 1.692600
 H -4.665198 -1.542593 2.135420
 H 0.879462 2.695136 1.879199
 H 1.603428 2.952106 0.541860
K_POINTS
 1
0.0 0.0 0.0 1.0