
&control
    calculation='scf'
    pseudo_dir = './',
    outdir='./outputs',
    disk_io='high'
/
&system
    ibrav= 1, celldm(1)=20.000000, nat=  192, ntyp= 2,
    ecutwfc = 30.0, nosym=.true., occupations='smearing',
    smearing='m-v', degauss=0.025
/
&electrons
    conv_thr =  1.0d-8,
    mixing_beta = 0.7
/
&ions
    pot_extrapolation='second-order'
    wfc_extrapolation='second-order'
    ion_temperature = 'andersen'
    tempw = 1000

/
ATOMIC_SPECIES
 H  1.01  H.blyp-hgh.UPF
 O  16.0  O.blyp-hgh.UPF
ATOMIC_POSITIONS bohr
 O -5.258262 -1.389496 -1.851435
 O 3.650003 -2.020394 5.448889
 O -5.770712 5.658334 -5.367340
 O -0.074315 3.942128 -1.341848
 O -4.802720 0.856859 4.045726
 O -0.248695 5.615374 5.290687
 O -0.199651 -5.430519 -3.320967
 O 2.568215 0.002574 3.620123
 O -2.826349 -5.351652 5.751930
 O 2.180035 -2.702965 2.195635
 O 2.623735 -6.195586 2.900425
 O -3.984705 -3.082520 4.453219
 O -4.429422 -5.750124 0.693749
 O -3.633189 -5.728659 -3.947320
 O 2.635330 -2.890663 -2.474841
 O -2.182757 2.464898 0.493554
 O -1.283286 -2.051985 2.151667
 O 0.261938 -4.242073 3.805007
 O 5.289159 -4.508276 -5.017787
 O 5.249078 5.023262 2.247157
 O 5.791015 -3.125562 3.267494
 O -3.245815 -2.686738 -3.920247
 O -0.943643 2.754587 -4.937534
 O 4.030985 2.376573 2.995898
 O 2.357583 1.535691 -3.291793
 O -4.657294 2.463117 -6.386459
 O 4.548158 -5.987594 -1.194349
 O 2.063661 -1.130351 -4.817174
 O -2.090429 0.024148 -4.898955
 O 1.057102 -0.289071 0.934572
 O 4.713316 -1.725291 -3.469639
 O 5.313097 0.137242 -0.220980
 O -0.096837 4.681288 2.295435
 O -4.716268 0.763026 -4.068517
 O 0.834034 -3.880983 -0.414506
 O 4.429710 4.102619 -4.718100
 O 3.162117 5.451649 5.758803
 O -5.407082 4.378384 -1.966290
 O -0.375635 0.926112 -1.903098
 O -3.107642 -3.791888 -0.834721
 O -2.784492 5.473543 3.235377
 O -1.778779 2.876739 4.481222
 O -2.466050 -0.616563 -0.742383
 O -1.460007 -1.898699 4.773225
 O 0.644966 1.932088 5.162744
 O -4.525157 3.191654 1.300117
 O 3.107977 4.172530 -0.795741
 O 2.705552 -5.863542 -3.783037
 O -2.438075 4.332812 -2.397507
 O 5.021966 0.650448 5.565749
 O -2.783702 0.322101 1.989897
 O -0.679232 -2.217335 -2.689533
 O 0.046695 -3.488864 -5.482539
 O 5.821792 -5.877046 4.267684
 O 4.824973 -3.268565 0.047475
 O 4.572569 -0.751547 2.385767
 O 1.364403 4.295704 -4.287686
 O -0.985276 -5.883752 0.295541
 O -5.417878 -1.701606 -5.801487
 O -4.738097 1.187115 -0.743845
 O 5.105821 1.471992 -2.205931
 O 2.827935 -0.333003 -1.374783
 O -5.206040 -1.452778 1.327888
 O 1.641639 2.356960 1.330263
 H -5.303526 -1.837589 -0.981592
 H -4.779228 -0.582653 -1.530201
 H 4.515409 -2.457046 5.698058
 H 3.408880 -2.473306 4.611624
 H -6.577222 5.133688 -5.108374
 H -5.061008 4.987651 -5.409428
 H -0.383476 3.242173 -1.979248
 H 0.679805 4.338936 -1.834182
 H -5.633938 1.326725 4.275142
 H -4.085847 1.371255 4.474072
 H 0.137794 6.444920 4.885604
 H 0.224060 5.594347 6.152130
 H -0.537528 -5.378674 -2.406786
 H -0.960143 -5.229914 -3.894846
 H 3.215849 0.753360 3.528165
 H 1.746161 0.471471 3.888572
 H -3.043892 -5.462311 6.718938
 H -1.932570 -5.785883 5.671500
 H 1.853264 -1.787951 1.950654
 H 3.138174 -2.658536 1.969171
 H 3.361376 -6.587384 2.364989
 H 1.849506 -6.766006 2.696164
 H -3.603721 -3.867511 4.977809
 H -4.981808 -3.156608 4.595180
 H -4.795080 -6.549084 0.255479
 H -3.853700 -5.359710 -0.010363
 H -3.843066 -4.786553 -3.742736
 H -3.879148 -6.251955 -3.156831
 H 2.713153 -2.149168 -1.826021
 H 2.034335 -3.507375 -1.972067
 H -1.287420 2.521698 0.887681
 H -2.519188 1.779087 1.136296
 H -0.602758 -1.314734 1.922872
 H -1.273004 -2.055172 3.144654
 H 0.682087 -4.745786 3.080670
 H -0.694903 -4.201719 3.625182
 H 6.106905 -4.617554 -4.494436
 H 4.975977 -3.587013 -4.848930
 H 5.583018 5.712405 2.904024
 H 5.977432 5.125756 1.589489
 H 5.379125 -2.232965 3.387248
 H 5.106269 -3.606235 2.763650
 H -2.290304 -2.435542 -3.900663
 H -3.430360 -2.717041 -4.879904
 H -0.602064 2.945205 -4.045683
 H -1.318008 1.837440 -4.880073
 H 4.754060 3.033502 2.845069
 H 3.412722 2.494838 2.223093
 H 2.255533 0.596517 -3.595905
 H 1.549128 2.011127 -3.584296
 H -5.008026 1.799270 -5.765460
 H -3.909054 2.836927 -5.879152
 H 4.041374 -5.226433 -0.825233
 H 5.397281 -5.916659 -0.710218
 H 2.706404 -1.462566 -5.512619
 H 1.473384 -0.614794 -5.406032
 H -1.744585 -0.092534 -5.811127
 H -3.002526 -0.329338 -4.934645
 H 0.989028 0.414139 1.601378
 H 1.913603 -0.165648 0.483628
 H 4.192989 -2.445840 -3.023236
 H 5.607365 -1.712346 -3.050282
 H 5.596559 0.848584 -0.833225
 H 5.241470 -0.567168 -0.908658
 H 0.388461 4.547330 3.164563
 H -0.903012 5.172368 2.602986
 H -4.877395 0.369264 -3.188412
 H -5.582012 0.793288 -4.528713
 H 0.447896 -4.514657 0.228365
 H 1.347423 -3.241005 0.119126
 H 4.183378 4.512576 -5.589948
 H 4.830662 3.245865 -4.957223
 H 2.956280 5.658127 4.809039
 H 2.900394 6.180925 6.364963
 H -5.773589 3.854119 -1.219896
 H -4.662491 3.840964 -2.332182
 H -0.079208 0.179103 -2.455647
 H -0.198650 0.645488 -0.979199
 H -4.011577 -3.384583 -0.965004
 H -2.680329 -3.538096 -1.693206
 H -3.610431 5.743532 2.767147
 H -2.868779 6.003953 4.074938
 H -1.505054 2.537897 3.608827
 H -1.945766 3.814428 4.238098
 H -2.413857 -1.586413 -0.813231
 H -3.136311 -0.435519 -0.051744
 H -2.449305 -1.980744 4.774101
 H -1.116425 -2.360068 5.582503
 H 1.039768 1.530428 5.963799
 H -0.297298 2.109122 5.420619
 H -4.704101 2.993405 2.246593
 H -3.520440 3.262849 1.159449
 H 3.705951 4.966675 -0.725853
 H 3.107066 3.978864 -1.755873
 H 3.626547 -5.514220 -3.747631
 H 2.348015 -5.657878 -2.897598
 H -2.448676 4.096714 -3.344006
 H -1.510146 4.445173 -2.056898
 H 5.516418 -0.168361 5.827330
 H 4.243652 0.251729 5.121735
 H -2.490604 -0.628425 2.041384
 H -3.269760 0.639227 2.782292
 H 0.242220 -1.904760 -2.741998
 H -0.803505 -2.571178 -1.785604
 H -0.204837 -3.311777 -4.546945
 H 0.819423 -2.880941 -5.592037
 H 5.619128 -6.537097 4.968395
 H 6.448198 -5.303060 4.742007
 H 5.659264 -3.274512 -0.456346
 H 4.281487 -2.611390 -0.440740
 H 4.633374 0.225249 2.460280
 H 3.613144 -0.926388 2.360053
 H 1.338503 4.303889 -5.262803
 H 2.074003 4.979588 -4.177925
 H -1.212393 -6.791927 0.577864
 H -1.826733 -5.395234 0.204389
 H -4.579770 -1.864890 -6.305546
 H -5.117372 -1.093535 -5.085734
 H -4.605592 2.116590 -1.008604
 H -4.733766 1.265127 0.233867
 H 5.622724 2.297321 -2.286729
 H 4.305975 1.617214 -2.763331
 H 3.664782 0.063676 -1.028782
 H 2.364866 0.412409 -1.829318
 H -6.113960 -1.328453 1.687967
 H -4.664746 -1.551901 2.135577
 H 0.896406 2.704230 1.889946
 H 1.591965 2.945359 0.535212
K_POINTS
 1
0.0 0.0 0.0 1.0