
&control
    calculation='scf'
    pseudo_dir = './',
    outdir='./outputs',
    disk_io='high'
/
&system
    ibrav= 1, celldm(1)=20.000000, nat=  192, ntyp= 2,
    ecutwfc = 30.0, nosym=.true., occupations='smearing',
    smearing='m-v', degauss=0.025
/
&electrons
    conv_thr =  1.0d-8,
    mixing_beta = 0.7
/
&ions
    pot_extrapolation='second-order'
    wfc_extrapolation='second-order'
    ion_temperature = 'andersen'
    tempw = 1000

/
ATOMIC_SPECIES
 H  1.01  H.blyp-hgh.UPF
 O  16.0  O.blyp-hgh.UPF
ATOMIC_POSITIONS bohr
 O -5.255179 -1.386996 -1.858586
 O 3.641519 -2.024833 5.453923
 O -5.771482 5.665025 -5.367263
 O -0.069109 3.944032 -1.338619
 O -4.803488 0.861507 4.048852
 O -0.249809 5.624407 5.292137
 O -0.202636 -5.430736 -3.316227
 O 2.568858 0.001653 3.624934
 O -2.823101 -5.354684 5.756011
 O 2.188714 -2.698801 2.204061
 O 2.625141 -6.201518 2.900513
 O -3.987047 -3.097091 4.451465
 O -4.430136 -5.748512 0.692150
 O -3.633186 -5.725715 -3.952826
 O 2.641655 -2.895647 -2.477252
 O -2.190123 2.465245 0.476389
 O -1.288939 -2.060791 2.160959
 O 0.262989 -4.249367 3.809032
 O 5.284118 -4.510513 -5.018539
 O 5.245306 5.024580 2.247794
 O 5.784389 -3.131639 3.269392
 O -3.246222 -2.680063 -3.922642
 O -0.948126 2.757437 -4.938592
 O 4.035982 2.376505 2.997815
 O 2.358582 1.536769 -3.302323
 O -4.647939 2.458524 -6.391118
 O 4.550041 -5.985595 -1.190492
 O 2.063603 -1.121634 -4.827300
 O -2.088971 0.020627 -4.903646
 O 1.062288 -0.287575 0.940968
 O 4.714766 -1.725210 -3.464046
 O 5.311581 0.132027 -0.215679
 O -0.092002 4.682096 2.316801
 O -4.708160 0.762495 -4.071971
 O 0.840608 -3.882643 -0.414419
 O 4.427389 4.114780 -4.730732
 O 3.151262 5.452693 5.753160
 O -5.406529 4.390787 -1.964075
 O -0.371499 0.926578 -1.909597
 O -3.106406 -3.800830 -0.831318
 O -2.789247 5.473101 3.235389
 O -1.789753 2.880908 4.490634
 O -2.461217 -0.630608 -0.742614
 O -1.457324 -1.887807 4.774226
 O 0.646730 1.931360 5.170278
 O -4.519774 3.188998 1.296989
 O 3.114083 4.180133 -0.801474
 O 2.706772 -5.855531 -3.787290
 O -2.442176 4.326581 -2.402177
 O 5.008275 0.651157 5.572452
 O -2.775931 0.322533 1.994554
 O -0.678443 -2.211030 -2.700410
 O 0.044544 -3.490852 -5.485370
 O 5.823744 -5.875094 4.272939
 O 4.818939 -3.270700 0.054704
 O 4.575699 -0.754498 2.380415
 O 1.368150 4.292929 -4.286472
 O -0.998693 -5.883063 0.288990
 O -5.413976 -1.711205 -5.805850
 O -4.742063 1.183949 -0.742335
 O 5.104617 1.480713 -2.208813
 O 2.823586 -0.335008 -1.379701
 O -5.201410 -1.458697 1.323992
 O 1.643207 2.350409 1.324436
 H -5.312845 -1.841831 -0.990357
 H -4.793097 -0.571642 -1.530015
 H 4.536995 -2.411211 5.677621
 H 3.406025 -2.466162 4.611570
 H -6.570478 5.132957 -5.093127
 H -5.056017 5.000356 -5.379556
 H -0.391622 3.247370 -1.970563
 H 0.687940 4.338726 -1.827347
 H -5.627306 1.335613 4.292073
 H -4.077983 1.370647 4.470328
 H 0.132652 6.453979 4.882626
 H 0.216407 5.614570 6.155540
 H -0.542663 -5.383031 -2.402947
 H -0.962528 -5.223912 -3.887602
 H 3.225742 0.747382 3.526480
 H 1.752207 0.480696 3.896705
 H -3.036439 -5.481973 6.721763
 H -1.931235 -5.792045 5.662649
 H 1.845210 -1.783130 1.985177
 H 3.140459 -2.631319 1.952776
 H 3.372960 -6.581567 2.370124
 H 1.860521 -6.779973 2.694986
 H -3.616934 -3.852122 5.022881
 H -4.977996 -3.115182 4.619509
 H -4.810627 -6.537837 0.250132
 H -3.856518 -5.366149 -0.016454
 H -3.803219 -4.775482 -3.749395
 H -3.874798 -6.237284 -3.154036
 H 2.716341 -2.152107 -1.826513
 H 2.063169 -3.540986 -1.977720
 H -1.291235 2.533176 0.863403
 H -2.526894 1.787219 1.120744
 H -0.567968 -1.361680 1.939824
 H -1.270852 -2.064227 3.158154
 H 0.672726 -4.744474 3.072184
 H -0.693998 -4.206473 3.637716
 H 6.094441 -4.635967 -4.491172
 H 4.952430 -3.600372 -4.827908
 H 5.561386 5.739797 2.897770
 H 5.949139 5.115283 1.559982
 H 5.383959 -2.239511 3.415437
 H 5.087748 -3.603360 2.774764
 H -2.293855 -2.418568 -3.888255
 H -3.417305 -2.705520 -4.883498
 H -0.610453 2.951600 -4.046916
 H -1.314551 1.833699 -4.865222
 H 4.736282 3.053558 2.833259
 H 3.412377 2.460037 2.225535
 H 2.239461 0.595415 -3.584479
 H 1.559396 2.031600 -3.587215
 H -5.006270 1.796748 -5.774889
 H -3.898130 2.824291 -5.882345
 H 4.050592 -5.229823 -0.807821
 H 5.397346 -5.930325 -0.703697
 H 2.708063 -1.463914 -5.516199
 H 1.480639 -0.602714 -5.417813
 H -1.762142 -0.087587 -5.823920
 H -2.993063 -0.350572 -4.924325
 H 1.010754 0.408095 1.618513
 H 1.915995 -0.174931 0.470930
 H 4.203567 -2.455840 -3.023770
 H 5.614604 -1.722366 -3.060180
 H 5.599145 0.845583 -0.829198
 H 5.244815 -0.576576 -0.912238
 H 0.419924 4.582468 3.174868
 H -0.913449 5.158341 2.618605
 H -4.869044 0.363839 -3.193139
 H -5.577072 0.782868 -4.529026
 H 0.447392 -4.506364 0.236706
 H 1.329615 -3.221242 0.116195
 H 4.179478 4.525295 -5.604001
 H 4.833491 3.258139 -4.954013
 H 2.928636 5.677441 4.811240
 H 2.925200 6.182170 6.372266
 H -5.794582 3.883916 -1.217542
 H -4.689131 3.830023 -2.353610
 H -0.099255 0.172207 -2.462594
 H -0.181951 0.653470 -0.991324
 H -4.030622 -3.425298 -0.929591
 H -2.721191 -3.525257 -1.707949
 H -3.602131 5.741271 2.740921
 H -2.879362 6.019829 4.065334
 H -1.521183 2.540340 3.617563
 H -1.948414 3.825300 4.263427
 H -2.435429 -1.602913 -0.810752
 H -3.135524 -0.437746 -0.057602
 H -2.446706 -1.956787 4.771901
 H -1.108689 -2.350247 5.580118
 H 1.033909 1.544301 5.982199
 H -0.302008 2.100743 5.402340
 H -4.679711 2.963240 2.241233
 H -3.520446 3.300178 1.145225
 H 3.718194 4.970302 -0.751223
 H 3.120760 3.961851 -1.756343
 H 3.630060 -5.516671 -3.749620
 H 2.353447 -5.665490 -2.897393
 H -2.425344 4.104913 -3.353609
 H -1.514241 4.464400 -2.060210
 H 5.501766 -0.168197 5.853446
 H 4.234866 0.251476 5.117884
 H -2.505778 -0.643222 2.045738
 H -3.277114 0.658412 2.770516
 H 0.239127 -1.881531 -2.747159
 H -0.778339 -2.592260 -1.800782
 H -0.207781 -3.328909 -4.550133
 H 0.830132 -2.893855 -5.567096
 H 5.641578 -6.543776 4.971233
 H 6.451387 -5.290657 4.731695
 H 5.643150 -3.286608 -0.464337
 H 4.260004 -2.644916 -0.456202
 H 4.626675 0.223740 2.476551
 H 3.610485 -0.920231 2.364611
 H 1.350262 4.294973 -5.264320
 H 2.103552 4.961220 -4.169412
 H -1.199775 -6.797389 0.565338
 H -1.845100 -5.403297 0.209520
 H -4.566243 -1.845649 -6.297338
 H -5.128914 -1.111596 -5.075938
 H -4.583477 2.112039 -1.004823
 H -4.744617 1.265018 0.234403
 H 5.608012 2.312138 -2.297041
 H 4.298041 1.607450 -2.763336
 H 3.663100 0.052674 -1.016304
 H 2.372317 0.423267 -1.828582
 H -6.108909 -1.330412 1.680290
 H -4.664400 -1.565059 2.134748
 H 0.921740 2.716285 1.902764
 H 1.577680 2.935552 0.526929
K_POINTS
 1
0.0 0.0 0.0 1.0