
&control
    calculation='scf'
    pseudo_dir = './',
    outdir='./outputs',
    disk_io='high'
/
&system
    ibrav= 1, celldm(1)=20.000000, nat=  192, ntyp= 2,
    ecutwfc = 30.0, nosym=.true., occupations='smearing',
    smearing='m-v', degauss=0.025
/
&electrons
    conv_thr =  1.0d-8,
    mixing_beta = 0.7
/
&ions
    pot_extrapolation='second-order'
    wfc_extrapolation='second-order'
    ion_temperature = 'andersen'
    tempw = 1000

/
ATOMIC_SPECIES
 H  1.01  H.blyp-hgh.UPF
 O  16.0  O.blyp-hgh.UPF
ATOMIC_POSITIONS bohr
 O -5.253584 -1.385819 -1.862078
 O 3.637531 -2.027194 5.456495
 O -5.771889 5.668257 -5.367289
 O -0.066463 3.944920 -1.337177
 O -4.803772 0.863772 4.050246
 O -0.250297 5.629107 5.292858
 O -0.204117 -5.430827 -3.313802
 O 2.569087 0.001422 3.627428
 O -2.821393 -5.356251 5.758126
 O 2.193183 -2.696584 2.208160
 O 2.625845 -6.204568 2.900564
 O -3.988338 -3.104501 4.450888
 O -4.430538 -5.747776 0.691254
 O -3.633135 -5.724079 -3.955541
 O 2.644658 -2.898292 -2.478183
 O -2.193665 2.465454 0.468017
 O -1.291537 -2.064812 2.165495
 O 0.263534 -4.253175 3.811158
 O 5.281468 -4.511535 -5.018899
 O 5.243570 5.025384 2.248016
 O 5.780985 -3.134614 3.270462
 O -3.246334 -2.676757 -3.923914
 O -0.950465 2.758715 -4.939108
 O 4.038468 2.376436 2.998635
 O 2.359066 1.537198 -3.307609
 O -4.643221 2.456371 -6.393316
 O 4.551012 -5.984522 -1.188484
 O 2.063501 -1.117231 -4.832549
 O -2.088126 0.018859 -4.906137
 O 1.064777 -0.287034 0.944215
 O 4.715631 -1.725259 -3.461256
 O 5.310626 0.129145 -0.213048
 O -0.089470 4.682496 2.327763
 O -4.704142 0.762174 -4.073796
 O 0.843933 -3.883422 -0.414415
 O 4.426350 4.120875 -4.737072
 O 3.145797 5.453194 5.750350
 O -5.406267 4.396879 -1.962971
 O -0.369331 0.926900 -1.912918
 O -3.105936 -3.805146 -0.829845
 O -2.791712 5.473019 3.235516
 O -1.795296 2.883001 4.495236
 O -2.458823 -0.637673 -0.742743
 O -1.456064 -1.882273 4.774889
 O 0.647632 1.930853 5.174077
 O -4.517083 3.187758 1.295479
 O 3.117129 4.183912 -0.804381
 O 2.707503 -5.851457 -3.789374
 O -2.444420 4.323489 -2.404557
 O 5.001543 0.651368 5.575857
 O -2.772025 0.322851 1.996896
 O -0.678106 -2.207889 -2.705867
 O 0.043464 -3.491665 -5.486815
 O 5.824716 -5.874184 4.275655
 O 4.815840 -3.271744 0.058249
 O 4.577371 -0.755988 2.377717
 O 1.370076 4.291581 -4.285946
 O -1.005402 -5.882669 0.285692
 O -5.411885 -1.715931 -5.808007
 O -4.744040 1.182491 -0.741631
 O 5.104036 1.485309 -2.210581
 O 2.821326 -0.336001 -1.382021
 O -5.199040 -1.461653 1.322051
 O 1.643833 2.347319 1.321582
 H -5.317809 -1.843574 -0.994542
 H -4.800095 -0.565981 -1.530029
 H 4.546210 -2.387778 5.667121
 H 3.404132 -2.462342 4.611837
 H -6.566670 5.132801 -5.085122
 H -5.053771 5.007025 -5.364706
 H -0.394869 3.249639 -1.964638
 H 0.691768 4.338624 -1.823491
 H -5.623656 1.339703 4.300751
 H -4.075081 1.370659 4.469069
 H 0.129597 6.458381 4.881201
 H 0.212144 5.624350 6.157202
 H -0.545398 -5.385366 -2.401086
 H -0.963891 -5.221226 -3.883758
 H 3.229712 0.744218 3.525803
 H 1.755338 0.485245 3.901069
 H -3.033050 -5.492227 6.722468
 H -1.930656 -5.794673 5.658412
 H 1.840961 -1.781637 2.002684
 H 3.140807 -2.618273 1.944512
 H 3.378526 -6.578574 2.373139
 H 1.866372 -6.786620 2.693840
 H -3.623963 -3.843552 5.044126
 H -4.974424 -3.094549 4.630513
 H -4.817793 -6.532213 0.247614
 H -3.858289 -5.369233 -0.019012
 H -3.783023 -4.770480 -3.752583
 H -3.872335 -6.229983 -3.152873
 H 2.717608 -2.152770 -1.827717
 H 2.078130 -3.557353 -1.981296
 H -1.292998 2.539759 0.850217
 H -2.530900 1.790098 1.111909
 H -0.552677 -1.387840 1.948517
 H -1.269410 -2.068936 3.164679
 H 0.667929 -4.743179 3.067741
 H -0.693405 -4.208726 3.643414
 H 6.088083 -4.645234 -4.489864
 H 4.941336 -3.607461 -4.817003
 H 5.550130 5.752711 2.894844
 H 5.934088 5.109255 1.545685
 H 5.386672 -2.242988 3.428923
 H 5.078996 -3.602224 2.780426
 H -2.295814 -2.409914 -3.881416
 H -3.411109 -2.700112 -4.885026
 H -0.614412 2.954882 -4.047722
 H -1.313032 1.832652 -4.857395
 H 4.726812 3.063478 2.827409
 H 3.412516 2.442874 2.227405
 H 2.231696 0.595404 -3.579585
 H 1.565228 2.042008 -3.588617
 H -5.005108 1.795810 -5.780007
 H -3.892511 2.817872 -5.884215
 H 4.055525 -5.231547 -0.799130
 H 5.397226 -5.937173 -0.700768
 H 2.708979 -1.464538 -5.517147
 H 1.484129 -0.596722 -5.423450
 H -1.771142 -0.085425 -5.830099
 H -2.988300 -0.360431 -4.918661
 H 1.022384 0.405610 1.626556
 H 1.917068 -0.179103 0.464059
 H 4.208992 -2.460169 -3.024588
 H 5.617729 -1.727373 -3.065202
 H 5.600311 0.844107 -0.826497
 H 5.247351 -0.580808 -0.912743
 H 0.434190 4.599943 3.178889
 H -0.918390 5.150937 2.626226
 H -4.865240 0.361378 -3.195681
 H -5.574880 0.777334 -4.527813
 H 0.447042 -4.502331 0.240525
 H 1.320346 -3.211671 0.115408
 H 4.176711 4.531031 -5.610891
 H 4.834562 3.264185 -4.952663
 H 2.915056 5.687744 4.812975
 H 2.937670 6.182881 6.374861
 H -5.804595 3.899037 -1.216692
 H -4.702718 3.825346 -2.363383
 H -0.109937 0.168794 -2.465709
 H -0.173950 0.657237 -0.997458
 H -4.038364 -3.446182 -0.911340
 H -2.742202 -3.519705 -1.714461
 H -3.597169 5.739781 2.727480
 H -2.884620 6.027121 4.059860
 H -1.529227 2.541184 3.621991
 H -1.949983 3.830608 4.276626
 H -2.446485 -1.610917 -0.808937
 H -3.134718 -0.438992 -0.060590
 H -2.444850 -1.945362 4.770975
 H -1.104860 -2.345715 5.578388
 H 1.030912 1.551877 5.991044
 H -0.303656 2.097206 5.392857
 H -4.667048 2.948415 2.237836
 H -3.521843 3.318399 1.138425
 H 3.723821 4.971834 -0.764234
 H 3.127735 3.953324 -1.756193
 H 3.631758 -5.518161 -3.750921
 H 2.355785 -5.669335 -2.897871
 H -2.412711 4.109248 -3.358102
 H -1.516890 4.474133 -2.062240
 H 5.493992 -0.167113 5.866088
 H 4.230453 0.251447 5.116280
 H -2.513167 -0.649979 2.048538
 H -3.281231 0.666424 2.764359
 H 0.237809 -1.870498 -2.749647
 H -0.764712 -2.602615 -1.808639
 H -0.208975 -3.337795 -4.551694
 H 0.835144 -2.900991 -5.554526
 H 5.652852 -6.546751 4.972649
 H 6.452922 -5.284217 4.726251
 H 5.635117 -3.292724 -0.467902
 H 4.249463 -2.662080 -0.463618
 H 4.623802 0.222660 2.484232
 H 3.609405 -0.916705 2.367375
 H 1.355873 4.289473 -5.265018
 H 2.117833 4.951780 -4.164235
 H -1.193362 -6.799800 0.558725
 H -1.854142 -5.407554 0.212334
 H -4.560509 -1.835950 -6.293790
 H -5.135144 -1.121041 -5.071080
 H -4.571619 2.109230 -1.002898
 H -4.750247 1.264763 0.234689
 H 5.600362 2.319716 -2.302536
 H 4.293964 1.602597 -2.763066
 H 3.662323 0.047292 -1.009673
 H 2.376300 0.428540 -1.827936
 H -6.106387 -1.331281 1.675842
 H -4.664365 -1.571952 2.133835
 H 0.935523 2.722243 1.908523
 H 1.570995 2.930258 0.523094
K_POINTS
 1
0.0 0.0 0.0 1.0