
&control
    calculation='scf'
    pseudo_dir = './',
    outdir='./outputs',
    disk_io='high'
/
&system
    ibrav= 1, celldm(1)=20.000000, nat=  192, ntyp= 2,
    ecutwfc = 30.0, nosym=.true., occupations='smearing',
    smearing='m-v', degauss=0.025
/
&electrons
    conv_thr =  1.0d-8,
    mixing_beta = 0.7
/
&ions
    pot_extrapolation='second-order'
    wfc_extrapolation='second-order'
    ion_temperature = 'andersen'
    tempw = 1000

/
ATOMIC_SPECIES
 H  1.01  H.blyp-hgh.UPF
 O  16.0  O.blyp-hgh.UPF
ATOMIC_POSITIONS bohr
 O -5.251957 -1.384690 -1.865507
 O 3.633717 -2.029633 5.459110
 O -5.772318 5.671406 -5.367351
 O -0.063793 3.945775 -1.335833
 O -4.803988 0.865998 4.051526
 O -0.250745 5.633927 5.293570
 O -0.205591 -5.430906 -3.311341
 O 2.569260 0.001350 3.629979
 O -2.819629 -5.357852 5.760288
 O 2.197737 -2.694278 2.212185
 O 2.626557 -6.207662 2.900625
 O -3.989691 -3.111973 4.450511
 O -4.430972 -5.747087 0.690298
 O -3.633050 -5.722333 -3.958234
 O 2.647562 -2.901044 -2.478930
 O -2.197106 2.465700 0.459774
 O -1.293980 -2.068600 2.169980
 O 0.264098 -4.257090 3.813355
 O 5.278720 -4.512498 -5.019252
 O 5.241922 5.026296 2.248182
 O 5.777528 -3.137549 3.271619
 O -3.246384 -2.673471 -3.925228
 O -0.952875 2.759880 -4.939611
 O 4.040944 2.376338 2.999367
 O 2.359549 1.537566 -3.312898
 O -4.638475 2.454322 -6.395433
 O 4.552006 -5.983411 -1.186431
 O 2.063355 -1.112806 -4.837911
 O -2.087201 0.017086 -4.908725
 O 1.067212 -0.286628 0.947486
 O 4.716586 -1.725365 -3.458475
 O 5.309541 0.126076 -0.210462
 O -0.086871 4.682898 2.338896
 O -4.700155 0.761813 -4.075680
 O 0.847279 -3.884170 -0.414428
 O 4.425388 4.126991 -4.743422
 O 3.140309 5.453682 5.747549
 O -5.406012 4.402910 -1.961878
 O -0.367103 0.927294 -1.916302
 O -3.105571 -3.809357 -0.828537
 O -2.794234 5.473028 3.235716
 O -1.800877 2.885098 4.499777
 O -2.456448 -0.644772 -0.742877
 O -1.454849 -1.876675 4.775655
 O 0.648557 1.930250 5.177886
 O -4.514398 3.186579 1.294002
 O 3.120169 4.187670 -0.807319
 O 2.708310 -5.847345 -3.791435
 O -2.446767 4.320411 -2.406972
 O 4.994890 0.651473 5.579300
 O -2.768100 0.323216 1.999245
 O -0.677796 -2.204763 -2.711317
 O 0.042388 -3.492359 -5.488286
 O 5.825681 -5.873319 4.278421
 O 4.812686 -3.272773 0.061744
 O 4.579091 -0.757471 2.375011
 O 1.372063 4.290274 -4.285473
 O -1.012098 -5.882237 0.282379
 O -5.409708 -1.720603 -5.810141
 O -4.746012 1.181124 -0.740965
 O 5.103461 1.490051 -2.212559
 O 2.819024 -0.336973 -1.384243
 O -5.196628 -1.464609 1.320116
 O 1.644362 2.344355 1.318764
 H -5.322929 -1.845012 -0.998673
 H -4.807153 -0.560274 -1.530094
 H 4.554357 -2.364086 5.656460
 H 3.401925 -2.458414 4.612233
 H -6.562597 5.132834 -5.076906
 H -5.051633 5.013905 -5.349934
 H -0.397573 3.251650 -1.957752
 H 0.695450 4.338500 -1.819386
 H -5.619820 1.343572 4.309557
 H -4.072858 1.370873 4.468218
 H 0.126239 6.462719 4.879809
 H 0.207636 5.633906 6.158890
 H -0.548237 -5.387803 -2.399236
 H -0.965382 -5.218750 -3.879799
 H 3.232981 0.740916 3.525264
 H 1.758552 0.489747 3.905636
 H -3.029891 -5.502752 6.722724
 H -1.930131 -5.796998 5.654315
 H 1.836585 -1.780744 2.020320
 H 3.140627 -2.605619 1.936214
 H 3.383936 -6.575561 2.376440
 H 1.872401 -6.793086 2.692284
 H -3.631263 -3.834488 5.064469
 H -4.969878 -3.074075 4.640773
 H -4.824575 -6.526629 0.245208
 H -3.860244 -5.372203 -0.021279
 H -3.762678 -4.765814 -3.755673
 H -3.869681 -6.222721 -3.151846
 H 2.718600 -2.152989 -1.829581
 H 2.093466 -3.573278 -1.985359
 H -1.294707 2.546842 0.836349
 H -2.534996 1.792147 1.102448
 H -0.538801 -1.415601 1.957272
 H -1.267771 -2.073779 3.170947
 H 0.663066 -4.741460 3.063189
 H -0.692778 -4.210882 3.648734
 H 6.081704 -4.654525 -4.488723
 H 4.930724 -3.614801 -4.805857
 H 5.538676 5.764950 2.891887
 H 5.918455 5.102776 1.531847
 H 5.389533 -2.246579 3.441957
 H 5.070541 -3.601272 2.786150
 H -2.297870 -2.401154 -3.874163
 H -3.405135 -2.694959 -4.886431
 H -0.618180 2.958259 -4.048619
 H -1.311637 1.832233 -4.849370
 H 4.717001 3.073340 2.821599
 H 3.412845 2.425926 2.229662
 H 2.224069 0.595705 -3.575290
 H 1.571486 2.052503 -3.590003
 H -5.003787 1.795027 -5.785329
 H -3.886753 2.811406 -5.886242
 H 4.060602 -5.233213 -0.790409
 H 5.397061 -5.944024 -0.698041
 H 2.709944 -1.465116 -5.517562
 H 1.487505 -0.590741 -5.428967
 H -1.780257 -0.083462 -5.836139
 H -2.983562 -0.369789 -4.912646
 H 1.034526 0.403458 1.634189
 H 1.917894 -0.182977 0.456963
 H 4.214458 -2.464070 -3.025750
 H 5.620590 -1.732359 -3.070235
 H 5.601361 0.842599 -0.823305
 H 5.250462 -0.584596 -0.912269
 H 0.447414 4.617331 3.182242
 H -0.923038 5.143239 2.633750
 H -4.861651 0.359093 -3.198342
 H -5.572848 0.771613 -4.525719
 H 0.446644 -4.498337 0.244057
 H 1.310838 -3.202322 0.115040
 H 4.173451 4.536289 -5.617678
 H 4.835407 3.270136 -4.951539
 H 2.901688 5.698450 4.815106
 H 2.950145 6.183673 6.376772
 H -5.814252 3.914211 -1.216074
 H -4.716532 3.821201 -2.372458
 H -0.121055 0.165374 -2.468603
 H -0.166156 0.660800 -1.003474
 H -4.044890 -3.467387 -0.892721
 H -2.763587 -3.514757 -1.720301
 H -3.591655 5.738062 2.713889
 H -2.889886 6.033983 4.053936
 H -1.537270 2.541836 3.626440
 H -1.951681 3.835754 4.290136
 H -2.457688 -1.618729 -0.806756
 H -3.133621 -0.440300 -0.063629
 H -2.442659 -1.934353 4.770189
 H -1.101085 -2.341452 5.576341
 H 1.027846 1.559872 5.999676
 H -0.304894 2.094114 5.383201
 H -4.654085 2.933792 2.233981
 H -3.524149 3.336234 1.131851
 H 3.729127 4.973226 -0.777419
 H 3.134774 3.944767 -1.755796
 H 3.633470 -5.519795 -3.752414
 H 2.357868 -5.673203 -2.898698
 H -2.399510 4.113748 -3.362360
 H -1.520046 4.483920 -2.064513
 H 5.485845 -0.165276 5.878393
 H 4.226066 0.251479 5.114922
 H -2.520447 -0.656077 2.051757
 H -3.285629 0.673329 2.758031
 H 0.236585 -1.859865 -2.752127
 H -0.750447 -2.612812 -1.816770
 H -0.210045 -3.346879 -4.553141
 H 0.839927 -2.908561 -5.541944
 H 5.664182 -6.549464 4.974075
 H 6.454406 -5.277622 4.720619
 H 5.627134 -3.298893 -0.471183
 H 4.239030 -2.679493 -0.470823
 H 4.621322 0.221302 2.491585
 H 3.608600 -0.912925 2.370451
 H 1.361325 4.283330 -5.265591
 H 2.131563 4.942023 -4.158544
 H -1.186923 -6.802038 0.551909
 H -1.863125 -5.411968 0.215314
 H -4.555396 -1.826216 -6.290663
 H -5.141693 -1.130761 -5.066246
 H -4.559243 2.106019 -1.000950
 H -4.756008 1.264363 0.235010
 H 5.592537 2.327436 -2.308253
 H 4.289847 1.597770 -2.762604
 H 3.661487 0.041933 -1.002840
 H 2.380460 0.433667 -1.827091
 H -6.103914 -1.332074 1.671014
 H -4.664429 -1.579054 2.132584
 H 0.949975 2.728151 1.913877
 H 1.564630 2.924693 0.519477
K_POINTS
 1
0.0 0.0 0.0 1.0