
&control
    calculation='scf'
    pseudo_dir = './',
    outdir='./outputs',
    disk_io='high'
/
&system
    ibrav= 1, celldm(1)=20.000000, nat=  192, ntyp= 2,
    ecutwfc = 30.0, nosym=.true., occupations='smearing',
    smearing='m-v', degauss=0.025
/
&electrons
    conv_thr =  1.0d-8,
    mixing_beta = 0.7
/
&ions
    pot_extrapolation='second-order'
    wfc_extrapolation='second-order'
    ion_temperature = 'andersen'
    tempw = 1000

/
ATOMIC_SPECIES
 H  1.01  H.blyp-hgh.UPF
 O  16.0  O.blyp-hgh.UPF
ATOMIC_POSITIONS bohr
 O -5.249460 -1.383080 -1.870517
 O 3.628320 -2.033414 5.463122
 O -5.773005 5.675963 -5.367504
 O -0.059747 3.947017 -1.333963
 O -4.804183 0.869258 4.053229
 O -0.251357 5.641369 5.294614
 O -0.207785 -5.431005 -3.307580
 O 2.569416 0.001541 3.633913
 O -2.816881 -5.360318 5.763609
 O 2.204720 -2.690660 2.218089
 O 2.627650 -6.212366 2.900745
 O -3.991806 -3.123263 4.450312
 O -4.431693 -5.746141 0.688764
 O -3.632851 -5.719513 -3.962236
 O 2.651745 -2.905372 -2.479711
 O -2.202068 2.466163 0.447629
 O -1.297371 -2.073896 2.176650
 O 0.264985 -4.263160 3.816777
 O 5.274400 -4.513845 -5.019782
 O 5.239586 5.027875 2.248340
 O 5.772265 -3.141885 3.273520
 O -3.246344 -2.668578 -3.927255
 O -0.956630 2.761404 -4.940331
 O 4.044632 2.376121 3.000305
 O 2.360295 1.538020 -3.320816
 O -4.631306 2.451456 -6.398477
 O 4.553546 -5.981683 -1.183284
 O 2.063053 -1.106130 -4.846142
 O -2.085663 0.014419 -4.912788
 O 1.070799 -0.286270 0.952428
 O 4.718184 -1.725621 -3.454335
 O 5.307673 0.121127 -0.206702
 O -0.082868 4.683512 2.355874
 O -4.694246 0.761191 -4.078610
 O 0.852336 -3.885238 -0.414461
 O 4.424083 4.136219 -4.752957
 O 3.132030 5.454390 5.743371
 O -5.405645 4.411861 -1.960274
 O -0.363655 0.928033 -1.921521
 O -3.105221 -3.815483 -0.826895
 O -2.798114 5.473205 3.236130
 O -1.809316 2.888246 4.506489
 O -2.452927 -0.655495 -0.743086
 O -1.453092 -1.868143 4.776983
 O 0.650001 1.929169 5.183598
 O -4.510398 3.184931 1.291845
 O 3.124718 4.193256 -0.811792
 O 2.709649 -5.841116 -3.794499
 O -2.450435 4.315822 -2.410670
 O 4.985062 0.651431 5.584540
 O -2.762164 0.323819 2.002780
 O -0.677359 -2.200110 -2.719447
 O 0.040793 -3.493182 -5.490544
 O 5.827111 -5.872108 4.282651
 O 4.807848 -3.274292 0.066889
 O 4.581728 -0.759661 2.370949
 O 1.375193 4.288404 -4.284858
 O -1.022094 -5.881509 0.277377
 O -5.406301 -1.727506 -5.813288
 O -4.748960 1.179248 -0.740042
 O 5.102605 1.497419 -2.215908
 O 2.815517 -0.338378 -1.387382
 O -5.192925 -1.469046 1.317214
 O 1.644991 2.340146 1.314603
 H -5.330830 -1.846519 -1.004880
 H -4.817881 -0.551731 -1.530265
 H 4.564586 -2.328209 5.640218
 H 3.398026 -2.452402 4.612953
 H -6.556061 5.133312 -5.064252
 H -5.048529 5.024623 -5.327962
 H -0.400658 3.254057 -1.945840
 H 0.700752 4.338251 -1.812854
 H -5.613796 1.348987 4.322974
 H -4.070746 1.371565 4.467708
 H 0.120683 6.469167 4.877766
 H 0.200495 5.647821 6.161574
 H -0.552676 -5.391648 -2.396424
 H -0.967874 -5.215428 -3.873701
 H 3.236553 0.735719 3.524750
 H 1.763528 0.496406 3.912878
 H -3.025598 -5.519035 6.722338
 H -1.929419 -5.799927 5.648454
 H 1.829816 -1.780475 2.046947
 H 3.139413 -2.587389 1.923709
 H 3.391776 -6.571077 2.381900
 H 1.881678 -6.802533 2.689116
 H -3.642673 -3.820139 5.093262
 H -4.961507 -3.043804 4.654829
 H -4.834070 -6.518412 0.241806
 H -3.863408 -5.376397 -0.024220
 H -3.731936 -4.759412 -3.760120
 H -3.865348 -6.211931 -3.150517
 H 2.719487 -2.152636 -1.833629
 H 2.117145 -3.596136 -1.992302
 H -1.297219 2.558292 0.814320
 H -2.541261 1.793627 1.087218
 H -0.520510 -1.459823 1.970342
 H -1.265031 -2.081313 3.179722
 H 0.655679 -4.738096 3.056192
 H -0.691854 -4.213909 3.656016
 H 6.072194 -4.668491 -4.487251
 H 4.915740 -3.626213 -4.788718
 H 5.521295 5.781823 2.887160
 H 5.893997 5.092353 1.512142
 H 5.394016 -2.252128 3.460596
 H 5.058344 -3.600162 2.794836
 H -2.301103 -2.387818 -3.862535
 H -3.396581 -2.687734 -4.888410
 H -0.623416 2.963566 -4.050085
 H -1.309774 1.832841 -4.837072
 H 4.701712 3.088052 2.812960
 H 3.413657 2.400995 2.233684
 H 2.212819 0.596652 -3.570047
 H 1.581593 2.068381 -3.592091
 H -5.001578 1.794006 -5.793556
 H -3.877793 2.801654 -5.889531
 H 4.068372 -5.235481 -0.777205
 H 5.396837 -5.954300 -0.694293
 H 2.711489 -1.465884 -5.517260
 H 1.492312 -0.581750 -5.437119
 H -1.794090 -0.080872 -5.844962
 H -2.976575 -0.382897 -4.902941
 H 1.053692 0.400797 1.644758
 H 1.918395 -0.188259 0.446108
 H 4.222620 -2.469200 -3.028076
 H 5.624521 -1.739770 -3.077731
 H 5.602674 0.840213 -0.817566
 H 5.256191 -0.589348 -0.909627
 H 0.465262 4.643205 3.186249
 H -0.929310 5.131113 2.644908
 H -4.856602 0.355998 -3.202538
 H -5.570086 0.762735 -4.521014
 H 0.445978 -4.492374 0.248730
 H 1.296126 -3.188757 0.115200
 H 4.167715 4.543198 -5.627663
 H 4.836251 3.278836 -4.950355
 H 2.882112 5.715212 4.818985
 H 2.968806 6.185052 6.378400
 H -5.828045 3.936912 -1.215576
 H -4.737723 3.815963 -2.384671
 H -0.138541 0.160171 -2.472568
 H -0.154813 0.665679 -1.012032
 H -4.052455 -3.499703 -0.864101
 H -2.796314 -3.508490 -1.727688
 H -3.582358 5.735080 2.693324
 H -2.897853 6.043521 4.044272
 H -1.549350 2.542561 3.633116
 H -1.954412 3.843062 4.310901
 H -2.474706 -1.630053 -0.802834
 H -3.131426 -0.442316 -0.068285
 H -2.438845 -1.918684 4.769309
 H -1.095553 -2.335596 5.572762
 H 1.023090 1.572622 6.012300
 H -0.306102 2.090325 5.368487
 H -4.634113 2.912272 2.227406
 H -3.529220 3.362134 1.122428
 H 3.736512 4.975149 -0.797449
 H 3.145415 3.931840 -1.754760
 H 3.636162 -5.522451 -3.754988
 H 2.360500 -5.679034 -2.900502
 H -2.378792 4.120814 -3.368258
 H -1.525881 4.498659 -2.068344
 H 5.472867 -0.161075 5.896163
 H 4.219587 0.251638 5.113396
 H -2.531178 -0.663654 2.057357
 H -3.292753 0.681557 2.748251
 H 0.234825 -1.844683 -2.755926
 H -0.727963 -2.627758 -1.829625
 H -0.211515 -3.360855 -4.554966
 H 0.846702 -2.920678 -5.523138
 H 5.681321 -6.553021 4.976261
 H 6.456513 -5.267463 4.711828
 H 5.615306 -3.308256 -0.475580
 H 4.223546 -2.706058 -0.481234
 H 4.618462 0.218673 2.501961
 H 3.608048 -0.906869 2.375626
 H 1.369247 4.273006 -5.266098
 H 2.150794 4.926602 -4.149223
 H -1.177283 -6.805146 0.541353
 H -1.876555 -5.418889 0.220094
 H -4.548755 -1.811560 -6.286837
 H -5.152115 -1.145848 -5.059027
 H -4.539730 2.100394 -0.997982
 H -4.764885 1.263477 0.235576
 H 5.580503 2.339329 -2.317236
 H 4.283637 1.590587 -2.761546
 H 3.659946 0.033837 -0.992322
 H 2.387027 0.441036 -1.825440
 H -6.100378 -1.333119 1.663113
 H -4.664699 -1.590101 2.130102
 H 0.972738 2.736951 1.921239
 H 1.555691 2.915850 0.514444
K_POINTS
 1
0.0 0.0 0.0 1.0