
&control
    calculation='scf'
    pseudo_dir = './',
    outdir='./outputs',
    disk_io='high'
/
&system
    ibrav= 1, celldm(1)=20.000000, nat=  192, ntyp= 2,
    ecutwfc = 30.0, nosym=.true., occupations='smearing',
    smearing='m-v', degauss=0.025
/
&electrons
    conv_thr =  1.0d-8,
    mixing_beta = 0.7
/
&ions
    pot_extrapolation='second-order'
    wfc_extrapolation='second-order'
    ion_temperature = 'andersen'
    tempw = 1000

/
ATOMIC_SPECIES
 H  1.01  H.blyp-hgh.UPF
 O  16.0  O.blyp-hgh.UPF
ATOMIC_POSITIONS bohr
 O -5.248613 -1.382564 -1.872148
 O 3.626607 -2.034701 5.464486
 O -5.773248 5.677436 -5.367568
 O -0.058389 3.947426 -1.333368
 O -4.804213 0.870323 4.053738
 O -0.251548 5.643903 5.294954
 O -0.208512 -5.431032 -3.306308
 O 2.569441 0.001684 3.635252
 O -2.815938 -5.361157 5.764735
 O 2.207085 -2.689415 2.220023
 O 2.628024 -6.213945 2.900795
 O -3.992527 -3.127041 4.450341
 O -4.431953 -5.745849 0.688229
 O -3.632766 -5.718520 -3.963561
 O 2.653098 -2.906867 -2.479884
 O -2.203669 2.466347 0.443634
 O -1.298435 -2.075573 2.178866
 O 0.265292 -4.265235 3.817950
 O 5.272904 -4.514271 -5.019961
 O 5.238836 5.028459 2.248371
 O 5.770494 -3.143314 3.274199
 O -3.246300 -2.666957 -3.927942
 O -0.957920 2.761850 -4.940560
 O 4.045854 2.376028 3.000577
 O 2.360554 1.538149 -3.323448
 O -4.628904 2.450559 -6.399461
 O 4.554073 -5.981093 -1.182220
 O 2.062931 -1.103897 -4.848928
 O -2.085109 0.013528 -4.914190
 O 1.071983 -0.286215 0.954081
 O 4.718759 -1.725730 -3.452966
 O 5.306987 0.119389 -0.205486
 O -0.081512 4.683720 2.361596
 O -4.692297 0.760962 -4.079611
 O 0.854031 -3.885578 -0.414471
 O 4.423684 4.139311 -4.756135
 O 3.129258 5.454621 5.741985
 O -5.405527 4.414825 -1.959751
 O -0.362479 0.928323 -1.923304
 O -3.105157 -3.817475 -0.826434
 O -2.799431 5.473304 3.236292
 O -1.812148 2.889295 4.508703
 O -2.451765 -0.659091 -0.743158
 O -1.452519 -1.865260 4.777470
 O 0.650501 1.928762 5.185496
 O -4.509076 3.184414 1.291139
 O 3.126230 4.195103 -0.813302
 O 2.710128 -5.839028 -3.795516
 O -2.451689 4.314300 -2.411926
 O 4.981824 0.651366 5.586306
 O -2.760170 0.324029 2.003960
 O -0.677214 -2.198571 -2.722138
 O 0.040268 -3.493399 -5.491312
 O 5.827582 -5.871728 4.284078
 O 4.806206 -3.274793 0.068576
 O 4.582615 -0.760377 2.369597
 O 1.376283 4.287806 -4.284676
 O -1.025409 -5.881244 0.275701
 O -5.405131 -1.729780 -5.814321
 O -4.749940 1.178670 -0.739755
 O 5.102319 1.499937 -2.217123
 O 2.814340 -0.338828 -1.388373
 O -5.191667 -1.470527 1.316244
 O 1.645161 2.338803 1.313232
 H -5.333506 -1.846835 -1.006974
 H -4.821501 -0.548912 -1.530338
 H 4.567474 -2.316195 5.634749
 H 3.396568 -2.450385 4.613202
 H -6.553789 5.133600 -5.059963
 H -5.047499 5.028303 -5.320695
 H -0.401443 3.254661 -1.941505
 H 0.702476 4.338147 -1.810601
 H -5.611735 1.350693 4.327494
 H -4.070352 1.371895 4.467744
 H 0.118708 6.471318 4.877090
 H 0.198033 5.652349 6.162529
 H -0.554201 -5.392980 -2.395466
 H -0.968777 -5.214426 -3.871638
 H 3.237394 0.733934 3.524663
 H 1.765223 0.498599 3.915400
 H -3.024290 -5.524592 6.722026
 H -1.929193 -5.800759 5.646580
 H 1.827514 -1.780652 2.055853
 H 3.138773 -2.581513 1.919523
 H 3.394323 -6.569608 2.383845
 H 1.884807 -6.805637 2.687823
 H -3.646585 -3.815197 5.102400
 H -4.958372 -3.033856 4.659175
 H -4.837066 -6.515737 0.240725
 H -3.864494 -5.377714 -0.025100
 H -3.721641 -4.757430 -3.761552
 H -3.863810 -6.208369 -3.150122
 H 2.719604 -2.152368 -1.835310
 H 2.125203 -3.603444 -1.994820
 H -1.298050 2.562302 0.806667
 H -2.543366 1.793692 1.081893
 H -0.515030 -1.475140 1.974637
 H -1.264064 -2.083899 3.182452
 H 0.653200 -4.736768 3.053822
 H -0.691567 -4.214856 3.658261
 H 6.069060 -4.673152 -4.486809
 H 4.910997 -3.630105 -4.782899
 H 5.515491 5.787010 2.885462
 H 5.885602 5.088725 1.505887
 H 5.395541 -2.254007 3.466552
 H 5.054389 -3.599871 2.797754
 H -2.302213 -2.383324 -3.858468
 H -3.393834 -2.685464 -4.889059
 H -0.625039 2.965414 -4.050597
 H -1.309218 1.833373 -4.832928
 H 4.696478 3.092938 2.810103
 H 3.414002 2.392834 2.235171
 H 2.209103 0.597080 -3.568636
 H 1.585133 2.073704 -3.592798
 H -5.000799 1.793674 -5.796329
 H -3.874705 2.798397 -5.890681
 H 4.070977 -5.236148 -0.772756
 H 5.396796 -5.957724 -0.693124
 H 2.712034 -1.466112 -5.516935
 H 1.493838 -0.578739 -5.439827
 H -1.798730 -0.080101 -5.847849
 H -2.974291 -0.387021 -4.899521
 H 1.060331 0.400045 1.648021
 H 1.918306 -0.189885 0.442480
 H 4.225302 -2.470740 -3.028988
 H 5.625771 -1.742216 -3.080196
 H 5.603034 0.839375 -0.815395
 H 5.258377 -0.590682 -0.908229
 H 0.470685 4.651764 3.187378
 H -0.931186 5.126915 2.648607
 H -4.854990 0.355055 -3.203983
 H -5.569245 0.759710 -4.519055
 H 0.445741 -4.490385 0.250102
 H 1.291102 -3.184369 0.115421
 H 4.165596 4.545224 -5.630940
 H 4.836420 3.281667 -4.950111
 H 2.875731 5.720973 4.820443
 H 2.975000 6.185571 6.378625
 H -5.832456 3.944424 -1.215519
 H -4.744915 3.814468 -2.388354
 H -0.144585 0.158404 -2.473797
 H -0.151118 0.667166 -1.014714
 H -4.054412 -3.510585 -0.854379
 H -2.807381 -3.506711 -1.729768
 H -3.578992 5.733986 2.686442
 H -2.900541 6.046518 4.040867
 H -1.553386 2.542761 3.635335
 H -1.955360 3.845367 4.317934
 H -2.480421 -1.633717 -0.801362
 H -3.130550 -0.442988 -0.069859
 H -2.437462 -1.913702 4.769103
 H -1.093751 -2.333796 5.571456
 H 1.021459 1.577064 6.016446
 H -0.306362 2.089291 5.363543
 H -4.627323 2.905217 2.225024
 H -3.531308 3.370514 1.119408
 H 3.738830 4.975772 -0.804176
 H 3.148976 3.927497 -1.754305
 H 3.637116 -5.523377 -3.755929
 H 2.361244 -5.680982 -2.901230
 H -2.371677 4.123252 -3.370084
 H -1.528145 4.503577 -2.069720
 H 5.468337 -0.159298 5.901896
 H 4.217464 0.251718 5.113033
 H -2.534705 -0.665695 2.059424
 H -3.295270 0.683725 2.744925
 H 0.234235 -1.839829 -2.757236
 H -0.720208 -2.632635 -1.834116
 H -0.211990 -3.365604 -4.555458
 H 0.848864 -2.924905 -5.516909
 H 5.687080 -6.554067 4.977013
 H 6.457177 -5.264011 4.708806
 H 5.611414 -3.311409 -0.476906
 H 4.218420 -2.715026 -0.484597
 H 4.617766 0.217628 2.505237
 H 3.608065 -0.904770 2.377493
 H 1.371830 4.269292 -5.266149
 H 2.156776 4.921218 -4.145949
 H -1.174089 -6.806131 0.537757
 H -1.881036 -5.421276 0.221771
 H -4.546782 -1.806660 -6.285808
 H -5.155745 -1.151008 -5.056624
 H -4.532978 2.098297 -0.996982
 H -4.767905 1.263103 0.235790
 H 5.576420 2.343389 -2.320337
 H 4.281567 1.588212 -2.761097
 H 3.659319 0.031102 -0.988770
 H 2.389299 0.443398 -1.824788
 H -6.099262 -1.333427 1.660316
 H -4.664829 -1.593890 2.129126
 H 0.980570 2.739878 1.923543
 H 1.552876 2.912777 0.512862
K_POINTS
 1
0.0 0.0 0.0 1.0