
&control
    calculation='scf'
    pseudo_dir = './',
    outdir='./outputs',
    disk_io='high'
/
&system
    ibrav= 1, celldm(1)=20.000000, nat=  192, ntyp= 2,
    ecutwfc = 30.0, nosym=.true., occupations='smearing',
    smearing='m-v', degauss=0.025
/
&electrons
    conv_thr =  1.0d-8,
    mixing_beta = 0.7
/
&ions
    pot_extrapolation='second-order'
    wfc_extrapolation='second-order'
    ion_temperature = 'andersen'
    tempw = 1000

/
ATOMIC_SPECIES
 H  1.01  H.blyp-hgh.UPF
 O  16.0  O.blyp-hgh.UPF
ATOMIC_POSITIONS bohr
 O -5.242454 -1.546852 -1.204885
 O 3.994067 -2.210330 5.401972
 O -5.717502 5.229658 -5.566136
 O -0.157631 3.558713 -1.583100
 O -4.721998 0.699585 3.831814
 O -0.241126 5.423254 5.179417
 O -0.131023 -5.365360 -3.403895
 O 2.276620 0.338431 3.698713
 O -2.859207 -5.301058 5.616215
 O 1.865216 -3.041141 1.614975
 O 2.501636 -6.065004 2.905220
 O -4.235919 -3.056100 4.342360
 O -4.419571 -5.969720 0.714467
 O -3.554645 -5.677302 -3.620714
 O 2.042279 -2.742750 -2.101342
 O -1.755161 2.525488 1.479515
 O -1.026722 -1.389749 1.654966
 O 0.262011 -4.238333 3.634707
 O 5.447167 -4.108215 -4.939411
 O 5.638167 4.795047 2.181043
 O 6.036152 -2.952699 3.253372
 O -3.226190 -3.036135 -3.805514
 O -0.917475 2.572656 -4.934359
 O 3.864782 2.347922 2.826318
 O 2.318387 1.279854 -3.117046
 O -4.925863 2.868742 -6.120913
 O 4.424725 -5.937173 -1.256177
 O 1.939064 -1.325697 -4.579104
 O -2.023044 0.267043 -4.829744
 O 0.834628 -0.319330 0.623379
 O 4.795023 -1.767904 -3.811537
 O 5.174079 0.057010 -0.006779
 O -0.353174 4.449556 1.815056
 O -5.315121 0.720889 -3.994323
 O 0.735969 -3.791556 -0.339698
 O 4.631335 3.406184 -4.267579
 O 3.578475 5.492125 5.805451
 O -5.061424 3.596537 -1.726658
 O -0.421672 1.042441 -1.563152
 O -2.959880 -3.282114 -1.194951
 O -2.593248 5.443902 3.399840
 O -1.488341 2.790514 3.760258
 O -2.645739 -0.201386 -0.657594
 O -1.513453 -2.226324 4.932117
 O 0.776551 1.759786 4.846387
 O -4.846681 3.430199 1.459088
 O 2.763913 3.880119 -0.528177
 O 2.670333 -5.944558 -3.537047
 O -2.681731 4.607349 -2.312499
 O 5.715308 0.510736 5.252980
 O -3.167405 0.152465 1.961749
 O -0.630526 -2.451949 -2.246802
 O 0.026665 -3.193122 -5.509900
 O 5.662744 -5.979166 4.467133
 O 5.182916 -2.959330 -0.234799
 O 4.725391 -0.696363 2.396750
 O 1.029199 4.299045 -4.385406
 O -0.570487 -5.732295 0.467904
 O -5.586086 -1.331602 -5.805547
 O -4.628798 1.497592 -0.958821
 O 5.233656 1.715141 -2.838692
 O 2.680728 -0.255580 -0.923055
 O -5.308503 -1.169574 1.179844
 O 1.498154 2.750567 1.417673
 H -4.735886 -1.778872 -0.403434
 H -4.557597 -1.490723 -1.893531
 H 3.503140 -3.001720 5.685691
 H 3.308457 -1.574384 5.097279
 H -6.219410 4.826161 -4.825851
 H -5.989256 4.662153 -6.316437
 H 0.340309 3.266372 -0.773595
 H 0.414910 4.213355 -2.026375
 H -5.440113 0.031209 3.798632
 H -5.127782 1.371548 4.424808
 H 0.212903 6.293328 5.140597
 H -0.220226 5.138369 6.120433
 H -0.371050 -5.657448 -2.505774
 H -0.758282 -5.861224 -3.961949
 H 2.410744 1.207765 3.234529
 H 1.386781 0.059348 3.410370
 H -3.508253 -5.611897 6.289578
 H -1.998653 -5.322405 6.082340
 H 1.923843 -2.047509 1.608632
 H 2.767859 -3.395905 1.664964
 H 3.297804 -6.199431 2.351796
 H 1.811971 -6.643396 2.504152
 H -3.627635 -3.515350 3.734825
 H -4.262027 -2.131964 4.020196
 H -3.480862 -6.171210 0.530456
 H -4.545960 -5.067104 0.337139
 H -4.468006 -5.640776 -3.280162
 H -3.514296 -6.558268 -4.039073
 H 2.157560 -1.760681 -2.038140
 H 2.453973 -3.086433 -1.287392
 H -1.581112 3.137816 0.748052
 H -1.372879 1.664223 1.196538
 H -0.379177 -1.932394 1.167460
 H -0.923517 -1.629213 2.601966
 H 0.891569 -3.554938 3.933237
 H -0.351562 -3.724370 3.072467
 H 5.907009 -4.730023 -5.542126
 H 6.152277 -3.643077 -4.452136
 H 5.469991 5.610460 2.723298
 H 5.961255 5.092367 1.308674
 H 5.313857 -2.655838 2.660704
 H 6.580105 -3.589987 2.762073
 H -2.383239 -2.832990 -4.260945
 H -3.942933 -2.955647 -4.460186
 H -0.501693 2.981064 -4.142742
 H -0.648536 1.624992 -4.899136
 H 4.686673 2.478994 3.343477
 H 3.428157 3.222375 2.824472
 H 2.904932 1.048533 -3.867916
 H 2.147339 2.241909 -3.167528
 H -5.002209 2.481195 -5.216999
 H -3.981139 3.101045 -6.237985
 H 4.214552 -5.031101 -1.584794
 H 5.386946 -5.905408 -1.092728
 H 2.768402 -1.105094 -5.062116
 H 1.197056 -1.003262 -5.130551
 H -2.135544 -0.473705 -5.451722
 H -2.863895 0.762731 -4.866026
 H 1.331569 0.503953 0.761991
 H 1.148366 -0.560212 -0.268102
 H 4.006344 -2.204969 -3.398313
 H 5.434452 -1.710165 -3.064101
 H 5.097805 1.024366 -0.086820
 H 5.963409 -0.224449 -0.594363
 H -0.577629 4.043765 2.707883
 H -0.334564 5.416530 1.930718
 H -4.717656 1.186159 -3.368705
 H -6.004573 0.402658 -3.357848
 H 0.740333 -4.700964 -0.658987
 H 0.710102 -3.902954 0.625210
 H 3.715384 3.649563 -4.058072
 H 4.577285 2.800569 -5.032509
 H 3.189276 4.901930 5.126581
 H 2.854237 6.127296 5.958816
 H -5.859830 3.896277 -1.251923
 H -4.802300 4.326901 -2.330736
 H -0.007464 0.371634 -2.136996
 H -1.307282 1.142637 -1.955805
 H -3.128325 -3.309933 -2.190794
 H -2.790170 -4.207323 -0.964697
 H -3.213873 5.874470 2.778818
 H -2.467730 6.094996 4.144196
 H -1.563517 1.820419 3.793482
 H -2.373049 3.110358 3.515524
 H -2.370549 -1.057530 -0.284356
 H -2.810013 0.323116 0.156319
 H -2.379407 -2.115694 5.369866
 H -1.328598 -3.180653 5.078316
 H 1.641396 1.717201 5.284648
 H 0.149801 2.214411 5.462222
 H -5.366017 3.382385 2.283177
 H -3.914513 3.203117 1.699458
 H 3.372845 4.565566 -0.169738
 H 2.819760 4.044826 -1.486185
 H 3.598787 -6.025831 -3.857477
 H 2.260369 -5.264025 -4.107871
 H -2.550408 3.884449 -2.962828
 H -2.121847 4.276723 -1.567379
 H 5.966488 0.209156 6.169301
 H 4.745717 0.449448 5.219549
 H -2.922591 -0.651621 2.439433
 H -3.641649 0.709105 2.633361
 H -0.096703 -3.257033 -2.325112
 H -0.226651 -2.053657 -1.463250
 H 0.429889 -3.489044 -4.659181
 H 0.763047 -3.182312 -6.144333
 H 4.972463 -5.484900 4.944253
 H 6.501530 -5.742271 4.902603
 H 5.662954 -3.574051 0.347249
 H 4.582907 -2.496218 0.378067
 H 4.227934 -0.519847 1.573773
 H 4.334334 -0.057698 3.025328
 H 1.433508 3.702508 -5.046916
 H 1.757387 4.926465 -4.052413
 H -0.892449 -6.376561 -0.196763
 H -1.353742 -5.223740 0.749754
 H -5.399259 -2.040870 -6.460076
 H -4.736088 -0.979838 -5.474701
 H -3.871297 2.094861 -1.032895
 H -4.819984 1.532418 -0.000128
 H 5.789016 2.521432 -2.872446
 H 4.396862 2.005671 -2.442404
 H 3.497893 -0.668844 -0.557854
 H 3.026025 0.408927 -1.559627
 H -5.947767 -0.582607 1.650637
 H -4.860718 -1.650580 1.886051
 H 1.430547 3.724617 1.522379
 H 2.310009 2.584872 0.901327
K_POINTS
 1
0.0 0.0 0.0 1.0