
&control
    calculation='scf'
    pseudo_dir = './',
    outdir='./outputs',
    disk_io='high'
/
&system
    ibrav= 1, celldm(1)=20.000000, nat=  192, ntyp= 2,
    ecutwfc = 30.0, nosym=.true., occupations='smearing',
    smearing='m-v', degauss=0.025
/
&electrons
    conv_thr =  1.0d-8,
    mixing_beta = 0.7
/
&ions
    pot_extrapolation='second-order'
    wfc_extrapolation='second-order'
    ion_temperature = 'andersen'
    tempw = 1000

/
ATOMIC_SPECIES
 H  1.01  H.blyp-hgh.UPF
 O  16.0  O.blyp-hgh.UPF
ATOMIC_POSITIONS bohr
 O -5.245157 -1.380590 -1.878473
 O 3.620167 -2.039951 5.470076
 O -5.774287 5.683084 -5.367881
 O -0.052916 3.949080 -1.331054
 O -4.804168 0.874470 4.055473
 O -0.252274 5.654278 5.296271
 O -0.211400 -5.431114 -3.301127
 O 2.569398 0.002633 3.640749
 O -2.812043 -5.364584 5.769305
 O 2.216711 -2.684263 2.227606
 O 2.629570 -6.220279 2.901064
 O -3.995440 -3.142169 4.450908
 O -4.433101 -5.744790 0.685998
 O -3.632321 -5.714281 -3.968818
 O 2.658340 -2.913095 -2.480170
 O -2.209813 2.467250 0.427880
 O -1.302421 -2.081944 2.187754
 O 0.266577 -4.273789 3.822791
 O 5.266632 -4.515882 -5.020692
 O 5.235918 5.031078 2.248421
 O 5.763359 -3.148965 3.277147
 O -3.245972 -2.660516 -3.930712
 O -0.963272 2.763332 -4.941404
 O 4.050711 2.375543 3.001480
 O 2.361678 1.538580 -3.333907
 O -4.619224 2.447286 -6.403269
 O 4.556247 -5.978685 -1.177913
 O 2.062336 -1.094935 -4.860233
 O -2.082693 0.009953 -4.920026
 O 1.076707 -0.286310 0.960711
 O 4.721268 -1.726252 -3.447578
 O 5.303936 0.112031 -0.200820
 O -0.076014 4.684571 2.384707
 O -4.684618 0.759927 -4.083722
 O 0.860860 -3.886861 -0.414476
 O 4.422253 4.151776 -4.768829
 O 3.118108 5.455525 5.736484
 O -5.405084 4.426627 -1.957742
 O -0.357649 0.929717 -1.930660
 O -3.105139 -3.825218 -0.825026
 O -2.804796 5.473870 3.237018
 O -1.823570 2.893471 4.517471
 O -2.447181 -0.673601 -0.743450
 O -1.450254 -1.853529 4.779619
 O 0.652619 1.926913 5.193013
 O -4.503885 3.182519 1.288369
 O 3.132250 4.202395 -0.819438
 O 2.712187 -5.830631 -3.799587
 O -2.456796 4.308253 -2.417090
 O 4.969051 0.650880 5.593466
 O -2.752113 0.324874 2.008682
 O -0.676609 -2.192492 -2.732764
 O 0.038202 -3.493996 -5.494457
 O 5.829431 -5.870314 4.289852
 O 4.799489 -3.276766 0.075181
 O 4.586166 -0.763147 2.364220
 O 1.380908 4.285546 -4.284053
 O -1.038554 -5.880062 0.268942
 O -5.400322 -1.738739 -5.818359
 O -4.753849 1.176595 -0.738708
 O 5.101167 1.510294 -2.222453
 O 2.809630 -0.340519 -1.392045
 O -5.186519 -1.476461 1.312334
 O 1.645688 2.333714 1.307825
 H -5.344311 -1.847104 -1.015573
 H -4.836241 -0.537936 -1.530688
 H 4.576548 -2.268089 5.612689
 H 3.389958 -2.442341 4.614098
 H -6.544387 5.135463 -5.042558
 H -5.043257 5.043566 -5.291967
 H -0.403504 3.255800 -1.922780
 H 0.709297 4.337619 -1.801393
 H -5.603368 1.357043 4.345754
 H -4.070172 1.373714 4.468940
 H 0.110297 6.480075 4.874369
 H 0.187893 5.669931 6.166780
 H -0.560492 -5.398553 -2.391454
 H -0.972761 -5.210945 -3.863315
 H 3.239127 0.726688 3.524759
 H 1.772135 0.507252 3.926054
 H -3.019704 -5.547448 6.720037
 H -1.928265 -5.803411 5.639507
 H 1.818116 -1.782529 2.091517
 H 3.135201 -2.558989 1.902657
 H 3.404248 -6.563973 2.392177
 H 1.897353 -6.817974 2.681374
 H -3.662655 -3.794941 5.136716
 H -4.944595 -2.994898 4.674969
 H -4.848305 -6.505513 0.236645
 H -3.868800 -5.382492 -0.028292
 H -3.680296 -4.750213 -3.767033
 H -3.857200 -6.194341 -3.148718
 H 2.719059 -2.150732 -1.843642
 H 2.158103 -3.630968 -2.005704
 H -1.301365 2.579118 0.774648
 H -2.551720 1.791829 1.059521
 H -0.495614 -1.538452 1.991168
 H -1.260077 -2.094629 3.192275
 H 0.643272 -4.730457 3.044196
 H -0.690598 -4.218298 3.666366
 H 6.056798 -4.691814 -4.485208
 H 4.893284 -3.645965 -4.759146
 H 5.492525 5.805368 2.877822
 H 5.851040 5.073679 1.482562
 H 5.401650 -2.261563 3.489025
 H 5.039001 -3.599063 2.809513
 H -2.306786 -2.365118 -3.841319
 H -3.383323 -2.677106 -4.891745
 H -0.630845 2.973287 -4.052719
 H -1.307384 1.837035 -4.816278
 H 4.674931 3.112412 2.798794
 H 3.415675 2.361059 2.241678
 H 2.194287 0.599216 -3.564769
 H 1.600002 2.095122 -3.595748
 H -4.997588 1.792165 -5.807338
 H -3.861752 2.785380 -5.895480
 H 4.081329 -5.238234 -0.754641
 H 5.396970 -5.971401 -0.688789
 H 2.714411 -1.466885 -5.514703
 H 1.499504 -0.566574 -5.450775
 H -1.817367 -0.077461 -5.859196
 H -2.965439 -0.402302 -4.884897
 H 1.088079 0.397613 1.659622
 H 1.916337 -0.195771 0.428204
 H 4.235634 -2.476254 -3.033186
 H 5.630717 -1.751845 -3.089772
 H 5.604042 0.835792 -0.805438
 H 5.268441 -0.594903 -0.900201
 H 0.489859 4.685626 3.191403
 H -0.937475 5.109375 2.663405
 H -4.848765 0.351718 -3.209907
 H -5.566336 0.747392 -4.509470
 H 0.444730 -4.482397 0.254566
 H 1.270396 -3.167580 0.116993
 H 4.156199 4.551864 -5.643825
 H 4.836519 3.292604 -4.949985
 H 2.851028 5.744776 4.826963
 H 2.999575 6.187973 6.378032
 H -5.849184 3.973953 -1.215788
 H -4.774267 3.809642 -2.401107
 H -0.169837 0.151091 -2.478295
 H -0.136730 0.672343 -1.024379
 H -4.059724 -3.554456 -0.814598
 H -2.852304 -3.501127 -1.736161
 H -3.564274 5.729182 2.658909
 H -2.911546 6.057789 4.026572
 H -1.569612 2.543521 3.644134
 H -1.959265 3.853827 4.346464
 H -2.503380 -1.647810 -0.794723
 H -3.126371 -0.445560 -0.076219
 H -2.431602 -1.895067 4.768755
 H -1.086774 -2.327416 5.565833
 H 1.014686 1.595727 6.032903
 H -0.306874 2.086321 5.343722
 H -4.599550 2.877616 2.214717
 H -3.541367 3.402633 1.107923
 H 3.747441 4.978345 -0.831223
 H 3.163225 3.909895 -1.751996
 H 3.641348 -5.527194 -3.760044
 H 2.363546 -5.688769 -2.904609
 H -2.342438 4.133406 -3.376635
 H -1.538908 4.523209 -2.075598
 H 5.449274 -0.150528 5.923910
 H 4.209195 0.252158 5.112358
 H -2.548532 -0.671107 2.068631
 H -3.306085 0.689519 2.731383
 H 0.231734 -1.821450 -2.762851
 H -0.688090 -2.651560 -1.853281
 H -0.213952 -3.385025 -4.556739
 H 0.857125 -2.942636 -5.492336
 H 5.710398 -6.557552 4.980208
 H 6.459582 -5.249930 4.696272
 H 5.596182 -3.324199 -0.481512
 H 4.198038 -2.751441 -0.497500
 H 4.616465 0.212593 2.517372
 H 3.609232 -0.896132 2.385614
 H 1.381955 4.253232 -5.265658
 H 2.178222 4.898343 -4.132301
 H -1.161492 -6.809908 0.523054
 H -1.899084 -5.431221 0.228888
 H -4.539856 -1.786968 -6.283001
 H -5.171011 -1.172267 -5.046984
 H -4.504753 2.088786 -0.992934
 H -4.780275 1.261204 0.236755
 H 5.559761 2.360162 -2.333268
 H 4.273319 1.578837 -2.758834
 H 3.656013 0.019842 -0.974500
 H 2.398765 0.452347 -1.821704
 H -6.095207 -1.334462 1.648398
 H -4.665498 -1.609602 2.124623
 H 1.012782 2.751672 1.932217
 H 1.542425 2.899956 0.506895
K_POINTS
 1
0.0 0.0 0.0 1.0