
&control
    calculation='scf'
    pseudo_dir = './',
    outdir='./outputs',
    disk_io='high'
/
&system
    ibrav= 1, celldm(1)=20.000000, nat=  192, ntyp= 2,
    ecutwfc = 30.0, nosym=.true., occupations='smearing',
    smearing='m-v', degauss=0.025
/
&electrons
    conv_thr =  1.0d-8,
    mixing_beta = 0.7
/
&ions
    pot_extrapolation='second-order'
    wfc_extrapolation='second-order'
    ion_temperature = 'andersen'
    tempw = 1000

/
ATOMIC_SPECIES
 H  1.01  H.blyp-hgh.UPF
 O  16.0  O.blyp-hgh.UPF
ATOMIC_POSITIONS bohr
 O -5.241599 -1.378726 -1.884463
 O 3.614344 -2.045312 5.475887
 O -5.775427 5.688327 -5.368257
 O -0.047395 3.950843 -1.328700
 O -4.803873 0.878424 4.056721
 O -0.252977 5.664984 5.297514
 O -0.214265 -5.431151 -3.295797
 O 2.569103 0.004137 3.646467
 O -2.807967 -5.368112 5.773941
 O 2.226548 -2.678898 2.234980
 O 2.631211 -6.226583 2.901471
 O -3.998335 -3.157241 4.452135
 O -4.434438 -5.743901 0.683671
 O -3.631704 -5.709621 -3.974015
 O 2.663392 -2.919680 -2.479893
 O -2.215572 2.468458 0.412414
 O -1.306140 -2.087977 2.196758
 O 0.267942 -4.282736 3.827846
 O 5.259893 -4.517387 -5.021461
 O 5.233009 5.034118 2.248401
 O 5.756200 -3.154538 3.280467
 O -3.245404 -2.654145 -3.933467
 O -0.968913 2.764368 -4.942101
 O 4.055529 2.374864 3.002112
 O 2.363004 1.538910 -3.344220
 O -4.609436 2.444549 -6.406921
 O 4.558524 -5.976204 -1.173558
 O 2.061555 -1.085938 -4.871688
 O -2.079964 0.006364 -4.926205
 O 1.081468 -0.286882 0.967345
 O 4.724099 -1.726862 -3.442373
 O 5.300409 0.104126 -0.196443
 O -0.070476 4.685441 2.407989
 O -4.677138 0.758693 -4.087972
 O 0.867768 -3.887990 -0.414376
 O 4.421080 4.164398 -4.781449
 O 3.106846 5.456419 5.731062
 O -5.404707 4.438429 -1.955875
 O -0.352617 0.931506 -1.938378
 O -3.105456 -3.832638 -0.824286
 O -2.810269 5.474634 3.237773
 O -1.835137 2.897577 4.526137
 O -2.442700 -0.688335 -0.743757
 O -1.447962 -1.841452 4.782057
 O 0.654956 1.924724 5.200330
 O -4.498934 3.180899 1.285657
 O 3.138213 4.209507 -0.825739
 O 2.714450 -5.822205 -3.803707
 O -2.461966 4.302277 -2.422528
 O 4.956516 0.650131 5.600753
 O -2.743911 0.325696 2.013393
 O -0.675892 -2.186562 -2.743099
 O 0.036194 -3.494179 -5.497696
 O 5.831222 -5.869055 4.295684
 O 4.792524 -3.278697 0.081536
 O 4.589671 -0.765733 2.358927
 O 1.385977 4.283468 -4.283554
 O -1.051474 -5.878680 0.262083
 O -5.395366 -1.747498 -5.822245
 O -4.757740 1.174887 -0.737816
 O 5.099999 1.521047 -2.228487
 O 2.804985 -0.342013 -1.395208
 O -5.181195 -1.482415 1.308319
 O 1.646043 2.329013 1.302530
 H -5.355112 -1.845773 -1.024595
 H -4.851430 -0.527697 -1.531122
 H 4.581971 -2.220298 5.590485
 H 3.382134 -2.434453 4.614667
 H -6.534822 5.138557 -5.024942
 H -5.038596 5.059747 -5.263877
 H -0.404111 3.254348 -1.902648
 H 0.716273 4.336895 -1.792217
 H -5.595043 1.362638 4.364160
 H -4.071876 1.376360 4.471847
 H 0.101300 6.489354 4.871535
 H 0.177475 5.686721 6.171858
 H -0.567024 -5.404515 -2.387057
 H -0.977334 -5.208323 -3.854995
 H 3.238635 0.719686 3.525569
 H 1.779112 0.515724 3.937678
 H -3.016215 -5.571288 6.717218
 H -1.927111 -5.805095 5.633132
 H 1.808510 -1.785927 2.127052
 H 3.130363 -2.537941 1.885488
 H 3.413915 -6.558922 2.401239
 H 1.909706 -6.830415 2.672744
 H -3.679124 -3.774487 5.167672
 H -4.929679 -2.957384 4.688412
 H -4.858530 -6.496338 0.232898
 H -3.872682 -5.386374 -0.031270
 H -3.638825 -4.744079 -3.772143
 H -3.849861 -6.180744 -3.147507
 H 2.716726 -2.148467 -1.854357
 H 2.191659 -3.655683 -2.017391
 H -1.304635 2.596825 0.740693
 H -2.559614 1.786713 1.035683
 H -0.478803 -1.603494 2.006004
 H -1.256182 -2.105968 3.200282
 H 0.633453 -4.722612 3.034411
 H -0.689968 -4.221119 3.673174
 H 6.045069 -4.710505 -4.483813
 H 4.877530 -3.661985 -4.734690
 H 5.470527 5.819735 2.868571
 H 5.815407 5.058201 1.461969
 H 5.407532 -2.268974 3.509238
 H 5.024090 -3.598758 2.821368
 H -2.311557 -2.346609 -3.822934
 H -3.373457 -2.669920 -4.894784
 H -0.635460 2.982064 -4.054965
 H -1.306352 1.842737 -4.799743
 H 4.652502 3.131750 2.787718
 H 3.417663 2.330855 2.248763
 H 2.179352 0.601830 -3.563878
 H 1.615754 2.116690 -3.598989
 H -4.994413 1.790017 -5.817828
 H -3.847701 2.772445 -5.900472
 H 4.091391 -5.239240 -0.735909
 H 5.397966 -5.985046 -0.684894
 H 2.717217 -1.467452 -5.511358
 H 1.504425 -0.554163 -5.462184
 H -1.836003 -0.075514 -5.870372
 H -2.957083 -0.415647 -4.868768
 H 1.117604 0.395911 1.668650
 H 1.911359 -0.200759 0.414713
 H 4.244945 -2.481136 -3.037983
 H 5.636006 -1.761173 -3.098679
 H 5.604316 0.831881 -0.793530
 H 5.280479 -0.597924 -0.888847
 H 0.505394 4.718842 3.195764
 H -0.941719 5.090770 2.678412
 H -4.842631 0.349039 -3.215853
 H -5.564305 0.734910 -4.497530
 H 0.443594 -4.474380 0.257258
 H 1.248725 -3.152189 0.119355
 H 4.145518 4.556082 -5.656450
 H 4.835657 3.302913 -4.951347
 H 2.827801 5.769582 4.834324
 H 3.023724 6.190942 6.375245
 H -5.864533 4.002228 -1.216720
 H -4.804343 3.806350 -2.410748
 H -0.196834 0.143297 -2.482161
 H -0.122971 0.676225 -1.032241
 H -4.061764 -3.598461 -0.773405
 H -2.897998 -3.497873 -1.739638
 H -3.547746 5.723833 2.631552
 H -2.923152 6.068356 4.011731
 H -1.586031 2.544530 3.652731
 H -1.963231 3.860986 4.375329
 H -2.526304 -1.661030 -0.787012
 H -3.121227 -0.447725 -0.082550
 H -2.425674 -1.878643 4.769233
 H -1.080208 -2.322442 5.559865
 H 1.007485 1.615678 6.049546
 H -0.306847 2.085226 5.324079
 H -4.570901 2.851042 2.203502
 H -3.553483 3.432348 1.097356
 H 3.755118 4.981363 -0.858307
 H 3.177383 3.891797 -1.749010
 H 3.646437 -5.531052 -3.764612
 H 2.364772 -5.696495 -2.908437
 H -2.312458 4.144140 -3.381897
 H -1.552437 4.542681 -2.081760
 H 5.429030 -0.139773 5.944653
 H 4.201287 0.252741 5.112970
 H -2.561803 -0.671807 2.079193
 H -3.318187 0.690799 2.717653
 H 0.228830 -1.804679 -2.769362
 H -0.654633 -2.669475 -1.874569
 H -0.216204 -3.405112 -4.556908
 H 0.864967 -2.961449 -5.468557
 H 5.734253 -6.559943 4.983872
 H 6.461469 -5.235534 4.683025
 H 5.581598 -3.337292 -0.484990
 H 4.177785 -2.788691 -0.509476
 H 4.617855 0.206297 2.527893
 H 3.612178 -0.887433 2.394669
 H 1.391899 4.235537 -5.263966
 H 2.195370 4.873292 -4.118255
 H -1.149311 -6.813517 0.507938
 H -1.917485 -5.441808 0.236664
 H -4.534079 -1.767038 -6.282358
 H -5.187346 -1.194446 -5.037217
 H -4.474622 2.077513 -0.988826
 H -4.793092 1.258656 0.237826
 H 5.542613 2.377855 -2.347019
 H 4.265163 1.569727 -2.755893
 H 3.651121 0.007874 -0.960414
 H 2.408720 0.460503 -1.817958
 H -6.091905 -1.335183 1.635463
 H -4.666273 -1.626256 2.119484
 H 1.045813 2.763848 1.940450
 H 1.533224 2.886515 0.501219
K_POINTS
 1
0.0 0.0 0.0 1.0