
&control
    calculation='scf'
    pseudo_dir = './',
    outdir='./outputs',
    disk_io='high'
/
&system
    ibrav= 1, celldm(1)=20.000000, nat=  192, ntyp= 2,
    ecutwfc = 30.0, nosym=.true., occupations='smearing',
    smearing='m-v', degauss=0.025
/
&electrons
    conv_thr =  1.0d-8,
    mixing_beta = 0.7
/
&ions
    pot_extrapolation='second-order'
    wfc_extrapolation='second-order'
    ion_temperature = 'andersen'
    tempw = 1000

/
ATOMIC_SPECIES
 H  1.01  H.blyp-hgh.UPF
 O  16.0  O.blyp-hgh.UPF
ATOMIC_POSITIONS bohr
 O -5.239785 -1.377821 -1.887336
 O 3.611641 -2.048020 5.478870
 O -5.776028 5.690791 -5.368460
 O -0.044625 3.951797 -1.327450
 O -4.803643 0.880327 4.057159
 O -0.253335 5.670438 5.298112
 O -0.215694 -5.431151 -3.293075
 O 2.568846 0.005071 3.649408
 O -2.805871 -5.369906 5.776265
 O 2.231524 -2.676162 2.238609
 O 2.632064 -6.229701 2.901736
 O -3.999756 -3.164724 4.452965
 O -4.435181 -5.743514 0.682490
 O -3.631329 -5.707133 -3.976592
 O 2.665885 -2.923084 -2.479587
 O -2.218325 2.469184 0.404759
 O -1.307974 -2.090948 2.201328
 O 0.268643 -4.287353 3.830444
 O 5.256353 -4.518116 -5.021859
 O 5.231505 5.035773 2.248386
 O 5.752635 -3.157309 3.282264
 O -3.245031 -2.650986 -3.934819
 O -0.971831 2.764745 -4.942379
 O 4.057931 2.374451 3.002338
 O 2.363766 1.539052 -3.349309
 O -4.604501 2.443392 -6.408703
 O 4.559698 -5.974936 -1.171372
 O 2.061087 -1.081428 -4.877430
 O -2.078488 0.004563 -4.929411
 O 1.083880 -0.287339 0.970658
 O 4.725634 -1.727177 -3.439859
 O 5.298472 0.100020 -0.194333
 O -0.067722 4.685873 2.419619
 O -4.673478 0.757997 -4.090137
 O 0.871255 -3.888485 -0.414270
 O 4.420588 4.170763 -4.787713
 O 3.101168 5.456873 5.728388
 O -5.404556 4.444367 -1.954997
 O -0.350022 0.932549 -1.942362
 O -3.105714 -3.836249 -0.824147
 O -2.813024 5.475056 3.238122
 O -1.840971 2.899585 4.530450
 O -2.440497 -0.695794 -0.743919
 O -1.446778 -1.835279 4.783371
 O 0.656217 1.923508 5.203883
 O -4.496590 3.180191 1.284316
 O 3.141168 4.212985 -0.828954
 O 2.715648 -5.817994 -3.805801
 O -2.464544 4.299318 -2.425374
 O 4.950318 0.649711 5.604430
 O -2.739756 0.326095 2.015738
 O -0.675467 -2.183665 -2.748135
 O 0.035208 -3.494126 -5.499334
 O 5.832094 -5.868475 4.298603
 O 4.788947 -3.279647 0.084610
 O 4.591394 -0.766949 2.356326
 O 1.388671 4.282478 -4.283333
 O -1.057834 -5.877912 0.258611
 O -5.392857 -1.751809 -5.824132
 O -4.759680 1.174163 -0.737423
 O 5.099411 1.526553 -2.231749
 O 2.802709 -0.342684 -1.396585
 O -5.178474 -1.485398 1.306251
 O 1.646185 2.326779 1.299926
 H -5.360450 -1.844536 -1.029247
 H -4.859195 -0.522939 -1.531369
 H 4.583470 -2.196670 5.579389
 H 3.377791 -2.430587 4.614802
 H -6.530127 5.140586 -5.016133
 H -5.036037 5.068213 -5.250111
 H -0.403980 3.252442 -1.892371
 H 0.719936 4.336452 -1.787785
 H -5.590990 1.365138 4.373348
 H -4.073272 1.378004 4.473954
 H 0.096679 6.494305 4.870048
 H 0.172226 5.694850 6.174727
 H -0.570347 -5.407640 -2.384685
 H -0.979826 -5.207343 -3.850876
 H 3.237766 0.716489 3.526228
 H 1.782552 0.519902 3.943881
 H -3.014906 -5.583568 6.715643
 H -1.926362 -5.805629 5.630213
 H 1.803670 -1.788041 2.144694
 H 3.127628 -2.527916 1.876732
 H 3.418725 -6.556689 2.405982
 H 1.915745 -6.836745 2.667568
 H -3.687381 -3.764436 5.182020
 H -4.922103 -2.939188 4.694318
 H -4.863336 -6.492255 0.231124
 H -3.874332 -5.387948 -0.032796
 H -3.618095 -4.741402 -3.774574
 H -3.845919 -6.174135 -3.146945
 H 2.714829 -2.147186 -1.860497
 H 2.208475 -3.667037 -2.023291
 H -1.306225 2.605866 0.723136
 H -2.563211 1.783034 1.023291
 H -0.470716 -1.636063 2.012518
 H -1.254385 -2.111852 3.203640
 H 0.628646 -4.718145 3.029490
 H -0.689769 -4.222270 3.676142
 H 6.039404 -4.719860 -4.483196
 H 4.870353 -3.669928 -4.722226
 H 5.460132 5.825429 2.863296
 H 5.797416 5.050470 1.452639
 H 5.410291 -2.272539 3.518468
 H 5.016732 -3.598764 2.827320
 H -2.314028 -2.337271 -3.813365
 H -3.368705 -2.666769 -4.896492
 H -0.637292 2.986835 -4.056161
 H -1.306231 1.846108 -4.791597
 H 4.640979 3.141337 2.782291
 H 3.418715 2.316409 2.252395
 H 2.171761 0.603256 -3.564588
 H 1.623869 2.127505 -3.600753
 H -4.992894 1.788598 -5.822748
 H -3.840228 2.766020 -5.903000
 H 4.096272 -5.239326 -0.726295
 H 5.398861 -5.991853 -0.683081
 H 2.718831 -1.467668 -5.509437
 H 1.506608 -0.547863 -5.468160
 H -1.845281 -0.074796 -5.875956
 H -2.953081 -0.421588 -4.860151
 H 1.132962 0.395266 1.672121
 H 1.907645 -0.202955 0.408381
 H 4.249064 -2.483510 -3.040493
 H 5.638931 -1.765708 -3.102805
 H 5.604171 0.829853 -0.786909
 H 5.287176 -0.599331 -0.882271
 H 0.512003 4.735212 3.198559
 H -0.943084 5.081153 2.686086
 H -4.839478 0.347927 -3.218730
 H -5.563691 0.728690 -4.490870
 H 0.442953 -4.470398 0.257910
 H 1.237543 -3.145084 0.120704
 H 4.139767 4.557274 -5.662719
 H 4.834840 3.307849 -4.952625
 H 2.816798 5.782261 4.838208
 H 3.035605 6.192639 6.373115
 H -5.871742 4.015739 -1.217377
 H -4.819521 3.805114 -2.414472
 H -0.211004 0.139213 -2.483852
 H -0.116353 0.677686 -1.035558
 H -4.061910 -3.620341 -0.752283
 H -2.921016 -3.497042 -1.740426
 H -3.538901 5.721020 2.618005
 H -2.929261 6.073585 4.004350
 H -1.594337 2.545252 3.656924
 H -1.965195 3.864082 4.389756
 H -2.537670 -1.667342 -0.782810
 H -3.118354 -0.448555 -0.085641
 H -2.422872 -1.871312 4.769799
 H -1.077094 -2.320513 5.556866
 H 1.003706 1.626085 6.058091
 H -0.306724 2.085382 5.314423
 H -4.556290 2.838148 2.197695
 H -3.559986 3.446273 1.092383
 H 3.758647 4.983157 -0.871792
 H 3.184387 3.882511 -1.747301
 H 3.649348 -5.532949 -3.767015
 H 2.364997 -5.700317 -2.910409
 H -2.297412 4.149687 -3.384023
 H -1.560190 4.552329 -2.084784
 H 5.418661 -0.134028 5.954686
 H 4.197446 0.253060 5.113759
 H -2.568165 -0.670381 2.084907
 H -3.324766 0.689812 2.710799
 H 0.227187 -1.796854 -2.773076
 H -0.637584 -2.678043 -1.886054
 H -0.217500 -3.415400 -4.556637
 H 0.868816 -2.971161 -5.457062
 H 5.746416 -6.560742 4.985952
 H 6.462165 -5.228275 4.676138
 H 5.574586 -3.343959 -0.486295
 H 4.167690 -2.807620 -0.515091
 H 4.619687 0.202772 2.532531
 H 3.614267 -0.883202 2.399498
 H 1.396870 4.226195 -5.262678
 H 2.202308 4.860019 -4.111268
 H -1.143420 -6.815269 0.500260
 H -1.926860 -5.447352 0.240801
 H -4.531483 -1.756931 -6.282841
 H -5.195852 -1.205850 -5.032257
 H -4.458855 2.071246 -0.986753
 H -4.799659 1.257144 0.238355
 H 5.533853 2.387047 -2.354192
 H 4.261124 1.565300 -2.754204
 H 3.647996 0.001561 -0.953543
 H 2.413826 0.464306 -1.815895
 H -6.090545 -1.335435 1.628673
 H -4.666647 -1.634965 2.116827
 H 1.062409 2.770185 1.944563
 H 1.529059 2.879678 0.498346
K_POINTS
 1
0.0 0.0 0.0 1.0