
&control
    calculation='scf'
    pseudo_dir = './',
    outdir='./outputs',
    disk_io='high'
/
&system
    ibrav= 1, celldm(1)=20.000000, nat=  192, ntyp= 2,
    ecutwfc = 30.0, nosym=.true., occupations='smearing',
    smearing='m-v', degauss=0.025
/
&electrons
    conv_thr =  1.0d-8,
    mixing_beta = 0.7
/
&ions
    pot_extrapolation='second-order'
    wfc_extrapolation='second-order'
    ion_temperature = 'andersen'
    tempw = 1000

/
ATOMIC_SPECIES
 H  1.01  H.blyp-hgh.UPF
 O  16.0  O.blyp-hgh.UPF
ATOMIC_POSITIONS bohr
 O -5.231377 -1.373767 -1.899392
 O 3.600891 -2.060348 5.492745
 O -5.778818 5.700528 -5.369365
 O -0.032211 3.956912 -1.320710
 O -4.802079 0.888305 4.057632
 O -0.255138 5.695587 5.300709
 O -0.222217 -5.430975 -3.280323
 O 2.566558 0.010397 3.663310
 O -2.796080 -5.378116 5.786592
 O 2.254164 -2.663755 2.254749
 O 2.636038 -6.243318 2.903479
 O -4.005896 -3.197608 4.458130
 O -4.439154 -5.742196 0.677175
 O -3.629043 -5.694618 -3.987965
 O 2.677352 -2.938936 -2.477490
 O -2.229999 2.473448 0.370673
 O -1.316753 -2.104635 2.222552
 O 0.271752 -4.309288 3.842537
 O 5.239167 -4.521390 -5.023668
 O 5.223670 5.043862 2.248478
 O 5.736938 -3.169817 3.291434
 O -3.242642 -2.636986 -3.940510
 O -0.985538 2.765736 -4.942877
 O 4.068788 2.372073 3.002690
 O 2.368202 1.539618 -3.371602
 O -4.582002 2.439957 -6.416374
 O 4.565236 -5.968856 -1.161443
 O 2.058181 -1.061015 -4.902973
 O -2.071026 -0.003618 -4.944634
 O 1.095023 -0.290719 0.985546
 O 4.733562 -1.728434 -3.429418
 O 5.288385 0.081016 -0.184883
 O -0.055658 4.687553 2.471003
 O -4.657787 0.754162 -4.100072
 O 0.887238 -3.889950 -0.413204
 O 4.419149 4.199687 -4.815326
 O 3.075146 5.459173 5.716704
 O -5.404366 4.471848 -1.951394
 O -0.337563 0.938285 -1.960996
 O -3.107424 -3.851930 -0.825055
 O -2.825306 5.476874 3.239063
 O -1.867541 2.907937 4.549908
 O -2.430881 -0.730180 -0.744753
 O -1.440835 -1.806353 4.789992
 O 0.662697 1.917099 5.218711
 O -4.487697 3.177752 1.278393
 O 3.154219 4.227926 -0.844012
 O 2.721542 -5.799166 -3.815641
 O -2.475866 4.286268 -2.439521
 O 4.922721 0.648235 5.621000
 O -2.720714 0.328071 2.026201
 O -0.672788 -2.171301 -2.769547
 O 0.030870 -3.492815 -5.506513
 O 5.835820 -5.866140 4.311574
 O 4.772042 -3.283795 0.097462
 O 4.598914 -0.771814 2.345117
 O 1.401711 4.277993 -4.282321
 O -1.085482 -5.873880 0.242583
 O -5.381525 -1.770762 -5.832252
 O -4.768369 1.171869 -0.736023
 O 5.096786 1.552273 -2.248221
 O 2.792996 -0.345126 -1.400983
 O -5.165912 -1.498830 1.296184
 O 1.646789 2.317330 1.288670
 H -5.383479 -1.835334 -1.050309
 H -4.895250 -0.504987 -1.532729
 H 4.582263 -2.093981 5.530077
 H 3.355194 -2.413597 4.614802
 H -6.511536 5.153656 -4.977394
 H -5.022261 5.109991 -5.190977
 H -0.400478 3.232973 -1.847035
 H 0.738934 4.333473 -1.770591
 H -5.574527 1.373442 4.413431
 H -4.082059 1.388014 4.488746
 H 0.075973 6.520219 4.862680
 H 0.148714 5.729700 6.189743
 H -0.585261 -5.422853 -2.372574
 H -0.992296 -5.205864 -3.832925
 H 3.231871 0.707521 3.530913
 H 1.796638 0.538287 3.975380
 H -3.012780 -5.641605 6.708548
 H -1.920522 -5.806221 5.619299
 H 1.782290 -1.799265 2.222221
 H 3.114378 -2.485985 1.835154
 H 3.440942 -6.549739 2.428485
 H 1.941876 -6.866213 2.637044
 H -3.723111 -3.723550 5.239380
 H -4.889245 -2.862018 4.714511
 H -4.883075 -6.478955 0.223768
 H -3.878374 -5.392191 -0.040807
 H -3.525550 -4.732623 -3.784810
 H -3.825894 -6.146174 -3.144710
 H 2.699800 -2.140764 -1.892706
 H 2.281490 -3.711804 -2.046900
 H -1.312479 2.646290 0.641216
 H -2.573878 1.759175 0.964099
 H -0.430362 -1.778243 2.031881
 H -1.248776 -2.139668 3.215071
 H 0.608605 -4.693962 3.007608
 H -0.689143 -4.225062 3.686705
 H 6.014870 -4.761962 -4.481745
 H 4.843316 -3.703842 -4.664588
 H 5.421233 5.840562 2.834933
 H 5.717749 5.017612 1.416983
 H 5.420231 -2.286524 3.552602
 H 4.983727 -3.599658 2.854340
 H -2.326289 -2.295134 -3.768541
 H -3.347793 -2.656079 -4.905665
 H -0.641508 3.011722 -4.062971
 H -1.310283 1.861719 -4.756463
 H 4.586580 3.182956 2.759262
 H 3.423366 2.257393 2.268146
 H 2.135866 0.610553 -3.577462
 H 1.661653 2.175836 -3.610106
 H -4.986503 1.779297 -5.841602
 H -3.803043 2.737318 -5.914444
 H 4.117301 -5.237206 -0.681376
 H 5.406435 -6.022289 -0.676056
 H 2.728258 -1.468111 -5.500714
 H 1.514694 -0.519233 -5.498076
 H -1.886477 -0.073727 -5.901557
 H -2.935886 -0.442055 -4.817310
 H 1.205828 0.393566 1.678791
 H 1.881442 -0.210882 0.383471
 H 4.261833 -2.495205 -3.051602
 H 5.655290 -1.784947 -3.118077
 H 5.601314 0.821185 -0.752882
 H 5.322241 -0.610326 -0.850865
 H 0.534756 4.807414 3.221368
 H -0.944248 5.036753 2.723190
 H -4.823002 0.344519 -3.229494
 H -5.564842 0.701855 -4.457496
 H 0.438820 -4.453718 0.255271
 H 1.184875 -3.118440 0.126759
 H 4.111196 4.555406 -5.691359
 H 4.827587 3.328773 -4.963469
 H 2.772879 5.840130 4.856055
 H 3.087275 6.201684 6.358485
 H -5.901074 4.069984 -1.221325
 H -4.886925 3.800401 -2.423817
 H -0.280640 0.120016 -2.488835
 H -0.089517 0.680857 -1.047967
 H -4.059176 -3.715928 -0.652862
 H -3.024793 -3.498377 -1.739030
 H -3.495654 5.708072 2.558736
 H -2.960216 6.099113 3.974057
 H -1.632751 2.551688 3.674517
 H -1.973494 3.874805 4.453074
 H -2.587074 -1.693938 -0.761746
 H -3.103651 -0.449063 -0.098196
 H -2.413335 -1.846070 4.775123
 H -1.064687 -2.316489 5.544203
 H 0.984720 1.676132 6.099591
 H -0.305511 2.091716 5.273342
 H -4.488622 2.783526 2.171217
 H -3.588542 3.501484 1.071903
 H 3.772143 4.994542 -0.931312
 H 3.214891 3.838297 -1.738028
 H 3.665145 -5.540925 -3.778141
 H 2.363333 -5.717046 -2.919031
 H -2.232007 4.175436 -3.389532
 H -1.601525 4.594967 -2.095385
 H 5.372994 -0.110764 5.999544
 H 4.180307 0.254259 5.120961
 H -2.593372 -0.652033 2.113114
 H -3.359149 0.673262 2.680817
 H 0.218459 -1.765285 -2.795062
 H -0.560463 -2.713695 -1.944365
 H -0.225083 -3.463578 -4.554488
 H 0.886301 -3.016347 -5.409609
 H 5.803500 -6.561245 4.998137
 H 6.462680 -5.195831 4.643115
 H 5.545575 -3.374924 -0.488309
 H 4.122584 -2.895205 -0.536814
 H 4.638554 0.185798 2.548301
 H 3.627081 -0.866802 2.423187
 H 1.420043 4.181454 -5.254101
 H 2.222331 4.796512 -4.081807
 H -1.118950 -6.822211 0.464946
 H -1.970376 -5.474683 0.261480
 H -4.521388 -1.709335 -6.290713
 H -5.235910 -1.259525 -5.009183
 H -4.382291 2.038203 -0.977140
 H -4.830368 1.248600 0.239941
 H 5.492580 2.430726 -2.388744
 H 4.243174 1.546793 -2.745415
 H 3.628397 -0.029900 -0.924812
 H 2.437056 0.479694 -1.806006
 H -6.086225 -1.335911 1.596070
 H -4.667823 -1.677661 2.105841
 H 1.135979 2.801663 1.964066
 H 1.513294 2.849522 0.483377
K_POINTS
 1
0.0 0.0 0.0 1.0