
&control
    calculation='scf'
    pseudo_dir = './',
    outdir='./outputs',
    disk_io='high'
/
&system
    ibrav= 1, celldm(1)=20.000000, nat=  192, ntyp= 2,
    ecutwfc = 30.0, nosym=.true., occupations='smearing',
    smearing='m-v', degauss=0.025
/
&electrons
    conv_thr =  1.0d-8,
    mixing_beta = 0.7
/
&ions
    pot_extrapolation='second-order'
    wfc_extrapolation='second-order'
    ion_temperature = 'andersen'
    tempw = 1000

/
ATOMIC_SPECIES
 H  1.01  H.blyp-hgh.UPF
 O  16.0  O.blyp-hgh.UPF
ATOMIC_POSITIONS bohr
 O -5.227542 -1.371890 -1.904403
 O 3.596708 -2.065907 5.499006
 O -5.779993 5.704128 -5.369698
 O -0.026820 3.959616 -1.317020
 O -4.801177 0.891596 4.057112
 O -0.256077 5.707007 5.301889
 O -0.225243 -5.430788 -3.274367
 O 2.564841 0.013201 3.669836
 O -2.791606 -5.381800 5.791074
 O 2.264267 -2.658333 2.261947
 O 2.637764 -6.249162 2.904511
 O -4.008570 -3.211656 4.461033
 O -4.441224 -5.741799 0.674813
 O -3.627698 -5.688356 -3.992856
 O 2.682829 -2.946061 -2.476538
 O -2.234981 2.475825 0.355612
 O -1.320987 -2.111032 2.232216
 O 0.272985 -4.319629 3.847999
 O 5.230971 -4.522890 -5.024390
 O 5.219331 5.047462 2.248633
 O 5.730222 -3.175468 3.296033
 O -3.241221 -2.630885 -3.942775
 O -0.991805 2.766051 -4.942615
 O 4.073683 2.370817 3.002503
 O 2.370732 1.539869 -3.381187
 O -4.571870 2.439303 -6.419524
 O 4.567834 -5.965841 -1.156915
 O 2.056384 -1.051852 -4.914022
 O -2.067336 -0.007305 -4.951733
 O 1.100049 -0.292890 0.992204
 O 4.737672 -1.728854 -3.425261
 O 5.283191 0.072633 -0.180385
 O -0.050435 4.688022 2.493046
 O -4.651325 0.752062 -4.104531
 O 0.894494 -3.890116 -0.412406
 O 4.418927 4.212572 -4.827231
 O 3.063305 5.460463 5.711716
 O -5.404627 4.484651 -1.949882
 O -0.331533 0.941217 -1.969465
 O -3.108427 -3.858719 -0.826022
 O -2.830586 5.477489 3.239038
 O -1.879451 2.911120 4.558683
 O -2.426772 -0.745892 -0.745179
 O -1.437787 -1.792900 4.793308
 O 0.665984 1.913775 5.224643
 O -4.484869 3.176981 1.275866
 O 3.159895 4.234186 -0.851055
 O 2.724417 -5.790880 -3.820251
 O -2.480692 4.280622 -2.446654
 O 4.910501 0.648175 5.628275
 O -2.712186 0.329345 2.030834
 O -0.671130 -2.166213 -2.778384
 O 0.028981 -3.491729 -5.509394
 O 5.837370 -5.865200 4.317172
 O 4.764095 -3.285582 0.102576
 O 4.602192 -0.773715 2.340439
 O 1.407617 4.275688 -4.281754
 O -1.097244 -5.871834 0.235229
 O -5.376510 -1.778990 -5.835746
 O -4.772202 1.171306 -0.735578
 O 5.095674 1.564183 -2.256382
 O 2.788946 -0.345977 -1.401983
 O -5.160241 -1.504768 1.291232
 O 1.647097 2.313352 1.284040
 H -5.393052 -1.830149 -1.058933
 H -4.911547 -0.498731 -1.533447
 H 4.578393 -2.050779 5.508703
 H 3.343869 -2.405967 4.615174
 H -6.505416 5.161403 -4.961123
 H -5.015028 5.130851 -5.166448
 H -0.397170 3.219139 -1.827809
 H 0.748883 4.331282 -1.764881
 H -5.568453 1.375178 4.429857
 H -4.086455 1.393646 4.497867
 H 0.067262 6.533859 4.859209
 H 0.138416 5.744551 6.196819
 H -0.591570 -5.430188 -2.366578
 H -0.998179 -5.206875 -3.825285
 H 3.229684 0.707623 3.533673
 H 1.801726 0.546208 3.991401
 H -3.013781 -5.668651 6.705636
 H -1.916206 -5.805885 5.615623
 H 1.773527 -1.804509 2.255325
 H 3.108398 -2.468498 1.815253
 H 3.451338 -6.548449 2.438968
 H 1.953448 -6.879412 2.619871
 H -3.737533 -3.708877 5.262134
 H -4.875493 -2.830421 4.720012
 H -4.890979 -6.475847 0.220841
 H -3.878333 -5.393051 -0.044975
 H -3.485183 -4.730531 -3.789201
 H -3.815747 -6.134734 -3.143996
 H 2.689595 -2.137687 -1.908305
 H 2.311079 -3.729690 -2.054139
 H -1.314594 2.663213 0.604171
 H -2.574305 1.745966 0.936114
 H -0.409559 -1.838451 2.034810
 H -1.248026 -2.152378 3.219563
 H 0.600915 -4.681277 2.998372
 H -0.688496 -4.224956 3.690406
 H 6.003925 -4.780607 -4.482344
 H 4.833849 -3.717598 -4.638466
 H 5.409491 5.843564 2.820892
 H 5.684159 5.004815 1.403497
 H 5.423002 -2.291378 3.563833
 H 4.968953 -3.600245 2.866581
 H -2.332624 -2.276704 -3.748501
 H -3.338149 -2.653011 -4.910101
 H -0.641318 3.024544 -4.067297
 H -1.315094 1.866991 -4.741737
 H 4.561030 3.200041 2.750100
 H 3.425257 2.234520 2.274375
 H 2.118811 0.614583 -3.588170
 H 1.679001 2.196679 -3.615022
 H -4.983410 1.774257 -5.848473
 H -3.785025 2.724465 -5.919631
 H 4.126598 -5.235831 -0.660994
 H 5.411353 -6.035629 -0.673769
 H 2.733549 -1.467900 -5.497581
 H 1.517910 -0.506874 -5.513101
 H -1.904504 -0.074448 -5.913219
 H -2.928181 -0.447679 -4.796554
 H 1.239495 0.393392 1.677253
 H 1.865965 -0.213650 0.373654
 H 4.264211 -2.501182 -3.056146
 H 5.664048 -1.792870 -3.123024
 H 5.598986 0.818179 -0.736356
 H 5.340193 -0.620233 -0.838690
 H 0.541919 4.839060 3.238392
 H -0.943243 5.017293 2.741584
 H -4.813639 0.343745 -3.232504
 H -5.567356 0.691024 -4.441867
 H 0.435879 -4.447680 0.251432
 H 1.160676 -3.109319 0.128908
 H 4.097372 4.551135 -5.704644
 H 4.822310 3.337715 -4.970894
 H 2.756502 5.865409 4.863581
 H 3.109267 6.206076 6.349843
 H -5.912831 4.090265 -1.223443
 H -4.915401 3.797494 -2.425075
 H -0.314834 0.111879 -2.489095
 H -0.079680 0.680908 -1.053896
 H -4.057138 -3.756143 -0.606514
 H -3.070692 -3.500743 -1.737533
 H -3.475294 5.702589 2.533562
 H -2.976149 6.112278 3.962797
 H -1.650458 2.556807 3.681451
 H -1.976760 3.878529 4.479654
 H -2.607692 -1.705216 -0.751574
 H -3.096390 -0.447114 -0.102848
 H -2.411020 -1.839094 4.778907
 H -1.060191 -2.316933 5.539203
 H 0.974774 1.700088 6.119615
 H -0.304262 2.097318 5.256767
 H -4.457768 2.761212 2.159565
 H -3.598858 3.522388 1.063395
 H 3.776746 5.001481 -0.956885
 H 3.227765 3.817269 -1.732972
 H 3.672999 -5.544158 -3.782912
 H 2.361658 -5.724219 -2.922747
 H -2.205487 4.186817 -3.390144
 H -1.622044 4.613630 -2.097067
 H 5.354586 -0.104326 6.020631
 H 4.172189 0.254371 5.125770
 H -2.602013 -0.640453 2.126388
 H -3.376940 0.660392 2.668068
 H 0.214326 -1.752446 -2.808311
 H -0.527066 -2.728378 -1.973228
 H -0.229391 -3.485819 -4.554438
 H 0.894266 -3.036823 -5.391216
 H 5.830306 -6.559821 5.005289
 H 6.461315 -5.181839 4.627499
 H 5.534023 -3.389123 -0.487005
 H 4.102871 -2.935311 -0.544321
 H 4.652951 0.178887 2.552747
 H 3.633431 -0.861618 2.434539
 H 1.431167 4.160787 -5.249527
 H 2.227826 4.768174 -4.070215
 H -1.109286 -6.824302 0.448926
 H -1.989992 -5.488352 0.271757
 H -4.517872 -1.686544 -6.296266
 H -5.254057 -1.284581 -4.998700
 H -4.345517 2.021005 -0.972526
 H -4.844527 1.244094 0.239872
 H 5.472992 2.450822 -2.405171
 H 4.235269 1.539489 -2.741215
 H 3.617415 -0.045429 -0.913298
 H 2.447120 0.485940 -1.801840
 H -6.084639 -1.335968 1.580788
 H -4.668167 -1.698614 2.101977
 H 1.167822 2.817227 1.972977
 H 1.507499 2.837127 0.475051
K_POINTS
 1
0.0 0.0 0.0 1.0