
&control
    calculation='scf'
    pseudo_dir = './',
    outdir='./outputs',
    disk_io='high'
/
&system
    ibrav= 1, celldm(1)=20.000000, nat=  192, ntyp= 2,
    ecutwfc = 30.0, nosym=.true., occupations='smearing',
    smearing='m-v', degauss=0.025
/
&electrons
    conv_thr =  1.0d-8,
    mixing_beta = 0.7
/
&ions
    pot_extrapolation='second-order'
    wfc_extrapolation='second-order'
    ion_temperature = 'andersen'
    tempw = 1000

/
ATOMIC_SPECIES
 H  1.01  H.blyp-hgh.UPF
 O  16.0  O.blyp-hgh.UPF
ATOMIC_POSITIONS bohr
 O -5.224643 -1.370427 -1.908069
 O 3.593769 -2.070123 5.503676
 O -5.780801 5.706533 -5.369889
 O -0.022875 3.961766 -1.313989
 O -4.800432 0.893998 4.056467
 O -0.256841 5.715656 5.302816
 O -0.227600 -5.430598 -3.269771
 O 2.563251 0.015454 3.674866
 O -2.788224 -5.384574 5.794398
 O 2.271838 -2.654352 2.267389
 O 2.638990 -6.253493 2.905352
 O -4.010615 -3.221902 4.463427
 O -4.442879 -5.741568 0.673013
 O -3.626548 -5.683376 -3.996429
 O 2.687175 -2.951368 -2.475950
 O -2.238692 2.477777 0.344317
 O -1.324159 -2.115947 2.239449
 O 0.273800 -4.327614 3.852069
 O 5.224638 -4.524035 -5.024847
 O 5.215635 5.049998 2.248768
 O 5.725304 -3.179765 3.299675
 O -3.240020 -2.626362 -3.944351
 O -0.996530 2.766313 -4.942196
 O 4.077389 2.369831 3.002213
 O 2.372844 1.540065 -3.388249
 O -4.564228 2.439118 -6.421724
 O 4.569848 -5.963401 -1.153428
 O 2.054806 -1.044926 -4.922157
 O -2.064439 -0.010094 -4.957161
 O 1.103788 -0.294781 0.997251
 O 4.741015 -1.729124 -3.422328
 O 5.279010 0.066451 -0.176806
 O -0.046492 4.688218 2.509225
 O -4.646752 0.750311 -4.107869
 O 0.899990 -3.890024 -0.411684
 O 4.418928 4.222198 -4.836003
 O 3.054309 5.461606 5.708063
 O -5.404987 4.494534 -1.948741
 O -0.326779 0.943480 -1.975830
 O -3.109317 -3.863775 -0.826867
 O -2.834441 5.477852 3.238841
 O -1.888400 2.913227 4.565354
 O -2.423769 -0.757841 -0.745509
 O -1.435338 -1.782584 4.795970
 O 0.668597 1.911090 5.228848
 O -4.483269 3.176494 1.274051
 O 3.164115 4.238736 -0.856506
 O 2.726677 -5.784692 -3.823793
 O -2.484218 4.276461 -2.452385
 O 4.901347 0.648464 5.633675
 O -2.705840 0.330638 2.034332
 O -0.669690 -2.162576 -2.784747
 O 0.027588 -3.490737 -5.511346
 O 5.838486 -5.864530 4.321281
 O 4.757949 -3.286911 0.106137
 O 4.604660 -0.775066 2.337065
 O 1.411891 4.273696 -4.281251
 O -1.105871 -5.870221 0.229615
 O -5.372754 -1.785092 -5.838359
 O -4.775053 1.171059 -0.735322
 O 5.094878 1.573309 -2.262801
 O 2.785976 -0.346554 -1.402364
 O -5.155975 -1.509192 1.287319
 O 1.647342 2.310461 1.280783
 H -5.399931 -1.826205 -1.064757
 H -4.923696 -0.494563 -1.534013
 H 4.574340 -2.019516 5.492959
 H 3.334995 -2.400066 4.615957
 H -6.501935 5.167911 -4.949508
 H -5.009274 5.147559 -5.148870
 H -0.393656 3.207376 -1.813604
 H 0.756847 4.329059 -1.761441
 H -5.564491 1.375486 4.441271
 H -4.089741 1.398175 4.505527
 H 0.061051 6.544866 4.856683
 H 0.130767 5.755545 6.201906
 H -0.596046 -5.435899 -2.361931
 H -1.002584 -5.208368 -3.819679
 H 3.228598 0.709604 3.535950
 H 1.804948 0.551990 4.004256
 H -3.015244 -5.689285 6.703437
 H -1.912191 -5.805505 5.613353
 H 1.767550 -1.808403 2.279459
 H 3.103797 -2.455652 1.799740
 H 3.459340 -6.548204 2.447056
 H 1.962440 -6.889027 2.605718
 H -3.747567 -3.699621 5.278393
 H -4.865298 -2.808035 4.722595
 H -4.896507 -6.474561 0.218845
 H -3.877705 -5.393617 -0.048190
 H -3.455388 -4.729738 -3.792531
 H -3.807610 -6.126557 -3.143675
 H 2.680518 -2.135322 -1.920054
 H 2.331631 -3.742742 -2.057685
 H -1.315909 2.675110 0.576440
 H -2.572332 1.735543 0.914508
 H -0.393832 -1.882664 2.034928
 H -1.248248 -2.161858 3.223355
 H 0.595789 -4.671070 2.991836
 H -0.687652 -4.224309 3.692986
 H 5.995472 -4.794533 -4.483555
 H 4.827736 -3.727380 -4.618869
 H 5.403454 5.845332 2.810391
 H 5.660006 4.996208 1.394025
 H 5.424341 -2.294446 3.570647
 H 4.957843 -3.600641 2.875930
 H -2.337838 -2.263171 -3.733788
 H -3.330512 -2.651297 -4.913289
 H -0.640393 3.034796 -4.071291
 H -1.320051 1.869730 -4.731053
 H 4.541326 3.212002 2.743830
 H 3.426618 2.218779 2.278638
 H 2.105580 0.618187 -3.598112
 H 1.692268 2.211806 -3.618988
 H -4.980655 1.770569 -5.853260
 H -3.771163 2.714666 -5.923642
 H 4.133792 -5.235067 -0.645781
 H 5.415391 -6.045500 -0.672560
 H 2.737807 -1.467442 -5.495731
 H 1.520453 -0.498033 -5.525047
 H -1.917957 -0.075512 -5.921986
 H -2.922160 -0.450415 -4.780537
 H 1.264951 0.393549 1.674499
 H 1.853538 -0.215547 0.366274
 H 4.264752 -2.505804 -3.059395
 H 5.670896 -1.798563 -3.126007
 H 5.596852 0.816471 -0.723766
 H 5.354551 -0.630223 -0.830970
 H 0.546001 4.862686 3.253935
 H -0.942410 5.003152 2.756326
 H -4.805448 0.343459 -3.233875
 H -5.569838 0.683536 -4.430131
 H 0.433028 -4.444039 0.247611
 H 1.142451 -3.103405 0.130169
 H 4.086657 4.546751 -5.714888
 H 4.817491 3.344380 -4.977428
 H 2.745544 5.883785 4.868841
 H 3.125376 6.209304 6.342695
 H -5.921241 4.103905 -1.225180
 H -4.935864 3.794638 -2.425213
 H -0.341828 0.106424 -2.488199
 H -0.073367 0.680588 -1.059189
 H -4.055101 -3.785122 -0.571092
 H -3.105032 -3.502888 -1.736669
 H -3.459805 5.698743 2.515280
 H -2.989036 6.122888 3.955142
 H -1.664015 2.561740 3.686192
 H -1.978997 3.881188 4.498711
 H -2.622467 -1.713620 -0.743731
 H -3.090631 -0.444660 -0.105976
 H -2.409905 -1.835611 4.782268
 H -1.057319 -2.317973 5.535659
 H 0.966437 1.718821 6.134958
 H -0.302741 2.102542 5.245166
 H -4.434420 2.745405 2.150827
 H -3.605092 3.536688 1.057108
 H 3.779487 5.007355 -0.975628
 H 3.237112 3.800973 -1.728676
 H 3.678867 -5.546483 -3.786287
 H 2.360284 -5.729500 -2.925643
 H -2.187106 4.195095 -3.390093
 H -1.637784 4.627579 -2.096525
 H 5.341815 -0.101637 6.037258
 H 4.165632 0.254153 5.129874
 H -2.607088 -0.632021 2.136409
 H -3.391160 0.648917 2.658653
 H 0.211379 -1.742948 -2.819909
 H -0.502767 -2.739129 -1.995741
 H -0.232973 -3.502720 -4.555359
 H 0.900225 -3.052246 -5.378674
 H 5.851060 -6.558013 5.011366
 H 6.459609 -5.171598 4.615488
 H 5.525873 -3.399899 -0.485065
 H 4.088331 -2.965797 -0.548965
 H 4.666247 0.174414 2.555113
 H 3.637989 -0.858782 2.443339
 H 1.439995 4.145208 -5.246103
 H 2.231995 4.747801 -4.062157
 H -1.102566 -6.825232 0.436812
 H -2.004512 -5.499352 0.279893
 H -4.515876 -1.668583 -6.300717
 H -5.267538 -1.303878 -4.990918
 H -4.316991 2.006996 -0.968783
 H -4.855297 1.240552 0.239410
 H 5.457675 2.465892 -2.417863
 H 4.229379 1.534445 -2.738076
 H 3.608753 -0.057592 -0.905080
 H 2.454430 0.490481 -1.799027
 H -6.083264 -1.336050 1.569124
 H -4.668535 -1.715139 2.099485
 H 1.191462 2.829332 1.979299
 H 1.503509 2.828414 0.468105
K_POINTS
 1
0.0 0.0 0.0 1.0