
&control
    calculation='scf'
    pseudo_dir = './',
    outdir='./outputs',
    disk_io='high'
/
&system
    ibrav= 1, celldm(1)=20.000000, nat=  192, ntyp= 2,
    ecutwfc = 30.0, nosym=.true., occupations='smearing',
    smearing='m-v', degauss=0.025
/
&electrons
    conv_thr =  1.0d-8,
    mixing_beta = 0.7
/
&ions
    pot_extrapolation='second-order'
    wfc_extrapolation='second-order'
    ion_temperature = 'andersen'
    tempw = 1000

/
ATOMIC_SPECIES
 H  1.01  H.blyp-hgh.UPF
 O  16.0  O.blyp-hgh.UPF
ATOMIC_POSITIONS bohr
 O -5.219803 -1.367882 -1.914052
 O 3.589233 -2.077265 5.511337
 O -5.781955 5.709986 -5.370056
 O -0.016545 3.965452 -1.308541
 O -4.799057 0.897943 4.054996
 O -0.258228 5.730238 5.304470
 O -0.231744 -5.430177 -3.261848
 O 2.560056 0.019545 3.683503
 O -2.782556 -5.389235 5.799909
 O 2.284448 -2.647907 2.276556
 O 2.640843 -6.260695 2.906798
 O -4.014185 -3.238352 4.467847
 O -4.445797 -5.741307 0.669891
 O -3.624353 -5.674546 -4.002159
 O 2.694930 -2.960105 -2.475321
 O -2.244870 2.481318 0.325443
 O -1.329055 -2.124317 2.251265
 O 0.274894 -4.341339 3.858718
 O 5.213762 -4.525955 -5.025369
 O 5.208555 5.053683 2.248936
 O 5.717319 -3.187049 3.306083
 O -3.237791 -2.618937 -3.946734
 O -1.004422 2.766828 -4.941050
 O 4.083615 2.368146 3.001404
 O 2.376735 1.540397 -3.399786
 O -4.551419 2.439312 -6.424986
 O 4.573367 -5.958929 -1.147373
 O 2.051738 -1.033256 -4.935423
 O -2.059378 -0.014783 -4.966371
 O 1.109867 -0.298433 1.005829
 O 4.747108 -1.729552 -3.417752
 O 5.271514 0.056302 -0.170484
 O -0.039690 4.688240 2.535623
 O -4.639767 0.747035 -4.113386
 O 0.909223 -3.889463 -0.410266
 O 4.419222 4.238121 -4.850350
 O 3.039101 5.463945 5.702149
 O -5.405904 4.511510 -1.946788
 O -0.318397 0.947247 -1.986437
 O -3.111199 -3.872156 -0.828376
 O -2.840657 5.478322 3.238252
 O -1.903333 2.916152 4.576685
 O -2.418953 -0.778043 -0.746043
 O -1.431010 -1.765015 4.800804
 O 0.673201 1.906249 5.235489
 O -4.481587 3.175827 1.271244
 O 3.171111 4.246059 -0.865955
 O 2.730641 -5.774412 -3.829825
 O -2.489888 4.269689 -2.462672
 O 4.886192 0.649548 5.642606
 O -2.695500 0.333681 2.040267
 O -0.666915 -2.156861 -2.794873
 O 0.025347 -3.488781 -5.514118
 O 5.840252 -5.863497 4.327947
 O 4.747332 -3.289127 0.111510
 O 4.608836 -0.777205 2.331710
 O 1.418440 4.269701 -4.280256
 O -1.119930 -5.867408 0.220072
 O -5.366480 -1.795125 -5.842749
 O -4.779717 1.170984 -0.735083
 O 5.093625 1.588874 -2.274009
 O 2.781052 -0.347449 -1.402364
 O -5.148847 -1.516495 1.280457
 O 1.647743 2.305882 1.275843
 H -5.410764 -1.820012 -1.072933
 H -4.943504 -0.488222 -1.534958
 H 4.565363 -1.969734 5.467351
 H 3.319621 -2.389733 4.618644
 H -6.498377 5.179940 -4.931577
 H -4.999303 5.177535 -5.121252
 H -0.385167 3.186641 -1.789791
 H 0.770642 4.323836 -1.757162
 H -5.559130 1.373826 4.458078
 H -4.095157 1.405936 4.519388
 H 0.051386 6.564317 4.852955
 H 0.118204 5.773733 6.209457
 H -0.602872 -5.445767 -2.354046
 H -1.009747 -5.212331 -3.810540
 H 3.227774 0.716260 3.540151
 H 1.809165 0.561164 4.027236
 H -3.018829 -5.724000 6.699280
 H -1.904111 -5.804714 5.610550
 H 1.759212 -1.814804 2.318156
 H 3.095381 -2.434575 1.772991
 H 3.472904 -6.549047 2.461143
 H 1.978497 -6.903948 2.580096
 H -3.762747 -3.687666 5.303982
 H -4.847978 -2.773719 4.723728
 H -4.904759 -6.474097 0.216052
 H -3.875911 -5.395030 -0.053350
 H -3.406894 -4.729912 -3.798292
 H -3.793021 -6.113693 -3.143732
 H 2.662753 -2.131399 -1.939192
 H 2.362429 -3.763876 -2.059659
 H -1.317751 2.692938 0.530609
 H -2.564110 1.717834 0.877493
 H -0.370453 -1.955160 2.032010
 H -1.250042 -2.177238 3.231300
 H 0.588658 -4.652878 2.982014
 H -0.685384 -4.222138 3.697188
 H 5.980740 -4.817623 -4.487329
 H 4.819442 -3.742875 -4.586586
 H 5.399248 5.848902 2.793903
 H 5.621860 4.984010 1.379336
 H 5.425178 -2.298585 3.578906
 H 4.939388 -3.601062 2.891957
 H -2.347448 -2.241394 -3.710363
 H -3.316678 -2.649396 -4.917899
 H -0.637451 3.052895 -4.079580
 H -1.330769 1.871940 -4.713955
 H 4.507591 3.229981 2.734776
 H 3.428903 2.195272 2.284977
 H 2.082845 0.625782 -3.618092
 H 1.714977 2.235688 -3.626064
 H -4.974709 1.765319 -5.860941
 H -3.747818 2.697870 -5.930716
 H 4.146499 -5.234844 -0.620873
 H 5.422296 -6.061586 -0.671794
 H 2.745013 -1.465790 -5.493641
 H 1.525329 -0.484517 -5.546145
 H -1.940349 -0.078349 -5.936355
 H -2.911432 -0.452085 -4.753405
 H 1.307325 0.394488 1.667322
 H 1.832382 -0.218572 0.352962
 H 4.263694 -2.513119 -3.064662
 H 5.682159 -1.807598 -3.129667
 H 5.592561 0.814738 -0.702897
 H 5.380021 -0.651052 -0.820533
 H 0.549588 4.901714 3.284107
 H -0.941482 4.980781 2.782776
 H -4.789139 0.343610 -3.234463
 H -5.574530 0.672500 -4.410792
 H 0.426843 -4.440050 0.239571
 H 1.112313 -3.094867 0.131574
 H 4.068293 4.537556 -5.732370
 H 4.807882 3.355433 -4.989951
 H 2.729813 5.912713 4.876609
 H 3.151513 6.214202 6.329769
 H -5.934559 4.123823 -1.228453
 H -4.968183 3.788648 -2.424148
 H -0.389351 0.099351 -2.484218
 H -0.065073 0.679576 -1.070163
 H -4.049650 -3.830774 -0.511457
 H -3.162307 -3.506886 -1.736038
 H -3.433821 5.693002 2.486171
 H -3.012195 6.141391 3.943157
 H -1.687143 2.572182 3.693084
 H -1.982284 3.885633 4.528577
 H -2.645635 -1.727683 -0.730358
 H -3.080218 -0.438708 -0.110715
 H -2.408590 -1.833114 4.788746
 H -1.053608 -2.320632 5.529913
 H 0.950460 1.751631 6.160282
 H -0.298589 2.113013 5.227554
 H -4.395309 2.721106 2.135983
 H -3.612578 3.557820 1.046712
 H 3.782413 5.018103 -1.005965
 H 3.252107 3.772985 -1.720291
 H 3.688071 -5.550217 -3.791365
 H 2.358183 -5.738132 -2.931032
 H -2.159798 4.208067 -3.389510
 H -1.664256 4.650743 -2.091615
 H 5.322156 -0.100793 6.066394
 H 4.153512 0.253067 5.137482
 H -2.612332 -0.620831 2.152925
 H -3.416083 0.626945 2.642917
 H 0.207072 -1.726916 -2.842662
 H -0.464098 -2.756850 -2.034415
 H -0.239573 -3.531081 -4.559311
 H 0.909810 -3.078021 -5.360353
 H 5.886943 -6.553370 5.022699
 H 6.455502 -5.155009 4.595034
 H 5.513211 -3.418000 -0.479931
 H 4.064751 -3.017207 -0.554701
 H 4.693030 0.168608 2.557275
 H 3.644789 -0.856111 2.458542
 H 1.455796 4.119383 -5.240749
 H 2.241073 4.716688 -4.049814
 H -1.092382 -6.825321 0.416502
 H -2.027816 -5.519274 0.294234
 H -4.514295 -1.636785 -6.307791
 H -5.289378 -1.337067 -4.978488
 H -4.268051 1.981229 -0.961713
 H -4.873437 1.234551 0.237853
 H 5.430830 2.490640 -2.439641
 H 4.219723 1.526928 -2.733004
 H 3.594458 -0.078600 -0.891878
 H 2.466066 0.497779 -1.795175
 H -6.080196 -1.336409 1.549488
 H -4.669829 -1.744142 2.095735
 H 1.230699 2.849765 1.988126
 H 1.497421 2.815001 0.455611
K_POINTS
 1
0.0 0.0 0.0 1.0