
&control
    calculation='scf'
    pseudo_dir = './',
    outdir='./outputs',
    disk_io='high'
/
&system
    ibrav= 1, celldm(1)=20.000000, nat=  192, ntyp= 2,
    ecutwfc = 30.0, nosym=.true., occupations='smearing',
    smearing='m-v', degauss=0.025
/
&electrons
    conv_thr =  1.0d-8,
    mixing_beta = 0.7
/
&ions
    pot_extrapolation='second-order'
    wfc_extrapolation='second-order'
    ion_temperature = 'andersen'
    tempw = 1000

/
ATOMIC_SPECIES
 H  1.01  H.blyp-hgh.UPF
 O  16.0  O.blyp-hgh.UPF
ATOMIC_POSITIONS bohr
 O -5.217875 -1.366830 -1.916404
 O 3.587548 -2.080166 5.514343
 O -5.782338 5.711180 -5.370059
 O -0.014109 3.966922 -1.306257
 O -4.798452 0.899519 4.054295
 O -0.258821 5.736135 5.305171
 O -0.233486 -5.429971 -3.258582
 O 2.558608 0.021329 3.687044
 O -2.780279 -5.391123 5.802118
 O 2.289496 -2.645398 2.280255
 O 2.641506 -6.263594 2.907363
 O -4.015688 -3.244695 4.469780
 O -4.447011 -5.741246 0.668578
 O -3.623373 -5.670835 -4.004357
 O 2.698218 -2.963566 -2.475209
 O -2.247344 2.482832 0.317859
 O -1.330762 -2.127724 2.255851
 O 0.275229 -4.346964 3.861308
 O 5.209302 -4.526715 -5.025472
 O 5.205390 5.054914 2.248954
 O 5.714191 -3.190006 3.308758
 O -3.236830 -2.616010 -3.947597
 O -1.007584 2.767051 -4.940432
 O 4.086112 2.367468 3.000956
 O 2.378407 1.540529 -3.404321
 O -4.546273 2.439544 -6.426125
 O 4.574841 -5.956986 -1.144851
 O 2.050363 -1.028541 -4.940627
 O -2.057274 -0.016670 -4.970106
 O 1.112224 -0.300064 1.009335
 O 4.749731 -1.729739 -3.416018
 O 5.268340 0.052256 -0.167870
 O -0.036838 4.688153 2.546033
 O -4.637231 0.745591 -4.115564
 O 0.912931 -3.889106 -0.409628
 O 4.419428 4.244435 -4.856005
 O 3.032945 5.465061 5.699846
 O -5.406376 4.518449 -1.945984
 O -0.314888 0.948718 -1.990682
 O -3.112138 -3.875497 -0.828988
 O -2.843075 5.478490 3.237955
 O -1.909313 2.917111 4.581303
 O -2.417104 -0.786215 -0.746240
 O -1.429220 -1.757881 4.802898
 O 0.675119 1.904186 5.238051
 O -4.481238 3.175608 1.270215
 O 3.173907 4.248901 -0.869874
 O 2.732294 -5.770307 -3.832271
 O -2.492073 4.267052 -2.467034
 O 4.880201 0.650153 5.646177
 O -2.691493 0.335259 2.042700
 O -0.665673 -2.154695 -2.798764
 O 0.024492 -3.487904 -5.515045
 O 5.840925 -5.863124 4.330550
 O 4.742948 -3.290023 0.113457
 O 4.610535 -0.778023 2.329667
 O 1.420798 4.267833 -4.279804
 O -1.125457 -5.866242 0.216194
 O -5.363959 -1.799088 -5.844530
 O -4.781536 1.171075 -0.735068
 O 5.093148 1.595221 -2.278654
 O 2.779056 -0.347793 -1.402163
 O -5.145983 -1.519391 1.277608
 O 1.647892 2.304161 1.274052
 H -5.414847 -1.817777 -1.075644
 H -4.951186 -0.485772 -1.535323
 H 4.560944 -1.950675 5.457358
 H 3.313291 -2.385399 4.620282
 H -6.497733 5.185120 -4.924995
 H -4.995253 5.190275 -5.110814
 H -0.380666 3.178408 -1.780058
 H 0.776185 4.321096 -1.755878
 H -5.557462 1.372334 4.463893
 H -4.097329 1.408992 4.525154
 H 0.047769 6.572342 4.851740
 H 0.113269 5.780996 6.212042
 H -0.605348 -5.449819 -2.350875
 H -1.012518 -5.214449 -3.806951
 H 3.227651 0.719900 3.542000
 H 1.810470 0.564611 4.036940
 H -3.020591 -5.737880 6.697279
 H -1.900461 -5.804352 5.609793
 H 1.756588 -1.817351 2.333038
 H 3.091547 -2.426235 1.762088
 H 3.478343 -6.549768 2.467060
 H 1.985396 -6.909374 2.569266
 H -3.768307 -3.684082 5.313617
 H -4.840793 -2.761190 4.723023
 H -4.907653 -6.474393 0.215172
 H -3.875054 -5.395948 -0.055242
 H -3.387973 -4.730490 -3.800708
 H -3.786824 -6.108817 -3.144010
 H 2.654763 -2.129907 -1.946577
 H 2.373515 -3.771989 -2.059068
 H -1.318438 2.699242 0.512466
 H -2.558984 1.710780 0.862410
 H -0.363040 -1.983847 2.030047
 H -1.251209 -2.183147 3.235209
 H 0.586354 -4.645236 2.978555
 H -0.684160 -4.220888 3.698905
 H 5.974613 -4.826825 -4.489516
 H 4.816802 -3.748871 -4.573936
 H 5.399736 5.850917 2.787899
 H 5.607331 4.979936 1.373868
 H 5.425050 -2.299955 3.581116
 H 4.932072 -3.601111 2.898555
 H -2.351594 -2.233014 -3.701507
 H -3.310673 -2.648919 -4.919389
 H -0.635808 3.060420 -4.083490
 H -1.335821 1.872140 -4.707385
 H 4.493849 3.236424 2.731712
 H 3.429869 2.186826 2.287264
 H 2.073581 0.629513 -3.627198
 H 1.724296 2.244683 -3.629038
 H -4.971729 1.763712 -5.863998
 H -3.738508 2.690952 -5.933725
 H 4.151890 -5.235235 -0.611129
 H 5.424990 -6.067859 -0.671996
 H 2.747776 -1.464711 -5.493129
 H 1.527592 -0.479635 -5.554973
 H -1.949327 -0.079876 -5.941917
 H -2.906861 -0.451735 -4.742527
 H 1.324132 0.395135 1.663687
 H 1.824033 -0.219799 0.347012
 H 4.262738 -2.515675 -3.066774
 H 5.686410 -1.811063 -3.130691
 H 5.590575 0.814398 -0.694707
 H 5.390660 -0.660370 -0.816909
 H 0.549625 4.917106 3.297253
 H -0.941370 4.972303 2.793991
 H -4.781581 0.343924 -3.234152
 H -5.576408 0.668647 -4.403176
 H 0.423838 -4.439258 0.235773
 H 1.100448 -3.091762 0.131908
 H 4.060820 4.533332 -5.739423
 H 4.803529 3.359815 -4.995454
 H 2.724397 5.923524 4.879290
 H 3.161725 6.215893 6.324315
 H -5.939651 4.130889 -1.229928
 H -4.980518 3.785964 -2.423274
 H -0.409216 0.097445 -2.481660
 H -0.062556 0.679042 -1.075341
 H -4.046361 -3.847975 -0.487654
 H -3.185302 -3.508612 -1.736014
 H -3.423421 5.690972 2.475077
 H -3.021977 6.148827 3.938352
 H -1.696579 2.577151 3.695455
 H -1.983436 3.887444 4.539820
 H -2.654359 -1.733352 -0.724925
 H -3.075676 -0.435726 -0.112535
 H -2.408023 -1.833246 4.791598
 H -1.052522 -2.321880 5.527589
 H 0.943238 1.765337 6.170034
 H -0.296232 2.117763 5.221135
 H -4.379665 2.712189 2.129845
 H -3.614688 3.565255 1.042578
 H 3.782927 5.022624 -1.017775
 H 3.257913 3.761572 -1.716426
 H 3.691422 -5.551671 -3.793166
 H 2.357519 -5.741529 -2.933487
 H -2.150114 4.212877 -3.389256
 H -1.674906 4.659935 -2.088164
 H 5.314635 -0.101380 6.078384
 H 4.148197 0.252356 5.140766
 H -2.613156 -0.617885 2.159370
 H -3.426307 0.617347 2.636487
 H 0.205611 -1.720333 -2.853011
 H -0.449354 -2.763938 -2.050158
 H -0.242431 -3.542422 -4.561828
 H 0.913413 -3.088347 -5.353974
 H 5.901749 -6.550864 5.027578
 H 6.453442 -5.148521 4.586738
 H 5.508452 -3.425259 -0.477205
 H 4.055599 -3.037915 -0.556274
 H 4.705271 0.166849 2.557521
 H 3.647196 -0.855727 2.464815
 H 1.462533 4.109180 -5.238789
 H 2.245896 4.705469 -4.045230
 H -1.088655 -6.824813 0.408365
 H -2.036678 -5.527826 0.300231
 H -4.514422 -1.623371 -6.310248
 H -5.297788 -1.350718 -4.973829
 H -4.248140 1.969967 -0.958498
 H -4.880727 1.232183 0.236979
 H 5.419614 2.500328 -2.448549
 H 4.215961 1.524243 -2.731062
 H 3.589079 -0.087180 -0.886664
 H 2.470523 0.500574 -1.793977
 H -6.078606 -1.336671 1.541623
 H -4.670742 -1.756213 2.094218
 H 1.246412 2.857846 1.990750
 H 1.495168 2.809982 0.450490
K_POINTS
 1
0.0 0.0 0.0 1.0