
&control
    calculation='scf'
    pseudo_dir = './',
    outdir='./outputs',
    disk_io='high'
/
&system
    ibrav= 1, celldm(1)=20.000000, nat=  192, ntyp= 2,
    ecutwfc = 30.0, nosym=.true., occupations='smearing',
    smearing='m-v', degauss=0.025
/
&electrons
    conv_thr =  1.0d-8,
    mixing_beta = 0.7
/
&ions
    pot_extrapolation='second-order'
    wfc_extrapolation='second-order'
    ion_temperature = 'andersen'
    tempw = 1000

/
ATOMIC_SPECIES
 H  1.01  H.blyp-hgh.UPF
 O  16.0  O.blyp-hgh.UPF
ATOMIC_POSITIONS bohr
 O -5.216914 -1.366299 -1.917571
 O 3.586736 -2.081627 5.515831
 O -5.782512 5.711738 -5.370046
 O -0.012913 3.967650 -1.305099
 O -4.798136 0.900310 4.053925
 O -0.259125 5.739098 5.305530
 O -0.234376 -5.429861 -3.256928
 O 2.557853 0.022260 3.688833
 O -2.779139 -5.392074 5.803226
 O 2.292024 -2.644158 2.282111
 O 2.641820 -6.265051 2.907638
 O -4.016456 -3.247814 4.470784
 O -4.447626 -5.741225 0.667905
 O -3.622861 -5.668942 -4.005434
 O 2.699901 -2.965292 -2.475182
 O -2.248580 2.483610 0.314057
 O -1.331545 -2.129441 2.258106
 O 0.275374 -4.349803 3.862585
 O 5.207049 -4.527091 -5.025498
 O 5.203735 5.055470 2.248948
 O 5.712638 -3.191493 3.310117
 O -3.236337 -2.614556 -3.948007
 O -1.009168 2.767163 -4.940089
 O 4.087360 2.367128 3.000703
 O 2.379266 1.540594 -3.406572
 O -4.543696 2.439691 -6.426655
 O 4.575595 -5.955981 -1.143565
 O 2.049646 -1.026173 -4.943208
 O -2.056204 -0.017615 -4.971983
 O 1.113385 -0.300916 1.011106
 O 4.751083 -1.729841 -3.415170
 O 5.266718 0.050226 -0.166554
 O -0.035377 4.688092 2.551216
 O -4.636025 0.744839 -4.116645
 O 0.914786 -3.888902 -0.409294
 O 4.419547 4.247579 -4.858817
 O 3.029852 5.465662 5.698708
 O -5.406633 4.521942 -1.945577
 O -0.313102 0.949441 -1.992807
 O -3.112657 -3.877164 -0.829293
 O -2.844270 5.478576 3.237799
 O -1.912304 2.917546 4.583632
 O -2.416199 -0.790319 -0.746333
 O -1.428318 -1.754296 4.803983
 O 0.676093 1.903127 5.239319
 O -4.481126 3.175509 1.269723
 O 3.175305 4.250304 -0.871864
 O 2.733133 -5.768255 -3.833500
 O -2.493144 4.265751 -2.469263
 O 4.877227 0.650483 5.647968
 O -2.689525 0.336128 2.043933
 O -0.665024 -2.153637 -2.800677
 O 0.024077 -3.487448 -5.515469
 O 5.841254 -5.862949 4.331838
 O 4.740725 -3.290475 0.114386
 O 4.611391 -0.778424 2.328667
 O 1.421915 4.266838 -4.279566
 O -1.128202 -5.865652 0.214242
 O -5.362696 -1.801058 -5.845428
 O -4.782432 1.171148 -0.735081
 O 5.092913 1.598419 -2.281009
 O 2.778046 -0.347964 -1.402024
 O -5.144547 -1.520834 1.276165
 O 1.647962 2.303329 1.273197
 H -5.416826 -1.816724 -1.076887
 H -4.954962 -0.484545 -1.535501
 H 4.558545 -1.941336 5.452422
 H 3.310087 -2.383187 4.621227
 H -6.497570 5.187780 -4.921847
 H -4.993226 5.196801 -5.105726
 H -0.378153 3.174379 -1.775124
 H 0.778932 4.319567 -1.755311
 H -5.556738 1.371401 4.466585
 H -4.098423 1.410489 4.528055
 H 0.046014 6.576379 4.851209
 H 0.110827 5.784629 6.213228
 H -0.606527 -5.451864 -2.349289
 H -1.013880 -5.215625 -3.805170
 H 3.227597 0.721884 3.542967
 H 1.811049 0.566275 4.041894
 H -3.021528 -5.744796 6.696176
 H -1.898563 -5.804162 5.609497
 H 1.755450 -1.818625 2.340341
 H 3.089491 -2.422083 1.756616
 H 3.481052 -6.550200 2.470092
 H 1.988958 -6.911949 2.563750
 H -3.770986 -3.682537 5.318284
 H -4.837127 -2.755206 4.722419
 H -4.909001 -6.474626 0.214791
 H -3.874616 -5.396513 -0.056138
 H -3.378627 -4.730883 -3.801945
 H -3.783648 -6.106438 -3.144210
 H 2.650588 -2.129196 -1.950198
 H 2.378796 -3.775933 -2.058490
 H -1.318785 2.702198 0.503441
 H -2.556016 1.707279 0.854825
 H -0.359895 -1.998129 2.028947
 H -1.251878 -2.186033 3.237334
 H 0.585327 -4.641346 2.976942
 H -0.683483 -4.220181 3.699782
 H 5.971504 -4.831422 -4.490761
 H 4.815630 -3.751840 -4.567689
 H 5.400458 5.852094 2.785052
 H 5.600216 4.978078 1.371230
 H 5.424894 -2.300591 3.581986
 H 4.928436 -3.601107 2.901898
 H -2.353723 -2.228903 -3.697208
 H -3.307557 -2.648732 -4.920045
 H -0.634891 3.064231 -4.085571
 H -1.338487 1.872135 -4.704164
 H 4.486940 3.239479 2.730309
 H 3.430371 2.182807 2.288358
 H 2.068926 0.631548 -3.631976
 H 1.729010 2.249048 -3.630553
 H -4.970093 1.763036 -5.865533
 H -3.733875 2.687447 -5.935273
 H 4.154657 -5.235544 -0.606310
 H 5.426304 -6.070957 -0.672216
 H 2.749104 -1.464064 -5.492936
 H 1.528801 -0.477320 -5.559467
 H -1.953824 -0.080726 -5.944642
 H -2.904514 -0.451344 -4.737104
 H 1.332483 0.395520 1.661730
 H 1.819915 -0.220429 0.343865
 H 4.262173 -2.516833 -3.067840
 H 5.688450 -1.812765 -3.131110
 H 5.589520 0.814291 -0.690663
 H 5.396054 -0.665133 -0.815143
 H 0.549297 4.924733 3.303978
 H -0.941374 4.968167 2.799723
 H -4.777566 0.344143 -3.233892
 H -5.577313 0.666849 -4.399398
 H 0.422223 -4.439042 0.233745
 H 1.094572 -3.090250 0.132031
 H 4.057066 4.531126 -5.742944
 H 4.801254 3.361991 -4.998298
 H 2.721872 5.928741 4.880525
 H 3.166780 6.216665 6.321540
 H -5.942148 4.134247 -1.230707
 H -4.986570 3.784601 -2.422733
 H -0.419324 0.096723 -2.480163
 H -0.061467 0.678751 -1.078088
 H -4.044413 -3.856321 -0.475814
 H -3.196828 -3.509507 -1.736022
 H -3.418226 5.690018 2.469662
 H -3.026964 6.152502 3.935897
 H -1.701336 2.579806 3.696554
 H -1.983976 3.888355 4.545288
 H -2.658600 -1.736198 -0.722193
 H -3.073307 -0.434119 -0.113447
 H -2.407690 -1.833548 4.793071
 H -1.052066 -2.322519 5.526408
 H 0.939436 1.772316 6.174778
 H -0.294887 2.120249 5.218061
 H -4.371856 2.707918 2.126715
 H -3.615591 3.568736 1.040519
 H 3.783031 5.024911 -1.023610
 H 3.260778 3.755833 -1.714372
 H 3.693011 -5.552389 -3.794012
 H 2.357241 -5.743216 -2.934792
 H -2.145543 4.215188 -3.389152
 H -1.680255 4.664501 -2.086120
 H 5.310899 -0.101793 6.084409
 H 4.145436 0.251941 5.142459
 H -2.613272 -0.616794 2.162539
 H -3.431440 0.612407 2.633220
 H 0.204936 -1.716993 -2.858457
 H -0.442147 -2.767490 -2.058069
 H -0.243908 -3.548079 -4.563290
 H 0.915147 -3.093511 -5.350994
 H 5.909247 -6.549459 5.030077
 H 6.452327 -5.145303 4.582572
 H 5.506137 -3.428887 -0.475698
 H 4.051091 -3.048286 -0.556904
 H 4.711696 0.166074 2.557511
 H 3.648338 -0.855670 2.467994
 H 1.465994 4.104119 -5.237851
 H 2.248607 4.700142 -4.043014
 H -1.086863 -6.824443 0.404301
 H -2.040989 -5.532230 0.303281
 H -4.514671 -1.616511 -6.311357
 H -5.301906 -1.357627 -4.971589
 H -4.238142 1.964112 -0.956792
 H -4.884374 1.231017 0.236495
 H 5.413903 2.505118 -2.453042
 H 4.214111 1.522971 -2.730113
 H 3.586510 -0.091495 -0.884054
 H 2.472711 0.501936 -1.793458
 H -6.077723 -1.336833 1.537700
 H -4.671310 -1.762339 2.093426
 H 1.254279 2.861836 1.991819
 H 1.494080 2.807536 0.447944
K_POINTS
 1
0.0 0.0 0.0 1.0