
&control
    calculation='scf'
    pseudo_dir = './',
    outdir='./outputs',
    disk_io='high'
/
&system
    ibrav= 1, celldm(1)=20.000000, nat=  192, ntyp= 2,
    ecutwfc = 30.0, nosym=.true., occupations='smearing',
    smearing='m-v', degauss=0.025
/
&electrons
    conv_thr =  1.0d-8,
    mixing_beta = 0.7
/
&ions
    pot_extrapolation='second-order'
    wfc_extrapolation='second-order'
    ion_temperature = 'andersen'
    tempw = 1000

/
ATOMIC_SPECIES
 H  1.01  H.blyp-hgh.UPF
 O  16.0  O.blyp-hgh.UPF
ATOMIC_POSITIONS bohr
 O -5.214055 -1.364689 -1.921028
 O 3.584422 -2.086048 5.520236
 O -5.782962 5.713265 -5.369941
 O -0.009411 3.969787 -1.301574
 O -4.797129 0.902700 4.052751
 O -0.260071 5.748052 5.306635
 O -0.237126 -5.429497 -3.251882
 O 2.555479 0.025228 3.694271
 O -2.775710 -5.394960 5.806570
 O 2.299626 -2.640494 2.287701
 O 2.642693 -6.269466 2.908418
 O -4.018829 -3.256954 4.473956
 O -4.449502 -5.741202 0.665812
 O -3.621232 -5.663122 -4.008571
 O 2.705106 -2.970460 -2.475216
 O -2.252289 2.486028 0.302610
 O -1.333568 -2.134655 2.264702
 O 0.275716 -4.358417 3.866332
 O 5.200191 -4.528198 -5.025464
 O 5.198488 5.056898 2.248862
 O 5.708024 -3.195986 3.314281
 O -3.234815 -2.610240 -3.949153
 O -1.013931 2.767481 -4.938923
 O 4.091093 2.366110 2.999822
 O 2.381925 1.540784 -3.413260
 O -4.535944 2.440244 -6.428084
 O 4.577924 -5.952830 -1.139613
 O 2.047385 -1.019030 -4.950863
 O -2.052922 -0.020454 -4.977653
 O 1.116799 -0.303608 1.016493
 O 4.755293 -1.730190 -3.412697
 O 5.261724 0.044084 -0.162607
 O -0.030840 4.687854 2.566707
 O -4.632662 0.742461 -4.119844
 O 0.920345 -3.888197 -0.408231
 O 4.419959 4.256949 -4.867205
 O 3.020512 5.467648 5.695351
 O -5.407487 4.532490 -1.944341
 O -0.307628 0.951549 -1.999202
 O -3.114428 -3.882154 -0.830202
 O -2.847807 5.478858 3.237315
 O -1.921283 2.918676 4.590701
 O -2.413566 -0.802696 -0.746582
 O -1.425598 -1.743485 4.807400
 O 0.679071 1.899845 5.243090
 O -4.481021 3.175259 1.268346
 O 3.179506 4.254438 -0.877964
 O 2.735703 -5.762103 -3.837203
 O -2.496263 4.261935 -2.476134
 O 4.868411 0.651546 5.653377
 O -2.683788 0.339053 2.047709
 O -0.662957 -2.150562 -2.806289
 O 0.022882 -3.486015 -5.516590
 O 5.842213 -5.862473 4.335649
 O 4.733930 -3.291854 0.116996
 O 4.613987 -0.779585 2.325765
 O 1.425018 4.263607 -4.278805
 O -1.136367 -5.863848 0.208338
 O -5.358890 -1.806923 -5.848152
 O -4.785057 1.171476 -0.735211
 O 5.092220 1.608106 -2.288194
 O 2.774953 -0.348472 -1.401465
 O -5.140216 -1.525144 1.271770
 O 1.648155 2.300963 1.270795
 H -5.422489 -1.813846 -1.080207
 H -4.965989 -0.480804 -1.536016
 H 4.550554 -1.914099 5.437871
 H 3.300319 -2.376377 4.624565
 H -6.497689 5.196014 -4.913015
 H -4.987167 5.216987 -5.090983
 H -0.369509 3.162821 -1.760006
 H 0.786996 4.314301 -1.753850
 H -5.555041 1.367841 4.473753
 H -4.101768 1.414796 4.536744
 H 0.040961 6.588514 4.849974
 H 0.103634 5.795548 6.216350
 H -0.609829 -5.458064 -2.344534
 H -1.017876 -5.219623 -3.799889
 H 3.227339 0.728335 3.546066
 H 1.812514 0.570991 4.057135
 H -3.024520 -5.765384 6.692378
 H -1.892637 -5.803550 5.608951
 H 1.752789 -1.822456 2.361666
 H 3.082653 -2.409704 1.740197
 H 3.489108 -6.551745 2.479525
 H 2.000099 -6.919064 2.546866
 H -3.778662 -3.678857 5.331606
 H -4.825814 -2.738432 4.719603
 H -4.912616 -6.475615 0.213904
 H -3.873312 -5.398721 -0.058594
 H -3.351071 -4.732450 -3.805788
 H -3.773814 -6.099541 -3.145069
 H 2.637374 -2.127272 -1.960756
 H 2.393619 -3.787162 -2.055687
 H -1.319883 2.710233 0.476560
 H -2.545490 1.696917 0.831953
 H -0.353064 -2.040703 2.025317
 H -1.254186 -2.194363 3.244383
 H 0.582779 -4.629431 2.972612
 H -0.681210 -4.217736 3.702515
 H 5.962028 -4.845213 -4.495113
 H 4.812707 -3.760670 -4.549331
 H 5.404544 5.856345 2.777177
 H 5.579453 4.973235 1.363744
 H 5.424082 -2.302333 3.583652
 H 4.917638 -3.600969 2.912110
 H -2.360298 -2.216910 -3.684875
 H -3.297727 -2.648352 -4.921633
 H -0.631766 3.075814 -4.092299
 H -1.346957 1.871857 -4.694773
 H 4.466117 3.247980 2.726648
 H 3.431976 2.171553 2.291462
 H 2.054923 0.638379 -3.647158
 H 1.743367 2.261590 -3.635205
 H -4.964578 1.761559 -5.870167
 H -3.720099 2.676742 -5.940108
 H 4.163242 -5.236937 -0.592060
 H 5.430083 -6.080078 -0.673372
 H 2.752788 -1.461638 -5.492577
 H 1.532760 -0.470899 -5.573263
 H -1.967364 -0.083632 -5.952536
 H -2.897236 -0.449314 -4.720968
 H 1.357271 0.396924 1.655361
 H 1.807830 -0.222424 0.333663
 H 4.260216 -2.519705 -3.071105
 H 5.694156 -1.817761 -3.132001
 H 5.586089 0.814154 -0.678768
 H 5.412447 -0.679475 -0.809785
 H 0.546823 4.947257 3.324529
 H -0.941587 4.956158 2.817363
 H -4.764539 0.345071 -3.232758
 H -5.579804 0.661983 -4.388192
 H 0.416939 -4.439107 0.227119
 H 1.077213 -3.085799 0.132239
 H 4.045764 4.524192 -5.753414
 H 4.794071 3.368428 -5.007142
 H 2.715011 5.943564 4.883770
 H 3.181742 6.218647 6.313058
 H -5.949439 4.143685 -1.233225
 H -5.004300 3.780576 -2.420666
 H -0.450322 0.095562 -2.474781
 H -0.058854 0.677781 -1.086880
 H -4.037185 -3.880258 -0.440698
 H -3.231545 -3.512355 -1.735986
 H -3.402678 5.687406 2.453979
 H -3.042248 6.163208 3.928174
 H -1.715765 2.588439 3.699506
 H -1.985455 3.891079 4.561074
 H -2.670832 -1.744775 -0.713940
 H -3.065751 -0.428889 -0.116244
 H -2.406369 -1.835362 4.797645
 H -1.051036 -2.324417 5.522749
 H 0.927243 1.793748 6.188342
 H -0.290148 2.128121 5.209371
 H -4.348532 2.695885 2.117041
 H -3.617843 3.578166 1.034381
 H 3.782704 5.031824 -1.040840
 H 3.269237 3.738534 -1.707687
 H 3.697401 -5.554509 -3.796315
 H 2.356668 -5.748230 -2.939052
 H -2.132907 4.221709 -3.389008
 H -1.696470 4.678008 -2.078747
 H 5.299623 -0.103235 6.102464
 H 4.136757 0.250469 5.147753
 H -2.612372 -0.615067 2.171766
 H -3.446811 0.597121 2.623148
 H 0.203115 -1.706772 -2.875882
 H -0.421203 -2.778187 -2.081920
 H -0.248541 -3.564962 -4.568457
 H 0.920029 -3.108997 -5.342906
 H 5.932110 -6.544590 5.037755
 H 6.448661 -5.135729 4.570015
 H 5.499439 -3.439749 -0.470608
 H 4.037862 -3.079423 -0.558180
 H 4.732102 0.164077 2.556934
 H 3.651575 -0.855983 2.477704
 H 1.476756 4.089135 -5.235203
 H 2.257945 4.685287 -4.036699
 H -1.081755 -6.822890 0.392145
 H -2.053389 -5.545941 0.312638
 H -4.516208 -1.595308 -6.314096
 H -5.313865 -1.378681 -4.965280
 H -4.208083 1.945599 -0.951226
 H -4.895300 1.227627 0.234888
 H 5.396368 2.519255 -2.466670
 H 4.208718 1.519433 -2.727369
 H 3.579404 -0.104501 -0.876165
 H 2.479121 0.505842 -1.792227
 H -6.074710 -1.337458 1.525999
 H -4.673536 -1.781056 2.090822
 H 1.277934 2.873531 1.993937
 H 1.490975 2.800406 0.440495
K_POINTS
 1
0.0 0.0 0.0 1.0