
&control
    calculation='scf'
    pseudo_dir = './',
    outdir='./outputs',
    disk_io='high'
/
&system
    ibrav= 1, celldm(1)=20.000000, nat=  192, ntyp= 2,
    ecutwfc = 30.0, nosym=.true., occupations='smearing',
    smearing='m-v', degauss=0.025
/
&electrons
    conv_thr =  1.0d-8,
    mixing_beta = 0.7
/
&ions
    pot_extrapolation='second-order'
    wfc_extrapolation='second-order'
    ion_temperature = 'andersen'
    tempw = 1000

/
ATOMIC_SPECIES
 H  1.01  H.blyp-hgh.UPF
 O  16.0  O.blyp-hgh.UPF
ATOMIC_POSITIONS bohr
 O -5.212173 -1.363606 -1.923288
 O 3.582987 -2.089027 5.523121
 O -5.783202 5.714166 -5.369815
 O -0.007144 3.971162 -1.299192
 O -4.796401 0.904313 4.051924
 O -0.260729 5.754079 5.307390
 O -0.239025 -5.429228 -3.248447
 O 2.553819 0.027374 3.697956
 O -2.773414 -5.396919 5.808820
 O 2.304716 -2.638096 2.291442
 O 2.643217 -6.272453 2.908888
 O -4.020461 -3.262869 4.476210
 O -4.450775 -5.741222 0.664351
 O -3.620069 -5.659130 -4.010580
 O 2.708698 -2.973906 -2.475325
 O -2.254756 2.487712 0.294941
 O -1.334621 -2.138193 2.268950
 O 0.275867 -4.364233 3.868753
 O 5.195535 -4.528913 -5.025343
 O 5.194757 5.057650 2.248747
 O 5.704978 -3.199006 3.317123
 O -3.233773 -2.607400 -3.949842
 O -1.017123 2.767666 -4.938035
 O 4.093566 2.365431 2.999130
 O 2.383761 1.540903 -3.417665
 O -4.530760 2.440705 -6.428899
 O 4.579539 -5.950618 -1.136898
 O 2.045791 -1.014238 -4.955894
 O -2.050671 -0.022345 -4.981462
 O 1.119024 -0.305511 1.020144
 O 4.758226 -1.730467 -3.411105
 O 5.258299 0.039922 -0.160004
 O -0.027683 4.687665 2.577014
 O -4.630646 0.740771 -4.121935
 O 0.924040 -3.887660 -0.407471
 O 4.420270 4.263140 -4.872765
 O 3.014237 5.469132 5.693161
 O -5.408119 4.539553 -1.943505
 O -0.303892 0.952895 -2.003492
 O -3.115806 -3.885468 -0.830805
 O -2.850131 5.479081 3.236990
 O -1.927271 2.919290 4.595479
 O -2.411883 -0.810994 -0.746720
 O -1.423787 -1.736245 4.809819
 O 0.681100 1.897571 5.245592
 O -4.481122 3.175135 1.267513
 O 3.182313 4.257132 -0.882136
 O 2.737454 -5.758005 -3.839684
 O -2.498254 4.259473 -2.480850
 O 4.862636 0.652286 5.657028
 O -2.680119 0.341248 2.050303
 O -0.661476 -2.148590 -2.809927
 O 0.022136 -3.485011 -5.517216
 O 5.842829 -5.862203 4.338149
 O 4.729294 -3.292795 0.118591
 O 4.615739 -0.780322 2.323912
 O 1.426888 4.261252 -4.278257
 O -1.141756 -5.862619 0.204362
 O -5.356342 -1.810797 -5.849998
 O -4.786745 1.171787 -0.735382
 O 5.091762 1.614639 -2.293079
 O 2.772825 -0.348807 -1.400982
 O -5.137304 -1.528003 1.268792
 O 1.648268 2.299505 1.269326
 H -5.426002 -1.812172 -1.082137
 H -4.973063 -0.478222 -1.536342
 H 4.544542 -1.896609 5.428405
 H 3.293662 -2.371702 4.627192
 H -6.498237 5.201691 -4.907674
 H -4.983165 5.230924 -5.081579
 H -0.362802 3.155687 -1.749641
 H 0.792159 4.310193 -1.753027
 H -5.554335 1.364823 4.477739
 H -4.104071 1.417471 4.542451
 H 0.037772 6.596555 4.849484
 H 0.098977 5.802850 6.218071
 H -0.611833 -5.462243 -2.341364
 H -1.020471 -5.222683 -3.796420
 H 3.226974 0.732918 3.548319
 H 1.813293 0.573874 4.067586
 H -3.026632 -5.778920 6.689379
 H -1.888548 -5.803107 5.608884
 H 1.751679 -1.825023 2.375371
 H 3.077448 -2.401523 1.729317
 H 3.494391 -6.552952 2.486126
 H 2.007894 -6.923268 2.535387
 H -3.783512 -3.677162 5.339852
 H -4.818011 -2.728265 4.716910
 H -4.914647 -6.476482 0.213541
 H -3.872486 -5.400681 -0.060032
 H -3.333126 -4.733789 -3.808470
 H -3.767009 -6.095150 -3.145863
 H 2.628026 -2.126233 -1.967535
 H 2.402676 -3.794001 -2.052998
 H -1.320696 2.714865 0.458803
 H -2.537125 1.690151 0.816656
 H -0.350902 -2.068819 2.022732
 H -1.255942 -2.199601 3.249607
 H 0.581543 -4.621312 2.970180
 H -0.679520 -4.215838 3.704441
 H 5.955624 -4.854422 -4.498526
 H 4.811254 -3.766519 -4.537462
 H 5.408857 5.859761 2.772483
 H 5.566075 4.970618 1.359137
 H 5.423279 -2.303384 3.583977
 H 4.910545 -3.600776 2.919071
 H -2.364795 -2.209210 -3.677156
 H -3.290751 -2.648226 -4.922368
 H -0.629379 3.083625 -4.097166
 H -1.352918 1.871595 -4.688760
 H 4.452207 3.253107 2.724682
 H 3.433147 2.164709 2.293389
 H 2.045596 0.643570 -3.657949
 H 1.753115 2.269481 -3.638390
 H -4.960387 1.761043 -5.873270
 H -3.711036 2.669450 -5.943496
 H 4.169191 -5.238244 -0.582722
 H 5.432451 -6.086009 -0.674564
 H 2.754932 -1.459580 -5.492499
 H 1.535678 -0.467068 -5.582722
 H -1.976437 -0.085871 -5.957531
 H -2.892203 -0.447262 -4.710370
 H 1.373524 0.398058 1.650745
 H 1.799998 -0.223879 0.326200
 H 4.258755 -2.521030 -3.073348
 H 5.697570 -1.821007 -3.132283
 H 5.583560 0.814154 -0.671060
 H 5.423472 -0.688781 -0.805965
 H 0.543859 4.961909 3.338361
 H -0.941847 4.948465 2.829435
 H -4.755019 0.345935 -3.231758
 H -5.581212 0.659189 -4.380832
 H 0.413079 -4.439733 0.222217
 H 1.065893 -3.082848 0.132258
 H 4.038223 4.519370 -5.760253
 H 4.789020 3.372620 -5.013257
 H 2.711014 5.952704 4.885510
 H 3.191550 6.219662 6.307303
 H -5.954136 4.149502 -1.235062
 H -5.015797 3.778086 -2.418884
 H -0.471521 0.095683 -2.470446
 H -0.057629 0.677049 -1.093104
 H -4.031096 -3.895221 -0.417755
 H -3.254812 -3.514430 -1.735776
 H -3.392355 5.685873 2.444028
 H -3.052657 6.169956 3.922620
 H -1.725514 2.594742 3.701190
 H -1.986324 3.892855 4.571088
 H -2.678572 -1.750517 -0.708390
 H -3.060299 -0.425112 -0.118205
 H -2.405133 -1.837300 4.800798
 H -1.050619 -2.325610 5.520187
 H 0.918450 1.808436 6.196724
 H -0.286389 2.133690 5.204009
 H -4.333109 2.688540 2.110322
 H -3.619090 3.583552 1.030331
 H 3.781941 5.036430 -1.052102
 H 3.274775 3.726973 -1.702777
 H 3.700005 -5.555886 -3.797648
 H 2.356526 -5.751533 -2.942188
 H -2.125361 4.225693 -3.389115
 H -1.707499 4.686783 -2.072857
 H 5.291919 -0.104145 6.114359
 H 4.130663 0.249316 5.151480
 H -2.610686 -0.615135 2.177623
 H -3.456943 0.586623 2.616157
 H 0.202031 -1.699794 -2.888397
 H -0.407814 -2.785349 -2.097892
 H -0.251808 -3.576120 -4.572506
 H 0.922984 -3.119307 -5.338229
 H 5.947643 -6.540770 5.042980
 H 6.445960 -5.129394 4.561604
 H 5.495179 -3.446958 -0.466752
 H 4.029302 -3.100159 -0.558529
 H 4.746559 0.162926 2.556086
 H 3.653635 -0.856543 2.484322
 H 1.484246 4.079343 -5.233557
 H 2.265108 4.676281 -4.032804
 H -1.078556 -6.821515 0.384091
 H -2.061184 -5.555487 0.319039
 H -4.517921 -1.580651 -6.315357
 H -5.321472 -1.392989 -4.961462
 H -4.188075 1.932428 -0.947107
 H -4.902557 1.225484 0.233710
 H 5.384354 2.528484 -2.475875
 H 4.205282 1.517306 -2.725630
 H 3.575250 -0.113197 -0.870830
 H 2.483281 0.508262 -1.791685
 H -6.072401 -1.338001 1.518284
 H -4.675512 -1.793788 2.088827
 H 1.293738 2.881042 1.994366
 H 1.489045 2.795793 0.435794
K_POINTS
 1
0.0 0.0 0.0 1.0