
&control
    calculation='scf'
    pseudo_dir = './',
    outdir='./outputs',
    disk_io='high'
/
&system
    ibrav= 1, celldm(1)=20.000000, nat=  192, ntyp= 2,
    ecutwfc = 30.0, nosym=.true., occupations='smearing',
    smearing='m-v', degauss=0.025
/
&electrons
    conv_thr =  1.0d-8,
    mixing_beta = 0.7
/
&ions
    pot_extrapolation='second-order'
    wfc_extrapolation='second-order'
    ion_temperature = 'andersen'
    tempw = 1000

/
ATOMIC_SPECIES
 H  1.01  H.blyp-hgh.UPF
 O  16.0  O.blyp-hgh.UPF
ATOMIC_POSITIONS bohr
 O -5.237936 -1.545141 -1.183399
 O 3.996945 -2.212507 5.402682
 O -5.719041 5.215262 -5.571058
 O -0.156831 3.547325 -1.584066
 O -4.728896 0.694412 3.832406
 O -0.242652 5.420857 5.176606
 O -0.133433 -5.365891 -3.402540
 O 2.266063 0.352217 3.704288
 O -2.860407 -5.302900 5.615606
 O 1.855011 -3.050333 1.599449
 O 2.498971 -6.063314 2.904633
 O -4.244543 -3.056993 4.336186
 O -4.416952 -5.973120 0.712629
 O -3.553324 -5.678778 -3.614827
 O 2.026928 -2.741305 -2.088935
 O -1.741370 2.533542 1.502715
 O -1.015616 -1.376187 1.645694
 O 0.267036 -4.234576 3.627433
 O 5.448116 -4.099401 -4.937398
 O 5.652845 4.789868 2.181558
 O 6.043433 -2.948213 3.257521
 O -3.223853 -3.042197 -3.798150
 O -0.919202 2.566476 -4.932984
 O 3.862547 2.347380 2.823729
 O 2.317413 1.276128 -3.115914
 O -4.930379 2.876490 -6.116209
 O 4.422553 -5.933010 -1.257863
 O 1.936943 -1.328487 -4.575985
 O -2.022297 0.273018 -4.828516
 O 0.834960 -0.316527 0.611185
 O 4.796095 -1.771898 -3.814776
 O 5.177227 0.051004 0.000038
 O -0.365734 4.434580 1.812539
 O -5.331174 0.722383 -3.983874
 O 0.738083 -3.789561 -0.334684
 O 4.638404 3.384893 -4.252446
 O 3.582028 5.493845 5.799035
 O -5.051938 3.580139 -1.712958
 O -0.428216 1.041754 -1.558358
 O -2.951910 -3.275682 -1.209857
 O -2.591347 5.443298 3.406178
 O -1.487089 2.788725 3.731320
 O -2.647323 -0.197594 -0.650093
 O -1.514400 -2.231809 4.937523
 O 0.783632 1.752132 4.835487
 O -4.853199 3.437355 1.460598
 O 2.759845 3.879309 -0.523925
 O 2.668563 -5.938876 -3.534589
 O -2.683375 4.605897 -2.310653
 O 5.732122 0.499449 5.253199
 O -3.178386 0.148614 1.961733
 O -0.623932 -2.458391 -2.235620
 O 0.028738 -3.186324 -5.509822
 O 5.658700 -5.980845 4.473388
 O 5.192403 -2.950739 -0.232487
 O 4.728172 -0.693266 2.390005
 O 1.024566 4.301471 -4.388435
 O -0.563081 -5.726351 0.467751
 O -5.595556 -1.323331 -5.810707
 O -4.627779 1.512094 -0.963121
 O 5.237796 1.731199 -2.859845
 O 2.674113 -0.253162 -0.914528
 O -5.312433 -1.161579 1.171250
 O 1.492349 2.761906 1.413910
 H -4.725537 -1.816483 -0.405596
 H -4.582971 -1.519742 -1.898505
 H 3.493107 -2.998547 5.666134
 H 3.316048 -1.578149 5.127510
 H -6.196271 4.834782 -4.816721
 H -5.999049 4.670854 -6.323808
 H 0.337716 3.295567 -0.787545
 H 0.415006 4.198763 -2.019824
 H -5.420180 0.015250 3.783873
 H -5.119088 1.385811 4.390391
 H 0.211769 6.278140 5.161936
 H -0.231476 5.164480 6.112481
 H -0.357408 -5.660858 -2.505894
 H -0.742540 -5.862307 -3.971511
 H 2.400384 1.193169 3.238336
 H 1.396238 0.050734 3.398129
 H -3.496566 -5.613515 6.279413
 H -2.008962 -5.319428 6.080538
 H 1.943988 -2.083982 1.625482
 H 2.768574 -3.372568 1.649436
 H 3.287895 -6.191371 2.354503
 H 1.836300 -6.649127 2.505177
 H -3.654832 -3.509102 3.712478
 H -4.242231 -2.134584 4.035170
 H -3.477101 -6.144978 0.543890
 H -4.562233 -5.085206 0.348781
 H -4.461501 -5.645421 -3.275240
 H -3.500527 -6.539901 -4.058638
 H 2.153521 -1.780607 -2.032410
 H 2.483366 -3.084792 -1.304859
 H -1.612662 3.130850 0.749416
 H -1.361421 1.692239 1.203303
 H -0.393685 -1.955723 1.178201
 H -0.920387 -1.631437 2.577074
 H 0.872869 -3.559800 3.972146
 H -0.354599 -3.732253 3.077323
 H 5.894782 -4.702855 -5.552178
 H 6.174664 -3.680222 -4.449943
 H 5.443587 5.601373 2.671334
 H 5.918932 5.106427 1.303924
 H 5.327455 -2.701311 2.650970
 H 6.579333 -3.575040 2.746719
 H -2.413089 -2.836623 -4.289975
 H -3.929167 -2.951390 -4.458048
 H -0.518589 2.973641 -4.148499
 H -0.597841 1.651009 -4.912567
 H 4.667782 2.474755 3.349949
 H 3.432190 3.216818 2.838642
 H 2.895631 1.074021 -3.868513
 H 2.185353 2.235762 -3.171368
 H -4.981152 2.515669 -5.216699
 H -3.990802 3.089642 -6.231479
 H 4.223455 -5.041884 -1.586834
 H 5.378614 -5.914334 -1.093878
 H 2.742292 -1.089404 -5.061863
 H 1.217055 -0.997819 -5.136257
 H -2.148439 -0.461446 -5.449634
 H -2.861850 0.757992 -4.864417
 H 1.341983 0.492995 0.779972
 H 1.128590 -0.596733 -0.269920
 H 4.021435 -2.197037 -3.413099
 H 5.434076 -1.710420 -3.086057
 H 5.099913 1.014677 -0.080145
 H 5.920200 -0.175193 -0.583605
 H -0.549605 4.093372 2.702875
 H -0.308271 5.395120 1.935600
 H -4.710931 1.210040 -3.419133
 H -5.989792 0.374517 -3.361554
 H 0.757424 -4.701640 -0.663581
 H 0.679801 -3.888946 0.628463
 H 3.721732 3.620384 -4.039898
 H 4.559127 2.807977 -5.028487
 H 3.196643 4.884787 5.149421
 H 2.874253 6.135832 5.966781
 H -5.856338 3.904928 -1.278508
 H -4.825995 4.281338 -2.344586
 H 0.000049 0.383793 -2.128338
 H -1.294033 1.182586 -1.972595
 H -3.148122 -3.326582 -2.159637
 H -2.808799 -4.199102 -0.950083
 H -3.187129 5.883457 2.779548
 H -2.456949 6.102782 4.105827
 H -1.578216 1.826721 3.816948
 H -2.384466 3.092185 3.522484
 H -2.388720 -1.057457 -0.282919
 H -2.793910 0.356682 0.132731
 H -2.362938 -2.095876 5.387780
 H -1.332309 -3.176907 5.061274
 H 1.637666 1.744719 5.295337
 H 0.180320 2.177735 5.465577
 H -5.357325 3.358937 2.285751
 H -3.942295 3.225301 1.720158
 H 3.362146 4.544637 -0.154675
 H 2.809594 4.024413 -1.481798
 H 3.576422 -6.043587 -3.861226
 H 2.279681 -5.277978 -4.129011
 H -2.575343 3.900537 -2.968138
 H -2.149729 4.306883 -1.557157
 H 5.943723 0.258626 6.169525
 H 4.763457 0.461301 5.217879
 H -2.948016 -0.652059 2.458207
 H -3.607987 0.717898 2.620181
 H -0.117103 -3.278671 -2.340533
 H -0.222639 -2.033087 -1.461859
 H 0.432281 -3.503018 -4.685927
 H 0.758389 -3.199357 -6.148904
 H 4.985756 -5.468390 4.948454
 H 6.489397 -5.745018 4.915671
 H 5.654126 -3.585725 0.337303
 H 4.570431 -2.507784 0.365939
 H 4.199812 -0.559174 1.587443
 H 4.374855 -0.040625 3.014930
 H 1.453383 3.705794 -5.022974
 H 1.751820 4.849940 -4.051154
 H -0.890031 -6.339432 -0.209621
 H -1.356376 -5.246221 0.752996
 H -5.371129 -2.031633 -6.434937
 H -4.734727 -1.002890 -5.498161
 H -3.856211 2.093373 -1.049429
 H -4.834677 1.536703 -0.015505
 H 5.770078 2.541871 -2.890752
 H 4.404598 2.012750 -2.450680
 H 3.455935 -0.702379 -0.555805
 H 3.041535 0.405249 -1.525366
 H -5.911568 -0.571554 1.655875
 H -4.861829 -1.662809 1.868551
 H 1.500651 3.724932 1.532116
 H 2.304898 2.578892 0.916332
K_POINTS
 1
0.0 0.0 0.0 1.0