
&control
    calculation='scf'
    pseudo_dir = './',
    outdir='./outputs',
    disk_io='high'
/
&system
    ibrav= 1, celldm(1)=20.000000, nat=  192, ntyp= 2,
    ecutwfc = 30.0, nosym=.true., occupations='smearing',
    smearing='m-v', degauss=0.025
/
&electrons
    conv_thr =  1.0d-8,
    mixing_beta = 0.7
/
&ions
    pot_extrapolation='second-order'
    wfc_extrapolation='second-order'
    ion_temperature = 'andersen'
    tempw = 1000

/
ATOMIC_SPECIES
 H  1.01  H.blyp-hgh.UPF
 O  16.0  O.blyp-hgh.UPF
ATOMIC_POSITIONS bohr
 O -5.207586 -1.360892 -1.928726
 O 3.579808 -2.096566 5.530157
 O -5.783607 5.716055 -5.369304
 O -0.001690 3.974383 -1.293165
 O -4.794355 0.908427 4.049757
 O -0.262485 5.769366 5.309307
 O -0.243993 -5.428468 -3.239623
 O 2.549479 0.033423 3.707383
 O -2.767631 -5.401964 5.814527
 O 2.317550 -2.632253 2.300822
 O 2.644347 -6.280104 2.909834
 O -4.024659 -3.277047 4.482354
 O -4.454025 -5.741402 0.660467
 O -3.616888 -5.648797 -4.015300
 O 2.718072 -2.982573 -2.475838
 O -2.260878 2.492175 0.275640
 O -1.336155 -2.147327 2.279040
 O 0.275986 -4.378976 3.874499
 O 5.183579 -4.530595 -5.024678
 O 5.184665 5.058902 2.248276
 O 5.697440 -3.206617 3.324439
 O -3.231120 -2.600450 -3.951270
 O -1.025207 2.767954 -4.935448
 O 4.099656 2.363724 2.997014
 O 2.388548 1.541163 -3.428494
 O -4.517734 2.442179 -6.430467
 O 4.583802 -5.944721 -1.129849
 O 2.041539 -1.002166 -4.968220
 O -2.044808 -0.027039 -4.991071
 O 1.124474 -0.310600 1.029440
 O 4.765969 -1.731351 -3.407323
 O 5.249463 0.029174 -0.153746
 O -0.019343 4.687166 2.602859
 O -4.626422 0.736180 -4.126973
 O 0.933194 -3.886134 -0.405367
 O 4.421124 4.278396 -4.886623
 O 2.998381 5.473428 5.687863
 O -5.409905 4.557161 -1.941396
 O -0.294307 0.956016 -2.014379
 O -3.120005 -3.893692 -0.832329
 O -2.855850 5.479838 3.236221
 O -1.942217 2.920390 4.607641
 O -2.407954 -0.831863 -0.746941
 O -1.419342 -1.718102 4.816397
 O 0.686306 1.891601 5.251892
 O -4.481850 3.175001 1.265745
 O 3.189347 4.263641 -0.892934
 O 2.741933 -5.747783 -3.845931
 O -2.502865 4.253675 -2.493009
 O 4.848611 0.654086 5.666372
 O -2.671586 0.347418 2.057117
 O -0.657377 -2.143909 -2.818685
 O 0.020473 -3.482366 -5.518427
 O 5.844305 -5.861727 4.344265
 O 4.717324 -3.295252 0.122082
 O 4.620185 -0.781993 2.319600
 O 1.430992 4.254716 -4.276730
 O -1.155052 -5.859452 0.194282
 O -5.349939 -1.820364 -5.854735
 O -4.790690 1.172890 -0.736150
 O 5.090597 1.631208 -2.305583
 O 2.767222 -0.349629 -1.399431
 O -5.129903 -1.535122 1.261207
 O 1.648503 2.296325 1.266076
 H -5.433660 -1.808834 -1.086374
 H -4.989648 -0.471326 -1.537131
 H 4.527054 -1.855300 5.405671
 H 3.276412 -2.359627 4.634969
 H -6.500987 5.216370 -4.896425
 H -4.973381 5.267252 -5.059453
 H -0.342734 3.140346 -1.722729
 H 0.804027 4.297742 -1.751227
 H -5.554260 1.355024 4.484778
 H -4.110189 1.423272 4.556036
 H 0.030432 6.616153 4.849579
 H 0.088004 5.821209 6.221243
 H -0.616179 -5.472790 -2.333389
 H -1.026783 -5.231717 -3.787966
 H 3.224774 0.744626 3.554722
 H 1.814704 0.579998 4.094552
 H -3.032129 -5.811798 6.679998
 H -1.878166 -5.801859 5.609805
 H 1.751341 -1.831457 2.407718
 H 3.061746 -2.381391 1.702719
 H 3.507189 -6.556414 2.503893
 H 2.028484 -6.931792 2.506207
 H -3.794927 -3.675369 5.357877
 H -4.797770 -2.706463 4.707517
 H -4.918326 -6.479236 0.213484
 H -3.870695 -5.407590 -0.062981
 H -3.289859 -4.737954 -3.815630
 H -3.749157 -6.084947 -3.148614
 H 2.603012 -2.124966 -1.983619
 H 2.422578 -3.808001 -2.043861
 H -1.323139 2.723811 0.414962
 H -2.511645 1.673816 0.778539
 H -0.354556 -2.137846 2.016215
 H -1.260888 -2.211345 3.264076
 H 0.580193 -4.600584 2.965831
 H -0.674874 -4.210169 3.709716
 H 5.939579 -4.877612 -4.508809
 H 4.809322 -3.781081 -4.509325
 H 5.424967 5.869751 2.762482
 H 5.534149 4.966202 1.349098
 H 5.420515 -2.305762 3.582065
 H 4.893245 -3.599983 2.936994
 H -2.376137 -2.191044 -3.659745
 H -3.271748 -2.648241 -4.923126
 H -0.622382 3.103251 -4.110484
 H -1.368432 1.871509 -4.674683
 H 4.417660 3.264193 2.721525
 H 3.436488 2.149802 2.297739
 H 2.022567 0.658876 -3.687034
 H 1.778044 2.287574 -3.646640
 H -4.948191 1.761303 -5.880901
 H -3.688833 2.650730 -5.952550
 H 4.184731 -5.242676 -0.559786
 H 5.437863 -6.100289 -0.679010
 H 2.758900 -1.452733 -5.492740
 H 1.543905 -0.459051 -5.607313
 H -1.999309 -0.092552 -5.968916
 H -2.879133 -0.439798 -4.684712
 H 1.412916 0.401481 1.638114
 H 1.780943 -0.228180 0.305345
 H 4.254880 -2.521885 -3.079216
 H 5.704618 -1.828880 -3.131842
 H 5.576265 0.814050 -0.652652
 H 5.450869 -0.709565 -0.794532
 H 0.531687 4.996883 3.372507
 H -0.942458 4.930147 2.860282
 H -4.728241 0.349067 -3.228745
 H -5.583583 0.653788 -4.362822
 H 0.402461 -4.443167 0.208047
 H 1.038600 -3.075286 0.131944
 H 4.019506 4.506999 -5.776485
 H 4.775701 3.382600 -5.029035
 H 2.702891 5.972717 4.888148
 H 3.215489 6.221024 6.292744
 H -5.965314 4.162733 -1.240219
 H -5.043535 3.773365 -2.412854
 H -0.526205 0.099358 -2.457057
 H -0.056149 0.674871 -1.109221
 H -4.011024 -3.928701 -0.362728
 H -3.313375 -3.520508 -1.733718
 H -3.366757 5.682760 2.421087
 H -3.079146 6.184868 3.906842
 H -1.750342 2.612319 3.704495
 H -1.988106 3.896907 4.594415
 H -2.696454 -1.764896 -0.694349
 H -3.045012 -0.414980 -0.123672
 H -2.400409 -1.844482 4.808865
 H -1.050370 -2.328022 5.513265
 H 0.894204 1.846415 6.214898
 H -0.274911 2.148601 5.191964
 H -4.295241 2.672638 2.092488
 H -3.622070 3.593557 1.020387
 H 3.778111 5.047711 -1.079541
 H 3.288370 3.698199 -1.688852
 H 3.705445 -5.559152 -3.800229
 H 2.357102 -5.759645 -2.951041
 H -2.109383 4.234294 -3.390404
 H -1.736399 4.707415 -2.055239
 H 5.271346 -0.105090 6.142949
 H 4.114566 0.246012 5.161634
 H -2.602444 -0.618564 2.190838
 H -3.481334 0.559768 2.597450
 H 0.199451 -1.681908 -2.922723
 H -0.376345 -2.803268 -2.137987
 H -0.260685 -3.603545 -4.584313
 H 0.929213 -3.144940 -5.329030
 H 5.987379 -6.529072 5.056160
 H 6.438360 -5.113615 4.540478
 H 5.485236 -3.464795 -0.455574
 H 4.008873 -3.151669 -0.557748
 H 4.785101 0.160043 2.552279
 H 3.658897 -0.858810 2.501380
 H 1.504035 4.055734 -5.229697
 H 2.285378 4.656437 -4.024502
 H -1.071141 -6.817127 0.364253
 H -2.078939 -5.580647 0.335586
 H -4.524684 -1.542170 -6.316179
 H -5.339030 -1.429650 -4.953459
 H -4.138679 1.896454 -0.935193
 H -4.920500 1.220673 0.230532
 H 5.353294 2.550919 -2.499285
 H 4.197417 1.512764 -2.721640
 H 3.567199 -0.134904 -0.857191
 H 2.493376 0.513453 -1.791299
 H -6.065674 -1.339844 1.499461
 H -4.682416 -1.826379 2.082605
 H 1.333228 2.898643 1.991766
 H 1.484752 2.784576 0.425528
K_POINTS
 1
0.0 0.0 0.0 1.0