
&control
    calculation='scf'
    pseudo_dir = './',
    outdir='./outputs',
    disk_io='high'
/
&system
    ibrav= 1, celldm(1)=20.000000, nat=  192, ntyp= 2,
    ecutwfc = 30.0, nosym=.true., occupations='smearing',
    smearing='m-v', degauss=0.025
/
&electrons
    conv_thr =  1.0d-8,
    mixing_beta = 0.7
/
&ions
    pot_extrapolation='second-order'
    wfc_extrapolation='second-order'
    ion_temperature = 'andersen'
    tempw = 1000

/
ATOMIC_SPECIES
 H  1.01  H.blyp-hgh.UPF
 O  16.0  O.blyp-hgh.UPF
ATOMIC_POSITIONS bohr
 O -5.206693 -1.360351 -1.929768
 O 3.579244 -2.098086 5.531535
 O -5.783657 5.716378 -5.369168
 O -0.000630 3.974986 -1.291949
 O -4.793904 0.909263 4.049311
 O -0.262858 5.772465 5.309690
 O -0.245022 -5.428301 -3.237820
 O 2.548588 0.034762 3.709307
 O -2.766465 -5.403000 5.815683
 O 2.320139 -2.631110 2.302701
 O 2.644546 -6.281668 2.909977
 O -4.025508 -3.279784 4.483670
 O -4.454685 -5.741462 0.659653
 O -3.616204 -5.646676 -4.016190
 O 2.720009 -2.984319 -2.475971
 O -2.262091 2.493109 0.271759
 O -1.336276 -2.149213 2.280973
 O 0.275968 -4.381953 3.875592
 O 5.181131 -4.530911 -5.024482
 O 5.182524 5.059063 2.248158
 O 5.695942 -3.208147 3.325936
 O -3.230588 -2.599087 -3.951501
 O -1.026847 2.767972 -4.934871
 O 4.100853 2.363378 2.996524
 O 2.389535 1.541207 -3.430629
 O -4.515117 2.442531 -6.430703
 O 4.584694 -5.943482 -1.128400
 O 2.040648 -0.999738 -4.970641
 O -2.043592 -0.027967 -4.993005
 O 1.125558 -0.311667 1.031319
 O 4.767582 -1.731562 -3.406602
 O 5.247659 0.026956 -0.152555
 O -0.017608 4.687073 2.608059
 O -4.625719 0.735199 -4.127942
 O 0.935005 -3.885805 -0.404908
 O 4.421300 4.281404 -4.889397
 O 2.995183 5.474391 5.686835
 O -5.410295 4.560654 -1.940973
 O -0.292358 0.956595 -2.016595
 O -3.120980 -3.895323 -0.832642
 O -2.856982 5.480032 3.236078
 O -1.945197 2.920543 4.610106
 O -2.407217 -0.836052 -0.746962
 O -1.418477 -1.714475 4.817807
 O 0.687368 1.890361 5.253169
 O -4.482061 3.175008 1.265446
 O 3.190755 4.264903 -0.895154
 O 2.742841 -5.745744 -3.847189
 O -2.503718 4.252586 -2.495489
 O 4.845880 0.654418 5.668284
 O -2.669999 0.348737 2.058546
 O -0.656484 -2.143012 -2.820381
 O 0.020177 -3.481819 -5.518619
 O 5.844591 -5.861668 4.345467
 O 4.714865 -3.295764 0.122698
 O 4.621085 -0.782293 2.318796
 O 1.431740 4.253308 -4.276395
 O -1.157681 -5.858802 0.192241
 O -5.348655 -1.822259 -5.855706
 O -4.791425 1.173166 -0.736367
 O 5.090356 1.634559 -2.308130
 O 2.766049 -0.349790 -1.399064
 O -5.128398 -1.536543 1.259669
 O 1.648545 2.295772 1.265492
 H -5.434967 -1.808305 -1.087184
 H -4.992763 -0.469865 -1.537292
 H 4.523141 -1.847461 5.401299
 H 3.272838 -2.357161 4.636696
 H -6.501736 5.219364 -4.894557
 H -4.971470 5.274741 -5.055245
 H -0.338179 3.137735 -1.717193
 H 0.806196 4.294878 -1.750877
 H -5.554564 1.352683 4.485672
 H -4.111482 1.424264 4.558591
 H 0.029077 6.619949 4.849837
 H 0.085953 5.824900 6.221714
 H -0.616943 -5.474909 -2.331775
 H -1.028030 -5.233761 -3.786317
 H 3.224042 0.746924 3.556148
 H 1.814914 0.581016 4.100064
 H -3.033244 -5.818175 6.677781
 H -1.876105 -5.801586 5.610182
 H 1.751694 -1.832736 2.413845
 H 3.058103 -2.377430 1.697549
 H 3.509670 -6.557160 2.507683
 H 2.032750 -6.933156 2.500324
 H -3.797119 -3.675403 5.361000
 H -4.793643 -2.702711 4.705223
 H -4.918819 -6.479879 0.213620
 H -3.870390 -5.409345 -0.063483
 H -3.281490 -4.738892 -3.817144
 H -3.745449 -6.083047 -3.149289
 H 2.597767 -2.125011 -1.986704
 H 2.426107 -3.810167 -2.041685
 H -1.323707 2.725145 0.406282
 H -2.505799 1.670655 0.770978
 H -0.356844 -2.151382 2.014954
 H -1.261943 -2.213429 3.267128
 H 0.580237 -4.596392 2.965270
 H -0.673902 -4.208880 3.710860
 H 5.936406 -4.882295 -4.511157
 H 4.809217 -3.783983 -4.503985
 H 5.429046 5.871862 2.760723
 H 5.528012 4.965675 1.347353
 H 5.419855 -2.306207 3.581222
 H 4.889863 -3.599783 2.940660
 H -2.378374 -2.187600 -3.656595
 H -3.267672 -2.648285 -4.923111
 H -0.620812 3.107162 -4.113315
 H -1.371575 1.871693 -4.672041
 H 4.410838 3.266145 2.721204
 H 3.437232 2.147179 2.298528
 H 2.018046 0.662336 -3.693180
 H 1.783112 2.290926 -3.648339
 H -4.945483 1.761587 -5.882367
 H -3.684463 2.646914 -5.954458
 H 4.187928 -5.243726 -0.555236
 H 5.438878 -6.103052 -0.680142
 H 2.759427 -1.451061 -5.492848
 H 1.545694 -0.457706 -5.612398
 H -2.003917 -0.094075 -5.970990
 H -2.876462 -0.437924 -4.679759
 H 1.420542 0.402243 1.635420
 H 1.777155 -0.229186 0.300851
 H 4.254102 -2.521599 -3.080429
 H 5.705777 -1.830423 -3.131544
 H 5.574620 0.813950 -0.649124
 H 5.456250 -0.713116 -0.791815
 H 0.528448 5.003549 3.379167
 H -0.942499 4.926611 2.866499
 H -4.722377 0.349872 -3.228103
 H -5.583842 0.652975 -4.359287
 H 0.400209 -4.444140 0.204851
 H 1.033324 -3.073722 0.131823
 H 4.015806 4.504527 -5.779534
 H 4.772951 3.384491 -5.032235
 H 2.701564 5.976208 4.888349
 H 3.220177 6.221087 6.289826
 H -5.967458 4.165204 -1.241344
 H -5.048917 3.772785 -2.411365
 H -0.537406 0.100691 -2.453960
 H -0.056085 0.674365 -1.112428
 H -4.006163 -3.934664 -0.352202
 H -3.325138 -3.521916 -1.732921
 H -3.361682 5.682256 2.416849
 H -3.084485 6.187451 3.903322
 H -1.755387 2.616129 3.705021
 H -1.988401 3.897614 4.598803
 H -2.699779 -1.767765 -0.691510
 H -3.041652 -0.412882 -0.124885
 H -2.399150 -1.846285 4.810485
 H -1.050428 -2.328369 5.511788
 H 0.888989 1.854201 6.218015
 H -0.272276 2.151735 5.189760
 H -4.287822 2.669881 2.088742
 H -3.622733 3.594933 1.018428
 H 3.777025 5.049904 -1.084918
 H 3.291062 3.692497 -1.685785
 H 3.706372 -5.559765 -3.800613
 H 2.357379 -5.761241 -2.952967
 H -2.106646 4.235777 -3.390870
 H -1.742486 4.711242 -2.051310
 H 5.266937 -0.104922 6.148397
 H 4.111238 0.245309 5.163835
 H -2.600081 -0.619607 2.193179
 H -3.485983 0.554352 2.593471
 H 0.198900 -1.678287 -2.930085
 H -0.370390 -2.806832 -2.146030
 H -0.262595 -3.608937 -4.586888
 H 0.930258 -3.150026 -5.327609
 H 5.995462 -6.526351 5.058783
 H 6.436697 -5.110456 4.536237
 H 5.483368 -3.468322 -0.453090
 H 4.004959 -3.161878 -0.557330
 H 4.793130 0.159373 2.551221
 H 3.660037 -0.859358 2.504878
 H 1.508165 4.051186 -5.228939
 H 2.289657 4.652842 -4.023143
 H -1.069735 -6.816127 0.360353
 H -2.082196 -5.585877 0.338987
 H -4.526458 -1.534158 -6.315910
 H -5.342272 -1.437123 -4.952137
 H -4.128976 1.888728 -0.932513
 H -4.924040 1.219822 0.229872
 H 5.346924 2.555310 -2.504035
 H 4.195990 1.511982 -2.720909
 H 3.565999 -0.139229 -0.854423
 H 2.495357 0.514316 -1.791386
 H -6.064189 -1.340299 1.495797
 H -4.684154 -1.833013 2.081118
 H 1.341091 2.901954 1.990616
 H 1.483991 2.782368 0.423791
K_POINTS
 1
0.0 0.0 0.0 1.0