
&control
    calculation='scf'
    pseudo_dir = './',
    outdir='./outputs',
    disk_io='high'
/
&system
    ibrav= 1, celldm(1)=20.000000, nat=  192, ntyp= 2,
    ecutwfc = 30.0, nosym=.true., occupations='smearing',
    smearing='m-v', degauss=0.025
/
&electrons
    conv_thr =  1.0d-8,
    mixing_beta = 0.7
/
&ions
    pot_extrapolation='second-order'
    wfc_extrapolation='second-order'
    ion_temperature = 'andersen'
    tempw = 1000

/
ATOMIC_SPECIES
 H  1.01  H.blyp-hgh.UPF
 O  16.0  O.blyp-hgh.UPF
ATOMIC_POSITIONS bohr
 O -5.205810 -1.359811 -1.930791
 O 3.578704 -2.099611 5.532905
 O -5.783698 5.716684 -5.369022
 O 0.000421 3.975576 -1.290730
 O -4.793437 0.910104 4.048862
 O -0.263239 5.775577 5.310071
 O -0.246062 -5.428130 -3.236004
 O 2.547691 0.036146 3.711243
 O -2.765295 -5.404047 5.816842
 O 2.322737 -2.629975 2.304579
 O 2.644736 -6.283245 2.910103
 O -4.026356 -3.282490 4.485014
 O -4.455349 -5.741530 0.658827
 O -3.615505 -5.644538 -4.017063
 O 2.721963 -2.986070 -2.476112
 O -2.263300 2.494056 0.267870
 O -1.336338 -2.151123 2.282879
 O 0.275937 -4.384937 3.876665
 O 5.178663 -4.531220 -5.024265
 O 5.180345 5.059201 2.248035
 O 5.694447 -3.209678 3.327442
 O -3.230057 -2.597735 -3.951713
 O -1.028496 2.767974 -4.934276
 O 4.102042 2.363031 2.996011
 O 2.390531 1.541249 -3.432754
 O -4.512494 2.442902 -6.430915
 O 4.585599 -5.942226 -1.126939
 O 2.039744 -0.997306 -4.973048
 O -2.042361 -0.028892 -4.994941
 O 1.126645 -0.312748 1.033201
 O 4.769214 -1.731786 -3.405894
 O 5.245845 0.024714 -0.151388
 O -0.015853 4.686986 2.613273
 O -4.625061 0.734197 -4.128897
 O 0.936807 -3.885470 -0.404435
 O 4.421476 4.284395 -4.892174
 O 2.991977 5.475388 5.685819
 O -5.410697 4.564132 -1.940550
 O -0.290400 0.957159 -2.018826
 O -3.122000 -3.896950 -0.832961
 O -2.858112 5.480241 3.235939
 O -1.948173 2.920677 4.612580
 O -2.406497 -0.840245 -0.746974
 O -1.417622 -1.710850 4.819250
 O 0.688436 1.889108 5.254454
 O -4.482290 3.175028 1.265166
 O 3.192161 4.266151 -0.897392
 O 2.743753 -5.743709 -3.848451
 O -2.504546 4.251524 -2.497979
 O 4.843175 0.654735 5.670211
 O -2.668454 0.350074 2.060000
 O -0.655564 -2.142126 -2.822059
 O 0.019893 -3.481267 -5.518799
 O 5.844876 -5.861622 4.346662
 O 4.712385 -3.296283 0.123289
 O 4.621988 -0.782581 2.318013
 O 1.432472 4.251870 -4.276049
 O -1.160300 -5.858147 0.190192
 O -5.347372 -1.824150 -5.856685
 O -4.792140 1.173459 -0.736606
 O 5.090110 1.637922 -2.310691
 O 2.764859 -0.349949 -1.398679
 O -5.126884 -1.537964 1.258124
 O 1.648585 2.295247 1.264927
 H -5.436191 -1.807820 -1.087999
 H -4.995808 -0.468379 -1.537458
 H 4.519096 -1.839763 5.396989
 H 3.269216 -2.354683 4.638468
 H -6.502538 5.222369 -4.892821
 H -4.969576 5.282295 -5.051103
 H -0.333455 3.135277 -1.711615
 H 0.808293 4.291894 -1.750522
 H -5.554983 1.350219 4.486394
 H -4.112800 1.425197 4.561081
 H 0.027761 6.623695 4.850176
 H 0.083959 5.828597 6.222143
 H -0.617674 -5.477030 -2.330150
 H -1.029276 -5.235884 -3.784684
 H 3.223196 0.749186 3.557626
 H 1.815106 0.581960 4.105610
 H -3.034359 -5.824477 6.675451
 H -1.874062 -5.801305 5.610624
 H 1.752184 -1.834008 2.419855
 H 3.054286 -2.373495 1.692439
 H 3.512126 -6.557918 2.511557
 H 2.037050 -6.934410 2.494435
 H -3.799290 -3.675560 5.363954
 H -4.789510 -2.699155 4.702805
 H -4.919234 -6.480553 0.213805
 H -3.870103 -5.411230 -0.063966
 H -3.273218 -4.739853 -3.818685
 H -3.741698 -6.081197 -3.150002
 H 2.592454 -2.125176 -1.989751
 H 2.429488 -3.812096 -2.039412
 H -1.324301 2.726331 0.397627
 H -2.499714 1.667530 0.763448
 H -0.359630 -2.164813 2.013715
 H -1.263012 -2.215414 3.270204
 H 0.580391 -4.592193 2.964814
 H -0.672924 -4.207541 3.712034
 H 5.933258 -4.886998 -4.513597
 H 4.809201 -3.786877 -4.498745
 H 5.433389 5.873961 2.759024
 H 5.521956 4.965263 1.345695
 H 5.419168 -2.306646 3.580228
 H 4.886507 -3.599575 2.944351
 H -2.380586 -2.184219 -3.653556
 H -3.263504 -2.648338 -4.923049
 H -0.619187 3.111059 -4.116193
 H -1.374713 1.871970 -4.669457
 H 4.404059 3.268020 2.720989
 H 3.438000 2.144669 2.299289
 H 2.013562 0.665926 -3.699426
 H 1.788203 2.294196 -3.650054
 H -4.942697 1.761934 -5.883799
 H -3.680111 2.643079 -5.956396
 H 4.191147 -5.244819 -0.550686
 H 5.439878 -6.105785 -0.681351
 H 2.759861 -1.449286 -5.492974
 H 1.547525 -0.456441 -5.617541
 H -2.008537 -0.095661 -5.972996
 H -2.873781 -0.435928 -4.674874
 H 1.428073 0.403021 1.632673
 H 1.773349 -0.230249 0.296273
 H 4.253329 -2.521155 -3.081652
 H 5.706859 -1.831958 -3.131172
 H 5.572907 0.813806 -0.645647
 H 5.461580 -0.716425 -0.788933
 H 0.524954 5.010094 3.385751
 H -0.942491 4.923107 2.872710
 H -4.716347 0.350741 -3.227462
 H -5.584030 0.652248 -4.355773
 H 0.397928 -4.445196 0.201525
 H 1.028110 -3.072140 0.131683
 H 4.012127 4.502073 -5.782504
 H 4.770183 3.386344 -5.035438
 H 2.700329 5.979524 4.888431
 H 3.224832 6.221080 6.286914
 H -5.969572 4.167632 -1.242496
 H -5.054241 3.772352 -2.409780
 H -0.548686 0.102227 -2.450731
 H -0.056086 0.673834 -1.115596
 H -4.001026 -3.940368 -0.341852
 H -3.336912 -3.523398 -1.731962
 H -3.356626 5.681790 2.412732
 H -3.089826 6.189890 3.899675
 H -1.760458 2.620031 3.705510
 H -1.988677 3.898274 4.603103
 H -2.703021 -1.770627 -0.688661
 H -3.038188 -0.410774 -0.126144
 H -2.397781 -1.848200 4.812101
 H -1.050510 -2.328662 5.510282
 H 0.883661 1.862040 6.220955
 H -0.269536 2.154914 5.187614
 H -4.280465 2.667263 2.084941
 H -3.623442 3.596094 1.016477
 H 3.775837 5.052071 -1.090263
 H 3.293749 3.686820 -1.682627
 H 3.707255 -5.560361 -3.800954
 H 2.357708 -5.762828 -2.954937
 H -2.104049 4.237180 -3.391414
 H -1.748697 4.714946 -2.047278
 H 5.262415 -0.104607 6.153739
 H 4.107886 0.244604 5.166100
 H -2.597474 -0.620700 2.195404
 H -3.490538 0.548938 2.589407
 H 0.198318 -1.674663 -2.937605
 H -0.364545 -2.810379 -2.154082
 H -0.264554 -3.614295 -4.589510
 H 0.931239 -3.155095 -5.326325
 H 6.003583 -6.523502 5.061394
 H 6.434985 -5.107294 4.531991
 H 5.481540 -3.471832 -0.450527
 H 4.001104 -3.172046 -0.556831
 H 4.801237 0.158645 2.550063
 H 3.661228 -0.859921 2.508405
 H 1.512347 4.046703 -5.228175
 H 2.293950 4.649344 -4.021902
 H -1.068347 -6.815099 0.356479
 H -2.085359 -5.591165 0.342418
 H -4.528368 -1.526041 -6.315489
 H -5.345419 -1.444639 -4.950910
 H -4.119350 1.880826 -0.929731
 H -4.927560 1.219013 0.229208
 H 5.340508 2.559675 -2.508806
 H 4.194616 1.511240 -2.720203
 H 3.564932 -0.143547 -0.851651
 H 2.497330 0.515112 -1.791527
 H -6.062666 -1.340783 1.492172
 H -4.686015 -1.839682 2.079545
 H 1.348931 2.905199 1.989264
 H 1.483265 2.780167 0.422173
K_POINTS
 1
0.0 0.0 0.0 1.0