
&control
    calculation='scf'
    pseudo_dir = './',
    outdir='./outputs',
    disk_io='high'
/
&system
    ibrav= 1, celldm(1)=20.000000, nat=  192, ntyp= 2,
    ecutwfc = 30.0, nosym=.true., occupations='smearing',
    smearing='m-v', degauss=0.025
/
&electrons
    conv_thr =  1.0d-8,
    mixing_beta = 0.7
/
&ions
    pot_extrapolation='second-order'
    wfc_extrapolation='second-order'
    ion_temperature = 'andersen'
    tempw = 1000

/
ATOMIC_SPECIES
 H  1.01  H.blyp-hgh.UPF
 O  16.0  O.blyp-hgh.UPF
ATOMIC_POSITIONS bohr
 O -5.204936 -1.359272 -1.931795
 O 3.578189 -2.101138 5.534266
 O -5.783729 5.716976 -5.368866
 O 0.001464 3.976152 -1.289507
 O -4.792955 0.910949 4.048411
 O -0.263628 5.778704 5.310450
 O -0.247113 -5.427955 -3.234176
 O 2.546789 0.037578 3.713192
 O -2.764121 -5.405104 5.818005
 O 2.325343 -2.628850 2.306457
 O 2.644920 -6.284833 2.910212
 O -4.027202 -3.285166 4.486386
 O -4.456016 -5.741606 0.657990
 O -3.614791 -5.642386 -4.017919
 O 2.723936 -2.987827 -2.476259
 O -2.264504 2.495015 0.263973
 O -1.336345 -2.153056 2.284760
 O 0.275892 -4.387927 3.877718
 O 5.176176 -4.531522 -5.024027
 O 5.178129 5.059319 2.247910
 O 5.692954 -3.211211 3.328958
 O -3.229530 -2.596392 -3.951906
 O -1.030156 2.767961 -4.933662
 O 4.103223 2.362681 2.995476
 O 2.391535 1.541287 -3.434869
 O -4.509866 2.443294 -6.431103
 O 4.586517 -5.940953 -1.125468
 O 2.038828 -0.994871 -4.975440
 O -2.041115 -0.029811 -4.996880
 O 1.127737 -0.313841 1.035084
 O 4.770865 -1.732020 -3.405199
 O 5.244023 0.022447 -0.150246
 O -0.014081 4.686904 2.618503
 O -4.624450 0.733175 -4.129837
 O 0.938601 -3.885129 -0.403947
 O 4.421651 4.287369 -4.894956
 O 2.988763 5.476419 5.684813
 O -5.411110 4.567592 -1.940127
 O -0.288436 0.957707 -2.021073
 O -3.123065 -3.898570 -0.833287
 O -2.859239 5.480467 3.235804
 O -1.951143 2.920791 4.615062
 O -2.405792 -0.844441 -0.746978
 O -1.416778 -1.707230 4.820725
 O 0.689511 1.887841 5.255749
 O -4.482535 3.175060 1.264905
 O 3.193567 4.267384 -0.899648
 O 2.744666 -5.741676 -3.849718
 O -2.505349 4.250490 -2.500479
 O 4.840495 0.655037 5.672153
 O -2.666951 0.351425 2.061479
 O -0.654618 -2.141252 -2.823721
 O 0.019622 -3.480711 -5.518968
 O 5.845159 -5.861589 4.347851
 O 4.709884 -3.296811 0.123854
 O 4.622895 -0.782855 2.317251
 O 1.433191 4.250402 -4.275693
 O -1.162909 -5.857486 0.188134
 O -5.346089 -1.826035 -5.857672
 O -4.792834 1.173770 -0.736867
 O 5.089860 1.641296 -2.313267
 O 2.763651 -0.350106 -1.398276
 O -5.125361 -1.539384 1.256573
 O 1.648626 2.294750 1.264380
 H -5.437326 -1.807378 -1.088828
 H -4.998781 -0.466869 -1.537631
 H 4.514923 -1.832208 5.392742
 H 3.265543 -2.352196 4.640280
 H -6.503390 5.225380 -4.891218
 H -4.967700 5.289909 -5.047023
 H -0.328569 3.132967 -1.706000
 H 0.810319 4.288791 -1.750158
 H -5.555521 1.347632 4.486942
 H -4.114141 1.426071 4.563501
 H 0.026486 6.627389 4.850595
 H 0.082025 5.832300 6.222533
 H -0.618375 -5.479150 -2.328514
 H -1.030524 -5.238086 -3.783068
 H 3.222232 0.751407 3.559156
 H 1.815281 0.582828 4.111184
 H -3.035471 -5.830702 6.673007
 H -1.872041 -5.801018 5.611131
 H 1.752809 -1.835269 2.425746
 H 3.050293 -2.369586 1.687395
 H 3.514557 -6.558685 2.515515
 H 2.041377 -6.935554 2.488542
 H -3.801443 -3.675838 5.366740
 H -4.785378 -2.695788 4.700270
 H -4.919570 -6.481259 0.214038
 H -3.869833 -5.413248 -0.064434
 H -3.265044 -4.740833 -3.820253
 H -3.737904 -6.079397 -3.150753
 H 2.587079 -2.125470 -1.992763
 H 2.432723 -3.813782 -2.037047
 H -1.324921 2.727369 0.388997
 H -2.493398 1.664443 0.755954
 H -0.362898 -2.178132 2.012501
 H -1.264090 -2.217299 3.273291
 H 0.580656 -4.587990 2.964464
 H -0.671945 -4.206151 3.713241
 H 5.930139 -4.891722 -4.516130
 H 4.809273 -3.789762 -4.493606
 H 5.437986 5.876023 2.757376
 H 5.515979 4.964964 1.344122
 H 5.418455 -2.307077 3.579085
 H 4.883178 -3.599360 2.948064
 H -2.382767 -2.180901 -3.650629
 H -3.259243 -2.648400 -4.922944
 H -0.617507 3.114938 -4.119115
 H -1.377840 1.872349 -4.666932
 H 4.397329 3.269824 2.720880
 H 3.438794 2.142269 2.300020
 H 2.009121 0.669643 -3.705769
 H 1.793315 2.297386 -3.651786
 H -4.939838 1.762338 -5.885190
 H -3.675776 2.639227 -5.958363
 H 4.194382 -5.245947 -0.546132
 H 5.440869 -6.108489 -0.682634
 H 2.760202 -1.447411 -5.493115
 H 1.549393 -0.455256 -5.622742
 H -2.013167 -0.097310 -5.974932
 H -2.871094 -0.433814 -4.670062
 H 1.435504 0.403811 1.629875
 H 1.769514 -0.231375 0.291623
 H 4.252566 -2.520552 -3.082882
 H 5.707867 -1.833488 -3.130722
 H 5.571125 0.813610 -0.642222
 H 5.466851 -0.719479 -0.785880
 H 0.521213 5.016514 3.392253
 H -0.942423 4.919632 2.878906
 H -4.710152 0.351673 -3.226827
 H -5.584148 0.651607 -4.352281
 H 0.395622 -4.446330 0.198066
 H 1.022959 -3.070540 0.131523
 H 4.008471 4.499644 -5.785389
 H 4.767398 3.388156 -5.038640
 H 2.699182 5.982662 4.888389
 H 3.229453 6.221004 6.284008
 H -5.971659 4.170021 -1.243674
 H -5.059507 3.772076 -2.408102
 H -0.560042 0.103966 -2.447374
 H -0.056147 0.673275 -1.118710
 H -3.995618 -3.945805 -0.331686
 H -3.348693 -3.524959 -1.730828
 H -3.351588 5.681360 2.408737
 H -3.095166 6.192179 3.895901
 H -1.765555 2.624022 3.705966
 H -1.988936 3.898886 4.607320
 H -2.706181 -1.773483 -0.685800
 H -3.034620 -0.408663 -0.127448
 H -2.396303 -1.850221 4.813708
 H -1.050611 -2.328898 5.508748
 H 0.878225 1.869929 6.223716
 H -0.266697 2.158137 5.185519
 H -4.273174 2.664783 2.081086
 H -3.624203 3.597040 1.014532
 H 3.774550 5.054212 -1.095579
 H 3.296436 3.681172 -1.679379
 H 3.708099 -5.560939 -3.801250
 H 2.358089 -5.764407 -2.956945
 H -2.101586 4.238506 -3.392036
 H -1.755040 4.718517 -2.043155
 H 5.257778 -0.104137 6.158971
 H 4.104516 0.243901 5.168432
 H -2.594622 -0.621814 2.197505
 H -3.494990 0.543533 2.585257
 H 0.197698 -1.671043 -2.945276
 H -0.358808 -2.813907 -2.162144
 H -0.266563 -3.619619 -4.592168
 H 0.932158 -3.160142 -5.325173
 H 6.011740 -6.520524 5.063987
 H 6.433225 -5.104127 4.527740
 H 5.479752 -3.475325 -0.447889
 H 3.997306 -3.182167 -0.556255
 H 4.809410 0.157848 2.548804
 H 3.662476 -0.860493 2.511960
 H 1.516579 4.042287 -5.227401
 H 2.298231 4.645933 -4.020785
 H -1.066974 -6.814048 0.352635
 H -2.088430 -5.596508 0.345880
 H -4.530412 -1.517819 -6.314916
 H -5.348471 -1.452194 -4.949776
 H -4.109810 1.872748 -0.926845
 H -4.931057 1.218246 0.228541
 H 5.334048 2.564014 -2.513600
 H 4.193297 1.510535 -2.719523
 H 3.563993 -0.147856 -0.848880
 H 2.499296 0.515840 -1.791720
 H -6.061110 -1.341296 1.488589
 H -4.687998 -1.846386 2.077885
 H 1.356742 2.908381 1.987715
 H 1.482573 2.777974 0.420677
K_POINTS
 1
0.0 0.0 0.0 1.0