
&control
    calculation='scf'
    pseudo_dir = './',
    outdir='./outputs',
    disk_io='high'
/
&system
    ibrav= 1, celldm(1)=20.000000, nat=  192, ntyp= 2,
    ecutwfc = 30.0, nosym=.true., occupations='smearing',
    smearing='m-v', degauss=0.025
/
&electrons
    conv_thr =  1.0d-8,
    mixing_beta = 0.7
/
&ions
    pot_extrapolation='second-order'
    wfc_extrapolation='second-order'
    ion_temperature = 'andersen'
    tempw = 1000

/
ATOMIC_SPECIES
 H  1.01  H.blyp-hgh.UPF
 O  16.0  O.blyp-hgh.UPF
ATOMIC_POSITIONS bohr
 O -5.201549 -1.357126 -1.935590
 O 3.576366 -2.107275 5.539628
 O -5.783768 5.718017 -5.368145
 O 0.005569 3.978332 -1.284575
 O -4.790873 0.914356 4.046583
 O -0.265279 5.791354 5.311937
 O -0.251412 -5.427208 -3.226753
 O 2.543146 0.043777 3.721128
 O -2.759383 -5.409427 5.822678
 O 2.335857 -2.624440 2.313963
 O 2.645594 -6.291303 2.910467
 O -4.030525 -3.295602 4.492127
 O -4.458716 -5.741997 0.654552
 O -3.611779 -5.633636 -4.021163
 O 2.731987 -2.994895 -2.476879
 O -2.269265 2.498963 0.248309
 O -1.335880 -2.161050 2.292081
 O 0.275587 -4.399946 3.881729
 O 5.166026 -4.532662 -5.022873
 O 5.168925 5.059663 2.247411
 O 5.686997 -3.217352 3.335114
 O -3.227463 -2.591126 -3.952468
 O -1.036907 2.767740 -4.931036
 O 4.107848 2.361252 2.993113
 O 2.395632 1.541407 -3.443230
 O -4.499300 2.445075 -6.431641
 O 4.590309 -5.935702 -1.119504
 O 2.035048 -0.985092 -4.984860
 O -2.035967 -0.033424 -5.004648
 O 1.132195 -0.318316 1.042593
 O 4.777637 -1.733060 -3.402561
 O 5.236662 0.013144 -0.145950
 O -0.006869 4.686662 2.639602
 O -4.622441 0.728892 -4.133437
 O 0.945671 -3.883727 -0.401841
 O 4.422326 4.299076 -4.906153
 O 2.975842 5.480888 5.680910
 O -5.412878 4.581229 -1.938434
 O -0.280528 0.959736 -2.030246
 O -3.127765 -3.904987 -0.834673
 O -2.863724 5.481537 3.235301
 O -1.962961 2.921081 4.625055
 O -2.403131 -0.861245 -0.746911
 O -1.413532 -1.692801 4.826954
 O 0.693858 1.882648 5.261029
 O -4.483653 3.175324 1.264042
 O 3.199163 4.272169 -0.908838
 O 2.748324 -5.733586 -3.854838
 O -2.508309 4.246646 -2.510530
 O 4.830010 0.656065 5.680069
 O -2.661380 0.356870 2.067661
 O -0.650551 -2.137855 -2.830204
 O 0.018655 -3.478458 -5.519572
 O 5.846293 -5.861583 4.352542
 O 4.699670 -3.299007 0.125877
 O 4.626562 -0.783814 2.314419
 O 1.436019 4.244269 -4.274156
 O -1.173235 -5.854788 0.179813
 O -5.340970 -1.833539 -5.861711
 O -4.795388 1.175181 -0.738140
 O 5.088801 1.654899 -2.323709
 O 2.758652 -0.350712 -1.396467
 O -5.119165 -1.545067 1.250299
 O 1.648799 2.293025 1.262351
 H -5.440915 -1.806013 -1.092416
 H -5.009948 -0.460636 -1.538426
 H 4.497054 -1.803399 5.376420
 H 3.250287 -2.342200 4.647824
 H -6.507193 5.237410 -4.886157
 H -4.960381 5.320884 -5.031253
 H -0.307576 3.125082 -1.683298
 H 0.817726 4.275271 -1.748568
 H -5.558923 1.336103 4.487413
 H -4.119727 1.429001 4.572437
 H 0.021811 6.641612 4.853055
 H 0.074972 5.847158 6.223833
 H -0.620909 -5.487616 -2.321809
 H -1.035581 -5.247680 -3.776770
 H 3.217130 0.759781 3.565801
 H 1.815842 0.585518 4.133719
 H -3.039874 -5.854799 6.662163
 H -1.864250 -5.799813 5.613810
 H 1.756584 -1.840151 2.448118
 H 3.032568 -2.354244 1.667920
 H 3.524050 -6.561800 2.532220
 H 2.058799 -6.939103 2.464988
 H -3.809938 -3.678118 5.376211
 H -4.769086 -2.684087 4.689120
 H -4.920177 -6.484438 0.215432
 H -3.868882 -5.422643 -0.066296
 H -3.233332 -4.744830 -3.826802
 H -3.722325 -6.072729 -3.154080
 H 2.565085 -2.128104 -2.004538
 H 2.444211 -3.817976 -2.026816
 H -1.327614 2.730117 0.354686
 H -2.465953 1.652490 0.726414
 H -0.380291 -2.230202 2.007878
 H -1.268423 -2.223744 3.285484
 H 0.582864 -4.571213 2.964103
 H -0.668068 -4.200112 3.718401
 H 5.918051 -4.910870 -4.527163
 H 4.810375 -3.801138 -4.474057
 H 5.458652 5.883398 2.751090
 H 5.492852 4.964843 1.338653
 H 5.415415 -2.308735 3.573053
 H 4.870106 -3.598494 2.963108
 H -2.391035 -2.168259 -3.640008
 H -3.241272 -2.648698 -4.922171
 H -0.610265 3.130192 -4.131159
 H -1.390104 1.875012 -4.657399
 H 4.371020 3.276439 2.721520
 H 3.442194 2.133689 2.302616
 H 1.991855 0.685719 -3.732028
 H 1.813912 2.309443 -3.658884
 H -4.927800 1.764354 -5.890203
 H -3.658531 2.623702 -5.966499
 H 4.207416 -5.250691 -0.527744
 H 5.444851 -6.119033 -0.688461
 H 2.760644 -1.438947 -5.493827
 H 1.557171 -0.451248 -5.644146
 H -2.031792 -0.104530 -5.982004
 H -2.860366 -0.424232 -4.651603
 H 1.464133 0.407004 1.618180
 H 1.753642 -0.236569 0.272592
 H 4.249619 -2.516587 -3.087823
 H 5.711276 -1.839577 -3.128097
 H 5.563251 0.812175 -0.629036
 H 5.487221 -0.728988 -0.771910
 H 0.503998 5.040904 3.417394
 H -0.941387 4.905941 2.903351
 H -4.683782 0.356055 -3.224457
 H -5.583995 0.649846 -4.338513
 H 0.386265 -4.451516 0.182821
 H 1.002978 -3.063989 0.130666
 H 3.994112 4.490337 -5.796011
 H 4.756190 3.394988 -5.051322
 H 2.695417 5.993434 4.886909
 H 3.247601 6.220026 6.272511
 H -5.979761 4.179327 -1.248600
 H -5.079914 3.772695 -2.400497
 H -0.606159 0.112958 -2.432753
 H -0.056874 0.670759 -1.130381
 H -3.971457 -3.964782 -0.292916
 H -3.395797 -3.532058 -1.724329
 H -3.331663 5.679987 2.393980
 H -3.116447 6.199840 3.879597
 H -1.786221 2.640815 3.707551
 H -1.989826 3.900763 4.623410
 H -2.718009 -1.784809 -0.674240
 H -3.019319 -0.400284 -0.133126
 H -2.389333 -1.859279 4.819990
 H -1.051087 -2.329215 5.502381
 H 0.855527 1.901889 6.233009
 H -0.254447 2.171419 5.177540
 H -4.244760 2.656177 2.065203
 H -3.627880 3.598675 1.006762
 H 3.768498 5.062488 -1.116595
 H 3.307216 3.658924 -1.665539
 H 3.711195 -5.563039 -3.801999
 H 2.360086 -5.770631 -2.965258
 H -2.092959 4.243047 -3.395334
 H -1.781876 4.731303 -2.026048
 H 5.238043 -0.100621 6.178766
 H 4.090965 0.241214 5.178508
 H -2.580742 -0.625864 2.204558
 H -3.511664 0.522125 2.567778
 H 0.194666 -1.656724 -2.977390
 H -0.336908 -2.827721 -2.194501
 H -0.275123 -3.640552 -4.602949
 H 0.935285 -3.180067 -5.321845
 H 6.044659 -6.507338 5.074142
 H 6.425671 -5.091405 4.510674
 H 5.472988 -3.489105 -0.436624
 H 3.982696 -3.222104 -0.553263
 H 4.842512 0.153788 2.542770
 H 3.668200 -0.862724 2.526460
 H 1.533950 4.025355 -5.224124
 H 2.314706 4.632939 -4.017683
 H -1.061546 -6.809725 0.337577
 H -2.099856 -5.618336 0.360042
 H -4.539855 -1.483880 -6.311080
 H -5.359703 -1.482763 -4.946146
 H -4.072646 1.838742 -0.914249
 H -4.944782 1.215637 0.225842
 H 5.307828 2.581175 -2.532998
 H 4.188608 1.508066 -2.717082
 H 3.561389 -0.165005 -0.837935
 H 2.507127 0.518013 -1.793014
 H -6.054651 -1.343644 1.474705
 H -4.697126 -1.873543 2.070398
 H 1.387586 2.920566 1.979721
 H 1.480158 2.769276 0.415934
K_POINTS
 1
0.0 0.0 0.0 1.0