
&control
    calculation='scf'
    pseudo_dir = './',
    outdir='./outputs',
    disk_io='high'
/
&system
    ibrav= 1, celldm(1)=20.000000, nat=  192, ntyp= 2,
    ecutwfc = 30.0, nosym=.true., occupations='smearing',
    smearing='m-v', degauss=0.025
/
&electrons
    conv_thr =  1.0d-8,
    mixing_beta = 0.7
/
&ions
    pot_extrapolation='second-order'
    wfc_extrapolation='second-order'
    ion_temperature = 'andersen'
    tempw = 1000

/
ATOMIC_SPECIES
 H  1.01  H.blyp-hgh.UPF
 O  16.0  O.blyp-hgh.UPF
ATOMIC_POSITIONS bohr
 O -5.199924 -1.356057 -1.937341
 O 3.575592 -2.110355 5.542264
 O -5.783740 5.718477 -5.367736
 O 0.007592 3.979356 -1.282078
 O -4.789739 0.916068 4.045654
 O -0.266167 5.797761 5.312659
 O -0.253613 -5.426808 -3.222980
 O 2.541306 0.047162 3.725182
 O -2.756985 -5.411644 5.825018
 O 2.341172 -2.622296 2.317712
 O 2.645903 -6.294605 2.910483
 O -4.032126 -3.300676 4.495130
 O -4.460084 -5.742246 0.652792
 O -3.610182 -5.629190 -4.022679
 O 2.736098 -2.998447 -2.477193
 O -2.271608 2.500991 0.240428
 O -1.335417 -2.165212 2.295648
 O 0.275360 -4.405981 3.883616
 O 5.160832 -4.533197 -5.022180
 O 5.164140 5.059809 2.247189
 O 5.684023 -3.220423 3.338245
 O -3.226467 -2.588558 -3.952620
 O -1.040351 2.767530 -4.929632
 O 4.110099 2.360514 2.991801
 O 2.397724 1.541446 -3.447354
 O -4.493978 2.446102 -6.431793
 O 4.592271 -5.932994 -1.116489
 O 2.033090 -0.980181 -4.989480
 O -2.033292 -0.035185 -5.008531
 O 1.134508 -0.320599 1.046306
 O 4.781112 -1.733630 -3.401339
 O 5.232951 0.008363 -0.143968
 O -0.003219 4.686600 2.650266
 O -4.621681 0.726638 -4.135135
 O 0.949137 -3.883007 -0.400689
 O 4.422638 4.304802 -4.911806
 O 2.969351 5.483323 5.679033
 O -5.413835 4.587907 -1.937585
 O -0.276560 0.960650 -2.034950
 O -3.130364 -3.908151 -0.835432
 O -2.865955 5.482171 3.235064
 O -1.968822 2.921139 4.630074
 O -2.401888 -0.869651 -0.746832
 O -1.411995 -1.685634 4.830265
 O 0.696056 1.879983 5.263740
 O -4.484281 3.175539 1.263720
 O 3.201935 4.274467 -0.913519
 O 2.750147 -5.729571 -3.857439
 O -2.509639 4.244911 -2.515564
 O 4.824897 0.656463 5.684109
 O -2.658865 0.359557 2.070915
 O -0.648342 -2.136209 -2.833356
 O 0.018237 -3.477323 -5.519855
 O 5.846869 -5.861653 4.354850
 O 4.694443 -3.300161 0.126756
 O 4.628423 -0.784210 2.313137
 O 1.437455 4.241061 -4.273321
 O -1.178329 -5.853409 0.175596
 O -5.338425 -1.837274 -5.863790
 O -4.796525 1.175979 -0.738915
 O 5.088230 1.661761 -2.329010
 O 2.756061 -0.351000 -1.395437
 O -5.116004 -1.547912 1.247118
 O 1.648902 2.292308 1.261416
 H -5.442091 -1.805563 -1.094456
 H -5.015090 -0.457453 -1.538919
 H 4.487512 -1.789827 5.368671
 H 3.242280 -2.337203 4.651709
 H -6.509267 5.243350 -4.884441
 H -4.956843 5.336623 -5.023643
 H -0.296345 3.121818 -1.671897
 H 0.821054 4.267915 -1.747665
 H -5.561412 1.329657 4.486626
 H -4.122630 1.430154 4.576432
 H 0.019750 6.648386 4.854726
 H 0.071902 5.854606 6.224403
 H -0.622041 -5.491829 -2.318337
 H -1.038178 -5.252948 -3.773727
 H 3.213825 0.763639 3.569434
 H 1.816050 0.586383 4.145091
 H -3.042037 -5.866353 6.656161
 H -1.860573 -5.799194 5.615532
 H 1.759171 -1.842443 2.458589
 H 3.022682 -2.346764 1.658626
 H 3.528685 -6.563359 2.541105
 H 2.067464 -6.940308 2.453250
 H -3.814158 -3.679937 5.379988
 H -4.761236 -2.679187 4.683056
 H -4.920074 -6.486279 0.216391
 H -3.868455 -5.428129 -0.067316
 H -3.218072 -4.746801 -3.830237
 H -3.714306 -6.069728 -3.155909
 H 2.553885 -2.130398 -2.010309
 H 2.449079 -3.818517 -2.021314
 H -1.329048 2.730708 0.337624
 H -2.451029 1.646777 0.711950
 H -0.391134 -2.255468 2.005662
 H -1.270544 -2.226267 3.291304
 H 0.584678 -4.562895 2.964535
 H -0.666190 -4.196817 3.721183
 H 5.912295 -4.920610 -4.533208
 H 4.811373 -3.806665 -4.464867
 H 5.470162 5.886204 2.747999
 H 5.481751 4.965386 1.336368
 H 5.413824 -2.309516 3.569190
 H 4.863706 -3.598102 2.970718
 H -2.394807 -2.162312 -3.635329
 H -3.231737 -2.648860 -4.921636
 H -0.606350 3.137599 -4.137351
 H -1.396018 1.877083 -4.652948
 H 4.358310 3.279467 2.722493
 H 3.444010 2.129958 2.303690
 H 1.983573 0.694419 -3.745638
 H 1.824266 2.315113 -3.662536
 H -4.921513 1.765488 -5.892278
 H -3.649912 2.615907 -5.970710
 H 4.213933 -5.253116 -0.518363
 H 5.446936 -6.124158 -0.691752
 H 2.760348 -1.434181 -5.494269
 H 1.561187 -0.449642 -5.655210
 H -2.041160 -0.108512 -5.985160
 H -2.855067 -0.418804 -4.642891
 H 1.477729 0.408553 1.612036
 H 1.745222 -0.239628 0.263025
 H 4.248213 -2.513718 -3.090257
 H 5.712700 -1.842627 -3.126247
 H 5.558842 0.810989 -0.622751
 H 5.496910 -0.732088 -0.763896
 H 0.494230 5.052312 3.429449
 H -0.940310 4.899168 2.915240
 H -4.669692 0.358640 -3.223438
 H -5.583618 0.649415 -4.331738
 H 0.381585 -4.454415 0.174320
 H 0.993352 -3.060666 0.130090
 H 3.987115 4.486039 -5.800728
 H 4.750594 3.398153 -5.057519
 H 2.693980 5.997750 4.885327
 H 3.256469 6.219157 6.266866
 H -5.983690 4.183910 -1.251150
 H -5.089661 3.774099 -2.396218
 H -0.629579 0.118671 -2.424793
 H -0.057454 0.669332 -1.135596
 H -3.958028 -3.972547 -0.274674
 H -3.419279 -3.536153 -1.719784
 H -3.321862 5.679490 2.387327
 H -3.127004 6.202796 3.870790
 H -1.796722 2.649657 3.708271
 H -1.990204 3.901325 4.631042
 H -2.723451 -1.790401 -0.668383
 H -3.011076 -0.396208 -0.136230
 H -2.385269 -1.864320 4.822998
 H -1.051271 -2.328972 5.499104
 H 0.843699 1.918042 6.236660
 H -0.247874 2.178263 5.173693
 H -4.231062 2.652612 2.057052
 H -3.630136 3.598237 1.002832
 H 3.764993 5.066455 -1.126996
 H 3.312664 3.648042 -1.658154
 H 3.712658 -5.563938 -3.802118
 H 2.361336 -5.773690 -2.969501
 H -2.089291 4.244884 -3.397466
 H -1.796235 4.736686 -2.017326
 H 5.227483 -0.097881 6.187999
 H 4.084218 0.240020 5.184031
 H -2.572318 -0.627252 2.207203
 H -3.519252 0.511629 2.558517
 H 0.192712 -1.649754 -2.994228
 H -0.326555 -2.834382 -2.210761
 H -0.279726 -3.650796 -4.608293
 H 0.936583 -3.189836 -5.320899
 H 6.061250 -6.499998 5.079054
 H 6.421563 -5.085013 4.502095
 H 5.469834 -3.495868 -0.430598
 H 3.975736 -3.241682 -0.551412
 H 4.859136 0.151129 2.539167
 H 3.671589 -0.863712 2.533877
 H 1.542852 4.017361 -5.222320
 H 2.322211 4.626702 -4.017020
 H -1.058816 -6.807559 0.330259
 H -2.105104 -5.629466 0.367318
 H -4.545288 -1.466283 -6.308237
 H -5.364729 -1.498219 -4.944837
 H -4.054752 1.820773 -0.907322
 H -4.951461 1.214624 0.224471
 H 5.294531 2.589666 -2.542829
 H 4.186627 1.507014 -2.716048
 H 3.560659 -0.173522 -0.832658
 H 2.511045 0.518636 -1.793966
 H -6.051347 -1.344991 1.468054
 H -4.702379 -1.887330 2.066177
 H 1.402682 2.926421 1.974790
 H 1.479162 2.764986 0.414291
K_POINTS
 1
0.0 0.0 0.0 1.0