
&control
    calculation='scf'
    pseudo_dir = './',
    outdir='./outputs',
    disk_io='high'
/
&system
    ibrav= 1, celldm(1)=20.000000, nat=  192, ntyp= 2,
    ecutwfc = 30.0, nosym=.true., occupations='smearing',
    smearing='m-v', degauss=0.025
/
&electrons
    conv_thr =  1.0d-8,
    mixing_beta = 0.7
/
&ions
    pot_extrapolation='second-order'
    wfc_extrapolation='second-order'
    ion_temperature = 'andersen'
    tempw = 1000

/
ATOMIC_SPECIES
 H  1.01  H.blyp-hgh.UPF
 O  16.0  O.blyp-hgh.UPF
ATOMIC_POSITIONS bohr
 O -5.244139 -1.547554 -1.213779
 O 3.992372 -2.209016 5.401513
 O -5.717392 5.235060 -5.563998
 O -0.157375 3.563319 -1.581814
 O -4.720079 0.701799 3.832153
 O -0.240291 5.424520 5.181081
 O -0.130316 -5.365446 -3.404360
 O 2.280888 0.333640 3.695779
 O -2.858835 -5.300551 5.617177
 O 1.869201 -3.036268 1.621448
 O 2.502565 -6.066179 2.904968
 O -4.232188 -3.055402 4.344724
 O -4.420434 -5.967563 0.714859
 O -3.555530 -5.677034 -3.623285
 O 2.048964 -2.742442 -2.106444
 O -1.760748 2.521520 1.469828
 O -1.031297 -1.395747 1.659329
 O 0.259809 -4.239334 3.637643
 O 5.447062 -4.112175 -4.940477
 O 5.631876 4.797969 2.181222
 O 6.032785 -2.954356 3.251617
 O -3.226865 -3.033515 -3.808613
 O -0.916292 2.574834 -4.934425
 O 3.865974 2.348491 2.827667
 O 2.318990 1.281541 -3.117739
 O -4.923695 2.865357 -6.122362
 O 4.425790 -5.938113 -1.255737
 O 1.940240 -1.324308 -4.580837
 O -2.023592 0.264574 -4.830316
 O 0.834847 -0.320411 0.628119
 O 4.794206 -1.766715 -3.809065
 O 5.174364 0.058849 -0.010853
 O -0.348149 4.455062 1.817404
 O -5.308669 0.720280 -3.997291
 O 0.735120 -3.792134 -0.341531
 O 4.628621 3.414737 -4.273953
 O 3.576391 5.491293 5.807737
 O -5.065392 3.603684 -1.732667
 O -0.418970 1.042534 -1.565570
 O -2.963611 -3.284769 -1.190521
 O -2.594077 5.445040 3.397863
 O -1.488859 2.791256 3.772164
 O -2.645101 -0.202908 -0.660007
 O -1.513295 -2.224717 4.930173
 O 0.772883 1.763291 4.851230
 O -4.843198 3.426995 1.458652
 O 2.766240 3.881161 -0.529967
 O 2.671563 -5.946867 -3.538556
 O -2.680253 4.606974 -2.312916
 O 5.708561 0.515172 5.253991
 O -3.163274 0.154941 1.962326
 O -0.633154 -2.449387 -2.251501
 O 0.026137 -3.196270 -5.509201
 O 5.664510 -5.978398 4.464529
 O 5.178792 -2.962976 -0.235437
 O 4.723804 -0.697293 2.399489
 O 1.032546 4.299061 -4.383551
 O -0.573847 -5.734956 0.467707
 O -5.582050 -1.335241 -5.803575
 O -4.629408 1.491658 -0.956484
 O 5.232176 1.708864 -2.829973
 O 2.684326 -0.256504 -0.926804
 O -5.307533 -1.172260 1.183570
 O 1.500776 2.746067 1.419177
 H -4.741948 -1.762549 -0.403474
 H -4.547997 -1.478008 -1.890839
 H 3.507553 -3.001094 5.693261
 H 3.308759 -1.577643 5.086547
 H -6.226659 4.825010 -4.831902
 H -5.983152 4.661039 -6.311497
 H 0.337187 3.258074 -0.776971
 H 0.414174 4.217217 -2.026762
 H -5.444755 0.039844 3.803879
 H -5.127765 1.363622 4.436089
 H 0.210893 6.294509 5.133588
 H -0.214552 5.130861 6.118223
 H -0.375915 -5.654929 -2.506847
 H -0.763382 -5.859416 -3.957592
 H 2.413953 1.205433 3.237506
 H 1.385217 0.063832 3.416289
 H -3.508278 -5.609160 6.289775
 H -1.997889 -5.323858 6.081621
 H 1.917309 -2.043152 1.601200
 H 2.767413 -3.402653 1.671581
 H 3.298306 -6.203138 2.352402
 H 1.807090 -6.637298 2.505929
 H -3.617364 -3.516334 3.745413
 H -4.269990 -2.135094 4.014675
 H -3.485733 -6.181503 0.525261
 H -4.537783 -5.065850 0.334746
 H -4.468659 -5.638162 -3.282841
 H -3.519618 -6.563753 -4.029904
 H 2.158681 -1.760942 -2.040261
 H 2.440487 -3.085902 -1.281572
 H -1.567048 3.140261 0.747538
 H -1.380256 1.658416 1.194705
 H -0.374608 -1.921412 1.165764
 H -0.924331 -1.627847 2.606490
 H 0.898681 -3.555285 3.916319
 H -0.348781 -3.723542 3.072060
 H 5.910937 -4.738229 -5.534203
 H 6.141337 -3.628866 -4.455055
 H 5.483753 5.607267 2.738415
 H 5.977832 5.087579 1.314652
 H 5.312810 -2.639408 2.666372
 H 6.578170 -3.595219 2.767401
 H -2.376100 -2.832049 -4.248385
 H -3.945244 -2.957095 -4.460903
 H -0.496586 2.981198 -4.144849
 H -0.671715 1.620473 -4.893273
 H 4.690553 2.480819 3.338435
 H 3.428425 3.221922 2.818652
 H 2.905437 1.041231 -3.864291
 H 2.133155 2.240362 -3.167656
 H -5.008912 2.469276 -5.223391
 H -3.981464 3.104179 -6.238546
 H 4.212413 -5.033047 -1.581292
 H 5.387650 -5.901640 -1.092613
 H 2.772473 -1.112606 -5.060408
 H 1.193554 -1.006333 -5.126905
 H -2.130498 -0.477151 -5.451754
 H -2.862274 0.762559 -4.867186
 H 1.326294 0.509210 0.757050
 H 1.155359 -0.546623 -0.266428
 H 4.006899 -2.204436 -3.395657
 H 5.430528 -1.710259 -3.059614
 H 5.098753 1.026357 -0.090933
 H 5.967449 -0.238801 -0.588540
 H -0.586226 4.030205 2.698336
 H -0.346322 5.422854 1.930627
 H -4.721463 1.174808 -3.351944
 H -6.007407 0.416068 -3.363049
 H 0.732992 -4.703676 -0.658895
 H 0.723136 -3.907305 0.624177
 H 3.712726 3.660932 -4.067028
 H 4.583802 2.799701 -5.031230
 H 3.188769 4.911020 5.119581
 H 2.847769 6.122981 5.955927
 H -5.858385 3.893023 -1.243122
 H -4.795079 4.342176 -2.320233
 H -0.010854 0.367862 -2.139084
 H -1.311975 1.125832 -1.947157
 H -3.117694 -3.302557 -2.189251
 H -2.781998 -4.211749 -0.970979
 H -3.222881 5.870070 2.781660
 H -2.474683 6.085372 4.151674
 H -1.557924 1.819849 3.782778
 H -2.367728 3.116856 3.512940
 H -2.362852 -1.057387 -0.286729
 H -2.816654 0.307777 0.162128
 H -2.384563 -2.123511 5.360789
 H -1.326899 -3.176927 5.084218
 H 1.641253 1.706618 5.281693
 H 0.144568 2.225811 5.456964
 H -5.366956 3.392181 2.280868
 H -3.911263 3.195348 1.690279
 H 3.373524 4.570070 -0.177040
 H 2.823271 4.052410 -1.487280
 H 3.601397 -6.017098 -3.854381
 H 2.254607 -5.260606 -4.097053
 H -2.541614 3.881516 -2.959419
 H -2.114108 4.267964 -1.575980
 H 5.972465 0.190307 6.159277
 H 4.739519 0.444276 5.221293
 H -2.911571 -0.652536 2.432390
 H -3.651896 0.699980 2.633370
 H -0.088432 -3.249659 -2.320787
 H -0.228954 -2.059394 -1.462080
 H 0.426415 -3.480908 -4.654873
 H 0.764672 -3.175314 -6.141169
 H 4.968783 -5.492709 4.942186
 H 6.504075 -5.741096 4.896635
 H 5.666427 -3.568243 0.350393
 H 4.589261 -2.492009 0.381592
 H 4.241914 -0.504348 1.569675
 H 4.318657 -0.067178 3.028348
 H 1.425648 3.704836 -5.053720
 H 1.749052 4.947096 -4.060290
 H -0.893146 -6.388795 -0.187686
 H -1.351138 -5.216268 0.746499
 H -5.409465 -2.039437 -6.465915
 H -4.738870 -0.973572 -5.467793
 H -3.876290 2.096725 -1.027525
 H -4.814454 1.529769 0.003098
 H 5.794197 2.510383 -2.864376
 H 4.393912 2.003073 -2.439232
 H 3.511003 -0.651846 -0.560858
 H 3.017000 0.407252 -1.570953
 H -5.958529 -0.591651 1.645299
 H -4.859290 -1.646616 1.895243
 H 1.401644 3.719865 1.517232
 H 2.309621 2.589753 0.896762
K_POINTS
 1
0.0 0.0 0.0 1.0