
&control
    calculation='scf'
    pseudo_dir = './',
    outdir='./outputs',
    disk_io='high'
/
&system
    ibrav= 1, celldm(1)=20.000000, nat=  192, ntyp= 2,
    ecutwfc = 30.0, nosym=.true., occupations='smearing',
    smearing='m-v', degauss=0.025
/
&electrons
    conv_thr =  1.0d-8,
    mixing_beta = 0.7
/
&ions
    pot_extrapolation='second-order'
    wfc_extrapolation='second-order'
    ion_temperature = 'andersen'
    tempw = 1000

/
ATOMIC_SPECIES
 H  1.01  H.blyp-hgh.UPF
 O  16.0  O.blyp-hgh.UPF
ATOMIC_POSITIONS bohr
 O -5.197579 -1.354449 -1.939764
 O 3.574588 -2.114989 5.546166
 O -5.783644 5.719117 -5.367074
 O 0.010610 3.980833 -1.278277
 O -4.787931 0.918628 4.044239
 O -0.267586 5.807464 5.313715
 O -0.256968 -5.426176 -3.217251
 O 2.538527 0.052587 3.731378
 O -2.753350 -5.415028 5.828511
 O 2.349217 -2.619163 2.323336
 O 2.646344 -6.299634 2.910368
 O -4.034412 -3.308135 4.499757
 O -4.462161 -5.742686 0.650123
 O -3.607677 -5.622452 -4.024826
 O 2.742355 -3.003778 -2.477649
 O -2.275070 2.504070 0.228547
 O -1.334558 -2.171669 2.300940
 O 0.274928 -4.415047 3.886297
 O 5.152894 -4.533966 -5.021005
 O 5.156769 5.060076 2.246929
 O 5.679560 -3.225025 3.343003
 O -3.225037 -2.584790 -3.952682
 O -1.045604 2.767106 -4.927431
 O 4.113394 2.359373 2.989675
 O 2.400911 1.541480 -3.453473
 O -4.485944 2.447825 -6.431895
 O 4.595284 -5.928846 -1.111953
 O 2.030066 -0.972784 -4.996296
 O -2.029149 -0.037761 -5.014336
 O 1.138126 -0.324060 1.051778
 O 4.786414 -1.734526 -3.399646
 O 5.227354 0.001060 -0.141195
 O 0.002256 4.686593 2.666408
 O -4.620810 0.723131 -4.137548
 O 0.954239 -3.881912 -0.398827
 O 4.423060 4.313209 -4.920374
 O 2.959589 5.487214 5.676315
 O -5.415374 4.597730 -1.936299
 O -0.270610 0.961885 -2.042150
 O -3.134539 -3.912835 -0.836677
 O -2.869284 5.483231 3.234710
 O -1.977544 2.921135 4.637602
 O -2.400118 -0.882253 -0.746665
 O -1.409808 -1.674963 4.835471
 O 0.699378 1.875913 5.267901
 O -4.485298 3.175966 1.263370
 O 3.206042 4.277786 -0.920625
 O 2.752860 -5.723593 -3.861406
 O -2.511459 4.242551 -2.523090
 O 4.817361 0.656917 5.690252
 O -2.655427 0.363462 2.076003
 O -0.644802 -2.133791 -2.837985
 O 0.017675 -3.475621 -5.520292
 O 5.847763 -5.861841 4.358267
 O 4.686458 -3.301968 0.127929
 O 4.631262 -0.784704 2.311383
 O 1.439705 4.236094 -4.271985
 O -1.185882 -5.851307 0.169196
 O -5.334635 -1.842861 -5.866989
 O -4.798044 1.177277 -0.740244
 O 5.087315 1.672121 -2.337055
 O 2.752078 -0.351414 -1.393715
 O -5.111185 -1.552182 1.242284
 O 1.649094 2.291390 1.260089
 H -5.443023 -1.805174 -1.097916
 H -5.022248 -0.452689 -1.539834
 H 4.472631 -1.770471 5.357574
 H 3.229740 -2.329756 4.657598
 H -6.512502 5.252053 -4.882869
 H -4.951711 5.360456 -5.012480
 H -0.278827 3.117486 -1.654904
 H 0.825681 4.256279 -1.746148
 H -5.566170 1.319186 4.484198
 H -4.127075 1.431566 4.581822
 H 0.017044 6.658148 4.857715
 H 0.067938 5.865779 6.225270
 H -0.623613 -5.498106 -2.312943
 H -1.042204 -5.261442 -3.769293
 H 3.207984 0.769047 3.575248
 H 1.816277 0.587083 4.162226
 H -3.045234 -5.883078 6.646576
 H -1.855373 -5.798279 5.618570
 H 1.763792 -1.845601 2.473420
 H 3.006667 -2.335806 1.645241
 H 3.535554 -6.565665 2.555097
 H 2.080218 -6.941491 2.435722
 H -3.820508 -3.683490 5.384590
 H -4.750083 -2.672827 4.673543
 H -4.919485 -6.489434 0.218128
 H -3.867818 -5.437305 -0.069126
 H -3.195927 -4.749604 -3.835581
 H -3.702015 -6.065663 -3.158809
 H 2.536982 -2.135190 -2.018897
 H 2.455262 -3.817433 -2.012674
 H -1.331224 2.730747 0.312088
 H -2.427335 1.638605 0.690689
 H -0.409172 -2.292395 2.002311
 H -1.273572 -2.229111 3.299423
 H 0.588316 -4.550581 2.965912
 H -0.663484 -4.191559 3.725612
 H 5.904082 -4.935438 -4.542932
 H 4.813354 -3.814636 -4.451754
 H 5.488561 5.888767 2.743247
 H 5.465665 4.966880 1.333416
 H 5.411422 -2.310605 3.562385
 H 4.854253 -3.597643 2.982198
 H -2.399874 -2.153853 -3.629052
 H -3.216764 -2.649094 -4.920738
 H -0.600146 3.148330 -4.146792
 H -1.404528 1.881109 -4.646599
 H 4.339914 3.283783 2.724775
 H 3.446840 2.124962 2.304966
 H 1.971667 0.708180 -3.766572
 H 1.839811 2.323287 -3.668143
 H -4.911897 1.767168 -5.894698
 H -3.636896 2.604235 -5.977178
 H 4.223636 -5.256696 -0.503927
 H 5.450315 -6.131694 -0.697100
 H 2.759355 -1.426467 -5.495045
 H 1.567274 -0.447664 -5.672248
 H -2.055265 -0.114939 -5.989469
 H -2.847283 -0.409928 -4.630533
 H 1.497131 0.410711 1.602455
 H 1.731758 -0.244855 0.248951
 H 4.246164 -2.508430 -3.093771
 H 5.714651 -1.847247 -3.122732
 H 5.551606 0.808531 -0.613709
 H 5.510768 -0.734774 -0.750738
 H 0.478495 5.068461 3.446980
 H -0.937892 4.889023 2.932457
 H -4.647527 0.363007 -3.222208
 H -5.582839 0.649263 -4.321685
 H 0.374675 -4.459006 0.160439
 H 0.979352 -3.055715 0.129005
 H 3.976869 4.480211 -5.807030
 H 4.742290 3.402608 -5.066524
 H 2.692312 6.002901 4.881829
 H 3.269508 6.217431 6.258565
 H -5.989483 4.190825 -1.255002
 H -5.103575 3.777593 -2.389344
 H -0.665069 0.128756 -2.412156
 H -0.058484 0.667005 -1.142484
 H -3.936544 -3.981973 -0.248672
 H -3.454321 -3.542997 -1.711244
 H -3.307408 5.678953 2.378216
 H -3.142703 6.206252 3.856938
 H -1.812694 2.663383 3.709379
 H -1.990726 3.901670 4.642065
 H -2.731054 -1.798682 -0.659492
 H -2.998042 -0.390339 -0.141172
 H -2.378579 -1.872409 4.827277
 H -1.051310 -2.328083 5.494164
 H 0.825524 1.942372 6.241025
 H -0.237605 2.188730 5.167925
 H -4.211238 2.648078 2.044699
 H -3.634030 3.596113 0.996773
 H 3.759261 5.072207 -1.142539
 H 3.320971 3.632070 -1.646582
 H 3.714875 -5.565065 -3.801991
 H 2.363464 -5.778216 -2.975833
 H -2.084454 4.247145 -3.401228
 H -1.818986 4.743361 -2.004341
 H 5.210873 -0.092656 6.201129
 H 4.074225 0.238531 5.192963
 H -2.557848 -0.627989 2.209991
 H -3.529629 0.496256 2.544009
 H 0.189086 -1.639684 -3.020331
 H -0.311710 -2.843956 -2.235273
 H -0.287029 -3.665871 -4.616072
 H 0.938319 -3.204188 -5.320282
 H 6.086223 -6.488099 5.086173
 H 6.414942 -5.075399 4.489158
 H 5.465369 -3.505837 -0.421122
 H 3.965717 -3.270470 -0.548288
 H 4.883896 0.146243 2.533070
 H 3.677429 -0.864895 2.545213
 H 1.556386 4.006006 -5.219333
 H 2.332090 4.617515 -4.017196
 H -1.054607 -6.804391 0.319569
 H -2.112473 -5.646338 0.378489
 H -4.554244 -1.439111 -6.302835
 H -5.371542 -1.521553 -4.943419
 H -4.028891 1.792722 -0.896168
 H -4.961207 1.213485 0.222362
 H 5.274416 2.602328 -2.557737
 H 4.184110 1.505615 -2.714768
 H 3.560050 -0.186217 -0.825189
 H 2.516956 0.518974 -1.795770
 H -6.046400 -1.347224 1.458462
 H -4.711041 -1.908294 2.059330
 H 1.424784 2.935080 1.966512
 H 1.477923 2.758669 0.412644
K_POINTS
 1
0.0 0.0 0.0 1.0