
&control
    calculation='scf'
    pseudo_dir = './',
    outdir='./outputs',
    disk_io='high'
/
&system
    ibrav= 1, celldm(1)=20.000000, nat=  192, ntyp= 2,
    ecutwfc = 30.0, nosym=.true., occupations='smearing',
    smearing='m-v', degauss=0.025
/
&electrons
    conv_thr =  1.0d-8,
    mixing_beta = 0.7
/
&ions
    pot_extrapolation='second-order'
    wfc_extrapolation='second-order'
    ion_temperature = 'andersen'
    tempw = 1000

/
ATOMIC_SPECIES
 H  1.01  H.blyp-hgh.UPF
 O  16.0  O.blyp-hgh.UPF
ATOMIC_POSITIONS bohr
 O -5.196079 -1.353369 -1.941237
 O 3.574013 -2.118087 5.548733
 O -5.783543 5.719525 -5.366609
 O 0.012618 3.981791 -1.275698
 O -4.786658 0.920319 4.043276
 O -0.268596 5.813983 5.314404
 O -0.259236 -5.425733 -3.213389
 O 2.536656 0.056423 3.735589
 O -2.750900 -5.417316 5.830817
 O 2.354630 -2.617133 2.327088
 O 2.646628 -6.303032 2.910201
 O -4.035840 -3.313020 4.502898
 O -4.463560 -5.743026 0.648336
 O -3.605935 -5.617921 -4.026172
 O 2.746578 -3.007321 -2.477932
 O -2.277337 2.506130 0.220594
 O -1.333951 -2.176112 2.304459
 O 0.274580 -4.421094 3.887987
 O 5.147510 -4.534467 -5.020137
 O 5.151746 5.060324 2.246821
 O 5.676582 -3.228087 3.346213
 O -3.224132 -2.582336 -3.952611
 O -1.049160 2.766764 -4.925911
 O 4.115535 2.358588 2.988158
 O 2.403067 1.541487 -3.457511
 O -4.480551 2.449100 -6.431887
 O 4.597332 -5.926030 -1.108931
 O 2.027988 -0.967827 -5.000766
 O -2.026299 -0.039429 -5.018185
 O 1.140655 -0.326381 1.055340
 O 4.790001 -1.735136 -3.398623
 O 5.223605 -0.003870 -0.139468
 O 0.005882 4.686648 2.677262
 O -4.620386 0.720716 -4.139066
 O 0.957573 -3.881173 -0.397496
 O 4.423303 4.318679 -4.926151
 O 2.953072 5.489959 5.674571
 O -5.416475 4.604148 -1.935427
 O -0.266659 0.962611 -2.047039
 O -3.137484 -3.915914 -0.837588
 O -2.871488 5.484001 3.234465
 O -1.983307 2.921080 4.642606
 O -2.398991 -0.890643 -0.746529
 O -1.408431 -1.667914 4.839096
 O 0.701602 1.873161 5.270741
 O -4.486025 3.176320 1.263226
 O 3.208735 4.279909 -0.925406
 O 2.754647 -5.719642 -3.864101
 O -2.512567 4.241139 -2.528078
 O 4.812409 0.657133 5.694390
 O -2.653355 0.365949 2.079530
 O -0.642291 -2.132206 -2.841012
 O 0.017334 -3.474493 -5.520607
 O 5.848388 -5.862017 4.360515
 O 4.681043 -3.303225 0.128624
 O 4.633194 -0.784973 2.310326
 O 1.441300 4.232685 -4.271044
 O -1.190859 -5.849889 0.164876
 O -5.332132 -1.846577 -5.869184
 O -4.798929 1.178202 -0.741239
 O 5.086664 1.679068 -2.342477
 O 2.749371 -0.351680 -1.392438
 O -5.107922 -1.555030 1.239016
 O 1.649256 2.290863 1.259245
 H -5.443067 -1.805111 -1.100513
 H -5.026651 -0.449573 -1.540589
 H 4.462446 -1.758205 5.350527
 H 3.221008 -2.324842 4.661542
 H -6.514700 5.257655 -4.882470
 H -4.948424 5.376453 -5.005160
 H -0.266840 3.114797 -1.643734
 H 0.828597 4.248207 -1.745024
 H -5.570027 1.311696 4.481763
 H -4.130067 1.432348 4.585028
 H 0.015520 6.664418 4.859983
 H 0.065752 5.873214 6.225899
 H -0.624602 -5.502254 -2.309210
 H -1.044991 -5.267502 -3.766416
 H 3.203567 0.772459 3.579346
 H 1.816365 0.587161 4.173678
 H -3.047343 -5.893846 6.639889
 H -1.852121 -5.797702 5.620883
 H 1.767286 -1.847473 2.482742
 H 2.995269 -2.328683 1.636671
 H 3.540108 -6.567167 2.564862
 H 2.088471 -6.941911 2.424099
 H -3.824778 -3.686404 5.387056
 H -4.743183 -2.669143 4.667027
 H -4.918847 -6.491846 0.219472
 H -3.867365 -5.444020 -0.070604
 H -3.181662 -4.751315 -3.839266
 H -3.693656 -6.063251 -3.160821
 H 2.525725 -2.139325 -2.024614
 H 2.458615 -3.815528 -2.006687
 H -1.332639 2.730292 0.295067
 H -2.410778 1.633471 0.676822
 H -0.421827 -2.316401 1.999947
 H -1.275436 -2.230357 3.304315
 H 0.591366 -4.542517 2.967293
 H -0.661758 -4.187862 3.728731
 H 5.898900 -4.945462 -4.549857
 H 4.814959 -3.819667 -4.443415
 H 5.501405 5.889129 2.739929
 H 5.455314 4.968284 1.331712
 H 5.409846 -2.311258 3.557205
 H 4.848037 -3.597465 2.989872
 H -2.402799 -2.148521 -3.625330
 H -3.206349 -2.649233 -4.920114
 H -0.595816 3.155176 -4.153164
 H -1.409935 1.884356 -4.642538
 H 4.328149 3.286565 2.726850
 H 3.448773 2.121981 2.305561
 H 1.964110 0.717756 -3.780834
 H 1.850160 2.328577 -3.671965
 H -4.905433 1.768196 -5.895784
 H -3.628116 2.596501 -5.981579
 H 4.230028 -5.258995 -0.494003
 H 5.452800 -6.136630 -0.700910
 H 2.758398 -1.421017 -5.495645
 H 1.571326 -0.446600 -5.683885
 H -2.064695 -0.119521 -5.992094
 H -2.842238 -0.403554 -4.622796
 H 1.509365 0.411993 1.595831
 H 1.722132 -0.248791 0.239918
 H 4.244811 -2.504334 -3.095968
 H 5.715920 -1.850374 -3.119858
 H 5.546357 0.806415 -0.607943
 H 5.519561 -0.735394 -0.741341
 H 0.467498 5.078621 3.458385
 H -0.935732 4.882236 2.943432
 H -4.632126 0.366237 -3.221620
 H -5.582280 0.649451 -4.315033
 H 0.370191 -4.462162 0.150432
 H 0.970298 -3.052495 0.128116
 H 3.970210 4.476827 -5.810719
 H 4.736852 3.405405 -5.072280
 H 2.691490 6.005468 4.878719
 H 3.278017 6.216031 6.253151
 H -5.993310 4.195520 -1.257539
 H -5.112293 3.780808 -2.384553
 H -0.688913 0.136488 -2.403325
 H -0.059226 0.665358 -1.146426
 H -3.921535 -3.986760 -0.232164
 H -3.477522 -3.548017 -1.704397
 H -3.297967 5.678718 2.372684
 H -3.153077 6.207998 3.847401
 H -1.823493 2.672787 3.710198
 H -1.991067 3.901574 4.649186
 H -2.735769 -1.804130 -0.653490
 H -2.988955 -0.386633 -0.144619
 H -2.373813 -1.878096 4.829938
 H -1.051084 -2.327140 5.490913
 H 0.813213 1.958599 6.243286
 H -0.230564 2.195811 5.163983
 H -4.198546 2.645529 2.036463
 H -3.636918 3.593802 0.992552
 H 3.755193 5.075923 -1.152900
 H 3.326633 3.621677 -1.638588
 H 3.716430 -5.565652 -3.801715
 H 2.365016 -5.781195 -2.979965
 H -2.081603 4.248354 -3.404073
 H -1.834937 4.746836 -1.995892
 H 5.199373 -0.088553 6.209505
 H 4.067681 0.237793 5.199359
 H -2.547003 -0.627368 2.211043
 H -3.535866 0.486301 2.533960
 H 0.186147 -1.633299 -3.038229
 H -0.302232 -2.850010 -2.251705
 H -0.292145 -3.675720 -4.621038
 H 0.939408 -3.213531 -5.320352
 H 6.102892 -6.479605 5.090741
 H 6.410191 -5.068987 4.480480
 H 5.462556 -3.512357 -0.414539
 H 3.959314 -3.289233 -0.546029
 H 4.900161 0.142371 2.528575
 H 3.681850 -0.865419 2.552914
 H 1.565475 3.998879 -5.217130
 H 2.337581 4.611453 -4.018097
 H -1.051677 -6.802360 0.312639
 H -2.117088 -5.657656 0.386117
 H -4.560717 -1.420490 -6.298493
 H -5.375614 -1.537179 -4.942781
 H -4.012353 1.773362 -0.888243
 H -4.967503 1.212987 0.220899
 H 5.260925 2.610730 -2.567778
 H 4.182729 1.504773 -2.714115
 H 3.559836 -0.194620 -0.820619
 H 2.520931 0.518805 -1.797222
 H -6.043155 -1.348852 1.452326
 H -4.717289 -1.922480 2.054480
 H 1.439095 2.940874 1.960568
 H 1.477257 2.754575 0.412003
K_POINTS
 1
0.0 0.0 0.0 1.0