
&control
    calculation='scf'
    pseudo_dir = './',
    outdir='./outputs',
    disk_io='high'
/
&system
    ibrav= 1, celldm(1)=20.000000, nat=  192, ntyp= 2,
    ecutwfc = 30.0, nosym=.true., occupations='smearing',
    smearing='m-v', degauss=0.025
/
&electrons
    conv_thr =  1.0d-8,
    mixing_beta = 0.7
/
&ions
    pot_extrapolation='second-order'
    wfc_extrapolation='second-order'
    ion_temperature = 'andersen'
    tempw = 1000

/
ATOMIC_SPECIES
 H  1.01  H.blyp-hgh.UPF
 O  16.0  O.blyp-hgh.UPF
ATOMIC_POSITIONS bohr
 O -5.189344 -1.347667 -1.946872
 O 3.571932 -2.133722 5.561084
 O -5.782519 5.721670 -5.364242
 O 0.022756 3.986527 -1.262056
 O -4.779784 0.928296 4.038054
 O -0.274474 5.846897 5.317876
 O -0.270886 -5.423237 -3.193646
 O 2.526916 0.077731 3.757668
 O -2.738365 -5.428881 5.841763
 O 2.382201 -2.607737 2.345996
 O 2.648035 -6.320419 2.908367
 O -4.041466 -3.336605 4.518491
 O -4.470702 -5.745295 0.639538
 O -3.596429 -5.595021 -4.031887
 O 2.768158 -3.024542 -2.479010
 O -2.287987 2.515901 0.180722
 O -1.332437 -2.199630 2.322615
 O 0.272079 -4.451016 3.895321
 O 5.119697 -4.537110 -5.014925
 O 5.125856 5.063139 2.247383
 O 5.661569 -3.243230 3.362668
 O -3.220270 -2.570753 -3.951014
 O -1.067428 2.764946 -4.917964
 O 4.125583 2.354389 2.979466
 O 2.414155 1.541394 -3.477271
 O -4.453129 2.456966 -6.431017
 O 4.607880 -5.911446 -1.094038
 O 2.016688 -0.942535 -5.022305
 O -2.011003 -0.047114 -5.036966
 O 1.154933 -0.338030 1.071639
 O 4.808482 -1.737906 -3.395046
 O 5.204514 -0.028414 -0.131732
 O 0.023238 4.687503 2.732394
 O -4.619512 0.707919 -4.145649
 O 0.973404 -3.877346 -0.389789
 O 4.423921 4.344064 -4.955811
 O 2.920487 5.505280 5.666676
 O -5.423081 4.634789 -1.930647
 O -0.247356 0.964800 -2.072128
 O -3.153446 -3.930774 -0.843337
 O -2.882156 5.488219 3.232818
 O -2.011425 2.920324 4.667106
 O -2.393689 -0.932277 -0.745758
 O -1.402603 -1.633667 4.858916
 O 0.712673 1.859191 5.285776
 O -4.490402 3.178796 1.263585
 O 3.221370 4.289331 -0.949496
 O 2.763238 -5.700388 -3.878244
 O -2.517350 4.235856 -2.552525
 O 4.788121 0.657682 5.715131
 O -2.645342 0.376537 2.098500
 O -0.628067 -2.124441 -2.855673
 O 0.015701 -3.469108 -5.522700
 O 5.852132 -5.863319 4.371389
 O 4.653009 -3.310193 0.131327
 O 4.643599 -0.785926 2.306274
 O 1.450833 4.214500 -4.265893
 O -1.215141 -5.842810 0.142583
 O -5.319866 -1.864991 -5.881048
 O -4.801793 1.183310 -0.747355
 O 5.082900 1.714326 -2.370177
 O 2.735483 -0.352985 -1.384217
 O -5.091137 -1.569250 1.222058
 O 1.650657 2.288805 1.255405
 H -5.436232 -1.807674 -1.116495
 H -5.044325 -0.436001 -1.546694
 H 4.411309 -1.703622 5.319341
 H 3.172774 -2.301227 4.681798
 H -6.525495 5.281559 -4.887383
 H -4.934399 5.456935 -4.968931
 H -0.206681 3.099252 -1.591627
 H 0.843393 4.206634 -1.738108
 H -5.596726 1.268691 4.460293
 H -4.144569 1.436073 4.597268
 H 0.011883 6.694083 4.873098
 H 0.060677 5.909712 6.230044
 H -0.629363 -5.522398 -2.288897
 H -1.060321 -5.302706 -3.752560
 H 3.178007 0.790032 3.601674
 H 1.815533 0.583521 4.230895
 H -3.058103 -5.944063 6.605559
 H -1.837956 -5.795974 5.635230
 H 1.787524 -1.853019 2.523358
 H 2.931867 -2.295461 1.597105
 H 3.563269 -6.574070 2.618537
 H 2.124991 -6.940598 2.366866
 H -3.847044 -3.707548 5.395795
 H -4.717098 -2.655371 4.634846
 H -4.913846 -6.508747 0.228273
 H -3.864259 -5.483563 -0.083049
 H -3.116409 -4.756834 -3.859014
 H -3.650103 -6.054754 -3.171363
 H 2.471445 -2.170906 -2.053774
 H 2.465397 -3.795484 -1.974214
 H -1.338100 2.724854 0.208972
 H -2.322160 1.613411 0.611336
 H -0.478688 -2.431386 1.983245
 H -1.281355 -2.228513 3.321098
 H 0.614175 -4.504674 2.979118
 H -0.653623 -4.167682 3.746145
 H 5.876110 -4.996552 -4.590228
 H 4.825605 -3.839765 -4.405201
 H 5.568097 5.870412 2.720727
 H 5.407744 4.978982 1.325121
 H 5.403153 -2.313224 3.524309
 H 4.817780 -3.599144 3.028014
 H -2.411011 -2.125746 -3.611348
 H -3.149603 -2.649497 -4.916999
 H -0.572676 3.184202 -4.185639
 H -1.433795 1.904403 -4.622550
 H 4.276324 3.300184 2.744014
 H 3.458390 2.110012 2.304637
 H 1.931749 0.768495 -3.854815
 H 1.901381 2.354513 -3.691852
 H -4.873579 1.771318 -5.894125
 H -3.582160 2.559126 -6.004579
 H 4.260949 -5.269091 -0.440037
 H 5.468974 -6.160449 -0.722482
 H 2.752344 -1.392214 -5.499864
 H 1.590425 -0.443765 -5.744417
 H -2.111827 -0.145749 -6.003096
 H -2.819314 -0.366899 -4.590795
 H 1.561510 0.415843 1.560264
 H 1.665214 -0.274102 0.202164
 H 4.237143 -2.479741 -3.103728
 H 5.723682 -1.866944 -3.098400
 H 5.515089 0.790555 -0.582609
 H 5.559667 -0.730728 -0.692025
 H 0.412171 5.123694 3.515124
 H -0.919713 4.847427 2.990401
 H -4.549547 0.385827 -3.221966
 H -5.581707 0.652779 -4.281467
 H 0.350010 -4.477708 0.092049
 H 0.927953 -3.038906 0.121288
 H 3.938766 4.467951 -5.823937
 H 4.711655 3.418144 -5.096972
 H 2.690281 6.008392 4.853716
 H 3.318088 6.207087 6.227427
 H -6.012959 4.221262 -1.268529
 H -5.146627 3.804967 -2.361186
 H -0.808511 0.187567 -2.355691
 H -0.062579 0.657219 -1.159811
 H -3.843849 -3.993055 -0.156137
 H -3.591080 -3.577623 -1.658118
 H -3.253870 5.678560 2.350107
 H -3.204327 6.213392 3.799948
 H -1.879366 2.721209 3.716568
 H -1.993247 3.898107 4.683580
 H -2.755707 -1.830585 -0.622463
 H -2.940422 -0.371436 -0.162300
 H -2.348907 -1.908695 4.840186
 H -1.044493 -2.318380 5.476804
 H 0.751691 2.038248 6.249308
 H -0.194726 2.231432 5.140392
 H -4.142338 2.636533 1.997578
 H -3.652484 3.574359 0.966944
 H 3.733762 5.093455 -1.205737
 H 3.357282 3.573186 -1.596624
 H 3.726102 -5.566297 -3.798492
 H 2.373601 -5.795705 -2.998292
 H -2.070141 4.251778 -3.420739
 H -1.921798 4.752781 -1.958678
 H 5.139804 -0.065442 6.250892
 H 4.036382 0.238145 5.236200
 H -2.479446 -0.608472 2.206928
 H -3.559485 0.440695 2.480597
 H 0.164702 -1.606719 -3.131995
 H -0.258707 -2.875419 -2.334968
 H -0.319602 -3.722081 -4.643051
 H 0.945716 -3.257122 -5.324943
 H 6.185468 -6.431343 5.111276
 H 6.381546 -5.037372 4.436316
 H 5.449906 -3.543271 -0.379062
 H 3.930469 -3.376918 -0.533977
 H 4.976061 0.116764 2.502183
 H 3.709798 -0.863562 2.593467
 H 1.610147 3.968705 -5.203677
 H 2.350400 4.582036 -4.030747
 H -1.034438 -6.793113 0.280275
 H -2.136969 -5.714050 0.426524
 H -4.598821 -1.322123 -6.268306
 H -5.390963 -1.615539 -4.941676
 H -3.938948 1.670805 -0.843612
 H -4.996209 1.213677 0.212194
 H 5.193285 2.652067 -2.619016
 H 4.178850 1.500801 -2.713873
 H 3.557910 -0.235546 -0.805272
 H 2.541459 0.513685 -1.807530
 H -6.028305 -1.358606 1.424522
 H -4.752755 -1.996524 2.028306
 H 1.504387 2.972505 1.929784
 H 1.475444 2.736684 0.411082
K_POINTS
 1
0.0 0.0 0.0 1.0