
&control
    calculation='scf'
    pseudo_dir = './',
    outdir='./outputs',
    disk_io='high'
/
&system
    ibrav= 1, celldm(1)=20.000000, nat=  192, ntyp= 2,
    ecutwfc = 30.0, nosym=.true., occupations='smearing',
    smearing='m-v', degauss=0.025
/
&electrons
    conv_thr =  1.0d-8,
    mixing_beta = 0.7
/
&ions
    pot_extrapolation='second-order'
    wfc_extrapolation='second-order'
    ion_temperature = 'andersen'
    tempw = 1000

/
ATOMIC_SPECIES
 H  1.01  H.blyp-hgh.UPF
 O  16.0  O.blyp-hgh.UPF
ATOMIC_POSITIONS bohr
 O -5.183790 -1.341073 -1.950108
 O 3.570401 -2.149708 5.572163
 O -5.780219 5.724693 -5.362345
 O 0.033253 3.991140 -1.247193
 O -4.773004 0.934794 4.031655
 O -0.281774 5.879727 5.322267
 O -0.283030 -5.420225 -3.173288
 O 2.516049 0.101060 3.781510
 O -2.725648 -5.440005 5.851271
 O 2.410244 -2.599433 2.365296
 O 2.649503 -6.338179 2.905109
 O -4.044293 -3.358799 4.532138
 O -4.477854 -5.748678 0.630951
 O -3.585719 -5.572117 -4.035822
 O 2.790202 -3.040537 -2.479502
 O -2.296648 2.523198 0.141263
 O -1.335837 -2.224317 2.341797
 O 0.268244 -4.479520 3.900874
 O 5.091002 -4.540640 -5.008451
 O 5.099908 5.069295 2.249792
 O 5.646101 -3.257828 3.379585
 O -3.217255 -2.560193 -3.947922
 O -1.085751 2.764676 -4.910187
 O 4.134566 2.349969 2.969128
 O 2.425467 1.541362 -3.496472
 O -4.425063 2.466728 -6.428402
 O 4.618733 -5.895992 -1.079396
 O 2.003469 -0.915815 -5.043007
 O -1.994235 -0.053627 -5.054634
 O 1.171662 -0.349874 1.084835
 O 4.828130 -1.739415 -3.394516
 O 5.184067 -0.050820 -0.123824
 O 0.039119 4.688906 2.788139
 O -4.619467 0.694386 -4.151041
 O 0.988056 -3.873265 -0.380759
 O 4.423435 4.365421 -4.986366
 O 2.887932 5.522818 5.660114
 O -5.431969 4.663750 -1.924567
 O -0.229654 0.963680 -2.096829
 O -3.169948 -3.944934 -0.850965
 O -2.891787 5.492161 3.229946
 O -2.038076 2.919011 4.690143
 O -2.388136 -0.973027 -0.745365
 O -1.398739 -1.601516 4.881103
 O 0.723002 1.845741 5.302449
 O -4.496414 3.182082 1.265873
 O 3.232026 4.296669 -0.973235
 O 2.771247 -5.682031 -3.893288
 O -2.522614 4.232560 -2.576560
 O 4.764114 0.658829 5.734966
 O -2.640206 0.384544 2.118521
 O -0.611864 -2.116584 -2.870041
 O 0.013484 -3.464492 -5.525677
 O 5.857521 -5.864958 4.381696
 O 4.623728 -3.318317 0.133348
 O 4.655913 -0.787472 2.303797
 O 1.462682 4.194026 -4.260584
 O -1.238822 -5.836470 0.119311
 O -5.307535 -1.882508 -5.894708
 O -4.802028 1.188687 -0.754940
 O 5.078289 1.750818 -2.398540
 O 2.721273 -0.354632 -1.372592
 O -5.074006 -1.583457 1.204272
 O 1.653260 2.287134 1.252468
 H -5.418398 -1.817103 -1.133278
 H -5.055081 -0.427387 -1.557004
 H 4.365063 -1.658528 5.294318
 H 3.118405 -2.279614 4.706246
 H -6.535103 5.294811 -4.900970
 H -4.927257 5.537016 -4.931282
 H -0.152554 3.074697 -1.547213
 H 0.863032 4.169231 -1.728821
 H -5.630641 1.217608 4.424470
 H -4.157554 1.443985 4.606328
 H 0.016055 6.724011 4.885298
 H 0.065108 5.943544 6.234167
 H -0.634784 -5.541167 -2.266949
 H -1.077258 -5.346543 -3.737807
 H 3.154284 0.816958 3.624994
 H 1.810862 0.575627 4.287621
 H -3.070418 -5.990651 6.574964
 H -1.824577 -5.798306 5.652155
 H 1.808024 -1.851633 2.556623
 H 2.863074 -2.267193 1.560961
 H 3.587271 -6.579967 2.678564
 H 2.152198 -6.934600 2.311990
 H -3.872027 -3.739107 5.407144
 H -4.704726 -2.648910 4.608473
 H -4.907770 -6.534922 0.241494
 H -3.860646 -5.529420 -0.105154
 H -3.062059 -4.755902 -3.880576
 H -3.603945 -6.051326 -3.182537
 H 2.423633 -2.214238 -2.084451
 H 2.454326 -3.768966 -1.937527
 H -1.340098 2.721235 0.118488
 H -2.233123 1.607564 0.552587
 H -0.509528 -2.542928 1.955984
 H -1.277519 -2.213856 3.327796
 H 0.648856 -4.472031 2.998192
 H -0.644100 -4.146404 3.765617
 H 5.855761 -5.046062 -4.641474
 H 4.840235 -3.849478 -4.370331
 H 5.630717 5.815243 2.698948
 H 5.365676 4.992855 1.320066
 H 5.400424 -2.312781 3.481306
 H 4.789232 -3.606932 3.065296
 H -2.408599 -2.110736 -3.602746
 H -3.087228 -2.648635 -4.912195
 H -0.549199 3.201328 -4.218449
 H -1.453784 1.920989 -4.598332
 H 4.237487 3.312955 2.772780
 H 3.467307 2.100786 2.295864
 H 1.910532 0.819656 -3.930775
 H 1.952097 2.381432 -3.711860
 H -4.842319 1.773437 -5.882377
 H -3.532890 2.525309 -6.030089
 H 4.291960 -5.279317 -0.380218
 H 5.490363 -6.182166 -0.748592
 H 2.749212 -1.365805 -5.505750
 H 1.605470 -0.444493 -5.804756
 H -2.157537 -0.176592 -6.011527
 H -2.800447 -0.323790 -4.571100
 H 1.598980 0.416231 1.522638
 H 1.596054 -0.308046 0.179381
 H 4.225777 -2.453990 -3.103128
 H 5.734427 -1.885126 -3.064682
 H 5.476717 0.770346 -0.564801
 H 5.599948 -0.731122 -0.652263
 H 0.367494 5.163097 3.577712
 H -0.903381 4.810480 3.021916
 H -4.463045 0.410036 -3.227972
 H -5.588671 0.657567 -4.243779
 H 0.333430 -4.490920 0.023202
 H 0.889247 -3.031705 0.110666
 H 3.909114 4.475933 -5.832782
 H 4.691336 3.430906 -5.113397
 H 2.693482 5.995777 4.815203
 H 3.352775 6.197633 6.202314
 H -6.035488 4.252562 -1.274109
 H -5.159907 3.834135 -2.346029
 H -0.922372 0.261151 -2.305292
 H -0.063116 0.653069 -1.171081
 H -3.771109 -3.972457 -0.082558
 H -3.701676 -3.610489 -1.600768
 H -3.216722 5.678992 2.331708
 H -3.256220 6.220918 3.761329
 H -1.938462 2.767448 3.728150
 H -1.997427 3.893469 4.719884
 H -2.771254 -1.856230 -0.589617
 H -2.890927 -0.363199 -0.176942
 H -2.327108 -1.939792 4.844077
 H -1.023990 -2.303008 5.469688
 H 0.695190 2.111375 6.250891
 H -0.159467 2.263763 5.104290
 H -4.100259 2.629706 1.967291
 H -3.663749 3.548851 0.928166
 H 3.714238 5.109001 -1.262090
 H 3.393715 3.531602 -1.554221
 H 3.738390 -5.562720 -3.793898
 H 2.382682 -5.809520 -3.012621
 H -2.059840 4.253380 -3.436583
 H -2.010399 4.744831 -1.931063
 H 5.083932 -0.049946 6.301954
 H 4.004519 0.245831 5.278059
 H -2.393179 -0.568046 2.190393
 H -3.574484 0.401353 2.426480
 H 0.134144 -1.590462 -3.229922
 H -0.218220 -2.892535 -2.419478
 H -0.345765 -3.761668 -4.663763
 H 0.955083 -3.295709 -5.333195
 H 6.264318 -6.375667 5.127901
 H 6.343042 -5.007568 4.390888
 H 5.437756 -3.571023 -0.340531
 H 3.906803 -3.452638 -0.523685
 H 5.039952 0.088097 2.473130
 H 3.743417 -0.852342 2.638726
 H 1.649484 3.946814 -5.189228
 H 2.345878 4.559059 -4.049973
 H -1.010974 -6.782819 0.250941
 H -2.150000 -5.768129 0.470251
 H -4.648565 -1.219792 -6.224506
 H -5.400116 -1.694029 -4.941332
 H -3.882093 1.564095 -0.793496
 H -5.020183 1.219564 0.199818
 H 5.127112 2.690455 -2.671128
 H 4.178404 1.495147 -2.720096
 H 3.549926 -0.273180 -0.805888
 H 2.563345 0.503076 -1.823235
 H -6.015657 -1.370964 1.399970
 H -4.792402 -2.076339 2.000432
 H 1.558289 3.010451 1.902851
 H 1.475136 2.725451 0.405998
K_POINTS
 1
0.0 0.0 0.0 1.0