
&control
    calculation='scf'
    pseudo_dir = './',
    outdir='./outputs',
    disk_io='high'
/
&system
    ibrav= 1, celldm(1)=20.000000, nat=  192, ntyp= 2,
    ecutwfc = 30.0, nosym=.true., occupations='smearing',
    smearing='m-v', degauss=0.025
/
&electrons
    conv_thr =  1.0d-8,
    mixing_beta = 0.7
/
&ions
    pot_extrapolation='second-order'
    wfc_extrapolation='second-order'
    ion_temperature = 'andersen'
    tempw = 1000

/
ATOMIC_SPECIES
 H  1.01  H.blyp-hgh.UPF
 O  16.0  O.blyp-hgh.UPF
ATOMIC_POSITIONS bohr
 O -5.183294 -1.340358 -1.950341
 O 3.570250 -2.151323 5.573169
 O -5.779895 5.725073 -5.362203
 O 0.034335 3.991547 -1.245668
 O -4.772381 0.935333 4.030926
 O -0.282573 5.882986 5.322811
 O -0.284275 -5.419893 -3.171223
 O 2.514890 0.103437 3.783990
 O -2.724393 -5.441069 5.852138
 O 2.413057 -2.598633 2.367241
 O 2.649653 -6.339965 2.904715
 O -4.044430 -3.360927 4.533332
 O -4.478550 -5.749096 0.630073
 O -3.584587 -5.569846 -4.036108
 O 2.792409 -3.042087 -2.479515
 O -2.297338 2.523719 0.137356
 O -1.336411 -2.226837 2.343678
 O 0.267791 -4.482256 3.901333
 O 5.088108 -4.541059 -5.007735
 O 5.097357 5.070077 2.250100
 O 5.644513 -3.259242 3.381289
 O -3.216968 -2.559183 -3.947572
 O -1.087550 2.764810 -4.909456
 O 4.135404 2.349530 2.968010
 O 2.426586 1.541379 -3.498370
 O -4.422228 2.467760 -6.428006
 O 4.619835 -5.894391 -1.077919
 O 2.002034 -0.913044 -5.045072
 O -1.992500 -0.054213 -5.056335
 O 1.173423 -0.351095 1.085984
 O 4.830187 -1.739481 -3.394637
 O 5.181913 -0.052892 -0.122964
 O 0.040659 4.689065 2.793727
 O -4.619473 0.693011 -4.151550
 O 0.989478 -3.872849 -0.379817
 O 4.423327 4.367310 -4.989439
 O 2.884680 5.524676 5.659524
 O -5.432998 4.666590 -1.923866
 O -0.228028 0.963345 -2.099198
 O -3.171587 -3.946324 -0.851786
 O -2.892681 5.492520 3.229585
 O -2.040636 2.918863 4.692346
 O -2.387532 -0.977035 -0.745370
 O -1.398477 -1.598445 4.883428
 O 0.723950 1.844480 5.304229
 O -4.497103 3.182440 1.266214
 O 3.232962 4.297293 -0.975566
 O 2.772023 -5.680245 -3.894812
 O -2.523269 4.232273 -2.578988
 O 4.761737 0.659023 5.736883
 O -2.639789 0.385291 2.120512
 O -0.610190 -2.115777 -2.871480
 O 0.013211 -3.464086 -5.526012
 O 5.858178 -5.865128 4.382702
 O 4.620749 -3.319191 0.133541
 O 4.657275 -0.787731 2.303608
 O 1.463928 4.191820 -4.260076
 O -1.241183 -5.835919 0.116952
 O -5.306259 -1.884155 -5.896174
 O -4.801903 1.189215 -0.755761
 O 5.077779 1.754557 -2.401402
 O 2.719823 -0.354834 -1.371249
 O -5.072296 -1.584889 1.202480
 O 1.653585 2.287004 1.252251
 H -5.416067 -1.818523 -1.134722
 H -5.055796 -0.426779 -1.558213
 H 4.360819 -1.654519 5.292141
 H 3.112769 -2.277577 4.709143
 H -6.535964 5.295396 -4.902661
 H -4.927082 5.544961 -4.927361
 H -0.147673 3.071864 -1.543120
 H 0.865355 4.165992 -1.727694
 H -5.634050 1.212125 4.420171
 H -4.158839 1.445200 4.607212
 H 0.016923 6.727119 4.886299
 H 0.066022 5.946693 6.234419
 H -0.635396 -5.542950 -2.264761
 H -1.078963 -5.351422 -3.736172
 H 3.152276 0.820503 3.627313
 H 1.810103 0.574755 4.293253
 H -3.071754 -5.995166 6.572233
 H -1.823122 -5.798864 5.653877
 H 1.809959 -1.851200 2.559695
 H 2.856108 -2.264738 1.557529
 H 3.589628 -6.580516 2.684788
 H 2.154468 -6.933726 2.306724
 H -3.874762 -3.742726 5.408678
 H -4.704019 -2.648853 4.606384
 H -4.907146 -6.538001 0.243177
 H -3.860419 -5.534148 -0.107785
 H -3.057292 -4.755440 -3.882810
 H -3.599195 -6.051180 -3.183721
 H 2.419287 -2.218652 -2.087592
 H 2.452274 -3.766443 -1.933707
 H -1.340211 2.721337 0.109065
 H -2.224707 1.607942 0.547137
 H -0.511662 -2.553836 1.953063
 H -1.276381 -2.211763 3.328315
 H 0.652893 -4.469078 3.000496
 H -0.642955 -4.144300 3.767597
 H 5.853695 -5.050723 -4.647235
 H 4.841984 -3.849926 -4.367003
 H 5.636533 5.808003 2.696886
 H 5.361657 4.994272 1.319639
 H 5.400456 -2.312657 3.476513
 H 4.786529 -3.608095 3.068985
 H -2.407882 -2.109761 -3.602058
 H -3.080839 -2.648473 -4.911456
 H -0.546915 3.202271 -4.221678
 H -1.455628 1.922023 -4.595482
 H 4.234340 3.314072 2.776294
 H 3.468190 2.099969 2.294539
 H 1.909142 0.824616 -3.938343
 H 1.957208 2.384185 -3.713779
 H -4.839114 1.773874 -5.880860
 H -3.527888 2.522181 -6.032864
 H 4.295223 -5.280581 -0.374112
 H 5.492592 -6.184131 -0.751520
 H 2.749200 -1.363479 -5.506335
 H 1.606659 -0.444752 -5.810526
 H -2.161919 -0.179865 -6.012202
 H -2.798754 -0.319201 -4.569839
 H 1.602026 0.416233 1.518898
 H 1.588771 -0.311822 0.177801
 H 4.224419 -2.451495 -3.102522
 H 5.735496 -1.886986 -3.060693
 H 5.472591 0.768415 -0.563549
 H 5.604260 -0.732075 -0.649245
 H 0.363944 5.166812 3.584386
 H -0.902269 4.806658 3.024194
 H -4.454471 0.412657 -3.228872
 H -5.589750 0.658016 -4.239545
 H 0.331891 -4.492066 0.015965
 H 0.885497 -3.031333 0.109468
 H 3.906170 4.477746 -5.833692
 H 4.689632 3.432251 -5.114585
 H 2.694067 5.993692 4.810841
 H 3.355860 6.196804 6.199698
 H -6.037962 4.256024 -1.274308
 H -5.159897 3.836984 -2.345202
 H -0.933035 0.269846 -2.300253
 H -0.062883 0.653037 -1.172565
 H -3.764216 -3.969097 -0.075150
 H -3.712699 -3.613719 -1.594945
 H -3.213458 5.679011 2.329896
 H -3.261467 6.221978 3.758199
 H -1.944550 2.771716 3.729567
 H -1.998001 3.893137 4.723812
 H -2.772645 -1.858765 -0.586240
 H -2.886103 -0.362835 -0.178065
 H -2.325203 -1.942772 4.844091
 H -1.021030 -2.301057 5.469468
 H 0.690014 2.118098 6.250887
 H -0.155917 2.266566 5.099754
 H -4.096930 2.629016 1.964890
 H -3.664501 3.546212 0.923365
 H 3.712517 5.110342 -1.267952
 H 3.397756 3.527899 -1.550067
 H 3.739614 -5.562119 -3.793478
 H 2.383623 -5.810840 -3.013966
 H -2.058706 4.253570 -3.437884
 H -2.018741 4.743680 -1.928691
 H 5.078739 -0.049126 6.307916
 H 4.001050 0.246957 5.282302
 H -2.383721 -0.563458 2.188297
 H -3.575759 0.397614 2.421267
 H 0.130810 -1.589390 -3.239857
 H -0.214153 -2.893869 -2.427955
 H -0.348057 -3.765139 -4.665997
 H 0.956107 -3.299355 -5.334084
 H 6.271869 -6.369790 5.129347
 H 6.338595 -5.004717 4.386293
 H 5.436465 -3.573612 -0.336566
 H 3.904728 -3.459487 -0.522888
 H 5.045661 0.085549 2.470283
 H 3.746835 -0.850660 2.643585
 H 1.652924 3.944989 -5.187993
 H 2.345235 4.557540 -4.051773
 H -1.008228 -6.781540 0.248119
 H -2.150756 -5.773321 0.474740
 H -4.654383 -1.209738 -6.219392
 H -5.400809 -1.701936 -4.941317
 H -3.877356 1.553458 -0.788356
 H -5.022364 1.220429 0.198361
 H 5.120666 2.694016 -2.676340
 H 4.178487 1.494398 -2.721133
 H 3.548774 -0.276673 -0.806820
 H 2.565615 0.501779 -1.825114
 H -6.014437 -1.372333 1.397580
 H -4.796501 -2.084575 1.997465
 H 1.563072 3.014421 1.900394
 H 1.475163 2.724719 0.405008
K_POINTS
 1
0.0 0.0 0.0 1.0