
&control
    calculation='scf'
    pseudo_dir = './',
    outdir='./outputs',
    disk_io='high'
/
&system
    ibrav= 1, celldm(1)=20.000000, nat=  192, ntyp= 2,
    ecutwfc = 30.0, nosym=.true., occupations='smearing',
    smearing='m-v', degauss=0.025
/
&electrons
    conv_thr =  1.0d-8,
    mixing_beta = 0.7
/
&ions
    pot_extrapolation='second-order'
    wfc_extrapolation='second-order'
    ion_temperature = 'andersen'
    tempw = 1000

/
ATOMIC_SPECIES
 H  1.01  H.blyp-hgh.UPF
 O  16.0  O.blyp-hgh.UPF
ATOMIC_POSITIONS bohr
 O -5.182333 -1.338903 -1.950773
 O 3.569946 -2.154558 5.575115
 O -5.779191 5.725881 -5.361951
 O 0.036523 3.992302 -1.242616
 O -4.771178 0.936344 4.029414
 O -0.284204 5.889489 5.323972
 O -0.286782 -5.419214 -3.167080
 O 2.512538 0.108204 3.789002
 O -2.721901 -5.443169 5.853833
 O 2.418680 -2.597031 2.371132
 O 2.649955 -6.343540 2.903894
 O -4.044627 -3.365130 4.535618
 O -4.479924 -5.749983 0.628288
 O -3.582290 -5.565319 -4.036619
 O 2.796812 -3.045181 -2.479512
 O -2.298594 2.524633 0.129565
 O -1.337634 -2.231917 2.347363
 O 0.266851 -4.487658 3.902198
 O 5.082311 -4.541930 -5.006262
 O 5.092286 5.071712 2.250734
 O 5.641309 -3.262037 3.384701
 O -3.216384 -2.557183 -3.946865
 O -1.091126 2.765173 -4.908027
 O 4.137042 2.348659 2.965728
 O 2.428807 1.541431 -3.502158
 O -4.416544 2.469834 -6.427128
 O 4.622052 -5.891157 -1.074946
 O 1.999108 -0.907447 -5.049217
 O -1.989010 -0.055351 -5.059703
 O 1.176967 -0.353569 1.088202
 O 4.834360 -1.739572 -3.394970
 O 5.177546 -0.056955 -0.121209
 O 0.043732 4.689395 2.804913
 O -4.619489 0.690253 -4.152562
 O 0.992307 -3.872018 -0.377926
 O 4.423082 4.370953 -4.995584
 O 2.878182 5.528442 5.658376
 O -5.435132 4.672242 -1.922414
 O -0.224879 0.962548 -2.103862
 O -3.174864 -3.949094 -0.853432
 O -2.894433 5.493227 3.228831
 O -2.045691 2.918564 4.696696
 O -2.386289 -0.985011 -0.745408
 O -1.398027 -1.592392 4.888132
 O 0.725782 1.842024 5.307858
 O -4.498515 3.183170 1.266955
 O 3.234760 4.298488 -0.980201
 O 2.773566 -5.676701 -3.897858
 O -2.524678 4.231699 -2.583873
 O 4.757011 0.659451 5.740694
 O -2.638990 0.386797 2.124466
 O -0.606831 -2.114149 -2.874362
 O 0.012642 -3.463304 -5.526700
 O 5.859562 -5.865472 4.384703
 O 4.614771 -3.320971 0.133931
 O 4.660074 -0.788327 2.303256
 O 1.466424 4.187311 -4.259082
 O -1.245911 -5.834876 0.112226
 O -5.303672 -1.887366 -5.899156
 O -4.801571 1.190259 -0.757431
 O 5.076728 1.762087 -2.407141
 O 2.716894 -0.355263 -1.368477
 O -5.068887 -1.587767 1.198906
 O 1.654267 2.286786 1.251866
 H -5.411117 -1.821635 -1.137402
 H -5.057037 -0.425656 -1.560684
 H 4.352520 -1.646796 5.287970
 H 3.101444 -2.273579 4.715246
 H -6.537614 5.296134 -4.906188
 H -4.927070 5.560806 -4.919415
 H -0.138227 3.066160 -1.535064
 H 0.870168 4.159854 -1.725285
 H -5.640738 1.200991 4.411216
 H -4.161470 1.447898 4.608999
 H 0.018894 6.733393 4.888147
 H 0.068087 5.952835 6.234783
 H -0.636665 -5.546460 -2.260423
 H -1.082350 -5.361453 -3.732782
 H 3.148454 0.828082 3.631948
 H 1.808415 0.573014 4.304484
 H -3.074463 -6.004099 6.566929
 H -1.820110 -5.800177 5.657303
 H 1.813760 -1.850240 2.565749
 H 2.842172 -2.260082 1.550815
 H 3.594253 -6.581601 2.697299
 H 2.158816 -6.931813 2.296354
 H -3.880401 -3.750142 5.411942
 H -4.702785 -2.649162 4.602572
 H -4.905884 -6.544357 0.246799
 H -3.860122 -5.543608 -0.113190
 H -3.048153 -4.754323 -3.887311
 H -3.589622 -6.050960 -3.186144
 H 2.410835 -2.227292 -2.093910
 H 2.447720 -3.761551 -1.926064
 H -1.340474 2.721901 0.089981
 H -2.208301 1.609234 0.536508
 H -0.515883 -2.575363 1.947395
 H -1.273626 -2.207267 3.329449
 H 0.661235 -4.463340 3.005333
 H -0.640535 -4.140123 3.771540
 H 5.849503 -5.059822 -4.659097
 H 4.845684 -3.850602 -4.360468
 H 5.647935 5.792792 2.692957
 H 5.353673 4.997078 1.318846
 H 5.400706 -2.312407 3.466676
 H 4.781233 -3.610628 3.076354
 H -2.406252 -2.108134 -3.600732
 H -3.068045 -2.648104 -4.909778
 H -0.542392 3.203724 -4.228065
 H -1.459214 1.923698 -4.589529
 H 4.228442 3.316165 2.783656
 H 3.469986 2.098402 2.291658
 H 1.906804 0.834409 -3.953416
 H 1.967480 2.389700 -3.717538
 H -4.832615 1.774976 -5.877718
 H -3.517903 2.516079 -6.038573
 H 4.301894 -5.283324 -0.361917
 H 5.497010 -6.187905 -0.757575
 H 2.749323 -1.359021 -5.507441
 H 1.608836 -0.445368 -5.821843
 H -2.170530 -0.186485 -6.013428
 H -2.795461 -0.309900 -4.567700
 H 1.607794 0.416289 1.511474
 H 1.574145 -0.319537 0.174906
 H 4.221629 -2.446526 -3.101013
 H 5.737525 -1.890696 -3.052424
 H 5.464216 0.764710 -0.561369
 H 5.613027 -0.734469 -0.643703
 H 0.357354 5.174086 3.597884
 H -0.900474 4.798946 3.028287
 H -4.437460 0.417998 -3.230830
 H -5.592019 0.658870 -4.230741
 H 0.328841 -4.494255 0.001369
 H 0.878029 -3.030737 0.107040
 H 3.900273 4.481918 -5.835606
 H 4.686415 3.434976 -5.116741
 H 2.695395 5.989075 4.801945
 H 3.361788 6.195258 6.194353
 H -6.043028 4.263115 -1.274524
 H -5.159148 3.842624 -2.343924
 H -0.953823 0.287980 -2.290233
 H -0.062204 0.653200 -1.175835
 H -3.750539 -3.961740 -0.060393
 H -3.734757 -3.620095 -1.583375
 H -3.207187 5.679015 2.326249
 H -3.271953 6.224218 3.752326
 H -1.956825 2.779989 3.732505
 H -1.999244 3.892583 4.731884
 H -2.775359 -1.863810 -0.579444
 H -2.876560 -0.362393 -0.180086
 H -2.321518 -1.948608 4.843925
 H -1.014611 -2.296889 5.469297
 H 0.679964 2.131138 6.250776
 H -0.148742 2.271839 5.090139
 H -4.090785 2.627626 1.960444
 H -3.665864 3.540901 0.913254
 H 3.709220 5.112841 -1.279789
 H 3.406075 3.520773 -1.541828
 H 3.741991 -5.560780 -3.792705
 H 2.385533 -5.813434 -3.016683
 H -2.056325 4.254004 -3.440278
 H -2.034960 4.741324 -1.924087
 H 5.068540 -0.047811 6.320269
 H 3.993870 0.249375 5.290750
 H -2.364420 -0.554251 2.183947
 H -3.578253 0.390159 2.411019
 H 0.124077 -1.587528 -3.259794
 H -0.205954 -2.896375 -2.444914
 H -0.352394 -3.771789 -4.670605
 H 0.958123 -3.306563 -5.335870
 H 6.286746 -6.357892 5.132121
 H 6.329373 -4.999087 4.377083
 H 5.433810 -3.578690 -0.328593
 H 3.900741 -3.472777 -0.521456
 H 5.056731 0.080775 2.464678
 H 3.753640 -0.846990 2.653500
 H 1.659476 3.941498 -5.185740
 H 2.344150 4.555089 -4.055141
 H -1.002512 -6.778785 0.242514
 H -2.151903 -5.783560 0.483748
 H -4.666553 -1.189895 -6.208779
 H -5.402111 -1.717814 -4.941336
 H -3.868413 1.532281 -0.778070
 H -5.026640 1.222309 0.195344
 H 5.107898 2.700956 -2.686753
 H 4.178720 1.492781 -2.723443
 H 3.546355 -0.283482 -0.809088
 H 2.570200 0.499058 -1.829036
 H -6.011986 -1.375134 1.392794
 H -4.804755 -2.101125 1.991349
 H 1.572321 3.022319 1.895544
 H 1.475257 2.723430 0.402776
K_POINTS
 1
0.0 0.0 0.0 1.0