
&control
    calculation='scf'
    pseudo_dir = './',
    outdir='./outputs',
    disk_io='high'
/
&system
    ibrav= 1, celldm(1)=20.000000, nat=  192, ntyp= 2,
    ecutwfc = 30.0, nosym=.true., occupations='smearing',
    smearing='m-v', degauss=0.025
/
&electrons
    conv_thr =  1.0d-8,
    mixing_beta = 0.7
/
&ions
    pot_extrapolation='second-order'
    wfc_extrapolation='second-order'
    ion_temperature = 'andersen'
    tempw = 1000

/
ATOMIC_SPECIES
 H  1.01  H.blyp-hgh.UPF
 O  16.0  O.blyp-hgh.UPF
ATOMIC_POSITIONS bohr
 O -5.181416 -1.337421 -1.951165
 O 3.569637 -2.157795 5.576970
 O -5.778412 5.726756 -5.361742
 O 0.038750 3.992961 -1.239569
 O -4.770036 0.937264 4.027827
 O -0.285871 5.895969 5.325237
 O -0.289315 -5.418512 -3.162919
 O 2.510149 0.112988 3.794082
 O -2.719441 -5.445233 5.855480
 O 2.424297 -2.595418 2.375013
 O 2.650260 -6.347117 2.903031
 O -4.044726 -3.369262 4.537773
 O -4.481269 -5.750946 0.626454
 O -3.579952 -5.560818 -4.037045
 O 2.801191 -3.048280 -2.479465
 O -2.299671 2.525370 0.121805
 O -1.338928 -2.237064 2.350916
 O 0.265869 -4.492967 3.902991
 O 5.076499 -4.542844 -5.004733
 O 5.087251 5.073425 2.251378
 O 5.638064 -3.264788 3.388115
 O -3.215781 -2.555208 -3.946154
 O -1.094674 2.765665 -4.906647
 O 4.138631 2.347795 2.963385
 O 2.431003 1.541508 -3.505937
 O -4.410839 2.471916 -6.426127
 O 4.624285 -5.887881 -1.071943
 O 1.996112 -0.901780 -5.053391
 O -1.985496 -0.056442 -5.063028
 O 1.180532 -0.356094 1.090318
 O 4.838615 -1.739616 -3.395418
 O 5.173108 -0.060925 -0.119414
 O 0.046802 4.689745 2.816119
 O -4.619516 0.687486 -4.153574
 O 0.995122 -3.871193 -0.376032
 O 4.422795 4.374417 -5.001722
 O 2.871692 5.532274 5.657266
 O -5.437368 4.677857 -1.920896
 O -0.221879 0.961581 -2.108415
 O -3.178150 -3.951847 -0.855066
 O -2.896143 5.493927 3.228037
 O -2.050657 2.918267 4.700968
 O -2.384999 -0.992927 -0.745484
 O -1.397680 -1.586470 4.892905
 O 0.727522 1.839668 5.311582
 O -4.499960 3.183921 1.267774
 O 3.236459 4.299614 -0.984799
 O 2.775096 -5.673195 -3.900893
 O -2.526234 4.231117 -2.588805
 O 4.752332 0.659920 5.744485
 O -2.638229 0.388336 2.128376
 O -0.603466 -2.112499 -2.877248
 O 0.012043 -3.462563 -5.527411
 O 5.861043 -5.865819 4.386689
 O 4.608765 -3.322794 0.134329
 O 4.662971 -0.789034 2.302937
 O 1.468912 4.182667 -4.258122
 O -1.250649 -5.833916 0.107491
 O -5.301033 -1.890454 -5.902197
 O -4.801126 1.191284 -0.759139
 O 5.075635 1.769686 -2.412900
 O 2.713918 -0.355725 -1.365600
 O -5.065493 -1.590669 1.195355
 O 1.654990 2.286639 1.251546
 H -5.405783 -1.825100 -1.139786
 H -5.058029 -0.424627 -1.563198
 H 4.344452 -1.639487 5.284049
 H 3.090073 -2.269685 4.721780
 H -6.539151 5.296291 -4.909898
 H -4.927521 5.576588 -4.911319
 H -0.129207 3.060513 -1.527154
 H 0.875168 4.154192 -1.722639
 H -5.647190 1.189651 4.401813
 H -4.164232 1.450959 4.610817
 H 0.021162 6.739725 4.889782
 H 0.070457 5.958753 6.234944
 H -0.637997 -5.549892 -2.256153
 H -1.085688 -5.371847 -3.729217
 H 3.144850 0.836285 3.636592
 H 1.806500 0.571303 4.315664
 H -3.077204 -6.012879 6.561806
 H -1.816954 -5.801762 5.660694
 H 1.817480 -1.849197 2.571704
 H 2.828247 -2.255798 1.544343
 H 3.598724 -6.582671 2.709858
 H 2.162942 -6.929669 2.286225
 H -3.886286 -3.757744 5.415418
 H -4.701745 -2.650078 4.599276
 H -4.904597 -6.550944 0.250793
 H -3.860081 -5.553034 -0.118731
 H -3.039553 -4.752952 -3.891849
 H -3.579954 -6.050816 -3.188649
 H 2.402702 -2.235566 -2.100278
 H 2.442619 -3.756877 -1.918481
 H -1.340833 2.722994 0.070566
 H -2.192536 1.611220 0.526273
 H -0.520295 -2.596401 1.942119
 H -1.270202 -2.202370 3.330791
 H 0.669912 -4.457827 3.010487
 H -0.637943 -4.135995 3.775438
 H 5.845220 -5.068595 -4.671400
 H 4.849683 -3.851031 -4.354120
 H 5.659069 5.776739 2.689370
 H 5.345738 4.999828 1.318143
 H 5.401212 -2.312182 3.456509
 H 4.776097 -3.613432 3.083716
 H -2.404391 -2.106954 -3.599445
 H -3.055266 -2.647679 -4.907814
 H -0.537921 3.204605 -4.234329
 H -1.462641 1.924871 -4.583251
 H 4.223066 3.318044 2.791454
 H 3.471840 2.096938 2.288482
 H 1.905075 0.844014 -3.968379
 H 1.977835 2.395211 -3.721174
 H -4.825978 1.776429 -5.874469
 H -3.507972 2.510193 -6.044511
 H 4.308779 -5.286391 -0.349789
 H 5.501331 -6.191447 -0.763909
 H 2.749617 -1.354818 -5.508423
 H 1.610728 -0.446107 -5.832833
 H -2.178904 -0.193191 -6.014472
 H -2.792280 -0.300450 -4.566064
 H 1.613160 0.416456 1.504140
 H 1.559510 -0.327448 0.172290
 H 4.218777 -2.441549 -3.099121
 H 5.739347 -1.894372 -3.043794
 H 5.455695 0.761251 -0.559633
 H 5.621924 -0.737421 -0.638747
 H 0.351423 5.181115 3.611516
 H -0.899289 4.791146 3.031774
 H -4.420675 0.423464 -3.233000
 H -5.594368 0.659654 -4.221447
 H 0.325812 -4.496299 -0.013355
 H 0.870587 -3.030304 0.104593
 H 3.894366 4.486804 -5.837672
 H 4.683454 3.437740 -5.118626
 H 2.696944 5.983866 4.792878
 H 3.367378 6.193888 6.188828
 H -6.048242 4.270414 -1.274515
 H -5.157451 3.848218 -2.343111
 H -0.973823 0.307098 -2.280318
 H -0.061209 0.653663 -1.179531
 H -3.736925 -3.953575 -0.045808
 H -3.756823 -3.626347 -1.571933
 H -3.201261 5.678966 2.322564
 H -3.282390 6.226561 3.746936
 H -1.969232 2.787882 3.735552
 H -2.000616 3.892179 4.740264
 H -2.777983 -1.868817 -0.572600
 H -2.867164 -0.362355 -0.181792
 H -2.317969 -1.954253 4.843509
 H -1.007545 -2.292334 5.469481
 H 0.670330 2.143597 6.250511
 H -0.141428 2.276619 5.079795
 H -4.085338 2.626235 1.956466
 H -3.667114 3.535522 0.902492
 H 3.706117 5.115052 -1.291757
 H 3.414714 3.514039 -1.533689
 H 3.744239 -5.559256 -3.792047
 H 2.387487 -5.815954 -3.019472
 H -2.053762 4.254529 -3.442380
 H -2.050494 4.738948 -1.919643
 H 5.058545 -0.046836 6.333124
 H 3.986330 0.252000 5.299119
 H -2.344648 -0.545118 2.179429
 H -3.580687 0.382680 2.401036
 H 0.117293 -1.586027 -3.279822
 H -0.197646 -2.898690 -2.461878
 H -0.356381 -3.778044 -4.675409
 H 0.960049 -3.313676 -5.337655
 H 6.301304 -6.345814 5.134736
 H 6.319714 -4.993549 4.367854
 H 5.431048 -3.583633 -0.320572
 H 3.896975 -3.485518 -0.520259
 H 5.067347 0.076481 2.459211
 H 3.760388 -0.842914 2.663676
 H 1.665570 3.938201 -5.183820
 H 2.343464 4.553493 -4.058130
 H -0.996496 -6.775744 0.236955
 H -2.152536 -5.793589 0.492778
 H -4.679462 -1.170497 -6.197664
 H -5.403314 -1.733800 -4.941457
 H -3.860180 1.511265 -0.767806
 H -5.030823 1.224386 0.192204
 H 5.095309 2.707650 -2.697147
 H 4.179052 1.491002 -2.726072
 H 3.543848 -0.290047 -0.811840
 H 2.574843 0.496161 -1.833176
 H -6.009502 -1.378012 1.387976
 H -4.813078 -2.117740 1.984941
 H 1.581156 3.030078 1.890733
 H 1.475415 2.722337 0.400248
K_POINTS
 1
0.0 0.0 0.0 1.0