
&control
    calculation='scf'
    pseudo_dir = './',
    outdir='./outputs',
    disk_io='high'
/
&system
    ibrav= 1, celldm(1)=20.000000, nat=  192, ntyp= 2,
    ecutwfc = 30.0, nosym=.true., occupations='smearing',
    smearing='m-v', degauss=0.025
/
&electrons
    conv_thr =  1.0d-8,
    mixing_beta = 0.7
/
&ions
    pot_extrapolation='second-order'
    wfc_extrapolation='second-order'
    ion_temperature = 'andersen'
    tempw = 1000

/
ATOMIC_SPECIES
 H  1.01  H.blyp-hgh.UPF
 O  16.0  O.blyp-hgh.UPF
ATOMIC_POSITIONS bohr
 O -5.180974 -1.336671 -1.951348
 O 3.569482 -2.159412 5.577863
 O -5.777994 5.727219 -5.361654
 O 0.039880 3.993249 -1.238051
 O -4.769489 0.937689 4.027004
 O -0.286717 5.899201 5.325910
 O -0.290592 -5.418153 -3.160832
 O 2.508943 0.115386 3.796646
 O -2.718224 -5.446253 5.856287
 O 2.427102 -2.594602 2.376947
 O 2.650414 -6.348906 2.902585
 O -4.044739 -3.371303 4.538803
 O -4.481930 -5.751459 0.625515
 O -3.578767 -5.558578 -4.037226
 O 2.803367 -3.049837 -2.479420
 O -2.300138 2.525672 0.117937
 O -1.339591 -2.239667 2.352633
 O 0.265364 -4.495584 3.903361
 O 5.073586 -4.543316 -5.003948
 O 5.084746 5.074307 2.251699
 O 5.636425 -3.266145 3.389822
 O -3.215469 -2.554229 -3.945799
 O -1.096438 2.765957 -4.905975
 O 4.139405 2.347367 2.962192
 O 2.432090 1.541557 -3.507824
 O -4.407979 2.472957 -6.425579
 O 4.625410 -5.886227 -1.070428
 O 1.994591 -0.898922 -5.055491
 O -1.983733 -0.056969 -5.064676
 O 1.182317 -0.357379 1.091342
 O 4.840774 -1.739623 -3.395684
 O 5.170866 -0.062881 -0.118506
 O 0.048339 4.689929 2.821732
 O -4.619535 0.686100 -4.154082
 O 0.996525 -3.870786 -0.375085
 O 4.422636 4.376083 -5.004786
 O 2.868451 5.534214 5.656724
 O -5.438522 4.680649 -1.920112
 O -0.220440 0.961035 -2.110649
 O -3.179801 -3.953217 -0.855874
 O -2.896985 5.494277 3.227627
 O -2.053105 2.918120 4.703076
 O -2.384336 -0.996861 -0.745536
 O -1.397546 -1.583562 4.895316
 O 0.728354 1.838532 5.313480
 O -4.500689 3.184305 1.268212
 O 3.237272 4.300153 -0.987084
 O 2.775858 -5.671457 -3.902403
 O -2.527071 4.230820 -2.591289
 O 4.750014 0.660165 5.746378
 O -2.637860 0.389125 2.130310
 O -0.601784 -2.111664 -2.878692
 O 0.011734 -3.462208 -5.527776
 O 5.861821 -5.865994 4.387678
 O 4.605754 -3.323721 0.134533
 O 4.664456 -0.789431 2.302790
 O 1.470149 4.180293 -4.257654
 O -1.253023 -5.833470 0.105123
 O -5.299691 -1.891947 -5.903736
 O -4.800860 1.191788 -0.760007
 O 5.075071 1.773511 -2.415787
 O 2.712407 -0.355969 -1.364126
 O -5.063803 -1.592131 1.193592
 O 1.655365 2.286596 1.251409
 H -5.402970 -1.826958 -1.140861
 H -5.058433 -0.424136 -1.564459
 H 4.340495 -1.635996 5.282184
 H 3.084378 -2.267778 4.725213
 H -6.539870 5.296151 -4.911819
 H -4.927925 5.584453 -4.907211
 H -0.124858 3.057751 -1.523243
 H 0.877723 4.151548 -1.721215
 H -5.650306 1.183914 4.396953
 H -4.165683 1.452625 4.611738
 H 0.022401 6.742904 4.890518
 H 0.071753 5.961624 6.234944
 H -0.638687 -5.551578 -2.254048
 H -1.087334 -5.377180 -3.727364
 H 3.143110 0.840606 3.638923
 H 1.805459 0.570466 4.321231
 H -3.078580 -6.017200 6.559301
 H -1.815322 -5.802656 5.662371
 H 1.819314 -1.848661 2.574653
 H 2.821295 -2.253807 1.541215
 H 3.600885 -6.583203 2.716141
 H 2.164934 -6.928509 2.281259
 H -3.889329 -3.761594 5.417212
 H -4.701283 -2.650779 4.597833
 H -4.903941 -6.554310 0.252941
 H -3.860174 -5.557720 -0.121533
 H -3.035460 -4.752173 -3.894130
 H -3.575084 -6.050765 -3.189934
 H 2.398755 -2.239527 -2.103482
 H 2.439886 -3.754622 -1.914738
 H -1.341070 2.723755 0.060731
 H -2.184919 1.612464 0.521316
 H -0.522659 -2.606696 1.939685
 H -1.268229 -2.199777 3.331566
 H 0.674366 -4.455153 3.013187
 H -0.636582 -4.133950 3.777362
 H 5.843042 -5.072851 -4.677711
 H 4.851804 -3.851169 -4.351027
 H 5.664553 5.768448 2.687734
 H 5.341780 5.001175 1.317829
 H 5.401563 -2.312089 3.451306
 H 4.773594 -3.614933 3.087397
 H -2.403387 -2.106536 -3.598808
 H -3.048897 -2.647446 -4.906719
 H -0.535702 3.204833 -4.237402
 H -1.464283 1.925282 -4.579998
 H 4.220572 3.318895 2.795511
 H 3.472797 2.096250 2.286789
 H 1.904445 0.848741 -3.975811
 H 1.983048 2.397957 -3.722940
 H -4.822604 1.777300 -5.872814
 H -3.503038 2.507335 -6.047571
 H 4.312310 -5.288058 -0.343763
 H 5.503441 -6.193124 -0.767184
 H 2.749814 -1.352809 -5.508853
 H 1.611561 -0.446520 -5.838194
 H -2.182991 -0.196569 -6.014918
 H -2.790729 -0.295675 -4.565430
 H 1.615703 0.416593 1.500511
 H 1.552215 -0.331466 0.171058
 H 4.217346 -2.439041 -3.098038
 H 5.740159 -1.896188 -3.039355
 H 5.451385 0.759626 -0.558935
 H 5.626393 -0.739064 -0.636455
 H 0.348692 5.184521 3.618355
 H -0.898931 4.787213 3.033295
 H -4.412385 0.426243 -3.234165
 H -5.595544 0.660017 -4.216603
 H 0.324300 -4.497264 -0.020755
 H 0.866868 -3.030137 0.103372
 H 3.891410 4.489507 -5.838770
 H 4.682070 3.439131 -5.119477
 H 2.697804 5.981041 4.788303
 H 3.370040 6.193278 6.185988
 H -6.050901 4.274134 -1.274435
 H -5.156260 3.851014 -2.342862
 H -0.983503 0.317021 -2.275413
 H -0.060581 0.654002 -1.181543
 H -3.730110 -3.949207 -0.038621
 H -3.767853 -3.629425 -1.566264
 H -3.198428 5.678919 2.320708
 H -3.287573 6.227745 3.744407
 H -1.975486 2.791677 3.737107
 H -2.001352 3.892032 4.744575
 H -2.779263 -1.871302 -0.569164
 H -2.862524 -0.362496 -0.182524
 H -2.316233 -1.956995 4.843212
 H -1.003779 -2.289900 5.469702
 H 0.665672 2.149593 6.250315
 H -0.137704 2.278806 5.074350
 H -4.082881 2.625544 1.954649
 H -3.667728 3.532798 0.896879
 H 3.704638 5.116035 -1.297783
 H 3.419156 3.510825 -1.529658
 H 3.745303 -5.558422 -3.791769
 H 2.388483 -5.817184 -3.020907
 H -2.052401 4.254831 -3.443318
 H -2.057984 4.737770 -1.917474
 H 5.053604 -0.046434 6.339707
 H 3.982415 0.253385 5.303265
 H -2.334602 -0.540616 2.177120
 H -3.581885 0.378913 2.396154
 H 0.113895 -1.585409 -3.289869
 H -0.193444 -2.899783 -2.470363
 H -0.358237 -3.781023 -4.677883
 H 0.960959 -3.317202 -5.338544
 H 6.308455 -6.339711 5.135985
 H 6.314723 -4.990813 4.363236
 H 5.429623 -3.586054 -0.316548
 H 3.895176 -3.491681 -0.519753
 H 5.072489 0.074529 2.456536
 H 3.763739 -0.840727 2.668860
 H 1.668437 3.936618 -5.183000
 H 2.343309 4.553038 -4.059460
 H -0.993376 -6.774109 0.234189
 H -2.152651 -5.798519 0.497295
 H -4.686202 -1.160997 -6.191924
 H -5.403884 -1.741841 -4.941570
 H -3.856332 1.500831 -0.762696
 H -5.032887 1.225499 0.190593
 H 5.089087 2.710905 -2.702337
 H 4.179258 1.490051 -2.727506
 H 3.542590 -0.293235 -0.813373
 H 2.577185 0.494643 -1.835324
 H -6.008241 -1.379476 1.385548
 H -4.817261 -2.126056 1.981608
 H 1.585420 3.033874 1.888326
 H 1.475523 2.721849 0.398892
K_POINTS
 1
0.0 0.0 0.0 1.0