
&control
    calculation='scf'
    pseudo_dir = './',
    outdir='./outputs',
    disk_io='high'
/
&system
    ibrav= 1, celldm(1)=20.000000, nat=  192, ntyp= 2,
    ecutwfc = 30.0, nosym=.true., occupations='smearing',
    smearing='m-v', degauss=0.025
/
&electrons
    conv_thr =  1.0d-8,
    mixing_beta = 0.7
/
&ions
    pot_extrapolation='second-order'
    wfc_extrapolation='second-order'
    ion_temperature = 'andersen'
    tempw = 1000

/
ATOMIC_SPECIES
 H  1.01  H.blyp-hgh.UPF
 O  16.0  O.blyp-hgh.UPF
ATOMIC_POSITIONS bohr
 O -5.180543 -1.335919 -1.951523
 O 3.569326 -2.161028 5.578731
 O -5.777558 5.727700 -5.361576
 O 0.041023 3.993505 -1.236538
 O -4.768957 0.938090 4.026162
 O -0.287570 5.902428 5.326611
 O -0.291875 -5.417789 -3.158741
 O 2.507731 0.117789 3.799227
 O -2.717017 -5.447265 5.857085
 O 2.429904 -2.593780 2.378874
 O 2.650568 -6.350694 2.902130
 O -4.044728 -3.373327 4.539802
 O -4.482581 -5.751994 0.624558
 O -3.577572 -5.556345 -4.037385
 O 2.805533 -3.051401 -2.479360
 O -2.300554 2.525929 0.114076
 O -1.340260 -2.242292 2.354306
 O 0.264852 -4.498178 3.903712
 O 5.070669 -4.543797 -5.003147
 O 5.082247 5.075202 2.252017
 O 5.634776 -3.267489 3.391528
 O -3.215148 -2.553255 -3.945447
 O -1.098197 2.766280 -4.905315
 O 4.140167 2.346940 2.960984
 O 2.433168 1.541614 -3.509711
 O -4.405114 2.473997 -6.424998
 O 4.626539 -5.884563 -1.068903
 O 1.993055 -0.896048 -5.057602
 O -1.981966 -0.057486 -5.066314
 O 1.184103 -0.358678 1.092344
 O 4.842954 -1.739622 -3.395976
 O 5.168612 -0.064822 -0.117595
 O 0.049878 4.690121 2.827352
 O -4.619558 0.684712 -4.154592
 O 0.997925 -3.870382 -0.374140
 O 4.422467 4.377705 -5.007847
 O 2.865211 5.536169 5.656190
 O -5.439700 4.683430 -1.919314
 O -0.219043 0.960448 -2.112853
 O -3.181459 -3.954582 -0.856673
 O -2.897819 5.494630 3.227210
 O -2.055530 2.917977 4.705165
 O -2.383660 -1.000779 -0.745598
 O -1.397439 -1.580689 4.897744
 O 0.729159 1.837425 5.315403
 O -4.501420 3.184694 1.268666
 O 3.238061 4.300676 -0.989360
 O 2.776617 -5.669730 -3.903907
 O -2.527950 4.230518 -2.593785
 O 4.747713 0.660414 5.748271
 O -2.637497 0.389930 2.132230
 O -0.600104 -2.110824 -2.880138
 O 0.011421 -3.461862 -5.528148
 O 5.862624 -5.866170 4.388663
 O 4.602736 -3.324658 0.134742
 O 4.665964 -0.789858 2.302651
 O 1.471380 4.177885 -4.257197
 O -1.255400 -5.833046 0.102753
 O -5.298336 -1.893404 -5.905286
 O -4.800565 1.192286 -0.760883
 O 5.074496 1.777352 -2.418680
 O 2.710880 -0.356220 -1.362631
 O -5.062118 -1.593602 1.191840
 O 1.655749 2.286578 1.251288
 H -5.400059 -1.828896 -1.141857
 H -5.058777 -0.423653 -1.565717
 H 4.336585 -1.632619 5.280385
 H 3.078683 -2.265901 4.728758
 H -6.540553 5.295867 -4.913782
 H -4.928448 5.592300 -4.903062
 H -0.120615 3.055053 -1.519356
 H 0.880308 4.149031 -1.719718
 H -5.653338 1.178136 4.391993
 H -4.167193 1.454383 4.612666
 H 0.023707 6.746085 4.891199
 H 0.073123 5.964434 6.234887
 H -0.639394 -5.553244 -2.251966
 H -1.088962 -5.382602 -3.725463
 H 3.141400 0.845062 3.641264
 H 1.804365 0.569646 4.326779
 H -3.079953 -6.021470 6.556824
 H -1.813654 -5.803619 5.664034
 H 1.821134 -1.848122 2.577588
 H 2.814351 -2.251924 1.538169
 H 3.602990 -6.583734 2.722420
 H 2.166885 -6.927289 2.276362
 H -3.892442 -3.765465 5.419029
 H -4.700850 -2.651647 4.596531
 H -4.903276 -6.557716 0.255195
 H -3.860351 -5.562380 -0.124344
 H -3.031507 -4.751333 -3.896418
 H -3.570191 -6.050726 -3.191243
 H 2.394890 -2.243351 -2.106703
 H 2.437044 -3.752421 -1.911040
 H -1.341355 2.724668 0.050809
 H -2.177490 1.613867 0.516473
 H -0.525172 -2.616823 1.937414
 H -1.266079 -2.197089 3.332420
 H 0.678894 -4.452534 3.015971
 H -0.635180 -4.131918 3.779265
 H 5.840838 -5.077014 -4.684125
 H 4.854012 -3.851267 -4.347995
 H 5.669993 5.760008 2.686221
 H 5.337823 5.002499 1.317541
 H 5.401979 -2.312016 3.446024
 H 4.771136 -3.616499 3.091080
 H -2.402340 -2.106236 -3.598168
 H -3.042548 -2.647200 -4.905547
 H -0.533493 3.204922 -4.240431
 H -1.465869 1.925588 -4.576675
 H 4.218205 3.319684 2.799671
 H 3.473780 2.095595 2.285028
 H 1.903976 0.853414 -3.983204
 H 1.988286 2.400695 -3.724668
 H -4.819189 1.778274 -5.871143
 H -3.498130 2.504535 -6.050695
 H 4.315901 -5.289819 -0.337769
 H 5.505511 -6.194733 -0.770533
 H 2.750036 -1.350860 -5.509233
 H 1.612315 -0.446960 -5.843463
 H -2.187004 -0.199961 -6.015310
 H -2.789203 -0.290870 -4.564916
 H 1.618159 0.416772 1.496909
 H 1.544950 -0.335522 0.169862
 H 4.215922 -2.436512 -3.096868
 H 5.740895 -1.897985 -3.034839
 H 5.447043 0.758074 -0.558351
 H 5.630857 -0.740790 -0.634265
 H 0.346110 5.187847 3.625192
 H -0.898728 4.783261 3.034668
 H -4.404171 0.429051 -3.235383
 H -5.596707 0.660358 -4.211621
 H 0.322787 -4.498190 -0.028174
 H 0.863147 -3.029994 0.102156
 H 3.888453 4.492378 -5.839916
 H 4.680750 3.440524 -5.120272
 H 2.698722 5.978069 4.783710
 H 3.372611 6.192723 6.183091
 H -6.053590 4.277897 -1.274309
 H -5.154848 3.853823 -2.342708
 H -0.992958 0.327183 -2.270549
 H -0.059858 0.654410 -1.183662
 H -3.723272 -3.944658 -0.031529
 H -3.778875 -3.632474 -1.560628
 H -3.195681 5.678854 2.318845
 H -3.292724 6.228922 3.741978
 H -1.981775 2.795367 3.738678
 H -2.002121 3.891919 4.748971
 H -2.780522 -1.873772 -0.565720
 H -2.857923 -0.362748 -0.183172
 H -2.314515 -1.959679 4.842861
 H -0.999863 -2.287356 5.470005
 H 0.661121 2.155427 6.250074
 H -0.133928 2.280847 5.068726
 H -4.080604 2.624859 1.952945
 H -3.668354 3.530044 0.891123
 H 3.703208 5.116926 -1.303833
 H 3.423680 3.507718 -1.525655
 H 3.746322 -5.557541 -3.791530
 H 2.389491 -5.818390 -3.022375
 H -2.050982 4.255161 -3.444179
 H -2.065281 4.736603 -1.915340
 H 5.048691 -0.046065 6.346372
 H 3.978400 0.254818 5.307383
 H -2.324460 -0.536172 2.174784
 H -3.583069 0.375115 2.391349
 H 0.110497 -1.584877 -3.299938
 H -0.189206 -2.900838 -2.478851
 H -0.360000 -3.783904 -4.680403
 H 0.961825 -3.320712 -5.339430
 H 6.315519 -6.333568 5.137196
 H 6.309626 -4.988099 4.358615
 H 5.428168 -3.588443 -0.312516
 H 3.893433 -3.497706 -0.519313
 H 5.077520 0.072711 2.453902
 H 3.767076 -0.838440 2.674107
 H 1.671180 3.935075 -5.182280
 H 2.343296 4.552822 -4.060671
 H -0.990182 -6.772395 0.231432
 H -2.152628 -5.803390 0.501809
 H -4.693136 -1.151647 -6.186068
 H -5.404436 -1.749918 -4.941725
 H -3.852664 1.490451 -0.757605
 H -5.034939 1.226662 0.188959
 H 5.082916 2.714098 -2.707521
 H 4.179495 1.489060 -2.729020
 H 3.541344 -0.296357 -0.814999
 H 2.579541 0.493076 -1.837525
 H -6.006966 -1.380956 1.383103
 H -4.821457 -2.134368 1.978179
 H 1.589582 3.037599 1.885910
 H 1.475653 2.721392 0.397487
K_POINTS
 1
0.0 0.0 0.0 1.0