
&control
    calculation='scf'
    pseudo_dir = './',
    outdir='./outputs',
    disk_io='high'
/
&system
    ibrav= 1, celldm(1)=20.000000, nat=  192, ntyp= 2,
    ecutwfc = 30.0, nosym=.true., occupations='smearing',
    smearing='m-v', degauss=0.025
/
&electrons
    conv_thr =  1.0d-8,
    mixing_beta = 0.7
/
&ions
    pot_extrapolation='second-order'
    wfc_extrapolation='second-order'
    ion_temperature = 'andersen'
    tempw = 1000

/
ATOMIC_SPECIES
 H  1.01  H.blyp-hgh.UPF
 O  16.0  O.blyp-hgh.UPF
ATOMIC_POSITIONS bohr
 O -5.179321 -1.333652 -1.952005
 O 3.568857 -2.165861 5.581191
 O -5.776139 5.729248 -5.361411
 O 0.044533 3.994067 -1.232045
 O -4.767455 0.939151 4.023515
 O -0.290168 5.912076 5.328884
 O -0.295765 -5.416664 -3.152446
 O 2.504074 0.125032 3.807064
 O -2.713460 -5.450261 5.859426
 O 2.438281 -2.591250 2.384609
 O 2.651038 -6.356055 2.900714
 O -4.044548 -3.379306 4.542624
 O -4.484478 -5.753740 0.621572
 O -3.573927 -5.549698 -4.037729
 O 2.811947 -3.056156 -2.479069
 O -2.301482 2.526438 0.102537
 O -1.342274 -2.250313 2.359032
 O 0.263272 -4.505809 3.904659
 O 5.061885 -4.545291 -5.000656
 O 5.074786 5.077951 2.252934
 O 5.629755 -3.271442 3.396637
 O -3.214120 -2.550364 -3.944407
 O -1.103451 2.767410 -4.903409
 O 4.142368 2.345671 2.957272
 O 2.436352 1.541833 -3.515371
 O -4.396482 2.477101 -6.423054
 O 4.629958 -5.879513 -1.064268
 O 1.988375 -0.887340 -5.064009
 O -1.976655 -0.058965 -5.071177
 O 1.189443 -0.362679 1.095238
 O 4.849620 -1.739583 -3.397003
 O 5.161794 -0.070577 -0.114861
 O 0.054511 4.690744 2.844270
 O -4.619661 0.680539 -4.156139
 O 1.002120 -3.869205 -0.371324
 O 4.421897 4.382324 -5.016999
 O 2.855507 5.542124 5.654632
 O -5.443369 4.691695 -1.916833
 O -0.215123 0.958454 -2.119286
 O -3.186504 -3.958643 -0.858991
 O -2.900282 5.495720 3.225920
 O -2.062659 2.917570 4.711318
 O -2.381558 -1.012431 -0.745838
 O -1.397282 -1.572305 4.905119
 O 0.731404 1.834296 5.321318
 O -4.503600 3.185901 1.270129
 O 3.240280 4.302155 -0.996134
 O 2.778877 -5.664615 -3.908373
 O -2.530844 4.229576 -2.601348
 O 4.740918 0.661163 5.753981
 O -2.636437 0.392455 2.137892
 O -0.595075 -2.108261 -2.884476
 O 0.010459 -3.460881 -5.529308
 O 5.865188 -5.866705 4.391600
 O 4.593651 -3.327527 0.135396
 O 4.670629 -0.791317 2.302287
 O 1.475033 4.170452 -4.255882
 O -1.262557 -5.831917 0.095647
 O -5.294178 -1.897536 -5.909992
 O -4.799505 1.193738 -0.763563
 O 5.072693 1.788973 -2.427392
 O 2.706180 -0.357020 -1.358034
 O -5.057099 -1.598076 1.186661
 O 1.656950 2.286692 1.251011
 H -5.390722 -1.835135 -1.144382
 H -5.059455 -0.422199 -1.569418
 H 4.325100 -1.623204 5.275386
 H 3.061615 -2.260447 4.740062
 H -6.542346 5.294159 -4.919924
 H -4.930739 5.615730 -4.890353
 H -0.108526 3.047485 -1.507815
 H 0.888170 4.142266 -1.714741
 H -5.661863 1.160606 4.376567
 H -4.172160 1.460184 4.615481
 H 0.027984 6.755589 4.892920
 H 0.077664 5.972477 6.234385
 H -0.641619 -5.558115 -2.245863
 H -1.093720 -5.399400 -3.719460
 H 3.136333 0.859142 3.648379
 H 1.800777 0.567311 4.343293
 H -3.084029 -6.033925 6.549515
 H -1.808454 -5.806908 5.668927
 H 1.826530 -1.846563 2.586332
 H 2.793600 -2.246969 1.529595
 H 3.608904 -6.585328 2.741159
 H 2.172541 -6.923272 2.262115
 H -3.902228 -3.777123 5.424496
 H -4.699699 -2.655293 4.593508
 H -4.901213 -6.568128 0.262641
 H -3.861443 -5.576140 -0.132762
 H -3.020508 -4.748444 -3.903306
 H -3.555368 -6.050646 -3.195313
 H 2.383787 -2.253877 -2.116485
 H 2.427973 -3.746115 -1.900340
 H -1.342580 2.728365 0.020519
 H -2.156411 1.618961 0.502692
 H -0.533852 -2.646050 1.931767
 H -1.258530 -2.188477 3.335498
 H 0.692875 -4.444996 3.024839
 H -0.630739 -4.125898 3.784812
 H 5.834079 -5.088927 -4.703951
 H 4.861198 -3.851382 -4.339309
 H 5.686143 5.733994 2.682527
 H 5.325929 5.006315 1.316837
 H 5.403619 -2.311959 3.429716
 H 4.764045 -3.621561 3.102143
 H -2.398989 -2.106054 -3.596191
 H -3.023683 -2.646388 -4.901565
 H -0.526896 3.204377 -4.249200
 H -1.470229 1.925976 -4.566350
 H 4.211854 3.321646 2.812738
 H 3.476912 2.093857 2.279362
 H 1.903556 0.867089 -4.005126
 H 2.004170 2.408825 -3.729605
 H -4.808705 1.781839 -5.866054
 H -3.483595 2.496497 -6.060470
 H 4.327063 -5.295693 -0.320023
 H 5.511438 -6.199128 -0.781030
 H 2.750783 -1.345344 -5.510018
 H 1.614079 -0.448424 -5.858691
 H -2.198551 -0.210196 -6.016145
 H -2.784768 -0.276300 -4.564076
 H 1.625042 0.417600 1.486269
 H 1.523421 -0.347875 0.166384
 H 4.211766 -2.428718 -3.092864
 H 5.742570 -1.903225 -3.020880
 H 5.433841 0.753863 -0.557276
 H 5.644064 -0.746241 -0.628144
 H 0.339184 5.197261 3.645583
 H -0.899003 4.771286 3.037925
 H -4.380044 0.437654 -3.239358
 H -5.600000 0.661241 -4.195810
 H 0.318236 -4.500707 -0.050517
 H 0.851941 -3.029669 0.098576
 H 3.879593 4.501952 -5.843646
 H 4.677169 3.444693 -5.122374
 H 2.701830 5.968279 4.769917
 H 3.379759 6.191432 6.174022
 H -6.061816 4.289405 -1.273703
 H -5.149370 3.862425 -2.342714
 H -1.019892 0.359060 -2.256251
 H -0.057072 0.655999 -1.190636
 H -3.702497 -3.930003 -0.011016
 H -3.811825 -3.641456 -1.543888
 H -3.187955 5.678545 2.313231
 H -3.307898 6.232290 3.735213
 H -2.000850 2.805775 3.743448
 H -2.004629 3.891760 4.762677
 H -2.784172 -1.881074 -0.555362
 H -2.844351 -0.364211 -0.184613
 H -2.309413 -1.967346 4.841501
 H -0.987271 -2.279012 5.471389
 H 0.648115 2.171901 6.249072
 H -0.122219 2.286032 5.050798
 H -4.074868 2.622873 1.948486
 H -3.670457 3.521543 0.873065
 H 3.699204 5.118992 -1.322094
 H 3.437747 3.499056 -1.513813
 H 3.749081 -5.554597 -3.791084
 H 2.392593 -5.821861 -3.027019
 H -2.046326 4.256344 -3.446310
 H -2.085979 4.733201 -1.909163
 H 5.034023 -0.044959 6.366694
 H 3.965744 0.259392 5.319556
 H -2.293549 -0.523255 2.167662
 H -3.586528 0.363458 2.377426
 H 0.100337 -1.583790 -3.330270
 H -0.176271 -2.903792 -2.504340
 H -0.364726 -3.791974 -4.688202
 H 0.964086 -3.331158 -5.342062
 H 6.336155 -6.314916 5.140598
 H 6.293702 -4.980079 4.344754
 H 5.423614 -3.595417 -0.300394
 H 3.888543 -3.514946 -0.518401
 H 5.091961 0.068075 2.446262
 H 3.777028 -0.831000 2.690199
 H 1.678644 3.930673 -5.180756
 H 2.344164 4.553654 -4.063539
 H -0.980153 -6.766766 0.223201
 H -2.151716 -5.817625 0.515314
 H -4.715111 -1.124608 -6.167834
 H -5.406002 -1.774399 -4.942509
 H -3.842733 1.459690 -0.742504
 H -5.041051 1.230451 0.183942
 H 5.064727 2.723326 -2.723047
 H 4.180408 1.485851 -2.734039
 H 3.537811 -0.305331 -0.820321
 H 2.586685 0.488054 -1.844423
 H -6.003035 -1.385466 1.375637
 H -4.834108 -2.159217 1.967242
 H 1.601463 3.048236 1.878554
 H 1.476195 2.720128 0.393076
K_POINTS
 1
0.0 0.0 0.0 1.0