
&control
    calculation='scf'
    pseudo_dir = './',
    outdir='./outputs',
    disk_io='high'
/
&system
    ibrav= 1, celldm(1)=20.000000, nat=  192, ntyp= 2,
    ecutwfc = 30.0, nosym=.true., occupations='smearing',
    smearing='m-v', degauss=0.025
/
&electrons
    conv_thr =  1.0d-8,
    mixing_beta = 0.7
/
&ions
    pot_extrapolation='second-order'
    wfc_extrapolation='second-order'
    ion_temperature = 'andersen'
    tempw = 1000

/
ATOMIC_SPECIES
 H  1.01  H.blyp-hgh.UPF
 O  16.0  O.blyp-hgh.UPF
ATOMIC_POSITIONS bohr
 O -5.178211 -1.331403 -1.952428
 O 3.568388 -2.170656 5.583437
 O -5.774566 5.730955 -5.361345
 O 0.048186 3.994278 -1.227643
 O -4.766086 0.939995 4.020683
 O -0.292810 5.921685 5.331416
 O -0.299720 -5.415491 -3.146121
 O 2.500419 0.132344 3.815036
 O -2.710005 -5.453212 5.861708
 O 2.446601 -2.588600 2.390246
 O 2.651519 -6.361398 2.899238
 O -4.044145 -3.385164 4.545211
 O -4.486279 -5.755719 0.618385
 O -3.570198 -5.543139 -4.037873
 O 2.818195 -3.061037 -2.478570
 O -2.301898 2.526567 0.091047
 O -1.344247 -2.258576 2.363284
 O 0.261651 -4.513211 3.905443
 O 5.053044 -4.546849 -4.998028
 O 5.067360 5.080751 2.253766
 O 5.624626 -3.275266 3.401726
 O -3.212970 -2.547512 -3.943407
 O -1.108691 2.768752 -4.901604
 O 4.144441 2.344410 2.953432
 O 2.439452 1.542132 -3.521042
 O -4.387794 2.480171 -6.420806
 O 4.633426 -5.874382 -1.059538
 O 1.983614 -0.878519 -5.070547
 O -1.971342 -0.060339 -5.075969
 O 1.194733 -0.366847 1.097990
 O 4.856469 -1.739520 -3.398236
 O 5.154943 -0.076286 -0.112182
 O 0.059166 4.691455 2.861296
 O -4.619831 0.676356 -4.157722
 O 1.006310 -3.868095 -0.368547
 O 4.421228 4.386588 -5.026097
 O 2.845825 5.548202 5.653128
 O -5.447224 4.699821 -1.914238
 O -0.211638 0.956136 -2.125452
 O -3.191706 -3.962636 -0.861160
 O -2.902712 5.496891 3.224587
 O -2.069567 2.917219 4.717303
 O -2.379345 -1.023923 -0.746157
 O -1.397375 -1.564297 4.912626
 O 0.733375 1.831478 5.327447
 O -4.505713 3.187173 1.271720
 O 3.242281 4.303512 -1.002832
 O 2.781113 -5.659611 -3.912754
 O -2.534138 4.228575 -2.609005
 O 4.734307 0.661861 5.759777
 O -2.635396 0.395164 2.143393
 O -0.590074 -2.105633 -2.888817
 O 0.009485 -3.459972 -5.530553
 O 5.867987 -5.867252 4.394510
 O 4.584521 -3.330478 0.136107
 O 4.675488 -0.793040 2.302012
 O 1.478637 4.162714 -4.254657
 O -1.269748 -5.831009 0.088549
 O -5.289883 -1.901279 -5.914748
 O -4.798178 1.195118 -0.766315
 O 5.070765 1.800731 -2.436155
 O 2.701266 -0.357884 -1.353309
 O -5.052142 -1.602665 1.181624
 O 1.658218 2.287098 1.250843
 H -5.380438 -1.841886 -1.146266
 H -5.059616 -0.420633 -1.572904
 H 4.313914 -1.614931 5.271000
 H 3.044618 -2.255281 4.752334
 H -6.543678 5.291208 -4.926452
 H -4.934105 5.638983 -4.877223
 H -0.097386 3.040990 -1.496413
 H 0.896058 4.136714 -1.708944
 H -5.669432 1.142873 4.360434
 H -4.177982 1.466738 4.618308
 H 0.032723 6.764910 4.894177
 H 0.082845 5.979910 6.233404
 H -0.644006 -5.562794 -2.239989
 H -1.098260 -5.416980 -3.712999
 H 3.131111 0.874057 3.655705
 H 1.796784 0.565215 4.359555
 H -3.087960 -6.045743 6.542266
 H -1.803023 -5.810772 5.673654
 H 1.831889 -1.845210 2.595049
 H 2.773024 -2.243145 1.522022
 H 3.614100 -6.586944 2.759611
 H 2.177992 -6.918735 2.248570
 H -3.912723 -3.788666 5.429718
 H -4.698719 -2.660521 4.591871
 H -4.899030 -6.578719 0.271190
 H -3.863485 -5.589442 -0.141011
 H -3.010821 -4.745003 -3.910207
 H -3.540333 -6.050576 -3.199601
 H 2.373472 -2.262792 -2.126514
 H 2.418317 -3.740193 -1.890465
 H -1.344520 2.733591 -0.010562
 H -2.137266 1.625198 0.490171
 H -0.544637 -2.673306 1.928174
 H -1.249304 -2.179078 3.339344
 H 0.707380 -4.437922 3.034503
 H -0.625993 -4.119978 3.790045
 H 5.827120 -5.099931 -4.724582
 H 4.869301 -3.851367 -4.331329
 H 5.702238 5.707320 2.680328
 H 5.313938 5.009850 1.316370
 H 5.405839 -2.312241 3.412744
 H 4.757391 -3.627134 3.113245
 H -2.395411 -2.106964 -3.594031
 H -3.005203 -2.645479 -4.896911
 H -0.520299 3.202665 -4.257398
 H -1.473839 1.925827 -4.555641
 H 4.206595 3.322974 2.826619
 H 3.480389 2.092525 2.273162
 H 1.904652 0.880207 -4.026599
 H 2.020320 2.416781 -3.734133
 H -4.797873 1.786387 -5.860859
 H -3.469398 2.489032 -6.070878
 H 4.338821 -5.302484 -0.302688
 H 5.516892 -6.202828 -0.792207
 H 2.751492 -1.340266 -5.510149
 H 1.615039 -0.450061 -5.873031
 H -2.209257 -0.220469 -6.016436
 H -2.780531 -0.261552 -4.564225
 H 1.631265 0.418915 1.475866
 H 1.502471 -0.360428 0.162882
 H 4.207961 -2.420450 -3.088204
 H 5.743323 -1.908158 -3.006396
 H 5.420386 0.750287 -0.557187
 H 5.656640 -0.751613 -0.622336
 H 0.333328 5.205685 3.665550
 H -0.900415 4.759157 3.039924
 H -4.356801 0.446515 -3.243822
 H -5.602771 0.661895 -4.178632
 H 0.313660 -4.502784 -0.072929
 H 0.840613 -3.029399 0.095147
 H 3.870805 4.512851 -5.847815
 H 4.674140 3.448777 -5.124159
 H 2.705474 5.957198 4.756262
 H 3.386026 6.190786 6.164318
 H -6.070213 4.301153 -1.272852
 H -5.142212 3.871541 -2.343193
 H -1.044552 0.392909 -2.242499
 H -0.053247 0.658029 -1.198409
 H -3.681091 -3.914011 0.007945
 H -3.844409 -3.650261 -1.527279
 H -3.180995 5.678037 2.307646
 H -3.322488 6.235156 3.729061
 H -2.020253 2.815157 3.748235
 H -2.007442 3.891789 4.777174
 H -2.787624 -1.888164 -0.545005
 H -2.831118 -0.366804 -0.185282
 H -2.304266 -1.974383 4.839755
 H -0.973550 -2.269508 5.473427
 H 0.636065 2.186747 6.247642
 H -0.109826 2.289685 5.031365
 H -4.070789 2.621054 1.944960
 H -3.673226 3.512551 0.854027
 H 3.695621 5.120025 -1.340439
 H 3.452559 3.491431 -1.502231
 H 3.751354 -5.551185 -3.791112
 H 2.395797 -5.825081 -3.032077
 H -2.040982 4.257843 -3.447782
 H -2.104865 4.729945 -1.903412
 H 5.019279 -0.043450 6.387137
 H 3.952198 0.264387 5.331461
 H -2.262143 -0.510996 2.160448
 H -3.589771 0.351236 2.364288
 H 0.090256 -1.583461 -3.360768
 H -0.162989 -2.906463 -2.529899
 H -0.368632 -3.799236 -4.696250
 H 0.965724 -3.341519 -5.344644
 H 6.355918 -6.295959 5.143675
 H 6.276861 -4.972243 4.330917
 H 5.418772 -3.602114 -0.288266
 H 3.884164 -3.530934 -0.518143
 H 5.105410 0.064632 2.439025
 H 3.786977 -0.822722 2.706749
 H 1.684928 3.926578 -5.180224
 H 2.346371 4.556731 -4.065215
 H -0.969464 -6.760401 0.215014
 H -2.149526 -5.831249 0.528722
 H -4.738838 -1.099303 -6.148698
 H -5.407466 -1.799311 -4.943898
 H -3.834403 1.429583 -0.727753
 H -5.047178 1.234696 0.178802
 H 5.047056 2.732067 -2.738545
 H 4.181687 1.482314 -2.739765
 H 3.534857 -0.313711 -0.826089
 H 2.593924 0.482494 -1.851740
 H -5.998928 -1.390040 1.367924
 H -4.846808 -2.183801 1.955202
 H 1.612437 3.057866 1.870955
 H 1.477019 2.718877 0.388600
K_POINTS
 1
0.0 0.0 0.0 1.0