
&control
    calculation='scf'
    pseudo_dir = './',
    outdir='./outputs',
    disk_io='high'
/
&system
    ibrav= 1, celldm(1)=20.000000, nat=  192, ntyp= 2,
    ecutwfc = 30.0, nosym=.true., occupations='smearing',
    smearing='m-v', degauss=0.025
/
&electrons
    conv_thr =  1.0d-8,
    mixing_beta = 0.7
/
&ions
    pot_extrapolation='second-order'
    wfc_extrapolation='second-order'
    ion_temperature = 'andersen'
    tempw = 1000

/
ATOMIC_SPECIES
 H  1.01  H.blyp-hgh.UPF
 O  16.0  O.blyp-hgh.UPF
ATOMIC_POSITIONS bohr
 O -5.177222 -1.329215 -1.952791
 O 3.567924 -2.175399 5.585478
 O -5.772853 5.732816 -5.361376
 O 0.052002 3.994099 -1.223354
 O -4.764834 0.940623 4.017662
 O -0.295479 5.931266 5.334205
 O -0.303740 -5.414271 -3.139772
 O 2.496804 0.139756 3.823137
 O -2.706655 -5.456139 5.863947
 O 2.454839 -2.585795 2.395763
 O 2.652015 -6.366711 2.897728
 O -4.043509 -3.390932 4.547598
 O -4.487977 -5.757958 0.614970
 O -3.566390 -5.536678 -4.037815
 O 2.824220 -3.066074 -2.477812
 O -2.301773 2.526343 0.079583
 O -1.346147 -2.267098 2.367058
 O 0.260013 -4.520376 3.906061
 O 5.044134 -4.548460 -4.995263
 O 5.059948 5.083558 2.254486
 O 5.619387 -3.278952 3.406781
 O -3.211669 -2.544696 -3.942457
 O -1.113949 2.770257 -4.899887
 O 4.146380 2.343143 2.949470
 O 2.442466 1.542519 -3.526733
 O -4.379043 2.483200 -6.418261
 O 4.636943 -5.869182 -1.054713
 O 1.978805 -0.869608 -5.077234
 O -1.966046 -0.061610 -5.080699
 O 1.199948 -0.371194 1.100637
 O 4.863486 -1.739471 -3.399651
 O 5.148124 -0.082004 -0.109630
 O 0.063824 4.692267 2.878451
 O -4.620086 0.672168 -4.159349
 O 1.010499 -3.867075 -0.365820
 O 4.420453 4.390528 -5.035128
 O 2.836164 5.554389 5.651663
 O -5.451240 4.707777 -1.911554
 O -0.208617 0.953541 -2.131363
 O -3.197132 -3.966538 -0.863141
 O -2.905136 5.498185 3.223223
 O -2.076249 2.916949 4.723120
 O -2.377026 -1.035249 -0.746547
 O -1.397715 -1.556694 4.920253
 O 0.735057 1.828998 5.333769
 O -4.507704 3.188520 1.273411
 O 3.244066 4.304758 -1.009460
 O 2.783319 -5.654733 -3.917035
 O -2.537838 4.227517 -2.616724
 O 4.727892 0.662441 5.765711
 O -2.634346 0.398059 2.148718
 O -0.585098 -2.102937 -2.893158
 O 0.008524 -3.459124 -5.531907
 O 5.871026 -5.867810 4.397389
 O 4.575352 -3.333505 0.136889
 O 4.680525 -0.795007 2.301849
 O 1.482230 4.154691 -4.253525
 O -1.276969 -5.830325 0.081463
 O -5.285457 -1.904598 -5.919516
 O -4.796584 1.196415 -0.769132
 O 5.068698 1.812611 -2.444966
 O 2.696092 -0.358799 -1.348503
 O -5.047258 -1.607395 1.176758
 O 1.659546 2.287842 1.250754
 H -5.369147 -1.848940 -1.147625
 H -5.059282 -0.418842 -1.576042
 H 4.302965 -1.607871 5.267231
 H 3.027725 -2.250428 4.765487
 H -6.544443 5.287089 -4.933383
 H -4.938514 5.662050 -4.863638
 H -0.087176 3.035841 -1.485135
 H 0.903814 4.132400 -1.702234
 H -5.675977 1.125061 4.343754
 H -4.184907 1.473974 4.621091
 H 0.037803 6.773872 4.895009
 H 0.088666 5.986699 6.232004
 H -0.646561 -5.567274 -2.234339
 H -1.102552 -5.435312 -3.706088
 H 3.125408 0.889483 3.663337
 H 1.792467 0.563409 4.375482
 H -3.091658 -6.056805 6.534941
 H -1.797473 -5.815160 5.678201
 H 1.837278 -1.844202 2.603819
 H 2.752706 -2.240556 1.515624
 H 3.618452 -6.588610 2.777580
 H 2.183339 -6.913725 2.235753
 H -3.923947 -3.799884 5.434352
 H -4.697909 -2.667290 4.591677
 H -4.896710 -6.589374 0.280927
 H -3.866573 -5.602123 -0.148941
 H -3.002465 -4.740997 -3.917081
 H -3.525086 -6.050461 -3.204091
 H 2.364043 -2.269956 -2.136905
 H 2.408377 -3.734567 -1.881703
 H -1.347359 2.740427 -0.042424
 H -2.120150 1.632299 0.479103
 H -0.557777 -2.698385 1.926882
 H -1.238401 -2.168943 3.343793
 H 0.722322 -4.431282 3.044980
 H -0.621015 -4.114127 3.794875
 H 5.820011 -5.109993 -4.745913
 H 4.878404 -3.851366 -4.324157
 H 5.718496 5.680386 2.679853
 H 5.301790 5.013055 1.316110
 H 5.408610 -2.312976 3.395145
 H 4.751173 -3.633158 3.124396
 H -2.391700 -2.108967 -3.591550
 H -2.987244 -2.644497 -4.891666
 H -0.513632 3.199862 -4.264918
 H -1.476505 1.925512 -4.544778
 H 4.202380 3.323654 2.841215
 H 3.484286 2.091689 2.266476
 H 1.907292 0.892711 -4.047558
 H 2.036735 2.424509 -3.738219
 H -4.786743 1.791878 -5.855520
 H -3.455571 2.482174 -6.081941
 H 4.351168 -5.310190 -0.285799
 H 5.521858 -6.205789 -0.804056
 H 2.751956 -1.335539 -5.509488
 H 1.615121 -0.451804 -5.886497
 H -2.218992 -0.230719 -6.016176
 H -2.776476 -0.246695 -4.565276
 H 1.636891 0.420736 1.465651
 H 1.482284 -0.373081 0.159178
 H 4.204719 -2.411506 -3.082998
 H 5.743045 -1.912683 -2.991497
 H 5.406673 0.747226 -0.558005
 H 5.668133 -0.756310 -0.616415
 H 0.328322 5.212945 3.684829
 H -0.902596 4.746915 3.040725
 H -4.334566 0.455630 -3.248779
 H -5.604763 0.662304 -4.160033
 H 0.309076 -4.504337 -0.095351
 H 0.829097 -3.029088 0.091912
 H 3.862180 4.524897 -5.852382
 H 4.671624 3.452688 -5.125781
 H 2.709648 5.944859 4.742937
 H 3.391381 6.190897 6.153911
 H -6.078691 4.313008 -1.271893
 H -5.133639 3.881500 -2.343827
 H -1.066826 0.428542 -2.229419
 H -0.048246 0.660327 -1.206750
 H -3.658807 -3.896925 0.024855
 H -3.876313 -3.659006 -1.510594
 H -3.174790 5.677301 2.302197
 H -3.336282 6.237219 3.723312
 H -2.040002 2.823491 3.752972
 H -2.010559 3.891871 4.792456
 H -2.790857 -1.894975 -0.534714
 H -2.818203 -0.370607 -0.185171
 H -2.298932 -1.980739 4.837725
 H -0.958903 -2.258738 5.476046
 H 0.624926 2.199888 6.245813
 H -0.096613 2.291671 5.010557
 H -4.068368 2.619486 1.942304
 H -3.677067 3.502895 0.834296
 H 3.692452 5.119895 -1.358760
 H 3.468109 3.484894 -1.490915
 H 3.753136 -5.547270 -3.791697
 H 2.399074 -5.828019 -3.037576
 H -2.034847 4.259681 -3.448639
 H -2.121982 4.726765 -1.898278
 H 5.004243 -0.041060 6.407239
 H 3.937867 0.269836 5.343143
 H -2.230609 -0.499264 2.153235
 H -3.592653 0.338243 2.351977
 H 0.080244 -1.583901 -3.391381
 H -0.149381 -2.908861 -2.555578
 H -0.371786 -3.805786 -4.704362
 H 0.966632 -3.351830 -5.347165
 H 6.374768 -6.276742 5.146458
 H 6.259140 -4.964593 4.317141
 H 5.413652 -3.608552 -0.276174
 H 3.880294 -3.545673 -0.518579
 H 5.117831 0.062249 2.432185
 H 3.797083 -0.813664 2.723636
 H 1.690005 3.922778 -5.180669
 H 2.349655 4.561969 -4.065725
 H -0.958124 -6.753321 0.206860
 H -2.146087 -5.844208 0.541996
 H -4.764255 -1.075954 -6.128801
 H -5.408867 -1.824721 -4.946044
 H -3.827630 1.400238 -0.713470
 H -5.053417 1.239410 0.173589
 H 5.029940 2.740402 -2.754041
 H 4.183416 1.478497 -2.746185
 H 3.532806 -0.321515 -0.832031
 H 2.601227 0.476314 -1.859438
 H -5.994638 -1.394613 1.359904
 H -4.859488 -2.207966 1.941938
 H 1.622501 3.066303 1.863063
 H 1.478181 2.717451 0.384342
K_POINTS
 1
0.0 0.0 0.0 1.0