
&control
    calculation='scf'
    pseudo_dir = './',
    outdir='./outputs',
    disk_io='high'
/
&system
    ibrav= 1, celldm(1)=20.000000, nat=  192, ntyp= 2,
    ecutwfc = 30.0, nosym=.true., occupations='smearing',
    smearing='m-v', degauss=0.025
/
&electrons
    conv_thr =  1.0d-8,
    mixing_beta = 0.7
/
&ions
    pot_extrapolation='second-order'
    wfc_extrapolation='second-order'
    ion_temperature = 'andersen'
    tempw = 1000

/
ATOMIC_SPECIES
 H  1.01  H.blyp-hgh.UPF
 O  16.0  O.blyp-hgh.UPF
ATOMIC_POSITIONS bohr
 O -5.176109 -1.326458 -1.953167
 O 3.567319 -2.181619 5.587915
 O -5.770385 5.735528 -5.361558
 O 0.057371 3.993221 -1.217832
 O -4.763302 0.941126 4.013333
 O -0.299052 5.944021 5.338312
 O -0.309201 -5.412576 -3.131278
 O 2.492105 0.149851 3.834125
 O -2.702346 -5.460036 5.866886
 O 2.465654 -2.581778 2.402898
 O 2.652701 -6.373715 2.895711
 O -4.042274 -3.398538 4.550528
 O -4.490077 -5.761382 0.610039
 O -3.561208 -5.528240 -4.037430
 O 2.831803 -3.073041 -2.476311
 O -2.300741 2.525562 0.064284
 O -1.348568 -2.278848 2.371423
 O 0.257848 -4.529546 3.906630
 O 5.032135 -4.550672 -4.991373
 O 5.050071 5.087273 2.255256
 O 5.612239 -3.283642 3.413444
 O -3.209663 -2.540995 -3.941275
 O -1.121036 2.772433 -4.897697
 O 4.148759 2.341415 2.944013
 O 2.446357 1.543180 -3.534365
 O -4.367275 2.487178 -6.414429
 O 4.641706 -5.862160 -1.048147
 O 1.972380 -0.857612 -5.086395
 O -1.959038 -0.063148 -5.086919
 O 1.206759 -0.377278 1.104043
 O 4.873069 -1.739486 -3.401781
 O 5.139186 -0.089694 -0.106532
 O 0.069981 4.693510 2.901535
 O -4.620582 0.666584 -4.161594
 O 1.016078 -3.865883 -0.362274
 O 4.419245 4.395333 -5.047044
 O 2.823316 5.562781 5.649751
 O -5.456798 4.718077 -1.907875
 O -0.205338 0.949749 -2.138891
 O -3.204821 -3.971546 -0.865455
 O -2.908400 5.500152 3.221366
 O -2.084802 2.916751 4.730619
 O -2.373779 -1.050087 -0.747159
 O -1.398538 -1.547215 4.930586
 O 0.736836 1.826237 5.342449
 O -4.510090 3.190446 1.275764
 O 3.246113 4.306259 -1.018206
 O 2.786197 -5.648448 -3.922577
 O -2.543396 4.226047 -2.627035
 O 4.719634 0.662929 5.773905
 O -2.632873 0.402167 2.155526
 O -0.578474 -2.099234 -2.898948
 O 0.007300 -3.458058 -5.533931
 O 5.875450 -5.868570 4.401173
 O 4.563068 -3.337645 0.138065
 O 4.687480 -0.797947 2.301854
 O 1.487119 4.143608 -4.252153
 O -1.286630 -5.829760 0.072028
 O -5.279375 -1.908326 -5.925825
 O -4.794055 1.197994 -0.772975
 O 5.065710 1.828605 -2.456770
 O 2.688735 -0.360075 -1.342037
 O -5.040877 -1.613963 1.170563
 O 1.661399 2.289405 1.250696
 H -5.352422 -1.858397 -1.148891
 H -5.058113 -0.415981 -1.579483
 H 4.288703 -1.600407 5.263140
 H 3.005376 -2.244485 4.784168
 H -6.544397 5.279943 -4.943304
 H -4.945936 5.692517 -4.844776
 H -0.074966 3.031322 -1.470354
 H 0.913748 4.128592 -1.691763
 H -5.683123 1.101410 4.320955
 H -4.196247 1.484534 4.624621
 H 0.044891 6.784960 4.895547
 H 0.097437 5.994702 6.229653
 H -0.650238 -5.572929 -2.227096
 H -1.107856 -5.460863 -3.696222
 H 3.116535 0.910305 3.674127
 H 1.786373 0.561521 4.396039
 H -3.096109 -6.070228 6.524885
 H -1.790143 -5.821699 5.683970
 H 1.844608 -1.843560 2.615723
 H 2.726200 -2.239142 1.509126
 H 3.622799 -6.590961 2.800428
 H 2.190430 -6.906443 2.219778
 H -3.940015 -3.814043 5.439104
 H -4.697222 -2.678485 4.593711
 H -4.893393 -6.603530 0.295853
 H -3.872390 -5.617798 -0.158862
 H -2.993392 -4.734723 -3.926129
 H -3.504425 -6.050168 -3.210329
 H 2.353113 -2.276783 -2.151563
 H 2.395170 -3.727404 -1.872157
 H -1.352797 2.752102 -0.086062
 H -2.100516 1.642569 0.466944
 H -0.578825 -2.728360 1.928810
 H -1.221356 -2.154401 3.350055
 H 0.742786 -4.423046 3.060204
 H -0.614165 -4.106362 3.800541
 H 5.810424 -5.121922 -4.775260
 H 4.892200 -3.851565 -4.315963
 H 5.740611 5.644486 2.682105
 H 5.285278 5.016758 1.315974
 H 5.413080 -2.314834 3.370779
 H 4.743509 -3.641783 3.139342
 H -2.386661 -2.113288 -3.587492
 H -2.964319 -2.643122 -4.883991
 H -0.504533 3.194559 -4.273767
 H -1.478284 1.925453 -4.530481
 H 4.198292 3.323591 2.861592
 H 3.490224 2.091499 2.256863
 H 1.913214 0.908324 -4.074632
 H 2.058993 2.434398 -3.742947
 H -4.771600 1.800473 -5.848003
 H -3.437692 2.474025 -6.097721
 H 4.368482 -5.321794 -0.263935
 H 5.527813 -6.208553 -0.820855
 H 2.751859 -1.329632 -5.507200
 H 1.613745 -0.454159 -5.903197
 H -2.230256 -0.244264 -6.015036
 H -2.771333 -0.226839 -4.567901
 H 1.643507 0.423872 1.452178
 H 1.456791 -0.389938 0.153821
 H 4.201591 -2.398240 -3.075410
 H 5.741016 -1.917906 -2.971151
 H 5.387950 0.743599 -0.560296
 H 5.681103 -0.760690 -0.607772
 H 0.322592 5.220604 3.709154
 H -0.905859 4.730520 3.040063
 H -4.306643 0.468163 -3.256154
 H -5.605883 0.662453 -4.133008
 H 0.303039 -4.505424 -0.125190
 H 0.813365 -3.028527 0.087906
 H 3.851136 4.542381 -5.858942
 H 4.668971 3.457491 -5.127974
 H 2.715992 5.926529 4.725953
 H 3.397076 6.192411 6.138861
 H -6.089961 4.328715 -1.270677
 H -5.120500 3.896600 -2.344373
 H -1.092761 0.478423 -2.213214
 H -0.039536 0.663447 -1.218243
 H -3.627466 -3.872875 0.043502
 H -3.917164 -3.670797 -1.487829
 H -3.167676 5.675927 2.295356
 H -3.353132 6.238321 3.715984
 H -2.066906 2.833001 3.759161
 H -2.015180 3.891801 4.813976
 H -2.794778 -1.903515 -0.521216
 H -2.801426 -0.377654 -0.183790
 H -2.291338 -1.988124 4.834776
 H -0.938328 -2.242283 5.480324
 H 0.611343 2.214713 6.242909
 H -0.077552 2.291571 4.980974
 H -4.067663 2.617914 1.940029
 H -3.684438 3.488718 0.807422
 H 3.688865 5.117768 -1.382963
 H 3.489961 3.477924 -1.476250
 H 3.754832 -5.541200 -3.793466
 H 2.403460 -5.831457 -3.045535
 H -2.025302 4.262667 -3.448904
 H -2.142239 4.722405 -1.892845
 H 4.983455 -0.035861 6.432834
 H 3.917866 0.277923 5.358530
 H -2.189140 -0.483911 2.143753
 H -3.595594 0.319411 2.336895
 H 0.066883 -1.585739 -3.432234
 H -0.130839 -2.911587 -2.590104
 H -0.375017 -3.813626 -4.714888
 H 0.966644 -3.365536 -5.350417
 H 6.398451 -6.250790 5.149787
 H 6.234224 -4.954726 4.298935
 H 5.406433 -3.616766 -0.260182
 H 3.875916 -3.563399 -0.520305
 H 5.132690 0.060339 2.423634
 H 3.811145 -0.800504 2.746411
 H 1.694900 3.918186 -5.182625
 H 2.354835 4.571922 -4.064821
 H -0.942018 -6.742862 0.196029
 H -2.139690 -5.860376 0.559456
 H -4.800558 -1.048094 -6.101368
 H -5.410689 -1.859472 -4.950291
 H -3.820882 1.362459 -0.695330
 H -5.062057 1.246450 0.166574
 H 5.008022 2.751060 -2.774764
 H 4.186560 1.473086 -2.755798
 H 3.531895 -0.331089 -0.839841
 H 2.610989 0.466975 -1.870233
 H -5.988674 -1.400577 1.348659
 H -4.876215 -2.239338 1.922253
 H 1.634487 3.075558 1.852144
 H 1.480343 2.714996 0.379424
K_POINTS
 1
0.0 0.0 0.0 1.0