
&control
    calculation='scf'
    pseudo_dir = './',
    outdir='./outputs',
    disk_io='high'
/
&system
    ibrav= 1, celldm(1)=20.000000, nat=  192, ntyp= 2,
    ecutwfc = 30.0, nosym=.true., occupations='smearing',
    smearing='m-v', degauss=0.025
/
&electrons
    conv_thr =  1.0d-8,
    mixing_beta = 0.7
/
&ions
    pot_extrapolation='second-order'
    wfc_extrapolation='second-order'
    ion_temperature = 'andersen'
    tempw = 1000

/
ATOMIC_SPECIES
 H  1.01  H.blyp-hgh.UPF
 O  16.0  O.blyp-hgh.UPF
ATOMIC_POSITIONS bohr
 O -5.175869 -1.325806 -1.953238
 O 3.567170 -2.183154 5.588480
 O -5.769739 5.736246 -5.361628
 O 0.058766 3.992887 -1.216488
 O -4.762936 0.941193 4.012196
 O -0.299944 5.947210 5.339406
 O -0.310584 -5.412140 -3.129151
 O 2.490958 0.152420 3.836904
 O -2.701294 -5.461013 5.867615
 O 2.468321 -2.580721 2.404640
 O 2.652877 -6.375447 2.895215
 O -4.041893 -3.400433 4.551222
 O -4.490573 -5.762321 0.608738
 O -3.559897 -5.526165 -4.037281
 O 2.833604 -3.074825 -2.475837
 O -2.300329 2.525291 0.060448
 O -1.349160 -2.281848 2.372416
 O 0.257316 -4.531768 3.906727
 O 5.029112 -4.551235 -4.990367
 O 5.047606 5.088195 2.255417
 O 5.610426 -3.284773 3.415093
 O -3.209109 -2.540079 -3.940995
 O -1.122826 2.772996 -4.897161
 O 4.149317 2.340970 2.942620
 O 2.447310 1.543371 -3.536281
 O -4.364315 2.488163 -6.413400
 O 4.642909 -5.860391 -1.046485
 O 1.970779 -0.854598 -5.088729
 O -1.957299 -0.063505 -5.088459
 O 1.208435 -0.378848 1.104877
 O 4.875500 -1.739512 -3.402352
 O 5.136992 -0.091630 -0.105825
 O 0.071500 4.693847 2.907342
 O -4.620736 0.665189 -4.162169
 O 1.017470 -3.865617 -0.361402
 O 4.418910 4.396463 -5.049999
 O 2.820110 5.564901 5.649278
 O -5.458217 4.720594 -1.906943
 O -0.204654 0.948758 -2.140717
 O -3.206838 -3.972756 -0.865972
 O -2.909226 5.500692 3.220895
 O -2.086876 2.916736 4.732449
 O -2.372942 -1.053750 -0.747326
 O -1.398805 -1.544964 4.933195
 O 0.737199 1.825645 5.344654
 O -4.510631 3.190953 1.276363
 O 3.246566 4.306606 -1.020379
 O 2.786903 -5.646920 -3.923934
 O -2.544893 4.225674 -2.629606
 O 4.717618 0.662990 5.776009
 O -2.632483 0.403229 2.157173
 O -0.576814 -2.098289 -2.900397
 O 0.007008 -3.457799 -5.534484
 O 5.876621 -5.868761 4.402107
 O 4.559987 -3.338697 0.138386
 O 4.689256 -0.798729 2.301902
 O 1.488380 4.140779 -4.251835
 O -1.289048 -5.829680 0.069669
 O -5.277827 -1.909131 -5.927385
 O -4.793354 1.198359 -0.773948
 O 5.064919 1.832625 -2.459728
 O 2.686810 -0.360400 -1.340418
 O -5.039307 -1.615657 1.169069
 O 1.661876 2.289900 1.250683
 H -5.347929 -1.860707 -1.149152
 H -5.057699 -0.415175 -1.580187
 H 4.285202 -1.598889 5.262275
 H 2.999817 -2.243098 4.789004
 H -6.544171 5.277889 -4.945913
 H -4.948054 5.700082 -4.839923
 H -0.072156 3.030617 -1.466722
 H 0.916141 4.127986 -1.688866
 H -5.684644 1.095545 4.315198
 H -4.199506 1.487316 4.625456
 H 0.046687 6.787539 4.895594
 H 0.099814 5.996511 6.229007
 H -0.651206 -5.574284 -2.225324
 H -1.109104 -5.467439 -3.693650
 H 3.114029 0.915487 3.676950
 H 1.784814 0.561149 4.401034
 H -3.097127 -6.073335 6.522306
 H -1.788362 -5.823436 5.685360
 H 1.846476 -1.843539 2.618755
 H 2.719708 -2.239162 1.507878
 H 3.623615 -6.591580 2.805889
 H 2.192209 -6.904540 2.215973
 H -3.944216 -3.817411 5.439981
 H -4.697150 -2.681624 4.594629
 H -4.892526 -6.607047 0.299938
 H -3.874145 -5.621462 -0.161218
 H -2.991490 -4.732979 -3.928359
 H -3.499199 -6.050062 -3.211920
 H 2.350721 -2.278029 -2.155408
 H 2.391937 -3.725663 -1.870195
 H -1.354479 2.755475 -0.097166
 H -2.096164 1.645201 0.464416
 H -0.584630 -2.735263 1.929911
 H -1.216674 -2.150603 3.351562
 H 0.747983 -4.421087 3.064228
 H -0.612436 -4.104416 3.801800
 H 5.808027 -5.124639 -4.782732
 H 4.895956 -3.851664 -4.314166
 H 5.746209 5.635536 2.683184
 H 5.281089 5.017576 1.315956
 H 5.414321 -2.315476 3.364538
 H 4.741692 -3.644028 3.143090
 H -2.385396 -2.114651 -3.586307
 H -2.958796 -2.642774 -4.881994
 H -0.502210 3.192971 -4.275760
 H -1.478378 1.925580 -4.527000
 H 4.197529 3.323414 2.866820
 H 3.491848 2.091637 2.254340
 H 1.915116 0.912024 -4.081240
 H 2.064612 2.436791 -3.744001
 H -4.767788 1.802809 -5.846018
 H -3.433310 2.472171 -6.101847
 H 4.372948 -5.324910 -0.258569
 H 5.529208 -6.209033 -0.825225
 H 2.751666 -1.328205 -5.506361
 H 1.613120 -0.454734 -5.907171
 H -2.232740 -0.247617 -6.014628
 H -2.770091 -0.221883 -4.568749
 H 1.645002 0.424759 1.448810
 H 1.450695 -0.394127 0.152419
 H 4.201057 -2.394654 -3.073425
 H 5.740222 -1.919044 -2.965996
 H 5.383183 0.742713 -0.561046
 H 5.683852 -0.761365 -0.605421
 H 0.321278 5.222142 3.714966
 H -0.906605 4.726427 3.039614
 H -4.299985 0.471362 -3.258132
 H -5.605859 0.662420 -4.125860
 H 0.301559 -4.505494 -0.132631
 H 0.809357 -3.028363 0.086951
 H 3.848489 4.546950 -5.860639
 H 4.668415 3.458602 -5.128569
 H 2.717707 5.921625 4.721878
 H 3.398241 6.193060 6.134882
 H -6.092750 4.332584 -1.270414
 H -5.116979 3.900758 -2.344385
 H -1.098583 0.491251 -2.209406
 H -0.036969 0.664183 -1.221103
 H -3.619324 -3.866699 0.047394
 H -3.926983 -3.673800 -1.481992
 H -3.166104 5.675510 2.293752
 H -3.357036 6.238265 3.714183
 H -2.073739 2.835103 3.760686
 H -2.016416 3.891714 4.819543
 H -2.795680 -1.905540 -0.517900
 H -2.797303 -0.379775 -0.183223
 H -2.289335 -1.989780 4.834025
 H -0.933057 -2.237786 5.481520
 H 0.608145 2.217944 6.242135
 H -0.072513 2.291044 4.973298
 H -4.067923 2.617627 1.939677
 H -3.686745 3.484909 0.800673
 H 3.688084 5.116879 -1.388949
 H 3.495618 3.476497 -1.472660
 H 3.755157 -5.539520 -3.794100
 H 2.404542 -5.832227 -3.047616
 H -2.022661 4.263506 -3.448822
 H -2.146880 4.721253 -1.891808
 H 4.978098 -0.034139 6.438943
 H 3.912766 0.280113 5.362371
 H -2.178999 -0.480026 2.141426
 H -3.596113 0.314397 2.333366
 H 0.063515 -1.586431 -3.442427
 H -0.126157 -2.912171 -2.598800
 H -0.375685 -3.815460 -4.717411
 H 0.966441 -3.368957 -5.351209
 H 6.404113 -6.244255 5.150566
 H 6.227777 -4.952330 4.294423
 H 5.404566 -3.618759 -0.256216
 H 3.874958 -3.567490 -0.520948
 H 5.136085 0.060023 2.421588
 H 3.814817 -0.797044 2.752108
 H 1.695794 3.917131 -5.183321
 H 2.356114 4.574860 -4.064360
 H -0.937819 -6.740084 0.193329
 H -2.137795 -5.864212 0.563778
 H -4.810024 -1.041727 -6.094391
 H -5.411144 -1.868326 -4.951621
 H -3.819574 1.353276 -0.690978
 H -5.064293 1.248350 0.164808
 H 5.002707 2.753671 -2.779967
 H 4.187515 1.471695 -2.758385
 H 3.532026 -0.333348 -0.841734
 H 2.613420 0.464427 -1.873018
 H -5.987149 -1.402025 1.345742
 H -4.880340 -2.247011 1.916977
 H 1.637226 3.077521 1.849368
 H 1.481000 2.714252 0.378374
K_POINTS
 1
0.0 0.0 0.0 1.0