
&control
    calculation='scf'
    pseudo_dir = './',
    outdir='./outputs',
    disk_io='high'
/
&system
    ibrav= 1, celldm(1)=20.000000, nat=  192, ntyp= 2,
    ecutwfc = 30.0, nosym=.true., occupations='smearing',
    smearing='m-v', degauss=0.025
/
&electrons
    conv_thr =  1.0d-8,
    mixing_beta = 0.7
/
&ions
    pot_extrapolation='second-order'
    wfc_extrapolation='second-order'
    ion_temperature = 'andersen'
    tempw = 1000

/
ATOMIC_SPECIES
 H  1.01  H.blyp-hgh.UPF
 O  16.0  O.blyp-hgh.UPF
ATOMIC_POSITIONS bohr
 O -5.245975 -1.548355 -1.224057
 O 3.990306 -2.207360 5.400937
 O -5.717497 5.241059 -5.561480
 O -0.156988 3.568617 -1.580073
 O -4.718306 0.704369 3.832838
 O -0.239313 5.426015 5.183079
 O -0.129628 -5.365691 -3.404842
 O 2.285742 0.328399 3.692216
 O -2.858438 -5.300044 5.618480
 O 1.873585 -3.030400 1.628938
 O 2.503591 -6.067648 2.904562
 O -4.227828 -3.054514 4.347432
 O -4.421347 -5.964833 0.715199
 O -3.556688 -5.676880 -3.626325
 O 2.056841 -2.741846 -2.112330
 O -1.767204 2.516829 1.458641
 O -1.036653 -1.402806 1.664498
 O 0.257243 -4.240231 3.641039
 O 5.446969 -4.116849 -4.941760
 O 5.624547 4.801512 2.181569
 O 6.028801 -2.956161 3.249728
 O -3.227539 -3.030467 -3.812035
 O -0.914794 2.577217 -4.934365
 O 3.867420 2.349218 2.829300
 O 2.319704 1.283475 -3.118491
 O -4.921181 2.861392 -6.123945
 O 4.427093 -5.938979 -1.255305
 O 1.941687 -1.322692 -4.582868
 O -2.024242 0.261716 -4.830963
 O 0.835356 -0.321563 0.633385
 O 4.793136 -1.765510 -3.805807
 O 5.175208 0.060661 -0.015942
 O -0.342371 4.461093 1.820481
 O -5.301243 0.719642 -4.000052
 O 0.734171 -3.792810 -0.343530
 O 4.625644 3.424505 -4.281247
 O 3.573694 5.490315 5.810222
 O -5.069978 3.611956 -1.739714
 O -0.415883 1.042568 -1.568590
 O -2.968043 -3.287921 -1.185974
 O -2.595046 5.446585 3.395771
 O -1.489446 2.792147 3.785832
 O -2.644359 -0.204710 -0.662463
 O -1.513250 -2.223083 4.928060
 O 0.768442 1.767372 4.856782
 O -4.838977 3.423240 1.458117
 O 2.769186 3.882652 -0.532134
 O 2.673083 -5.949548 -3.540448
 O -2.678177 4.606083 -2.313283
 O 5.700836 0.520237 5.255513
 O -3.158610 0.158071 1.963193
 O -0.636014 -2.446520 -2.256862
 O 0.025598 -3.200014 -5.508199
 O 5.666569 -5.977532 4.461419
 O 5.173933 -2.967243 -0.236024
 O 4.721764 -0.698216 2.402589
 O 1.036832 4.299482 -4.381154
 O -0.577764 -5.738080 0.467424
 O -5.577533 -1.339429 -5.801297
 O -4.630109 1.484941 -0.953573
 O 5.230540 1.701740 -2.819938
 O 2.688805 -0.257547 -0.931225
 O -5.306594 -1.175206 1.187934
 O 1.503820 2.740919 1.420942
 H -4.749963 -1.743420 -0.403885
 H -4.537536 -1.462908 -1.887405
 H 3.512618 -2.999539 5.701788
 H 3.309834 -1.583090 5.074719
 H -6.234120 4.824833 -4.839219
 H -5.975048 4.660746 -6.305597
 H 0.332655 3.249941 -0.783874
 H 0.413370 4.220829 -2.026152
 H -5.448715 0.050100 3.809190
 H -5.125879 1.354412 4.447999
 H 0.207903 6.294306 5.126615
 H -0.207397 5.123763 6.114117
 H -0.381099 -5.651444 -2.508262
 H -0.768752 -5.856748 -3.952769
 H 2.417452 1.200161 3.242349
 H 1.384320 0.069302 3.423490
 H -3.506790 -5.605371 6.288983
 H -1.998109 -5.325670 6.080380
 H 1.911311 -2.041612 1.592462
 H 2.766853 -3.408550 1.679290
 H 3.297681 -6.207786 2.353518
 H 1.803210 -6.629240 2.508505
 H -3.605750 -3.516767 3.758071
 H -4.279057 -2.140108 4.008340
 H -3.492559 -6.193293 0.519384
 H -4.527915 -5.066224 0.332677
 H -4.468820 -5.634565 -3.286078
 H -3.525410 -6.569354 -4.019014
 H 2.159920 -1.763877 -2.042525
 H 2.424178 -3.084716 -1.275637
 H -1.550266 3.142485 0.747397
 H -1.389540 1.653453 1.192527
 H -0.369803 -1.908243 1.165199
 H -0.924728 -1.626458 2.609962
 H 0.906850 -3.556965 3.896528
 H -0.345413 -3.723656 3.071977
 H 5.915515 -4.746759 -5.523707
 H 6.128073 -3.612952 -4.459430
 H 5.500760 5.601499 2.753244
 H 5.996562 5.082884 1.323471
 H 5.313379 -2.621629 2.672929
 H 6.574640 -3.600827 2.772677
 H -2.369996 -2.830989 -4.234447
 H -3.946245 -2.958472 -4.462227
 H -0.491207 2.980299 -4.148612
 H -0.699239 1.617532 -4.886377
 H 4.693866 2.483164 3.331948
 H 3.429433 3.220596 2.811953
 H 2.904918 1.034501 -3.859406
 H 2.117634 2.237196 -3.168979
 H -5.015472 2.456230 -5.232714
 H -3.983048 3.107125 -6.238055
 H 4.210304 -5.037078 -1.576431
 H 5.387577 -5.897315 -1.092522
 H 2.774785 -1.121349 -5.058423
 H 1.191426 -1.009885 -5.122730
 H -2.124917 -0.480511 -5.451625
 H -2.859831 0.761553 -4.868877
 H 1.319372 0.515534 0.753108
 H 1.162703 -0.532125 -0.264020
 H 4.009527 -2.202660 -3.393758
 H 5.424903 -1.710258 -3.055909
 H 5.101013 1.027710 -0.096541
 H 5.967162 -0.252541 -0.578573
 H -0.594938 4.017686 2.683676
 H -0.360390 5.428822 1.931765
 H -4.725714 1.161294 -3.334876
 H -6.010242 0.431649 -3.372053
 H 0.724323 -4.707370 -0.659429
 H 0.738501 -3.911347 0.623065
 H 3.709635 3.673602 -4.078282
 H 4.590578 2.799408 -5.028796
 H 3.189408 4.921859 5.112159
 H 2.841093 6.117984 5.953072
 H -5.855523 3.889767 -1.233962
 H -4.787938 4.358804 -2.306299
 H -0.014545 0.363839 -2.140928
 H -1.317084 1.106338 -1.936068
 H -3.104886 -3.293948 -2.182405
 H -2.772391 -4.216603 -0.978564
 H -3.232606 5.864974 2.786241
 H -2.483702 6.072456 4.157357
 H -1.551856 1.820219 3.769844
 H -2.361329 3.123705 3.510127
 H -2.353766 -1.057355 -0.290637
 H -2.824529 0.290011 0.167212
 H -2.389996 -2.132090 5.349513
 H -1.324371 -3.171041 5.090509
 H 1.639886 1.694983 5.279177
 H 0.141389 2.237778 5.450347
 H -5.366655 3.403455 2.277889
 H -3.910157 3.186709 1.680077
 H 3.373180 4.573989 -0.185229
 H 2.826816 4.060540 -1.488347
 H 3.602326 -6.006435 -3.850549
 H 2.248935 -5.257387 -4.083847
 H -2.532466 3.879688 -2.955749
 H -2.106447 4.259750 -1.586793
 H 5.977821 0.168885 6.144295
 H 4.732946 0.438128 5.223900
 H -2.898744 -0.653569 2.424262
 H -3.662412 0.687612 2.631642
 H -0.079333 -3.241650 -2.317198
 H -0.232513 -2.064557 -1.460382
 H 0.421888 -3.470865 -4.651960
 H 0.766413 -3.167262 -6.136821
 H 4.965329 -5.502054 4.939907
 H 6.506114 -5.739493 4.889835
 H 5.670552 -3.561166 0.353532
 H 4.596915 -2.487195 0.385012
 H 4.259247 -0.486974 1.565507
 H 4.301001 -0.079125 3.031560
 H 1.417200 3.709266 -5.060326
 H 1.736195 4.966265 -4.072324
 H -0.894291 -6.401897 -0.175913
 H -1.347825 -5.208414 0.741749
 H -5.419787 -2.035942 -6.471031
 H -4.742401 -0.968029 -5.461240
 H -3.881961 2.099177 -1.022283
 H -4.808717 1.526113 0.005928
 H 5.799122 2.497099 -2.854825
 H 4.390680 2.000280 -2.435788
 H 3.524603 -0.631117 -0.565049
 H 3.005413 0.404357 -1.583167
 H -5.969539 -0.603525 1.638334
 H -4.857601 -1.642155 1.906207
 H 1.368459 3.712291 1.510714
 H 2.308432 2.596743 0.891950
K_POINTS
 1
0.0 0.0 0.0 1.0