
&control
    calculation='scf'
    pseudo_dir = './',
    outdir='./outputs',
    disk_io='high'
/
&system
    ibrav= 1, celldm(1)=20.000000, nat=  192, ntyp= 2,
    ecutwfc = 30.0, nosym=.true., occupations='smearing',
    smearing='m-v', degauss=0.025
/
&electrons
    conv_thr =  1.0d-8,
    mixing_beta = 0.7
/
&ions
    pot_extrapolation='second-order'
    wfc_extrapolation='second-order'
    ion_temperature = 'andersen'
    tempw = 1000

/
ATOMIC_SPECIES
 H  1.01  H.blyp-hgh.UPF
 O  16.0  O.blyp-hgh.UPF
ATOMIC_POSITIONS bohr
 O -5.174917 -1.322816 -1.953433
 O 3.566424 -2.190703 5.591092
 O -5.766364 5.740051 -5.362105
 O 0.066052 3.990571 -1.209966
 O -4.761153 0.941185 4.006178
 O -0.304353 5.963162 5.345264
 O -0.317606 -5.409890 -3.118512
 O 2.485423 0.165583 3.850982
 O -2.696163 -5.465937 5.871214
 O 2.481383 -2.575121 2.413096
 O 2.653774 -6.383950 2.892853
 O -4.039522 -3.409919 4.554501
 O -4.492900 -5.767524 0.601848
 O -3.553260 -5.516015 -4.036222
 O 2.841940 -3.083943 -2.472824
 O -2.297374 2.523566 0.041163
 O -1.352156 -2.297104 2.377022
 O 0.254756 -4.542439 3.906946
 O 5.013860 -4.554102 -4.985154
 O 5.035376 5.092783 2.256085
 O 5.601227 -3.290181 3.423215
 O -3.206000 -2.535565 -3.939676
 O -1.131911 2.775883 -4.894503
 O 4.151905 2.338631 2.935511
 O 2.451969 1.544492 -3.545902
 O -4.349413 2.493067 -6.407873
 O 4.648988 -5.851500 -1.038096
 O 1.962843 -0.839464 -5.100652
 O -1.948707 -0.065126 -5.096059
 O 1.216653 -0.386979 1.108941
 O 4.887811 -1.739808 -3.405415
 O 5.126331 -0.101366 -0.102772
 O 0.078893 4.695658 2.936538
 O -4.621692 0.658230 -4.165119
 O 1.024387 -3.864493 -0.357126
 O 4.417040 4.401738 -5.064617
 O 2.804123 5.575601 5.646928
 O -5.465448 4.732829 -1.902244
 O -0.202031 0.943662 -2.149575
 O -3.217535 -3.978511 -0.868193
 O -2.913432 5.503690 3.218482
 O -2.096851 2.916881 4.741335
 O -2.368617 -1.071784 -0.748230
 O -1.400454 -1.534414 4.946338
 O 0.738550 1.823249 5.355792
 O -4.512985 3.193650 1.279357
 O 3.248473 4.308179 -1.031184
 O 2.790321 -5.639564 -3.930558
 O -2.552988 4.223822 -2.642346
 O 4.707777 0.662875 5.786871
 O -2.630337 0.408659 2.165069
 O -0.568431 -2.093463 -2.907667
 O 0.005648 -3.456523 -5.537581
 O 5.882849 -5.869713 4.406681
 O 4.544519 -3.344043 0.140167
 O 4.698321 -0.802824 2.302491
 O 1.495063 4.126365 -4.250380
 O -1.301132 -5.829637 0.057859
 O -5.269965 -1.912403 -5.935022
 O -4.789470 1.199991 -0.778871
 O 5.060689 1.852805 -2.474544
 O 2.676676 -0.362037 -1.332349
 O -5.031626 -1.624459 1.161918
 O 1.664346 2.292984 1.250567
 H -5.323519 -1.871469 -1.150416
 H -5.054961 -0.410686 -1.582648
 H 4.268216 -1.593309 5.258776
 H 2.972157 -2.236783 4.813865
 H -6.541609 5.266232 -4.959792
 H -4.960126 5.737619 -4.814844
 H -0.059490 3.029405 -1.449164
 H 0.927555 4.126999 -1.672748
 H -5.690902 1.066698 4.286375
 H -4.218608 1.501908 4.629270
 H 0.055585 6.799024 4.895400
 H 0.112828 6.004385 6.225639
 H -0.656340 -5.580700 -2.216571
 H -1.114850 -5.501355 -3.680266
 H 3.099467 0.940874 3.691874
 H 1.776978 0.559929 4.424982
 H -3.101640 -6.087380 6.509033
 H -1.780063 -5.832558 5.691995
 H 1.856043 -1.844275 2.634398
 H 2.688297 -2.241494 1.503854
 H 3.626110 -6.594930 2.831294
 H 2.201185 -6.894756 2.197944
 H -3.966141 -3.833135 5.442277
 H -4.697685 -2.698889 4.601619
 H -4.887987 -6.624483 0.322487
 H -3.884601 -5.638020 -0.172340
 H -2.984117 -4.723106 -3.939221
 H -3.472702 -6.049298 -3.219934
 H 2.341197 -2.281858 -2.175958
 H 2.376535 -3.717262 -1.863082
 H -1.364940 2.774950 -0.153719
 H -2.077513 1.658217 0.455144
 H -0.615727 -2.766811 1.938493
 H -1.191062 -2.130840 3.357734
 H 0.774353 -4.411801 3.085572
 H -0.603811 -4.094574 3.807032
 H 5.796179 -5.136650 -4.820726
 H 4.916610 -3.852461 -4.306677
 H 5.774189 5.590825 2.691402
 H 5.259789 5.021011 1.315786
 H 5.421111 -2.319856 3.332530
 H 4.733057 -3.655650 3.161872
 H -2.379082 -2.123039 -3.579087
 H -2.932576 -2.641058 -4.871932
 H -0.490293 3.183563 -4.284459
 H -1.476591 1.927474 -4.510550
 H 4.195156 3.321673 2.893520
 H 3.500801 2.093590 2.240992
 H 1.927055 0.929179 -4.113318
 H 2.092908 2.448286 -3.748531
 H -4.748804 1.815246 -5.835122
 H -3.411769 2.464022 -6.123525
 H 4.395950 -5.341569 -0.232137
 H 5.535903 -6.210203 -0.848014
 H 2.749459 -1.321263 -5.500525
 H 1.608216 -0.457396 -5.926057
 H -2.243018 -0.264140 -6.012079
 H -2.764120 -0.197271 -4.573936
 H 1.651468 0.429543 1.431752
 H 1.421981 -0.414742 0.145336
 H 4.200010 -2.374989 -3.063161
 H 5.734724 -1.923563 -2.939909
 H 5.358773 0.737920 -0.565557
 H 5.694336 -0.761940 -0.592363
 H 0.315087 5.227598 3.742479
 H -0.908929 4.706176 3.035908
 H -4.268675 0.487723 -3.268783
 H -5.603853 0.661841 -4.087880
 H 0.294498 -4.504449 -0.169672
 H 0.788871 -3.027510 0.082319
 H 3.836184 4.570532 -5.869236
 H 4.666114 3.463555 -5.132134
 H 2.726930 5.895302 4.702693
 H 3.402528 6.198108 6.113678
 H -6.106387 4.351240 -1.269543
 H -5.098423 3.924072 -2.343269
 H -1.123947 0.557011 -2.191921
 H -0.021677 0.667198 -1.234797
 H -3.576826 -3.835283 0.061968
 H -3.973117 -3.689331 -1.451655
 H -3.159492 5.672970 2.286559
 H -3.374594 6.235941 3.705269
 H -2.108576 2.844093 3.768273
 H -2.023061 3.890616 4.848319
 H -2.799668 -1.914952 -0.501825
 H -2.777063 -0.392500 -0.179014
 H -2.278653 -1.997025 4.830406
 H -0.906388 -2.213026 5.488183
 H 0.593052 2.231399 6.238320
 H -0.045632 2.285402 4.933650
 H -4.071659 2.616885 1.939192
 H -3.701299 3.464126 0.767194
 H 3.684914 5.110343 -1.418330
 H 3.524997 3.471232 -1.455166
 H 3.756429 -5.530061 -3.798510
 H 2.409708 -5.835525 -3.058320
 H -2.007956 4.268187 -3.447528
 H -2.167821 4.714825 -1.889026
 H 4.950276 -0.022830 6.467472
 H 3.887196 0.292240 5.381773
 H -2.130611 -0.459530 2.130188
 H -3.596971 0.287304 2.317189
 H 0.046254 -1.591365 -3.493018
 H -0.102710 -2.914356 -2.642761
 H -0.378446 -3.824132 -4.728985
 H 0.964396 -3.386039 -5.355020
 H 6.430905 -6.211361 5.154265
 H 6.194343 -4.940898 4.272203
 H 5.394942 -3.628393 -0.236642
 H 3.870959 -3.585941 -0.525469
 H 5.151031 0.058888 2.411818
 H 3.834471 -0.778943 2.780271
 H 1.698360 3.912508 -5.187685
 H 2.361122 4.591536 -4.061098
 H -0.915845 -6.725351 0.179883
 H -2.126799 -5.882116 0.585175
 H -4.859303 -1.013415 -6.059103
 H -5.413445 -1.913643 -4.959949
 H -3.815002 1.309052 -0.670444
 H -5.076020 1.258721 0.155851
 H 4.977124 2.766599 -2.806212
 H 4.193398 1.464674 -2.772405
 H 3.534793 -0.343971 -0.850713
 H 2.625392 0.450311 -1.887421
 H -5.979422 -1.408850 1.330485
 H -4.900428 -2.284335 1.888625
 H 1.649351 3.085465 1.835555
 H 1.485007 2.709611 0.374356
K_POINTS
 1
0.0 0.0 0.0 1.0