
&control
    calculation='scf'
    pseudo_dir = './',
    outdir='./outputs',
    disk_io='high'
/
&system
    ibrav= 1, celldm(1)=20.000000, nat=  192, ntyp= 2,
    ecutwfc = 30.0, nosym=.true., occupations='smearing',
    smearing='m-v', degauss=0.025
/
&electrons
    conv_thr =  1.0d-8,
    mixing_beta = 0.7
/
&ions
    pot_extrapolation='second-order'
    wfc_extrapolation='second-order'
    ion_temperature = 'andersen'
    tempw = 1000

/
ATOMIC_SPECIES
 H  1.01  H.blyp-hgh.UPF
 O  16.0  O.blyp-hgh.UPF
ATOMIC_POSITIONS bohr
 O -5.174653 -1.321754 -1.953424
 O 3.566120 -2.193667 5.592061
 O -5.764954 5.741669 -5.362350
 O 0.069109 3.989368 -1.207439
 O -4.760441 0.941025 4.003613
 O -0.306082 5.969548 5.347785
 O -0.320466 -5.408960 -3.114258
 O 2.483305 0.171006 3.856698
 O -2.694158 -5.467926 5.872628
 O 2.486467 -2.572739 2.416365
 O 2.654136 -6.387262 2.891990
 O -4.038351 -3.413733 4.555727
 O -4.493770 -5.769846 0.598927
 O -3.550577 -5.512067 -4.035661
 O 2.844933 -3.087653 -2.471306
 O -2.295796 2.522733 0.033385
 O -1.353427 -2.303271 2.378794
 O 0.253788 -4.546500 3.906912
 O 5.007694 -4.555276 -4.982993
 O 5.030569 5.094622 2.256319
 O 5.597497 -3.292231 3.426400
 O -3.204595 -2.533792 -3.939183
 O -1.135603 2.777059 -4.893429
 O 4.152852 2.337627 2.932612
 O 2.453798 1.545013 -3.549762
 O -4.343413 2.495027 -6.405509
 O 4.651441 -5.847929 -1.034719
 O 1.959712 -0.833390 -5.105524
 O -1.945326 -0.065699 -5.099047
 O 1.219867 -0.390349 1.110512
 O 4.892794 -1.740014 -3.406730
 O 5.122223 -0.105257 -0.101790
 O 0.081726 4.696419 2.948266
 O -4.622159 0.655458 -4.166333
 O 1.027124 -3.864134 -0.355446
 O 4.416201 4.403692 -5.070391
 O 2.797753 5.579920 5.645990
 O -5.468388 4.737573 -1.900355
 O -0.201341 0.941603 -2.153009
 O -3.222108 -3.980660 -0.868921
 O -2.915149 5.505020 3.217482
 O -2.100653 2.917047 4.744767
 O -2.366828 -1.078869 -0.748616
 O -1.401237 -1.530514 4.951622
 O 0.738891 1.822538 5.360262
 O -4.513768 3.194805 1.280539
 O 3.249070 4.308726 -1.035485
 O 2.791624 -5.636764 -3.933144
 O -2.556490 4.223104 -2.647372
 O 4.703926 0.662632 5.791363
 O -2.629362 0.410858 2.168062
 O -0.565014 -2.091490 -2.910596
 O 0.005148 -3.456013 -5.538987
 O 5.885506 -5.870085 4.408456
 O 4.538305 -3.346217 0.140967
 O 4.702020 -0.804516 2.302910
 O 1.497967 4.120509 -4.249860
 O -1.305949 -5.829784 0.053122
 O -5.266779 -1.913372 -5.937986
 O -4.787760 1.200546 -0.780856
 O 5.058866 1.860897 -2.480474
 O 2.672404 -0.362689 -1.329140
 O -5.028636 -1.628140 1.159200
 O 1.665376 2.294480 1.250476
 H -5.312834 -1.875253 -1.150990
 H -5.053582 -0.408744 -1.583117
 H 4.261735 -1.591955 5.257700
 H 2.961143 -2.234551 4.824015
 H -6.539881 5.261007 -4.965747
 H -4.965623 5.752505 -4.804452
 H -0.055035 3.029822 -1.442522
 H 0.931897 4.127538 -1.665575
 H -5.692889 1.055444 4.274931
 H -4.227623 1.508012 4.630608
 H 0.059027 6.802898 4.895158
 H 0.118563 6.006985 6.224299
 H -0.658525 -5.583089 -2.213064
 H -1.116907 -5.515368 -3.674712
 H 3.092640 0.950694 3.698220
 H 1.773881 0.559751 4.434031
 H -3.103203 -6.092344 6.503589
 H -1.777124 -5.836347 5.694505
 H 1.859967 -1.844931 2.640932
 H 2.676320 -2.243440 1.503202
 H 3.626418 -6.596415 2.840428
 H 2.204819 -6.890805 2.191132
 H -3.975252 -3.838924 5.442214
 H -4.698431 -2.706345 4.605491
 H -4.886092 -6.631399 0.332476
 H -3.889484 -5.643756 -0.176557
 H -2.982139 -4.718584 -3.943397
 H -3.461926 -6.048875 -3.223113
 H 2.338674 -2.282443 -2.184872
 H 2.370812 -3.714079 -1.861493
 H -1.370100 2.783879 -0.176761
 H -2.071379 1.663203 0.453095
 H -0.628537 -2.778380 1.943015
 H -1.179938 -2.122666 3.359181
 H 0.785053 -4.408288 3.094640
 H -0.600405 -4.090560 3.808592
 H 5.791545 -5.140728 -4.836158
 H 4.925750 -3.852890 -4.304348
 H 5.785100 5.572848 2.695826
 H 5.251122 5.022080 1.315611
 H 5.424039 -2.322181 3.319391
 H 4.729751 -3.660432 3.169387
 H -2.376563 -2.127073 -3.575501
 H -2.922783 -2.640400 -4.868020
 H -0.485403 3.179146 -4.287397
 H -1.474816 1.928890 -4.504536
 H 4.194834 3.320625 2.904370
 H 3.504747 2.095004 2.235297
 H 1.932906 0.935373 -4.125720
 H 2.104261 2.452674 -3.750022
 H -4.741329 1.820433 -5.830183
 H -3.403254 2.461283 -6.132666
 H 4.405405 -5.348645 -0.221658
 H 5.538570 -6.210119 -0.857539
 H 2.747949 -1.318546 -5.497447
 H 1.605401 -0.458319 -5.933241
 H -2.246087 -0.270625 -6.010930
 H -2.761829 -0.187544 -4.576377
 H 1.653549 0.431502 1.424746
 H 1.411342 -0.422776 0.142643
 H 4.200354 -2.366317 -3.058956
 H 5.731925 -1.924768 -2.929347
 H 5.348726 0.735663 -0.567602
 H 5.697002 -0.760889 -0.586557
 H 0.312684 5.228804 3.752859
 H -0.908878 4.698250 3.033860
 H -4.257063 0.494426 -3.273371
 H -5.602198 0.661427 -4.071703
 H 0.291889 -4.503322 -0.184392
 H 0.780488 -3.027231 0.080462
 H 3.831781 4.580139 -5.872642
 H 4.665346 3.465252 -5.133947
 H 2.730867 5.883981 4.695616
 H 3.403534 6.201025 6.104595
 H -6.111655 4.358255 -1.269458
 H -5.090704 3.934584 -2.342159
 H -1.132471 0.583873 -2.185665
 H -0.014404 0.667960 -1.239844
 H -3.559067 -3.822616 0.065531
 H -3.990019 -3.695830 -1.438927
 H -3.157443 5.671746 2.284115
 H -3.380706 6.234113 3.701760
 H -2.122833 2.847047 3.771345
 H -2.025924 3.889803 4.860185
 H -2.800999 -1.918381 -0.495684
 H -2.769122 -0.398540 -0.176675
 H -2.274084 -1.999506 4.829101
 H -0.895737 -2.202102 5.491152
 H 0.587301 2.235615 6.236976
 H -0.034106 2.281779 4.917361
 H -4.074206 2.616914 1.939594
 H -3.708529 3.454971 0.754060
 H 3.684013 5.106816 -1.429779
 H 3.537231 3.469978 -1.448380
 H 3.756874 -5.525750 -3.800878
 H 2.411600 -5.836585 -3.062626
 H -2.001419 4.270246 -3.446576
 H -2.175237 4.711855 -1.889160
 H 4.938675 -0.017086 6.477937
 H 3.877128 0.297701 5.389706
 H -2.112677 -0.450571 2.125929
 H -3.596349 0.275478 2.311404
 H 0.039052 -1.594040 -3.512978
 H -0.093419 -2.914828 -2.660586
 H -0.379376 -3.827450 -4.733025
 H 0.963218 -3.392856 -5.356469
 H 6.440939 -6.198128 5.155705
 H 6.180455 -4.936646 4.263513
 H 5.390983 -3.632104 -0.228948
 H 3.869718 -3.592399 -0.527896
 H 5.156045 0.058465 2.408087
 H 3.843040 -0.771424 2.791266
 H 1.698541 3.911003 -5.189697
 H 2.362023 4.598849 -4.059526
 H -0.906622 -6.719119 0.174537
 H -2.121792 -5.888679 0.593655
 H -4.879769 -1.003656 -6.044913
 H -5.414391 -1.932269 -4.964059
 H -3.813959 1.292189 -0.662833
 H -5.080988 1.263292 0.152162
 H 4.967349 2.771773 -2.816851
 H 4.196291 1.461898 -2.778513
 H 3.536758 -0.347964 -0.854085
 H 2.630042 0.444004 -1.893395
 H -5.976326 -1.411330 1.324070
 H -4.908138 -2.298803 1.876463
 H 1.653466 3.087929 1.830225
 H 1.486937 2.707308 0.373310
K_POINTS
 1
0.0 0.0 0.0 1.0