
&control
    calculation='scf'
    pseudo_dir = './',
    outdir='./outputs',
    disk_io='high'
/
&system
    ibrav= 1, celldm(1)=20.000000, nat=  192, ntyp= 2,
    ecutwfc = 30.0, nosym=.true., occupations='smearing',
    smearing='m-v', degauss=0.025
/
&electrons
    conv_thr =  1.0d-8,
    mixing_beta = 0.7
/
&ions
    pot_extrapolation='second-order'
    wfc_extrapolation='second-order'
    ion_temperature = 'andersen'
    tempw = 1000

/
ATOMIC_SPECIES
 H  1.01  H.blyp-hgh.UPF
 O  16.0  O.blyp-hgh.UPF
ATOMIC_POSITIONS bohr
 O -5.174546 -1.321253 -1.953400
 O 3.565964 -2.195138 5.592535
 O -5.764236 5.742497 -5.362482
 O 0.070667 3.988715 -1.206188
 O -4.760081 0.940913 4.002296
 O -0.306936 5.972740 5.349082
 O -0.321907 -5.408488 -3.112132
 O 2.482266 0.173753 3.859574
 O -2.693162 -5.468925 5.873329
 O 2.488977 -2.571521 2.417978
 O 2.654315 -6.388895 2.891582
 O -4.037716 -3.415647 4.556322
 O -4.494194 -5.771058 0.597437
 O -3.549231 -5.510118 -4.035353
 O 2.846352 -3.089514 -2.470479
 O -2.294928 2.522291 0.029480
 O -1.354092 -2.306354 2.379687
 O 0.253319 -4.548485 3.906869
 O 5.004596 -4.555870 -4.981899
 O 5.028194 5.095546 2.256436
 O 5.595623 -3.293232 3.427978
 O -3.203856 -2.532914 -3.938943
 O -1.137459 2.777652 -4.892886
 O 4.153308 2.337107 2.931154
 O 2.454707 1.545290 -3.551693
 O -4.340406 2.496009 -6.404300
 O 4.652670 -5.846142 -1.033030
 O 1.958158 -0.830351 -5.107979
 O -1.943648 -0.065970 -5.100527
 O 1.221459 -0.392056 1.111284
 O 4.895295 -1.740136 -3.407406
 O 5.120203 -0.107195 -0.101352
 O 0.083111 4.696802 2.954132
 O -4.622411 0.654076 -4.166946
 O 1.028482 -3.863972 -0.354610
 O 4.415763 4.404640 -5.073261
 O 2.794574 5.582086 5.645521
 O -5.469865 4.739917 -1.899409
 O -0.201068 0.940578 -2.154705
 O -3.224455 -3.981700 -0.869253
 O -2.916013 5.505710 3.216972
 O -2.102513 2.917153 4.746457
 O -2.365921 -1.082385 -0.748813
 O -1.401649 -1.528629 4.954265
 O 0.739023 1.822231 5.362491
 O -4.514129 3.195400 1.281122
 O 3.249333 4.308981 -1.037632
 O 2.792260 -5.635396 -3.934426
 O -2.558294 4.222753 -2.649869
 O 4.702013 0.662470 5.793637
 O -2.628846 0.411957 2.169522
 O -0.563286 -2.090496 -2.912067
 O 0.004906 -3.455756 -5.539729
 O 5.886867 -5.870268 4.409330
 O 4.535192 -3.347311 0.141386
 O 4.703883 -0.805367 2.303163
 O 1.499478 4.117568 -4.249613
 O -1.308351 -5.829892 0.050749
 O -5.265181 -1.913787 -5.939447
 O -4.786876 1.200802 -0.781849
 O 5.057927 1.864944 -2.483439
 O 2.670228 -0.363011 -1.327541
 O -5.027160 -1.630015 1.157869
 O 1.665900 2.295279 1.250417
 H -5.307295 -1.877004 -1.151305
 H -5.052838 -0.407763 -1.583240
 H 4.258581 -1.591450 5.257217
 H 2.955644 -2.233498 4.829112
 H -6.538861 5.258292 -4.968813
 H -4.968510 5.759922 -4.799185
 H -0.052931 3.030174 -1.439307
 H 0.934035 4.128002 -1.661845
 H -5.693800 1.049890 4.269246
 H -4.232432 1.511112 4.631236
 H 0.060708 6.804671 4.895008
 H 0.121544 6.008167 6.223643
 H -0.659645 -5.584244 -2.211297
 H -1.117881 -5.522461 -3.671902
 H 3.089011 0.955523 3.701469
 H 1.772351 0.559730 4.438433
 H -3.103943 -6.094699 6.500852
 H -1.775755 -5.838257 5.695729
 H 1.861946 -1.845325 2.644268
 H 2.670477 -2.244621 1.503056
 H 3.626440 -6.597193 2.844746
 H 2.206645 -6.888840 2.187798
 H -3.979858 -3.841723 5.441984
 H -4.698941 -2.710152 4.607646
 H -4.885131 -6.634851 0.337672
 H -3.892054 -5.646422 -0.178640
 H -2.981352 -4.716192 -3.945441
 H -3.456499 -6.048637 -3.224685
 H 2.337718 -2.282572 -2.189489
 H 2.368054 -3.712539 -1.860958
 H -1.372888 2.788565 -0.188357
 H -2.068565 1.665627 0.452438
 H -0.634875 -2.784028 1.945420
 H -1.174223 -2.118544 3.359608
 H 0.790432 -4.406566 3.099277
 H -0.598714 -4.088531 3.809251
 H 5.789256 -5.142613 -4.843914
 H 4.930508 -3.853117 -4.303316
 H 5.790421 5.563811 2.698231
 H 5.246763 5.022551 1.315489
 H 5.425534 -2.323470 3.312757
 H 4.728114 -3.662840 3.173141
 H -2.375304 -2.129222 -3.573539
 H -2.918043 -2.640079 -4.866121
 H -0.482940 3.176803 -4.288766
 H -1.473707 1.929741 -4.501671
 H 4.194798 3.320035 2.909811
 H 3.506790 2.095855 2.232369
 H 1.936048 0.938318 -4.131834
 H 2.109932 2.454826 -3.750705
 H -4.737631 1.823043 -5.827563
 H -3.399002 2.460024 -6.137332
 H 4.410174 -5.352251 -0.216419
 H 5.539928 -6.209964 -0.862383
 H 2.747055 -1.317196 -5.495757
 H 1.603807 -0.458742 -5.936772
 H -2.247392 -0.273840 -6.010355
 H -2.760701 -0.182714 -4.577662
 H 1.654473 0.432465 1.421187
 H 1.406208 -0.426735 0.141369
 H 4.200683 -2.361817 -3.056844
 H 5.730426 -1.925229 -2.924041
 H 5.343639 0.734431 -0.568653
 H 5.698024 -0.760115 -0.583549
 H 0.311479 5.229219 3.757947
 H -0.908584 4.694341 3.032741
 H -4.251445 0.497808 -3.275728
 H -5.601201 0.661184 -4.063420
 H 0.290642 -4.502597 -0.191726
 H 0.776264 -3.027124 0.079515
 H 3.829707 4.584943 -5.874321
 H 4.664978 3.466042 -5.134961
 H 2.732875 5.878162 4.692213
 H 3.403888 6.202687 6.099928
 H -6.114242 4.361639 -1.269480
 H -5.086807 3.940082 -2.341445
 H -1.136417 0.597381 -2.182694
 H -0.010524 0.668221 -1.242255
 H -3.550048 -3.816289 0.066846
 H -3.998113 -3.699145 -1.432434
 H -3.156549 5.671091 2.282992
 H -3.383576 6.233030 3.700028
 H -2.130032 2.848403 3.772903
 H -2.027396 3.889306 4.866174
 H -2.801605 -1.920027 -0.492687
 H -2.765180 -0.401750 -0.175362
 H -2.271744 -2.000677 4.828495
 H -0.890448 -2.196435 5.492700
 H 0.584455 2.237498 6.236378
 H -0.028185 2.279688 4.909160
 H -4.075685 2.616997 1.939925
 H -3.712432 3.450211 0.747569
 H 3.683646 5.104878 -1.435431
 H 3.543444 3.469527 -1.445032
 H 3.757106 -5.523475 -3.802196
 H 2.412495 -5.837060 -3.064759
 H -1.998027 4.271305 -3.445998
 H -2.178758 4.710271 -1.889512
 H 4.932782 -0.013977 6.482982
 H 3.872168 0.300572 5.393725
 H -2.104080 -0.445882 2.123861
 H -3.595801 0.269349 2.308659
 H 0.035367 -1.595529 -3.522876
 H -0.088816 -2.914966 -2.669551
 H -0.379821 -3.829092 -4.734905
 H 0.962582 -3.396261 -5.357176
 H 6.445817 -6.191499 5.156428
 H 6.173412 -4.934604 4.259219
 H 5.388986 -3.633931 -0.225133
 H 3.869171 -3.595434 -0.529243
 H 5.158345 0.058227 2.406252
 H 3.847492 -0.767626 2.796682
 H 1.698461 3.910333 -5.190728
 H 2.362151 4.602584 -4.058721
 H -0.901925 -6.715940 0.171872
 H -2.119180 -5.891832 0.597884
 H -4.890129 -0.999088 -6.037823
 H -5.414872 -1.941690 -4.966277
 H -3.813574 1.283940 -0.659161
 H -5.083532 1.265671 0.150283
 H 4.962557 2.774372 -2.822207
 H 4.197854 1.460530 -2.781673
 H 3.537881 -0.349919 -0.855732
 H 2.632325 0.440706 -1.896426
 H -5.974787 -1.412505 1.320795
 H -4.911907 -2.305949 1.870233
 H 1.655366 3.089049 1.827641
 H 1.487968 2.706063 0.372893
K_POINTS
 1
0.0 0.0 0.0 1.0