
&control
    calculation='scf'
    pseudo_dir = './',
    outdir='./outputs',
    disk_io='high'
/
&system
    ibrav= 1, celldm(1)=20.000000, nat=  192, ntyp= 2,
    ecutwfc = 30.0, nosym=.true., occupations='smearing',
    smearing='m-v', degauss=0.025
/
&electrons
    conv_thr =  1.0d-8,
    mixing_beta = 0.7
/
&ions
    pot_extrapolation='second-order'
    wfc_extrapolation='second-order'
    ion_temperature = 'andersen'
    tempw = 1000

/
ATOMIC_SPECIES
 H  1.01  H.blyp-hgh.UPF
 O  16.0  O.blyp-hgh.UPF
ATOMIC_POSITIONS bohr
 O -5.174457 -1.320771 -1.953361
 O 3.565805 -2.196603 5.593002
 O -5.763510 5.743338 -5.362621
 O 0.072242 3.988030 -1.204946
 O -4.759718 0.940779 4.000956
 O -0.307783 5.975932 5.350405
 O -0.323357 -5.408013 -3.110007
 O 2.481241 0.176523 3.862462
 O -2.692171 -5.469926 5.874024
 O 2.491466 -2.570285 2.419579
 O 2.654493 -6.390512 2.891191
 O -4.037049 -3.417565 4.556905
 O -4.494613 -5.772304 0.595927
 O -3.547882 -5.508186 -4.035027
 O 2.847718 -3.091376 -2.469608
 O -2.294010 2.521835 0.025564
 O -1.354781 -2.309432 2.380592
 O 0.252859 -4.550439 3.906810
 O 5.001490 -4.556470 -4.980796
 O 5.025842 5.096475 2.256557
 O 5.593745 -3.294219 3.429546
 O -3.203095 -2.532041 -3.938706
 O -1.139321 2.778249 -4.892337
 O 4.153754 2.336575 2.929691
 O 2.455614 1.545575 -3.553622
 O -4.337396 2.496992 -6.403074
 O 4.653902 -5.844355 -1.031341
 O 1.956612 -0.827310 -5.110445
 O -1.941981 -0.066229 -5.101998
 O 1.223041 -0.393776 1.112045
 O 4.897802 -1.740272 -3.408093
 O 5.118205 -0.109125 -0.100949
 O 0.084474 4.697184 2.959996
 O -4.622674 0.652696 -4.167563
 O 1.029834 -3.863822 -0.353776
 O 4.415312 4.405569 -5.076121
 O 2.791400 5.584256 5.645051
 O -5.471346 4.742245 -1.898463
 O -0.200841 0.939558 -2.156390
 O -3.226843 -3.982717 -0.869565
 O -2.916881 5.506415 3.216455
 O -2.104345 2.917274 4.748130
 O -2.365007 -1.085883 -0.749012
 O -1.402074 -1.526786 4.956907
 O 0.739132 1.821954 5.364714
 O -4.514471 3.196006 1.281701
 O 3.249572 4.309222 -1.039778
 O 2.792883 -5.634050 -3.935702
 O -2.560130 4.222409 -2.652355
 O 4.700107 0.662282 5.795927
 O -2.628309 0.413055 2.170957
 O -0.561545 -2.089498 -2.913545
 O 0.004669 -3.455498 -5.540495
 O 5.888250 -5.870448 4.410193
 O 4.532075 -3.348409 0.141818
 O 4.705754 -0.806220 2.303446
 O 1.501030 4.114622 -4.249374
 O -1.310748 -5.830022 0.048374
 O -5.263581 -1.914156 -5.940893
 O -4.785974 1.201043 -0.782843
 O 5.056970 1.868991 -2.486403
 O 2.668027 -0.363332 -1.325944
 O -5.025696 -1.631912 1.156556
 O 1.666431 2.296108 1.250350
 H -5.301624 -1.878656 -1.151641
 H -5.052059 -0.406783 -1.583290
 H 4.255490 -1.591053 5.256763
 H 2.950152 -2.232486 4.834217
 H -6.537738 5.255515 -4.971938
 H -4.971491 5.767322 -4.793874
 H -0.050905 3.030600 -1.436172
 H 0.936155 4.128593 -1.658025
 H -5.694663 1.044385 4.263593
 H -4.237442 1.514241 4.631837
 H 0.062357 6.806335 4.894840
 H 0.124600 6.009271 6.222998
 H -0.660782 -5.585372 -2.209518
 H -1.118817 -5.529609 -3.669073
 H 3.085241 0.960298 3.704768
 H 1.770835 0.559756 4.442751
 H -3.104659 -6.096978 6.498111
 H -1.774458 -5.840173 5.696933
 H 1.863933 -1.845758 2.647655
 H 2.664738 -2.245935 1.503020
 H 3.626383 -6.597997 2.848888
 H 2.208476 -6.886888 2.184505
 H -3.984490 -3.844466 5.441629
 H -4.699547 -2.713998 4.609941
 H -4.884161 -6.638301 0.342997
 H -3.894700 -5.648952 -0.180714
 H -2.980696 -4.713712 -3.947454
 H -3.451045 -6.048381 -3.226241
 H 2.336975 -2.282606 -2.194214
 H 2.365365 -3.711038 -1.860588
 H -1.375813 2.793390 -0.199998
 H -2.065908 1.668000 0.452028
 H -0.641118 -2.789619 1.947890
 H -1.168419 -2.114405 3.359814
 H 0.795827 -4.404864 3.103979
 H -0.597032 -4.086488 3.809828
 H 5.786988 -5.144395 -4.851691
 H 4.935390 -3.853348 -4.302371
 H 5.795625 5.554731 2.700746
 H 5.242389 5.022980 1.315339
 H 5.427045 -2.324843 3.306085
 H 4.726484 -3.665255 3.176890
 H -2.374046 -2.131456 -3.571460
 H -2.913409 -2.639764 -4.864268
 H -0.480468 3.174373 -4.290076
 H -1.472455 1.930682 -4.498905
 H 4.194841 3.319404 2.915257
 H 3.508877 2.096805 2.229384
 H 1.939329 0.941160 -4.137895
 H 2.115592 2.456951 -3.751350
 H -4.733963 1.825657 -5.824835
 H -3.394748 2.458837 -6.142061
 H 4.414967 -5.355898 -0.211172
 H 5.541310 -6.209735 -0.867281
 H 2.746069 -1.315853 -5.493973
 H 1.602091 -0.459139 -5.940269
 H -2.248543 -0.277038 -6.009788
 H -2.759584 -0.177909 -4.578984
 H 1.655318 0.433408 1.417588
 H 1.401198 -0.430651 0.140159
 H 4.201110 -2.357211 -3.054727
 H 5.728872 -1.925594 -2.918718
 H 5.338510 0.733121 -0.569716
 H 5.698849 -0.759190 -0.580481
 H 0.310268 5.229519 3.762983
 H -0.908097 4.690474 3.031570
 H -4.245950 0.501209 -3.278123
 H -5.600098 0.660917 -4.055013
 H 0.289438 -4.501763 -0.199042
 H 0.772021 -3.027047 0.078549
 H 3.827722 4.589736 -5.875980
 H 4.664615 3.466796 -5.136053
 H 2.734904 5.872242 4.688899
 H 3.404143 6.204487 6.095178
 H -6.116795 4.364930 -1.269549
 H -5.082891 3.945734 -2.340623
 H -1.140166 0.610927 -2.179824
 H -0.006485 0.668395 -1.244591
 H -3.540945 -3.809975 0.067863
 H -4.005966 -3.702505 -1.425857
 H -3.155745 5.670409 2.281935
 H -3.386328 6.231847 3.698316
 H -2.137279 2.849685 3.774482
 H -2.028894 3.888750 4.872194
 H -2.802171 -1.921629 -0.489742
 H -2.761256 -0.405083 -0.173950
 H -2.269371 -2.001808 4.827924
 H -0.885194 -2.190638 5.494291
 H 0.581617 2.239241 6.235841
 H -0.022161 2.277416 4.900933
 H -4.077293 2.617123 1.940343
 H -3.716518 3.445330 0.741134
 H 3.683339 5.102831 -1.441033
 H 3.549718 3.469189 -1.441713
 H 3.757351 -5.521118 -3.803604
 H 2.413354 -5.837497 -3.066869
 H -1.994561 4.272379 -3.445348
 H -2.182158 4.708619 -1.890054
 H 4.926832 -0.010724 6.487913
 H 3.867268 0.303541 5.397782
 H -2.095749 -0.441042 2.121837
 H -3.595086 0.263075 2.306012
 H 0.031617 -1.597117 -3.532712
 H -0.084250 -2.915034 -2.678551
 H -0.380257 -3.830726 -4.736691
 H 0.961928 -3.399662 -5.357871
 H 6.450603 -6.184863 5.157156
 H 6.166308 -4.932624 4.254964
 H 5.386978 -3.635739 -0.221339
 H 3.868673 -3.598340 -0.530678
 H 5.160510 0.057963 2.404434
 H 3.852058 -0.763811 2.802036
 H 1.698273 3.909721 -5.191767
 H 2.362040 4.606353 -4.057915
 H -0.897174 -6.712721 0.169214
 H -2.116501 -5.894901 0.602106
 H -4.900562 -0.994718 -6.030743
 H -5.415359 -1.951184 -4.968599
 H -3.813268 1.275815 -0.655578
 H -5.086117 1.268113 0.148376
 H 4.957830 2.776980 -2.827590
 H 4.199494 1.459180 -2.784904
 H 3.539078 -0.351849 -0.857358
 H 2.634576 0.437313 -1.899487
 H -5.973255 -1.413633 1.317478
 H -4.915615 -2.313042 1.863914
 H 1.657160 3.090110 1.825125
 H 1.489040 2.704759 0.372538
K_POINTS
 1
0.0 0.0 0.0 1.0