
&control
    calculation='scf'
    pseudo_dir = './',
    outdir='./outputs',
    disk_io='high'
/
&system
    ibrav= 1, celldm(1)=20.000000, nat=  192, ntyp= 2,
    ecutwfc = 30.0, nosym=.true., occupations='smearing',
    smearing='m-v', degauss=0.025
/
&electrons
    conv_thr =  1.0d-8,
    mixing_beta = 0.7
/
&ions
    pot_extrapolation='second-order'
    wfc_extrapolation='second-order'
    ion_temperature = 'andersen'
    tempw = 1000

/
ATOMIC_SPECIES
 H  1.01  H.blyp-hgh.UPF
 O  16.0  O.blyp-hgh.UPF
ATOMIC_POSITIONS bohr
 O -5.174327 -1.319862 -1.953239
 O 3.565474 -2.199516 5.593924
 O -5.762034 5.745057 -5.362915
 O 0.075448 3.986575 -1.202477
 O -4.758977 0.940450 3.998208
 O -0.309451 5.982313 5.353125
 O -0.326281 -5.407052 -3.105761
 O 2.479229 0.182131 3.868279
 O -2.690197 -5.471934 5.875395
 O 2.496376 -2.567764 2.422745
 O 2.654842 -6.393695 2.890467
 O -4.035619 -3.421413 4.558031
 O -4.495437 -5.774898 0.592860
 O -3.545179 -5.504376 -4.034322
 O 2.850288 -3.095096 -2.467735
 O -2.292029 2.520881 0.017699
 O -1.356247 -2.315553 2.382462
 O 0.251969 -4.554256 3.906641
 O 4.995249 -4.557687 -4.978566
 O 5.021217 5.098349 2.256816
 O 5.589977 -3.296148 3.432653
 O -3.201501 -2.530315 -3.938242
 O -1.143057 2.779456 -4.891220
 O 4.154616 2.335471 2.926753
 O 2.457427 1.546175 -3.557476
 O -4.331368 2.498966 -6.400575
 O 4.656369 -5.840780 -1.027967
 O 1.953541 -0.821225 -5.115404
 O -1.938676 -0.066715 -5.104908
 O 1.226176 -0.397256 1.113533
 O 4.902830 -1.740583 -3.409503
 O 5.114269 -0.112949 -0.100247
 O 0.087132 4.697939 2.971708
 O -4.623235 0.649945 -4.168809
 O 1.032514 -3.863551 -0.352112
 O 4.414376 4.407374 -5.081809
 O 2.785070 5.588606 5.644111
 O -5.474319 4.746859 -1.896571
 O -0.200519 0.937545 -2.159721
 O -3.231733 -3.984682 -0.870134
 O -2.918623 5.507864 3.215395
 O -2.107924 2.917558 4.751423
 O -2.363157 -1.092827 -0.749417
 O -1.402955 -1.523220 4.962183
 O 0.739284 1.821485 5.369130
 O -4.515106 3.197252 1.282839
 O 3.249981 4.309663 -1.044066
 O 2.794093 -5.631427 -3.938236
 O -2.563896 4.221740 -2.657294
 O 4.696306 0.661833 5.800548
 O -2.627169 0.415242 2.173751
 O -0.558013 -2.087490 -2.916518
 O 0.004207 -3.454977 -5.542104
 O 5.891076 -5.870798 4.411887
 O 4.525831 -3.350617 0.142721
 O 4.709517 -0.807922 2.304107
 O 1.504266 4.108718 -4.248921
 O -1.315521 -5.830352 0.043614
 O -5.260377 -1.914765 -5.943739
 O -4.784123 1.201479 -0.784827
 O 5.055001 1.877082 -2.492328
 O 2.663563 -0.363966 -1.322759
 O -5.022808 -1.635774 1.153980
 O 1.667513 2.297850 1.250185
 H -5.289893 -1.881637 -1.152383
 H -5.050406 -0.404855 -1.583172
 H 4.249523 -1.590561 5.255930
 H 2.939189 -2.230587 4.844436
 H -6.535182 5.249790 -4.978365
 H -4.977729 5.782073 -4.783134
 H -0.047078 3.031610 -1.430167
 H 0.940368 4.130148 -1.650130
 H -5.696275 1.033533 4.252391
 H -4.248065 1.520577 4.632960
 H 0.065548 6.809333 4.894457
 H 0.130930 6.011245 6.221751
 H -0.663104 -5.587541 -2.205910
 H -1.120568 -5.544059 -3.663367
 H 3.077293 0.969690 3.711501
 H 1.767851 0.559948 4.451132
 H -3.106037 -6.101322 6.492640
 H -1.772088 -5.844011 5.699279
 H 1.867926 -1.846720 2.654588
 H 2.653588 -2.248948 1.503240
 H 3.626053 -6.599689 2.856622
 H 2.212154 -6.883042 2.178033
 H -3.993801 -3.849809 5.440576
 H -4.701067 -2.721781 4.614933
 H -4.882198 -6.645205 0.354030
 H -3.900196 -5.653595 -0.184871
 H -2.979777 -4.708478 -3.951377
 H -3.440055 -6.047812 -3.229295
 H 2.336147 -2.282427 -2.203992
 H 2.360191 -3.708174 -1.860322
 H -1.382068 2.803428 -0.223392
 H -2.061026 1.672596 0.451948
 H -0.653162 -2.800732 1.952921
 H -1.156583 -2.106103 3.359503
 H 0.806666 -4.401513 3.113567
 H -0.593691 -4.082355 3.810733
 H 5.782512 -5.147653 -4.867305
 H 4.945525 -3.853808 -4.300723
 H 5.805593 5.536417 2.706046
 H 5.233606 5.023717 1.314954
 H 5.430095 -2.327842 3.292629
 H 4.723227 -3.670093 3.184371
 H -2.371529 -2.136164 -3.566937
 H -2.904461 -2.639153 -4.860732
 H -0.475511 3.169253 -4.292537
 H -1.469540 1.932815 -4.493679
 H 4.195158 3.318025 2.926141
 H 3.513171 2.099008 2.223240
 H 1.946290 0.946525 -4.149859
 H 2.126870 2.461125 -3.752534
 H -4.726727 1.830873 -5.819032
 H -3.386223 2.456675 -6.151702
 H 4.424613 -5.363294 -0.200641
 H 5.544171 -6.209059 -0.877230
 H 2.743825 -1.313185 -5.490135
 H 1.598289 -0.459849 -5.947175
 H -2.250377 -0.283384 -6.008709
 H -2.757375 -0.168381 -4.581728
 H 1.656759 0.435209 1.410255
 H 1.391553 -0.438348 0.137975
 H 4.202243 -2.347702 -3.050489
 H 5.725630 -1.926018 -2.908024
 H 5.328130 0.730249 -0.571863
 H 5.699952 -0.756942 -0.574206
 H 0.307808 5.229807 3.772942
 H -0.906510 4.682881 3.029100
 H -4.235311 0.508066 -3.283022
 H -5.597592 0.660319 -4.037845
 H 0.287163 -4.499763 -0.213616
 H 0.763493 -3.027001 0.076541
 H 3.824032 4.599254 -5.879220
 H 4.663886 3.468204 -5.138494
 H 2.739008 5.860108 4.682547
 H 3.404360 6.208506 6.085438
 H -6.121799 4.371210 -1.269828
 H -5.075018 3.957466 -2.338650
 H -1.147104 0.638098 -2.174378
 H 0.002052 0.668468 -1.249042
 H -3.522518 -3.797406 0.069050
 H -4.020950 -3.709352 -1.412469
 H -3.154409 5.668966 2.280016
 H -3.391499 6.229221 3.694976
 H -2.151912 2.852044 3.777718
 H -2.031965 3.887454 4.884304
 H -2.803179 -1.924711 -0.484022
 H -2.753457 -0.412093 -0.170830
 H -2.264540 -2.003975 4.826903
 H -0.874820 -2.178678 5.497604
 H 0.575929 2.242333 6.234980
 H -0.009819 2.272350 4.884441
 H -4.080872 2.617502 1.941445
 H -3.725204 3.435210 0.728438
 H 3.682908 5.098443 -1.452080
 H 3.562441 3.468846 -1.435162
 H 3.757900 -5.516154 -3.806694
 H 2.414951 -5.838261 -3.070997
 H -1.987433 4.274557 -3.443819
 H -2.188611 4.705107 -1.891703
 H 4.914781 -0.003833 6.497476
 H 3.857681 0.309775 5.406021
 H -2.079931 -0.430887 2.117932
 H -3.593131 0.250098 2.301013
 H 0.023909 -1.600588 -3.552179
 H -0.075252 -2.914954 -2.696648
 H -0.381116 -3.833977 -4.739979
 H 0.960596 -3.406454 -5.359224
 H 6.459912 -6.171574 5.158638
 H 6.151926 -4.928870 4.246578
 H 5.382937 -3.639300 -0.213816
 H 3.867822 -3.603771 -0.533814
 H 5.164442 0.057335 2.400843
 H 3.861537 -0.756153 2.812542
 H 1.697581 3.908681 -5.193838
 H 2.361042 4.613945 -4.056335
 H -0.887519 -6.706170 0.163919
 H -2.110963 -5.900788 0.610537
 H -4.921617 -0.986541 -6.016630
 H -5.416351 -1.970385 -4.973551
 H -3.812863 1.259936 -0.648682
 H -5.091406 1.273190 0.144462
 H 4.948562 2.782228 -2.838440
 H 4.203001 1.456548 -2.791579
 H 3.541633 -0.355653 -0.860567
 H 2.638966 0.430243 -1.905698
 H -5.970223 -1.415739 1.310717
 H -4.922832 -2.327085 1.851041
 H 1.660434 3.092109 1.820341
 H 1.491301 2.701985 0.371983
K_POINTS
 1
0.0 0.0 0.0 1.0