
&control
    calculation='scf'
    pseudo_dir = './',
    outdir='./outputs',
    disk_io='high'
/
&system
    ibrav= 1, celldm(1)=20.000000, nat=  192, ntyp= 2,
    ecutwfc = 30.0, nosym=.true., occupations='smearing',
    smearing='m-v', degauss=0.025
/
&electrons
    conv_thr =  1.0d-8,
    mixing_beta = 0.7
/
&ions
    pot_extrapolation='second-order'
    wfc_extrapolation='second-order'
    ion_temperature = 'andersen'
    tempw = 1000

/
ATOMIC_SPECIES
 H  1.01  H.blyp-hgh.UPF
 O  16.0  O.blyp-hgh.UPF
ATOMIC_POSITIONS bohr
 O -5.174391 -1.317187 -1.952338
 O 3.564094 -2.209584 5.597115
 O -5.756574 5.751442 -5.364068
 O 0.087148 3.980843 -1.193881
 O -4.756199 0.938686 3.987883
 O -0.314962 6.004508 5.363480
 O -0.336825 -5.403614 -3.090952
 O 2.472535 0.202402 3.889087
 O -2.683336 -5.478973 5.879939
 O 2.512853 -2.558581 2.433594
 O 2.655897 -6.404219 2.888648
 O -4.029660 -3.434948 4.561495
 O -4.498267 -5.785001 0.581804
 O -3.535692 -5.491627 -4.031348
 O 2.857595 -3.107857 -2.459932
 O -2.283809 2.517187 -0.010200
 O -1.362607 -2.336247 2.390086
 O 0.249182 -4.566630 3.905517
 O 4.973141 -4.562201 -4.970562
 O 5.006147 5.105159 2.258108
 O 5.576731 -3.302485 3.443208
 O -3.195172 -2.524501 -3.936701
 O -1.156103 2.783947 -4.887005
 O 4.157388 2.331149 2.916443
 O 2.463842 1.548535 -3.570840
 O -4.310266 2.505969 -6.391415
 O 4.665026 -5.828326 -1.016269
 O 1.942984 -0.799895 -5.132949
 O -1.927453 -0.068063 -5.114698
 O 1.236849 -0.409768 1.118298
 O 4.920557 -1.742057 -3.414803
 O 5.100962 -0.125698 -0.098782
 O 0.095713 4.700261 3.012211
 O -4.625544 0.640433 -4.173262
 O 1.041573 -3.862857 -0.346270
 O 4.410780 4.413181 -5.101368
 O 2.763147 5.603916 5.640797
 O -5.484803 4.762795 -1.889923
 O -0.200580 0.930918 -2.170981
 O -3.249855 -3.990876 -0.871671
 O -2.924683 5.513171 3.211354
 O -2.119520 2.918927 4.762399
 O -2.356470 -1.116584 -0.750867
 O -1.406214 -1.511841 4.980449
 O 0.739314 1.820553 5.384080
 O -4.517013 3.201962 1.286612
 O 3.250676 4.310694 -1.059045
 O 2.797859 -5.623009 -3.946985
 O -2.577902 4.219657 -2.674349
 O 4.683008 0.659690 5.816950
 O -2.622453 0.422781 2.182701
 O -0.545035 -2.080403 -2.927213
 O 0.002640 -3.453113 -5.548472
 O 5.901533 -5.871887 4.417407
 O 4.503885 -3.358452 0.146292
 O 4.722881 -0.813753 2.307470
 O 1.517036 4.088077 -4.247577
 O -1.331944 -5.832207 0.026850
 O -5.249200 -1.915653 -5.953214
 O -4.777292 1.202512 -0.791700
 O 5.047578 1.905345 -2.513024
 O 2.647532 -0.366073 -1.311668
 O -5.013124 -1.649952 1.145392
 O 1.671554 2.304591 1.249297
 H -5.244881 -1.888461 -1.155582
 H -5.043783 -0.399200 -1.580682
 H 4.231389 -1.591434 5.253287
 H 2.901213 -2.225172 4.879995
 H -6.523121 5.228388 -5.002666
 H -5.002539 5.833180 -4.744688
 H -0.035706 3.034940 -1.412657
 H 0.955433 4.139247 -1.620295
 H -5.701302 0.997256 4.214553
 H -4.291323 1.543420 4.636208
 H 0.075343 6.816539 4.892706
 H 0.155201 6.015765 6.217811
 H -0.671647 -5.594128 -2.192530
 H -1.125243 -5.595950 -3.643128
 H 3.045851 1.001331 3.736129
 H 1.757928 0.562141 4.477769
 H -3.110750 -6.114943 6.474209
 H -1.766310 -5.857223 5.706827
 H 1.881870 -1.850565 2.680735
 H 2.618413 -2.263073 1.505994
 H 3.623418 -6.606591 2.877324
 H 2.225143 -6.870520 2.156257
 H -4.026166 -3.867875 5.434337
 H -4.709707 -2.749315 4.636070
 H -4.875080 -6.669625 0.396284
 H -3.920837 -5.665478 -0.200394
 H -2.980524 -4.687219 -3.963827
 H -3.400708 -6.045178 -3.239115
 H 2.340531 -2.280119 -2.241510
 H 2.343852 -3.700212 -1.863467
 H -1.407936 2.841708 -0.305905
 H -2.047465 1.687512 0.459105
 H -0.687206 -2.841449 1.969172
 H -1.113798 -2.077402 3.349639
 H 0.845012 -4.390093 3.148797
 H -0.582076 -4.067416 3.811227
 H 5.767395 -5.155815 -4.922362
 H 4.984793 -3.854988 -4.297261
 H 5.833669 5.470176 2.725793
 H 5.202739 5.025125 1.312679
 H 5.440679 -2.340962 3.244613
 H 4.711502 -3.686756 3.210246
 H -2.362718 -2.154868 -3.547017
 H -2.876592 -2.637159 -4.850658
 H -0.458424 3.148800 -4.300166
 H -1.455715 1.941908 -4.478680
 H 4.198422 3.312041 2.963646
 H 3.529113 2.110046 2.199710
 H 1.974399 0.961867 -4.190352
 H 2.165469 2.475018 -3.755841
 H -4.702423 1.848716 -5.794760
 H -3.355920 2.451174 -6.187295
 H 4.458768 -5.389924 -0.163060
 H 5.555670 -6.204462 -0.913586
 H 2.733441 -1.304169 -5.474469
 H 1.581300 -0.461468 -5.970701
 H -2.251877 -0.305148 -6.006240
 H -2.749794 -0.136074 -4.592092
 H 1.659066 0.440085 1.383000
 H 1.361796 -0.463649 0.133859
 H 4.208390 -2.311946 -3.035740
 H 5.713754 -1.924033 -2.870110
 H 5.290623 0.717359 -0.579272
 H 5.699672 -0.746825 -0.552124
 H 0.298513 5.228550 3.808089
 H -0.894255 4.658198 3.019943
 H -4.201288 0.532532 -3.301038
 H -5.586300 0.657640 -3.974627
 H 0.280777 -4.489343 -0.263875
 H 0.733581 -3.028474 0.068232
 H 3.814208 4.631056 -5.889536
 H 4.660836 3.472372 -5.150263
 H 2.753402 5.814875 4.663219
 H 3.402063 6.227046 6.048995
 H -6.138155 4.389304 -1.272350
 H -5.047203 4.001868 -2.328461
 H -1.166453 0.733114 -2.157989
 H 0.036080 0.665594 -1.262962
 H -3.456561 -3.754410 0.065946
 H -4.066359 -3.734400 -1.363774
 H -3.152788 5.663226 2.275104
 H -3.406864 6.218620 3.684846
 H -2.204584 2.858705 3.790316
 H -2.043395 3.881221 4.926846
 H -2.805435 -1.934580 -0.466028
 H -2.726543 -0.439690 -0.156696
 H -2.247180 -2.011301 4.824879
 H -0.840612 -2.133668 5.510670
 H 0.554890 2.249848 6.234879
 H 0.036028 2.249811 4.827252
 H -4.096575 2.619978 1.948168
 H -3.759759 3.396206 0.685823
 H 3.683528 5.080897 -1.489060
 H 3.608524 3.470815 -1.413063
 H 3.760832 -5.496017 -3.820435
 H 2.419115 -5.839732 -3.083907
 H -1.961296 4.282046 -3.435708
 H -2.207768 4.690809 -1.902835
 H 4.871542 0.022734 6.529350
 H 3.826897 0.334741 5.436265
 H -2.034193 -0.390268 2.105959
 H -3.580365 0.200373 2.286610
 H -0.005665 -1.615516 -3.617692
 H -0.045746 -2.912278 -2.760784
 H -0.384130 -3.845229 -4.748927
 H 0.956577 -3.430108 -5.363576
 H 6.489898 -6.124892 5.164315
 H 6.100207 -4.918364 4.218814
 H 5.368589 -3.651192 -0.188155
 H 3.866315 -3.618842 -0.547489
 H 5.174465 0.053845 2.388541
 H 3.898133 -0.729710 2.846880
 H 1.692272 3.907137 -5.200451
 H 2.348440 4.640026 -4.051899
 H -0.852476 -6.682101 0.145668
 H -2.090030 -5.918849 0.639973
 H -4.996509 -0.963009 -5.968059
 H -5.420015 -2.039759 -4.993820
 H -3.812733 1.208293 -0.627299
 H -5.111014 1.293036 0.129301
 H 4.918031 2.800911 -2.877398
 H 4.217433 1.448346 -2.817192
 H 3.550380 -0.368688 -0.871797
 H 2.652817 0.402613 -1.928400
 H -5.960057 -1.421324 1.285854
 H -4.945730 -2.375272 1.804403
 H 1.668596 3.099077 1.807211
 H 1.500169 2.690980 0.370603
K_POINTS
 1
0.0 0.0 0.0 1.0