
&control
    calculation='scf'
    pseudo_dir = './',
    outdir='./outputs',
    disk_io='high'
/
&system
    ibrav= 1, celldm(1)=20.000000, nat=  192, ntyp= 2,
    ecutwfc = 30.0, nosym=.true., occupations='smearing',
    smearing='m-v', degauss=0.025
/
&electrons
    conv_thr =  1.0d-8,
    mixing_beta = 0.7
/
&ions
    pot_extrapolation='second-order'
    wfc_extrapolation='second-order'
    ion_temperature = 'andersen'
    tempw = 1000

/
ATOMIC_SPECIES
 H  1.01  H.blyp-hgh.UPF
 O  16.0  O.blyp-hgh.UPF
ATOMIC_POSITIONS bohr
 O -5.174551 -1.316533 -1.951945
 O 3.563607 -2.212444 5.598043
 O -5.754914 5.753372 -5.364416
 O 0.090601 3.979105 -1.191395
 O -4.755351 0.938024 3.984738
 O -0.316420 6.010776 5.366696
 O -0.339942 -5.402625 -3.086739
 O 2.470700 0.208339 3.895171
 O -2.681379 -5.480969 5.881145
 O 2.517360 -2.555903 2.436673
 O 2.656121 -6.407033 2.888359
 O -4.027719 -3.438799 4.562326
 O -4.499089 -5.788163 0.578619
 O -3.532983 -5.488159 -4.030365
 O 2.859223 -3.111368 -2.457402
 O -2.281166 2.516035 -0.018275
 O -1.364828 -2.341863 2.392671
 O 0.248478 -4.569881 3.905038
 O 4.966763 -4.563580 -4.968230
 O 5.002234 5.107187 2.258638
 O 5.572950 -3.304193 3.446133
 O -3.193147 -2.522917 -3.936280
 O -1.159766 2.785355 -4.885693
 O 4.158129 2.329776 2.913517
 O 2.465727 1.549268 -3.574598
 O -4.304263 2.507995 -6.388689
 O 4.667502 -5.824801 -1.012970
 O 1.939998 -0.793781 -5.137981
 O -1.924353 -0.068341 -5.117361
 O 1.239811 -0.413421 1.119514
 O 4.925661 -1.742577 -3.416419
 O 5.097221 -0.129076 -0.098600
 O 0.097985 4.700769 3.023549
 O -4.626305 0.637755 -4.174549
 O 1.044052 -3.862706 -0.344578
 O 4.409682 4.414705 -5.106847
 O 2.756968 5.608311 5.639841
 O -5.487819 4.767366 -1.888006
 O -0.200869 0.929185 -2.174067
 O -3.255242 -3.992481 -0.872022
 O -2.926364 5.514693 3.210087
 O -2.122560 2.919393 4.765380
 O -2.354504 -1.123217 -0.751282
 O -1.407152 -1.508843 4.985579
 O 0.739236 1.820432 5.388154
 O -4.517542 3.203405 1.287633
 O 3.250671 4.310819 -1.063319
 O 2.798782 -5.620834 -3.949462
 O -2.582094 4.219142 -2.679202
 O 4.679178 0.658987 5.821627
 O -2.620900 0.424912 2.185012
 O -0.541123 -2.078380 -2.930376
 O 0.002182 -3.452574 -5.550468
 O 5.904657 -5.872151 4.418853
 O 4.497594 -3.360717 0.147424
 O 4.726748 -0.815360 2.308742
 O 1.521092 4.082221 -4.247256
 O -1.336536 -5.832937 0.022029
 O -5.246038 -1.915589 -5.955784
 O -4.775282 1.202664 -0.793630
 O 5.045324 1.913403 -2.518920
 O 2.642920 -0.366635 -1.308506
 O -5.010482 -1.654176 1.143032
 O 1.672792 2.306629 1.248969
 H -5.230948 -1.889377 -1.156573
 H -5.041703 -0.398122 -1.579460
 H 4.227123 -1.592255 5.252463
 H 2.890574 -2.223947 4.890048
 H -6.518862 5.222006 -5.010093
 H -5.010509 5.847622 -4.733609
 H -0.032900 3.035271 -1.408865
 H 0.960020 4.142788 -1.611292
 H -5.702691 0.987366 4.204168
 H -4.305293 1.550092 4.636997
 H 0.077692 6.817767 4.892102
 H 0.162654 6.016402 6.216754
 H -0.674168 -5.595681 -2.188442
 H -1.126086 -5.611047 -3.637329
 H 3.036111 1.010229 3.743325
 H 1.755211 0.563216 4.484642
 H -3.112219 -6.118584 6.469337
 H -1.765367 -5.860862 5.708786
 H 1.885780 -1.851618 2.688783
 H 2.609551 -2.267973 1.507001
 H 3.622506 -6.608868 2.881272
 H 2.228882 -6.867286 2.150228
 H -4.035109 -3.873177 5.432208
 H -4.713054 -2.757154 4.642946
 H -4.872950 -6.676726 0.409267
 H -3.926928 -5.667672 -0.205374
 H -2.981841 -4.680310 -3.966956
 H -3.389206 -6.044214 -3.241613
 H 2.343891 -2.279210 -2.253062
 H 2.339503 -3.698726 -1.865194
 H -1.416346 2.853227 -0.329462
 H -2.044275 1.691713 0.463066
 H -0.693885 -2.854188 1.972903
 H -1.101487 -2.069481 3.344118
 H 0.856051 -4.386851 3.159268
 H -0.578700 -4.063032 3.810606
 H 5.763161 -5.157211 -4.938154
 H 4.997056 -3.855098 -4.296879
 H 5.839140 5.450570 2.731289
 H 5.193967 5.025229 1.311824
 H 5.443548 -2.345437 3.230705
 H 4.707963 -3.691318 3.217511
 H -2.360218 -2.160769 -3.540132
 H -2.869625 -2.636594 -4.848539
 H -0.453744 3.142307 -4.302274
 H -1.451000 1.944542 -4.475301
 H 4.199890 3.309994 2.974034
 H 3.533821 2.114189 2.192363
 H 1.983364 0.965263 -4.201603
 H 2.176119 2.478799 -3.756645
 H -4.695695 1.853690 -5.786669
 H -3.347100 2.450128 -6.197976
 H 4.468593 -5.397679 -0.152086
 H 5.559456 -6.202501 -0.924393
 H 2.729897 -1.301747 -5.469577
 H 1.575489 -0.461718 -5.977280
 H -2.250903 -0.311274 -6.006111
 H -2.747627 -0.127194 -4.595199
 H 1.658924 0.440947 1.374752
 H 1.354457 -0.470371 0.133930
 H 4.210486 -2.301263 -3.031574
 H 5.710461 -1.922383 -2.859164
 H 5.279635 0.712917 -0.581316
 H 5.699027 -0.743990 -0.546263
 H 0.295574 5.227869 3.818679
 H -0.888969 4.651790 3.017433
 H -4.192299 0.539626 -3.306357
 H -5.582539 0.656741 -3.955871
 H 0.279419 -4.485464 -0.277986
 H 0.725152 -3.029472 0.065361
 H 3.812289 4.639493 -5.892157
 H 4.659682 3.473450 -5.154696
 H 2.757365 5.801258 4.658524
 H 3.400531 6.233608 6.037972
 H -6.142491 4.393159 -1.273506
 H -5.039168 4.015070 -2.324729
 H -1.170813 0.760002 -2.153892
 H 0.046694 0.663867 -1.266814
 H -3.437562 -3.742477 0.063589
 H -4.077673 -3.741731 -1.349613
 H -3.153265 5.661439 2.274089
 H -3.410750 6.215641 3.682635
 H -2.220037 2.860329 3.794400
 H -2.046824 3.879076 4.938864
 H -2.805737 -1.937284 -0.461536
 H -2.718908 -0.448256 -0.151723
 H -2.242233 -2.013562 4.824818
 H -0.831620 -2.120164 5.514868
 H 0.548240 2.251286 6.235794
 H 0.049725 2.242237 4.811357
 H -4.101771 2.620958 1.950912
 H -3.770358 3.384108 0.674098
 H 3.684366 5.075570 -1.499137
 H 3.622032 3.472175 -1.406954
 H 3.762019 -5.489448 -3.825208
 H 2.419889 -5.839788 -3.087032
 H -1.953798 4.283989 -3.432509
 H -2.212302 4.686272 -1.907221
 H 4.859069 0.030470 6.538578
 H 3.818960 0.342738 5.445286
 H -2.023920 -0.377373 2.103065
 H -3.574959 0.185039 2.283379
 H -0.014947 -1.620431 -3.635557
 H -0.038039 -2.910843 -2.779223
 H -0.385003 -3.848375 -4.750973
 H 0.955839 -3.436835 -5.364726
 H 6.497769 -6.111502 5.166120
 H 6.085187 -4.916260 4.211423
 H 5.364441 -3.654419 -0.180998
 H 3.866299 -3.622044 -0.552126
 H 5.176463 0.052501 2.385040
 H 3.909403 -0.722463 2.855960
 H 1.690069 3.907336 -5.202040
 H 2.342149 4.647121 -4.051128
 H -0.842238 -6.674886 0.140552
 H -2.083668 -5.923317 0.648353
 H -5.018047 -0.957509 -5.954483
 H -5.421109 -2.060153 -5.000371
 H -3.812823 1.194653 -0.621934
 H -5.116863 1.299311 0.124430
 H 4.909833 2.806284 -2.888821
 H 4.222071 1.446380 -2.825161
 H 3.552226 -0.372428 -0.875138
 H 2.656230 0.393940 -1.935171
 H -5.957287 -1.422367 1.278460
 H -4.951538 -2.388928 1.790887
 H 1.669989 3.101408 1.804744
 H 1.502882 2.687640 0.369989
K_POINTS
 1
0.0 0.0 0.0 1.0