
&control
    calculation='scf'
    pseudo_dir = './',
    outdir='./outputs',
    disk_io='high'
/
&system
    ibrav= 1, celldm(1)=20.000000, nat=  192, ntyp= 2,
    ecutwfc = 30.0, nosym=.true., occupations='smearing',
    smearing='m-v', degauss=0.025
/
&electrons
    conv_thr =  1.0d-8,
    mixing_beta = 0.7
/
&ions
    pot_extrapolation='second-order'
    wfc_extrapolation='second-order'
    ion_temperature = 'andersen'
    tempw = 1000

/
ATOMIC_SPECIES
 H  1.01  H.blyp-hgh.UPF
 O  16.0  O.blyp-hgh.UPF
ATOMIC_POSITIONS bohr
 O -5.175052 -1.315311 -1.950990
 O 3.562470 -2.218164 5.599949
 O -5.751427 5.757375 -5.365107
 O 0.097611 3.975610 -1.186326
 O -4.753604 0.936521 3.978212
 O -0.319145 6.023149 5.373514
 O -0.346346 -5.400670 -3.078341
 O 2.467098 0.220330 3.907531
 O -2.677474 -5.484913 5.883414
 O 2.526106 -2.550554 2.442870
 O 2.656417 -6.412390 2.888109
 O -4.023600 -3.446404 4.563749
 O -4.500788 -5.794828 0.572308
 O -3.527578 -5.481462 -4.028233
 O 2.861938 -3.118133 -2.452047
 O -2.275604 2.513583 -0.034542
 O -1.369780 -2.352664 2.398416
 O 0.247190 -4.575995 3.903852
 O 4.953968 -4.566473 -4.963511
 O 4.995009 5.111340 2.259961
 O 5.565417 -3.307496 3.451862
 O -3.188803 -2.519870 -3.935459
 O -1.166913 2.788424 -4.882900
 O 4.159566 2.326844 2.907737
 O 2.469609 1.550784 -3.582001
 O -4.292339 2.512055 -6.383093
 O 4.672468 -5.817821 -1.006426
 O 1.934016 -0.781497 -5.148025
 O -1.918305 -0.068747 -5.122483
 O 1.245602 -0.420812 1.121736
 O 4.935944 -1.743727 -3.419777
 O 5.089686 -0.135372 -0.098461
 O 0.102385 4.701493 3.045787
 O -4.627982 0.632466 -4.177114
 O 1.048841 -3.862437 -0.341143
 O 4.407431 4.417575 -5.117630
 O 2.744746 5.617134 5.637910
 O -5.493892 4.776662 -1.884127
 O -0.201711 0.925974 -2.180028
 O -3.266144 -3.995534 -0.872665
 O -2.929594 5.517650 3.207385
 O -2.128262 2.920366 4.771144
 O -2.350507 -1.136269 -0.752095
 O -1.408982 -1.503085 4.995680
 O 0.739059 1.820301 5.395990
 O -4.518696 3.206417 1.289618
 O 3.250404 4.310806 -1.071860
 O 2.800400 -5.616812 -3.954393
 O -2.590671 4.218221 -2.688972
 O 4.671458 0.657581 5.830862
 O -2.617561 0.429198 2.189298
 O -0.532998 -2.074358 -2.936883
 O 0.001229 -3.451507 -5.554622
 O 5.911051 -5.872610 4.421556
 O 4.484992 -3.365278 0.149821
 O 4.734547 -0.818485 2.311704
 O 1.529684 4.070591 -4.246689
 O -1.345561 -5.834669 0.012352
 O -5.239776 -1.915092 -5.960746
 O -4.771244 1.202778 -0.797432
 O 5.040668 1.929503 -2.530680
 O 2.633777 -0.367698 -1.302186
 O -5.005372 -1.662831 1.138392
 O 1.675396 2.310765 1.248261
 H -5.201748 -1.889961 -1.158417
 H -5.037369 -0.396962 -1.576489
 H 4.219913 -1.594453 5.250529
 H 2.869798 -2.221871 4.910006
 H -6.509427 5.209062 -5.025521
 H -5.027684 5.876253 -4.711592
 H -0.027609 3.034420 -1.403167
 H 0.969812 4.150920 -1.592859
 H -5.705488 0.968143 4.183941
 H -4.335112 1.563551 4.638485
 H 0.081751 6.819380 4.890759
 H 0.178074 6.016865 6.214571
 H -0.679244 -5.598266 -2.179883
 H -1.126971 -5.641417 -3.625782
 H 3.016152 1.028262 3.757661
 H 1.749811 0.565978 4.497523
 H -3.115531 -6.125799 6.460360
 H -1.764299 -5.867882 5.712426
 H 1.893439 -1.853398 2.705647
 H 2.593473 -2.278678 1.508827
 H 3.620878 -6.613837 2.886389
 H 2.236400 -6.861315 2.138423
 H -4.052210 -3.884502 5.428067
 H -4.720608 -2.772780 4.657427
 H -4.868464 -6.691111 0.436204
 H -3.939138 -5.670625 -0.216379
 H -2.985930 -4.665453 -3.972545
 H -3.365855 -6.041936 -3.246154
 H 2.353282 -2.277300 -2.276990
 H 2.330833 -3.697085 -1.869180
 H -1.434304 2.876502 -0.376198
 H -2.038313 1.700681 0.473020
 H -0.703031 -2.881377 1.978928
 H -1.077140 -2.054223 3.329513
 H 0.878171 -4.380302 3.180673
 H -0.571711 -4.054165 3.808380
 H 5.754630 -5.158742 -4.969742
 H 5.022873 -3.854934 -4.296947
 H 5.846029 5.410539 2.741433
 H 5.176624 5.025094 1.310054
 H 5.448891 -2.355315 3.202756
 H 4.700529 -3.699971 3.231814
 H -2.355314 -2.173231 -3.524834
 H -2.857015 -2.635373 -4.845325
 H -0.444816 3.128635 -4.306693
 H -1.441037 1.949054 -4.469638
 H 4.203424 3.305379 2.994133
 H 3.543295 2.123847 2.176808
 H 2.002352 0.970796 -4.223772
 H 2.196728 2.486099 -3.758231
 H -4.682274 1.863627 -5.769074
 H -3.329314 2.448617 -6.220012
 H 4.488310 -5.413367 -0.129941
 H 5.567666 -6.197640 -0.946546
 H 2.722324 -1.297241 -5.459634
 H 1.562814 -0.462044 -5.990214
 H -2.247103 -0.323451 -6.006852
 H -2.743233 -0.109979 -4.601532
 H 1.657600 0.441891 1.357720
 H 1.341359 -0.483135 0.135869
 H 4.214640 -2.279678 -3.023326
 H 5.704320 -1.917490 -2.837223
 H 5.257437 0.703315 -0.585358
 H 5.698027 -0.739509 -0.535901
 H 0.289172 5.226524 3.841222
 H -0.876624 4.639947 3.012905
 H -4.174960 0.553910 -3.317134
 H -5.574519 0.654816 -3.917794
 H 0.277294 -4.476719 -0.305837
 H 0.708672 -3.032282 0.058813
 H 3.809548 4.655244 -5.896999
 H 4.656801 3.475610 -5.165181
 H 2.764835 5.773247 4.650234
 H 3.396265 6.248327 6.015215
 H -6.150711 4.398837 -1.276363
 H -5.022857 4.041419 -2.316434
 H -1.178204 0.813137 -2.146133
 H 0.068523 0.659280 -1.275071
 H -3.399720 -3.719105 0.057888
 H -4.098942 -3.756338 -1.321477
 H -3.155596 5.657764 2.272310
 H -3.418281 6.210423 3.679472
 H -2.251452 2.863490 3.803346
 H -2.053850 3.874576 4.962448
 H -2.805942 -1.942819 -0.453518
 H -2.703600 -0.466000 -0.140551
 H -2.232551 -2.018686 4.825469
 H -0.814897 -2.092740 5.523967
 H 0.533611 2.253507 6.238811
 H 0.077633 2.225998 4.780606
 H -4.112830 2.623211 1.957449
 H -3.791756 3.358738 0.651071
 H 3.686966 5.064981 -1.518633
 H 3.649313 3.475782 -1.394940
 H 3.764818 -5.475215 -3.835891
 H 2.420961 -5.839347 -3.092458
 H -1.939264 4.287340 -3.424887
 H -2.220145 4.676883 -1.916876
 H 4.834222 0.045304 6.558132
 H 3.804119 0.359748 5.463702
 H -2.006753 -0.350480 2.097996
 H -3.561841 0.153098 2.278098
 H -0.034688 -1.630800 -3.670075
 H -0.023757 -2.907206 -2.816016
 H -0.386721 -3.854461 -4.754857
 H 0.955110 -3.450261 -5.366960
 H 6.512619 -6.084624 5.169983
 H 6.055104 -4.913436 4.197495
 H 5.356071 -3.660624 -0.166871
 H 3.866825 -3.627003 -0.562273
 H 5.179727 0.049563 2.377950
 H 3.932604 -0.708683 2.873212
 H 1.684981 3.908621 -5.204763
 H 2.326249 4.660745 -4.050419
 H -0.821705 -6.659939 0.130483
 H -2.070439 -5.931386 0.664994
 H -5.061076 -0.947905 -5.927766
 H -5.423322 -2.101580 -5.014417
 H -3.812890 1.168825 -0.612100
 H -5.128757 1.312672 0.113821
 H 4.894109 2.816922 -2.912048
 H 4.231827 1.443069 -2.841976
 H 3.554205 -0.380062 -0.882123
 H 2.662161 0.375641 -1.949090
 H -5.951875 -1.423699 1.263393
 H -4.962146 -2.416288 1.763936
 H 1.671520 3.106863 1.801713
 H 1.508400 2.681007 0.367883
K_POINTS
 1
0.0 0.0 0.0 1.0