
&control
    calculation='scf'
    pseudo_dir = './',
    outdir='./outputs',
    disk_io='high'
/
&system
    ibrav= 1, celldm(1)=20.000000, nat=  192, ntyp= 2,
    ecutwfc = 30.0, nosym=.true., occupations='smearing',
    smearing='m-v', degauss=0.025
/
&electrons
    conv_thr =  1.0d-8,
    mixing_beta = 0.7
/
&ions
    pot_extrapolation='second-order'
    wfc_extrapolation='second-order'
    ion_temperature = 'andersen'
    tempw = 1000

/
ATOMIC_SPECIES
 H  1.01  H.blyp-hgh.UPF
 O  16.0  O.blyp-hgh.UPF
ATOMIC_POSITIONS bohr
 O -5.175392 -1.314725 -1.950432
 O 3.561809 -2.221028 5.600931
 O -5.749589 5.759453 -5.365442
 O 0.101157 3.973873 -1.183731
 O -4.752718 0.935694 3.974840
 O -0.320401 6.029234 5.377130
 O -0.349641 -5.399715 -3.074157
 O 2.465318 0.226360 3.913807
 O -2.675534 -5.486854 5.884475
 O 2.530347 -2.547902 2.446005
 O 2.656474 -6.414934 2.888148
 O -4.021454 -3.450132 4.564340
 O -4.501676 -5.798320 0.569206
 O -3.524884 -5.478232 -4.027087
 O 2.863055 -3.121373 -2.449259
 O -2.272722 2.512273 -0.042721
 O -1.372468 -2.357872 2.401546
 O 0.246607 -4.578857 3.903136
 O 4.947567 -4.567986 -4.961119
 O 4.991707 5.113454 2.260756
 O 5.561669 -3.309101 3.454665
 O -3.186480 -2.518412 -3.935060
 O -1.170371 2.790108 -4.881415
 O 4.160267 2.325286 2.904893
 O 2.471616 1.551555 -3.585638
 O -4.286430 2.514076 -6.380214
 O 4.674964 -5.814372 -1.003174
 O 1.931002 -0.775314 -5.153025
 O -1.915358 -0.068872 -5.124938
 O 1.248424 -0.424547 1.122747
 O 4.941132 -1.744353 -3.421514
 O 5.085856 -0.138272 -0.098475
 O 0.104556 4.701692 3.056659
 O -4.628907 0.629857 -4.178380
 O 1.051146 -3.862311 -0.339396
 O 4.406293 4.418922 -5.122919
 O 2.738712 5.621564 5.636931
 O -5.496956 4.781420 -1.882159
 O -0.202237 0.924504 -2.182889
 O -3.271611 -3.997003 -0.872969
 O -2.931127 5.519062 3.205951
 O -2.130921 2.920854 4.773933
 O -2.348479 -1.142685 -0.752487
 O -1.409861 -1.500296 5.000640
 O 0.738984 1.820270 5.399748
 O -4.519353 3.207985 1.290591
 O 3.250150 4.310659 -1.076129
 O 2.801090 -5.614969 -3.956843
 O -2.595039 4.217813 -2.693916
 O 4.667575 0.656910 5.835397
 O -2.615798 0.431381 2.191271
 O -0.528780 -2.072366 -2.940236
 O 0.000732 -3.450985 -5.556753
 O 5.914310 -5.872807 4.422812
 O 4.478683 -3.367575 0.151078
 O 4.738481 -0.820005 2.313389
 O 1.534186 4.064817 -4.246440
 O -1.349989 -5.835672 0.007500
 O -5.236683 -1.914667 -5.963139
 O -4.769228 1.202739 -0.799304
 O 5.038276 1.937549 -2.536540
 O 2.629277 -0.368193 -1.299031
 O -5.002904 -1.667256 1.136103
 O 1.676768 2.312847 1.247900
 H -5.186509 -1.889700 -1.159185
 H -5.035132 -0.396928 -1.574790
 H 4.216958 -1.595797 5.249377
 H 2.859746 -2.220997 4.919923
 H -6.504312 5.202549 -5.033493
 H -5.036900 5.890420 -4.700738
 H -0.025019 3.033129 -1.401314
 H 0.975057 4.155431 -1.583478
 H -5.706881 0.958774 4.174070
 H -4.350861 1.570304 4.639205
 H 0.083459 6.819867 4.890015
 H 0.185979 6.016716 6.213384
 H -0.681776 -5.599270 -2.175419
 H -1.126963 -5.656626 -3.620052
 H 3.006103 1.037534 3.764713
 H 1.747075 0.567670 4.503585
 H -3.117417 -6.129424 6.456299
 H -1.764107 -5.871254 5.714100
 H 1.897188 -1.854060 2.714439
 H 2.586253 -2.284415 1.509550
 H 3.620267 -6.616520 2.887533
 H 2.240184 -6.858567 2.132675
 H -4.060254 -3.890674 5.426189
 H -4.724666 -2.780601 4.664901
 H -4.866059 -6.698375 0.450074
 H -3.945225 -5.671467 -0.222448
 H -2.988706 -4.657551 -3.974974
 H -3.354011 -6.040592 -3.248197
 H 2.359214 -2.276331 -2.289252
 H 2.326380 -3.696985 -1.871270
 H -1.443775 2.888091 -0.399255
 H -2.035396 1.705686 0.478809
 H -0.705772 -2.895652 1.981353
 H -1.065189 -2.046923 3.320549
 H 0.889221 -4.376972 3.191596
 H -0.568048 -4.049701 3.806794
 H 5.750264 -5.158877 -4.985517
 H 5.036381 -3.854669 -4.297439
 H 5.847365 5.390196 2.745931
 H 5.168096 5.024874 1.309233
 H 5.451314 -2.360707 3.188752
 H 4.696619 -3.703995 3.238838
 H -2.352946 -2.179776 -3.516477
 H -2.851368 -2.634675 -4.844193
 H -0.440597 3.121530 -4.309074
 H -1.435940 1.950681 -4.467315
 H 4.205454 3.302780 3.003774
 H 3.548030 2.129375 2.168613
 H 2.012329 0.972973 -4.234706
 H 2.206635 2.489605 -3.759066
 H -4.675471 1.868675 -5.759653
 H -3.320412 2.448109 -6.231370
 H 4.498210 -5.421315 -0.118858
 H 5.572034 -6.194701 -0.957882
 H 2.718384 -1.295196 -5.454710
 H 1.556037 -0.462164 -5.996536
 H -2.244281 -0.329515 -6.007755
 H -2.740992 -0.101670 -4.604746
 H 1.656445 0.441989 1.348989
 H 1.335605 -0.489197 0.137694
 H 4.216555 -2.268893 -3.019256
 H 5.701533 -1.914202 -2.826285
 H 5.246281 0.698299 -0.587406
 H 5.697951 -0.738144 -0.531594
 H 0.285653 5.225951 3.853297
 H -0.869857 4.634526 3.010971
 H -4.166503 0.561090 -3.322583
 H -5.570294 0.653804 -3.898601
 H 0.276500 -4.471946 -0.319570
 H 0.700684 -3.034059 0.055115
 H 3.808671 4.662510 -5.899254
 H 4.655025 3.476725 -5.171281
 H 2.768262 5.758899 4.646638
 H 3.393512 6.256437 6.003516
 H -6.154594 4.400590 -1.278049
 H -5.014532 4.054360 -2.311956
 H -1.181246 0.839312 -2.142354
 H 0.079536 0.656463 -1.279704
 H -3.380963 -3.707666 0.054798
 H -4.109218 -3.763512 -1.307659
 H -3.157486 5.655905 2.271456
 H -3.422033 6.208343 3.678593
 H -2.267407 2.865109 3.808227
 H -2.057436 3.872317 4.973937
 H -2.805869 -1.945740 -0.450016
 H -2.695881 -0.475098 -0.134374
 H -2.227852 -2.021651 4.826202
 H -0.807214 -2.078960 5.528893
 H 0.525505 2.254345 6.240807
 H 0.091754 2.217468 4.765877
 H -4.118620 2.624471 1.961203
 H -3.802339 3.345485 0.639719
 H 3.688720 5.059853 -1.528040
 H 3.663016 3.477975 -1.389009
 H 3.766374 -5.467556 -3.841800
 H 2.421308 -5.838821 -3.094774
 H -1.932370 4.288662 -3.420490
 H -2.223462 4.672134 -1.921885
 H 4.821902 0.052211 6.568690
 H 3.797119 0.368698 5.473030
 H -1.999619 -0.336773 2.095807
 H -3.554178 0.136580 2.276047
 H -0.045150 -1.636132 -3.686737
 H -0.017209 -2.905079 -2.834281
 H -0.387546 -3.857355 -4.756855
 H 0.955118 -3.456964 -5.368075
 H 6.519595 -6.071124 5.172028
 H 6.040136 -4.912754 4.190993
 H 5.351841 -3.663593 -0.159883
 H 3.867370 -3.628766 -0.567743
 H 5.181145 0.048076 2.374328
 H 3.944365 -0.702234 2.881442
 H 1.682168 3.909705 -5.205919
 H 2.316834 4.667327 -4.050494
 H -0.811495 -6.652180 0.125540
 H -2.063547 -5.935004 0.673207
 H -5.082517 -0.943784 -5.914620
 H -5.424424 -2.122555 -5.021917
 H -3.812820 1.156625 -0.607596
 H -5.134752 1.319754 0.108057
 H 4.886579 2.822128 -2.923842
 H 4.236873 1.441753 -2.850823
 H 3.554141 -0.383989 -0.885772
 H 2.664631 0.366039 -1.956231
 H -5.949200 -1.423997 1.255759
 H -4.966956 -2.430018 1.750568
 H 1.671655 3.110005 1.801129
 H 1.511168 2.677802 0.366253
K_POINTS
 1
0.0 0.0 0.0 1.0