
&control
    calculation='scf'
    pseudo_dir = './',
    outdir='./outputs',
    disk_io='high'
/
&system
    ibrav= 1, celldm(1)=20.000000, nat=  192, ntyp= 2,
    ecutwfc = 30.0, nosym=.true., occupations='smearing',
    smearing='m-v', degauss=0.025
/
&electrons
    conv_thr =  1.0d-8,
    mixing_beta = 0.7
/
&ions
    pot_extrapolation='second-order'
    wfc_extrapolation='second-order'
    ion_temperature = 'andersen'
    tempw = 1000

/
ATOMIC_SPECIES
 H  1.01  H.blyp-hgh.UPF
 O  16.0  O.blyp-hgh.UPF
ATOMIC_POSITIONS bohr
 O -5.176010 -1.313859 -1.949502
 O 3.560695 -2.225330 5.602444
 O -5.746700 5.762670 -5.365921
 O 0.106508 3.971296 -1.179755
 O -4.751395 0.934380 3.969665
 O -0.322135 6.038202 5.382830
 O -0.354711 -5.398325 -3.067898
 O 2.462664 0.235419 3.923336
 O -2.672660 -5.489724 5.885978
 O 2.536545 -2.543974 2.450773
 O 2.656434 -6.418583 2.888404
 O -4.018174 -3.455599 4.565087
 O -4.503062 -5.803746 0.564645
 O -3.520855 -5.473534 -4.025269
 O 2.864478 -3.126046 -2.444982
 O -2.268319 2.510188 -0.055021
 O -1.376677 -2.365506 2.406490
 O 0.245808 -4.582902 3.901897
 O 4.937990 -4.570332 -4.957478
 O 4.987137 5.116649 2.262110
 O 5.556076 -3.311460 3.458791
 O -3.182801 -2.516316 -3.934477
 O -1.175385 2.792844 -4.879073
 O 4.161301 2.322836 2.900695
 O 2.474723 1.552713 -3.591002
 O -4.277656 2.517080 -6.375784
 O 4.678739 -5.809258 -0.998306
 O 1.926427 -0.765969 -5.160486
 O -1.911036 -0.068957 -5.128484
 O 1.252553 -0.430195 1.124152
 O 4.948987 -1.745352 -3.424176
 O 5.079993 -0.142308 -0.098572
 O 0.107846 4.701773 3.072630
 O -4.630424 0.625993 -4.180234
 O 1.054486 -3.862125 -0.336737
 O 4.404593 4.420831 -5.130707
 O 2.729775 5.628233 5.635436
 O -5.501594 4.788730 -1.879166
 O -0.203129 0.922480 -2.187020
 O -3.279764 -3.999162 -0.873412
 O -2.933306 5.521076 3.203703
 O -2.134667 2.921560 4.778011
 O -2.345407 -1.152162 -0.753045
 O -1.411124 -1.496184 5.007953
 O 0.738924 1.820241 5.405193
 O -4.520472 3.210414 1.292035
 O 3.249634 4.310255 -1.082540
 O 2.801967 -5.612423 -3.960492
 O -2.601669 4.217267 -2.701437
 O 4.661741 0.655972 5.842082
 O -2.613081 0.434756 2.194020
 O -0.522257 -2.069408 -2.945400
 O -0.000030 -3.450225 -5.559978
 O 5.919261 -5.873067 4.424580
 O 4.469210 -3.371041 0.153029
 O 4.744434 -0.822238 2.316165
 O 1.541140 4.056198 -4.246105
 O -1.356516 -5.837350 0.000216
 O -5.232099 -1.913822 -5.966614
 O -4.766218 1.202564 -0.802078
 O 5.034623 1.949620 -2.545301
 O 2.622649 -0.368887 -1.294316
 O -4.999311 -1.674014 1.132696
 O 1.678916 2.315979 1.247376
 H -5.162883 -1.888730 -1.160036
 H -5.031708 -0.397572 -1.572039
 H 4.213278 -1.598108 5.247387
 H 2.845207 -2.219862 4.934738
 H -6.496227 5.192799 -5.045735
 H -5.051515 5.911447 -4.684760
 H -0.021039 3.030097 -1.399819
 H 0.983366 4.162631 -1.569247
 H -5.708913 0.944960 4.159510
 H -4.375386 1.580397 4.640267
 H 0.085624 6.820352 4.888797
 H 0.197989 6.016056 6.211399
 H -0.685534 -5.600371 -2.168518
 H -1.126324 -5.679379 -3.611532
 H 2.991162 1.051929 3.775024
 H 1.742841 0.570593 4.512295
 H -3.120562 -6.134908 6.450761
 H -1.764130 -5.876139 5.716422
 H 1.902740 -1.854703 2.728012
 H 2.576418 -2.293418 1.510331
 H 3.619714 -6.620766 2.887472
 H 2.245896 -6.854706 2.124312
 H -4.071527 -3.900739 5.423717
 H -4.730867 -2.792404 4.676213
 H -4.862167 -6.709304 0.471249
 H -3.954340 -5.672082 -0.232247
 H -2.993798 -4.645186 -3.978117
 H -3.336045 -6.038271 -3.250993
 H 2.369467 -2.274868 -2.307837
 H 2.319379 -3.697755 -1.874326
 H -1.458486 2.905187 -0.433273
 H -2.030906 1.714180 0.488193
 H -0.708222 -2.917459 1.984592
 H -1.047613 -2.036396 3.305292
 H 0.905735 -4.371886 3.208256
 H -0.562280 -4.042991 3.803855
 H 5.743480 -5.158305 -5.009122
 H 5.057306 -3.854100 -4.298851
 H 5.846760 5.359431 2.751819
 H 5.155546 5.024371 1.308231
 H 5.454572 -2.369345 3.167764
 H 4.690505 -3.709555 3.249198
 H -2.349566 -2.189976 -3.503166
 H -2.843703 -2.633449 -4.843002
 H -0.434583 3.110662 -4.312931
 H -1.428342 1.952034 -4.464436
 H 4.208784 3.298470 3.017638
 H 3.555110 2.138559 2.155848
 H 2.027847 0.975581 -4.250923
 H 2.220935 2.494653 -3.760446
 H -4.664978 1.876481 -5.744887
 H -3.307168 2.447598 -6.248837
 H 4.513131 -5.433404 -0.102388
 H 5.578801 -6.189590 -0.975192
 H 2.712393 -1.292441 -5.447563
 H 1.545454 -0.462361 -6.005775
 H -2.238899 -0.338586 -6.009779
 H -2.737566 -0.089614 -4.609622
 H 1.654152 0.441725 1.335723
 H 1.327968 -0.497938 0.141346
 H 4.219061 -2.252865 -3.013244
 H 5.697758 -1.908152 -2.810029
 H 5.229559 0.690748 -0.590610
 H 5.698643 -0.737449 -0.526405
 H 0.279883 5.225268 3.872482
 H -0.859446 4.627020 3.008571
 H -4.153938 0.571897 -3.330843
 H -5.563694 0.652241 -3.869812
 H 0.275602 -4.464433 -0.339928
 H 0.689096 -3.037091 0.049038
 H 3.807876 4.672611 -5.902495
 H 4.651889 3.478468 -5.181557
 H 2.772907 5.737015 4.641933
 H 3.388573 6.269459 5.985615
 H -6.160124 4.401787 -1.280884
 H -5.001774 4.073250 -2.304929
 H -1.184941 0.877995 -2.136643
 H 0.095890 0.651653 -1.287567
 H -3.353128 -3.690824 0.050119
 H -4.124645 -3.773972 -1.287428
 H -3.161278 5.653130 2.270101
 H -3.427736 6.206021 3.678197
 H -2.291640 2.867699 3.816057
 H -2.062893 3.869051 4.990692
 H -2.805573 -1.950438 -0.445435
 H -2.684149 -0.488934 -0.124423
 H -2.220996 -2.026723 4.827833
 H -0.796590 -2.058395 5.536787
 H 0.512203 2.255296 6.244177
 H 0.113015 2.204352 4.744764
 H -4.127548 2.626525 1.967359
 H -3.817828 3.324906 0.622862
 H 3.691880 5.052520 -1.541691
 H 3.683542 3.481682 -1.380166
 H 3.768786 -5.455412 -3.851369
 H 2.421689 -5.837600 -3.097810
 H -1.922670 4.290085 -3.413255
 H -2.227706 4.665076 -1.929263
 H 4.803587 0.061783 6.585706
 H 3.786956 0.382578 5.487058
 H -1.990270 -0.316371 2.092919
 H -3.541411 0.111254 2.273707
 H -0.061567 -1.644123 -3.711017
 H -0.008137 -2.901633 -2.861381
 H -0.388715 -3.861453 -4.760132
 H 0.955532 -3.467013 -5.369796
 H 6.529482 -6.050781 5.175197
 H 6.017917 -4.912667 4.181855
 H 5.345427 -3.667865 -0.149468
 H 3.868549 -3.630521 -0.576379
 H 5.183219 0.045992 2.368747
 H 3.961945 -0.693218 2.893397
 H 1.677710 3.911873 -5.207460
 H 2.301243 4.677071 -4.051130
 H -0.796366 -6.640147 0.118252
 H -2.052811 -5.939926 0.685306
 H -5.114533 -0.938491 -5.895149
 H -5.426037 -2.154240 -5.033797
 H -3.812564 1.139200 -0.601304
 H -5.143739 1.330871 0.098827
 H 4.875694 2.829715 -2.941738
 H 4.244554 1.440245 -2.864637
 H 3.552539 -0.390057 -0.891405
 H 2.667652 0.351104 -1.967149
 H -5.945165 -1.424014 1.244244
 H -4.973582 -2.450663 1.730708
 H 1.671058 3.115168 1.801311
 H 1.515291 2.673238 0.362972
K_POINTS
 1
0.0 0.0 0.0 1.0