
&control
    calculation='scf'
    pseudo_dir = './',
    outdir='./outputs',
    disk_io='high'
/
&system
    ibrav= 1, celldm(1)=20.000000, nat=  192, ntyp= 2,
    ecutwfc = 30.0, nosym=.true., occupations='smearing',
    smearing='m-v', degauss=0.025
/
&electrons
    conv_thr =  1.0d-8,
    mixing_beta = 0.7
/
&ions
    pot_extrapolation='second-order'
    wfc_extrapolation='second-order'
    ion_temperature = 'andersen'
    tempw = 1000

/
ATOMIC_SPECIES
 H  1.01  H.blyp-hgh.UPF
 O  16.0  O.blyp-hgh.UPF
ATOMIC_POSITIONS bohr
 O -5.176758 -1.312995 -1.948462
 O 3.559431 -2.229638 5.604008
 O -5.743640 5.766014 -5.366362
 O 0.111885 3.968753 -1.175681
 O -4.750106 0.933006 3.964371
 O -0.323677 6.046948 5.388877
 O -0.359946 -5.397004 -3.061657
 O 2.460021 0.244471 3.932997
 O -2.669856 -5.492544 5.887382
 O 2.542546 -2.540125 2.455631
 O 2.656235 -6.422045 2.888884
 O -4.014878 -3.460887 4.565691
 O -4.504517 -5.809382 0.560212
 O -3.516840 -5.469007 -4.023331
 O 2.865649 -3.130501 -2.440637
 O -2.263875 2.507947 -0.067331
 O -1.380993 -2.373017 2.411626
 O 0.245107 -4.586648 3.900441
 O 4.928476 -4.572752 -4.953757
 O 4.983002 5.119845 2.263636
 O 5.550515 -3.313771 3.462822
 O -3.178884 -2.514337 -3.933912
 O -1.180167 2.795842 -4.876585
 O 4.162313 2.320255 2.896585
 O 2.477953 1.553851 -3.596251
 O -4.269012 2.520029 -6.371205
 O 4.682569 -5.804224 -0.993430
 O 1.921769 -0.756520 -5.167890
 O -1.906829 -0.068918 -5.131871
 O 1.256540 -0.435895 1.125446
 O 4.956940 -1.746425 -3.426885
 O 5.073970 -0.145991 -0.098737
 O 0.111259 4.701590 3.088197
 O -4.632116 0.622195 -4.182002
 O 1.057683 -3.861944 -0.334030
 O 4.402926 4.422607 -5.138296
 O 2.720991 5.634932 5.633904
 O -5.506292 4.796270 -1.876120
 O -0.204125 0.920682 -2.190952
 O -3.287798 -4.001288 -0.873837
 O -2.935336 5.522959 3.201353
 O -2.138117 2.922212 4.781974
 O -2.342305 -1.161453 -0.753551
 O -1.412320 -1.492125 5.015101
 O 0.738955 1.820215 5.410426
 O -4.521775 3.212936 1.293467
 O 3.248977 4.309626 -1.088967
 O 2.802652 -5.610145 -3.964100
 O -2.608368 4.216803 -2.709098
 O 4.655926 0.655132 5.848639
 O -2.610334 0.438304 2.196517
 O -0.515504 -2.066488 -2.950732
 O -0.000795 -3.449499 -5.563200
 O 5.924276 -5.873293 4.426213
 O 4.459729 -3.374530 0.155047
 O 4.750458 -0.824422 2.319226
 O 1.548265 4.047604 -4.245817
 O -1.362899 -5.839238 -0.007067
 O -5.227594 -1.912732 -5.969947
 O -4.763231 1.202249 -0.804817
 O 5.030904 1.961701 -2.554022
 O 2.616190 -0.369515 -1.289643
 O -4.995848 -1.680913 1.129315
 O 1.681177 2.319129 1.246898
 H -5.138371 -1.887186 -1.160441
 H -5.028217 -0.399006 -1.569111
 H 4.210389 -1.600803 5.245074
 H 2.831436 -2.218903 4.949491
 H -6.487738 5.183146 -5.058270
 H -5.067064 5.932160 -4.669251
 H -0.016746 3.025893 -1.399861
 H 0.992156 4.170198 -1.554856
 H -5.710798 0.931360 4.145168
 H -4.400827 1.590351 4.641296
 H 0.087328 6.820712 4.887448
 H 0.210099 6.014918 6.209092
 H -0.689212 -5.600941 -2.161409
 H -1.124869 -5.701959 -3.603123
 H 2.976577 1.067031 3.784897
 H 1.738357 0.573974 4.520647
 H -3.124074 -6.140421 6.445863
 H -1.764382 -5.880829 5.718511
 H 1.908262 -1.854888 2.741948
 H 2.567728 -2.302825 1.510774
 H 3.619662 -6.625229 2.885297
 H 2.251646 -6.851106 2.116349
 H -4.081678 -3.911896 5.421652
 H -4.736937 -2.804361 4.687439
 H -4.857830 -6.720183 0.492716
 H -3.963500 -5.672103 -0.242781
 H -3.000022 -4.632319 -3.980614
 H -3.317861 -6.035529 -3.253496
 H 2.381095 -2.273368 -2.326449
 H 2.311844 -3.699572 -1.877133
 H -1.473681 2.921709 -0.466412
 H -2.026080 1.724185 0.498077
 H -0.709506 -2.939107 1.987806
 H -1.030478 -2.026334 3.288243
 H 0.922114 -4.366674 3.225255
 H -0.556131 -4.036284 3.800287
 H 5.736299 -5.156834 -5.032626
 H 5.078902 -3.853422 -4.301213
 H 5.843225 5.328567 2.756613
 H 5.143356 5.023677 1.307661
 H 5.457323 -2.378634 3.146857
 H 4.684103 -3.714447 3.259331
 H -2.346468 -2.200631 -3.489078
 H -2.836979 -2.631927 -4.842299
 H -0.428919 3.099696 -4.317166
 H -1.420974 1.951857 -4.462297
 H 4.212414 3.293626 3.030699
 H 3.562164 2.148827 2.142602
 H 2.043988 0.977504 -4.266897
 H 2.234505 2.499402 -3.762055
 H -4.653955 1.884714 -5.729534
 H -3.294213 2.447324 -6.266821
 H 4.528167 -5.445739 -0.086316
 H 5.585673 -6.183562 -0.992837
 H 2.706383 -1.290090 -5.440874
 H 1.534517 -0.462650 -6.014652
 H -2.232140 -0.347622 -6.012561
 H -2.734067 -0.078088 -4.614566
 H 1.651257 0.441066 1.322376
 H 1.321516 -0.506331 0.145831
 H 4.221017 -2.237124 -3.007403
 H 5.694482 -1.900702 -2.794103
 H 5.212938 0.683433 -0.594098
 H 5.700404 -0.738447 -0.522803
 H 0.273406 5.224766 3.892894
 H -0.849264 4.620246 3.006830
 H -4.141380 0.582740 -3.339252
 H -5.556746 0.650635 -3.841248
 H 0.275005 -4.456668 -0.360003
 H 0.678049 -3.040403 0.042349
 H 3.807576 4.681753 -5.905659
 H 4.648148 3.480294 -5.193223
 H 2.776844 5.714767 4.638061
 H 3.382620 6.283404 5.967343
 H -6.165278 4.401215 -1.284072
 H -4.988664 4.091365 -2.297598
 H -1.187480 0.915889 -2.130708
 H 0.111756 0.646212 -1.296748
 H -3.325738 -3.674404 0.045509
 H -4.140525 -3.783937 -1.267923
 H -3.166266 5.650411 2.268562
 H -3.433550 6.204689 3.678877
 H -2.316230 2.870590 3.824471
 H -2.068434 3.866057 5.006775
 H -2.805089 -1.955628 -0.441695
 H -2.672144 -0.502927 -0.113730
 H -2.214344 -2.032630 4.830128
 H -0.787082 -2.038148 5.545311
 H 0.497401 2.255873 6.247676
 H 0.134239 2.191045 4.724994
 H -4.136700 2.628785 1.974030
 H -3.832683 3.303481 0.606244
 H 3.695598 5.045735 -1.554737
 H 3.703905 3.485821 -1.371343
 H 3.771135 -5.442516 -3.861776
 H 2.422018 -5.835798 -3.100403
 H -1.913874 4.290714 -3.405412
 H -2.231134 4.658213 -1.936141
 H 4.785468 0.070408 6.604166
 H 3.776958 0.396888 5.501003
 H -1.981938 -0.296723 2.090442
 H -3.527259 0.085434 2.272251
 H -0.078828 -1.651899 -3.734506
 H 0.000056 -2.898047 -2.887983
 H -0.389794 -3.865212 -4.763933
 H 0.956296 -3.477055 -5.371646
 H 6.538645 -6.030313 5.178433
 H 5.996129 -4.913697 4.173484
 H 5.338917 -3.671904 -0.139099
 H 3.870170 -3.631218 -0.585457
 H 5.185450 0.044258 2.362929
 H 3.979172 -0.685081 2.905019
 H 1.673062 3.914669 -5.208863
 H 2.284349 4.686911 -4.052338
 H -0.781580 -6.627612 0.111133
 H -2.041536 -5.944261 0.697035
 H -5.146329 -0.934368 -5.875954
 H -5.427561 -2.186053 -5.046505
 H -3.812154 1.122814 -0.595513
 H -5.152645 1.342562 0.088911
 H 4.865297 2.836955 -2.959862
 H 4.252269 1.439331 -2.879088
 H 3.549047 -0.396374 -0.897145
 H 2.669794 0.335563 -1.978276
 H -5.941029 -1.423562 1.232724
 H -4.979554 -2.471298 1.711088
 H 1.669490 3.120702 1.802562
 H 1.519357 2.669047 0.358683
K_POINTS
 1
0.0 0.0 0.0 1.0