
&control
    calculation='scf'
    pseudo_dir = './',
    outdir='./outputs',
    disk_io='high'
/
&system
    ibrav= 1, celldm(1)=20.000000, nat=  192, ntyp= 2,
    ecutwfc = 30.0, nosym=.true., occupations='smearing',
    smearing='m-v', degauss=0.025
/
&electrons
    conv_thr =  1.0d-8,
    mixing_beta = 0.7
/
&ions
    pot_extrapolation='second-order'
    wfc_extrapolation='second-order'
    ion_temperature = 'andersen'
    tempw = 1000

/
ATOMIC_SPECIES
 H  1.01  H.blyp-hgh.UPF
 O  16.0  O.blyp-hgh.UPF
ATOMIC_POSITIONS bohr
 O -5.177037 -1.312706 -1.948091
 O 3.558977 -2.231074 5.604541
 O -5.742581 5.767158 -5.366499
 O 0.113680 3.967909 -1.174303
 O -4.749689 0.932540 3.962585
 O -0.324145 6.049808 5.390972
 O -0.361729 -5.396581 -3.059580
 O 2.459142 0.247483 3.936245
 O -2.668944 -5.493474 5.887831
 O 2.544503 -2.538861 2.457271
 O 2.656133 -6.423160 2.889090
 O -4.013787 -3.462607 4.565868
 O -4.505018 -5.811305 0.558764
 O -3.515505 -5.467534 -4.022659
 O 2.865994 -3.131941 -2.439181
 O -2.262394 2.507163 -0.071432
 O -1.382435 -2.375513 2.413359
 O 0.244896 -4.587830 3.899904
 O 4.925326 -4.573571 -4.952495
 O 4.981712 5.120904 2.264178
 O 5.548668 -3.314533 3.464144
 O -3.177524 -2.513704 -3.933728
 O -1.181706 2.796899 -4.875723
 O 4.162644 2.319366 2.895235
 O 2.479058 1.554222 -3.597975
 O -4.266164 2.520996 -6.369642
 O 4.683862 -5.802566 -0.991800
 O 1.920194 -0.753345 -5.170343
 O -1.905452 -0.068877 -5.132966
 O 1.257834 -0.437806 1.125859
 O 4.959615 -1.746800 -3.427793
 O 5.071928 -0.147149 -0.098805
 O 0.112440 4.701471 3.093298
 O -4.632724 0.620944 -4.182566
 O 1.058716 -3.861885 -0.333118
 O 4.402383 4.423170 -5.140777
 O 2.718101 5.637172 5.633383
 O -5.507872 4.798836 -1.875094
 O -0.204477 0.920135 -2.192220
 O -3.290439 -4.001992 -0.873974
 O -2.935980 5.523558 3.200550
 O -2.139200 2.922414 4.783272
 O -2.341266 -1.164506 -0.753705
 O -1.412703 -1.490778 5.017444
 O 0.738990 1.820204 5.412128
 O -4.522253 3.213797 1.293942
 O 3.248731 4.309367 -1.091117
 O 2.802836 -5.609446 -3.965291
 O -2.610613 4.216668 -2.711684
 O 4.653999 0.654872 5.850802
 O -2.609424 0.439536 2.197295
 O -0.513202 -2.065523 -2.952547
 O -0.001046 -3.449267 -5.564267
 O 5.925959 -5.873363 4.426730
 O 4.456566 -3.375699 0.155732
 O 4.752484 -0.825140 2.320308
 O 1.550666 4.044738 -4.245730
 O -1.364994 -5.839914 -0.009492
 O -5.226111 -1.912314 -5.971025
 O -4.762241 1.202113 -0.805724
 O 5.029652 1.965731 -2.556920
 O 2.614077 -0.369709 -1.288100
 O -4.994722 -1.683245 1.128193
 O 1.681956 2.320187 1.246753
 H -5.130008 -1.886565 -1.160468
 H -5.027041 -0.399641 -1.568107
 H 4.209574 -1.601798 5.244234
 H 2.827037 -2.218617 4.954393
 H -6.484834 5.179965 -5.062505
 H -5.072448 5.938984 -4.664203
 H -0.015205 3.024281 -1.400210
 H 0.995175 4.172772 -1.550025
 H -5.711376 0.926858 4.140420
 H -4.409479 1.593616 4.641626
 H 0.087797 6.820836 4.886967
 H 0.214143 6.014442 6.208239
 H -0.690416 -5.601005 -2.159001
 H -1.124194 -5.709428 -3.600348
 H 2.971824 1.072233 3.788069
 H 1.736789 0.575200 4.523372
 H -3.125318 -6.142252 6.444361
 H -1.764488 -5.882352 5.719155
 H 1.910112 -1.854846 2.746649
 H 2.565074 -2.306038 1.510865
 H 3.619759 -6.626752 2.884111
 H 2.253569 -6.849952 2.113803
 H -4.084780 -3.915871 5.421036
 H -4.738881 -2.808392 4.691123
 H -4.856265 -6.723779 0.499905
 H -3.966582 -5.672017 -0.246424
 H -3.002352 -4.627941 -3.981293
 H -3.311756 -6.034510 -3.254271
 H 2.385223 -2.272852 -2.332618
 H 2.309193 -3.700386 -1.877993
 H -1.478829 2.927049 -0.477223
 H -2.024360 1.727912 0.501417
 H -0.709839 -2.946157 1.988960
 H -1.024860 -2.023068 3.282246
 H 0.927530 -4.364908 3.230998
 H -0.553991 -4.034051 3.798967
 H 5.733794 -5.156153 -5.040431
 H 5.086220 -3.853195 -4.302242
 H 5.841460 5.318299 2.757969
 H 5.139386 5.023405 1.307596
 H 5.458118 -2.381874 3.139919
 H 4.681908 -3.715910 3.262656
 H -2.345513 -2.204284 -3.484242
 H -2.834940 -2.631338 -4.842148
 H -0.427097 3.096050 -4.318664
 H -1.418596 1.951433 -4.461759
 H 4.213684 3.291886 3.034861
 H 3.564514 2.152492 2.138102
 H 2.049501 0.978017 -4.272162
 H 2.238856 2.500909 -3.762657
 H -4.650129 1.887578 -5.724319
 H -3.289993 2.447274 -6.272931
 H 4.533210 -5.449914 -0.081091
 H 5.587956 -6.181335 -0.998785
 H 2.704384 -1.289399 -5.438778
 H 1.530821 -0.462779 -6.017519
 H -2.229582 -0.350623 -6.013641
 H -2.732887 -0.074371 -4.616232
 H 1.650174 0.440781 1.317936
 H 1.319625 -0.509070 0.147448
 H 4.221537 -2.231956 -3.005509
 H 5.693500 -1.897897 -2.788900
 H 5.207437 0.681098 -0.595349
 H 5.701219 -0.739140 -0.521947
 H 0.271067 5.224621 3.899941
 H -0.846022 4.618144 3.006403
 H -4.137171 0.586361 -3.342101
 H -5.554343 0.650092 -3.831823
 H 0.274864 -4.454056 -0.366634
 H 0.674498 -3.041531 0.039993
 H 3.807559 4.684592 -5.906716
 H 4.646762 3.480916 -5.197425
 H 2.777978 5.707284 4.636957
 H 3.380402 6.288236 5.961180
 H -6.166906 4.400625 -1.285213
 H -4.984219 4.097219 -2.295093
 H -1.188040 0.928327 -2.128648
 H 0.116885 0.644270 -1.300129
 H -3.316723 -3.669038 0.043990
 H -4.145988 -3.787127 -1.261594
 H -3.168202 5.649524 2.267995
 H -3.435504 6.204454 3.679324
 H -2.324506 2.871639 3.827397
 H -2.070299 3.865138 5.011969
 H -2.804892 -1.957486 -0.440644
 H -2.668063 -0.507616 -0.110020
 H -2.212161 -2.034795 4.831046
 H -0.784167 -2.031503 5.548296
 H 0.492115 2.255975 6.248801
 H 0.141280 2.186604 4.718732
 H -4.139791 2.629587 1.976342
 H -3.837476 3.296149 0.600778
 H 3.696942 5.043610 -1.558936
 H 3.710631 3.487284 -1.368398
 H 3.771870 -5.438059 -3.865428
 H 2.422142 -5.835057 -3.101188
 H -1.911163 4.290726 -3.402703
 H -2.232113 4.655984 -1.938268
 H 4.779465 0.073095 6.610615
 H 3.773614 0.401732 5.505607
 H -1.979261 -0.290450 2.089694
 H -3.522266 0.076750 2.271961
 H -0.084763 -1.654403 -3.742173
 H 0.002600 -2.896854 -2.896713
 H -0.390134 -3.866384 -4.765345
 H 0.956596 -3.480401 -5.372306
 H 6.541531 -6.023461 5.179515
 H 5.988992 -4.914281 4.170867
 H 5.336724 -3.673196 -0.135647
 H 3.870810 -3.631216 -0.588565
 H 5.186266 0.043789 2.360926
 H 3.984785 -0.682579 2.908845
 H 1.671487 3.915736 -5.209320
 H 2.278522 4.690269 -4.052853
 H -0.776749 -6.623319 0.108800
 H -2.037646 -5.945577 0.700840
 H -5.156870 -0.933281 -5.869613
 H -5.428041 -2.196655 -5.050942
 H -3.811993 1.117581 -0.593683
 H -5.155582 1.346583 0.085462
 H 4.861940 2.839278 -2.965950
 H 4.254830 1.439166 -2.884042
 H 3.547465 -0.398540 -0.899059
 H 2.670302 0.330253 -1.982022
 H -5.939613 -1.423318 1.228897
 H -4.981411 -2.478152 1.704599
 H 1.668749 3.122587 1.803168
 H 1.520699 2.667744 0.357046
K_POINTS
 1
0.0 0.0 0.0 1.0