
&control
    calculation='scf'
    pseudo_dir = './',
    outdir='./outputs',
    disk_io='high'
/
&system
    ibrav= 1, celldm(1)=20.000000, nat=  192, ntyp= 2,
    ecutwfc = 30.0, nosym=.true., occupations='smearing',
    smearing='m-v', degauss=0.025
/
&electrons
    conv_thr =  1.0d-8,
    mixing_beta = 0.7
/
&ions
    pot_extrapolation='second-order'
    wfc_extrapolation='second-order'
    ion_temperature = 'andersen'
    tempw = 1000

/
ATOMIC_SPECIES
 H  1.01  H.blyp-hgh.UPF
 O  16.0  O.blyp-hgh.UPF
ATOMIC_POSITIONS bohr
 O -5.177330 -1.312417 -1.947708
 O 3.558508 -2.232510 5.605079
 O -5.741501 5.768318 -5.366631
 O 0.115477 3.967066 -1.172915
 O -4.749280 0.932074 3.960790
 O -0.324590 6.052638 5.393108
 O -0.363531 -5.396169 -3.057505
 O 2.458264 0.250493 3.939506
 O -2.668046 -5.494399 5.888271
 O 2.546437 -2.537609 2.458922
 O 2.656013 -6.424256 2.889319
 O -4.012702 -3.464304 4.566035
 O -4.505527 -5.813249 0.557332
 O -3.514172 -5.466079 -4.021974
 O 2.866318 -3.133360 -2.437722
 O -2.260917 2.506360 -0.075530
 O -1.383872 -2.378010 2.415094
 O 0.244697 -4.588978 3.899341
 O 4.922189 -4.574394 -4.951221
 O 4.980462 5.121958 2.264733
 O 5.546824 -3.315291 3.465455
 O -3.176137 -2.513086 -3.933545
 O -1.183218 2.797983 -4.874842
 O 4.162973 2.318462 2.893894
 O 2.480177 1.554588 -3.599685
 O -4.263334 2.521954 -6.368061
 O 4.685164 -5.800919 -0.990165
 O 1.918607 -0.750157 -5.172789
 O -1.904088 -0.068822 -5.134044
 O 1.259110 -0.439723 1.126266
 O 4.962301 -1.747184 -3.428702
 O 5.069869 -0.148276 -0.098880
 O 0.113648 4.701325 3.098358
 O -4.633356 0.619701 -4.183114
 O 1.059733 -3.861828 -0.332200
 O 4.401847 4.423718 -5.143234
 O 2.715232 5.639414 5.632856
 O -5.509459 4.801429 -1.874062
 O -0.204840 0.919615 -2.193466
 O -3.293058 -4.002693 -0.874108
 O -2.936608 5.524144 3.199739
 O -2.140249 2.922606 4.784560
 O -2.340225 -1.167537 -0.753850
 O -1.413080 -1.489432 5.019768
 O 0.739039 1.820192 5.413811
 O -4.522751 3.214669 1.294414
 O 3.248475 4.309082 -1.093270
 O 2.802999 -5.608778 -3.966476
 O -2.612861 4.216543 -2.714284
 O 4.652081 0.654623 5.852957
 O -2.608520 0.440796 2.198046
 O -0.510877 -2.064563 -2.954381
 O -0.001293 -3.449039 -5.565328
 O 5.927647 -5.873431 4.427234
 O 4.453403 -3.376870 0.156423
 O 4.754519 -0.825854 2.321419
 O 1.553074 4.041870 -4.245649
 O -1.367073 -5.840613 -0.011914
 O -5.224639 -1.911870 -5.972086
 O -4.761254 1.201961 -0.806628
 O 5.028396 1.969763 -2.559812
 O 2.611983 -0.369895 -1.286567
 O -4.993609 -1.685593 1.127074
 O 1.682748 2.321251 1.246615
 H -5.121552 -1.885897 -1.160440
 H -5.025858 -0.400346 -1.567093
 H 4.208821 -1.602847 5.243361
 H 2.822739 -2.218344 4.959288
 H -6.481898 5.176808 -5.066766
 H -5.077931 5.945765 -4.659220
 H -0.013595 3.022586 -1.400722
 H 0.998230 4.175359 -1.545178
 H -5.711923 0.922366 4.135683
 H -4.418204 1.596844 4.641945
 H 0.088217 6.820973 4.886471
 H 0.218186 6.013921 6.207343
 H -0.691608 -5.601003 -2.156578
 H -1.123420 -5.716862 -3.597590
 H 2.967134 1.077521 3.791175
 H 1.735180 0.576473 4.526073
 H -3.126594 -6.144074 6.442919
 H -1.764595 -5.883858 5.719773
 H 1.911973 -1.854751 2.751369
 H 2.562537 -2.309286 1.510937
 H 3.619912 -6.628288 2.882699
 H 2.255493 -6.848817 2.111317
 H -4.087728 -3.919976 5.420445
 H -4.740768 -2.812448 4.694765
 H -4.854632 -6.727351 0.507098
 H -3.969686 -5.671899 -0.250118
 H -3.004811 -4.623528 -3.981892
 H -3.305632 -6.033433 -3.255019
 H 2.389456 -2.272324 -2.338756
 H 2.306467 -3.701292 -1.878812
 H -1.484011 2.932291 -0.487904
 H -2.022571 1.731852 0.504759
 H -0.710180 -2.953079 1.990186
 H -1.019286 -2.019839 3.276123
 H 0.932920 -4.363127 3.236782
 H -0.551803 -4.031819 3.797585
 H 5.731227 -5.155381 -5.048219
 H 5.093586 -3.852978 -4.303403
 H 5.839432 5.308057 2.759209
 H 5.135469 5.023113 1.307602
 H 5.458849 -2.385185 3.133001
 H 4.679684 -3.717285 3.265953
 H -2.344603 -2.207987 -3.479351
 H -2.832998 -2.630702 -4.842029
 H -0.425303 3.092421 -4.320203
 H -1.416264 1.950825 -4.461317
 H 4.214980 3.290084 3.038922
 H 3.566866 2.156278 2.133569
 H 2.055079 0.978474 -4.277393
 H 2.243119 2.502375 -3.763297
 H -4.646215 1.890509 -5.719066
 H -3.285834 2.447240 -6.279098
 H 4.538270 -5.454123 -0.075949
 H 5.590224 -6.178994 -1.004762
 H 2.702389 -1.288753 -5.436759
 H 1.527109 -0.462929 -6.020335
 H -2.226870 -0.353617 -6.014791
 H -2.731703 -0.070720 -4.617907
 H 1.649038 0.440471 1.313510
 H 1.317863 -0.511785 0.149101
 H 4.221991 -2.226831 -3.003649
 H 5.692570 -1.894929 -2.783763
 H 5.201960 0.678831 -0.596654
 H 5.702133 -0.739996 -0.521253
 H 0.268628 5.224476 3.907092
 H -0.842889 4.616119 3.006052
 H -4.132945 0.589984 -3.344980
 H -5.551891 0.649546 -3.822461
 H 0.274750 -4.451445 -0.373236
 H 0.671015 -3.042658 0.037576
 H 3.807575 4.687330 -5.907780
 H 4.645307 3.481542 -5.201785
 H 2.779017 5.699775 4.635946
 H 3.378065 6.293152 5.954985
 H -6.168486 4.399836 -1.286394
 H -4.979740 4.102981 -2.292558
 H -1.188447 0.940661 -2.126535
 H 0.121917 0.642269 -1.303677
 H -3.307771 -3.663733 0.042471
 H -4.151551 -3.790246 -1.255351
 H -3.170276 5.648649 2.267399
 H -3.437460 6.204314 3.679872
 H -2.332822 2.872738 3.830381
 H -2.072174 3.864265 5.017073
 H -2.804678 -1.959413 -0.439693
 H -2.663936 -0.512315 -0.106246
 H -2.209987 -2.037059 4.832041
 H -0.781381 -2.024922 5.551353
 H 0.486647 2.256029 6.249880
 H 0.148295 2.182172 4.712645
 H -4.142899 2.630414 1.978688
 H -3.842189 3.288720 0.595360
 H 3.698330 5.041557 -1.563054
 H 3.717316 3.488786 -1.365447
 H 3.772569 -5.433525 -3.869170
 H 2.422281 -5.834240 -3.101939
 H -1.908566 4.290631 -3.399963
 H -2.233018 4.653787 -1.940297
 H 4.773476 0.075702 6.617195
 H 3.770248 0.406605 5.510181
 H -1.976587 -0.284350 2.088979
 H -3.517146 0.068040 2.271770
 H -0.090788 -1.656848 -3.749765
 H 0.005054 -2.895676 -2.905364
 H -0.390467 -3.867515 -4.766837
 H 0.956905 -3.483746 -5.372992
 H 6.544330 -6.016595 5.180593
 H 5.981926 -4.914981 4.168337
 H 5.334518 -3.674460 -0.132195
 H 3.871499 -3.631098 -0.591709
 H 5.187131 0.043382 2.358886
 H 3.990317 -0.680187 2.912657
 H 1.669905 3.916867 -5.209780
 H 2.272631 4.693689 -4.053419
 H -0.771973 -6.618968 0.106488
 H -2.033685 -5.946830 0.704585
 H -5.167380 -0.932348 -5.863299
 H -5.428503 -2.207243 -5.055487
 H -3.811827 1.112462 -0.591899
 H -5.158498 1.350664 0.081943
 H 4.858637 2.841554 -2.972060
 H 4.257380 1.439074 -2.889062
 H 3.545680 -0.400739 -0.900964
 H 2.670703 0.324881 -1.985782
 H -5.938172 -1.423033 1.225083
 H -4.983206 -2.484985 1.698133
 H 1.667898 3.124474 1.803850
 H 1.522034 2.666489 0.355317
K_POINTS
 1
0.0 0.0 0.0 1.0