
&control
    calculation='scf'
    pseudo_dir = './',
    outdir='./outputs',
    disk_io='high'
/
&system
    ibrav= 1, celldm(1)=20.000000, nat=  192, ntyp= 2,
    ecutwfc = 30.0, nosym=.true., occupations='smearing',
    smearing='m-v', degauss=0.025
/
&electrons
    conv_thr =  1.0d-8,
    mixing_beta = 0.7
/
&ions
    pot_extrapolation='second-order'
    wfc_extrapolation='second-order'
    ion_temperature = 'andersen'
    tempw = 1000

/
ATOMIC_SPECIES
 H  1.01  H.blyp-hgh.UPF
 O  16.0  O.blyp-hgh.UPF
ATOMIC_POSITIONS bohr
 O -5.177638 -1.312127 -1.947311
 O 3.558024 -2.233944 5.605623
 O -5.740400 5.769493 -5.366757
 O 0.117275 3.966222 -1.171519
 O -4.748880 0.931608 3.958987
 O -0.325011 6.055438 5.395283
 O -0.365353 -5.395767 -3.055430
 O 2.457387 0.253500 3.942780
 O -2.667163 -5.495320 5.888703
 O 2.548350 -2.536367 2.460584
 O 2.655877 -6.425333 2.889568
 O -4.011626 -3.465979 4.566195
 O -4.506043 -5.815214 0.555915
 O -3.512840 -5.464642 -4.021276
 O 2.866624 -3.134759 -2.436262
 O -2.259446 2.505538 -0.079626
 O -1.385301 -2.380515 2.416826
 O 0.244511 -4.590092 3.898750
 O 4.919067 -4.575221 -4.949934
 O 4.979251 5.123006 2.265302
 O 5.544983 -3.316046 3.466755
 O -3.174724 -2.512483 -3.933363
 O -1.184702 2.799093 -4.873944
 O 4.163298 2.317544 2.892563
 O 2.481310 1.554947 -3.601383
 O -4.260523 2.522902 -6.366461
 O 4.686476 -5.799282 -0.988526
 O 1.917007 -0.746955 -5.175226
 O -1.902735 -0.068753 -5.135106
 O 1.260368 -0.441646 1.126667
 O 4.965000 -1.747577 -3.429609
 O 5.067796 -0.149374 -0.098963
 O 0.114885 4.701152 3.103377
 O -4.634011 0.618466 -4.183645
 O 1.060733 -3.861772 -0.331279
 O 4.401321 4.424251 -5.145664
 O 2.712383 5.641661 5.632323
 O -5.511052 4.804046 -1.873025
 O -0.205212 0.919123 -2.194693
 O -3.295655 -4.003393 -0.874237
 O -2.937222 5.524718 3.198921
 O -2.141264 2.922790 4.785837
 O -2.339183 -1.170544 -0.753985
 O -1.413451 -1.488087 5.022071
 O 0.739103 1.820178 5.415476
 O -4.523271 3.215551 1.294884
 O 3.248208 4.308773 -1.095429
 O 2.803140 -5.608141 -3.967655
 O -2.615112 4.216429 -2.716898
 O 4.650172 0.654381 5.855107
 O -2.607625 0.442085 2.198770
 O -0.508527 -2.063608 -2.956233
 O -0.001535 -3.448816 -5.566382
 O 5.929341 -5.873499 4.427725
 O 4.450239 -3.378043 0.157119
 O 4.756564 -0.826564 2.322560
 O 1.555488 4.038997 -4.245572
 O -1.369136 -5.841335 -0.014335
 O -5.223179 -1.911400 -5.973128
 O -4.760268 1.201794 -0.807530
 O 5.027136 1.973796 -2.562698
 O 2.609909 -0.370072 -1.285044
 O -4.992511 -1.687957 1.125957
 O 1.683552 2.322321 1.246486
 H -5.113003 -1.885186 -1.160360
 H -5.024669 -0.401113 -1.566070
 H 4.208125 -1.603952 5.242457
 H 2.818546 -2.218084 4.964172
 H -6.478933 5.173678 -5.071051
 H -5.083509 5.952499 -4.654305
 H -0.011907 3.020824 -1.401393
 H 1.001314 4.177953 -1.540313
 H -5.712435 0.917881 4.130953
 H -4.426996 1.600031 4.642252
 H 0.088588 6.821129 4.885960
 H 0.222227 6.013357 6.206401
 H -0.692786 -5.600934 -2.154142
 H -1.122546 -5.724257 -3.594848
 H 2.962510 1.082891 3.794212
 H 1.733526 0.577794 4.528756
 H -3.127899 -6.145880 6.441533
 H -1.764697 -5.885346 5.720365
 H 1.913849 -1.854605 2.756100
 H 2.560114 -2.312567 1.511000
 H 3.620117 -6.629832 2.881063
 H 2.257417 -6.847698 2.108897
 H -4.090516 -3.924211 5.419869
 H -4.742589 -2.816529 4.698356
 H -4.852928 -6.730895 0.514289
 H -3.972818 -5.671760 -0.253852
 H -3.007399 -4.619084 -3.982410
 H -3.299489 -6.032298 -3.255742
 H 2.393781 -2.271782 -2.344855
 H 2.303665 -3.702279 -1.879590
 H -1.489221 2.937429 -0.498446
 H -2.020707 1.736013 0.508090
 H -0.710561 -2.959848 1.991499
 H -1.013753 -2.016640 3.269896
 H 0.938282 -4.361331 3.242607
 H -0.549567 -4.029589 3.796143
 H 5.728592 -5.154522 -5.055989
 H 5.100993 -3.852777 -4.304703
 H 5.837163 5.297850 2.760339
 H 5.131606 5.022801 1.307683
 H 5.459515 -2.388566 3.126105
 H 4.677431 -3.718566 3.269223
 H -2.343741 -2.211740 -3.474411
 H -2.831151 -2.630017 -4.841938
 H -0.423533 3.088816 -4.321784
 H -1.413983 1.950033 -4.460974
 H 4.216303 3.288219 3.042882
 H 3.569222 2.160185 2.129010
 H 2.060720 0.978882 -4.282588
 H 2.247291 2.503796 -3.763977
 H -4.642209 1.893511 -5.713783
 H -3.281743 2.447219 -6.285322
 H 4.543349 -5.458367 -0.070897
 H 5.592470 -6.176538 -1.010767
 H 2.700396 -1.288150 -5.434822
 H 1.523387 -0.463103 -6.023099
 H -2.224006 -0.356603 -6.016005
 H -2.730515 -0.067136 -4.619592
 H 1.647852 0.440143 1.309105
 H 1.316229 -0.514482 0.150772
 H 4.222381 -2.221750 -3.001827
 H 5.691691 -1.891795 -2.778699
 H 5.196512 0.676641 -0.598016
 H 5.703136 -0.741003 -0.520716
 H 0.266084 5.224324 3.914336
 H -0.839882 4.614167 3.005780
 H -4.128697 0.593611 -3.347894
 H -5.549387 0.648997 -3.813174
 H 0.274661 -4.448841 -0.379810
 H 0.667604 -3.043773 0.035103
 H 3.807616 4.689971 -5.908857
 H 4.643782 3.482169 -5.206304
 H 2.779955 5.692241 4.635030
 H 3.375607 6.298147 5.948760
 H -6.170016 4.398849 -1.287614
 H -4.975230 4.108655 -2.289992
 H -1.188692 0.952887 -2.124365
 H 0.126845 0.640208 -1.307390
 H -3.298886 -3.658496 0.040948
 H -4.157223 -3.793290 -1.249191
 H -3.172491 5.647787 2.266773
 H -3.439411 6.204262 3.680513
 H -2.341178 2.873890 3.833421
 H -2.074058 3.863440 5.022085
 H -2.804449 -1.961411 -0.438844
 H -2.659759 -0.517023 -0.102411
 H -2.207819 -2.039423 4.833116
 H -0.778723 -2.018410 5.554482
 H 0.480995 2.256032 6.250895
 H 0.155280 2.177757 4.706737
 H -4.146023 2.631269 1.981062
 H -3.846822 3.281194 0.589999
 H 3.699755 5.039577 -1.567087
 H 3.723954 3.490324 -1.362491
 H 3.773225 -5.428918 -3.873002
 H 2.422441 -5.833346 -3.102661
 H -1.906086 4.290425 -3.397204
 H -2.233857 4.651624 -1.942221
 H 4.767500 0.078241 6.623892
 H 3.766849 0.411503 5.514721
 H -1.973890 -0.278443 2.088295
 H -3.511907 0.059312 2.271676
 H -0.096900 -1.659229 -3.757283
 H 0.007421 -2.894518 -2.913933
 H -0.390794 -3.868605 -4.768412
 H 0.957215 -3.487089 -5.373708
 H 6.547041 -6.009714 5.181665
 H 5.974939 -4.915794 4.165894
 H 5.332299 -3.675695 -0.128740
 H 3.872239 -3.630864 -0.594884
 H 5.188049 0.043041 2.356807
 H 3.995758 -0.677908 2.916459
 H 1.668319 3.918061 -5.210246
 H 2.266694 4.697184 -4.054030
 H -0.767256 -6.614560 0.104198
 H -2.029654 -5.948020 0.708265
 H -5.177856 -0.931578 -5.857012
 H -5.428945 -2.217810 -5.060143
 H -3.811658 1.107457 -0.590159
 H -5.161391 1.354804 0.078359
 H 4.855388 2.843780 -2.978192
 H 4.259916 1.439055 -2.894147
 H 3.543699 -0.402971 -0.902852
 H 2.670996 0.319447 -1.989555
 H -5.936705 -1.422707 1.221285
 H -4.984941 -2.491789 1.691688
 H 1.666936 3.126352 1.804595
 H 1.523364 2.665285 0.353505
K_POINTS
 1
0.0 0.0 0.0 1.0