
&control
    calculation='scf'
    pseudo_dir = './',
    outdir='./outputs',
    disk_io='high'
/
&system
    ibrav= 1, celldm(1)=20.000000, nat=  192, ntyp= 2,
    ecutwfc = 30.0, nosym=.true., occupations='smearing',
    smearing='m-v', degauss=0.025
/
&electrons
    conv_thr =  1.0d-8,
    mixing_beta = 0.7
/
&ions
    pot_extrapolation='second-order'
    wfc_extrapolation='second-order'
    ion_temperature = 'andersen'
    tempw = 1000

/
ATOMIC_SPECIES
 H  1.01  H.blyp-hgh.UPF
 O  16.0  O.blyp-hgh.UPF
ATOMIC_POSITIONS bohr
 O -5.178297 -1.311551 -1.946478
 O 3.557011 -2.236809 5.606730
 O -5.738138 5.771890 -5.366992
 O 0.120873 3.964527 -1.168703
 O -4.748113 0.930683 3.955364
 O -0.325778 6.060939 5.399756
 O -0.369057 -5.394997 -3.051284
 O 2.455639 0.259507 3.949364
 O -2.665450 -5.497153 5.889546
 O 2.552107 -2.533918 2.463938
 O 2.655555 -6.427438 2.890127
 O -4.009510 -3.469259 4.566502
 O -4.507096 -5.819201 0.553127
 O -3.510182 -5.461816 -4.019839
 O 2.867189 -3.137504 -2.433341
 O -2.256528 2.503836 -0.087811
 O -1.388119 -2.385558 2.420267
 O 0.244177 -4.592220 3.897483
 O 4.912872 -4.576879 -4.947319
 O 4.976929 5.125078 2.266469
 O 5.541307 -3.317546 3.469322
 O -3.171815 -2.511321 -3.933003
 O -1.187587 2.801387 -4.872091
 O 4.163936 2.315665 2.889927
 O 2.483620 1.555642 -3.604738
 O -4.254957 2.524768 -6.363202
 O 4.689133 -5.796043 -0.985232
 O 1.913770 -0.740510 -5.180073
 O -1.900065 -0.068571 -5.137184
 O 1.262824 -0.445508 1.127460
 O 4.970431 -1.748395 -3.431414
 O 5.063611 -0.151499 -0.099152
 O 0.117455 4.700730 3.113302
 O -4.635398 0.616022 -4.184648
 O 1.062684 -3.861666 -0.329422
 O 4.400297 4.425274 -5.150446
 O 2.706751 5.646163 5.631237
 O -5.514259 4.809355 -1.870938
 O -0.205987 0.918224 -2.197089
 O -3.300779 -4.004785 -0.874483
 O -2.938406 5.525833 3.197266
 O -2.143191 2.923126 4.788365
 O -2.337097 -1.176488 -0.754223
 O -1.414176 -1.485395 5.026613
 O 0.739277 1.820143 5.418760
 O -4.524373 3.217346 1.295814
 O 3.247649 4.308083 -1.099767
 O 2.803354 -5.606959 -3.969990
 O -2.619618 4.216236 -2.722163
 O 4.646389 0.653919 5.859400
 O -2.605873 0.444757 2.200137
 O -0.503758 -2.061710 -2.959996
 O -0.001997 -3.448384 -5.568467
 O 5.932741 -5.873634 4.428671
 O 4.443909 -3.380397 0.158525
 O 4.760686 -0.827969 2.324929
 O 1.560322 4.033233 -4.245432
 O -1.373212 -5.842849 -0.019169
 O -5.220293 -1.910380 -5.975158
 O -4.758303 1.201414 -0.809331
 O 5.024604 1.981869 -2.568457
 O 2.605814 -0.370401 -1.282038
 O -4.990354 -1.692738 1.123731
 O 1.685196 2.324487 1.246251
 H -5.095636 -1.883641 -1.160050
 H -5.022274 -0.402805 -1.564008
 H 4.206869 -1.606347 5.240564
 H 2.810483 -2.217597 4.973905
 H -6.472927 5.167513 -5.079684
 H -5.094939 5.965821 -4.644687
 H -0.008263 3.017169 -1.403198
 H 1.007545 4.183135 -1.530531
 H -5.713344 0.908914 4.121499
 H -4.444749 1.606250 4.642813
 H 0.089187 6.821521 4.884891
 H 0.230292 6.012108 6.204380
 H -0.695102 -5.600587 -2.149235
 H -1.120497 -5.738915 -3.589417
 H 2.953468 1.093862 3.800065
 H 1.730074 0.580573 4.534079
 H -3.130580 -6.149429 6.438910
 H -1.764863 -5.888277 5.721472
 H 1.917664 -1.854162 2.765571
 H 2.555598 -2.319218 1.511128
 H 3.620674 -6.632934 2.877138
 H 2.261256 -6.845498 2.104266
 H -4.095582 -3.933066 5.418724
 H -4.746000 -2.824767 4.705360
 H -4.849286 -6.737881 0.528631
 H -3.979187 -5.671453 -0.261403
 H -3.012965 -4.610127 -3.983194
 H -3.287153 -6.029840 -3.257119
 H 2.402657 -2.270648 -2.356900
 H 2.297833 -3.704457 -1.881023
 H -1.499702 2.947363 -0.519079
 H -2.016721 1.745028 0.514671
 H -0.711554 -2.972832 1.994445
 H -1.002795 -2.010311 3.257202
 H 0.948905 -4.357698 3.254381
 H -0.544954 -4.025133 3.793090
 H 5.723102 -5.152555 -5.071468
 H 5.115892 -3.852442 -4.307746
 H 5.831999 5.277573 2.762292
 H 5.124060 5.022116 1.308087
 H 5.460648 -2.395540 3.112393
 H 4.672846 -3.720836 3.275679
 H -2.342169 -2.219398 -3.464421
 H -2.827733 -2.628481 -4.841818
 H -0.420047 3.081703 -4.325062
 H -1.409583 1.947918 -4.460613
 H 4.219022 3.284302 3.050487
 H 3.573954 2.168360 2.119837
 H 2.072189 0.979571 -4.292862
 H 2.255360 2.506498 -3.765472
 H -4.633894 1.899738 -5.703147
 H -3.273798 2.447212 -6.297938
 H 4.553566 -5.466963 -0.061102
 H 5.596872 -6.171269 -1.022848
 H 2.696408 -1.287070 -5.431217
 H 1.515930 -0.463526 -6.028466
 H -2.217820 -0.362543 -6.018604
 H -2.728136 -0.060178 -4.622998
 H 1.645343 0.439449 1.300381
 H 1.313336 -0.519841 0.154106
 H 4.222984 -2.211719 -2.998321
 H 5.690082 -1.885029 -2.768823
 H 5.185711 0.672521 -0.600930
 H 5.705348 -0.743408 -0.520071
 H 0.260665 5.223970 3.929053
 H -0.834301 4.610481 3.005467
 H -4.120125 0.600870 -3.353841
 H -5.544215 0.647890 -3.794862
 H 0.274555 -4.443678 -0.392877
 H 0.660997 -3.045929 0.029996
 H 3.807751 4.694970 -5.911062
 H 4.640523 3.483417 -5.215816
 H 2.781517 5.677115 4.633481
 H 3.370324 6.308355 5.936227
 H -6.172914 4.396281 -1.290178
 H -4.966140 4.119757 -2.284759
 H -1.188672 0.976999 -2.119826
 H 0.136356 0.635919 -1.315309
 H -3.281334 -3.648245 0.037850
 H -4.168903 -3.799149 -1.237104
 H -3.177341 5.646106 2.265437
 H -3.443273 6.204387 3.682038
 H -2.358012 2.876364 3.839656
 H -2.077855 3.861938 5.031819
 H -2.803946 -1.965629 -0.437462
 H -2.651238 -0.526464 -0.094583
 H -2.203481 -2.044445 4.835508
 H -0.773800 -2.005616 5.560957
 H 0.469132 2.255874 6.252676
 H 0.169136 2.169004 4.695480
 H -4.152316 2.633063 1.985866
 H -3.855859 3.265849 0.579486
 H 3.702695 5.035837 -1.574879
 H 3.737067 3.493498 -1.356551
 H 3.774375 -5.419493 -3.880928
 H 2.422844 -5.831316 -3.104030
 H -1.901475 4.289664 -3.391673
 H -2.235360 4.647395 -1.945737
 H 4.755572 0.083165 6.637568
 H 3.759923 0.421359 5.523678
 H -1.968324 -0.267273 2.087006
 H -3.501100 0.041831 2.271780
 H -0.109382 -1.663762 -3.772111
 H 0.011903 -2.892293 -2.930800
 H -0.391438 -3.870666 -4.771820
 H 0.957809 -3.493769 -5.375242
 H 6.552190 -5.995909 5.183781
 H 5.961222 -4.917741 4.161265
 H 5.327825 -3.678077 -0.121821
 H 3.873869 -3.630050 -0.601319
 H 5.190069 0.042570 2.352523
 H 4.006337 -0.673695 2.924052
 H 1.665147 3.920634 -5.211215
 H 2.254755 4.704450 -4.055377
 H -0.758010 -6.605575 0.099685
 H -2.021369 -5.950210 0.715412
 H -5.198699 -0.930552 -5.844515
 H -5.429763 -2.238850 -5.069808
 H -3.811328 1.097789 -0.586802
 H -5.167097 1.363256 0.071005
 H 4.849053 2.848080 -2.990517
 H 4.264936 1.439247 -2.904502
 H 3.539184 -0.407538 -0.906550
 H 2.671252 0.308400 -1.997124
 H -5.933679 -1.421952 1.213748
 H -4.988245 -2.505281 1.678852
 H 1.664679 3.130038 1.806227
 H 1.526009 2.663025 0.349677
K_POINTS
 1
0.0 0.0 0.0 1.0