
&control
    calculation='scf'
    pseudo_dir = './',
    outdir='./outputs',
    disk_io='high'
/
&system
    ibrav= 1, celldm(1)=20.000000, nat=  192, ntyp= 2,
    ecutwfc = 30.0, nosym=.true., occupations='smearing',
    smearing='m-v', degauss=0.025
/
&electrons
    conv_thr =  1.0d-8,
    mixing_beta = 0.7
/
&ions
    pot_extrapolation='second-order'
    wfc_extrapolation='second-order'
    ion_temperature = 'andersen'
    tempw = 1000

/
ATOMIC_SPECIES
 H  1.01  H.blyp-hgh.UPF
 O  16.0  O.blyp-hgh.UPF
ATOMIC_POSITIONS bohr
 O -5.180197 -1.310161 -1.944123
 O 3.554262 -2.243932 5.609613
 O -5.732127 5.778168 -5.367477
 O 0.129886 3.960174 -1.161563
 O -4.746427 0.928488 3.946266
 O -0.327244 6.074080 5.411635
 O -0.378656 -5.393293 -3.040923
 O 2.451316 0.274511 3.966028
 O -2.661551 -5.501699 5.891560
 O 2.561101 -2.528005 2.472496
 O 2.654512 -6.432435 2.891831
 O -4.004508 -3.477076 4.567298
 O -4.509844 -5.829479 0.546424
 O -3.503570 -5.455024 -4.016019
 O 2.868385 -3.144130 -2.426058
 O -2.249464 2.499237 -0.108227
 O -1.394828 -2.398530 2.428565
 O 0.243600 -4.596954 3.893789
 O 4.897753 -4.580994 -4.940508
 O 4.971554 5.130068 2.269481
 O 5.532144 -3.321248 3.475536
 O -3.164084 -2.508697 -3.932104
 O -1.194318 2.807455 -4.867101
 O 4.165444 2.310708 2.883469
 O 2.489655 1.557201 -3.612911
 O -4.241404 2.529238 -6.354705
 O 4.696000 -5.788168 -0.976882
 O 1.905465 -0.724176 -5.192018
 O -1.893575 -0.067865 -5.142129
 O 1.268603 -0.455251 1.129463
 O 4.984193 -1.750638 -3.435796
 O 5.053033 -0.156530 -0.099813
 O 0.124517 4.699280 3.137532
 O -4.639331 0.610070 -4.186727
 O 1.067254 -3.861466 -0.324716
 O 4.397955 4.427579 -5.161918
 O 2.693078 5.657474 5.628390
 O -5.522369 4.822994 -1.865655
 O -0.208104 0.916509 -2.202813
 O -3.313167 -4.008202 -0.874997
 O -2.941167 5.528489 3.193052
 O -2.147387 2.923787 4.794542
 O -2.331894 -1.190918 -0.754581
 O -1.415920 -1.478642 5.037583
 O 0.740009 1.820011 5.426753
 O -4.527448 3.222008 1.298037
 O 3.246176 4.305954 -1.110766
 O 2.803495 -5.604551 -3.975697
 O -2.630861 4.215991 -2.735453
 O 4.637190 0.652810 5.870230
 O -2.601787 0.451999 2.203097
 O -0.491456 -2.057042 -2.969731
 O -0.002965 -3.447389 -5.573515
 O 5.941305 -5.874007 4.430855
 O 4.428077 -3.386312 0.162101
 O 4.771190 -0.831384 2.331342
 O 1.572343 4.018673 -4.245159
 O -1.383123 -5.847038 -0.031190
 O -5.213308 -1.907381 -5.979885
 O -4.753412 1.200192 -0.813835
 O 5.018222 2.002092 -2.582772
 O 2.595835 -0.371066 -1.274825
 O -4.985181 -1.705005 1.118210
 O 1.689512 2.330110 1.245799
 H -5.050736 -1.879128 -1.158622
 H -5.016185 -0.407554 -1.558831
 H 4.204191 -1.613590 5.235435
 H 2.792254 -2.216515 4.997909
 H -6.457560 5.152837 -5.101564
 H -5.124965 5.998157 -4.621932
 H 0.002779 3.008085 -1.410195
 H 1.023148 4.195723 -1.505739
 H -5.714816 0.886352 4.097744
 H -4.489773 1.620570 4.643746
 H 0.089850 6.823187 4.881991
 H 0.250329 6.008375 6.198564
 H -0.700658 -5.598454 -2.136851
 H -1.113603 -5.774647 -3.576211
 H 2.932093 1.122324 3.813299
 H 1.720543 0.588245 4.547277
 H -3.137495 -6.157669 6.433021
 H -1.764823 -5.895385 5.723822
 H 1.927779 -1.852234 2.788963
 H 2.546105 -2.336273 1.511926
 H 3.622687 -6.640559 2.863734
 H 2.270675 -6.840106 2.094068
 H -4.104945 -3.957320 5.415341
 H -4.752866 -2.845735 4.721513
 H -4.838649 -6.754538 0.563898
 H -3.995979 -5.670975 -0.280216
 H -3.029153 -4.587573 -3.983593
 H -3.256095 -6.022507 -3.260214
 H 2.425586 -2.267469 -2.385772
 H 2.281999 -3.710479 -1.884002
 H -1.526010 2.969951 -0.567671
 H -2.004931 1.771815 0.530196
 H -0.716447 -3.001205 2.004137
 H -0.975864 -1.994584 3.224918
 H 0.974764 -4.348388 3.284563
 H -0.532629 -4.013975 3.784575
 H 5.707922 -5.146397 -5.109748
 H 5.153220 -3.852272 -4.318202
 H 5.816729 5.228060 2.765823
 H 5.106385 5.020022 1.310592
 H 5.462284 -2.414190 3.078712
 H 4.660950 -3.724694 3.291315
 H -2.339236 -2.239404 -3.439205
 H -2.820641 -2.623541 -4.841665
 H -0.411423 3.064804 -4.333834
 H -1.399606 1.939899 -4.461969
 H 4.226210 3.273488 3.067622
 H 3.586018 2.190859 2.096933
 H 2.101904 0.980823 -4.317740
 H 2.273874 2.512335 -3.770111
 H -4.611157 1.916661 -5.676366
 H -3.255623 2.447284 -6.330428
 H 4.579490 -5.489103 -0.038753
 H 5.607101 -6.155963 -1.053331
 H 2.686275 -1.284960 -5.423975
 H 1.497428 -0.465096 -6.040930
 H -2.199716 -0.377130 -6.025822
 H -2.722271 -0.044088 -4.631762
 H 1.638418 0.437721 1.279350
 H 1.308226 -0.533255 0.161627
 H 4.223726 -2.187398 -2.990644
 H 5.686843 -1.865181 -2.745961
 H 5.159383 0.663945 -0.609465
 H 5.711243 -0.750826 -0.520452
 H 0.244978 5.222367 3.966504
 H -0.823276 4.602469 3.006039
 H -4.098150 0.619042 -3.369666
 H -5.530217 0.645078 -3.751050
 H 0.274716 -4.431302 -0.425100
 H 0.645803 -3.050456 0.016441
 H 3.808138 4.706000 -5.917035
 H 4.631197 3.486352 -5.242337
 H 2.783428 5.639141 4.631263
 H 3.354924 6.334936 5.904520
 H -6.179073 4.386525 -1.297364
 H -4.943297 4.146413 -2.270958
 H -1.185354 1.035074 -2.107084
 H 0.157860 0.624234 -1.337737
 H -3.238959 -3.624272 0.029302
 H -4.199899 -3.812422 -1.207917
 H -3.191924 5.642188 2.261720
 H -3.452327 6.205546 3.686833
 H -2.400818 2.883665 3.856065
 H -2.087533 3.859071 5.054321
 H -2.802444 -1.977484 -0.435944
 H -2.628788 -0.550211 -0.074340
 H -2.192346 -2.058608 4.842952
 H -0.763803 -1.975197 5.578377
 H 0.436170 2.254384 6.254978
 H 0.202889 2.147875 4.670786
 H -4.168287 2.638079 1.997907
 H -3.877335 3.225794 0.555008
 H 3.710252 5.027736 -1.592546
 H 3.768613 3.501917 -1.341495
 H 3.775996 -5.394820 -3.902208
 H 2.424563 -5.824719 -3.107139
 H -1.891952 4.285566 -3.378349
 H -2.238511 4.637310 -1.952546
 H 4.725769 0.095243 6.672480
 H 3.741574 0.446216 5.545220
 H -1.952431 -0.243586 2.084137
 H -3.472486 -0.001633 2.273734
 H -0.142051 -1.673475 -3.808051
 H 0.021790 -2.887553 -2.971194
 H -0.393127 -3.875213 -4.781834
 H 0.958777 -3.510402 -5.379802
 H 6.563404 -5.961192 5.188788
 H 5.928665 -4.924251 4.151142
 H 5.316433 -3.683507 -0.104395
 H 3.878801 -3.626024 -0.617728
 H 5.196318 0.042619 2.340980
 H 4.030766 -0.665249 2.943125
 H 1.657314 3.928055 -5.214008
 H 2.225206 4.724744 -4.059300
 H -0.736104 -6.582196 0.088815
 H -1.999335 -5.954592 0.731858
 H -5.250063 -0.931307 -5.813710
 H -5.431335 -2.290512 -5.096209
 H -3.810744 1.075626 -0.579010
 H -5.180775 1.385322 0.051697
 H 4.834164 2.857944 -3.021675
 H 4.277071 1.441140 -2.931364
 H 3.525239 -0.419588 -0.914952
 H 2.669902 0.279797 -2.016043
 H -5.925469 -1.419590 1.195417
 H -4.995676 -2.537984 1.646978
 H 1.657073 3.138350 1.810580
 H 1.532598 2.658230 0.339532
K_POINTS
 1
0.0 0.0 0.0 1.0