
&control
    calculation='scf'
    pseudo_dir = './',
    outdir='./outputs',
    disk_io='high'
/
&system
    ibrav= 1, celldm(1)=20.000000, nat=  192, ntyp= 2,
    ecutwfc = 30.0, nosym=.true., occupations='smearing',
    smearing='m-v', degauss=0.025
/
&electrons
    conv_thr =  1.0d-8,
    mixing_beta = 0.7
/
&ions
    pot_extrapolation='second-order'
    wfc_extrapolation='second-order'
    ion_temperature = 'andersen'
    tempw = 1000

/
ATOMIC_SPECIES
 H  1.01  H.blyp-hgh.UPF
 O  16.0  O.blyp-hgh.UPF
ATOMIC_POSITIONS bohr
 O -5.237988 -1.545159 -1.183630
 O 3.996930 -2.212495 5.402680
 O -5.719012 5.215431 -5.571007
 O -0.156860 3.547451 -1.584083
 O -4.728799 0.694465 3.832386
 O -0.242643 5.420873 5.176620
 O -0.133399 -5.365877 -3.402556
 O 2.266177 0.352042 3.704247
 O -2.860390 -5.302873 5.615592
 O 1.855124 -3.050268 1.599614
 O 2.499005 -6.063317 2.904655
 O -4.244454 -3.056993 4.336259
 O -4.416986 -5.973106 0.712660
 O -3.553330 -5.678754 -3.614887
 O 2.027085 -2.741348 -2.089070
 O -1.741523 2.533476 1.502469
 O -1.015738 -1.376322 1.645777
 O 0.266986 -4.234630 3.627514
 O 5.448096 -4.099486 -4.937412
 O 5.652694 4.789898 2.181542
 O 6.043365 -2.948266 3.257481
 O -3.223886 -3.042135 -3.798223
 O -0.919197 2.566553 -4.933014
 O 3.862563 2.347375 2.823748
 O 2.317416 1.276162 -3.115916
 O -4.930341 2.876412 -6.116275
 O 4.422572 -5.933078 -1.257837
 O 1.936957 -1.328466 -4.576003
 O -2.022296 0.272953 -4.828526
 O 0.834950 -0.316558 0.611322
 O 4.796094 -1.771842 -3.814772
 O 5.177145 0.051086 0.000004
 O -0.365593 4.434758 1.812525
 O -5.330995 0.722368 -3.984019
 O 0.738060 -3.789592 -0.334744
 O 4.638324 3.385129 -4.252603
 O 3.582005 5.493830 5.799113
 O -5.052039 3.580303 -1.713095
 O -0.428146 1.041767 -1.558399
 O -2.951982 -3.275753 -1.209645
 O -2.591366 5.443277 3.406090
 O -1.487102 2.788746 3.731631
 O -2.647305 -0.197638 -0.650190
 O -1.514386 -2.231731 4.937458
 O 0.783578 1.752203 4.835591
 O -4.853153 3.437285 1.460573
 O 2.759872 3.879299 -0.523973
 O 2.668566 -5.938939 -3.534601
 O -2.683378 4.605937 -2.310683
 O 5.731935 0.499577 5.253164
 O -3.178255 0.148629 1.961717
 O -0.624002 -2.458321 -2.235736
 O 0.028705 -3.186388 -5.509845
 O 5.658741 -5.980831 4.473319
 O 5.192306 -2.950829 -0.232520
 O 4.728153 -0.693308 2.390078
 O 1.024571 4.301416 -4.388420
 O -0.563150 -5.726409 0.467760
 O -5.595463 -1.323411 -5.810646
 O -4.627783 1.511939 -0.963090
 O 5.237745 1.731016 -2.859616
 O 2.674161 -0.253190 -0.914614
 O -5.312371 -1.161685 1.171337
 O 1.492404 2.761778 1.413953
 H -4.725609 -1.816098 -0.405548
 H -4.582681 -1.519444 -1.898467
 H 3.493204 -2.998630 5.666357
 H 3.315857 -1.577973 5.127134
 H -6.196581 4.834631 -4.816744
 H -5.998992 4.670695 -6.323794
 H 0.337879 3.295151 -0.787129
 H 0.415031 4.198977 -2.019952
 H -5.420490 0.015354 3.784044
 H -5.119266 1.385731 4.390841
 H 0.211856 6.278451 5.161669
 H -0.231377 5.164119 6.112731
 H -0.357572 -5.660846 -2.505856
 H -0.742748 -5.862330 -3.971428
 H 2.400531 1.193574 3.238159
 H 1.396075 0.050801 3.398240
 H -3.496831 -5.613559 6.279645
 H -2.008751 -5.319455 6.080600
 H 1.943747 -2.083276 1.625315
 H 2.768569 -3.372877 1.649598
 H 3.288102 -6.191454 2.354421
 H 1.835892 -6.649178 2.505097
 H -3.654510 -3.509210 3.712681
 H -4.242449 -2.134436 4.034985
 H -3.477051 -6.145278 0.543736
 H -4.562101 -5.084826 0.348583
 H -4.461631 -5.645382 -3.275273
 H -3.500680 -6.540157 -4.058460
 H 2.153585 -1.780143 -2.032476
 H 2.483079 -3.084839 -1.304640
 H -1.612345 3.130926 0.749412
 H -1.361466 1.691768 1.203191
 H -0.393489 -1.955509 1.178021
 H -0.920425 -1.631436 2.577510
 H 0.873091 -3.559694 3.971751
 H -0.354619 -3.732107 3.077221
 H 5.894957 -4.703235 -5.552175
 H 6.174468 -3.679793 -4.449919
 H 5.443792 5.601680 2.672062
 H 5.919411 5.106260 1.303878
 H 5.327186 -2.700766 2.651014
 H 6.579390 -3.575224 2.746900
 H -2.412632 -2.836564 -4.289699
 H -3.929396 -2.951439 -4.458090
 H -0.518351 2.973803 -4.148305
 H -0.598323 1.650556 -4.912431
 H 4.668100 2.474804 3.349950
 H 3.432094 3.216958 2.838488
 H 2.895826 1.073673 -3.868614
 H 2.184911 2.235943 -3.171294
 H -4.981421 2.515230 -5.216519
 H -3.990570 3.089805 -6.231598
 H 4.223311 -5.041575 -1.586890
 H 5.378780 -5.914242 -1.093853
 H 2.742761 -1.089536 -5.061934
 H 1.216714 -0.997848 -5.136244
 H -2.148296 -0.461621 -5.449682
 H -2.861948 0.758101 -4.864425
 H 1.341884 0.493093 0.779732
 H 1.128827 -0.596315 -0.269922
 H 4.021070 -2.197235 -3.412840
 H 5.434203 -1.710407 -3.085689
 H 5.099853 1.014828 -0.080189
 H 5.921075 -0.175878 -0.584039
 H -0.549987 4.092659 2.703280
 H -0.308534 5.395408 1.935509
 H -4.710963 1.209826 -3.418501
 H -5.990063 0.374755 -3.361341
 H 0.757244 -4.701538 -0.663482
 H 0.680117 -3.889124 0.628420
 H 3.721665 3.620712 -4.040065
 H 4.559339 2.807836 -5.028614
 H 3.196501 4.884906 5.149102
 H 2.873992 6.135768 5.966692
 H -5.856451 3.904836 -1.278168
 H -4.825677 4.281935 -2.344568
 H -0.000015 0.383624 -2.128471
 H -1.294197 1.182164 -1.972448
 H -3.147992 -3.326421 -2.160392
 H -2.808611 -4.199144 -0.950241
 H -3.187474 5.883385 2.779458
 H -2.456997 6.102895 4.106478
 H -1.578050 1.826604 3.816717
 H -2.384358 3.092401 3.522402
 H -2.388526 -1.057467 -0.282900
 H -2.794089 0.356374 0.133088
 H -2.363162 -2.096092 5.387627
 H -1.332260 -3.177103 5.061486
 H 1.637735 1.744409 5.295191
 H 0.179792 2.178239 5.465674
 H -5.357480 3.359185 2.285760
 H -3.941757 3.225019 1.719970
 H 3.362371 4.544983 -0.154790
 H 2.809716 4.024648 -1.481865
 H 3.576855 -6.043434 -3.861237
 H 2.279417 -5.277761 -4.128841
 H -2.575045 3.900268 -2.968132
 H -2.149321 4.306471 -1.557126
 H 5.944055 0.258043 6.169811
 H 4.763241 0.461179 5.217874
 H -2.947758 -0.652012 2.457977
 H -3.608452 0.717962 2.620483
 H -0.116889 -3.278393 -2.340328
 H -0.222682 -2.033372 -1.461929
 H 0.432336 -3.502940 -4.685441
 H 0.758446 -3.199172 -6.148882
 H 4.985567 -5.468540 4.948424
 H 6.489595 -5.744984 4.915553
 H 5.654231 -3.585625 0.337433
 H 4.570530 -2.507640 0.366107
 H 4.200060 -0.558736 1.587253
 H 4.374391 -0.040746 3.015082
 H 1.453172 3.705668 -5.023312
 H 1.752212 4.851062 -4.050961
 H -0.890078 -6.339920 -0.209588
 H -1.356395 -5.245932 0.753006
 H -5.371445 -2.031879 -6.435334
 H -4.734668 -1.002566 -5.497843
 H -3.856418 2.093350 -1.049222
 H -4.834517 1.536673 -0.015246
 H 5.770352 2.541734 -2.890567
 H 4.404511 2.012666 -2.450587
 H 3.456504 -0.702106 -0.555765
 H 3.041435 0.405382 -1.525817
 H -5.912078 -0.571543 1.655917
 H -4.861852 -1.662639 1.868677
 H 1.499898 3.725046 1.532038
 H 2.305026 2.578903 0.916123
K_POINTS
 1
0.0 0.0 0.0 1.0