
&control
    calculation='scf'
    pseudo_dir = './',
    outdir='./outputs',
    disk_io='high'
/
&system
    ibrav= 1, celldm(1)=20.000000, nat=  192, ntyp= 2,
    ecutwfc = 30.0, nosym=.true., occupations='smearing',
    smearing='m-v', degauss=0.025
/
&electrons
    conv_thr =  1.0d-8,
    mixing_beta = 0.7
/
&ions
    pot_extrapolation='second-order'
    wfc_extrapolation='second-order'
    ion_temperature = 'andersen'
    tempw = 1000

/
ATOMIC_SPECIES
 H  1.01  H.blyp-hgh.UPF
 O  16.0  O.blyp-hgh.UPF
ATOMIC_POSITIONS bohr
 O -5.247525 -1.549058 -1.233234
 O 3.988466 -2.205819 5.400413
 O -5.717736 5.246265 -5.559197
 O -0.156694 3.573353 -1.578442
 O -4.717018 0.706656 3.833655
 O -0.238481 5.427315 5.184820
 O -0.129098 -5.366009 -3.405233
 O 2.290014 0.323839 3.688991
 O -2.858092 -5.299621 5.619685
 O 1.877290 -3.025151 1.635646
 O 2.504497 -6.068967 2.904194
 O -4.223917 -3.053706 4.349873
 O -4.422121 -5.962303 0.715466
 O -3.557797 -5.676845 -3.629091
 O 2.063980 -2.741266 -2.117582
 O -1.772997 2.512684 1.448686
 O -1.041533 -1.409166 1.669130
 O 0.254960 -4.240857 3.644097
 O 5.446841 -4.121061 -4.942908
 O 5.617977 4.804680 2.181945
 O 6.025224 -2.957688 3.248227
 O -3.228092 -3.027748 -3.814876
 O -0.913421 2.579282 -4.934283
 O 3.868725 2.349856 2.830774
 O 2.320310 1.285144 -3.119037
 O -4.919008 2.857831 -6.125384
 O 4.428299 -5.939694 -1.254945
 O 1.943011 -1.321295 -4.584595
 O -2.024778 0.259157 -4.831503
 O 0.836032 -0.322491 0.637907
 O 4.792127 -1.764516 -3.802709
 O 5.176184 0.062060 -0.020634
 O -0.337192 4.466254 1.823338
 O -5.294600 0.719147 -4.002054
 O 0.733354 -3.793490 -0.345228
 O 4.623130 3.433153 -4.287640
 O 3.571090 5.489450 5.812346
 O -5.074065 3.619258 -1.746053
 O -0.413170 1.042556 -1.571451
 O -2.972042 -3.290842 -1.182160
 O -2.595906 5.448012 3.393963
 O -1.489958 2.792978 3.797954
 O -2.643684 -0.206385 -0.664428
 O -1.513320 -2.221719 4.926254
 O 0.764424 1.770958 4.861588
 O -4.835181 3.419888 1.457546
 O 2.771961 3.884148 -0.534180
 O 2.674425 -5.951975 -3.542191
 O -2.676085 4.604988 -2.313556
 O 5.693977 0.524747 5.257026
 O -3.154466 0.160971 1.964060
 O -0.638375 -2.444049 -2.261545
 O 0.025113 -3.203403 -5.507263
 O 5.668409 -5.976804 4.458516
 O 5.169529 -2.971097 -0.236446
 O 4.719806 -0.698947 2.405290
 O 1.040807 4.300082 -4.378843
 O -0.581223 -5.740877 0.467171
 O -5.573718 -1.343091 -5.799215
 O -4.630683 1.479095 -0.950864
 O 5.229110 1.695444 -2.811026
 O 2.692971 -0.258473 -0.935226
 O -5.305801 -1.177803 1.191856
 O 1.506497 2.736333 1.422572
 H -4.757908 -1.726218 -0.404459
 H -4.528751 -1.449111 -1.884109
 H 3.517018 -2.997663 5.709283
 H 3.310750 -1.588750 5.064362
 H -6.240296 4.825452 -4.845529
 H -5.967045 4.661035 -6.300612
 H 0.328610 3.243401 -0.791294
 H 0.412933 4.223612 -2.024941
 H -5.451521 0.059042 3.813221
 H -5.122845 1.346697 4.458067
 H 0.205091 6.293587 5.121285
 H -0.200525 5.118475 6.110038
 H -0.385399 -5.647918 -2.509426
 H -0.773290 -5.854007 -3.948843
 H 2.420616 1.194547 3.247191
 H 1.383979 0.074287 3.430139
 H -3.504897 -5.601767 6.288117
 H -1.998694 -5.327399 6.079172
 H 1.907383 -2.041669 1.584549
 H 2.766388 -3.412239 1.686197
 H 3.296626 -6.212306 2.354547
 H 1.800496 -6.621802 2.510846
 H -3.595411 -3.516714 3.769534
 H -4.287065 -2.145190 4.002535
 H -3.499230 -6.203871 0.514186
 H -4.518955 -5.067119 0.331023
 H -4.468787 -5.630807 -3.288973
 H -3.530241 -6.574026 -4.009207
 H 2.161097 -1.767429 -2.044383
 H 2.409065 -3.083292 -1.270930
 H -1.534897 3.143843 0.747810
 H -1.398061 1.649610 1.190255
 H -0.365689 -1.896225 1.165674
 H -0.924518 -1.625562 2.612468
 H 0.914266 -3.559430 3.878764
 H -0.342643 -3.724433 3.071941
 H 5.919984 -4.754023 -5.513667
 H 6.115904 -3.599044 -4.464049
 H 5.516607 5.595597 2.764964
 H 6.013032 5.079448 1.332636
 H 5.314861 -2.606586 2.678346
 H 6.570493 -3.605563 2.776546
 H -2.365772 -2.829918 -4.222870
 H -3.945987 -2.959420 -4.464095
 H -0.486522 2.978983 -4.152372
 H -0.724179 1.616055 -4.880140
 H 4.696459 2.485543 3.325974
 H 3.430665 3.219180 2.805980
 H 2.903995 1.029720 -3.855117
 H 2.104414 2.233786 -3.171170
 H -5.020408 2.444822 -5.241745
 H -3.984766 3.109356 -6.236767
 H 4.208434 -5.041142 -1.571794
 H 5.387192 -5.893507 -1.092386
 H 2.775730 -1.128969 -5.057147
 H 1.190589 -1.012831 -5.119419
 H -2.120161 -0.483191 -5.451547
 H -2.857625 0.760227 -4.870698
 H 1.312419 0.521310 0.751138
 H 1.168684 -0.520282 -0.261535
 H 4.012471 -2.200688 -3.392564
 H 5.419657 -1.710063 -3.053160
 H 5.104007 1.028339 -0.102270
 H 5.964360 -0.262890 -0.568304
 H -0.602040 4.008518 2.669139
 H -0.373319 5.433191 1.933818
 H -4.729004 1.149132 -3.321337
 H -6.013131 0.445217 -3.382033
 H 0.716424 -4.710564 -0.660210
 H 0.752471 -3.914110 0.622067
 H 3.706843 3.684534 -4.089075
 H 4.595970 2.799423 -5.026227
 H 3.190827 4.931427 5.105679
 H 2.835615 6.113736 5.951027
 H -5.852278 3.887406 -1.226408
 H -4.782329 4.373373 -2.292882
 H -0.017476 0.360325 -2.142276
 H -1.321464 1.088900 -1.925234
 H -3.093403 -3.286232 -2.173858
 H -2.763723 -4.220400 -0.985647
 H -3.241032 5.860606 2.791073
 H -2.492323 6.060395 4.161070
 H -1.546790 1.821299 3.757860
 H -2.355465 3.129289 3.507751
 H -2.345450 -1.057558 -0.295103
 H -2.831832 0.274479 0.170799
 H -2.394671 -2.139292 5.338911
 H -1.321435 -3.165254 5.095804
 H 1.637656 1.685126 5.277683
 H 0.140092 2.248023 5.444817
 H -5.365383 3.413437 2.275203
 H -3.910203 3.179014 1.671635
 H 3.372489 4.577030 -0.191941
 H 2.829530 4.067248 -1.489289
 H 3.602383 -5.996548 -3.847227
 H 2.244480 -5.254753 -4.071728
 H -2.525149 3.878964 -2.953173
 H -2.100146 4.253765 -1.596338
 H 5.981622 0.149719 6.129293
 H 4.727459 0.432487 5.226674
 H -2.887297 -0.654194 2.416842
 H -3.671171 0.675752 2.629404
 H -0.071732 -3.234707 -2.315210
 H -0.236643 -2.068076 -1.458908
 H 0.417877 -3.461709 -4.650070
 H 0.767904 -3.160094 -6.132440
 H 4.962737 -5.510543 4.938109
 H 6.507487 -5.737755 4.884048
 H 5.674437 -3.554656 0.355976
 H 4.603815 -2.482791 0.387647
 H 4.275566 -0.471904 1.562076
 H 4.285486 -0.090386 3.034418
 H 1.410363 3.714384 -5.065551
 H 1.723461 4.980553 -4.084808
 H -0.895831 -6.413180 -0.164806
 H -1.344915 -5.201860 0.736787
 H -5.427561 -2.031971 -6.474840
 H -4.745318 -0.964287 -5.456401
 H -3.887220 2.101416 -1.018417
 H -4.804253 1.522341 0.008186
 H 5.802923 2.485306 -2.846150
 H 4.387931 1.997962 -2.432923
 H 3.535982 -0.612074 -0.569111
 H 2.994307 0.401447 -1.593781
 H -5.978748 -0.614711 1.631970
 H -4.856292 -1.638053 1.915917
 H 1.339058 3.704156 1.504483
 H 2.307126 2.604036 0.887757
K_POINTS
 1
0.0 0.0 0.0 1.0