
&control
    calculation='scf'
    pseudo_dir = './',
    outdir='./outputs',
    disk_io='high'
/
&system
    ibrav= 1, celldm(1)=20.000000, nat=  192, ntyp= 2,
    ecutwfc = 30.0, nosym=.true., occupations='smearing',
    smearing='m-v', degauss=0.025
/
&electrons
    conv_thr =  1.0d-8,
    mixing_beta = 0.7
/
&ions
    pot_extrapolation='second-order'
    wfc_extrapolation='second-order'
    ion_temperature = 'andersen'
    tempw = 1000

/
ATOMIC_SPECIES
 H  1.01  H.blyp-hgh.UPF
 O  16.0  O.blyp-hgh.UPF
ATOMIC_POSITIONS bohr
 O -5.181505 -1.309402 -1.942483
 O 3.552493 -2.248168 5.611435
 O -5.728285 5.782134 -5.367702
 O 0.135313 3.957421 -1.157244
 O -4.745610 0.927320 3.940833
 O -0.327801 6.081513 5.419222
 O -0.384638 -5.392432 -3.034701
 O 2.448772 0.283546 3.976159
 O -2.659533 -5.504426 5.892728
 O 2.566216 -2.524612 2.477738
 O 2.653768 -6.435283 2.893026
 O -4.001758 -3.481530 4.567884
 O -4.511562 -5.835826 0.542582
 O -3.499629 -5.451114 -4.013573
 O 2.868995 -3.148007 -2.421709
 O -2.245456 2.496248 -0.120455
 O -1.398565 -2.406668 2.433238
 O 0.243452 -4.599396 3.891190
 O 4.888991 -4.583392 -4.936210
 O 4.968470 5.132902 2.271279
 O 5.526650 -3.323441 3.479119
 O -3.159150 -2.507330 -3.931546
 O -1.198043 2.811230 -4.863834
 O 4.166269 2.307553 2.879658
 O 2.493460 1.557979 -3.617678
 O -4.233532 2.531784 -6.349373
 O 4.700292 -5.783612 -0.971791
 O 1.900357 -0.714242 -5.199045
 O -1.889788 -0.067267 -5.144947
 O 1.271813 -0.461149 1.130733
 O 4.992545 -1.752140 -3.438269
 O 5.046709 -0.159464 -0.100392
 O 0.129201 4.698179 3.151744
 O -4.642019 0.606617 -4.187612
 O 1.069771 -3.861411 -0.321861
 O 4.396725 4.428787 -5.168468
 O 2.685173 5.664289 5.626578
 O -5.527278 4.831363 -1.862459
 O -0.209511 0.915878 -2.206133
 O -3.320340 -4.010179 -0.875225
 O -2.942734 5.530048 3.190497
 O -2.149467 2.924063 4.798162
 O -2.328799 -1.199273 -0.754592
 O -1.416948 -1.474572 5.043890
 O 0.740663 1.819899 5.431452
 O -4.529471 3.224920 1.299253
 O 3.245297 4.304423 -1.117509
 O 2.803303 -5.603485 -3.979032
 O -2.637549 4.216044 -2.743424
 O 4.631873 0.652109 5.876910
 O -2.599573 0.456698 2.204558
 O -0.483835 -2.054293 -2.975801
 O -0.003365 -3.446840 -5.576421
 O 5.946477 -5.874287 4.432063
 O 4.418573 -3.389875 0.164271
 O 4.777637 -0.833341 2.335519
 O 1.579453 4.009822 -4.245049
 O -1.388879 -5.849819 -0.038350
 O -5.209297 -1.905292 -5.982468
 O -4.750481 1.199275 -0.816561
 O 5.014364 2.014248 -2.591317
 O 2.589952 -0.371350 -1.270773
 O -4.982213 -1.712605 1.114921
 O 1.692233 2.333674 1.245596
 H -5.022894 -1.875965 -1.157606
 H -5.012465 -0.410383 -1.555774
 H 4.202631 -1.618926 5.232179
 H 2.782618 -2.215912 5.011949
 H -6.448162 5.144693 -5.114833
 H -5.143818 6.016800 -4.609167
 H 0.011004 3.003367 -1.415888
 H 1.032233 4.202767 -1.490611
 H -5.715095 0.872566 4.083282
 H -4.516918 1.628018 4.643815
 H 0.089658 6.824793 4.880151
 H 0.262272 6.005786 6.194634
 H -0.703856 -5.596277 -2.129397
 H -1.108281 -5.795355 -3.568590
 H 2.920053 1.139710 3.820221
 H 1.714201 0.593270 4.555204
 H -3.141616 -6.161964 6.429776
 H -1.764342 -5.899533 5.724985
 H 1.934413 -1.850565 2.802509
 H 2.541531 -2.346713 1.513139
 H 3.624069 -6.644858 2.853467
 H 2.276051 -6.836866 2.088989
 H -4.108033 -3.973168 5.412454
 H -4.755681 -2.858439 4.730057
 H -4.831091 -6.763837 0.584334
 H -4.006837 -5.671271 -0.291006
 H -3.040407 -4.574127 -3.982695
 H -3.237377 -6.017225 -3.261872
 H 2.439379 -2.265334 -2.401967
 H 2.271782 -3.713908 -1.885537
 H -1.541630 2.981809 -0.594491
 H -1.996344 1.790861 0.538576
 H -0.721625 -3.014967 2.011729
 H -0.959909 -1.984963 3.205765
 H 0.989707 -4.342673 3.303186
 H -0.524752 -4.007221 3.778958
 H 5.697689 -5.142067 -5.132384
 H 5.175280 -3.852814 -4.326594
 H 5.807162 5.199409 2.767474
 H 5.096726 5.018464 1.313099
 H 5.462442 -2.426191 3.059034
 H 4.653534 -3.725690 3.300344
 H -2.338209 -2.251971 -3.424253
 H -2.817227 -2.619709 -4.841540
 H -0.406116 3.055506 -4.339390
 H -1.394344 1.933691 -4.464683
 H 4.230773 3.266408 3.076611
 H 3.593520 2.205700 2.083510
 H 2.120398 0.981471 -4.332006
 H 2.283822 2.515135 -3.773607
 H -4.596074 1.927704 -5.660287
 H -3.246107 2.447312 -6.350527
 H 4.595323 -5.502806 -0.027023
 H 5.612542 -6.145309 -1.071685
 H 2.679877 -1.283936 -5.420981
 H 1.486554 -0.466416 -6.047791
 H -2.187085 -0.385621 -6.030406
 H -2.718911 -0.035404 -4.637241
 H 1.633915 0.436834 1.267492
 H 1.306542 -0.541506 0.165009
 H 4.223964 -2.173278 -2.987057
 H 5.685383 -1.851282 -2.733785
 H 5.144121 0.660008 -0.615477
 H 5.714236 -0.755432 -0.521579
 H 0.233981 5.220558 3.988833
 H -0.818695 4.598451 3.007311
 H -4.084561 0.629945 -3.380048
 H -5.521041 0.643359 -3.726450
 H 0.275147 -4.424420 -0.444153
 H 0.637637 -3.052238 0.007882
 H 3.808202 4.711792 -5.921031
 H 4.624845 3.487858 -5.260082
 H 2.783096 5.616414 4.631058
 H 3.344170 6.351441 5.885320
 H -6.181881 4.378538 -1.302280
 H -4.929834 4.162043 -2.262049
 H -1.180955 1.068228 -2.098298
 H 0.169084 0.616551 -1.352636
 H -3.214804 -3.611352 0.023140
 H -4.219298 -3.819470 -1.190728
 H -3.202327 5.640051 2.259418
 H -3.457000 6.206371 3.689978
 H -2.427003 2.888890 3.866423
 H -2.093487 3.857915 5.066469
 H -2.801369 -1.985457 -0.436450
 H -2.614399 -0.564576 -0.061949
 H -2.185219 -2.068061 4.848459
 H -0.759412 -1.958160 5.589622
 H 0.414130 2.252630 6.254379
 H 0.222344 2.135941 4.658451
 H -4.178030 2.641475 2.004905
 H -3.889710 3.200656 0.542113
 H 3.714652 5.023677 -1.601713
 H 3.786457 3.507221 -1.332287
 H 3.775872 -5.379369 -3.915908
 H 2.426244 -5.819637 -3.108843
 H -1.887526 4.281474 -3.371203
 H -2.240383 4.631451 -1.955396
 H 4.707808 0.102914 6.693070
 H 3.729766 0.461200 5.557492
 H -1.940998 -0.232318 2.082612
 H -3.454470 -0.027208 2.276055
 H -0.162631 -1.677994 -3.828856
 H 0.026936 -2.885463 -2.994075
 H -0.394353 -3.877645 -4.788771
 H 0.958759 -3.520308 -5.383130
 H 6.568957 -5.940274 5.191525
 H 5.910495 -4.929044 4.145983
 H 5.309480 -3.686397 -0.093801
 H 3.882324 -3.622270 -0.627666
 H 5.200908 0.043369 2.333417
 H 4.043939 -0.661654 2.954685
 H 1.652751 3.933104 -5.216016
 H 2.208049 4.738649 -4.061930
 H -0.723834 -6.567634 0.082587
 H -1.985226 -5.956473 0.740633
 H -5.280275 -0.934256 -5.795521
 H -5.431888 -2.320538 -5.113707
 H -3.810707 1.063712 -0.574647
 H -5.188484 1.399134 0.039619
 H 4.825882 2.863304 -3.040599
 H 4.284003 1.443313 -2.948030
 H 3.515679 -0.427276 -0.919064
 H 2.667697 0.262024 -2.027258
 H -5.920040 -1.417976 1.184901
 H -4.999691 -2.556604 1.627924
 H 1.651159 3.142364 1.812949
 H 1.536588 2.655904 0.333638
K_POINTS
 1
0.0 0.0 0.0 1.0