
&control
    calculation='scf'
    pseudo_dir = './',
    outdir='./outputs',
    disk_io='high'
/
&system
    ibrav= 1, celldm(1)=20.000000, nat=  192, ntyp= 2,
    ecutwfc = 30.0, nosym=.true., occupations='smearing',
    smearing='m-v', degauss=0.025
/
&electrons
    conv_thr =  1.0d-8,
    mixing_beta = 0.7
/
&ions
    pot_extrapolation='second-order'
    wfc_extrapolation='second-order'
    ion_temperature = 'andersen'
    tempw = 1000

/
ATOMIC_SPECIES
 H  1.01  H.blyp-hgh.UPF
 O  16.0  O.blyp-hgh.UPF
ATOMIC_POSITIONS bohr
 O -5.181966 -1.309170 -1.941891
 O 3.551889 -2.249572 5.612060
 O -5.726967 5.783489 -5.367768
 O 0.137126 3.956472 -1.155804
 O -4.745374 0.926965 3.939034
 O -0.327930 6.083911 5.421823
 O -0.386667 -5.392174 -3.032626
 O 2.447935 0.286571 3.979556
 O -2.658921 -5.505338 5.893113
 O 2.567874 -2.523509 2.479502
 O 2.653510 -6.436212 2.893448
 O -4.000889 -3.482982 4.568110
 O -4.512145 -5.837966 0.541331
 O -3.498321 -5.449835 -4.012733
 O 2.869184 -3.149292 -2.420262
 O -2.244170 2.495215 -0.124529
 O -1.399758 -2.409448 2.434738
 O 0.243438 -4.600145 3.890256
 O 4.886131 -4.584172 -4.934740
 O 4.967443 5.133816 2.271867
 O 5.524817 -3.324167 3.480288
 O -3.157460 -2.506911 -3.931352
 O -1.199234 2.812495 -4.862695
 O 4.166527 2.306470 2.878393
 O 2.494761 1.558207 -3.619246
 O -4.230954 2.532611 -6.347559
 O 4.701753 -5.782123 -0.970082
 O 1.898638 -0.710913 -5.201361
 O -1.888539 -0.067039 -5.145865
 O 1.272840 -0.463121 1.131174
 O 4.995340 -1.752668 -3.439059
 O 5.044620 -0.160441 -0.100624
 O 0.130832 4.697778 3.156437
 O -4.642970 0.605487 -4.187837
 O 1.070569 -3.861407 -0.320906
 O 4.396348 4.429159 -5.170598
 O 2.682590 5.666563 5.625955
 O -5.528918 4.834172 -1.861392
 O -0.210004 0.915739 -2.207233
 O -3.322696 -4.010820 -0.875287
 O -2.943248 5.530570 3.189643
 O -2.150085 2.924137 4.799354
 O -2.327774 -1.202007 -0.754556
 O -1.417292 -1.473214 5.045946
 O 0.740918 1.819857 5.433009
 O -4.530167 3.225907 1.299630
 O 3.245014 4.303873 -1.119786
 O 2.803192 -5.603194 -3.980130
 O -2.639762 4.216101 -2.746065
 O 4.630135 0.651860 5.879182
 O -2.598873 0.458311 2.204993
 O -0.481258 -2.053385 -2.977864
 O -0.003461 -3.446662 -5.577370
 O 5.948205 -5.874395 4.432452
 O 4.415405 -3.391063 0.164996
 O 4.779810 -0.833972 2.336967
 O 1.581802 4.006855 -4.245022
 O -1.390766 -5.850789 -0.040726
 O -5.207993 -1.904550 -5.983285
 O -4.749504 1.198939 -0.817477
 O 5.013074 2.018302 -2.594159
 O 2.587994 -0.371424 -1.269478
 O -4.981244 -1.715182 1.113827
 O 1.693160 2.334898 1.245536
 H -5.013487 -1.874827 -1.157296
 H -5.011215 -0.411264 -1.554772
 H 4.202084 -1.620885 5.231076
 H 2.779611 -2.215712 5.016543
 H -6.445007 5.142113 -5.119271
 H -5.150215 6.022875 -4.605056
 H 0.014046 3.002009 -1.418002
 H 1.035174 4.204995 -1.485525
 H -5.715086 0.867906 4.078410
 H -4.525940 1.630265 4.643732
 H 0.089491 6.825441 4.879533
 H 0.266246 6.004875 6.193269
 H -0.704906 -5.595400 -2.126914
 H -1.106319 -5.802124 -3.566108
 H 2.916154 1.145483 3.822354
 H 1.711992 0.595002 4.557855
 H -3.142961 -6.163260 6.428720
 H -1.764093 -5.900898 5.725340
 H 1.936740 -1.849930 2.806900
 H 2.540179 -2.350214 1.513723
 H 3.624515 -6.646216 2.849717
 H 2.277769 -6.835776 2.087477
 H -4.108605 -3.978640 5.411277
 H -4.756393 -2.862664 4.732689
 H -4.828363 -6.766805 0.590978
 H -4.010607 -5.671522 -0.294456
 H -3.044409 -4.569685 -3.982196
 H -3.231134 -6.015310 -3.262395
 H 2.443919 -2.264596 -2.407140
 H 2.268286 -3.714929 -1.886036
 H -1.546771 2.985467 -0.603004
 H -1.993192 1.797697 0.541183
 H -0.723764 -3.018987 2.014550
 H -0.954617 -1.981695 3.199479
 H 0.994581 -4.340751 3.309477
 H -0.522059 -4.004951 3.777016
 H 5.694074 -5.140555 -5.139868
 H 5.182517 -3.853122 -4.329758
 H 5.804088 5.190061 2.768022
 H 5.093683 5.017885 1.314084
 H 5.462360 -2.430321 3.052580
 H 4.651016 -3.725796 3.303295
 H -2.337989 -2.256247 -3.419347
 H -2.816201 -2.618272 -4.841480
 H -0.404299 3.052576 -4.341275
 H -1.392710 1.931475 -4.465958
 H 4.232334 3.263972 3.079397
 H 3.596080 2.210856 2.079134
 H 2.126664 0.981700 -4.336636
 H 2.286943 2.515943 -3.774904
 H -4.590802 1.931515 -5.654932
 H -3.243193 2.447309 -6.357318
 H 4.600648 -5.507435 -0.023409
 H 5.614225 -6.141518 -1.077793
 H 2.677654 -1.283606 -5.420224
 H 1.482981 -0.466919 -6.049988
 H -2.182590 -0.388396 -6.031941
 H -2.717836 -0.032682 -4.639112
 H 1.632367 0.436577 1.263697
 H 1.306200 -0.544316 0.165882
 H 4.224065 -2.168641 -2.986072
 H 5.684971 -1.846326 -2.730020
 H 5.139131 0.658876 -0.617622
 H 5.715026 -0.756875 -0.522037
 H 0.230041 5.219764 3.996168
 H -0.817464 4.597241 3.007893
 H -4.079966 0.633576 -3.383692
 H -5.517855 0.642780 -3.718574
 H 0.275359 -4.422236 -0.450457
 H 0.635081 -3.052634 0.004973
 H 3.808170 4.713614 -5.922438
 H 4.622611 3.488299 -5.266290
 H 2.782726 5.608875 4.631174
 H 3.340335 6.357013 5.878903
 H -6.182645 4.375552 -1.304032
 H -4.925441 4.167258 -2.258954
 H -1.179076 1.078971 -2.095156
 H 0.172542 0.613870 -1.357769
 H -3.207004 -3.607340 0.020845
 H -4.225799 -3.821676 -1.184986
 H -3.206061 5.639375 2.258676
 H -3.458380 6.206602 3.691012
 H -2.435813 2.890780 3.869959
 H -2.095499 3.857609 5.070281
 H -2.800978 -1.988245 -0.436867
 H -2.609434 -0.569387 -0.057809
 H -2.182733 -2.071341 4.850472
 H -0.758219 -1.952698 5.593491
 H 0.406412 2.251888 6.253790
 H 0.228668 2.132117 4.654761
 H -4.181305 2.642673 2.007166
 H -3.893793 3.192110 0.538200
 H 3.716055 5.022447 -1.604504
 H 3.792191 3.509019 -1.329187
 H 3.775619 -5.374128 -3.920616
 H 2.426932 -5.817746 -3.109383
 H -1.886247 4.279822 -3.369036
 H -2.241070 4.629503 -1.956179
 H 4.701799 0.105622 6.699750
 H 3.725710 0.466201 5.561473
 H -1.936843 -0.229000 2.082138
 H -3.448355 -0.035596 2.277017
 H -0.169652 -1.679262 -3.835656
 H 0.028536 -2.884911 -3.001460
 H -0.394824 -3.878431 -4.791212
 H 0.958628 -3.523594 -5.384348
 H 6.570610 -5.933298 5.192386
 H 5.904687 -4.930749 4.144400
 H 5.307148 -3.687299 -0.090240
 H 3.883586 -3.620801 -0.630976
 H 5.202566 0.043704 2.330784
 H 4.048086 -0.660705 2.958554
 H 1.651260 3.934873 -5.216744
 H 2.202446 4.743577 -4.062844
 H -0.719890 -6.562710 0.080561
 H -1.980385 -5.956975 0.743365
 H -5.290229 -0.935678 -5.789507
 H -5.432000 -2.330338 -5.119826
 H -3.810764 1.059973 -0.573228
 H -5.190957 1.403822 0.035532
 H 4.823231 2.865012 -3.046945
 H 4.286249 1.444220 -2.953656
 H 3.512404 -0.429917 -0.920226
 H 2.666729 0.256010 -2.030954
 H -5.918142 -1.417425 1.181495
 H -5.000973 -2.562604 1.621577
 H 1.648963 3.143500 1.813645
 H 1.537932 2.655215 0.331794
K_POINTS
 1
0.0 0.0 0.0 1.0