
&control
    calculation='scf'
    pseudo_dir = './',
    outdir='./outputs',
    disk_io='high'
/
&system
    ibrav= 1, celldm(1)=20.000000, nat=  192, ntyp= 2,
    ecutwfc = 30.0, nosym=.true., occupations='smearing',
    smearing='m-v', degauss=0.025
/
&electrons
    conv_thr =  1.0d-8,
    mixing_beta = 0.7
/
&ions
    pot_extrapolation='second-order'
    wfc_extrapolation='second-order'
    ion_temperature = 'andersen'
    tempw = 1000

/
ATOMIC_SPECIES
 H  1.01  H.blyp-hgh.UPF
 O  16.0  O.blyp-hgh.UPF
ATOMIC_POSITIONS bohr
 O -5.186055 -1.307837 -1.936120
 O 3.546892 -2.260678 5.617473
 O -5.715830 5.794927 -5.368159
 O 0.151760 3.948181 -1.144367
 O -4.744227 0.924981 3.925045
 O -0.327928 6.101652 5.443757
 O -0.403403 -5.390596 -3.015971
 O 2.441467 0.311210 4.007074
 O -2.655232 -5.512745 5.896138
 O 2.580283 -2.515260 2.493917
 O 2.651466 -6.443369 2.897129
 O -3.994826 -3.494168 4.570654
 O -4.516996 -5.855411 0.531908
 O -3.488006 -5.439970 -4.005607
 O 2.870495 -3.159589 -2.408722
 O -2.235002 2.486360 -0.157114
 O -1.408410 -2.432846 2.445817
 O 0.244051 -4.604999 3.881551
 O 4.864541 -4.589912 -4.922305
 O 4.958819 5.140602 2.276233
 O 5.510093 -3.329896 3.489144
 O -3.143295 -2.504272 -3.929572
 O -1.207895 2.822370 -4.852601
 O 4.168243 2.297228 2.868255
 O 2.505782 1.559351 -3.631470
 O -4.211182 2.538916 -6.332501
 O 4.713971 -5.770820 -0.956301
 O 1.884752 -0.684071 -5.219320
 O -1.878682 -0.064678 -5.152857
 O 1.280291 -0.478910 1.135024
 O 5.017736 -1.757408 -3.444583
 O 5.028577 -0.168367 -0.103415
 O 0.144792 4.694049 3.193352
 O -4.651440 0.596862 -4.188218
 O 1.076106 -3.861663 -0.313247
 O 4.393958 4.431557 -5.186754
 O 2.662851 5.684725 5.620622
 O -5.542032 4.856707 -1.852858
 O -0.214401 0.916038 -2.216233
 O -3.341186 -4.015505 -0.875606
 O -2.947379 5.534947 3.182747
 O -2.153659 2.924489 4.808586
 O -2.319744 -1.223002 -0.753453
 O -1.420141 -1.462411 5.061552
 O 0.743616 1.819433 5.445418
 O -4.535978 3.234061 1.301966
 O 3.243105 4.298860 -1.138590
 O 2.801418 -5.602008 -3.988750
 O -2.656998 4.217396 -2.766534
 O 4.616704 0.649402 5.898422
 O -2.593758 0.471500 2.207467
 O -0.460031 -2.046282 -2.995138
 O -0.003470 -3.445280 -5.584686
 O 5.962082 -5.875618 4.435374
 O 4.390038 -3.400537 0.170775
 O 4.797629 -0.838473 2.349554
 O 1.600287 3.983091 -4.245017
 O -1.405266 -5.859268 -0.059497
 O -5.198192 -1.897942 -5.989049
 O -4.741695 1.195724 -0.825002
 O 5.002680 2.050669 -2.616828
 O 2.572051 -0.371662 -1.260346
 O -4.973758 -1.736610 1.105055
 O 1.700922 2.345390 1.245038
 H -4.936705 -1.863886 -1.156862
 H -5.001153 -0.416033 -1.547377
 H 4.196748 -1.639876 5.222183
 H 2.758695 -2.214021 5.051058
 H -6.419445 5.124471 -5.154794
 H -5.202777 6.068651 -4.574495
 H 0.044227 2.996553 -1.438083
 H 1.056392 4.220040 -1.444109
 H -5.713405 0.828971 4.038182
 H -4.596495 1.643025 4.640615
 H 0.086072 6.832644 4.874987
 H 0.298256 5.996914 6.181962
 H -0.713339 -5.585734 -2.107110
 H -1.087620 -5.853769 -3.547511
 H 2.886506 1.189309 3.836296
 H 1.693087 0.609497 4.579151
 H -3.152810 -6.170815 6.420525
 H -1.760593 -5.911450 5.727912
 H 1.957720 -1.843402 2.838885
 H 2.532137 -2.378180 1.522536
 H 3.626792 -6.655027 2.815076
 H 2.289273 -6.826775 2.078555
 H -4.104279 -4.025191 5.396713
 H -4.758353 -2.895283 4.749571
 H -4.802691 -6.788174 0.640005
 H -4.043605 -5.677458 -0.318393
 H -3.080636 -4.535349 -3.974446
 H -3.181339 -5.997154 -3.265988
 H 2.478028 -2.258965 -2.443773
 H 2.239500 -3.718881 -1.890447
 H -1.585734 3.009571 -0.662797
 H -1.962023 1.860542 0.558536
 H -0.747432 -3.042114 2.040952
 H -0.913206 -1.954272 3.151235
 H 1.031518 -4.325196 3.361129
 H -0.499669 -3.986208 3.760604
 H 5.661286 -5.128280 -5.198517
 H 5.236953 -3.857938 -4.361468
 H 5.784975 5.119087 2.773854
 H 5.072933 5.011885 1.323682
 H 5.459469 -2.465474 3.003271
 H 4.629948 -3.722638 3.325856
 H -2.338153 -2.291742 -3.382517
 H -2.809248 -2.603683 -4.840615
 H -0.388483 3.032642 -4.356661
 H -1.381675 1.913277 -4.483893
 H 4.245626 3.243802 3.098193
 H 3.617826 2.255284 2.046797
 H 2.178261 0.984320 -4.371175
 H 2.308459 2.520040 -3.787861
 H -4.544408 1.963546 -5.612000
 H -3.224881 2.446852 -6.412977
 H 4.644087 -5.545177 0.000393
 H 5.625313 -6.107260 -1.125989
 H 2.657312 -1.280397 -5.418711
 H 1.455419 -0.471936 -6.066419
 H -2.141922 -0.409290 -6.043676
 H -2.710467 -0.014293 -4.655140
 H 1.619238 0.435147 1.236753
 H 1.307131 -0.568344 0.167847
 H 4.226603 -2.132712 -2.982834
 H 5.683076 -1.801286 -2.705795
 H 5.101018 0.651845 -0.636629
 H 5.715435 -0.764610 -0.525979
 H 0.193772 5.209145 4.051309
 H -0.810628 4.589881 3.015565
 H -4.042273 0.662466 -3.416837
 H -5.490560 0.638052 -3.661984
 H 0.278779 -4.406941 -0.499996
 H 0.617877 -3.051733 -0.019085
 H 3.806639 4.727002 -5.934837
 H 4.602923 3.490532 -5.320833
 H 2.774931 5.549944 4.635228
 H 3.305373 6.402437 5.827470
 H -6.185113 4.346869 -1.320451
 H -4.893175 4.210588 -2.231625
 H -1.157040 1.158893 -2.065745
 H 0.195474 0.589927 -1.399744
 H -3.150100 -3.581566 -0.002895
 H -4.275424 -3.837043 -1.137261
 H -3.240305 5.634605 2.254307
 H -3.465278 6.206477 3.697968
 H -2.507629 2.908586 3.900001
 H -2.112142 3.856135 5.096401
 H -2.797184 -2.012348 -0.444963
 H -2.566433 -0.608390 -0.025099
 H -2.160175 -2.099062 4.869748
 H -0.753580 -1.913026 5.626241
 H 0.338221 2.242927 6.241271
 H 0.275789 2.104868 4.632723
 H -4.208082 2.653318 2.023419
 H -3.926593 3.121411 0.515649
 H 3.725318 5.014634 -1.621603
 H 3.833532 3.523610 -1.303909
 H 3.769412 -5.331016 -3.960445
 H 2.434996 -5.798910 -3.112823
 H -1.879128 4.261115 -3.356998
 H -2.249198 4.613330 -1.960739
 H 4.653337 0.131294 6.747610
 H 3.692266 0.506355 5.591570
 H -1.898559 -0.207331 2.079279
 H -3.397970 -0.098893 2.288010
 H -0.228659 -1.685043 -3.887032
 H 0.039536 -2.883078 -3.056037
 H -0.400479 -3.884956 -4.812183
 H 0.955282 -3.549502 -5.396129
 H 6.580365 -5.877801 5.198375
 H 5.863009 -4.945332 4.133693
 H 5.288425 -3.693445 -0.061032
 H 3.895044 -3.605291 -0.657028
 H 5.217435 0.046613 2.307743
 H 4.077563 -0.657546 2.989285
 H 1.639954 3.950151 -5.223274
 H 2.158972 4.786895 -4.070868
 H -0.690730 -6.522611 0.065212
 H -1.939674 -5.958736 0.761781
 H -5.367453 -0.954920 -5.742263
 H -5.431507 -2.404084 -5.173822
 H -3.812610 1.034230 -0.562103
 H -5.208672 1.442474 0.002125
 H 4.804011 2.877764 -3.098394
 H 4.302959 1.454952 -2.999320
 H 3.487274 -0.452494 -0.924656
 H 2.654891 0.206657 -2.059323
 H -5.901445 -1.413177 1.156458
 H -5.010628 -2.606313 1.570938
 H 1.627396 3.148676 1.816782
 H 1.549031 2.651208 0.320955
K_POINTS
 1
0.0 0.0 0.0 1.0