
&control
    calculation='scf'
    pseudo_dir = './',
    outdir='./outputs',
    disk_io='high'
/
&system
    ibrav= 1, celldm(1)=20.000000, nat=  192, ntyp= 2,
    ecutwfc = 30.0, nosym=.true., occupations='smearing',
    smearing='m-v', degauss=0.025
/
&electrons
    conv_thr =  1.0d-8,
    mixing_beta = 0.7
/
&ions
    pot_extrapolation='second-order'
    wfc_extrapolation='second-order'
    ion_temperature = 'andersen'
    tempw = 1000

/
ATOMIC_SPECIES
 H  1.01  H.blyp-hgh.UPF
 O  16.0  O.blyp-hgh.UPF
ATOMIC_POSITIONS bohr
 O -5.247921 -1.549242 -1.235657
 O 3.987990 -2.205407 5.400277
 O -5.717815 5.247622 -5.558591
 O -0.156636 3.574607 -1.578013
 O -4.716714 0.707258 3.833897
 O -0.238272 5.427647 5.185264
 O -0.128968 -5.366105 -3.405331
 O 2.291133 0.322640 3.688143
 O -2.858001 -5.299511 5.619997
 O 1.878235 -3.023782 1.637422
 O 2.504738 -6.069309 2.904105
 O -4.222885 -3.053495 4.350525
 O -4.422323 -5.961631 0.715537
 O -3.558097 -5.676848 -3.629829
 O 2.065878 -2.741121 -2.118968
 O -1.774533 2.511609 1.446066
 O -1.042840 -1.410849 1.670348
 O 0.254361 -4.241000 3.644909
 O 5.446794 -4.122175 -4.943207
 O 5.616240 4.805505 2.182049
 O 6.024282 -2.958080 3.247866
 O -3.228234 -3.027033 -3.815587
 O -0.913059 2.579822 -4.934266
 O 3.869067 2.350016 2.831162
 O 2.320461 1.285572 -3.119155
 O -4.918453 2.856890 -6.125778
 O 4.428622 -5.939887 -1.254851
 O 1.943360 -1.320938 -4.585028
 O -2.024907 0.258480 -4.831638
 O 0.836244 -0.322719 0.639074
 O 4.791858 -1.764260 -3.801878
 O 5.176454 0.062401 -0.021878
 O -0.335817 4.467590 1.824089
 O -5.292841 0.719029 -4.002524
 O 0.733143 -3.793686 -0.345664
 O 4.622489 3.435427 -4.289304
 O 3.570378 5.489224 5.812896
 O -5.075143 3.621164 -1.747730
 O -0.412462 1.042549 -1.572229
 O -2.973098 -3.291632 -1.181166
 O -2.596131 5.448382 3.393485
 O -1.490091 2.793203 3.801142
 O -2.643503 -0.206840 -0.664919
 O -1.513354 -2.221365 4.925787
 O 0.763366 1.771887 4.862824
 O -4.834187 3.419008 1.457375
 O 2.772709 3.884560 -0.534739
 O 2.674768 -5.952623 -3.542653
 O -2.675504 4.604663 -2.313624
 O 5.692171 0.525940 5.257436
 O -3.153369 0.161742 1.964295
 O -0.638965 -2.443411 -2.262761
 O 0.024978 -3.204301 -5.507021
 O 5.668894 -5.976621 4.457728
 O 5.168358 -2.972121 -0.236543
 O 4.719273 -0.699129 2.405992
 O 1.041858 4.300262 -4.378212
 O -0.582124 -5.741613 0.467108
 O -5.572752 -1.344041 -5.798654
 O -4.630823 1.477577 -0.950137
 O 5.228734 1.693788 -2.808682
 O 2.694086 -0.258718 -0.936288
 O -5.305589 -1.178492 1.192892
 O 1.507194 2.735122 1.423013
 H -4.760117 -1.721670 -0.404632
 H -4.526517 -1.445425 -1.883209
 H 3.518152 -2.997116 5.711250
 H 3.310924 -1.590306 5.061630
 H -6.241882 4.825711 -4.847115
 H -5.964828 4.661166 -6.299379
 H 0.327618 3.241730 -0.793318
 H 0.412883 4.224308 -2.024544
 H -5.452197 0.061328 3.814172
 H -5.121864 1.344788 4.460678
 H 0.204367 6.293392 5.120006
 H -0.198639 5.117207 6.108985
 H -0.386488 -5.646932 -2.509696
 H -0.774467 -5.853242 -3.947881
 H 2.421479 1.193053 3.248483
 H 1.383927 0.075604 3.431918
 H -3.504381 -5.600811 6.287932
 H -1.998855 -5.327871 6.078861
 H 1.906568 -2.041753 1.582442
 H 2.766282 -3.412982 1.688021
 H 3.296322 -6.213560 2.354793
 H 1.799820 -6.619859 2.511433
 H -3.592668 -3.516648 3.772566
 H -4.289170 -2.146570 4.000963
 H -3.501037 -6.206686 0.512815
 H -4.516585 -5.067347 0.330578
 H -4.468782 -5.629728 -3.289728
 H -3.531462 -6.575239 -4.006621
 H 2.161428 -1.768381 -2.044849
 H 2.404999 -3.082875 -1.269768
 H -1.530790 3.144098 0.748012
 H -1.400308 1.648600 1.189582
 H -0.364607 -1.893026 1.165925
 H -0.924367 -1.625392 2.613124
 H 0.916258 -3.560215 3.874070
 H -0.341982 -3.724717 3.071911
 H 5.921254 -4.755930 -5.510958
 H 6.112661 -3.595405 -4.465363
 H 5.520865 5.594018 2.767901
 H 6.017352 5.078656 1.335217
 H 5.315349 -2.602720 2.679670
 H 6.569259 -3.606782 2.777432
 H -2.364784 -2.829603 -4.219979
 H -3.945772 -2.959625 -4.464717
 H -0.485272 2.978594 -4.153355
 H -0.730796 1.615765 -4.878483
 H 4.697148 2.486221 3.324404
 H 3.431015 3.218814 2.804403
 H 2.903727 1.028620 -3.854058
 H 2.101009 2.232853 -3.171901
 H -5.021582 2.441809 -5.244147
 H -3.985197 3.109902 -6.236311
 H 4.207914 -5.042187 -1.570561
 H 5.387084 -5.892511 -1.092333
 H 2.775898 -1.130931 -5.056933
 H 1.190473 -1.013553 -5.118644
 H -2.118941 -0.483870 -5.451549
 H -2.857081 0.759836 -4.871226
 H 1.310462 0.522848 0.750856
 H 1.170182 -0.517328 -0.260836
 H 4.013233 -2.200166 -3.392277
 H 5.418306 -1.709972 -3.052451
 H 5.104943 1.028444 -0.103891
 H 5.963404 -0.265388 -0.565521
 H -0.603852 4.006331 2.665240
 H -0.376784 5.434220 1.934512
 H -4.729760 1.145930 -3.317990
 H -6.014015 0.448712 -3.384904
 H 0.714316 -4.711342 -0.660440
 H 0.756196 -3.914712 0.621794
 H 3.706100 3.687366 -4.092033
 H 4.597294 2.799439 -5.025526
 H 3.191311 4.933901 5.103951
 H 2.834222 6.112668 5.950572
 H -5.851349 3.886875 -1.224483
 H -4.780937 4.377233 -2.289243
 H -0.018180 0.359390 -2.142605
 H -1.322599 1.084294 -1.922232
 H -3.090401 -3.284192 -2.171423
 H -2.761424 -4.221299 -0.987563
 H -3.243250 5.859498 2.792426
 H -2.494659 6.057226 4.161960
 H -1.545505 1.821687 3.754635
 H -2.353900 3.130688 3.507143
 H -2.343220 -1.057658 -0.296425
 H -2.833811 0.270461 0.171645
 H -2.395905 -2.141119 5.336044
 H -1.320539 -3.163722 5.097166
 H 1.636921 1.682606 5.277402
 H 0.139895 2.250718 5.443492
 H -5.364915 3.416054 2.274513
 H -3.910255 3.176960 1.669536
 H 3.372303 4.577824 -0.193588
 H 2.830179 4.068935 -1.489554
 H 3.602376 -5.993892 -3.846393
 H 2.243372 -5.254057 -4.068504
 H -2.523343 3.878868 -2.952643
 H -2.098509 4.252361 -1.598761
 H 5.982513 0.144619 6.125203
 H 4.726054 0.430975 5.227466
 H -2.884282 -0.654293 2.414845
 H -3.673438 0.672566 2.628782
 H -0.069816 -3.232886 -2.314870
 H -0.237892 -2.068855 -1.458554
 H 0.416865 -3.459295 -4.649579
 H 0.768296 -3.158204 -6.131220
 H 4.962109 -5.512794 4.937684
 H 6.507812 -5.737241 4.882581
 H 5.675503 -3.552919 0.356572
 H 4.605628 -2.481600 0.388292
 H 4.279986 -0.467990 1.561198
 H 4.281413 -0.093425 3.035191
 H 1.408679 3.715878 -5.066870
 H 1.720054 4.984019 -4.088292
 H -0.896336 -6.416139 -0.161828
 H -1.344183 -5.200178 0.735380
 H -5.429380 -2.030862 -6.475793
 H -4.746005 -0.963455 -5.455255
 H -3.888661 2.101999 -1.017518
 H -4.803180 1.521269 0.008786
 H 5.803866 2.482250 -2.843841
 H 4.387223 1.997377 -2.432201
 H 3.538923 -0.607001 -0.570204
 H 2.991280 0.400676 -1.596581
 H -5.981141 -0.617694 1.630317
 H -4.855995 -1.636935 1.918438
 H 1.331336 3.701838 1.502784
 H 2.306778 2.606111 0.886638
K_POINTS
 1
0.0 0.0 0.0 1.0