
&control
    calculation='scf'
    pseudo_dir = './',
    outdir='./outputs',
    disk_io='high'
/
&system
    ibrav= 1, celldm(1)=20.000000, nat=  192, ntyp= 2,
    ecutwfc = 30.0, nosym=.true., occupations='smearing',
    smearing='m-v', degauss=0.025
/
&electrons
    conv_thr =  1.0d-8,
    mixing_beta = 0.7
/
&ions
    pot_extrapolation='second-order'
    wfc_extrapolation='second-order'
    ion_temperature = 'andersen'
    tempw = 1000

/
ATOMIC_SPECIES
 H  1.01  H.blyp-hgh.UPF
 O  16.0  O.blyp-hgh.UPF
ATOMIC_POSITIONS bohr
 O -5.187160 -1.307681 -1.934335
 O 3.545619 -2.263428 5.618964
 O -5.712897 5.797949 -5.368237
 O 0.155462 3.945898 -1.141551
 O -4.744159 0.924770 3.921696
 O -0.327630 6.105688 5.449508
 O -0.407697 -5.390330 -3.011792
 O 2.439916 0.317540 4.014039
 O -2.654652 -5.514634 5.896870
 O 2.583158 -2.513382 2.497618
 O 2.651017 -6.445103 2.898106
 O -3.993544 -3.496892 4.571518
 O -4.518265 -5.859825 0.529737
 O -3.485483 -5.437586 -4.003724
 O 2.870771 -3.162184 -2.405843
 O -2.233077 2.483987 -0.165276
 O -1.410360 -2.438927 2.448416
 O 0.244416 -4.605907 3.879024
 O 4.859550 -4.591176 -4.919025
 O 4.956494 5.142160 2.277229
 O 5.506385 -3.331304 3.491213
 O -3.139625 -2.503826 -3.929034
 O -1.209818 2.824693 -4.849790
 O 4.168561 2.294758 2.865686
 O 2.508720 1.559425 -3.634446
 O -4.206489 2.540432 -6.328617
 O 4.717164 -5.768170 -0.952868
 O 1.881283 -0.677328 -5.223628
 O -1.876224 -0.063936 -5.154514
 O 1.281947 -0.482830 1.136051
 O 5.023309 -1.758725 -3.445721
 O 5.024803 -0.170375 -0.104423
 O 0.148423 4.692982 3.202438
 O -4.653757 0.594829 -4.187898
 O 1.077220 -3.861810 -0.311337
 O 4.393538 4.431974 -5.190584
 O 2.658159 5.689240 5.619188
 O -5.545295 4.862286 -1.850730
 O -0.215617 0.916527 -2.218617
 O -3.345782 -4.016531 -0.875667
 O -2.948445 5.536119 3.180990
 O -2.154171 2.924536 4.810782
 O -2.317788 -1.228016 -0.752934
 O -1.420893 -1.459755 5.065229
 O 0.744467 1.819310 5.448532
 O -4.537464 3.236152 1.302322
 O 3.242762 4.297456 -1.143459
 O 2.800717 -5.602032 -3.990887
 O -2.661136 4.217981 -2.771386
 O 4.613419 0.648634 5.903552
 O -2.592529 0.474711 2.207796
 O -0.454569 -2.044553 -2.999690
 O -0.003254 -3.444924 -5.586463
 O 5.965557 -5.876047 4.436063
 O 4.383687 -3.402881 0.172203
 O 4.802197 -0.839399 2.352987
 O 1.604860 3.977247 -4.245089
 O -1.408720 -5.861572 -0.064121
 O -5.195923 -1.896140 -5.990291
 O -4.739758 1.194781 -0.826952
 O 5.000063 2.058724 -2.622481
 O 2.567910 -0.371625 -1.258445
 O -4.971935 -1.742189 1.102834
 O 1.702954 2.348192 1.244879
 H -4.917320 -1.860567 -1.157706
 H -4.998672 -0.416372 -1.545796
 H 4.195108 -1.645501 5.219966
 H 2.754175 -2.213549 5.058892
 H -6.412987 5.121026 -5.163620
 H -5.216139 6.079237 -4.567424
 H 0.053430 2.996883 -1.443832
 H 1.060958 4.222934 -1.433593
 H -5.712634 0.818654 4.027714
 H -4.613395 1.644577 4.639069
 H 0.084571 6.834946 4.874104
 H 0.306418 5.994780 6.179179
 H -0.715558 -5.582622 -2.102167
 H -1.082232 -5.865986 -3.543252
 H 2.879405 1.199151 3.838933
 H 1.688190 0.613201 4.584456
 H -3.154982 -6.171917 6.418556
 H -1.759396 -5.913943 5.728579
 H 1.963633 -1.841321 2.845822
 H 2.530826 -2.385051 1.525988
 H 3.626780 -6.656498 2.805483
 H 2.291272 -6.824438 2.077139
 H -4.100620 -4.037481 5.391462
 H -4.757994 -2.902820 4.752631
 H -4.795231 -6.792921 0.650865
 H -4.052576 -5.680285 -0.323228
 H -3.090764 -4.527182 -3.971430
 H -3.168984 -5.991837 -3.266687
 H 2.485719 -2.257896 -2.451464
 H 2.232253 -3.718278 -1.891783
 H -1.594605 3.014295 -0.675348
 H -1.952419 1.878306 0.561946
 H -0.754592 -3.046033 2.048043
 H -0.903375 -1.947157 3.139583
 H 1.040177 -4.321285 3.374342
 H -0.493927 -3.981303 3.756354
 H 5.651982 -5.125447 -5.212821
 H 5.249301 -3.859715 -4.371012
 H 5.782191 5.102387 2.775909
 H 5.068835 5.009915 1.326240
 H 5.458197 -2.474769 2.991679
 H 4.624379 -3.720783 3.331222
 H -2.338595 -2.300886 -3.374184
 H -2.807650 -2.599135 -4.840327
 H -0.384149 3.028684 -4.360551
 H -1.379455 1.909076 -4.490709
 H 4.249201 3.238751 3.102029
 H 3.623633 2.267098 2.039635
 H 2.191455 0.985293 -4.379087
 H 2.312907 2.520402 -3.791852
 H -4.531738 1.971730 -5.601138
 H -3.221710 2.446576 -6.427161
 H 4.655173 -5.554692 0.005111
 H 5.627490 -6.097744 -1.137734
 H 2.651314 -1.279261 -5.419618
 H 1.448797 -0.473415 -6.070350
 H -2.130587 -0.414089 -6.046338
 H -2.709070 -0.010705 -4.659513
 H 1.615740 0.434872 1.231080
 H 1.308323 -0.574850 0.167090
 H 4.228000 -2.124063 -2.983463
 H 5.683041 -1.788670 -2.701452
 H 5.091995 0.650245 -0.641652
 H 5.713563 -0.765148 -0.526859
 H 0.183509 5.205191 4.063843
 H -0.809040 4.588685 3.018366
 H -4.032679 0.669616 -3.426369
 H -5.483446 0.636845 -3.649664
 H 0.280256 -4.403722 -0.512088
 H 0.614570 -3.050366 -0.025293
 H 3.805877 4.730207 -5.938123
 H 4.597569 3.490742 -5.335683
 H 2.771629 5.535793 4.637038
 H 3.295530 6.413950 5.814627
 H -6.184597 4.338670 -1.325306
 H -4.886134 4.222185 -2.224073
 H -1.149835 1.177127 -2.057113
 H 0.200040 0.583155 -1.409976
 H -3.137615 -3.577063 -0.010397
 H -4.286434 -3.840316 -1.124505
 H -3.249951 5.633579 2.253923
 H -3.465710 6.205726 3.699180
 H -2.525875 2.913754 3.908118
 H -2.116457 3.855911 5.101727
 H -2.796029 -2.018717 -0.448354
 H -2.554755 -0.618296 -0.017143
 H -2.153688 -2.106179 4.875413
 H -0.753774 -1.904218 5.634816
 H 0.319469 2.239822 6.235914
 H 0.286469 2.099098 4.629179
 H -4.214959 2.656221 2.026886
 H -3.934992 3.103318 0.512777
 H 3.726935 5.013234 -1.624369
 H 3.842476 3.527217 -1.297502
 H 3.766657 -5.320021 -3.970890
 H 2.437752 -5.793141 -3.113287
 H -1.878151 4.254850 -3.355723
 H -2.252293 4.608986 -1.961744
 H 4.641162 0.138984 6.757694
 H 3.684071 0.516458 5.598700
 H -1.888149 -0.202296 2.078940
 H -3.385056 -0.113314 2.291641
 H -0.244169 -1.685322 -3.898808
 H 0.041828 -2.883246 -3.068431
 H -0.402588 -3.886830 -4.817603
 H 0.953915 -3.555869 -5.399622
 H 6.581904 -5.864123 5.199667
 H 5.853964 -4.949008 4.131416
 H 5.283773 -3.694695 -0.053493
 H 3.898219 -3.600420 -0.663339
 H 5.221363 0.047048 2.301485
 H 4.084155 -0.657950 2.996718
 H 1.637308 3.954157 -5.224951
 H 2.148146 4.798175 -4.073115
 H -0.684014 -6.512542 0.061591
 H -1.929120 -5.958542 0.765495
 H -5.386029 -0.961794 -5.730680
 H -5.431000 -2.421072 -5.188605
 H -3.813421 1.028941 -0.559269
 H -5.212445 1.452352 -0.006353
 H 4.799773 2.880849 -3.111436
 H 4.306765 1.458626 -3.010753
 H 3.481852 -0.458528 -0.924212
 H 2.650855 0.194096 -2.065995
 H -5.896904 -1.412257 1.150903
 H -5.012971 -2.616010 1.558388
 H 1.620907 3.148956 1.816828
 H 1.551902 2.650643 0.319620
K_POINTS
 1
0.0 0.0 0.0 1.0