
&control
    calculation='scf'
    pseudo_dir = './',
    outdir='./outputs',
    disk_io='high'
/
&system
    ibrav= 1, celldm(1)=20.000000, nat=  192, ntyp= 2,
    ecutwfc = 30.0, nosym=.true., occupations='smearing',
    smearing='m-v', degauss=0.025
/
&electrons
    conv_thr =  1.0d-8,
    mixing_beta = 0.7
/
&ions
    pot_extrapolation='second-order'
    wfc_extrapolation='second-order'
    ion_temperature = 'andersen'
    tempw = 1000

/
ATOMIC_SPECIES
 H  1.01  H.blyp-hgh.UPF
 O  16.0  O.blyp-hgh.UPF
ATOMIC_POSITIONS bohr
 O -5.188852 -1.307590 -1.931357
 O 3.543698 -2.267548 5.621326
 O -5.708398 5.802602 -5.368350
 O 0.161053 3.942318 -1.137366
 O -4.744233 0.924698 3.916807
 O -0.326955 6.111459 5.458293
 O -0.414191 -5.390012 -3.005513
 O 2.437637 0.327196 4.024542
 O -2.654031 -5.517494 5.897933
 O 2.587319 -2.510730 2.503271
 O 2.650431 -6.447676 2.899592
 O -3.991771 -3.500957 4.572981
 O -4.520219 -5.866457 0.526653
 O -3.481755 -5.434057 -4.000836
 O 2.871153 -3.166093 -2.401532
 O -2.230505 2.480303 -0.177552
 O -1.413175 -2.448093 2.452301
 O 0.245124 -4.607050 3.874972
 O 4.852403 -4.592927 -4.914004
 O 4.952887 5.144404 2.278680
 O 5.500797 -3.333398 3.494202
 O -3.134076 -2.503327 -3.928136
 O -1.212511 2.828020 -4.845354
 O 4.168949 2.290940 2.861787
 O 2.513275 1.559361 -3.638854
 O -4.199651 2.542686 -6.322732
 O 4.722046 -5.764335 -0.947774
 O 1.876110 -0.667208 -5.229941
 O -1.872512 -0.062702 -5.156930
 O 1.284282 -0.488659 1.137595
 O 5.031626 -1.760781 -3.447240
 O 5.019340 -0.173376 -0.106203
 O 0.153872 4.691283 3.215974
 O -4.657333 0.591879 -4.187105
 O 1.078656 -3.862083 -0.308482
 O 4.393036 4.432439 -5.196212
 O 2.651286 5.695973 5.616965
 O -5.550174 4.870557 -1.847537
 O -0.217509 0.917583 -2.222349
 O -3.352711 -4.017952 -0.875786
 O -2.950082 5.537939 3.178305
 O -2.154661 2.924598 4.813960
 O -2.314892 -1.235373 -0.751969
 O -1.422052 -1.455833 5.070590
 O 0.745864 1.819120 5.453230
 O -4.539700 3.239313 1.302662
 O 3.242370 4.295251 -1.150880
 O 2.799459 -5.602313 -3.994104
 O -2.667184 4.219069 -2.778416
 O 4.608485 0.647367 5.911479
 O -2.590640 0.479313 2.208062
 O -0.446265 -2.041997 -3.006713
 O -0.002776 -3.444365 -5.589112
 O 5.970765 -5.876794 4.437072
 O 4.374153 -3.406359 0.174325
 O 4.809129 -0.840605 2.358358
 O 1.611720 3.968671 -4.245269
 O -1.413766 -5.865153 -0.071008
 O -5.192654 -1.893359 -5.992027
 O -4.736880 1.193274 -0.829937
 O 4.996125 2.070768 -2.630952
 O 2.561536 -0.371506 -1.255898
 O -4.969214 -1.750706 1.099461
 O 1.706074 2.352498 1.244597
 H -4.888325 -1.855116 -1.159979
 H -4.995045 -0.416144 -1.543735
 H 4.192459 -1.654498 5.216641
 H 2.747784 -2.212792 5.069915
 H -6.403275 5.116677 -5.176759
 H -5.236221 6.094410 -4.557179
 H 0.068441 2.998639 -1.452906
 H 1.067253 4.226599 -1.417752
 H -5.711313 0.802645 4.011667
 H -4.637952 1.645574 4.636155
 H 0.081775 6.838686 4.873110
 H 0.318864 5.991508 6.175149
 H -0.719077 -5.577486 -2.094742
 H -1.073728 -5.883817 -3.537178
 H 2.868916 1.212752 3.842272
 H 1.680891 0.618732 4.592344
 H -3.158044 -6.173051 6.415734
 H -1.757502 -5.917516 5.729699
 H 1.972958 -1.837776 2.855314
 H 2.529325 -2.395165 1.532054
 H 3.626184 -6.658031 2.790731
 H 2.293373 -6.820875 2.075537
 H -4.093165 -4.056345 5.382355
 H -4.757051 -2.913404 4.756410
 H -4.783323 -6.799718 0.665913
 H -4.066438 -5.685708 -0.329641
 H -3.106651 -4.515286 -3.966084
 H -3.150564 -5.983305 -3.267539
 H 2.496491 -2.256817 -2.461801
 H 2.221452 -3.715924 -1.894003
 H -1.607023 3.020597 -0.692365
 H -1.936558 1.906301 0.566450
 H -0.765487 -3.051350 2.058382
 H -0.889365 -1.936493 3.122128
 H 1.052750 -4.315422 3.394314
 H -0.485270 -3.973743 3.749952
 H 5.637188 -5.121632 -5.233994
 H 5.266668 -3.862653 -4.386308
 H 5.779498 5.078096 2.779397
 H 5.063570 5.006521 1.329893
 H 5.455959 -2.489000 2.974908
 H 4.615749 -3.717270 3.339091
 H -2.339390 -2.314708 -3.362469
 H -2.805175 -2.591619 -4.839896
 H -0.377411 3.023507 -4.366416
 H -1.376509 1.903353 -4.502746
 H 4.254788 3.231310 3.107250
 H 3.632597 2.285167 2.029679
 H 2.211342 0.987033 -4.390422
 H 2.318920 2.520458 -3.798416
 H -4.512040 1.983903 -5.584633
 H -3.217973 2.446007 -6.448531
 H 4.671969 -5.568908 0.011521
 H 5.630412 -6.082908 -1.155032
 H 2.641516 -1.277187 -5.421941
 H 1.439024 -0.475742 -6.076230
 H -2.112862 -0.420925 -6.050067
 H -2.707383 -0.006143 -4.666421
 H 1.610307 0.434387 1.223437
 H 1.310788 -0.584998 0.165353
 H 4.230823 -2.111392 -2.985541
 H 5.683394 -1.768882 -2.696224
 H 5.078833 0.647590 -0.649151
 H 5.709197 -0.764818 -0.528058
 H 0.167394 5.198275 4.081595
 H -0.806126 4.587357 3.023248
 H -4.018256 0.680261 -3.441666
 H -5.472815 0.635023 -3.632491
 H 0.283061 -4.399317 -0.529952
 H 0.610455 -3.047551 -0.034754
 H 3.804478 4.735066 -5.943012
 H 4.589276 3.490873 -5.358717
 H 2.765678 5.515185 4.640264
 H 3.280037 6.431285 5.795391
 H -6.182903 4.325889 -1.333208
 H -4.876436 4.240343 -2.212272
 H -1.138086 1.203153 -2.043137
 H 0.206154 0.572340 -1.424764
 H -3.120323 -3.571835 -0.022699
 H -4.301380 -3.844831 -1.104553
 H -3.265104 5.632152 2.254084
 H -3.465365 6.204037 3.700574
 H -2.553357 2.921985 3.920893
 H -2.123036 3.855590 5.108868
 H -2.794134 -2.028388 -0.454480
 H -2.536560 -0.633274 -0.005426
 H -2.143302 -2.116808 4.884479
 H -0.755050 -1.891805 5.647863
 H 0.290157 2.234505 6.226259
 H 0.301565 2.091297 4.625173
 H -4.225434 2.660689 2.031623
 H -3.947800 3.076094 0.510690
 H 3.728761 5.011582 -1.627388
 H 3.854772 3.532497 -1.287888
 H 3.761632 -5.303465 -3.986818
 H 2.442442 -5.783672 -3.113526
 H -1.877294 4.244222 -3.355239
 H -2.257944 4.602175 -1.963402
 H 4.622926 0.151451 6.771362
 H 3.672349 0.531680 5.609183
 H -1.872499 -0.194142 2.078820
 H -3.365507 -0.133600 2.297720
 H -0.267949 -1.684961 -3.915426
 H 0.044938 -2.883821 -3.086123
 H -0.406393 -3.889952 -4.825710
 H 0.951656 -3.565346 -5.405223
 H 6.583616 -5.843858 5.201520
 H 5.841437 -4.954383 4.128167
 H 5.276857 -3.696370 -0.041975
 H 3.903144 -3.592420 -0.672590
 H 5.227186 0.047190 2.291802
 H 4.093715 -0.659391 3.007493
 H 1.633472 3.960173 -5.227324
 H 2.131602 4.814712 -4.076707
 H -0.674275 -6.497533 0.056287
 H -1.913188 -5.957769 0.770496
 H -5.413316 -0.973449 -5.713456
 H -5.429972 -2.445405 -5.211571
 H -3.814812 1.021845 -0.554872
 H -5.217541 1.467224 -0.019134
 H 4.793862 2.885532 -3.131111
 H 4.312169 1.464878 -3.027762
 H 3.474661 -0.467838 -0.922308
 H 2.644075 0.175212 -2.075636
 H -5.889887 -1.411059 1.143167
 H -5.016510 -2.629702 1.539758
 H 1.610362 3.148794 1.816395
 H 1.556255 2.650175 0.318732
K_POINTS
 1
0.0 0.0 0.0 1.0