
&control
    calculation='scf'
    pseudo_dir = './',
    outdir='./outputs',
    disk_io='high'
/
&system
    ibrav= 1, celldm(1)=20.000000, nat=  192, ntyp= 2,
    ecutwfc = 30.0, nosym=.true., occupations='smearing',
    smearing='m-v', degauss=0.025
/
&electrons
    conv_thr =  1.0d-8,
    mixing_beta = 0.7
/
&ions
    pot_extrapolation='second-order'
    wfc_extrapolation='second-order'
    ion_temperature = 'andersen'
    tempw = 1000

/
ATOMIC_SPECIES
 H  1.01  H.blyp-hgh.UPF
 O  16.0  O.blyp-hgh.UPF
ATOMIC_POSITIONS bohr
 O -5.195564 -1.308594 -1.915384
 O 3.535704 -2.284266 5.632518
 O -5.689307 5.822647 -5.368952
 O 0.183856 3.926560 -1.120956
 O -4.746778 0.927426 3.898851
 O -0.321439 6.131411 5.494748
 O -0.440343 -5.389503 -2.980355
 O 2.428904 0.367780 4.067168
 O -2.654158 -5.529075 5.901315
 O 2.602585 -2.502522 2.527734
 O 2.649432 -6.457758 2.905435
 O -3.985794 -3.517253 4.580201
 O -4.528880 -5.892626 0.517133
 O -3.467777 -5.420269 -3.988669
 O 2.872456 -3.181568 -2.384585
 O -2.224316 2.463723 -0.227045
 O -1.424047 -2.482859 2.469630
 O 0.249809 -4.609150 3.855672
 O 4.828170 -4.598158 -4.893403
 O 4.938454 5.152213 2.284802
 O 5.477970 -3.341601 3.504703
 O -3.112173 -2.503573 -3.923292
 O -1.220663 2.839343 -4.825103
 O 4.169473 2.274667 2.845510
 O 2.533376 1.556889 -3.655752
 O -4.174983 2.551761 -6.298808
 O 4.742393 -5.750660 -0.928844
 O 1.856034 -0.626870 -5.253433
 O -1.857015 -0.056212 -5.165568
 O 1.291918 -0.511003 1.142855
 O 5.064330 -1.769479 -3.451503
 O 4.999310 -0.184315 -0.116534
 O 0.174414 4.683203 3.268939
 O -4.671929 0.581354 -4.180691
 O 1.081209 -3.863473 -0.297307
 O 4.392384 4.431852 -5.218150
 O 2.625396 5.722107 5.607410
 O -5.569652 4.901960 -1.834559
 O -0.225255 0.925459 -2.239391
 O -3.381231 -4.022514 -0.877483
 O -2.956953 5.545579 3.166506
 O -2.153582 2.925113 4.824576
 O -2.303596 -1.262913 -0.746036
 O -1.426892 -1.441255 5.090531
 O 0.752479 1.818570 5.472628
 O -4.548728 3.252050 1.301800
 O 3.242154 4.285373 -1.181555
 O 2.791673 -5.606420 -4.007439
 O -2.689222 4.225940 -2.803479
 O 4.587785 0.641443 5.945054
 O -2.581473 0.493433 2.206376
 O -0.411863 -2.032308 -3.037345
 O 0.000410 -3.441679 -5.599684
 O 5.991411 -5.880986 4.440808
 O 4.335921 -3.419584 0.182479
 O 4.837764 -0.843115 2.382355
 O 1.639515 3.938481 -4.247263
 O -1.432152 -5.880860 -0.098021
 O -5.181018 -1.881756 -5.998004
 O -4.726085 1.186333 -0.842651
 O 4.980271 2.118491 -2.664891
 O 2.534279 -0.370609 -1.249110
 O -4.958119 -1.785952 1.085118
 O 1.719545 2.370124 1.242986
 H -4.776503 -1.828574 -1.183367
 H -4.983369 -0.407482 -1.541385
 H 4.181664 -1.694730 5.202751
 H 2.725614 -2.209264 5.104297
 H -6.364872 5.109740 -5.227148
 H -5.315527 6.145675 -4.519952
 H 0.140891 3.016127 -1.494533
 H 1.088097 4.234472 -1.354720
 H -5.704956 0.731308 3.943138
 H -4.723969 1.634365 4.619098
 H 0.063485 6.855288 4.875279
 H 0.371645 5.978261 6.161196
 H -0.737411 -5.552596 -2.064782
 H -1.036212 -5.949902 -3.516317
 H 2.829141 1.251786 3.848367
 H 1.654749 0.639718 4.622304
 H -3.169528 -6.173983 6.408404
 H -1.751508 -5.928801 5.737359
 H 2.013948 -1.816309 2.881676
 H 2.528126 -2.431959 1.562962
 H 3.616787 -6.655013 2.732563
 H 2.287587 -6.806016 2.074085
 H -4.040925 -4.137186 5.334124
 H -4.752229 -2.944454 4.764153
 H -4.728854 -6.826096 0.709336
 H -4.122984 -5.722804 -0.348963
 H -3.176627 -4.472035 -3.935011
 H -3.078798 -5.943183 -3.267722
 H 2.529526 -2.262144 -2.488106
 H 2.179022 -3.688821 -1.904117
 H -1.643060 3.041008 -0.740309
 H -1.856270 2.032692 0.577603
 H -0.797019 -3.080824 2.085257
 H -0.848107 -1.898638 3.047649
 H 1.098674 -4.292242 3.474729
 H -0.450480 -3.941006 3.725367
 H 5.568064 -5.115141 -5.314980
 H 5.321117 -3.873428 -4.454058
 H 5.776900 4.990999 2.792678
 H 5.053341 4.986700 1.339289
 H 5.444742 -2.547428 2.915735
 H 4.577235 -3.695842 3.369114
 H -2.340625 -2.369636 -3.325615
 H -2.792033 -2.553299 -4.838758
 H -0.349936 3.010625 -4.390690
 H -1.369191 1.888386 -4.570917
 H 4.280494 3.204016 3.123683
 H 3.670080 2.358450 1.998993
 H 2.289746 0.996855 -4.430469
 H 2.336038 2.515235 -3.831113
 H -4.426571 2.028502 -5.515204
 H -3.213923 2.441543 -6.532873
 H 4.741391 -5.623597 0.034058
 H 5.640054 -6.019543 -1.219236
 H 2.593284 -1.264171 -5.442133
 H 1.401073 -0.485346 -6.100162
 H -2.036240 -0.443558 -6.062064
 H -2.705993 0.001370 -4.699562
 H 1.585785 0.429099 1.203626
 H 1.328335 -0.629398 0.158975
 H 4.249707 -2.066261 -3.005797
 H 5.691161 -1.682249 -2.689340
 H 5.030442 0.630149 -0.675752
 H 5.677969 -0.754090 -0.533814
 H 0.098413 5.160907 4.141723
 H -0.782631 4.586455 3.049765
 H -3.961787 0.721609 -3.514151
 H -5.435544 0.627888 -3.576106
 H 0.302329 -4.385982 -0.597104
 H 0.605670 -3.030289 -0.074714
 H 3.797157 4.757358 -5.958274
 H 4.554017 3.491855 -5.456917
 H 2.730817 5.443065 4.657373
 H 3.211123 6.500779 5.718554
 H -6.165577 4.273208 -1.372298
 H -4.846050 4.322347 -2.162460
 H -1.086068 1.292299 -1.974152
 H 0.222723 0.521692 -1.476253
 H -3.067973 -3.567603 -0.077579
 H -4.340386 -3.857850 -1.014363
 H -3.331927 5.627652 2.264653
 H -3.454308 6.193585 3.703730
 H -2.662016 2.958887 3.981465
 H -2.149984 3.853884 5.129323
 H -2.785045 -2.066778 -0.490732
 H -2.456730 -0.694521 0.039177
 H -2.095672 -2.156636 4.925679
 H -0.770539 -1.850716 5.700708
 H 0.161233 2.205064 6.170601
 H 0.350333 2.070685 4.620878
 H -4.269729 2.678598 2.046190
 H -4.000041 2.969677 0.526607
 H 3.729410 5.011918 -1.627362
 H 3.890634 3.550186 -1.250817
 H 3.731599 -5.238004 -4.051910
 H 2.467691 -5.735671 -3.107068
 H -1.883177 4.186759 -3.369452
 H -2.292951 4.572106 -1.973132
 H 4.551751 0.208516 6.814591
 H 3.638047 0.593165 5.649149
 H -1.816692 -0.144392 2.083900
 H -3.286465 -0.195164 2.329082
 H -0.367425 -1.676274 -3.965836
 H 0.053548 -2.887068 -3.147616
 H -0.429407 -3.906832 -4.857694
 H 0.944245 -3.602962 -5.430573
 H 6.584900 -5.767564 5.209222
 H 5.803622 -4.973366 4.115265
 H 5.250091 -3.700839 0.007036
 H 3.923698 -3.553129 -0.706162
 H 5.246682 0.039664 2.251194
 H 4.131172 -0.673287 3.043888
 H 1.619705 3.981626 -5.232489
 H 2.058613 4.864995 -4.093408
 H -0.638094 -6.440065 0.035640
 H -1.851218 -5.948680 0.785511
 H -5.515830 -1.031614 -5.645831
 H -5.423344 -2.530264 -5.309082
 H -3.820259 1.002889 -0.534141
 H -5.230409 1.525558 -0.071088
 H 4.776213 2.906400 -3.210068
 H 4.329312 1.497918 -3.091896
 H 3.454541 -0.506615 -0.902138
 H 2.610166 0.101420 -2.109774
 H -5.860726 -1.409332 1.119985
 H -5.032059 -2.677712 1.470159
 H 1.558496 3.145702 1.811421
 H 1.573113 2.654396 0.325045
K_POINTS
 1
0.0 0.0 0.0 1.0