
&control
    calculation='scf'
    pseudo_dir = './',
    outdir='./outputs',
    disk_io='high'
/
&system
    ibrav= 1, celldm(1)=20.000000, nat=  192, ntyp= 2,
    ecutwfc = 30.0, nosym=.true., occupations='smearing',
    smearing='m-v', degauss=0.025
/
&electrons
    conv_thr =  1.0d-8,
    mixing_beta = 0.7
/
&ions
    pot_extrapolation='second-order'
    wfc_extrapolation='second-order'
    ion_temperature = 'andersen'
    tempw = 1000

/
ATOMIC_SPECIES
 H  1.01  H.blyp-hgh.UPF
 O  16.0  O.blyp-hgh.UPF
ATOMIC_POSITIONS bohr
 O -5.196614 -1.308866 -1.912067
 O 3.534264 -2.287125 5.634668
 O -5.685955 5.826216 -5.369091
 O 0.187711 3.923802 -1.118228
 O -4.747583 0.928305 3.896059
 O -0.320065 6.134289 5.500960
 O -0.444667 -5.389499 -2.976175
 O 2.427467 0.374783 4.074368
 O -2.654525 -5.530989 5.901670
 O 2.604980 -2.501591 2.532213
 O 2.649473 -6.459414 2.906339
 O -3.984867 -3.519974 4.581482
 O -4.530497 -5.896873 0.516112
 O -3.465622 -5.417988 -3.986561
 O 2.872685 -3.184064 -2.381852
 O -2.223890 2.460595 -0.235283
 O -1.425874 -2.488091 2.472988
 O 0.250850 -4.609135 3.851991
 O 4.824825 -4.598772 -4.890014
 O 4.936327 5.153289 2.285966
 O 5.474061 -3.342956 3.506221
 O -3.108681 -2.503985 -3.922297
 O -1.221560 2.840979 -4.821381
 O 4.169423 2.271879 2.842696
 O 2.537029 1.556136 -3.658444
 O -4.171339 2.553303 -6.294779
 O 4.745863 -5.748637 -0.926014
 O 1.852782 -0.620189 -5.257113
 O -1.854290 -0.054868 -5.166810
 O 1.292936 -0.514547 1.143465
 O 5.069741 -1.770913 -3.452039
 O 4.996098 -0.185824 -0.118685
 O 0.177533 4.681642 3.277568
 O -4.674275 0.579807 -4.179235
 O 1.081113 -3.863688 -0.295498
 O 4.392449 4.431295 -5.221848
 O 2.621285 5.726280 5.605763
 O -5.572936 4.906898 -1.832326
 O -0.226468 0.927272 -2.242516
 O -3.386099 -4.023182 -0.878110
 O -2.958093 5.546817 3.164309
 O -2.152992 2.925292 4.825909
 O -2.301716 -1.267216 -0.744776
 O -1.427688 -1.439047 5.093684
 O 0.753631 1.818578 5.476005
 O -4.550274 3.254169 1.301375
 O 3.242272 4.283573 -1.186745
 O 2.789898 -5.607581 -4.009747
 O -2.692553 4.227437 -2.807248
 O 4.584109 0.640445 5.950751
 O -2.579593 0.494981 2.205684
 O -0.405984 -2.030784 -3.042836
 O 0.001034 -3.441158 -5.601440
 O 5.994802 -5.881835 4.441382
 O 4.329544 -3.421642 0.183773
 O 4.842682 -0.843219 2.386697
 O 1.644212 3.934319 -4.247851
 O -1.434902 -5.883687 -0.102435
 O -5.179270 -1.879785 -5.998929
 O -4.724442 1.185069 -0.844891
 O 4.977629 2.126391 -2.670596
 O 2.529573 -0.370466 -1.248410
 O -4.956184 -1.791911 1.082547
 O 1.721973 2.372993 1.242699
 H -4.758864 -1.823749 -1.189495
 H -4.982157 -0.405223 -1.542233
 H 4.180205 -1.701709 5.200249
 H 2.722423 -2.208646 5.108519
 H -6.358713 5.110183 -5.235066
 H -5.328420 6.152616 -4.514325
 H 0.154469 3.019630 -1.502429
 H 1.091441 4.235101 -1.344428
 H -5.703684 0.718254 3.931072
 H -4.736165 1.630553 4.615961
 H 0.059331 6.858050 4.876871
 H 0.380860 5.976168 6.159093
 H -0.741432 -5.547995 -2.059792
 H -1.029588 -5.960199 -3.513216
 H 2.823046 1.256163 3.848222
 H 1.651126 0.642992 4.627008
 H -3.171608 -6.174022 6.408202
 H -1.751133 -5.930095 5.739384
 H 2.021040 -1.811240 2.884263
 H 2.528577 -2.437378 1.568342
 H 3.614360 -6.653030 2.723706
 H 2.284001 -6.803430 2.074513
 H -4.029087 -4.151577 5.324911
 H -4.751681 -2.947786 4.764779
 H -4.719033 -6.830879 0.713815
 H -4.131935 -5.731411 -0.352023
 H -3.188990 -4.465487 -3.928412
 H -3.067231 -5.935666 -3.267151
 H 2.533418 -2.264738 -2.490180
 H 2.171874 -3.681899 -1.905598
 H -1.646699 3.044418 -0.745561
 H -1.840724 2.055917 0.578139
 H -0.799035 -3.088553 2.086370
 H -0.844196 -1.893714 3.034014
 H 1.105727 -4.288450 3.488032
 H -0.444630 -3.935215 3.721625
 H 5.555014 -5.115843 -5.327806
 H 5.327895 -3.874342 -4.465527
 H 5.775881 4.978384 2.793780
 H 5.053253 4.982364 1.340023
 H 5.442808 -2.557068 2.907112
 H 4.570158 -3.691335 3.374042
 H -2.339968 -2.378486 -3.320996
 H -2.789098 -2.545671 -4.838622
 H -0.345695 3.009392 -4.394938
 H -1.368648 1.886848 -4.584880
 H 4.285390 3.199774 3.126008
 H 3.676270 2.370342 1.995068
 H 2.302270 0.998740 -4.436561
 H 2.337999 2.513581 -3.837411
 H -4.411468 2.035072 -5.503231
 H -3.214716 2.440416 -6.546321
 H 4.753385 -5.632221 0.037921
 H 5.641626 -6.008767 -1.229012
 H 2.584217 -1.261434 -5.447035
 H 1.394820 -0.486823 -6.104120
 H -2.023059 -0.446565 -6.063729
 H -2.706579 0.000822 -4.706149
 H 1.581220 0.427414 1.201985
 H 1.332407 -0.637172 0.159089
 H 4.253460 -2.059981 -3.010499
 H 5.693629 -1.667125 -2.690078
 H 5.022998 0.626047 -0.679440
 H 5.671940 -0.752002 -0.535567
 H 0.086940 5.153677 4.150616
 H -0.776779 4.586689 3.054842
 H -3.952821 0.728287 -3.527692
 H -5.430784 0.626792 -3.567944
 H 0.306761 -4.384326 -0.607499
 H 0.606833 -3.027006 -0.081739
 H 3.795903 4.761834 -5.959557
 H 4.547998 3.492554 -5.473710
 H 2.723488 5.433072 4.660521
 H 3.198814 6.512258 5.705666
 H -6.161330 4.264717 -1.379870
 H -4.841618 4.337249 -2.154383
 H -1.077415 1.305010 -1.960590
 H 0.224192 0.512401 -1.484070
 H -3.061481 -3.568991 -0.086163
 H -4.344198 -3.859102 -0.997865
 H -3.343783 5.627074 2.267833
 H -3.451504 6.191994 3.704551
 H -2.679463 2.965298 3.993249
 H -2.154413 3.853545 5.131916
 H -2.783423 -2.072964 -0.498379
 H -2.442568 -0.704942 0.046404
 H -2.087276 -2.162646 4.932926
 H -0.774381 -1.845019 5.709420
 H 0.138524 2.198762 6.159085
 H 0.356740 2.068859 4.621298
 H -4.277580 2.681404 2.048247
 H -4.008427 2.952756 0.532164
 H 3.728729 5.013350 -1.625788
 H 3.894701 3.552315 -1.245110
 H 3.725178 -5.227449 -4.062717
 H 2.472913 -5.726032 -3.104783
 H -1.886055 4.174904 -3.373909
 H -2.300393 4.566950 -1.975064
 H 4.540355 0.218282 6.821519
 H 3.634751 0.603408 5.655444
 H -1.808941 -0.132655 2.085607
 H -3.273493 -0.202103 2.335343
 H -0.384287 -1.674028 -3.971390
 H 0.054430 -2.887367 -3.156757
 H -0.434235 -3.910238 -4.863229
 H 0.943804 -3.609305 -5.435014
 H 6.584471 -5.755856 5.210714
 H 5.799184 -4.976213 4.112882
 H 5.245727 -3.701259 0.015710
 H 3.927100 -3.545628 -0.711094
 H 5.249024 0.037262 2.244389
 H 4.137551 -0.676471 3.048780
 H 1.617654 3.984335 -5.232451
 H 2.045322 4.869594 -4.096331
 H -0.632398 -6.431010 0.032098
 H -1.841565 -5.946193 0.787441
 H -5.531962 -1.042431 -5.634701
 H -5.421953 -2.542861 -5.325621
 H -3.820846 1.001088 -0.530053
 H -5.231342 1.534826 -0.079906
 H 4.774338 2.910347 -3.223012
 H 4.331292 1.504444 -3.101674
 H 3.451449 -0.512951 -0.897506
 H 2.603806 0.089731 -2.114842
 H -5.855897 -1.409630 1.117373
 H -5.035010 -2.685315 1.459730
 H 1.548351 3.145463 1.810575
 H 1.575616 2.656332 0.326661
K_POINTS
 1
0.0 0.0 0.0 1.0