
&control
    calculation='scf'
    pseudo_dir = './',
    outdir='./outputs',
    disk_io='high'
/
&system
    ibrav= 1, celldm(1)=20.000000, nat=  192, ntyp= 2,
    ecutwfc = 30.0, nosym=.true., occupations='smearing',
    smearing='m-v', degauss=0.025
/
&electrons
    conv_thr =  1.0d-8,
    mixing_beta = 0.7
/
&ions
    pot_extrapolation='second-order'
    wfc_extrapolation='second-order'
    ion_temperature = 'andersen'
    tempw = 1000

/
ATOMIC_SPECIES
 H  1.01  H.blyp-hgh.UPF
 O  16.0  O.blyp-hgh.UPF
ATOMIC_POSITIONS bohr
 O -5.198136 -1.309256 -1.906752
 O 3.532011 -2.291462 5.638036
 O -5.680832 5.831697 -5.369323
 O 0.193513 3.919637 -1.114116
 O -4.749013 0.929798 3.891924
 O -0.317753 6.138381 5.510333
 O -0.451108 -5.389520 -2.969922
 O 2.425301 0.385339 4.085208
 O -2.655241 -5.533833 5.902057
 O 2.608518 -2.500451 2.539198
 O 2.649615 -6.461887 2.907628
 O -3.983471 -3.524040 4.583369
 O -4.533034 -5.903162 0.514938
 O -3.462493 -5.414557 -3.983353
 O 2.873064 -3.187742 -2.377827
 O -2.223500 2.455669 -0.247565
 O -1.428589 -2.495620 2.478277
 O 0.252533 -4.608925 3.846236
 O 4.820178 -4.599569 -4.885024
 O 4.933424 5.154745 2.287791
 O 5.468118 -3.344995 3.508371
 O -3.103574 -2.504809 -3.920722
 O -1.222639 2.843354 -4.815646
 O 4.169293 2.267710 2.838433
 O 2.542672 1.554832 -3.662414
 O -4.166148 2.555625 -6.288702
 O 4.751087 -5.745739 -0.921969
 O 1.847933 -0.610189 -5.262539
 O -1.850113 -0.052701 -5.168544
 O 1.294328 -0.519774 1.144200
 O 5.077887 -1.773004 -3.452819
 O 4.991242 -0.187857 -0.122070
 O 0.182044 4.679183 3.290405
 O -4.677696 0.577598 -4.176919
 O 1.080703 -3.863972 -0.292821
 O 4.392620 4.430178 -5.227482
 O 2.615206 5.732420 5.603300
 O -5.577905 4.914148 -1.828926
 O -0.228208 0.930216 -2.247292
 O -3.393419 -4.024188 -0.879312
 O -2.959764 5.548601 3.160868
 O -2.151929 2.925637 4.827622
 O -2.298871 -1.273515 -0.742779
 O -1.428853 -1.435875 5.098359
 O 0.755294 1.818693 5.481176
 O -4.552639 3.257339 1.300644
 O 3.242488 4.280799 -1.194532
 O 2.786953 -5.609582 -4.013236
 O -2.697382 4.229835 -2.812751
 O 4.578472 0.639011 5.959251
 O -2.576574 0.496878 2.204443
 O -0.397125 -2.028545 -3.051242
 O 0.001970 -3.440348 -5.604055
 O 5.999855 -5.883158 4.442220
 O 4.319984 -3.424630 0.185676
 O 4.850149 -0.843266 2.393356
 O 1.651265 3.928620 -4.248890
 O -1.438839 -5.888042 -0.108992
 O -5.176739 -1.876810 -6.000309
 O -4.722068 1.183130 -0.848312
 O 4.973677 2.138230 -2.679206
 O 2.522504 -0.370297 -1.247522
 O -4.953212 -1.800852 1.078576
 O 1.725725 2.377208 1.242309
 H -4.733016 -1.816561 -1.199712
 H -4.980876 -0.401657 -1.544296
 H 4.178359 -1.712178 5.196384
 H 2.717983 -2.207750 5.114117
 H -6.349720 5.111623 -5.246622
 H -5.347522 6.162107 -4.506230
 H 0.175386 3.024626 -1.514891
 H 1.096710 4.235940 -1.329160
 H -5.701519 0.698110 3.912680
 H -4.753303 1.624164 4.611528
 H 0.052565 6.862084 4.880010
 H 0.394816 5.973183 6.155915
 H -0.748130 -5.540981 -2.052382
 H -1.019502 -5.975293 -3.508626
 H 2.814360 1.261970 3.847329
 H 1.646125 0.647820 4.633943
 H -3.174931 -6.174198 6.408618
 H -1.751028 -5.931698 5.742933
 H 2.031681 -1.802693 2.887199
 H 2.529576 -2.445099 1.576135
 H 3.610498 -6.649297 2.711157
 H 2.277094 -6.799458 2.075551
 H -4.009917 -4.173644 5.310813
 H -4.751059 -2.951969 4.765654
 H -4.704083 -6.838494 0.719056
 H -4.144808 -5.745562 -0.356964
 H -3.207760 -4.456020 -3.917833
 H -3.050154 -5.923990 -3.265955
 H 2.538400 -2.269416 -2.492150
 H 2.160956 -3.670578 -1.907439
 H -1.650943 3.049874 -0.752225
 H -1.816724 2.091918 0.577877
 H -0.800423 -3.101648 2.086210
 H -0.840017 -1.887245 3.012864
 H 1.115994 -4.282817 3.507855
 H -0.435782 -3.926400 3.716299
 H 5.534622 -5.117968 -5.346590
 H 5.336938 -3.874897 -4.482435
 H 5.773202 4.960706 2.794423
 H 5.053889 4.975341 1.340938
 H 5.440029 -2.571302 2.894817
 H 4.559225 -3.684165 3.381488
 H -2.338264 -2.391481 -3.314827
 H -2.784249 -2.533607 -4.838333
 H -0.339706 3.007833 -4.401431
 H -1.368179 1.884744 -4.606864
 H 4.293095 3.193426 3.129398
 H 3.685333 2.387776 1.989632
 H 2.320580 1.001553 -4.445526
 H 2.340578 2.510709 -3.847184
 H -4.388411 2.044478 -5.485306
 H -3.216591 2.438503 -6.565888
 H 4.771657 -5.644865 0.043879
 H 5.644060 -5.992686 -1.243104
 H 2.570396 -1.257209 -5.455095
 H 1.385439 -0.488873 -6.109890
 H -2.003316 -0.450649 -6.066124
 H -2.707848 -0.001023 -4.716699
 H 1.574130 0.424409 1.200374
 H 1.339110 -0.648897 0.160252
 H 4.258965 -2.051432 -3.017878
 H 5.697992 -1.644340 -2.692036
 H 5.012136 0.619464 -0.684626
 H 5.663304 -0.749463 -0.539025
 H 0.070148 5.142615 4.163745
 H -0.767341 4.587033 3.062440
 H -3.939751 0.738191 -3.548541
 H -5.424600 0.625249 -3.556005
 H 0.313933 -4.382121 -0.622632
 H 0.609619 -3.022092 -0.092468
 H 3.794110 4.769113 -5.960543
 H 4.539004 3.494096 -5.498855
 H 2.711809 5.419368 4.665187
 H 3.180015 6.529319 5.686215
 H -6.154484 4.252319 -1.391683
 H -4.834820 4.360072 -2.142755
 H -1.064643 1.322972 -1.939213
 H 0.225581 0.498271 -1.495836
 H -3.052598 -3.571872 -0.097920
 H -4.349180 -3.860390 -0.972486
 H -3.361869 5.626298 2.273150
 H -3.447090 6.190103 3.706344
 H -2.705029 2.974827 4.011815
 H -2.160902 3.853052 5.135653
 H -2.781025 -2.082090 -0.510539
 H -2.421019 -0.720725 0.057231
 H -2.074778 -2.171273 4.943757
 H -0.780561 -1.836992 5.722360
 H 0.104274 2.188444 6.140807
 H 0.365588 2.066916 4.622187
 H -4.289674 2.685455 2.051338
 H -4.020497 2.927955 0.541396
 H 3.727463 5.016367 -1.622758
 H 3.899926 3.554942 -1.236948
 H 3.714832 -5.211931 -4.078785
 H 2.481317 -5.710663 -3.100861
 H -1.891636 4.155969 -3.381389
 H -2.312067 4.559363 -1.977859
 H 4.523579 0.232608 6.832652
 H 3.631045 0.618692 5.664568
 H -1.797987 -0.113241 2.088546
 H -3.254404 -0.210767 2.345270
 H -0.409479 -1.670374 -3.978174
 H 0.055513 -2.887568 -3.170106
 H -0.441784 -3.915534 -4.871906
 H 0.943695 -3.618919 -5.441669
 H 6.583571 -5.738972 5.213101
 H 5.793504 -4.980437 4.109079
 H 5.239174 -3.701724 0.029006
 H 3.932119 -3.533977 -0.718065
 H 5.251973 0.033334 2.234266
 H 4.147174 -0.681451 3.055562
 H 1.614709 3.987680 -5.231945
 H 2.024984 4.874132 -4.100568
 H -0.624049 -6.417726 0.026616
 H -1.827608 -5.941919 0.790050
 H -5.555673 -1.059005 -5.618095
 H -5.419744 -2.561185 -5.350342
 H -3.821475 0.999057 -0.523569
 H -5.232133 1.548362 -0.093221
 H 4.772178 2.916547 -3.242138
 H 4.333671 1.514619 -3.115721
 H 3.446213 -0.522148 -0.890342
 H 2.594088 0.072678 -2.122158
 H -5.848758 -1.410432 1.114122
 H -5.039686 -2.696810 1.444885
 H 1.532356 3.145449 1.809489
 H 1.579085 2.660029 0.328780
K_POINTS
 1
0.0 0.0 0.0 1.0