
&control
    calculation='scf'
    pseudo_dir = './',
    outdir='./outputs',
    disk_io='high'
/
&system
    ibrav= 1, celldm(1)=20.000000, nat=  192, ntyp= 2,
    ecutwfc = 30.0, nosym=.true., occupations='smearing',
    smearing='m-v', degauss=0.025
/
&electrons
    conv_thr =  1.0d-8,
    mixing_beta = 0.7
/
&ions
    pot_extrapolation='second-order'
    wfc_extrapolation='second-order'
    ion_temperature = 'andersen'
    tempw = 1000

/
ATOMIC_SPECIES
 H  1.01  H.blyp-hgh.UPF
 O  16.0  O.blyp-hgh.UPF
ATOMIC_POSITIONS bohr
 O -5.199592 -1.309578 -1.901052
 O 3.529627 -2.295853 5.641564
 O -5.675591 5.837333 -5.369583
 O 0.199336 3.915450 -1.109972
 O -4.750721 0.931458 3.887813
 O -0.315138 6.142209 5.519771
 O -0.457484 -5.389563 -2.963695
 O 2.423118 0.395894 4.096084
 O -2.656158 -5.536642 5.902260
 O 2.611996 -2.499619 2.546516
 O 2.649825 -6.464345 2.908818
 O -3.982051 -3.528074 4.585184
 O -4.535708 -5.909352 0.514207
 O -3.459487 -5.411104 -3.980085
 O 2.873501 -3.191342 -2.373901
 O -2.223332 2.450455 -0.259703
 O -1.431217 -2.502842 2.483808
 O 0.254356 -4.608495 3.840206
 O 4.815977 -4.600226 -4.880180
 O 4.930918 5.155987 2.289678
 O 5.462066 -3.347047 3.510368
 O -3.098636 -2.505881 -3.919063
 O -1.223397 2.845670 -4.809753
 O 4.169109 2.263589 2.834131
 O 2.548506 1.553328 -3.666308
 O -4.161295 2.557948 -6.282568
 O 4.756322 -5.743001 -0.918163
 O 1.843103 -0.600210 -5.267880
 O -1.845829 -0.050349 -5.170117
 O 1.295555 -0.524903 1.144722
 O 5.086102 -1.774998 -3.453608
 O 4.986292 -0.189607 -0.125597
 O 0.186377 4.676580 3.303127
 O -4.680985 0.575524 -4.174479
 O 1.079995 -3.864197 -0.290191
 O 4.392868 4.428713 -5.233249
 O 2.609221 5.738411 5.600868
 O -5.582933 4.921219 -1.825459
 O -0.229848 0.933410 -2.252127
 O -3.400720 -4.025222 -0.880861
 O -2.961369 5.550277 3.157253
 O -2.150672 2.926090 4.828970
 O -2.295976 -1.279621 -0.740676
 O -1.429969 -1.432881 5.102983
 O 0.756812 1.818965 5.486487
 O -4.555071 3.260500 1.299839
 O 3.242725 4.277942 -1.202306
 O 2.783655 -5.611894 -4.016734
 O -2.702034 4.232389 -2.818124
 O 4.572713 0.637678 5.967662
 O -2.573337 0.498314 2.202975
 O -0.388241 -2.026353 -3.059820
 O 0.002887 -3.439511 -5.606635
 O 6.004864 -5.884518 4.443032
 O 4.310437 -3.427485 0.187529
 O 4.857740 -0.843230 2.400167
 O 1.658297 3.923586 -4.250123
 O -1.442544 -5.892536 -0.115457
 O -5.174317 -1.873804 -6.001678
 O -4.719793 1.181146 -0.851801
 O 4.969749 2.150072 -2.687893
 O 2.515463 -0.370208 -1.246790
 O -4.950152 -1.809786 1.074470
 O 1.729613 2.381313 1.242001
 H -4.707880 -1.809605 -1.210999
 H -4.980301 -0.398010 -1.547336
 H 4.176960 -1.722621 5.192419
 H 2.714025 -2.206921 5.118898
 H -6.341092 5.113921 -5.257772
 H -5.366307 6.170476 -4.498580
 H 0.196821 3.029096 -1.528130
 H 1.102431 4.236804 -1.314098
 H -5.698903 0.677372 3.893996
 H -4.769120 1.617225 4.607718
 H 0.045223 6.865956 4.884063
 H 0.408864 5.970442 6.152608
 H -0.755696 -5.533904 -2.045131
 H -1.009239 -5.989967 -3.504006
 H 2.806333 1.267167 3.845581
 H 1.641600 0.652600 4.640787
 H -3.178511 -6.174543 6.409942
 H -1.751480 -5.932914 5.747139
 H 2.042297 -1.792992 2.889009
 H 2.530965 -2.452344 1.583465
 H 3.606542 -6.644701 2.699587
 H 2.268349 -6.795340 2.077140
 H -3.989229 -4.196197 5.296506
 H -4.750613 -2.955389 4.766624
 H -4.688966 -6.846714 0.722560
 H -4.156915 -5.761145 -0.362477
 H -3.226726 -4.446996 -3.906503
 H -3.033451 -5.911847 -3.264367
 H 2.542372 -2.274827 -2.492851
 H 2.149731 -3.658370 -1.908673
 H -1.653891 3.055846 -0.757579
 H -1.792302 2.129287 0.576042
 H -0.800392 -3.116034 2.084176
 H -0.837743 -1.881843 2.990985
 H 1.125866 -4.277266 3.527490
 H -0.426812 -3.917464 3.711365
 H 5.513256 -5.121375 -5.364749
 H 5.344708 -3.874354 -4.498836
 H 5.768906 4.944629 2.793776
 H 5.055354 4.967753 1.341885
 H 5.437478 -2.585177 2.883260
 H 4.547963 -3.676542 3.389059
 H -2.335610 -2.404089 -3.309541
 H -2.778880 -2.520829 -4.837832
 H -0.334217 3.006506 -4.408050
 H -1.368097 1.882692 -4.629890
 H 4.301239 3.186974 3.132730
 H 3.694025 2.404615 1.984624
 H 2.338234 1.004256 -4.454346
 H 2.342794 2.507382 -3.857252
 H -4.364897 2.053411 -5.467650
 H -3.219251 2.436316 -6.584549
 H 4.790295 -5.657167 0.049944
 H 5.646595 -5.976800 -1.256468
 H 2.556530 -1.252971 -5.463923
 H 1.376035 -0.490656 -6.115346
 H -1.983732 -0.454205 -6.068428
 H -2.709536 -0.004116 -4.728090
 H 1.566777 0.420880 1.199746
 H 1.346512 -0.660621 0.162629
 H 4.264068 -2.044011 -3.025421
 H 5.703117 -1.621598 -2.694948
 H 5.001617 0.612629 -0.689519
 H 5.655569 -0.748008 -0.543660
 H 0.054075 5.131462 4.176838
 H -0.757515 4.587229 3.069752
 H -3.927218 0.747966 -3.569861
 H -5.419530 0.623862 -3.544284
 H 0.321608 -4.380253 -0.637223
 H 0.613587 -3.017253 -0.103405
 H 3.792453 4.777151 -5.960308
 H 4.530128 3.496288 -5.523809
 H 2.699383 5.407295 4.669656
 H 3.160850 6.546110 5.666572
 H -6.147246 4.240369 -1.403962
 H -4.827574 4.383365 -2.131897
 H -1.052068 1.339575 -1.916714
 H 0.225922 0.484074 -1.507940
 H -3.044518 -3.575569 -0.107965
 H -4.353809 -3.860915 -0.946431
 H -3.380302 5.625631 2.278953
 H -3.442548 6.188974 3.708995
 H -2.729750 2.984118 4.031354
 H -2.167120 3.852605 5.139378
 H -2.778722 -2.091027 -0.523414
 H -2.399198 -0.736735 0.068090
 H -2.062606 -2.179428 4.954394
 H -0.787066 -1.829532 5.735119
 H 0.070150 2.177001 6.121422
 H 0.373679 2.065870 4.623232
 H -4.302200 2.689314 2.054548
 H -4.031762 2.903889 0.551306
 H 3.726008 5.020443 -1.618990
 H 3.904208 3.556842 -1.229348
 H 3.703637 -5.196863 -4.094631
 H 2.490429 -5.694195 -3.096536
 H -1.898833 4.135712 -3.389620
 H -2.324089 4.552082 -1.980329
 H 4.507206 0.246375 6.845043
 H 3.628611 0.633829 5.673194
 H -1.787505 -0.091913 2.091853
 H -3.235940 -0.217465 2.355849
 H -0.434404 -1.666429 -3.983191
 H 0.056358 -2.887472 -3.183171
 H -0.449540 -3.920965 -4.881197
 H 0.944187 -3.628672 -5.448265
 H 6.582387 -5.722975 5.215653
 H 5.788985 -4.984699 4.104958
 H 5.232564 -3.701991 0.042640
 H 3.937010 -3.521915 -0.724480
 H 5.254242 0.029280 2.224274
 H 4.156768 -0.686514 3.061791
 H 1.611922 3.990030 -5.231015
 H 2.004381 4.875898 -4.104458
 H -0.615974 -6.404793 0.020865
 H -1.814338 -5.936984 0.792268
 H -5.578779 -1.075948 -5.601646
 H -5.417380 -2.578942 -5.374895
 H -3.821825 0.997802 -0.516702
 H -5.232257 1.561409 -0.106626
 H 4.770848 2.923085 -3.260808
 H 4.335265 1.525154 -3.128967
 H 3.439894 -0.530837 -0.883186
 H 2.584263 0.056263 -2.129146
 H -5.841777 -1.411678 1.111657
 H -5.044674 -2.708496 1.431050
 H 1.515475 3.145826 1.808648
 H 1.582158 2.664719 0.330250
K_POINTS
 1
0.0 0.0 0.0 1.0