
&control
    calculation='scf'
    pseudo_dir = './',
    outdir='./outputs',
    disk_io='high'
/
&system
    ibrav= 1, celldm(1)=20.000000, nat=  192, ntyp= 2,
    ecutwfc = 30.0, nosym=.true., occupations='smearing',
    smearing='m-v', degauss=0.025
/
&electrons
    conv_thr =  1.0d-8,
    mixing_beta = 0.7
/
&ions
    pot_extrapolation='second-order'
    wfc_extrapolation='second-order'
    ion_temperature = 'andersen'
    tempw = 1000

/
ATOMIC_SPECIES
 H  1.01  H.blyp-hgh.UPF
 O  16.0  O.blyp-hgh.UPF
ATOMIC_POSITIONS bohr
 O -5.201442 -1.309827 -1.892905
 O 3.526224 -2.301775 5.646479
 O -5.668417 5.845097 -5.369969
 O 0.207139 3.909822 -1.104400
 O -4.753446 0.933843 3.882279
 O -0.311182 6.146906 5.532461
 O -0.465867 -5.389641 -2.955436
 O 2.420186 0.409852 4.110607
 O -2.657719 -5.540333 5.902238
 O 2.616533 -2.498975 2.556800
 O 2.650142 -6.467594 2.910223
 O -3.980094 -3.533381 4.587444
 O -4.539476 -5.917461 0.513914
 O -3.455669 -5.406447 -3.975618
 O 2.874185 -3.196036 -2.368824
 O -2.223271 2.443083 -0.275564
 O -1.434455 -2.512201 2.491403
 O 0.256988 -4.607590 3.831762
 O 4.811071 -4.600890 -4.874008
 O 4.928251 5.157270 2.292199
 O 5.453795 -3.349820 3.512790
 O -3.092326 -2.507694 -3.916752
 O -1.223921 2.848720 -4.801696
 O 4.168801 2.258226 2.828349
 O 2.556574 1.551026 -3.671397
 O -4.155362 2.561019 -6.274263
 O 4.763308 -5.739592 -0.913432
 O 1.836661 -0.586926 -5.274918
 O -1.839952 -0.046920 -5.171948
 O 1.296929 -0.531621 1.145123
 O 5.097219 -1.777463 -3.454738
 O 4.979483 -0.191523 -0.130440
 O 0.191939 4.672885 3.319937
 O -4.685158 0.572966 -4.171097
 O 1.078642 -3.864390 -0.286762
 O 4.393309 4.426213 -5.241188
 O 2.601370 5.746162 5.597715
 O -5.589729 4.930382 -1.820734
 O -0.231902 0.938037 -2.258563
 O -3.410348 -4.026668 -0.883499
 O -2.963383 5.552322 3.152183
 O -2.148741 2.926896 4.830166
 O -2.292008 -1.287451 -0.737747
 O -1.431360 -1.429186 5.109105
 O 0.758458 1.819638 5.493798
 O -4.558433 3.264691 1.298714
 O 3.243025 4.274030 -1.212629
 O 2.778692 -5.615454 -4.021347
 O -2.708018 4.235996 -2.825182
 O 4.564918 0.636084 5.978722
 O -2.568752 0.499642 2.200690
 O -0.376405 -2.023481 -3.071439
 O 0.004073 -3.438377 -5.609998
 O 6.011475 -5.886347 4.444084
 O 4.297729 -3.431063 0.189925
 O 4.868084 -0.843153 2.409438
 O 1.667564 3.917890 -4.252073
 O -1.447105 -5.898746 -0.123892
 O -5.171275 -1.869730 -6.003473
 O -4.716883 1.178439 -0.856552
 O 4.964573 2.165893 -2.699613
 O 2.506170 -0.370250 -1.245994
 O -4.945925 -1.821685 1.068794
 O 1.734999 2.386635 1.241769
 H -4.675363 -1.801012 -1.227374
 H -4.980700 -0.393223 -1.552892
 H 4.175781 -1.736538 5.187111
 H 2.709629 -2.205991 5.124128
 H -6.330282 5.118165 -5.271985
 H -5.390799 6.179881 -4.489129
 H 0.225934 3.034040 -1.546974
 H 1.110946 4.238260 -1.294297
 H -5.694420 0.649006 3.868773
 H -4.788358 1.607596 4.604172
 H 0.034697 6.870847 4.890866
 H 0.427613 5.967279 6.147813
 H -0.767249 -5.524507 -2.035874
 H -0.995282 -6.008872 -3.497585
 H 2.796839 1.273728 3.841827
 H 1.636167 0.659044 4.649906
 H -3.183626 -6.175208 6.413125
 H -1.752884 -5.934006 5.753827
 H 2.056433 -1.778317 2.889669
 H 2.533461 -2.461324 1.592444
 H 3.601465 -6.637356 2.685786
 H 2.253905 -6.789549 2.080310
 H -3.959652 -4.226705 5.277223
 H -4.750083 -2.959271 4.768387
 H -4.668727 -6.858664 0.724643
 H -4.171789 -5.784008 -0.370792
 H -3.252181 -4.435712 -3.890373
 H -3.011856 -5.894949 -3.261699
 H 2.546154 -2.282640 -2.492053
 H 2.134241 -3.641177 -1.909128
 H -1.656274 3.064680 -0.762967
 H -1.759956 2.181065 0.570562
 H -0.799499 -3.135900 2.079417
 H -0.837238 -1.876050 2.961002
 H 1.138345 -4.270026 3.553322
 H -0.414606 -3.905419 3.705473
 H 5.483273 -5.127809 -5.387792
 H 5.353208 -3.871823 -4.519727
 H 5.760560 4.925812 2.790985
 H 5.058397 4.956899 1.343721
 H 5.434575 -2.602982 2.868951
 H 4.532568 -3.665725 3.399453
 H -2.330509 -2.420220 -3.303832
 H -2.770993 -2.502768 -4.836595
 H -0.327687 3.004868 -4.416998
 H -1.368517 1.879755 -4.661832
 H 4.312779 3.177969 3.137182
 H 3.704857 2.425951 1.978428
 H 2.360607 1.007522 -4.465959
 H 2.345322 2.502263 -3.870927
 H -4.332899 2.064748 -5.445016
 H -3.223965 2.432964 -6.607651
 H 4.815754 -5.673064 0.057863
 H 5.650104 -5.956086 -1.273066
 H 2.538387 -1.247532 -5.476713
 H 1.363415 -0.492480 -6.121912
 H -1.958083 -0.458078 -6.071396
 H -2.712343 -0.010206 -4.744635
 H 1.556642 0.415530 1.200348
 H 1.357448 -0.676119 0.167518
 H 4.269895 -2.035967 -3.035354
 H 5.711006 -1.591664 -2.700217
 H 4.988077 0.603732 -0.695907
 H 5.647193 -0.748241 -0.551857
 H 0.034160 5.116733 4.194591
 H -0.744681 4.587010 3.078514
 H -3.911516 0.760818 -3.598663
 H -5.414261 0.622326 -3.528826
 H 0.332337 -4.378300 -0.655879
 H 0.620516 -3.010953 -0.118261
 H 3.790477 4.789199 -5.957985
 H 4.518622 3.500238 -5.556571
 H 2.681800 5.393883 4.675062
 H 3.134771 6.567893 5.639994
 H -6.137329 4.225157 -1.420911
 H -4.816815 4.415054 -2.118899
 H -1.035348 1.359456 -1.885300
 H 0.224654 0.465334 -1.525105
 H -3.034617 -3.581620 -0.118229
 H -4.360415 -3.860358 -0.910763
 H -3.405411 5.624917 2.287116
 H -3.436396 6.188813 3.714073
 H -2.761205 2.995879 4.058639
 H -2.174806 3.852111 5.144648
 H -2.775889 -2.102642 -0.541467
 H -2.369871 -0.758568 0.082681
 H -2.047271 -2.189553 4.967996
 H -0.795897 -1.820368 5.751807
 H 0.025601 2.159827 6.094049
 H 0.383660 2.065741 4.624642
 H -4.319673 2.694205 2.059203
 H -4.045218 2.873003 0.564880
 H 3.723932 5.027459 -1.612893
 H 3.908653 3.558208 -1.220249
 H 3.687378 -5.177603 -4.115339
 H 2.503718 -5.670544 -3.090600
 H -1.911048 4.106779 -3.401381
 H -2.340132 4.543063 -1.982757
 H 4.486032 0.263708 6.863879
 H 3.626765 0.653696 5.683666
 H -1.773389 -0.061189 2.096649
 H -3.212648 -0.223698 2.370992
 H -0.466950 -1.660783 -3.987408
 H 0.057230 -2.886954 -3.200465
 H -0.459905 -3.928261 -4.894818
 H 0.945512 -3.641902 -5.456887
 H 6.580392 -5.703164 5.219251
 H 5.784739 -4.990604 4.098893
 H 5.223559 -3.702047 0.061325
 H 3.943287 -3.505335 -0.732088
 H 5.256220 0.024229 2.211180
 H 4.169272 -0.693077 3.069512
 H 1.608451 3.991380 -5.229435
 H 1.977008 4.874358 -4.108733
 H -0.605738 -6.388079 0.012658
 H -1.797796 -5.929373 0.794464
 H -5.608548 -1.099110 -5.580112
 H -5.413928 -2.601894 -5.407356
 H -3.821984 0.997282 -0.507078
 H -5.231554 1.577986 -0.124589
 H 4.770441 2.932334 -3.284801
 H 4.336023 1.539578 -3.145289
 H 3.429262 -0.541394 -0.874122
 H 2.571205 0.035453 -2.137951
 H -5.832749 -1.414050 1.109546
 H -5.051808 -2.724387 1.414203
 H 1.491734 3.146708 1.807840
 H 1.585573 2.672515 0.330868
K_POINTS
 1
0.0 0.0 0.0 1.0