
&control
    calculation='scf'
    pseudo_dir = './',
    outdir='./outputs',
    disk_io='high'
/
&system
    ibrav= 1, celldm(1)=20.000000, nat=  192, ntyp= 2,
    ecutwfc = 30.0, nosym=.true., occupations='smearing',
    smearing='m-v', degauss=0.025
/
&electrons
    conv_thr =  1.0d-8,
    mixing_beta = 0.7
/
&ions
    pot_extrapolation='second-order'
    wfc_extrapolation='second-order'
    ion_temperature = 'andersen'
    tempw = 1000

/
ATOMIC_SPECIES
 H  1.01  H.blyp-hgh.UPF
 O  16.0  O.blyp-hgh.UPF
ATOMIC_POSITIONS bohr
 O -5.249125 -1.549809 -1.243221
 O 3.986542 -2.204114 5.399859
 O -5.718098 5.251830 -5.556685
 O -0.156531 3.578538 -1.576698
 O -4.715845 0.709128 3.834713
 O -0.237660 5.428646 5.186588
 O -0.128584 -5.366433 -3.405624
 O 2.294606 0.318881 3.685517
 O -2.857712 -5.299161 5.620942
 O 1.881100 -3.019577 1.642985
 O 2.505500 -6.070345 2.903861
 O -4.219661 -3.052851 4.352591
 O -4.422950 -5.959540 0.715768
 O -3.559048 -5.676884 -3.632150
 O 2.071838 -2.740713 -2.123300
 O -1.779354 2.508321 1.437907
 O -1.046975 -1.416111 1.674124
 O 0.252503 -4.241397 3.647465
 O 5.446601 -4.125654 -4.944129
 O 5.610811 4.808032 2.182374
 O 6.021353 -2.959276 3.246834
 O -3.228676 -3.024806 -3.817693
 O -0.911946 2.581504 -4.934239
 O 3.870123 2.350483 2.832364
 O 2.320904 1.286868 -3.119442
 O -4.916776 2.853950 -6.127061
 O 4.429639 -5.940517 -1.254551
 O 1.944446 -1.319865 -4.586300
 O -2.025271 0.256363 -4.832034
 O 0.836992 -0.323389 0.642647
 O 4.791019 -1.763465 -3.799271
 O 5.177286 0.063404 -0.025741
 O -0.331494 4.471701 1.826396
 O -5.287326 0.718695 -4.003857
 O 0.732500 -3.794354 -0.346997
 O 4.620544 3.442510 -4.294432
 O 3.568099 5.488532 5.814592
 O -5.078505 3.627047 -1.752972
 O -0.410272 1.042519 -1.574712
 O -2.976392 -3.294154 -1.178051
 O -2.596826 5.449497 3.391966
 O -1.490500 2.793919 3.811068
 O -2.642930 -0.208296 -0.666387
 O -1.513498 -2.220256 4.924344
 O 0.760087 1.774730 4.866578
 O -4.831129 3.416282 1.456778
 O 2.775071 3.885879 -0.536534
 O 2.675796 -5.954670 -3.544089
 O -2.673627 4.603569 -2.313835
 O 5.686533 0.529679 5.258725
 O -3.149920 0.164143 1.965030
 O -0.640720 -2.441455 -2.266505
 O 0.024530 -3.207108 -5.506297
 O 5.670403 -5.976078 4.455199
 O 5.164679 -2.975336 -0.236818
 O 4.717570 -0.699677 2.408152
 O 1.045112 4.300852 -4.376193
 O -0.584897 -5.743902 0.466929
 O -5.569858 -1.346952 -5.796864
 O -4.631224 1.472905 -0.947851
 O 5.227557 1.688624 -2.801387
 O 2.697588 -0.259490 -0.939617
 O -5.304904 -1.180668 1.196129
 O 1.509333 2.731331 1.424423
 H -4.767301 -1.707468 -0.405213
 H -4.519764 -1.433805 -1.880330
 H 3.521607 -2.995315 5.717382
 H 3.311187 -1.595229 5.053053
 H -6.246773 4.826737 -4.851789
 H -5.957653 4.661670 -6.295808
 H 0.324848 3.236551 -0.799588
 H 0.412946 4.226437 -2.023150
 H -5.454230 0.068211 3.816838
 H -5.118377 1.339243 4.468782
 H 0.202225 6.292901 5.116325
 H -0.192569 5.113528 6.105905
 H -0.389784 -5.643720 -2.510404
 H -0.778117 -5.850764 -3.945097
 H 2.424285 1.188580 3.252444
 H 1.383804 0.079695 3.437525
 H -3.502848 -5.597865 6.287583
 H -1.999278 -5.329391 6.077950
 H 1.904606 -2.041924 1.575807
 H 2.766021 -3.414725 1.693712
 H 3.295398 -6.217647 2.355443
 H 1.797685 -6.613941 2.513120
 H -3.584037 -3.516336 3.782018
 H -4.295726 -2.150894 3.995914
 H -3.506728 -6.215560 0.508526
 H -4.509198 -5.067874 0.329097
 H -4.468825 -5.626121 -3.292046
 H -3.535135 -6.579017 -3.998570
 H 2.162535 -1.771164 -2.046237
 H 2.392113 -3.081490 -1.266332
 H -1.517841 3.144612 0.748900
 H -1.407255 1.645316 1.187255
 H -0.361197 -1.882979 1.167000
 H -0.923634 -1.625054 2.615304
 H 0.922589 -3.562998 3.859411
 H -0.340154 -3.725772 3.071719
 H 5.925507 -4.761929 -5.502415
 H 6.102481 -3.584100 -4.469689
 H 5.534320 5.589191 2.776808
 H 6.030798 5.076477 1.343636
 H 5.317040 -2.590879 2.683468
 H 6.565070 -3.610533 2.779831
 H -2.361922 -2.828513 -4.211428
 H -3.944766 -2.960147 -4.467030
 H -0.481274 2.977332 -4.156278
 H -0.751512 1.614996 -4.873282
 H 4.699410 2.488486 3.319576
 H 3.432131 3.217758 2.799469
 H 2.902902 1.025559 -3.851047
 H 2.090569 2.229955 -3.174578
 H -5.024938 2.432327 -5.251542
 H -3.986368 3.111526 -6.234605
 H 4.206173 -5.045209 -1.566752
 H 5.386805 -5.889430 -1.092107
 H 2.776367 -1.136901 -5.056659
 H 1.190287 -1.015628 -5.116538
 H -2.115220 -0.485951 -5.451644
 H -2.855551 0.758545 -4.873003
 H 1.304024 0.527673 0.750596
 H 1.174673 -0.508555 -0.258554
 H 4.015383 -2.198643 -3.391361
 H 5.414289 -1.709573 -3.050160
 H 5.108240 1.028663 -0.109235
 H 5.960183 -0.272699 -0.556901
 H -0.609422 3.999967 2.653182
 H -0.387733 5.437146 1.937070
 H -4.731769 1.135984 -3.308060
 H -6.017203 0.459347 -3.394389
 H 0.707673 -4.713533 -0.661183
 H 0.767924 -3.916264 0.620899
 H 3.703752 3.696075 -4.101546
 H 4.601177 2.799465 -5.023340
 H 3.193079 4.941442 5.098444
 H 2.829973 6.109503 5.949381
 H -5.848310 3.885471 -1.218600
 H -4.776768 4.389416 -2.277704
 H -0.020170 0.356423 -2.143588
 H -1.326100 1.069906 -1.912483
 H -3.081157 -3.277804 -2.163709
 H -2.754223 -4.223815 -0.993664
 H -3.250222 5.856185 2.796787
 H -2.502067 6.047531 4.164719
 H -1.541621 1.823153 3.744419
 H -2.348982 3.134874 3.505293
 H -2.336157 -1.058106 -0.300922
 H -2.840139 0.258170 0.174092
 H -2.399807 -2.146625 5.326935
 H -1.317397 -3.159047 5.101358
 H 1.634269 1.674952 5.276826
 H 0.139502 2.259211 5.439832
 H -5.363139 3.424175 2.272452
 H -3.910312 3.170435 1.663361
 H 3.371798 4.580381 -0.198354
 H 2.832027 4.073989 -1.490452
 H 3.602462 -5.985489 -3.843946
 H 2.240051 -5.251814 -4.058411
 H -2.518024 3.878742 -2.951453
 H -2.093369 4.248373 -1.605944
 H 5.985065 0.128520 6.112288
 H 4.721743 0.426186 5.230083
 H -2.874895 -0.654402 2.408495
 H -3.680487 0.662588 2.626892
 H -0.064073 -3.227192 -2.314286
 H -0.242230 -2.070925 -1.457582
 H 0.413900 -3.451811 -4.647900
 H 0.769526 -3.152301 -6.127262
 H 4.960263 -5.519836 4.936505
 H 6.508776 -5.735480 4.878192
 H 5.678956 -3.547466 0.358315
 H 4.611240 -2.477780 0.390192
 H 4.294052 -0.455923 1.558506
 H 4.268722 -0.103055 3.037679
 H 1.403752 3.720857 -5.070908
 H 1.709566 4.994300 -4.099525
 H -0.898202 -6.425407 -0.152484
 H -1.342038 -5.195018 0.730751
 H -5.434434 -2.027363 -6.478742
 H -4.747856 -0.961215 -5.451982
 H -3.893331 2.103774 -1.015020
 H -4.800116 1.517728 0.010748
 H 5.806704 2.472930 -2.836591
 H 4.385051 1.995619 -2.430035
 H 3.548043 -0.591095 -0.573629
 H 2.981617 0.398335 -1.605397
 H -5.988613 -0.626995 1.625305
 H -4.855216 -1.633335 1.926158
 H 1.307327 3.694211 1.497350
 H 2.305738 2.612963 0.883062
K_POINTS
 1
0.0 0.0 0.0 1.0