
&control
    calculation='scf'
    pseudo_dir = './',
    outdir='./outputs',
    disk_io='high'
/
&system
    ibrav= 1, celldm(1)=20.000000, nat=  192, ntyp= 2,
    ecutwfc = 30.0, nosym=.true., occupations='smearing',
    smearing='m-v', degauss=0.025
/
&electrons
    conv_thr =  1.0d-8,
    mixing_beta = 0.7
/
&ions
    pot_extrapolation='second-order'
    wfc_extrapolation='second-order'
    ion_temperature = 'andersen'
    tempw = 1000

/
ATOMIC_SPECIES
 H  1.01  H.blyp-hgh.UPF
 O  16.0  O.blyp-hgh.UPF
ATOMIC_POSITIONS bohr
 O -5.202335 -1.309850 -1.888619
 O 3.524422 -2.304755 5.649011
 O -5.664750 5.849086 -5.370177
 O 0.211065 3.906975 -1.101602
 O -4.755003 0.935080 3.879456
 O -0.309009 6.149080 5.538852
 O -0.470002 -5.389683 -2.951326
 O 2.418718 0.416740 4.117862
 O -2.658659 -5.542159 5.902102
 O 2.618752 -2.498840 2.562162
 O 2.650288 -6.469203 2.910838
 O -3.979081 -3.536001 4.588495
 O -4.541438 -5.921464 0.514043
 O -3.453839 -5.404087 -3.973329
 O 2.874569 -3.198349 -2.366352
 O -2.223229 2.439241 -0.283319
 O -1.435915 -2.516860 2.495228
 O 0.258389 -4.606999 3.827374
 O 4.808918 -4.601133 -4.871064
 O 4.927212 5.157740 2.293418
 O 5.449560 -3.351227 3.513897
 O -3.089286 -2.508761 -3.915563
 O -1.223988 2.850244 -4.797604
 O 4.168628 2.255622 2.825442
 O 2.560725 1.549753 -3.673905
 O -4.152627 2.562534 -6.270043
 O 4.766802 -5.737990 -0.911197
 O 1.833428 -0.580295 -5.278418
 O -1.836947 -0.045078 -5.172749
 O 1.297500 -0.534942 1.145220
 O 5.102862 -1.778600 -3.455354
 O 4.975983 -0.192328 -0.132898
 O 0.194652 4.670943 3.328287
 O -4.687158 0.571774 -4.169369
 O 1.077815 -3.864440 -0.285082
 O 4.393572 4.424730 -5.245277
 O 2.597496 5.749936 5.596193
 O -5.593160 4.934854 -1.818331
 O -0.232890 0.940507 -2.261739
 O -3.415091 -4.027417 -0.885065
 O -2.964335 5.553265 3.149555
 O -2.147682 2.927398 4.830500
 O -2.289967 -1.291228 -0.736243
 O -1.432008 -1.427474 5.112158
 O 0.759057 1.820132 5.497551
 O -4.560166 3.266770 1.298151
 O 3.243154 4.272043 -1.217766
 O 2.775963 -5.617432 -4.023605
 O -2.710942 4.237872 -2.828697
 O 4.561002 0.635366 5.984199
 O -2.566380 0.500115 2.199418
 O -0.370508 -2.022057 -3.077291
 O 0.004653 -3.437809 -5.611640
 O 6.014752 -5.887253 4.444603
 O 4.291384 -3.432748 0.191091
 O 4.873362 -0.843140 2.414137
 O 1.672119 3.915451 -4.253179
 O -1.449218 -5.901945 -0.128012
 O -5.169843 -1.867660 -6.004343
 O -4.715463 1.177060 -0.858964
 O 4.962021 2.173827 -2.705538
 O 2.501573 -0.370352 -1.245654
 O -4.943749 -1.827636 1.065878
 O 1.737771 2.389251 1.241742
 H -4.659480 -1.797112 -1.236007
 H -4.981405 -0.390913 -1.556281
 H 4.175455 -1.743532 5.184521
 H 2.707848 -2.205629 5.126296
 H -6.325216 5.120731 -5.278812
 H -5.402781 6.183839 -4.484740
 H 0.240617 3.036099 -1.556857
 H 1.115605 4.239199 -1.284490
 H -5.691639 0.634612 3.856096
 H -4.797286 1.602776 4.603251
 H 0.029190 6.873180 4.894838
 H 0.436962 5.965948 6.145191
 H -0.773688 -5.519876 -2.031489
 H -0.988182 -6.018038 -3.494184
 H 2.792660 1.277046 3.839312
 H 1.633636 0.662362 4.654521
 H -3.186279 -6.175568 6.415295
 H -1.753877 -5.934365 5.757645
 H 2.063529 -1.770296 2.889239
 H 2.535010 -2.465558 1.596636
 H 3.599134 -6.633219 2.679588
 H 2.245549 -6.786496 2.082431
 H -3.944160 -4.241966 5.267490
 H -4.749749 -2.961139 4.769587
 H -4.658639 -6.865044 0.724632
 H -4.178699 -5.796271 -0.375303
 H -3.264932 -4.430420 -3.881935
 H -3.001388 -5.886205 -3.260159
 H 2.547429 -2.286564 -2.491017
 H 2.126302 -3.632352 -1.908776
 H -1.657033 3.069444 -0.765027
 H -1.744232 2.207665 0.566321
 H -0.799237 -3.145572 2.076531
 H -0.837837 -1.873599 2.945819
 H 1.144254 -4.266490 3.566071
 H -0.408382 -3.899357 3.702846
 H 5.467660 -5.131765 -5.398730
 H 5.356694 -3.869802 -4.529723
 H 5.755369 4.917537 2.788883
 H 5.060302 4.951217 1.345068
 H 5.433385 -2.611546 2.862250
 H 4.524766 -3.660051 3.404816
 H -2.327293 -2.427969 -3.301550
 H -2.766781 -2.493337 -4.835639
 H -0.324727 3.004021 -4.421486
 H -1.368913 1.878149 -4.678202
 H 4.318836 3.173207 3.139445
 H 3.709890 2.436078 1.975482
 H 2.371248 1.008952 -4.471711
 H 2.346455 2.499425 -3.877786
 H -4.316660 2.070236 -5.434274
 H -3.226805 2.431098 -6.618296
 H 4.828752 -5.680809 0.061582
 H 5.651888 -5.945989 -1.280809
 H 2.529600 -1.244973 -5.483469
 H 1.357045 -0.493097 -6.124817
 H -1.945531 -0.459619 -6.072839
 H -2.713942 -0.014094 -4.753496
 H 1.551468 0.412668 1.201226
 H 1.363366 -0.683764 0.170558
 H 4.272328 -2.032741 -3.040156
 H 5.715332 -1.576990 -2.703419
 H 4.981498 0.599624 -0.699180
 H 5.643907 -0.749359 -0.556811
 H 0.024992 5.109516 4.203689
 H -0.738705 4.586608 3.082272
 H -3.904167 0.767172 -3.613084
 H -5.412115 0.621723 -3.521148
 H 0.337798 -4.377557 -0.664890
 H 0.624580 -3.007851 -0.125782
 H 3.789579 4.795845 -5.955950
 H 4.513067 3.502620 -5.572670
 H 2.672625 5.388370 4.677435
 H 3.121516 6.578450 5.626510
 H -6.132380 4.217852 -1.429583
 H -4.810881 4.431168 -2.113107
 H -1.026868 1.368351 -1.869154
 H 0.223276 0.456133 -1.534282
 H -3.029932 -3.585129 -0.121952
 H -4.364203 -3.859535 -0.892562
 H -3.418191 5.624639 2.291269
 H -3.433265 6.189296 3.717289
 H -2.776231 3.001398 4.072668
 H -2.178314 3.851909 5.147526
 H -2.774599 -2.108312 -0.550786
 H -2.355184 -0.769755 0.090033
 H -2.040123 -2.194287 4.974445
 H -0.800248 -1.816086 5.759997
 H 0.004038 2.150365 6.079791
 H 0.388471 2.066169 4.625298
 H -4.328783 2.696576 2.061747
 H -4.051191 2.858103 0.571609
 H 3.722882 5.031573 -1.609388
 H 3.910409 3.558397 -1.216202
 H 3.678669 -5.168379 -4.125497
 H 2.510854 -5.658013 -3.087754
 H -1.918278 4.091541 -3.407461
 H -2.347963 4.538905 -1.983501
 H 4.475743 0.271952 6.874261
 H 3.626174 0.663464 5.688358
 H -1.765879 -0.045162 2.099139
 H -3.201692 -0.225827 2.379024
 H -0.482836 -1.657807 -3.988596
 H 0.057603 -2.886579 -3.209182
 H -0.464997 -3.931888 -4.902236
 H 0.946309 -3.648606 -5.461102
 H 6.579220 -5.693960 5.221103
 H 5.783367 -4.993702 4.095589
 H 5.218937 -3.701949 0.070872
 H 3.946307 -3.496889 -0.735458
 H 5.256764 0.022061 2.204729
 H 4.175297 -0.696160 3.073235
 H 1.606820 3.991214 -5.228652
 H 1.963579 4.872198 -4.110327
 H -0.600888 -6.379946 0.008284
 H -1.790042 -5.925128 0.795163
 H -5.622930 -1.110966 -5.569592
 H -5.412036 -2.613084 -5.423500
 H -3.822003 0.997493 -0.502132
 H -5.230910 1.585911 -0.133582
 H 4.770847 2.937193 -3.296347
 H 4.335765 1.546891 -3.152846
 H 3.422888 -0.546157 -0.869943
 H 2.564766 0.025529 -2.142117
 H -5.828361 -1.415546 1.108974
 H -5.055568 -2.732411 1.406455
 H 1.479417 3.147168 1.807505
 H 1.586981 2.677040 0.330570
K_POINTS
 1
0.0 0.0 0.0 1.0