
&control
    calculation='scf'
    pseudo_dir = './',
    outdir='./outputs',
    disk_io='high'
/
&system
    ibrav= 1, celldm(1)=20.000000, nat=  192, ntyp= 2,
    ecutwfc = 30.0, nosym=.true., occupations='smearing',
    smearing='m-v', degauss=0.025
/
&electrons
    conv_thr =  1.0d-8,
    mixing_beta = 0.7
/
&ions
    pot_extrapolation='second-order'
    wfc_extrapolation='second-order'
    ion_temperature = 'andersen'
    tempw = 1000

/
ATOMIC_SPECIES
 H  1.01  H.blyp-hgh.UPF
 O  16.0  O.blyp-hgh.UPF
ATOMIC_POSITIONS bohr
 O -5.204077 -1.309660 -1.879676
 O 3.520622 -2.310728 5.654186
 O -5.657265 5.857275 -5.370622
 O 0.219000 3.901166 -1.096018
 O -4.758498 0.937585 3.873633
 O -0.304290 6.153078 5.551729
 O -0.478147 -5.389761 -2.943146
 O 2.415804 0.430263 4.132327
 O -2.660909 -5.545788 5.901595
 O 2.623063 -2.498903 2.573301
 O 2.650491 -6.472387 2.911883
 O -3.976966 -3.541183 4.590428
 O -4.545487 -5.929404 0.514786
 O -3.450333 -5.399288 -3.968618
 O 2.875398 -3.202940 -2.361525
 O -2.222935 2.431329 -0.298412
 O -1.438448 -2.526342 2.502784
 O 0.261354 -4.605550 3.818293
 O 4.805214 -4.601437 -4.865489
 O 4.925688 5.158331 2.295664
 O 5.440865 -3.354090 3.515902
 O -3.083422 -2.511209 -3.913132
 O -1.223778 2.853295 -4.789332
 O 4.168255 2.250604 2.819603
 O 2.569245 1.546964 -3.678876
 O -4.147613 2.565507 -6.261444
 O 4.773794 -5.734982 -0.906945
 O 1.826932 -0.567064 -5.285417
 O -1.830818 -0.041144 -5.174121
 O 1.298400 -0.541541 1.145282
 O 5.114330 -1.780669 -3.456718
 O 4.968818 -0.193725 -0.137864
 O 0.199983 4.666881 3.344907
 O -4.691003 0.569562 -4.165867
 O 1.075922 -3.864456 -0.281796
 O 4.394184 4.421316 -5.253708
 O 2.589843 5.757286 5.593288
 O -5.600052 4.943573 -1.813455
 O -0.234838 0.945768 -2.267923
 O -3.424406 -4.028936 -0.888663
 O -2.966143 5.555013 3.144157
 O -2.145409 2.928637 4.830633
 O -2.285751 -1.298497 -0.733180
 O -1.433197 -1.424342 5.118271
 O 0.759666 1.821483 5.505241
 O -4.563727 3.270873 1.297056
 O 3.243345 4.268045 -1.227986
 O 2.770008 -5.621767 -4.027959
 O -2.716712 4.241745 -2.835746
 O 4.553212 0.634070 5.995123
 O -2.561567 0.500820 2.196637
 O -0.358789 -2.019208 -3.088998
 O 0.005809 -3.436683 -5.614840
 O 6.021254 -5.889026 4.445637
 O 4.278708 -3.435894 0.193366
 O 4.884158 -0.843235 2.423622
 O 1.680998 3.911298 -4.255647
 O -1.453102 -5.908522 -0.136023
 O -5.167193 -1.863445 -6.005986
 O -4.712652 1.174257 -0.863852
 O 4.957009 2.189754 -2.717522
 O 2.492469 -0.370734 -1.245068
 O -4.939283 -1.839571 1.059912
 O 1.743440 2.394461 1.241870
 H -4.628344 -1.790266 -1.253945
 H -4.983785 -0.386498 -1.564141
 H 4.175208 -1.757724 5.179675
 H 2.705163 -2.205167 5.129814
 H -6.315826 5.126629 -5.291931
 H -5.426150 6.190318 -4.476643
 H 0.270004 3.039661 -1.577320
 H 1.125646 4.241621 -1.264969
 H -5.684795 0.605634 3.830792
 H -4.814028 1.593346 4.603427
 H 0.017864 6.877662 4.903817
 H 0.455574 5.963861 6.139410
 H -0.787952 -5.510854 -2.023356
 H -0.973736 -6.035789 -3.486833
 H 2.785474 1.284051 3.832981
 H 1.628765 0.669355 4.664000
 H -3.191615 -6.176139 6.420678
 H -1.756274 -5.934815 5.766236
 H 2.077916 -1.753115 2.886827
 H 2.538797 -2.473608 1.604663
 H 3.595115 -6.624154 2.668546
 H 2.226761 -6.780019 2.087938
 H -3.912123 -4.271983 5.247746
 H -4.748721 -2.965214 4.772865
 H -4.638671 -6.878476 0.722667
 H -4.191601 -5.822283 -0.384693
 H -3.290377 -4.420624 -3.864477
 H -2.981191 -5.868144 -3.256745
 H 2.548854 -2.293907 -2.487923
 H 2.110232 -3.614566 -1.906833
 H -1.658289 3.079503 -0.768167
 H -1.714469 2.261852 0.554519
 H -0.800168 -3.163266 2.070521
 H -0.840132 -1.869131 2.915432
 H 1.155315 -4.259627 3.591186
 H -0.395669 -3.887185 3.698273
 H 5.435267 -5.140926 -5.419238
 H 5.362171 -3.864403 -4.548838
 H 5.743507 4.903174 2.783740
 H 5.064687 4.939475 1.348915
 H 5.431611 -2.627944 2.849730
 H 4.509089 -3.648188 3.415941
 H -2.319623 -2.442796 -3.298150
 H -2.757944 -2.473778 -4.832866
 H -0.319264 3.002101 -4.430383
 H -1.369960 1.874713 -4.711473
 H 4.331505 3.163010 3.144120
 H 3.719089 2.455124 1.969829
 H 2.391363 1.011301 -4.483076
 H 2.348570 2.493232 -3.891346
 H -4.283821 2.080978 -5.414311
 H -3.233408 2.426984 -6.637456
 H 4.855273 -5.695913 0.068117
 H 5.655432 -5.926432 -1.295117
 H 2.512824 -1.240251 -5.497518
 H 1.344105 -0.493607 -6.129757
 H -1.921100 -0.461838 -6.075622
 H -2.717431 -0.023539 -4.772384
 H 1.540990 0.406803 1.204034
 H 1.376092 -0.698764 0.177369
 H 4.276322 -2.027806 -3.049285
 H 5.724562 -1.548514 -2.710913
 H 4.968682 0.592596 -0.706184
 H 5.638956 -0.753453 -0.568200
 H 0.008500 5.095497 4.222418
 H -0.728206 4.585073 3.088166
 H -3.890630 0.779750 -3.641658
 H -5.408362 0.620918 -3.505942
 H 0.348667 -4.376534 -0.682348
 H 0.633644 -3.001638 -0.140955
 H 3.787915 4.810474 -5.950166
 H 4.502474 3.508042 -5.604231
 H 2.653616 5.379795 4.681335
 H 3.094580 6.598723 5.599105
 H -6.122730 4.203805 -1.447241
 H -4.797928 4.464029 -2.103004
 H -1.009328 1.383855 -1.836418
 H 0.219103 0.438181 -1.554051
 H -3.020968 -3.593271 -0.126710
 H -4.373085 -3.856862 -0.855461
 H -3.444192 5.624244 2.299544
 H -3.426738 6.191186 3.724935
 H -2.804793 3.011525 4.101130
 H -2.184484 3.851554 5.153989
 H -2.772291 -2.119342 -0.569826
 H -2.325932 -0.792837 0.104835
 H -2.027121 -2.203055 4.986428
 H -0.808544 -1.808051 5.776023
 H -0.037002 2.129606 6.050359
 H 0.398129 2.067907 4.626449
 H -4.347840 2.701285 2.067349
 H -4.061550 2.829500 0.584660
 H 3.720815 5.040752 -1.601413
 H 3.913135 3.557850 -1.209239
 H 3.660074 -5.150848 -4.145419
 H 2.526083 -5.631621 -3.082740
 H -1.934894 4.059639 -3.419755
 H -2.362859 4.531328 -1.983985
 H 4.455806 0.287773 6.896518
 H 3.625037 0.682619 5.696441
 H -1.749082 -0.012485 2.104163
 H -3.181361 -0.228528 2.396045
 H -0.513657 -1.651555 -3.989481
 H 0.058323 -2.885739 -3.227031
 H -0.474826 -3.939057 -4.918377
 H 0.947778 -3.662154 -5.469303
 H 6.576533 -5.677049 5.224834
 H 5.782091 -5.000263 4.088380
 H 5.209376 -3.701511 0.090337
 H 3.952082 -3.479813 -0.741277
 H 5.256939 0.018812 2.192005
 H 4.186669 -0.701697 3.080640
 H 1.603765 3.989073 -5.227457
 H 1.937732 4.865963 -4.112091
 H -0.591809 -6.364130 -0.001081
 H -1.775610 -5.915783 0.795590
 H -5.650526 -1.135326 -5.549250
 H -5.407799 -2.634854 -5.455752
 H -3.822112 0.998799 -0.492153
 H -5.229240 1.601041 -0.151530
 H 4.772905 2.947415 -3.318432
 H 4.333882 1.561614 -3.166694
 H 3.408008 -0.554531 -0.862536
 H 2.552217 0.006663 -2.149906
 H -5.819823 -1.419156 1.108740
 H -5.063413 -2.748380 1.392240
 H 1.454128 3.147718 1.806770
 H 1.589228 2.687179 0.328936
K_POINTS
 1
0.0 0.0 0.0 1.0