
&control
    calculation='scf'
    pseudo_dir = './',
    outdir='./outputs',
    disk_io='high'
/
&system
    ibrav= 1, celldm(1)=20.000000, nat=  192, ntyp= 2,
    ecutwfc = 30.0, nosym=.true., occupations='smearing',
    smearing='m-v', degauss=0.025
/
&electrons
    conv_thr =  1.0d-8,
    mixing_beta = 0.7
/
&ions
    pot_extrapolation='second-order'
    wfc_extrapolation='second-order'
    ion_temperature = 'andersen'
    tempw = 1000

/
ATOMIC_SPECIES
 H  1.01  H.blyp-hgh.UPF
 O  16.0  O.blyp-hgh.UPF
ATOMIC_POSITIONS bohr
 O -5.206644 -1.308762 -1.865474
 O 3.514474 -2.319639 5.662112
 O -5.645710 5.870049 -5.371348
 O 0.231264 3.891967 -1.087830
 O -4.764637 0.941342 3.864336
 O -0.296366 6.158199 5.571276
 O -0.490026 -5.389824 -2.930961
 O 2.411613 0.449810 4.153835
 O -2.665358 -5.551235 5.900292
 O 2.629109 -2.499666 2.590928
 O 2.650407 -6.477040 2.912984
 O -3.973483 -3.548881 4.592907
 O -4.551742 -5.941320 0.516829
 O -3.445438 -5.391842 -3.961160
 O 2.876633 -3.209824 -2.354495
 O -2.221421 2.419232 -0.319856
 O -1.441199 -2.541488 2.513540
 O 0.266211 -4.602751 3.803973
 O 4.801152 -4.601414 -4.857954
 O 4.924558 5.158371 2.298235
 O 5.427197 -3.358526 3.518387
 O -3.075079 -2.515616 -3.909362
 O -1.222793 2.857821 -4.776836
 O 4.167654 2.243623 2.810770
 O 2.582524 1.542176 -3.686308
 O -4.141204 2.569787 -6.248122
 O 4.784308 -5.730955 -0.900989
 O 1.817126 -0.547398 -5.295995
 O -1.821389 -0.034634 -5.175631
 O 1.299109 -0.551415 1.145298
 O 5.131905 -1.783262 -3.459128
 O 4.957879 -0.195603 -0.145483
 O 0.207763 4.660374 3.369748
 O -4.696469 0.566655 -4.160558
 O 1.072654 -3.864317 -0.277056
 O 4.395324 4.415167 -5.266987
 O 2.578571 5.767859 5.589341
 O -5.610289 4.956039 -1.806031
 O -0.237872 0.954529 -2.276585
 O -3.437996 -4.031065 -0.895025
 O -2.968712 5.557432 3.135852
 O -2.141701 2.931183 4.829520
 O -2.279056 -1.308674 -0.728503
 O -1.434688 -1.420452 5.127516
 O 0.758724 1.824521 5.517138
 O -4.569234 3.276771 1.295522
 O 3.243420 4.262104 -1.243165
 O 2.759846 -5.629136 -4.033909
 O -2.725343 4.247842 -2.846411
 O 4.541809 0.632380 6.011770
 O -2.554395 0.501641 2.191910
 O -0.341454 -2.014873 -3.106330
 O 0.007640 -3.435034 -5.619449
 O 6.030890 -5.891531 4.447215
 O 4.259726 -3.440012 0.196659
 O 4.901029 -0.843799 2.437984
 O 1.693522 3.906485 -4.259982
 O -1.458054 -5.918810 -0.147373
 O -5.163859 -1.856968 -6.008064
 O -4.708369 1.169946 -0.871297
 O 4.949782 2.213794 -2.735830
 O 2.478910 -0.371772 -1.244414
 O -4.932349 -1.857686 1.050707
 O 1.752127 2.402469 1.242449
 H -4.583033 -1.782492 -1.282204
 H -4.989468 -0.380247 -1.578029
 H 4.175423 -1.779980 5.173936
 H 2.703268 -2.205288 5.133164
 H -6.303656 5.137103 -5.310423
 H -5.459494 6.196712 -4.466130
 H 0.313427 3.044972 -1.608735
 H 1.141851 4.246715 -1.235598
 H -5.670989 0.562379 3.793556
 H -4.837205 1.579750 4.609019
 H 0.000634 6.884123 4.919433
 H 0.483381 5.962324 6.129309
 H -0.812921 -5.498194 -2.013147
 H -0.951468 -6.060993 -3.474051
 H 2.777396 1.295676 3.820398
 H 1.621468 0.681245 4.679173
 H -3.199143 -6.175868 6.430892
 H -1.760283 -5.935168 5.781468
 H 2.100535 -1.725450 2.879252
 H 2.546507 -2.484995 1.616870
 H 3.591068 -6.609023 2.654998
 H 2.194139 -6.769267 2.099835
 H -3.862545 -4.313953 5.217033
 H -4.745774 -2.973459 4.780615
 H -4.609698 -6.899619 0.715467
 H -4.209311 -5.864313 -0.398175
 H -3.328104 -4.408157 -3.837368
 H -2.952959 -5.839727 -3.251017
 H 2.548675 -2.302321 -2.481473
 H 2.086711 -3.588324 -1.900836
 H -1.661417 3.095174 -0.771517
 H -1.676126 2.343804 0.528293
 H -0.807443 -3.183245 2.062695
 H -0.844497 -1.862045 2.870722
 H 1.169738 -4.249968 3.627744
 H -0.375952 -3.868829 3.693190
 H 5.384168 -5.156910 -5.446013
 H 5.366675 -3.853723 -4.575619
 H 5.724657 4.886478 2.775721
 H 5.072168 4.921248 1.357856
 H 5.430624 -2.650669 2.833135
 H 4.485748 -3.629141 3.433749
 H -2.305562 -2.463283 -3.296070
 H -2.744079 -2.443040 -4.826177
 H -0.311535 2.998222 -4.443180
 H -1.371737 1.869813 -4.761943
 H 4.351818 3.145768 3.151705
 H 3.730536 2.480388 1.961947
 H 2.418459 1.013324 -4.499497
 H 2.351654 2.482837 -3.910685
 H -4.234148 2.096731 -5.388897
 H -3.245419 2.419852 -6.660045
 H 4.896257 -5.717646 0.074546
 H 5.660425 -5.899025 -1.313507
 H 2.489972 -1.234030 -5.519309
 H 1.323879 -0.492160 -6.134864
 H -1.886426 -0.462773 -6.079424
 H -2.723051 -0.041722 -4.803479
 H 1.525183 0.398320 1.210517
 H 1.397395 -0.720319 0.187755
 H 4.281183 -2.023704 -3.061733
 H 5.739252 -1.508811 -2.724731
 H 4.950231 0.586023 -0.718439
 H 5.634042 -0.762888 -0.587688
 H -0.011015 5.075641 4.251666
 H -0.716804 4.580730 3.092299
 H -3.873699 0.798321 -3.682959
 H -5.402624 0.620940 -3.483867
 H 0.364239 -4.376024 -0.707307
 H 0.648706 -2.991893 -0.163906
 H 3.785520 4.835927 -5.937471
 H 4.488172 3.517110 -5.649973
 H 2.623724 5.373131 4.684600
 H 3.053115 6.626575 5.556858
 H -6.109286 4.184065 -1.474422
 H -4.776664 4.515434 -2.091437
 H -0.980746 1.400907 -1.787623
 H 0.209825 0.412364 -1.587462
 H -3.008588 -3.609166 -0.128374
 H -4.389169 -3.850773 -0.798230
 H -3.484126 5.624078 2.311748
 H -3.415503 6.195244 3.738533
 H -2.843778 3.023997 4.143639
 H -2.191092 3.850895 5.165951
 H -2.769434 -2.134899 -0.598877
 H -2.282884 -0.829757 0.127117
 H -2.011387 -2.214218 5.001593
 H -0.819294 -1.797151 5.798993
 H -0.091634 2.093833 6.004788
 H 0.413921 2.072482 4.627791
 H -4.378769 2.708717 2.077072
 H -4.073297 2.790178 0.603031
 H 3.717831 5.055818 -1.586767
 H 3.915592 3.555084 -1.201978
 H 3.629240 -5.127109 -4.174452
 H 2.551065 -5.589101 -3.078044
 H -1.964632 4.008522 -3.437866
 H -2.382430 4.521584 -1.982715
 H 4.427690 0.310692 6.931330
 H 3.621888 0.710265 5.704851
 H -1.717592 0.036412 2.111560
 H -3.154996 -0.229872 2.424049
 H -0.557093 -1.641405 -3.988124
 H 0.059544 -2.884667 -3.255624
 H -0.488435 -3.949693 -4.945778
 H 0.948496 -3.682661 -5.480954
 H 6.571697 -5.655647 5.230319
 H 5.783703 -5.011038 4.075897
 H 5.194072 -3.700296 0.120300
 H 3.960024 -3.454138 -0.747627
 H 5.254671 0.017265 2.173346
 H 4.201601 -0.707851 3.092103
 H 1.599716 3.981143 -5.227574
 H 1.902855 4.855027 -4.110260
 H -0.579885 -6.341626 -0.016794
 H -1.756755 -5.899754 0.793369
 H -5.688466 -1.173742 -5.521097
 H -5.399889 -2.665602 -5.504587
 H -3.822999 1.002727 -0.477552
 H -5.226427 1.622005 -0.178190
 H 4.779121 2.964168 -3.348897
 H 4.327447 1.583812 -3.184169
 H 3.381196 -0.564084 -0.854160
 H 2.534589 -0.019180 -2.159940
 H -5.807499 -1.426083 1.110460
 H -5.075700 -2.771199 1.373845
 H 1.415413 3.146307 1.804835
 H 1.591400 2.704379 0.325128
K_POINTS
 1
0.0 0.0 0.0 1.0