
&control
    calculation='scf'
    pseudo_dir = './',
    outdir='./outputs',
    disk_io='high'
/
&system
    ibrav= 1, celldm(1)=20.000000, nat=  192, ntyp= 2,
    ecutwfc = 30.0, nosym=.true., occupations='smearing',
    smearing='m-v', degauss=0.025
/
&electrons
    conv_thr =  1.0d-8,
    mixing_beta = 0.7
/
&ions
    pot_extrapolation='second-order'
    wfc_extrapolation='second-order'
    ion_temperature = 'andersen'
    tempw = 1000

/
ATOMIC_SPECIES
 H  1.01  H.blyp-hgh.UPF
 O  16.0  O.blyp-hgh.UPF
ATOMIC_POSITIONS bohr
 O -5.210993 -1.305998 -1.840178
 O 3.503294 -2.334103 5.675370
 O -5.625954 5.892309 -5.372706
 O 0.253579 3.874583 -1.075469
 O -4.776718 0.947812 3.847381
 O -0.281413 6.164460 5.604423
 O -0.508851 -5.389600 -2.910775
 O 2.405758 0.480448 4.188639
 O -2.676145 -5.560597 5.896857
 O 2.637528 -2.501891 2.622187
 O 2.648771 -6.484286 2.913822
 O -3.966284 -3.561950 4.595845
 O -4.562063 -5.962201 0.521344
 O -3.438229 -5.378574 -3.947449
 O 2.877620 -3.221279 -2.342934
 O -2.214156 2.400188 -0.352168
 O -1.443227 -2.570072 2.529340
 O 0.275389 -4.596596 3.778545
 O 4.798060 -4.600018 -4.847573
 O 4.924390 5.156603 2.299405
 O 5.402638 -3.366336 3.521193
 O -3.061893 -2.524675 -3.902638
 O -1.220303 2.864624 -4.756239
 O 4.166575 2.233511 2.795721
 O 2.605874 1.532478 -3.699133
 O -4.133357 2.576438 -6.224979
 O 4.801963 -5.725481 -0.891856
 O 1.800974 -0.515766 -5.314072
 O -1.805464 -0.022335 -5.176870
 O 1.298444 -0.568012 1.146144
 O 5.161421 -1.786386 -3.464220
 O 4.940375 -0.199221 -0.159373
 O 0.219457 4.648437 3.411236
 O -4.705044 0.562815 -4.151764
 O 1.066617 -3.863917 -0.269722
 O 4.397903 4.402758 -5.290608
 O 2.560208 5.784494 5.583983
 O -5.626086 4.974773 -1.793684
 O -0.243847 0.971756 -2.288827
 O -3.460573 -4.033061 -0.906809
 O -2.973232 5.561622 3.121967
 O -2.135046 2.937688 4.824387
 O -2.266840 -1.323757 -0.720630
 O -1.436323 -1.416485 5.143344
 O 0.751019 1.832455 5.537289
 O -4.578417 3.285239 1.293155
 O 3.242897 4.252878 -1.268013
 O 2.739812 -5.643254 -4.041689
 O -2.740253 4.258922 -2.864094
 O 4.523828 0.629863 6.041583
 O -2.542738 0.503144 2.182599
 O -0.313274 -2.007332 -3.133837
 O 0.011382 -3.432286 -5.626919
 O 6.046660 -5.895267 4.449992
 O 4.228174 -3.445066 0.202028
 O 4.931252 -0.845804 2.462098
 O 1.711573 3.900420 -4.268906
 O -1.464023 -5.936857 -0.164333
 O -5.160435 -1.846121 -6.009965
 O -4.700655 1.162605 -0.883801
 O 4.938777 2.254093 -2.767124
 O 2.455510 -0.374655 -1.244165
 O -4.920526 -1.888948 1.035045
 O 1.766402 2.417338 1.243818
 H -4.512235 -1.774368 -1.333485
 H -5.002246 -0.369209 -1.603352
 H 4.176010 -1.821153 5.171169
 H 2.704451 -2.208194 5.133516
 H -6.287918 5.158251 -5.339152
 H -5.509434 6.200263 -4.452112
 H 0.380920 3.060247 -1.657679
 H 1.167523 4.258322 -1.185092
 H -5.639278 0.493209 3.736124
 H -4.874041 1.554835 4.629380
 H -0.026553 6.895123 4.948832
 H 0.530872 5.964250 6.109240
 H -0.864212 -5.480309 -2.002492
 H -0.913062 -6.099792 -3.447219
 H 2.768342 1.314888 3.793624
 H 1.608506 0.706699 4.707488
 H -3.208644 -6.169454 6.451843
 H -1.765806 -5.936057 5.812812
 H 2.143384 -1.679073 2.856340
 H 2.566283 -2.504021 1.642234
 H 3.588971 -6.581713 2.638097
 H 2.131685 -6.748595 2.130158
 H -3.780836 -4.368464 5.162094
 H -4.736542 -2.996672 4.803325
 H -4.566239 -6.933821 0.695706
 H -4.237618 -5.937942 -0.412129
 H -3.388553 -4.394109 -3.792238
 H -2.911870 -5.789696 -3.240551
 H 2.545647 -2.307110 -2.468656
 H 2.055282 -3.548561 -1.883611
 H -1.677367 3.119507 -0.780032
 H -1.634974 2.472490 0.466284
 H -0.837558 -3.195996 2.055696
 H -0.849356 -1.845524 2.800053
 H 1.187334 -4.235991 3.684741
 H -0.341821 -3.837973 3.689474
 H 5.295357 -5.185106 -5.478231
 H 5.364594 -3.833210 -4.617287
 H 5.703907 4.867739 2.771808
 H 5.085240 4.889845 1.378286
 H 5.433496 -2.683934 2.811546
 H 4.448294 -3.594133 3.466410
 H -2.278421 -2.492643 -3.300822
 H -2.721315 -2.389708 -4.808116
 H -0.296795 2.987710 -4.461775
 H -1.373268 1.868256 -4.843959
 H 4.388783 3.111950 3.166663
 H 3.742975 2.512936 1.951263
 H 2.455045 1.012070 -4.523366
 H 2.357552 2.463850 -3.937784
 H -4.153046 2.121861 -5.358811
 H -3.269217 2.405393 -6.678984
 H 4.966943 -5.751433 0.073848
 H 5.667095 -5.859875 -1.336159
 H 2.457540 -1.223476 -5.554639
 H 1.286235 -0.482360 -6.137896
 H -1.834488 -0.456890 -6.084220
 H -2.731612 -0.081386 -4.861397
 H 1.499288 0.386794 1.225493
 H 1.438757 -0.752566 0.199316
 H 4.293463 -2.022726 -3.080090
 H 5.763920 -1.453778 -2.753363
 H 4.921466 0.585357 -0.743245
 H 5.623722 -0.779257 -0.619550
 H -0.028263 5.045302 4.300665
 H -0.705440 4.568516 3.087460
 H -3.856141 0.828497 -3.744170
 H -5.387392 0.625296 -3.450608
 H 0.386867 -4.376446 -0.746014
 H 0.674262 -2.973324 -0.202381
 H 3.781008 4.887189 -5.907118
 H 4.469277 3.531264 -5.723095
 H 2.571122 5.378192 4.681939
 H 2.981331 6.664946 5.483855
 H -6.089729 4.155030 -1.522043
 H -4.743456 4.609040 -2.080059
 H -0.926029 1.412292 -1.712603
 H 0.190022 0.370215 -1.652103
 H -2.992416 -3.649941 -0.124600
 H -4.413949 -3.838722 -0.700940
 H -3.551346 5.625006 2.333204
 H -3.389252 6.199611 3.761612
 H -2.898138 3.036384 4.209102
 H -2.192967 3.847777 5.193030
 H -2.765160 -2.156868 -0.646563
 H -2.215670 -0.899498 0.163370
 H -1.996269 -2.225923 5.017817
 H -0.830784 -1.781637 5.833092
 H -0.159965 2.022942 5.929937
 H 0.448465 2.085061 4.629595
 H -4.437292 2.724297 2.095915
 H -4.085098 2.737972 0.632519
 H 3.713031 5.078987 -1.553859
 H 3.916272 3.547573 -1.199737
 H 3.570753 -5.095246 -4.222126
 H 2.596211 -5.512803 -3.080678
 H -2.023683 3.915771 -3.464734
 H -2.405569 4.507049 -1.981069
 H 4.386377 0.350293 6.982053
 H 3.610476 0.752634 5.708850
 H -1.649764 0.115107 2.123899
 H -3.119688 -0.228385 2.477081
 H -0.620593 -1.622452 -3.982088
 H 0.062054 -2.884130 -3.310923
 H -0.508571 -3.968734 -4.998060
 H 0.942447 -3.716735 -5.498327
 H 6.562149 -5.630910 5.239052
 H 5.794945 -5.030624 4.050020
 H 5.165769 -3.697080 0.171418
 H 3.971118 -3.412873 -0.752134
 H 5.241987 0.022412 2.143932
 H 4.221108 -0.710927 3.112013
 H 1.594710 3.955884 -5.235022
 H 1.859251 4.845707 -4.092978
 H -0.564276 -6.308208 -0.047400
 H -1.733245 -5.868551 0.781315
 H -5.740808 -1.242629 -5.482449
 H -5.380692 -2.709482 -5.589341
 H -3.827720 1.013050 -0.456486
 H -5.223416 1.652751 -0.221759
 H 4.797373 2.996827 -3.392928
 H 4.306903 1.621663 -3.204130
 H 3.332678 -0.572704 -0.846828
 H 2.509608 -0.055672 -2.171158
 H -5.787353 -1.441241 1.117798
 H -5.095905 -2.802525 1.349957
 H 1.352721 3.133520 1.797459
 H 1.593274 2.734414 0.322074
K_POINTS
 1
0.0 0.0 0.0 1.0