
&control
    calculation='scf'
    pseudo_dir = './',
    outdir='./outputs',
    disk_io='high'
/
&system
    ibrav= 1, celldm(1)=20.000000, nat=  192, ntyp= 2,
    ecutwfc = 30.0, nosym=.true., occupations='smearing',
    smearing='m-v', degauss=0.025
/
&electrons
    conv_thr =  1.0d-8,
    mixing_beta = 0.7
/
&ions
    pot_extrapolation='second-order'
    wfc_extrapolation='second-order'
    ion_temperature = 'andersen'
    tempw = 1000

/
ATOMIC_SPECIES
 H  1.01  H.blyp-hgh.UPF
 O  16.0  O.blyp-hgh.UPF
ATOMIC_POSITIONS bohr
 O -5.211437 -1.305672 -1.837555
 O 3.502124 -2.335517 5.676687
 O -5.623970 5.894575 -5.372851
 O 0.255993 3.872678 -1.074362
 O -4.778013 0.948510 3.845614
 O -0.279828 6.164938 5.607773
 O -0.510665 -5.389545 -2.908757
 O 2.405283 0.483400 4.192012
 O -2.677463 -5.561566 5.896430
 O 2.638230 -2.502131 2.625414
 O 2.648496 -6.484962 2.913865
 O -3.965427 -3.563295 4.596043
 O -4.563060 -5.964423 0.521802
 O -3.437576 -5.377180 -3.945980
 O 2.877576 -3.222395 -2.341768
 O -2.213041 2.398453 -0.355177
 O -1.443288 -2.573120 2.530801
 O 0.276376 -4.595888 3.775913
 O 4.797966 -4.599786 -4.846671
 O 4.924427 5.156328 2.299292
 O 5.400066 -3.367147 3.521389
 O -3.060596 -2.525683 -3.901924
 O -1.220042 2.865215 -4.754215
 O 4.166462 2.232595 2.794185
 O 2.608289 1.531381 -3.700473
 O -4.132762 2.577077 -6.222623
 O 4.803736 -5.725015 -0.890995
 O 1.799399 -0.512724 -5.315917
 O -1.803888 -0.021020 -5.176919
 O 1.298247 -0.569684 1.146323
 O 5.164336 -1.786629 -3.464815
 O 4.938736 -0.199641 -0.160903
 O 0.220470 4.647163 3.415386
 O -4.705871 0.562493 -4.150904
 O 1.065990 -3.863876 -0.269032
 O 4.398211 4.401408 -5.293053
 O 2.558396 5.786100 5.583528
 O -5.627523 4.976483 -1.792468
 O -0.244527 0.973670 -2.289888
 O -3.462899 -4.033088 -0.907974
 O -2.973735 5.562086 3.120591
 O -2.134364 2.938512 4.823665
 O -2.265546 -1.325146 -0.719844
 O -1.436424 -1.416281 5.144966
 O 0.749798 1.833438 5.539280
 O -4.579311 3.285951 1.292922
 O 3.242796 4.252027 -1.270461
 O 2.737610 -5.644760 -4.042300
 O -2.741803 4.260108 -2.865827
 O 4.522082 0.629624 6.044749
 O -2.541550 0.503301 2.181569
 O -0.310504 -2.006554 -3.136464
 O 0.011818 -3.431998 -5.627674
 O 6.048215 -5.895617 4.450278
 O 4.225020 -3.445434 0.202575
 O 4.934424 -0.846043 2.464518
 O 1.713162 3.899873 -4.269917
 O -1.464471 -5.938708 -0.165898
 O -5.160252 -1.845063 -6.010033
 O -4.699837 1.161873 -0.885046
 O 4.937761 2.258125 -2.770297
 O 2.453039 -0.375014 -1.244220
 O -4.919349 -1.892168 1.033473
 O 1.767778 2.418969 1.243942
 H -4.505640 -1.773681 -1.339012
 H -5.003584 -0.367957 -1.605823
 H 4.176074 -1.825579 5.171465
 H 2.704752 -2.208693 5.133165
 H -6.286586 5.160610 -5.341959
 H -5.513977 6.200253 -4.450889
 H 0.387171 3.062497 -1.662061
 H 1.169737 4.259609 -1.179884
 H -5.635664 0.486571 3.730843
 H -4.877754 1.551831 4.631797
 H -0.029068 6.896274 4.951868
 H 0.535812 5.964745 6.107074
 H -0.869997 -5.478771 -2.001879
 H -0.909158 -6.103509 -3.444155
 H 2.767523 1.316479 3.790764
 H 1.607207 0.709707 4.710487
 H -3.209356 -6.168294 6.454153
 H -1.766222 -5.936193 5.816339
 H 2.148119 -1.674672 2.853409
 H 2.568818 -2.506053 1.645283
 H 3.588919 -6.578954 2.636639
 H 2.125099 -6.746367 2.133870
 H -3.772999 -4.372558 5.156403
 H -4.735387 -2.999744 4.806367
 H -4.562364 -6.936980 0.693456
 H -4.240514 -5.945226 -0.412665
 H -3.394363 -4.393170 -3.787872
 H -2.908164 -5.784583 -3.239457
 H 2.545413 -2.307050 -2.467351
 H 2.053032 -3.545009 -1.881461
 H -1.680020 3.121675 -0.781558
 H -1.632535 2.484244 0.459378
 H -0.841517 -3.196134 2.055263
 H -0.849666 -1.843609 2.793185
 H 1.188662 -4.234753 3.690103
 H -0.338364 -3.834869 3.689415
 H 5.286468 -5.187780 -5.480565
 H 5.363793 -3.831180 -4.621381
 H 5.703156 4.866312 2.772547
 H 5.086528 4.886614 1.380343
 H 5.434062 -2.686985 2.809830
 H 4.444661 -3.590412 3.469849
 H -2.275631 -2.495255 -3.301825
 H -2.719175 -2.384321 -4.805909
 H -0.295076 2.986331 -4.463404
 H -1.373227 1.868921 -4.851783
 H 4.392670 3.108283 3.168350
 H 3.743755 2.515529 1.950431
 H 2.458104 1.011599 -4.525404
 H 2.358234 2.461934 -3.940018
 H -4.145231 2.124226 -5.356481
 H -3.271686 2.403770 -6.679563
 H 4.974123 -5.754646 0.073040
 H 5.667642 -5.856485 -1.337941
 H 2.454589 -1.222201 -5.557948
 H 1.282098 -0.480812 -6.137903
 H -1.829693 -0.455739 -6.084578
 H -2.732285 -0.085877 -4.867501
 H 1.496748 0.385825 1.227153
 H 1.443275 -0.755439 0.199906
 H 4.295387 -2.022862 -3.081820
 H 5.766340 -1.449173 -2.756487
 H 4.918739 0.585731 -0.745842
 H 5.622107 -0.780509 -0.622330
 H -0.028944 5.042416 4.305368
 H -0.704311 4.567041 3.086411
 H -3.855171 0.831459 -3.749597
 H -5.385296 0.626088 -3.447557
 H 0.388894 -4.376447 -0.749678
 H 0.676698 -2.971322 -0.206245
 H 3.780517 4.892799 -5.903529
 H 4.467725 3.532457 -5.730299
 H 2.565710 5.379750 4.681103
 H 2.973992 6.668217 5.476441
 H -6.087892 4.152452 -1.527025
 H -4.740760 4.619004 -2.079350
 H -0.920184 1.412355 -1.705747
 H 0.187990 0.365867 -1.659071
 H -2.991200 -3.655207 -0.124243
 H -4.415588 -3.837630 -0.691326
 H -3.557956 5.625186 2.335607
 H -3.385955 6.199608 3.763675
 H -2.902821 3.037027 4.215050
 H -2.192434 3.847220 5.196234
 H -2.764672 -2.158714 -0.651173
 H -2.209388 -0.907123 0.166872
 H -1.995519 -2.226515 5.018772
 H -0.831445 -1.780271 5.836112
 H -0.165232 2.015204 5.922848
 H 0.452694 2.086694 4.629789
 H -4.443638 2.726191 2.097889
 H -4.085901 2.733896 0.635575
 H 3.712563 5.080889 -1.549932
 H 3.916139 3.546765 -1.200256
 H 3.564509 -5.092622 -4.226983
 H 2.600790 -5.504962 -3.081695
 H -2.030060 3.906050 -3.467050
 H -2.407179 4.505517 -1.981358
 H 4.382646 0.354476 6.986151
 H 3.609077 0.756537 5.708676
 H -1.642586 0.122881 2.125223
 H -3.116449 -0.228046 2.482760
 H -0.626253 -1.620435 -3.981321
 H 0.062293 -2.884115 -3.317091
 H -0.510505 -3.970860 -5.003592
 H 0.941314 -3.720125 -5.499904
 H 6.561157 -5.629171 5.239937
 H 5.796603 -5.032610 4.047064
 H 5.162762 -3.696699 0.176555
 H 3.972069 -3.408944 -0.752219
 H 5.239954 0.023211 2.141176
 H 4.222834 -0.710722 3.113932
 H 1.594366 3.952647 -5.236229
 H 1.855986 4.845813 -4.090293
 H -0.562945 -6.305212 -0.050729
 H -1.731462 -5.865185 0.779579
 H -5.745270 -1.249751 -5.479191
 H -5.378272 -2.713255 -5.598117
 H -3.828400 1.014235 -0.454696
 H -5.223336 1.655551 -0.226087
 H 4.799690 3.000468 -3.396933
 H 4.304196 1.625599 -3.205493
 H 3.328188 -0.573161 -0.846413
 H 2.507456 -0.058853 -2.171881
 H -5.785302 -1.442964 1.118771
 H -5.097806 -2.805088 1.348007
 H 1.346771 3.131397 1.796426
 H 1.593426 2.737294 0.322325
K_POINTS
 1
0.0 0.0 0.0 1.0