
&control
    calculation='scf'
    pseudo_dir = './',
    outdir='./outputs',
    disk_io='high'
/
&system
    ibrav= 1, celldm(1)=20.000000, nat=  192, ntyp= 2,
    ecutwfc = 30.0, nosym=.true., occupations='smearing',
    smearing='m-v', degauss=0.025
/
&electrons
    conv_thr =  1.0d-8,
    mixing_beta = 0.7
/
&ions
    pot_extrapolation='second-order'
    wfc_extrapolation='second-order'
    ion_temperature = 'andersen'
    tempw = 1000

/
ATOMIC_SPECIES
 H  1.01  H.blyp-hgh.UPF
 O  16.0  O.blyp-hgh.UPF
ATOMIC_POSITIONS bohr
 O -5.212329 -1.305010 -1.832265
 O 3.499755 -2.338328 5.679313
 O -5.620008 5.899114 -5.373144
 O 0.260936 3.868775 -1.072229
 O -4.780631 0.949953 3.842062
 O -0.276621 6.165818 5.614490
 O -0.514257 -5.389414 -2.904721
 O 2.404403 0.489258 4.198687
 O -2.680220 -5.563527 5.895528
 O 2.639551 -2.502606 2.631915
 O 2.647890 -6.486280 2.913945
 O -3.963619 -3.566013 4.596375
 O -4.565024 -5.968961 0.522703
 O -3.436307 -5.374354 -3.942986
 O 2.877385 -3.224589 -2.339425
 O -2.210592 2.395105 -0.361089
 O -1.443352 -2.579267 2.533688
 O 0.278385 -4.594423 3.770608
 O 4.797871 -4.599276 -4.844929
 O 4.924523 5.155732 2.298956
 O 5.394869 -3.368786 3.521737
 O -3.058002 -2.527747 -3.900469
 O -1.219528 2.866335 -4.750192
 O 4.166234 2.230808 2.791095
 O 2.613159 1.529114 -3.703192
 O -4.131676 2.578345 -6.217900
 O 4.807285 -5.724126 -0.889303
 O 1.796282 -0.506718 -5.319627
 O -1.800761 -0.018349 -5.176981
 O 1.297784 -0.573032 1.146737
 O 5.170127 -1.787082 -3.466062
 O 4.935533 -0.200507 -0.164061
 O 0.222381 4.644570 3.423678
 O -4.707505 0.561878 -4.149206
 O 1.064722 -3.863794 -0.267680
 O 4.398855 4.398664 -5.297979
 O 2.554785 5.789283 5.582657
 O -5.630302 4.979808 -1.790053
 O -0.245928 0.977598 -2.291921
 O -3.467618 -4.033027 -0.910258
 O -2.974782 5.563045 3.117843
 O -2.132999 2.940260 4.822116
 O -2.262919 -1.327865 -0.718275
 O -1.436592 -1.415982 5.148233
 O 0.747113 1.835500 5.543230
 O -4.581077 3.287286 1.292458
 O 3.242565 4.250372 -1.275335
 O 2.733106 -5.647808 -4.043428
 O -2.744937 4.262525 -2.869263
 O 4.518602 0.629159 6.051177
 O -2.539131 0.503606 2.179455
 O -0.304986 -2.004989 -3.141646
 O 0.012720 -3.431407 -5.629198
 O 6.051311 -5.896310 4.450849
 O 4.218707 -3.446094 0.203685
 O 4.940849 -0.846520 2.469365
 O 1.716217 3.898803 -4.272001
 O -1.465293 -5.942431 -0.168967
 O -5.159972 -1.842975 -6.010102
 O -4.698178 1.160418 -0.887528
 O 4.935778 2.266185 -2.776661
 O 2.447997 -0.375765 -1.244381
 O -4.917007 -1.898660 1.030329
 O 1.770489 2.422314 1.244170
 H -4.492805 -1.772275 -1.350336
 H -5.006222 -0.365347 -1.610651
 H 4.176233 -1.834585 5.172386
 H 2.705404 -2.209810 5.132241
 H -6.284016 5.165462 -5.347572
 H -5.522794 6.200086 -4.448518
 H 0.399348 3.067441 -1.670469
 H 1.173889 4.262212 -1.169378
 H -5.628284 0.473457 3.720583
 H -4.885238 1.545384 4.636650
 H -0.033960 6.898601 4.957947
 H 0.545837 5.965894 6.102683
 H -0.881916 -5.475834 -2.000890
 H -0.901324 -6.110885 -3.437835
 H 2.765840 1.319344 3.785048
 H 1.604665 0.715990 4.716536
 H -3.210674 -6.165678 6.458892
 H -1.766996 -5.936479 5.823599
 H 2.157847 -1.666081 2.847247
 H 2.574218 -2.510247 1.651671
 H 3.588800 -6.573468 2.633783
 H 2.111823 -6.741844 2.141617
 H -3.757602 -4.379957 5.144985
 H -4.733009 -3.006298 4.812897
 H -4.554928 -6.943107 0.688933
 H -4.246379 -5.959600 -0.413242
 H -3.405829 -4.391524 -3.779274
 H -2.900957 -5.774337 -3.237239
 H 2.545102 -2.306748 -2.464765
 H 2.049132 -3.538202 -1.876950
 H -1.685982 3.125841 -0.785196
 H -1.628523 2.506937 0.445502
 H -0.849687 -3.196063 2.054362
 H -0.850287 -1.839776 2.779491
 H 1.191109 -4.232367 3.700615
 H -0.331449 -3.828657 3.689456
 H 5.268804 -5.192955 -5.484765
 H 5.361922 -3.827188 -4.629581
 H 5.702441 4.863688 2.774726
 H 5.089085 4.880076 1.384272
 H 5.435322 -2.692955 2.806648
 H 4.437447 -3.582852 3.476796
 H -2.270069 -2.500310 -3.304078
 H -2.715013 -2.373551 -4.801333
 H -0.291502 2.983384 -4.466534
 H -1.373016 1.870818 -4.867123
 H 4.400536 3.100830 3.171833
 H 3.745057 2.520372 1.948917
 H 2.463890 1.010458 -4.529256
 H 2.359657 2.458135 -3.944186
 H -4.129834 2.128833 -5.352068
 H -3.276577 2.400428 -6.680039
 H 4.988525 -5.760983 0.071112
 H 5.668684 -5.850019 -1.341291
 H 2.448799 -1.219444 -5.564392
 H 1.273589 -0.477391 -6.137793
 H -1.820306 -0.453118 -6.085229
 H -2.733473 -0.095079 -4.879825
 H 1.491693 0.383949 1.230506
 H 1.452497 -0.760935 0.200808
 H 4.299729 -2.023207 -3.085230
 H 5.771159 -1.440484 -2.762806
 H 4.913379 0.586546 -0.750981
 H 5.618454 -0.782687 -0.627568
 H -0.029772 5.036711 4.314583
 H -0.701805 4.564002 3.084155
 H -3.853657 0.837351 -3.760016
 H -5.380777 0.627893 -3.441586
 H 0.392836 -4.376363 -0.756882
 H 0.681468 -2.967290 -0.213985
 H 3.779533 4.904189 -5.896070
 H 4.464788 3.534693 -5.744693
 H 2.554816 5.383400 4.679141
 H 2.959245 6.674465 5.461594
 H -6.084231 4.147509 -1.537140
 H -4.735878 4.639239 -2.078126
 H -0.908398 1.411980 -1.692418
 H 0.183988 0.357014 -1.673245
 H -2.988998 -3.666428 -0.123695
 H -4.418161 -3.835602 -0.672294
 H -3.571042 5.625597 2.340631
 H -3.378973 6.199299 3.767600
 H -2.911761 3.037999 4.226554
 H -2.190953 3.845932 5.202894
 H -2.763618 -2.162190 -0.660266
 H -2.197112 -0.922745 0.173787
 H -1.994419 -2.227350 5.020317
 H -0.832505 -1.777651 5.841895
 H -0.175013 1.999442 5.909020
 H 0.461630 2.090196 4.630201
 H -4.456591 2.730197 2.101840
 H -4.087349 2.726437 0.641808
 H 3.711647 5.084387 -1.541727
 H 3.915777 3.545171 -1.201721
 H 3.551861 -5.087687 -4.236819
 H 2.609900 -5.489236 -3.084108
 H -2.043022 3.886411 -3.471409
 H -2.410007 4.502331 -1.982340
 H 4.375396 0.362974 6.993744
 H 3.606302 0.764110 5.708099
 H -1.628432 0.138454 2.127966
 H -3.109962 -0.227240 2.494280
 H -0.637161 -1.616349 -3.979697
 H 0.062730 -2.884048 -3.329797
 H -0.514376 -3.975288 -5.014765
 H 0.938814 -3.726904 -5.502959
 H 6.559189 -5.626074 5.241744
 H 5.800188 -5.036563 4.040952
 H 5.156662 -3.695915 0.186820
 H 3.973880 -3.401226 -0.752223
 H 5.235413 0.024823 2.135801
 H 4.226257 -0.710049 3.117650
 H 1.593785 3.945867 -5.238823
 H 1.850041 4.846564 -4.084488
 H -0.560370 -6.299438 -0.057508
 H -1.728215 -5.858346 0.775868
 H -5.753801 -1.264045 -5.472985
 H -5.373139 -2.720447 -5.615834
 H -3.829830 1.016639 -0.451305
 H -5.223321 1.661001 -0.234758
 H 4.804564 3.007963 -3.404763
 H 4.298445 1.633609 -3.207883
 H 3.319667 -0.573901 -0.845683
 H 2.503350 -0.064943 -2.173128
 H -5.781154 -1.446500 1.120817
 H -5.101504 -2.809918 1.344355
 H 1.335097 3.126699 1.794242
 H 1.593739 2.742917 0.323196
K_POINTS
 1
0.0 0.0 0.0 1.0