
&control
    calculation='scf'
    pseudo_dir = './',
    outdir='./outputs',
    disk_io='high'
/
&system
    ibrav= 1, celldm(1)=20.000000, nat=  192, ntyp= 2,
    ecutwfc = 30.0, nosym=.true., occupations='smearing',
    smearing='m-v', degauss=0.025
/
&electrons
    conv_thr =  1.0d-8,
    mixing_beta = 0.7
/
&ions
    pot_extrapolation='second-order'
    wfc_extrapolation='second-order'
    ion_temperature = 'andersen'
    tempw = 1000

/
ATOMIC_SPECIES
 H  1.01  H.blyp-hgh.UPF
 O  16.0  O.blyp-hgh.UPF
ATOMIC_POSITIONS bohr
 O -5.213677 -1.304007 -1.824220
 O 3.496131 -2.342511 5.683238
 O -5.614091 5.905930 -5.373590
 O 0.268653 3.862701 -1.069235
 O -4.784614 0.952258 3.836704
 O -0.271723 6.166958 5.624608
 O -0.519555 -5.389163 -2.898660
 O 2.403257 0.497940 4.208506
 O -2.684641 -5.566529 5.894050
 O 2.641323 -2.503284 2.641780
 O 2.646844 -6.488166 2.914072
 O -3.960657 -3.570150 4.596696
 O -4.567896 -5.976026 0.524002
 O -3.434506 -5.370022 -3.938358
 O 2.876816 -3.227760 -2.335881
 O -2.206387 2.390412 -0.369711
 O -1.443332 -2.588536 2.537985
 O 0.281475 -4.592108 3.762564
 O 4.797929 -4.598404 -4.842461
 O 4.924739 5.154722 2.298207
 O 5.386948 -3.371289 3.522160
 O -3.054105 -2.530956 -3.898215
 O -1.218777 2.867853 -4.744220
 O 4.165888 2.228228 2.786413
 O 2.620561 1.525532 -3.707376
 O -4.130309 2.580234 -6.210795
 O 4.812608 -5.722896 -0.886855
 O 1.791693 -0.497918 -5.325246
 O -1.796148 -0.014251 -5.176991
 O 1.296921 -0.578063 1.147491
 O 5.178708 -1.787689 -3.468091
 O 4.930918 -0.201856 -0.169069
 O 0.224936 4.640554 3.436079
 O -4.709902 0.561026 -4.146724
 O 1.062789 -3.863667 -0.265721
 O 4.399888 4.394458 -5.305451
 O 2.549401 5.793989 5.581435
 O -5.634222 4.984562 -1.786472
 O -0.248127 0.983735 -2.294753
 O -3.474884 -4.032633 -0.913537
 O -2.976456 5.564563 3.113731
 O -2.130950 2.943126 4.819537
 O -2.258881 -1.331803 -0.715932
 O -1.436752 -1.415811 5.153193
 O 0.742504 1.838819 5.549050
 O -4.583672 3.289061 1.291768
 O 3.242139 4.248012 -1.282585
 O 2.726106 -5.652453 -4.044884
 O -2.749725 4.266267 -2.874348
 O 4.513387 0.628501 6.061039
 O -2.535358 0.504024 2.176153
 O -0.296770 -2.002623 -3.149241
 O 0.014143 -3.430478 -5.631523
 O 6.055913 -5.897335 4.451699
 O 4.209220 -3.446882 0.205396
 O 4.950680 -0.847205 2.476656
 O 1.720500 3.897268 -4.275277
 O -1.466347 -5.948061 -0.173427
 O -5.159758 -1.839928 -6.010052
 O -4.695647 1.158269 -0.891227
 O 4.932928 2.278255 -2.786239
 O 2.440157 -0.376978 -1.244753
 O -4.913532 -1.908532 1.025614
 O 1.774449 2.427536 1.244450
 H -4.474543 -1.769971 -1.368047
 H -5.010009 -0.361163 -1.617528
 H 4.176611 -1.848437 5.174580
 H 2.706463 -2.211790 5.130290
 H -6.280351 5.173075 -5.356031
 H -5.535317 6.199531 -4.445134
 H 0.416765 3.075937 -1.682159
 H 1.179369 4.266147 -1.153398
 H -5.616949 0.454180 3.705992
 H -4.896645 1.534459 4.643763
 H -0.040940 6.902136 4.967044
 H 0.561265 5.968008 6.095970
 H -0.900646 -5.471772 -1.999976
 H -0.889517 -6.121834 -3.427903
 H 2.763125 1.322716 3.776595
 H 1.601094 0.726079 4.725674
 H -3.212440 -6.161029 6.466325
 H -1.768076 -5.936917 5.835001
 H 2.173071 -1.653771 2.837332
 H 2.583171 -2.516935 1.661925
 H 3.588451 -6.565378 2.629569
 H 2.091726 -6.734917 2.153963
 H -3.735287 -4.389106 5.127903
 H -4.729344 -3.017130 4.823827
 H -4.544623 -6.951808 0.682247
 H -4.255367 -5.980500 -0.412935
 H -3.422621 -4.389586 -3.766764
 H -2.890626 -5.758959 -3.233830
 H 2.545144 -2.306000 -2.460972
 H 2.044861 -3.528809 -1.869655
 H -1.696611 3.131657 -0.792364
 H -1.624536 2.538760 0.424945
 H -0.862174 -3.195516 2.052609
 H -0.851398 -1.834248 2.758971
 H 1.194310 -4.229005 3.715815
 H -0.321099 -3.819338 3.689897
 H 5.242748 -5.200203 -5.489950
 H 5.358531 -3.821384 -4.641962
 H 5.703190 4.860396 2.779696
 H 5.092883 4.870038 1.389504
 H 5.437492 -2.701600 2.802511
 H 4.426733 -3.571214 3.487356
 H -2.261811 -2.507483 -3.307997
 H -2.709121 -2.357440 -4.794143
 H -0.285849 2.978493 -4.470917
 H -1.372368 1.875153 -4.889250
 H 4.412551 3.089398 3.177318
 H 3.746363 2.526817 1.947037
 H 2.471739 1.008227 -4.534455
 H 2.361947 2.452569 -3.949653
 H -4.107405 2.135381 -5.345895
 H -3.283675 2.395175 -6.679136
 H 5.010218 -5.770281 0.067590
 H 5.670150 -5.841136 -1.345861
 H 2.440353 -1.214713 -5.573587
 H 1.260220 -0.471452 -6.137345
 H -1.806701 -0.448382 -6.086065
 H -2.734788 -0.109346 -4.898525
 H 1.484174 0.381221 1.235556
 H 1.466747 -0.768475 0.201595
 H 4.307514 -2.023872 -3.090194
 H 5.778364 -1.428770 -2.772366
 H 4.905588 0.587740 -0.758410
 H 5.611897 -0.785084 -0.634563
 H -0.029751 5.028316 4.327864
 H -0.697185 4.559283 3.080565
 H -3.852422 0.846108 -3.774506
 H -5.373230 0.631173 -3.432888
 H 0.398499 -4.375957 -0.767360
 H 0.688348 -2.961259 -0.225634
 H 3.778109 4.921549 -5.884198
 H 4.460764 3.537694 -5.766293
 H 2.538317 5.390150 4.675512
 H 2.936972 6.683145 5.439334
 H -6.078705 4.140659 -1.552720
 H -4.729961 4.670287 -2.076752
 H -0.890642 1.410306 -1.673357
 H 0.178216 0.343279 -1.695095
 H -2.986245 -3.684989 -0.123406
 H -4.420091 -3.833023 -0.644402
 H -3.590258 5.626343 2.348792
 H -3.367542 6.198061 3.772963
 H -2.924079 3.038706 4.242782
 H -2.187689 3.843538 5.213482
 H -2.761802 -2.166856 -0.673545
 H -2.179462 -0.947111 0.183927
 H -1.993735 -2.227697 5.021733
 H -0.833455 -1.774038 5.849873
 H -0.188007 1.975168 5.889285
 H 0.476249 2.096096 4.630902
 H -4.476655 2.736777 2.107724
 H -4.089149 2.717013 0.651498
 H 3.710346 5.088814 -1.528557
 H 3.915013 3.542878 -1.205001
 H 3.532563 -5.081076 -4.251969
 H 2.623342 -5.465615 -3.088599
 H -2.062963 3.856535 -3.477172
 H -2.413259 4.497177 -1.984932
 H 4.365017 0.376019 7.003685
 H 3.602420 0.774827 5.706787
 H -1.608204 0.161952 2.132373
 H -3.100007 -0.225645 2.511898
 H -0.652446 -1.610107 -3.977010
 H 0.063240 -2.883768 -3.349790
 H -0.520246 -3.982407 -5.031761
 H 0.934600 -3.737097 -5.507289
 H 6.556314 -5.622341 5.244589
 H 5.806219 -5.042404 4.031307
 H 5.147323 -3.694696 0.202166
 H 3.976370 -3.390038 -0.751862
 H 5.227381 0.027111 2.128123
 H 4.231441 -0.708421 3.122829
 H 1.593208 3.935050 -5.243038
 H 1.842539 4.848798 -4.074857
 H -0.556675 -6.291347 -0.067938
 H -1.724138 -5.847856 0.769780
 H -5.765682 -1.285507 -5.464391
 H -5.364695 -2.730364 -5.642792
 H -3.832069 1.020275 -0.446690
 H -5.223667 1.668790 -0.247838
 H 4.812437 3.019733 -3.416101
 H 4.289005 1.646044 -3.210649
 H 3.308264 -0.574625 -0.844770
 H 2.497680 -0.073375 -2.174552
 H -5.774787 -1.451993 1.124103
 H -5.106761 -2.816494 1.339520
 H 1.318176 3.118587 1.790758
 H 1.594250 2.750956 0.325408
K_POINTS
 1
0.0 0.0 0.0 1.0