
&control
    calculation='scf'
    pseudo_dir = './',
    outdir='./outputs',
    disk_io='high'
/
&system
    ibrav= 1, celldm(1)=20.000000, nat=  192, ntyp= 2,
    ecutwfc = 30.0, nosym=.true., occupations='smearing',
    smearing='m-v', degauss=0.025
/
&electrons
    conv_thr =  1.0d-8,
    mixing_beta = 0.7
/
&ions
    pot_extrapolation='second-order'
    wfc_extrapolation='second-order'
    ion_temperature = 'andersen'
    tempw = 1000

/
ATOMIC_SPECIES
 H  1.01  H.blyp-hgh.UPF
 O  16.0  O.blyp-hgh.UPF
ATOMIC_POSITIONS bohr
 O -5.250344 -1.550397 -1.251216
 O 3.985091 -2.202743 5.399436
 O -5.718441 5.256240 -5.554656
 O -0.156563 3.582727 -1.575375
 O -4.715036 0.711088 3.835662
 O -0.237084 5.429633 5.187876
 O -0.128206 -5.366821 -3.405913
 O 2.298248 0.314859 3.682798
 O -2.857398 -5.298778 5.621866
 O 1.883983 -3.015280 1.648900
 O 2.506328 -6.071375 2.903675
 O -4.216260 -3.052201 4.354829
 O -4.423618 -5.957356 0.716041
 O -3.560068 -5.676961 -3.634632
 O 2.078188 -2.740386 -2.127885
 O -1.784495 2.504978 1.429322
 O -1.051442 -1.421678 1.678062
 O 0.250564 -4.241745 3.650198
 O 5.446312 -4.129327 -4.945075
 O 5.605061 4.810607 2.182708
 O 6.018284 -2.960498 3.245913
 O -3.229148 -3.022465 -3.819727
 O -0.910804 2.583282 -4.934269
 O 3.871212 2.350914 2.833613
 O 2.321321 1.288170 -3.119601
 O -4.915107 2.850844 -6.128522
 O 4.430723 -5.941254 -1.254221
 O 1.945577 -1.318800 -4.587501
 O -2.025584 0.254118 -4.832408
 O 0.837920 -0.324025 0.646318
 O 4.790147 -1.762619 -3.796528
 O 5.178097 0.064382 -0.029752
 O -0.326864 4.475970 1.828731
 O -5.281456 0.718400 -4.005079
 O 0.731843 -3.795150 -0.348360
 O 4.618580 3.449977 -4.299738
 O 3.565609 5.487820 5.816357
 O -5.082055 3.633140 -1.758517
 O -0.407995 1.042476 -1.577423
 O -2.979856 -3.296912 -1.174683
 O -2.597543 5.450584 3.390299
 O -1.490924 2.794693 3.821515
 O -2.642310 -0.209898 -0.667852
 O -1.513708 -2.219064 4.922841
 O 0.756678 1.777627 4.870361
 O -4.827992 3.413443 1.456034
 O 2.777600 3.887310 -0.538517
 O 2.676798 -5.956879 -3.545588
 O -2.671558 4.602308 -2.314063
 O 5.680574 0.533669 5.260083
 O -3.146225 0.166660 1.965791
 O -0.642430 -2.439446 -2.270371
 O 0.024000 -3.210077 -5.505602
 O 5.671992 -5.975552 4.452415
 O 5.160757 -2.978762 -0.237060
 O 4.715719 -0.700230 2.410382
 O 1.048458 4.301487 -4.373992
 O -0.587755 -5.746301 0.466772
 O -5.567005 -1.349937 -5.794902
 O -4.631590 1.468075 -0.945415
 O 5.226304 1.683167 -2.793715
 O 2.701304 -0.260318 -0.943153
 O -5.304126 -1.183019 1.199542
 O 1.511534 2.727305 1.425972
 H -4.775339 -1.692481 -0.405876
 H -4.512987 -1.421353 -1.877186
 H 3.525107 -2.993313 5.723860
 H 3.310911 -1.600441 5.043855
 H -6.251909 4.828122 -4.856203
 H -5.949682 4.662298 -6.292542
 H 0.322592 3.231012 -0.805894
 H 0.413409 4.228677 -2.021482
 H -5.456352 0.075006 3.819163
 H -5.114061 1.334145 4.477352
 H 0.200225 6.292716 5.112910
 H -0.185862 5.110017 6.103148
 H -0.393105 -5.640130 -2.510898
 H -0.781970 -5.848023 -3.942533
 H 2.427479 1.184417 3.256388
 H 1.383673 0.083958 3.443517
 H -3.501484 -5.594862 6.287710
 H -1.999497 -5.331070 6.077127
 H 1.903459 -2.041667 1.568686
 H 2.765907 -3.415676 1.699714
 H 3.294553 -6.222251 2.355886
 H 1.795247 -6.608031 2.514602
 H -3.574770 -3.515862 3.791954
 H -4.302643 -2.155406 3.990321
 H -3.512748 -6.225110 0.503965
 H -4.501438 -5.067967 0.327314
 H -4.469018 -5.621921 -3.294423
 H -3.538793 -6.583054 -3.990122
 H 2.163836 -1.773548 -2.047601
 H 2.378196 -3.079931 -1.262988
 H -1.503975 3.144698 0.750262
 H -1.414427 1.641487 1.184397
 H -0.357498 -1.872276 1.168548
 H -0.922421 -1.625022 2.617969
 H 0.929489 -3.566454 3.843922
 H -0.338662 -3.727115 3.071317
 H 5.930524 -4.768413 -5.493311
 H 6.091662 -3.572216 -4.474600
 H 5.548752 5.584411 2.785959
 H 6.044963 5.074629 1.353043
 H 5.319005 -2.578685 2.686879
 H 6.560130 -3.614431 2.781763
 H -2.359134 -2.827168 -4.203206
 H -3.943227 -2.960505 -4.470116
 H -0.476839 2.975988 -4.158994
 H -0.773466 1.614269 -4.867746
 H 4.702088 2.491126 3.314648
 H 3.433300 3.216862 2.794233
 H 2.902128 1.022868 -3.848450
 H 2.079808 2.227018 -3.178036
 H -5.028016 2.422107 -5.259021
 H -3.987200 3.113150 -6.232374
 H 4.204091 -5.047843 -1.562848
 H 5.386689 -5.886218 -1.091754
 H 2.776945 -1.142928 -5.057090
 H 1.190257 -1.017496 -5.114882
 H -2.111424 -0.488127 -5.451921
 H -2.854276 0.757110 -4.875085
 H 1.296691 0.532807 0.751321
 H 1.179147 -0.500010 -0.256002
 H 4.017074 -2.197317 -3.390265
 H 5.410496 -1.708947 -3.047479
 H 5.112319 1.028796 -0.115336
 H 5.956821 -0.279811 -0.548221
 H -0.615271 3.993809 2.640954
 H -0.399507 5.439832 1.940376
 H -4.733258 1.125593 -3.298310
 H -6.021375 0.470098 -3.405144
 H 0.700554 -4.715401 -0.661966
 H 0.780475 -3.917381 0.619861
 H 3.701223 3.705085 -4.112037
 H 4.604889 2.799408 -5.021093
 H 3.195326 4.949067 5.092374
 H 2.825599 6.106467 5.948507
 H -5.844942 3.884408 -1.212521
 H -4.772584 4.402600 -2.265306
 H -0.021917 0.353182 -2.144592
 H -1.329733 1.054686 -1.901565
 H -3.071662 -3.271002 -2.155822
 H -2.746567 -4.226006 -1.000285
 H -3.257736 5.852945 2.801541
 H -2.510029 6.037787 4.167858
 H -1.537712 1.825096 3.733400
 H -2.343741 3.139029 3.503416
 H -2.328522 -1.058816 -0.306250
 H -2.847088 0.245637 0.176455
 H -2.404061 -2.152129 5.317073
 H -1.313491 -3.154411 5.105721
 H 1.630934 1.667206 5.276706
 H 0.139269 2.268426 5.436868
 H -5.360805 3.432665 2.270470
 H -3.909978 3.163310 1.657491
 H 3.371485 4.583319 -0.202735
 H 2.833705 4.078994 -1.491558
 H 3.602899 -5.976443 -3.841657
 H 2.236707 -5.249258 -4.047736
 H -2.512901 3.878799 -2.951018
 H -2.087772 4.244725 -1.612772
 H 5.987475 0.111153 6.098610
 H 4.717267 0.421018 5.233056
 H -2.865012 -0.654183 2.401582
 H -3.687998 0.652123 2.625124
 H -0.058397 -3.221131 -2.314434
 H -0.247532 -2.072558 -1.456807
 H 0.411143 -3.444033 -4.645705
 H 0.770861 -3.146054 -6.122878
 H 4.958460 -5.527286 4.935522
 H 6.509766 -5.733350 4.873888
 H 5.682823 -3.541672 0.359971
 H 4.617063 -2.473561 0.392038
 H 4.309316 -0.443402 1.555720
 H 4.255312 -0.113418 3.040449
 H 1.399094 3.726552 -5.075153
 H 1.699048 5.004630 -4.111800
 H -0.900670 -6.435327 -0.142603
 H -1.340050 -5.189664 0.725502
 H -5.438757 -2.023733 -6.481942
 H -4.749251 -0.959351 -5.448961
 H -3.898569 2.105565 -1.012870
 H -4.797334 1.513678 0.013036
 H 5.809589 2.463515 -2.828865
 H 4.382801 1.993872 -2.427894
 H 3.557683 -0.574231 -0.577219
 H 2.971090 0.396051 -1.614910
 H -5.996614 -0.636705 1.620336
 H -4.854648 -1.629343 1.934045
 H 1.282127 3.685589 1.491421
 H 2.304757 2.620788 0.879095
K_POINTS
 1
0.0 0.0 0.0 1.0