
&control
    calculation='scf'
    pseudo_dir = './',
    outdir='./outputs',
    disk_io='high'
/
&system
    ibrav= 1, celldm(1)=20.000000, nat=  192, ntyp= 2,
    ecutwfc = 30.0, nosym=.true., occupations='smearing',
    smearing='m-v', degauss=0.025
/
&electrons
    conv_thr =  1.0d-8,
    mixing_beta = 0.7
/
&ions
    pot_extrapolation='second-order'
    wfc_extrapolation='second-order'
    ion_temperature = 'andersen'
    tempw = 1000

/
ATOMIC_SPECIES
 H  1.01  H.blyp-hgh.UPF
 O  16.0  O.blyp-hgh.UPF
ATOMIC_POSITIONS bohr
 O -5.215947 -1.302348 -1.810546
 O 3.489873 -2.349415 5.689753
 O -5.604342 5.917245 -5.374335
 O 0.282336 3.852067 -1.064771
 O -4.791334 0.956545 3.827779
 O -0.263343 6.168426 5.641572
 O -0.528158 -5.388599 -2.888528
 O 2.401814 0.512187 4.224329
 O -2.692656 -5.571712 5.891226
 O 2.643712 -2.504267 2.658519
 O 2.644774 -6.491035 2.914395
 O -3.954994 -3.577165 4.596673
 O -4.572469 -5.988548 0.526015
 O -3.431787 -5.362571 -3.930282
 O 2.875057 -3.232593 -2.329896
 O -2.198045 2.383538 -0.383533
 O -1.443117 -2.603726 2.545279
 O 0.286793 -4.587948 3.748990
 O 4.798396 -4.596708 -4.838654
 O 4.925427 5.152702 2.296485
 O 5.373470 -3.375594 3.522622
 O -3.047560 -2.536568 -3.894264
 O -1.217576 2.869949 -4.734433
 O 4.165314 2.224138 2.778499
 O 2.633127 1.519079 -3.714632
 O -4.128736 2.583374 -6.198936
 O 4.821450 -5.721107 -0.883050
 O 1.784301 -0.483842 -5.334770
 O -1.788748 -0.007207 -5.176812
 O 1.295065 -0.586455 1.149042
 O 5.192711 -1.788525 -3.471984
 O 4.923700 -0.204139 -0.178198
 O 0.228309 4.633495 3.456573
 O -4.713722 0.559770 -4.142832
 O 1.059460 -3.863411 -0.262653
 O 4.401778 4.387278 -5.318102
 O 2.540511 5.801665 5.579555
 O -5.640072 4.991892 -1.780630
 O -0.251974 0.994530 -2.298923
 O -3.487556 -4.031134 -0.918484
 O -2.979527 5.567285 3.106863
 O -2.127560 2.948536 4.814602
 O -2.251895 -1.338015 -0.712071
 O -1.436767 -1.416262 5.161620
 O 0.733405 1.844888 5.558381
 O -4.587877 3.291406 1.290662
 O 3.241183 4.244414 -1.294489
 O 2.713841 -5.660316 -4.046681
 O -2.757921 4.272790 -2.882675
 O 4.504621 0.627574 6.077883
 O -2.528554 0.504554 2.170319
 O -0.283230 -1.998663 -3.161445
 O 0.016638 -3.428795 -5.635511
 O 6.063452 -5.899032 4.453061
 O 4.193334 -3.447645 0.208423
 O 4.967537 -0.848142 2.488892
 O 1.726859 3.894991 -4.281092
 O -1.467672 -5.957553 -0.180557
 O -5.159903 -1.835124 -6.009615
 O -4.691365 1.154821 -0.897318
 O 4.928524 2.298289 -2.802236
 O 2.426303 -0.379235 -1.245707
 O -4.907868 -1.925307 1.017761
 O 1.780758 2.436732 1.244736
 H -4.447135 -1.765192 -1.399631
 H -5.015573 -0.353607 -1.627708
 H 4.177943 -1.872203 5.180299
 H 2.708306 -2.215925 5.125541
 H -6.274561 5.186630 -5.370412
 H -5.554210 6.198036 -4.439926
 H 0.443462 3.092610 -1.699259
 H 1.186414 4.272639 -1.126253
 H -5.597771 0.423049 3.683967
 H -4.916236 1.512376 4.654389
 H -0.051595 6.907980 4.982041
 H 0.588044 5.972542 6.084499
 H -0.934023 -5.465860 -1.999864
 H -0.869692 -6.139897 -3.410272
 H 2.757810 1.325493 3.763247
 H 1.596250 0.744621 4.740784
 H -3.215144 -6.151463 6.479756
 H -1.770023 -5.937498 5.855316
 H 2.199982 -1.634917 2.819390
 H 2.600454 -2.529479 1.680414
 H 3.586860 -6.552514 2.622391
 H 2.058060 -6.723109 2.176096
 H -3.700453 -4.399522 5.100231
 H -4.723288 -3.037702 4.845094
 H -4.529955 -6.965108 0.672080
 H -4.270810 -6.012819 -0.409902
 H -3.449437 -4.387463 -3.747150
 H -2.874545 -5.733510 -3.227881
 H 2.547054 -2.304666 -2.454995
 H 2.042082 -3.515685 -1.856041
 H -1.718893 3.140230 -0.809885
 H -1.622521 2.585311 0.393228
 H -0.881767 -3.195421 2.047117
 H -0.854514 -1.826709 2.724526
 H 1.198661 -4.223968 3.739498
 H -0.304032 -3.803880 3.691545
 H 5.201154 -5.210603 -5.495951
 H 5.351776 -3.812173 -4.663023
 H 5.708084 4.857130 2.791874
 H 5.099161 4.852541 1.395762
 H 5.441662 -2.715233 2.797314
 H 4.409057 -3.551021 3.505143
 H -2.248384 -2.518418 -3.315567
 H -2.700458 -2.330830 -4.781645
 H -0.276015 2.969125 -4.477455
 H -1.370443 1.886433 -4.923312
 H 4.433054 3.069823 3.187053
 H 3.746770 2.535611 1.944956
 H 2.482584 1.003035 -4.541564
 H 2.366190 2.443829 -3.956547
 H -4.072134 2.145136 -5.336058
 H -3.294309 2.385794 -6.673808
 H 5.046553 -5.785274 0.060787
 H 5.672489 -5.828621 -1.352659
 H 2.426788 -1.205002 -5.587570
 H 1.236318 -0.459434 -6.135905
 H -1.785128 -0.438354 -6.087195
 H -2.735444 -0.133931 -4.929902
 H 1.471783 0.376538 1.243761
 H 1.491335 -0.778791 0.202169
 H 4.323768 -2.025294 -3.097867
 H 5.790521 -1.412764 -2.788066
 H 4.893342 0.588861 -0.769490
 H 5.598285 -0.786794 -0.643890
 H -0.026756 5.014796 4.348393
 H -0.686385 4.551234 3.074829
 H -3.852888 0.860491 -3.795446
 H -5.358959 0.638270 -3.418727
 H 0.407395 -4.374263 -0.783899
 H 0.699051 -2.951723 -0.245157
 H 3.776163 4.950439 -5.862647
 H 4.454879 3.541987 -5.802450
 H 2.510480 5.404477 4.667883
 H 2.899569 6.695976 5.402577
 H -6.069117 4.130874 -1.579894
 H -4.724177 4.723435 -2.075648
 H -0.861616 1.405210 -1.643787
 H 0.169381 0.319040 -1.733200
 H -2.982853 -3.720405 -0.124657
 H -4.417872 -3.830197 -0.600328
 H -3.620927 5.627963 2.364276
 H -3.346141 6.194060 3.780621
 H -2.941599 3.038070 4.266945
 H -2.179508 3.838227 5.232536
 H -2.757991 -2.173197 -0.694548
 H -2.152253 -0.990149 0.200176
 H -1.995032 -2.225816 5.021792
 H -0.833441 -1.769039 5.861117
 H -0.206306 1.933387 5.859567
 H 0.503840 2.107923 4.632413
 H -4.511666 2.749298 2.117216
 H -4.091130 2.705953 0.668558
 H 3.708536 5.093949 -1.504421
 H 3.913252 3.539452 -1.213409
 H 3.499858 -5.072200 -4.278671
 H 2.644732 -5.426507 -3.098043
 H -2.097522 3.806082 -3.484244
 H -2.415998 4.487343 -1.992479
 H 4.348842 0.398341 7.017103
 H 3.597653 0.790672 5.703946
 H -1.579098 0.201656 2.140690
 H -3.081952 -0.221623 2.541856
 H -0.674850 -1.599468 -3.971703
 H 0.063498 -2.882373 -3.385553
 H -0.530347 -3.995622 -5.060660
 H 0.926956 -3.754283 -5.513790
 H 6.551901 -5.618382 5.249867
 H 5.817935 -5.051808 4.014105
 H 5.131320 -3.692600 0.227495
 H 3.979911 -3.372571 -0.750496
 H 5.210677 0.029926 2.116474
 H 4.240693 -0.704283 3.130035
 H 1.593139 3.915883 -5.250346
 H 1.833545 4.854009 -4.057279
 H -0.550771 -6.279484 -0.085821
 H -1.719426 -5.829904 0.758614
 H -5.783423 -1.320840 -5.451624
 H -5.348653 -2.744724 -5.688536
 H -3.835655 1.026184 -0.440198
 H -5.225212 1.680696 -0.270025
 H 4.826882 3.040651 -3.434085
 H 4.271240 1.668212 -3.213221
 H 3.293585 -0.574923 -0.843544
 H 2.489500 -0.085414 -2.176041
 H -5.763690 -1.461480 1.130002
 H -5.114628 -2.826158 1.333334
 H 1.291548 3.102661 1.784909
 H 1.595255 2.763182 0.331155
K_POINTS
 1
0.0 0.0 0.0 1.0