
&control
    calculation='scf'
    pseudo_dir = './',
    outdir='./outputs',
    disk_io='high'
/
&system
    ibrav= 1, celldm(1)=20.000000, nat=  192, ntyp= 2,
    ecutwfc = 30.0, nosym=.true., occupations='smearing',
    smearing='m-v', degauss=0.025
/
&electrons
    conv_thr =  1.0d-8,
    mixing_beta = 0.7
/
&ions
    pot_extrapolation='second-order'
    wfc_extrapolation='second-order'
    ion_temperature = 'andersen'
    tempw = 1000

/
ATOMIC_SPECIES
 H  1.01  H.blyp-hgh.UPF
 O  16.0  O.blyp-hgh.UPF
ATOMIC_POSITIONS bohr
 O -5.216404 -1.302021 -1.807774
 O 3.488583 -2.350791 5.691054
 O -5.602415 5.919494 -5.374481
 O 0.285193 3.849877 -1.063949
 O -4.792684 0.957477 3.826003
 O -0.261635 6.168663 5.644978
 O -0.529847 -5.388465 -2.886495
 O 2.401593 0.515008 4.227412
 O -2.694338 -5.572778 5.890603
 O 2.644107 -2.504436 2.661911
 O 2.644316 -6.491564 2.914490
 O -3.953747 -3.578576 4.596572
 O -4.573352 -5.991169 0.526397
 O -3.431288 -5.361051 -3.928614
 O 2.874580 -3.233476 -2.328689
 O -2.196193 2.382310 -0.386230
 O -1.443063 -2.606677 2.546786
 O 0.287876 -4.587071 3.746260
 O 4.798522 -4.596340 -4.837927
 O 4.925638 5.152241 2.296094
 O 5.370741 -3.376477 3.522682
 O -3.046240 -2.537725 -3.893445
 O -1.217340 2.870306 -4.732500
 O 4.165202 2.223344 2.776903
 O 2.635671 1.517717 -3.716124
 O -4.128528 2.584004 -6.196564
 O 4.823210 -5.720786 -0.882335
 O 1.782861 -0.481117 -5.336699
 O -1.787322 -0.005771 -5.176751
 O 1.294636 -0.588133 1.149386
 O 5.195469 -1.788668 -3.472853
 O 4.922318 -0.204585 -0.180143
 O 0.228850 4.632023 3.460636
 O -4.714455 0.559540 -4.142100
 O 1.058775 -3.863348 -0.262070
 O 4.402180 4.385825 -5.320660
 O 2.538745 5.803178 5.579192
 O -5.641141 4.993276 -1.779481
 O -0.252758 0.996760 -2.299677
 O -3.490178 -4.030707 -0.919385
 O -2.980180 5.567852 3.105481
 O -2.126888 2.949708 4.813526
 O -2.250459 -1.339207 -0.711307
 O -1.436732 -1.416459 5.163328
 O 0.731395 1.846174 5.560182
 O -4.588705 3.291786 1.290453
 O 3.240950 4.243744 -1.296842
 O 2.711305 -5.661896 -4.046948
 O -2.759588 4.274132 -2.884329
 O 4.502849 0.627424 6.081283
 O -2.527103 0.504629 2.169106
 O -0.280545 -1.997874 -3.163822
 O 0.017144 -3.428437 -5.636324
 O 6.064937 -5.899373 4.453319
 O 4.190143 -3.447714 0.209059
 O 4.970972 -0.848284 2.491354
 O 1.728017 3.894594 -4.282300
 O -1.467878 -5.959466 -0.181947
 O -5.159999 -1.834209 -6.009484
 O -4.690507 1.154158 -0.898525
 O 4.927697 2.302281 -2.805434
 O 2.423415 -0.379725 -1.245943
 O -4.906757 -1.928703 1.016191
 O 1.781977 2.438635 1.244767
 H -4.442144 -1.764054 -1.406263
 H -5.016541 -0.352043 -1.629518
 H 4.178363 -1.877024 5.181731
 H 2.708679 -2.216879 5.124374
 H -6.273429 5.189464 -5.373353
 H -5.557679 6.197682 -4.438951
 H 0.448454 3.096241 -1.702360
 H 1.187518 4.273915 -1.120764
 H -5.593938 0.416965 3.679923
 H -4.920249 1.507334 4.656248
 H -0.053582 6.909111 4.985010
 H 0.593548 5.973598 6.082165
 H -0.941003 -5.464795 -2.000038
 H -0.865701 -6.143492 -3.406602
 H 2.756605 1.325597 3.760734
 H 1.595509 0.748576 4.743751
 H -3.215698 -6.149299 6.482626
 H -1.770493 -5.937564 5.859567
 H 2.205564 -1.631397 2.815643
 H 2.604274 -2.532245 1.684252
 H 3.586323 -6.550067 2.620886
 H 2.051340 -6.720722 2.180705
 H -3.693863 -4.400961 5.094918
 H -4.722118 -3.042174 4.849799
 H -4.527425 -6.967621 0.670290
 H -4.273953 -6.018812 -0.409033
 H -3.454616 -4.387155 -3.743435
 H -2.871479 -5.728473 -3.226645
 H 2.547763 -2.304470 -2.453865
 H 2.042166 -3.513485 -1.853084
 H -1.724032 3.141782 -0.814341
 H -1.622693 2.593602 0.387502
 H -0.885277 -3.195774 2.045437
 H -0.855424 -1.825588 2.717571
 H 1.199424 -4.223043 3.743970
 H -0.300662 -3.800814 3.691997
 H 5.193198 -5.212400 -5.496811
 H 5.350326 -3.810381 -4.667325
 H 5.709394 4.856897 2.794764
 H 5.100417 4.848911 1.396590
 H 5.442551 -2.717847 2.796526
 H 4.405537 -3.546861 3.508702
 H -2.245751 -2.520465 -3.317174
 H -2.698931 -2.325560 -4.779114
 H -0.274050 2.967080 -4.478657
 H -1.369947 1.889275 -4.929651
 H 4.437211 3.065844 3.189068
 H 3.746580 2.537119 1.944692
 H 2.484413 1.001762 -4.542761
 H 2.367102 2.442180 -3.957582
 H -4.065440 2.146896 -5.334067
 H -3.296186 2.383827 -6.672248
 H 5.053840 -5.788207 0.059387
 H 5.672964 -5.826475 -1.353954
 H 2.424145 -1.202771 -5.590166
 H 1.231306 -0.456723 -6.135512
 H -1.780951 -0.436034 -6.087402
 H -2.735310 -0.138907 -4.936156
 H 1.469322 0.375533 1.245338
 H 1.496334 -0.780468 0.202292
 H 4.327454 -2.025628 -3.099273
 H 5.793010 -1.410085 -2.791110
 H 4.891013 0.588873 -0.771453
 H 5.595226 -0.786834 -0.645429
 H -0.025778 5.012173 4.352254
 H -0.683700 4.549626 3.073815
 H -3.853317 0.863337 -3.799136
 H -5.355913 0.639946 -3.415890
 H 0.409107 -4.373744 -0.787065
 H 0.701077 -2.949960 -0.249077
 H 3.775882 4.956095 -5.858081
 H 4.453795 3.542789 -5.809714
 H 2.504875 5.407755 4.666160
 H 2.892064 6.698328 5.395325
 H -6.067108 4.129170 -1.585523
 H -4.723641 4.734201 -2.075609
 H -0.855999 1.403936 -1.638145
 H 0.167734 0.314000 -1.741108
 H -2.982297 -3.728128 -0.125181
 H -4.416638 -3.829867 -0.591952
 H -3.626835 5.628349 2.367666
 H -3.341549 6.193010 3.782003
 H -2.944640 3.037704 4.271335
 H -2.177475 3.836962 5.236530
 H -2.757095 -2.174263 -0.698560
 H -2.147160 -0.999106 0.203327
 H -1.995638 -2.225074 5.021477
 H -0.833216 -1.768223 5.863037
 H -0.209629 1.924877 5.854144
 H 0.509823 2.110625 4.632789
 H -4.518883 2.752032 2.119043
 H -4.091352 2.704403 0.672088
 H 3.708255 5.094651 -1.499288
 H 3.912845 3.538835 -1.215536
 H 3.493276 -5.070753 -4.284281
 H 2.648804 -5.418770 -3.100174
 H -2.104644 3.795968 -3.485214
 H -2.416136 4.485170 -1.994466
 H 4.345740 0.402853 7.019461
 H 3.597066 0.793500 5.703348
 H -1.574172 0.209677 2.142519
 H -3.078017 -0.220568 2.547896
 H -0.678845 -1.597310 -3.970495
 H 0.063438 -2.881894 -3.393058
 H -0.532423 -3.998463 -5.066534
 H 0.925423 -3.757771 -5.514979
 H 6.551096 -5.617905 5.251022
 H 5.820520 -5.053632 4.010524
 H 5.128062 -3.692177 0.232510
 H 3.980529 -3.369272 -0.750137
 H 5.206847 0.030267 2.114325
 H 4.242689 -0.703278 3.131228
 H 1.593273 3.911963 -5.251775
 H 1.832236 4.855045 -4.053676
 H -0.549607 -6.277363 -0.089444
 H -1.718786 -5.826264 0.756277
 H -5.786722 -1.327778 -5.449248
 H -5.345158 -2.747303 -5.697772
 H -3.836295 1.027316 -0.439066
 H -5.225659 1.682910 -0.274544
 H 4.829945 3.045005 -3.437564
 H 4.267402 1.672905 -3.213456
 H 3.291326 -0.574851 -0.843339
 H 2.488045 -0.087499 -2.176253
 H -5.761387 -1.463401 1.131224
 H -5.116055 -2.827977 1.332402
 H 1.286444 3.099186 1.783811
 H 1.595478 2.765449 0.332529
K_POINTS
 1
0.0 0.0 0.0 1.0