
&control
    calculation='scf'
    pseudo_dir = './',
    outdir='./outputs',
    disk_io='high'
/
&system
    ibrav= 1, celldm(1)=20.000000, nat=  192, ntyp= 2,
    ecutwfc = 30.0, nosym=.true., occupations='smearing',
    smearing='m-v', degauss=0.025
/
&electrons
    conv_thr =  1.0d-8,
    mixing_beta = 0.7
/
&ions
    pot_extrapolation='second-order'
    wfc_extrapolation='second-order'
    ion_temperature = 'andersen'
    tempw = 1000

/
ATOMIC_SPECIES
 H  1.01  H.blyp-hgh.UPF
 O  16.0  O.blyp-hgh.UPF
ATOMIC_POSITIONS bohr
 O -5.218716 -1.300387 -1.793761
 O 3.481904 -2.357661 5.697554
 O -5.592910 5.930631 -5.375180
 O 0.300036 3.838712 -1.060116
 O -4.799435 0.962516 3.817196
 O -0.252915 6.169613 5.662059
 O -0.538155 -5.387702 -2.876293
 O 2.400813 0.528987 4.242430
 O -2.703033 -5.578273 5.887181
 O 2.645675 -2.505120 2.679111
 O 2.641823 -6.493955 2.915189
 O -3.946946 -3.585577 4.595512
 O -4.577614 -6.004849 0.528247
 O -3.429028 -5.353334 -3.920021
 O 2.871588 -3.237404 -2.322622
 O -2.186118 2.376910 -0.399455
 O -1.442791 -2.620777 2.554673
 O 0.293363 -4.582469 3.732579
 O 4.799176 -4.594394 -4.834389
 O 4.927226 5.149596 2.294033
 O 5.356968 -3.381029 3.522852
 O -3.039576 -2.543646 -3.889222
 O -1.216137 2.871833 -4.722940
 O 4.164674 2.219446 2.768887
 O 2.648522 1.510567 -3.723773
 O -4.128024 2.587173 -6.184696
 O 4.831956 -5.719350 -0.878993
 O 1.775832 -0.467938 -5.346470
 O -1.780521 0.001523 -5.176334
 O 1.292245 -0.596507 1.151216
 O 5.209089 -1.789283 -3.477728
 O 4.915612 -0.206678 -0.190434
 O 0.230942 4.624341 3.480700
 O -4.717944 0.558477 -4.138714
 O 1.055239 -3.862937 -0.259317
 O 4.404299 4.378518 -5.333593
 O 2.529969 5.810654 5.577363
 O -5.646021 4.999846 -1.773829
 O -0.256662 1.008150 -2.303072
 O -3.503690 -4.027962 -0.923422
 O -2.983596 5.570744 3.098483
 O -2.123555 2.955970 4.807739
 O -2.243089 -1.344931 -0.707536
 O -1.436357 -1.417945 5.171961
 O 0.720544 1.852922 5.568812
 O -4.592837 3.293303 1.289514
 O 3.239545 4.240635 -1.308455
 O 2.698256 -5.669768 -4.047819
 O -2.768042 4.280970 -2.892637
 O 4.493872 0.626911 6.098243
 O -2.519385 0.504839 2.162827
 O -0.267241 -1.993985 -3.175412
 O 0.019646 -3.426555 -5.640447
 O 6.072233 -5.901096 4.454507
 O 4.174110 -3.447624 0.212431
 O 4.988417 -0.848688 2.503747
 O 1.733265 3.892991 -4.288494
 O -1.468642 -5.969096 -0.188770
 O -5.160753 -1.829883 -6.008677
 O -4.686263 1.151008 -0.904497
 O 4.923850 2.322161 -2.821365
 O 2.408460 -0.382391 -1.247289
 O -4.901318 -1.945837 1.008352
 O 1.787890 2.448383 1.244811
 H -4.419728 -1.757332 -1.440948
 H -5.020518 -0.344269 -1.637276
 H 4.181522 -1.901252 5.190184
 H 2.710587 -2.222299 5.117530
 H -6.267786 5.204160 -5.388511
 H -5.573398 6.195807 -4.434471
 H 0.471798 3.115191 -1.716710
 H 1.191719 4.280142 -1.093142
 H -5.574938 0.387238 3.661570
 H -4.940810 1.478937 4.663961
 H -0.062856 6.914340 4.999709
 H 0.621636 5.979620 6.070261
 H -0.977274 -5.459970 -2.001827
 H -0.845563 -6.161397 -3.387627
 H 2.749847 1.323940 3.749089
 H 1.593275 0.769493 4.758127
 H -3.218825 -6.137345 6.498052
 H -1.773613 -5.937476 5.881682
 H 2.234230 -1.614953 2.796444
 H 2.625233 -2.547649 1.703681
 H 3.582235 -6.538663 2.612748
 H 2.018038 -6.708724 2.204369
 H -3.662825 -4.405624 5.070128
 H -4.716555 -3.066242 4.875466
 H -4.516917 -6.979773 0.663102
 H -4.289784 -6.045934 -0.404264
 H -3.479558 -4.385839 -3.725991
 H -2.856767 -5.703680 -3.220223
 H 2.553110 -2.304210 -2.448626
 H 2.045519 -3.504868 -1.836954
 H -1.753049 3.148705 -0.841840
 H -1.625669 2.629915 0.363120
 H -0.899878 -3.200461 2.033265
 H -0.861823 -1.822543 2.682412
 H 1.202953 -4.218810 3.764914
 H -0.284124 -3.785715 3.694750
 H 5.155729 -5.219859 -5.499815
 H 5.342976 -3.801488 -4.689438
 H 5.716157 4.858393 2.810528
 H 5.106740 4.830111 1.398654
 H 5.447097 -2.730348 2.793781
 H 4.387959 -3.525437 3.526334
 H -2.232803 -2.530084 -3.325259
 H -2.692506 -2.299551 -4.766535
 H -0.264691 2.956099 -4.484192
 H -1.367063 1.905988 -4.958753
 H 4.458153 3.045661 3.199281
 H 3.744213 2.543698 1.944052
 H 2.491837 0.994148 -4.547736
 H 2.371982 2.434492 -3.961000
 H -4.034024 2.154731 -5.323585
 H -3.303968 2.373587 -6.662494
 H 5.090324 -5.802595 0.052694
 H 5.675478 -5.817583 -1.360459
 H 2.411322 -1.190238 -5.602236
 H 1.205252 -0.441730 -6.132946
 H -1.760574 -0.422929 -6.088485
 H -2.733163 -0.163694 -4.966991
 H 1.457096 0.369897 1.252742
 H 1.521412 -0.786678 0.203691
 H 4.347467 -2.027634 -3.105340
 H 5.805979 -1.399226 -2.805513
 H 4.880028 0.587627 -0.779836
 H 5.578920 -0.786017 -0.651824
 H -0.019459 4.999597 4.370452
 H -0.667692 4.541742 3.069852
 H -3.856795 0.877419 -3.815059
 H -5.340162 0.649660 -3.401363
 H 0.417376 -4.370151 -0.802208
 H 0.710667 -2.942218 -0.268716
 H 3.775302 4.983025 -5.834074
 H 4.448655 3.546919 -5.846200
 H 2.476752 5.425841 4.656839
 H 2.854539 6.709215 5.359886
 H -6.056434 4.121888 -1.614690
 H -4.723841 4.788193 -2.076431
 H -0.829406 1.396801 -1.610879
 H 0.159953 0.288128 -1.782410
 H -2.979661 -3.769671 -0.129094
 H -4.407174 -3.829348 -0.552573
 H -3.655236 5.630631 2.386019
 H -3.317362 6.186892 3.788592
 H -2.957501 3.034928 4.291047
 H -2.165478 3.829643 5.257231
 H -2.751909 -2.178738 -0.717599
 H -2.123511 -1.045501 0.218591
 H -2.000269 -2.219640 5.018409
 H -0.831089 -1.765300 5.870927
 H -0.225559 1.881781 5.829721
 H 0.541813 2.126054 4.635228
 H -4.555891 2.766759 2.127716
 H -4.091333 2.699545 0.690073
 H 3.707430 5.096734 -1.472251
 H 3.910657 3.536079 -1.228407
 H 3.460368 -5.065228 -4.313936
 H 2.667853 -5.380777 -3.111760
 H -2.141412 3.745853 -3.487474
 H -2.414706 4.473241 -2.006489
 H 4.330634 0.425389 7.030791
 H 3.596407 0.805743 5.700555
 H -1.554692 0.250019 2.152581
 H -3.056229 -0.213782 2.578108
 H -0.696267 -1.586348 -3.963620
 H 0.062479 -2.878174 -3.432212
 H -0.543045 -4.013501 -5.096541
 H 0.918234 -3.775565 -5.520365
 H 6.547530 -5.616929 5.257356
 H 5.834623 -5.062484 3.992148
 H 5.111503 -3.690074 0.257242
 H 3.983180 -3.353842 -0.748069
 H 5.185419 0.030580 2.104446
 H 4.253596 -0.697623 3.135881
 H 1.594730 3.892467 -5.258380
 H 1.827932 4.858823 -4.036139
 H -0.543805 -6.268031 -0.107601
 H -1.716995 -5.807952 0.744322
 H -5.802355 -1.361501 -5.437895
 H -5.326336 -2.758971 -5.744120
 H -3.838793 1.032596 -0.434141
 H -5.228503 1.693108 -0.297661
 H 4.845967 3.067407 -3.454455
 H 4.246907 1.697901 -3.213439
 H 3.283102 -0.573765 -0.842674
 H 2.481593 -0.096199 -2.177186
 H -5.749414 -1.472958 1.137439
 H -5.122417 -2.837034 1.329438
 H 1.261858 3.080850 1.779180
 H 1.596666 2.775975 0.339801
K_POINTS
 1
0.0 0.0 0.0 1.0