
&control
    calculation='scf'
    pseudo_dir = './',
    outdir='./outputs',
    disk_io='high'
/
&system
    ibrav= 1, celldm(1)=20.000000, nat=  192, ntyp= 2,
    ecutwfc = 30.0, nosym=.true., occupations='smearing',
    smearing='m-v', degauss=0.025
/
&electrons
    conv_thr =  1.0d-8,
    mixing_beta = 0.7
/
&ions
    pot_extrapolation='second-order'
    wfc_extrapolation='second-order'
    ion_temperature = 'andersen'
    tempw = 1000

/
ATOMIC_SPECIES
 H  1.01  H.blyp-hgh.UPF
 O  16.0  O.blyp-hgh.UPF
ATOMIC_POSITIONS bohr
 O -5.223697 -1.296814 -1.765255
 O 3.467114 -2.371462 5.710513
 O -5.574652 5.952247 -5.376270
 O 0.331894 3.816120 -1.053067
 O -4.813010 0.974248 3.799816
 O -0.234336 6.170719 5.696380
 O -0.554315 -5.385907 -2.855590
 O 2.400738 0.556048 4.270626
 O -2.721132 -5.590295 5.878815
 O 2.646956 -2.505614 2.714702
 O 2.635800 -6.497389 2.918163
 O -3.930865 -3.598440 4.590188
 O -4.585527 -6.034930 0.532070
 O -3.425712 -5.337647 -3.901653
 O 2.863112 -3.242630 -2.310551
 O -2.162625 2.369729 -0.425018
 O -1.442008 -2.645645 2.572032
 O 0.304506 -4.572141 3.705417
 O 4.799775 -4.590252 -4.827240
 O 4.933970 5.142260 2.289773
 O 5.328989 -3.390988 3.522804
 O -3.025860 -2.555901 -3.880315
 O -1.213285 2.874210 -4.704216
 O 4.163951 2.211702 2.752963
 O 2.674778 1.494791 -3.739774
 O -4.129427 2.593459 -6.160746
 O 4.849173 -5.717226 -0.873314
 O 1.762267 -0.443548 -5.366578
 O -1.768887 0.016482 -5.175118
 O 1.286488 -0.613168 1.155043
 O 5.235946 -1.789963 -3.490663
 O 4.902295 -0.209636 -0.213099
 O 0.233077 4.607186 3.519197
 O -4.724011 0.556684 -4.133424
 O 1.047543 -3.861428 -0.254596
 O 4.409101 4.363941 -5.360166
 O 2.512583 5.825406 5.573020
 O -5.653975 5.011775 -1.762912
 O -0.263823 1.031252 -2.307987
 O -3.532064 -4.019811 -0.929423
 O -2.990699 5.576346 3.083806
 O -2.116875 2.970059 4.794447
 O -2.227346 -1.355221 -0.700223
 O -1.434637 -1.423005 5.189482
 O 0.695784 1.867724 5.584085
 O -4.601563 3.295062 1.288521
 O 3.235340 4.235505 -1.330846
 O 2.670720 -5.684825 -4.047315
 O -2.785347 4.294733 -2.910236
 O 4.475643 0.627364 6.130687
 O -2.502082 0.504614 2.149283
 O -0.241170 -1.986693 -3.197307
 O 0.024112 -3.422613 -5.648645
 O 6.086095 -5.904670 4.456146
 O 4.141630 -3.445235 0.220292
 O 5.024481 -0.847597 2.528954
 O 1.741232 3.891964 -4.301079
 O -1.469072 -5.988617 -0.202064
 O -5.163263 -1.822422 -6.006711
 O -4.678197 1.145687 -0.916193
 O 4.917693 2.361674 -2.852748
 O 2.377010 -0.389060 -1.250329
 O -4.891062 -1.980620 0.992749
 O 1.799061 2.468421 1.244741
 H -4.386421 -1.739315 -1.516842
 H -5.023724 -0.331622 -1.645539
 H 4.194311 -1.949302 5.212781
 H 2.715552 -2.236383 5.099785
 H -6.256182 5.235228 -5.421782
 H -5.596338 6.192515 -4.428045
 H 0.512134 3.151232 -1.744346
 H 1.196249 4.292056 -1.038252
 H -5.537474 0.331679 3.634159
 H -4.984313 1.408058 4.672415
 H -0.078737 6.920756 5.028773
 H 0.678494 5.995298 6.044952
 H -1.055045 -5.452009 -2.009844
 H -0.803693 -6.196273 -3.346994
 H 2.733642 1.312476 3.729949
 H 1.597428 0.816188 4.784022
 H -3.228430 -6.108041 6.534732
 H -1.785819 -5.934216 5.929300
 H 2.293294 -1.586698 2.757783
 H 2.676604 -2.588247 1.741259
 H 3.566189 -6.521269 2.591523
 H 1.954591 -6.684636 2.253290
 H -3.609389 -4.408284 5.033844
 H -4.705879 -3.122879 4.935546
 H -4.506891 -7.004994 0.660696
 H -4.320920 -6.083644 -0.399119
 H -3.524644 -4.381718 -3.697104
 H -2.829757 -5.656606 -3.206410
 H 2.572420 -2.307792 -2.440720
 H 2.063414 -3.500787 -1.796251
 H -1.826699 3.156763 -0.922552
 H -1.637961 2.678434 0.339097
 H -0.915644 -3.223798 1.991065
 H -0.884277 -1.830187 2.610776
 H 1.210094 -4.212340 3.799169
 H -0.253245 -3.757629 3.701747
 H 5.095209 -5.226878 -5.502541
 H 5.329972 -3.782740 -4.737678
 H 5.722355 4.877623 2.842174
 H 5.119684 4.790230 1.396368
 H 5.455430 -2.752107 2.793565
 H 4.353110 -3.479288 3.559474
 H -2.207204 -2.547008 -3.338840
 H -2.687105 -2.249827 -4.742740
 H -0.251111 2.931522 -4.492871
 H -1.361051 1.946267 -5.003837
 H 4.499681 3.003634 3.218480
 H 3.732099 2.554529 1.945506
 H 2.497788 0.972298 -4.553833
 H 2.383204 2.421594 -3.959243
 H -3.983423 2.166617 -5.299064
 H -3.310759 2.351821 -6.636677
 H 5.162752 -5.830304 0.042402
 H 5.681348 -5.809212 -1.375886
 H 2.388766 -1.160253 -5.623483
 H 1.150136 -0.405650 -6.123786
 H -1.720834 -0.389926 -6.092061
 H -2.721266 -0.210042 -5.023900
 H 1.432987 0.354679 1.264542
 H 1.569618 -0.787357 0.214243
 H 4.389861 -2.034586 -3.110178
 H 5.836104 -1.389709 -2.828567
 H 4.861605 0.579886 -0.790410
 H 5.547917 -0.784699 -0.661958
 H -0.003394 4.978361 4.403339
 H -0.627406 4.527325 3.068594
 H -3.867532 0.904846 -3.834696
 H -5.308758 0.675794 -3.369430
 H 0.432343 -4.358228 -0.829752
 H 0.727269 -2.933446 -0.307713
 H 3.779795 5.025237 -5.781491
 H 4.438370 3.558926 -5.919529
 H 2.420978 5.467422 4.636774
 H 2.780449 6.727938 5.295808
 H -6.031234 4.112509 -1.678285
 H -4.734737 4.893221 -2.084538
 H -0.785787 1.381018 -1.558535
 H 0.144364 0.237074 -1.876374
 H -2.971091 -3.865249 -0.141906
 H -4.380799 -3.832241 -0.486261
 H -3.707652 5.637388 2.427967
 H -3.265281 6.173509 3.803951
 H -2.972073 3.026920 4.319435
 H -2.134065 3.810554 5.300843
 H -2.738254 -2.185121 -0.750474
 H -2.085390 -1.144913 0.246618
 H -2.016676 -2.201494 5.006086
 H -0.822530 -1.767348 5.878259
 H -0.258693 1.794266 5.792423
 H 0.612962 2.167775 4.645036
 H -4.633204 2.800232 2.142266
 H -4.082942 2.699764 0.725222
 H 3.709861 5.095857 -1.412547
 H 3.906512 3.531584 -1.265236
 H 3.395097 -5.063682 -4.382229
 H 2.697866 -5.310142 -3.138232
 H -2.221461 3.652727 -3.477231
 H -2.400868 4.444707 -2.036884
 H 4.300454 0.468941 7.059561
 H 3.606343 0.820136 5.697213
 H -1.539414 0.329463 2.177633
 H -3.000516 -0.191810 2.637611
 H -0.718100 -1.562707 -3.945701
 H 0.057265 -2.862652 -3.517457
 H -0.564376 -4.045594 -5.161579
 H 0.908072 -3.813074 -5.528610
 H 6.542777 -5.621060 5.272344
 H 5.868531 -5.079332 3.955338
 H 5.076984 -3.686096 0.304496
 H 3.986469 -3.328865 -0.743322
 H 5.133587 0.023911 2.087742
 H 4.279805 -0.685202 3.140012
 H 1.601653 3.857637 -5.267630
 H 1.829376 4.852552 -4.009308
 H -0.532497 -6.255384 -0.142706
 H -1.719120 -5.771979 0.719933
 H -5.831414 -1.423158 -5.415705
 H -5.282972 -2.777644 -5.835502
 H -3.839080 1.040827 -0.427414
 H -5.236602 1.709286 -0.346655
 H 4.880314 3.113175 -3.485928
 H 4.200369 1.756758 -3.209299
 H 3.275935 -0.566819 -0.845537
 H 2.471851 -0.104342 -2.179803
 H -5.723189 -1.490551 1.149674
 H -5.130986 -2.858056 1.332849
 H 1.216004 3.042354 1.777126
 H 1.598722 2.794222 0.350340
K_POINTS
 1
0.0 0.0 0.0 1.0