
&control
    calculation='scf'
    pseudo_dir = './',
    outdir='./outputs',
    disk_io='high'
/
&system
    ibrav= 1, celldm(1)=20.000000, nat=  192, ntyp= 2,
    ecutwfc = 30.0, nosym=.true., occupations='smearing',
    smearing='m-v', degauss=0.025
/
&electrons
    conv_thr =  1.0d-8,
    mixing_beta = 0.7
/
&ions
    pot_extrapolation='second-order'
    wfc_extrapolation='second-order'
    ion_temperature = 'andersen'
    tempw = 1000

/
ATOMIC_SPECIES
 H  1.01  H.blyp-hgh.UPF
 O  16.0  O.blyp-hgh.UPF
ATOMIC_POSITIONS bohr
 O -5.227181 -1.294158 -1.748130
 O 3.457221 -2.379761 5.718163
 O -5.564214 5.964770 -5.376645
 O 0.351810 3.802945 -1.048625
 O -4.821376 0.981929 3.789225
 O -0.222240 6.171159 5.717023
 O -0.563953 -5.384874 -2.842875
 O 2.401556 0.571309 4.286497
 O -2.732090 -5.598405 5.873021
 O 2.646713 -2.505323 2.736619
 O 2.631363 -6.498550 2.921228
 O -3.920135 -3.604754 4.584832
 O -4.589979 -6.054507 0.534682
 O -3.424495 -5.328322 -3.889909
 O 2.857069 -3.244278 -2.303539
 O -2.146819 2.367713 -0.439957
 O -1.440777 -2.659502 2.582489
 O 0.311211 -4.565174 3.689457
 O 4.799243 -4.587706 -4.822499
 O 4.940552 5.136411 2.287002
 O 5.312046 -3.397645 3.522766
 O -3.017315 -2.563285 -3.874828
 O -1.211094 2.875849 -4.693105
 O 4.163848 2.206847 2.743686
 O 2.690817 1.484619 -3.749581
 O -4.131341 2.596935 -6.146040
 O 4.859487 -5.716378 -0.870205
 O 1.754050 -0.429792 -5.378856
 O -1.763301 0.025565 -5.174302
 O 1.282593 -0.623117 1.157334
 O 5.252151 -1.789945 -3.500687
 O 4.893629 -0.210505 -0.227200
 O 0.234226 4.595652 3.541140
 O -4.727161 0.555812 -4.130968
 O 1.042526 -3.860023 -0.252235
 O 4.412443 4.355356 -5.376427
 O 2.502125 5.834376 5.569458
 O -5.658067 5.018590 -1.756525
 O -0.267438 1.044720 -2.309652
 O -3.549110 -4.013626 -0.932076
 O -2.994700 5.579316 3.074519
 O -2.112591 2.979094 4.785646
 O -2.217207 -1.360718 -0.695870
 O -1.433041 -1.426959 5.199914
 O 0.679435 1.877238 5.592066
 O -4.607500 3.295903 1.288689
 O 3.231873 4.233087 -1.343648
 O 2.653604 -5.692944 -4.045677
 O -2.795856 4.302557 -2.921885
 O 4.465083 0.628566 6.148786
 O -2.491367 0.504375 2.140484
 O -0.225804 -1.982739 -3.209709
 O 0.026362 -3.420528 -5.653228
 O 6.093940 -5.906913 4.456548
 O 4.121859 -3.442364 0.225808
 O 5.046817 -0.845596 2.544238
 O 1.744540 3.892468 -4.308271
 O -1.468800 -6.000377 -0.209919
 O -5.165228 -1.818604 -6.005504
 O -4.673634 1.143152 -0.923117
 O 4.915055 2.385377 -2.871134
 O 2.358197 -0.394059 -1.252123
 O -4.885345 -2.001845 0.983549
 O 1.805468 2.480423 1.244939
 H -4.371882 -1.727029 -1.565509
 H -5.022682 -0.327584 -1.645381
 H 4.205836 -1.977675 5.229947
 H 2.720279 -2.246800 5.087376
 H -6.248882 5.253970 -5.443968
 H -5.604515 6.191531 -4.426132
 H 0.534033 3.167808 -1.763882
 H 1.199203 4.299143 -1.006740
 H -5.514336 0.301564 3.623057
 H -5.011695 1.359388 4.675751
 H -0.087198 6.920680 5.046270
 H 0.711066 6.006814 6.028691
 H -1.103287 -5.447621 -2.017659
 H -0.776857 -6.215668 -3.321065
 H 2.723727 1.303868 3.719592
 H 1.605285 0.846660 4.798048
 H -3.236795 -6.086420 6.559749
 H -1.797616 -5.929893 5.959039
 H 2.328235 -1.572003 2.735618
 H 2.713409 -2.620000 1.762909
 H 3.551934 -6.515149 2.574261
 H 1.920004 -6.670122 2.282916
 H -3.581587 -4.409906 5.023072
 H -4.697787 -3.162607 4.974521
 H -4.507664 -7.022797 0.668299
 H -4.338838 -6.094968 -0.402146
 H -3.548638 -4.376655 -3.683714
 H -2.814766 -5.630059 -3.198030
 H 2.587789 -2.311142 -2.437940
 H 2.078178 -3.506905 -1.765069
 H -1.879715 3.155061 -0.983494
 H -1.647580 2.694435 0.338429
 H -0.922925 -3.240459 1.961169
 H -0.902092 -1.841055 2.567904
 H 1.215186 -4.209884 3.814412
 H -0.236615 -3.742904 3.705946
 H 5.069682 -5.226023 -5.504469
 H 5.323914 -3.770613 -4.769947
 H 5.718176 4.900268 2.857855
 H 5.127712 4.766192 1.395813
 H 5.459034 -2.762597 2.796127
 H 4.333015 -3.449399 3.576918
 H -2.191552 -2.556313 -3.343623
 H -2.689645 -2.221976 -4.729511
 H -0.247390 2.916274 -4.496162
 H -1.359026 1.968778 -5.023511
 H 4.523350 2.977144 3.227461
 H 3.720064 2.561512 1.947874
 H 2.495436 0.955046 -4.555949
 H 2.390692 2.414595 -3.953240
 H -3.962592 2.172890 -5.282810
 H -3.310420 2.339031 -6.619206
 H 5.204743 -5.846267 0.037441
 H 5.684687 -5.810213 -1.387937
 H 2.378458 -1.141567 -5.636343
 H 1.117105 -0.381231 -6.114990
 H -1.696449 -0.366525 -6.095861
 H -2.710036 -0.233793 -5.052979
 H 1.418743 0.343384 1.269768
 H 1.595646 -0.780609 0.226598
 H 4.413238 -2.041621 -3.106972
 H 5.857655 -1.391651 -2.838292
 H 4.852957 0.575227 -0.795310
 H 5.535645 -0.788479 -0.669525
 H 0.005402 4.969166 4.422725
 H -0.604511 4.519696 3.071316
 H -3.874155 0.920614 -3.839680
 H -5.291275 0.695342 -3.349217
 H 0.439928 -4.348942 -0.845423
 H 0.735541 -2.932050 -0.330377
 H 3.786437 5.040302 -5.748801
 H 4.431211 3.570566 -5.963356
 H 2.388817 5.492950 4.625426
 H 2.737544 6.738181 5.264059
 H -6.013450 4.108956 -1.719849
 H -4.744030 4.951775 -2.094887
 H -0.765507 1.370951 -1.527995
 H 0.132743 0.210943 -1.941331
 H -2.961250 -3.929184 -0.152199
 H -4.369293 -3.834262 -0.452525
 H -3.738170 5.643311 2.454595
 H -3.233153 6.166514 3.816863
 H -2.974943 3.022671 4.329653
 H -2.112318 3.796766 5.327168
 H -2.728494 -2.188858 -0.767250
 H -2.068185 -1.207319 0.261527
 H -2.030265 -2.187326 4.995935
 H -0.815158 -1.775586 5.877777
 H -0.279657 1.742322 5.773979
 H 0.656518 2.200271 4.656278
 H -4.680495 2.821441 2.148990
 H -4.070489 2.702394 0.744261
 H 3.714384 5.093591 -1.374049
 H 3.904786 3.528876 -1.294306
 H 3.355883 -5.070006 -4.428639
 H 2.709925 -5.272634 -3.155730
 H -2.273696 3.605331 -3.461481
 H -2.385695 4.425658 -2.055864
 H 4.281278 0.493927 7.084271
 H 3.616490 0.822622 5.696417
 H -1.538095 0.374146 2.196081
 H -2.959855 -0.173544 2.672705
 H -0.723367 -1.546058 -3.933017
 H 0.052635 -2.847987 -3.572034
 H -0.576086 -4.064018 -5.205273
 H 0.904212 -3.836046 -5.532429
 H 6.541121 -5.626775 5.281687
 H 5.892275 -5.089302 3.935334
 H 5.055183 -3.683970 0.331101
 H 3.987310 -3.318019 -0.740277
 H 5.099357 0.016051 2.077876
 H 4.296919 -0.678789 3.141713
 H 1.608132 3.842003 -5.271019
 H 1.836045 4.838569 -4.001818
 H -0.526540 -6.251079 -0.161852
 H -1.722560 -5.752070 0.704842
 H -5.848054 -1.456965 -5.401931
 H -5.254342 -2.786176 -5.887598
 H -3.836412 1.044367 -0.425293
 H -5.242519 1.716754 -0.377322
 H 4.901324 3.139350 -3.503405
 H 4.169927 1.798257 -3.205879
 H 3.271441 -0.558683 -0.852030
 H 2.466953 -0.103168 -2.181776
 H -5.706155 -1.499214 1.156449
 H -5.133063 -2.873431 1.341019
 H 1.190220 3.019396 1.781472
 H 1.599163 2.804363 0.350366
K_POINTS
 1
0.0 0.0 0.0 1.0