
&control
    calculation='scf'
    pseudo_dir = './',
    outdir='./outputs',
    disk_io='high'
/
&system
    ibrav= 1, celldm(1)=20.000000, nat=  192, ntyp= 2,
    ecutwfc = 30.0, nosym=.true., occupations='smearing',
    smearing='m-v', degauss=0.025
/
&electrons
    conv_thr =  1.0d-8,
    mixing_beta = 0.7
/
&ions
    pot_extrapolation='second-order'
    wfc_extrapolation='second-order'
    ion_temperature = 'andersen'
    tempw = 1000

/
ATOMIC_SPECIES
 H  1.01  H.blyp-hgh.UPF
 O  16.0  O.blyp-hgh.UPF
ATOMIC_POSITIONS bohr
 O -5.228457 -1.293157 -1.742453
 O 3.453765 -2.382515 5.720670
 O -5.560824 5.968871 -5.376723
 O 0.358513 3.798650 -1.047059
 O -4.824236 0.984523 3.785620
 O -0.218030 6.171303 5.723907
 O -0.567191 -5.384570 -2.838573
 O 2.401969 0.576171 4.291631
 O -2.735747 -5.601296 5.871016
 O 2.646489 -2.505124 2.743950
 O 2.629713 -6.498789 2.922486
 O -3.916456 -3.606574 4.582717
 O -4.591417 -6.061252 0.535602
 O -3.424218 -5.325252 -3.885874
 O 2.854989 -3.244654 -2.301258
 O -2.141311 2.367427 -0.444875
 O -1.440149 -2.664176 2.585792
 O 0.313449 -4.562717 3.684218
 O 4.798900 -4.586840 -4.820805
 O 4.943115 5.134236 2.285979
 O 5.306385 -3.399991 3.522780
 O -3.014399 -2.565721 -3.872988
 O -1.210283 2.876515 -4.689408
 O 4.163875 2.205161 2.740655
 O 2.696199 1.481146 -3.752850
 O -4.132058 2.597998 -6.141058
 O 4.862965 -5.716165 -0.869155
 O 1.751250 -0.425292 -5.382946
 O -1.761667 0.028596 -5.174042
 O 1.281236 -0.626428 1.158114
 O 5.257580 -1.789857 -3.504392
 O 4.890567 -0.210686 -0.231876
 O 0.234762 4.591599 3.548281
 O -4.728151 0.555570 -4.130189
 O 1.040791 -3.859484 -0.251522
 O 4.413667 4.352527 -5.381856
 O 2.498609 5.837422 5.568047
 O -5.659368 5.020848 -1.754415
 O -0.268528 1.049096 -2.309972
 O -3.554666 -4.011406 -0.932843
 O -2.995945 5.580234 3.071370
 O -2.111064 2.982143 4.782615
 O -2.213707 -1.362457 -0.694396
 O -1.432429 -1.428371 5.203339
 O 0.673753 1.880485 5.594564
 O -4.609632 3.296217 1.288868
 O 3.230576 4.232400 -1.347794
 O 2.647842 -5.695435 -4.044938
 O -2.799361 4.305037 -2.925952
 O 4.461732 0.629084 6.154648
 O -2.487899 0.504328 2.137417
 O -0.220727 -1.981501 -3.213715
 O 0.027065 -3.419945 -5.654661
 O 6.096483 -5.907684 4.456580
 O 4.115217 -3.441167 0.227780
 O 5.054372 -0.844696 2.549332
 O 1.745415 3.892705 -4.310554
 O -1.468647 -6.004284 -0.212519
 O -5.165956 -1.817425 -6.005102
 O -4.672136 1.142410 -0.925420
 O 4.914359 2.393289 -2.877164
 O 2.352074 -0.395895 -1.252719
 O -4.883522 -2.009013 0.980539
 O 1.807545 2.484406 1.245077
 H -4.367659 -1.722954 -1.582143
 H -5.021900 -0.326897 -1.644424
 H 4.210077 -1.987122 5.236360
 H 2.722276 -2.250566 5.083031
 H -6.246386 5.260101 -5.451735
 H -5.606324 6.191449 -4.425805
 H 0.541169 3.172308 -1.771111
 H 1.200575 4.301505 -0.996666
 H -5.506344 0.292173 3.620057
 H -5.020962 1.342628 4.677074
 H -0.089932 6.919897 5.052104
 H 0.721433 6.010936 6.023133
 H -1.119333 -5.446138 -2.020804
 H -0.767531 -6.221714 -3.312171
 H 2.720649 1.301239 3.716023
 H 1.608607 0.857149 4.802619
 H -3.239960 -6.078356 6.568317
 H -1.802187 -5.928076 5.968987
 H 2.339614 -1.567494 2.728486
 H 2.726612 -2.631864 1.770312
 H 3.546579 -6.513910 2.567612
 H 1.909242 -6.665263 2.292775
 H -3.572855 -4.410752 5.021385
 H -4.694457 -3.176837 4.987494
 H -4.508959 -7.029304 0.672309
 H -4.344736 -6.096946 -0.404122
 H -3.556115 -4.374446 -3.679913
 H -2.809955 -5.621459 -3.195328
 H 2.593130 -2.312063 -2.437349
 H 2.083454 -3.510213 -1.753463
 H -1.898610 3.152862 -1.004865
 H -1.651128 2.697999 0.339576
 H -0.926138 -3.245293 1.951837
 H -0.908285 -1.844995 2.553766
 H 1.217044 -4.209337 3.818547
 H -0.231453 -3.738437 3.707200
 H 5.063055 -5.224887 -5.505400
 H 5.322079 -3.766562 -4.781328
 H 5.715653 4.909504 2.862450
 H 5.130482 4.758344 1.396432
 H 5.459903 -2.765594 2.797348
 H 4.326584 -3.439080 3.582184
 H -2.186291 -2.559351 -3.344560
 H -2.691557 -2.213097 -4.725229
 H -0.246805 2.911281 -4.496834
 H -1.358852 1.975183 -5.029090
 H 4.530909 2.968121 3.229817
 H 3.715306 2.564144 1.948969
 H 2.493642 0.948702 -4.556464
 H 2.393267 2.412200 -3.950554
 H -3.957469 2.175087 -5.277344
 H -3.309979 2.335030 -6.613206
 H 5.218284 -5.851445 0.035666
 H 5.685547 -5.811530 -1.392483
 H 2.375699 -1.135577 -5.640963
 H 1.106363 -0.372811 -6.111491
 H -1.688098 -0.358241 -6.097438
 H -2.705855 -0.240824 -5.061588
 H 1.414026 0.339468 1.271296
 H 1.603702 -0.777376 0.231514
 H 4.420581 -2.044504 -3.104883
 H 5.865433 -1.393600 -2.840941
 H 4.850494 0.574323 -0.797203
 H 5.533028 -0.790824 -0.672545
 H 0.007824 4.966788 4.429306
 H -0.598142 4.517323 3.072538
 H -3.876168 0.925673 -3.840445
 H -5.285712 0.702367 -3.342678
 H 0.442158 -4.345683 -0.850644
 H 0.737987 -2.931948 -0.337721
 H 3.789168 5.043497 -5.738052
 H 4.428557 3.575317 -5.977921
 H 2.378483 5.501131 4.621935
 H 2.723656 6.741558 5.254909
 H -6.007089 4.107953 -1.734273
 H -4.747139 4.970315 -2.099398
 H -0.759448 1.367344 -1.518159
 H 0.128215 0.203498 -1.964390
 H -2.957112 -3.951463 -0.156232
 H -4.367262 -3.834638 -0.441884
 H -3.748463 5.645671 2.463494
 H -3.222386 6.164346 3.821809
 H -2.975196 3.021660 4.331979
 H -2.104884 3.791839 5.335784
 H -2.725071 -2.190268 -0.772467
 H -2.063332 -1.228331 0.266083
 H -2.035272 -2.182238 4.992274
 H -0.812406 -1.779772 5.876906
 H -0.286352 1.725408 5.767827
 H 0.670539 2.212324 4.661231
 H -4.696226 2.828459 2.150875
 H -4.064986 2.703313 0.750283
 H 3.716348 5.092620 -1.360887
 H 3.904359 3.527908 -1.305142
 H 3.342640 -5.073518 -4.444796
 H 2.712915 -5.261105 -3.161814
 H -2.291699 3.591375 -3.454857
 H -2.379653 4.419196 -2.062080
 H 4.274694 0.502198 7.093471
 H 3.619811 0.822576 5.696148
 H -1.537396 0.388335 2.202852
 H -2.945415 -0.166782 2.684421
 H -0.723985 -1.539828 -3.928646
 H 0.051003 -2.842316 -3.590674
 H -0.579685 -4.069754 -5.220740
 H 0.902991 -3.843549 -5.533612
 H 6.540693 -5.629145 5.284628
 H 5.900691 -5.092616 3.929300
 H 5.047705 -3.683323 0.339648
 H 3.987415 -3.315132 -0.739200
 H 5.087832 0.012957 2.074308
 H 4.302562 -0.677067 3.142631
 H 1.610614 3.837943 -5.272013
 H 1.839196 4.832712 -4.000923
 H -0.524809 -6.250088 -0.167768
 H -1.723827 -5.745924 0.699630
 H -5.853370 -1.467937 -5.397313
 H -5.244540 -2.788446 -5.904230
 H -3.835234 1.045384 -0.424949
 H -5.244609 1.718983 -0.387607
 H 4.908243 3.147645 -3.509025
 H 4.159563 1.813115 -3.204816
 H 3.269164 -0.555252 -0.855174
 H 2.465282 -0.101806 -2.182295
 H -5.700285 -1.501699 1.158572
 H -5.133150 -2.878853 1.344682
 H 1.182040 3.011752 1.783718
 H 1.599124 2.807667 0.349203
K_POINTS
 1
0.0 0.0 0.0 1.0