
&control
    calculation='scf'
    pseudo_dir = './',
    outdir='./outputs',
    disk_io='high'
/
&system
    ibrav= 1, celldm(1)=20.000000, nat=  192, ntyp= 2,
    ecutwfc = 30.0, nosym=.true., occupations='smearing',
    smearing='m-v', degauss=0.025
/
&electrons
    conv_thr =  1.0d-8,
    mixing_beta = 0.7
/
&ions
    pot_extrapolation='second-order'
    wfc_extrapolation='second-order'
    ion_temperature = 'andersen'
    tempw = 1000

/
ATOMIC_SPECIES
 H  1.01  H.blyp-hgh.UPF
 O  16.0  O.blyp-hgh.UPF
ATOMIC_POSITIONS bohr
 O -5.229118 -1.292635 -1.739622
 O 3.452010 -2.383888 5.721914
 O -5.559145 5.970907 -5.376754
 O 0.361873 3.796519 -1.046259
 O -4.825683 0.985820 3.783801
 O -0.215891 6.171377 5.727349
 O -0.568819 -5.384427 -2.836409
 O 2.402202 0.578554 4.294169
 O -2.737579 -5.602780 5.870007
 O 2.646353 -2.505005 2.747612
 O 2.628854 -6.498880 2.923161
 O -3.914603 -3.607432 4.581604
 O -4.592126 -6.064663 0.536068
 O -3.424104 -5.323725 -3.883834
 O 2.853943 -3.244820 -2.300129
 O -2.138516 2.367355 -0.447323
 O -1.439790 -2.666543 2.587393
 O 0.314569 -4.561463 3.681616
 O 4.798699 -4.586403 -4.819935
 O 4.944454 5.133110 2.285441
 O 5.303553 -3.401189 3.522794
 O -3.012926 -2.566933 -3.872066
 O -1.209864 2.876876 -4.687560
 O 4.163899 2.204302 2.739150
 O 2.698896 1.479396 -3.754482
 O -4.132421 2.598507 -6.138551
 O 4.864716 -5.716072 -0.868622
 O 1.749837 -0.423053 -5.384985
 O -1.760890 0.030112 -5.173917
 O 1.280547 -0.628083 1.158511
 O 5.260298 -1.789798 -3.506307
 O 4.889003 -0.210765 -0.234203
 O 0.235072 4.589533 3.551823
 O -4.728637 0.555461 -4.129798
 O 1.039912 -3.859203 -0.251180
 O 4.414305 4.351118 -5.384565
 O 2.496841 5.838959 5.567295
 O -5.660007 5.021976 -1.753365
 O -0.269053 1.051262 -2.310087
 O -3.557411 -4.010271 -0.933204
 O -2.996548 5.580682 3.069791
 O -2.110277 2.983669 4.781086
 O -2.211935 -1.363313 -0.693650
 O -1.432110 -1.429089 5.205039
 O 0.670867 1.882119 5.595786
 O -4.610726 3.296383 1.288977
 O 3.229905 4.232081 -1.349842
 O 2.644954 -5.696635 -4.044537
 O -2.801113 4.306250 -2.928014
 O 4.460098 0.629360 6.157561
 O -2.486198 0.504313 2.135855
 O -0.218198 -1.980898 -3.215693
 O 0.027412 -3.419681 -5.655358
 O 6.097742 -5.908075 4.456577
 O 4.111886 -3.440523 0.228791
 O 5.058169 -0.844200 2.551876
 O 1.745811 3.892821 -4.311670
 O -1.468561 -6.006234 -0.213815
 O -5.166335 -1.816851 -6.004900
 O -4.671389 1.142056 -0.926572
 O 4.914045 2.397248 -2.880158
 O 2.349050 -0.396843 -1.253020
 O -4.882628 -2.012620 0.979048
 O 1.808569 2.486397 1.245160
 H -4.365649 -1.720944 -1.590533
 H -5.021436 -0.326667 -1.643773
 H 4.212239 -1.991853 5.239709
 H 2.723362 -2.252499 5.080822
 H -6.245125 5.263135 -5.455685
 H -5.607061 6.191460 -4.425693
 H 0.544719 3.174386 -1.774843
 H 1.201356 4.302680 -0.991730
 H -5.502285 0.287606 3.618662
 H -5.025609 1.334190 4.677812
 H -0.091291 6.919364 5.055015
 H 0.726511 6.013040 6.020337
 H -1.127322 -5.445388 -2.022479
 H -0.762790 -6.224644 -3.307678
 H 2.719175 1.300007 3.714190
 H 1.610373 0.862451 4.804904
 H -3.241602 -6.074143 6.572608
 H -1.804567 -5.927104 5.973953
 H 2.345241 -1.565325 2.724969
 H 2.733377 -2.638029 1.774101
 H 3.543805 -6.513446 2.564113
 H 1.904017 -6.662829 2.297696
 H -3.568579 -4.411226 5.020878
 H -4.692645 -3.184132 4.993924
 H -4.509790 -7.032660 0.674568
 H -4.347685 -6.097620 -0.405242
 H -3.559753 -4.373249 -3.678137
 H -2.807584 -5.617200 -3.194006
 H 2.595796 -2.312446 -2.437113
 H 2.086149 -3.512073 -1.747441
 H -1.908254 3.151407 -1.015630
 H -1.652972 2.699495 0.340292
 H -0.927978 -3.247491 1.947409
 H -0.911382 -1.846946 2.546734
 H 1.218001 -4.209118 3.820430
 H -0.228949 -3.736290 3.707786
 H 5.060092 -5.224156 -5.505931
 H 5.321172 -3.764561 -4.787138
 H 5.714243 4.914406 2.864654
 H 5.131896 4.754460 1.396932
 H 5.460269 -2.766994 2.798024
 H 4.323431 -3.433857 3.584702
 H -2.183660 -2.560863 -3.344910
 H -2.692716 -2.208740 -4.723106
 H -0.246610 2.908816 -4.497078
 H -1.358876 1.978127 -5.031717
 H 4.534619 2.963582 3.230862
 H 3.712797 2.565531 1.949588
 H 2.492556 0.945436 -4.556685
 H 2.394563 2.410970 -3.949101
 H -3.955266 2.176224 -5.274618
 H -3.309744 2.333100 -6.610178
 H 5.224948 -5.854002 0.034721
 H 5.685903 -5.812369 -1.394853
 H 2.374449 -1.132650 -5.643362
 H 1.101061 -0.368565 -6.109643
 H -1.683873 -0.354020 -6.098281
 H -2.703714 -0.244161 -5.065672
 H 1.411672 0.337509 1.272034
 H 1.607610 -0.775605 0.234077
 H 4.424197 -2.046042 -3.103667
 H 5.869428 -1.394823 -2.842172
 H 4.849344 0.574049 -0.798243
 H 5.531991 -0.792190 -0.674144
 H 0.008914 4.965730 4.432621
 H -0.595272 4.516169 3.073186
 H -3.877126 0.928154 -3.840688
 H -5.282979 0.705956 -3.339493
 H 0.443213 -4.344042 -0.853264
 H 0.739149 -2.931927 -0.341345
 H 3.790602 5.044767 -5.732741
 H 4.427173 3.577853 -5.985199
 H 2.373405 5.505121 4.620255
 H 2.716806 6.743253 5.250628
 H -6.003830 4.107478 -1.741592
 H -4.748678 4.979390 -2.101857
 H -0.756513 1.365470 -1.513340
 H 0.125811 0.200045 -1.976163
 H -2.954908 -3.962773 -0.158402
 H -4.366634 -3.834745 -0.436646
 H -3.753647 5.646930 2.467940
 H -3.216991 6.163269 3.824376
 H -2.975219 3.021258 4.332948
 H -2.101161 3.789317 5.340044
 H -2.723334 -2.191013 -0.775020
 H -2.061064 -1.238851 0.268272
 H -2.037849 -2.179639 4.990409
 H -0.810984 -1.782157 5.876345
 H -0.289578 1.717065 5.764687
 H 0.677393 2.218570 4.663956
 H -4.704068 2.831935 2.151748
 H -4.061992 2.703770 0.753261
 H 3.717400 5.092087 -1.354256
 H 3.904169 3.527411 -1.310775
 H 3.335966 -5.075554 -4.452971
 H 2.714219 -5.255533 -3.164901
 H -2.300792 3.584764 -3.451330
 H -2.376478 4.415968 -2.065174
 H 4.271376 0.506343 7.098169
 H 3.621379 0.822407 5.695986
 H -1.536853 0.395296 2.206358
 H -2.938072 -0.163297 2.690301
 H -0.724101 -1.536558 -3.926452
 H 0.050188 -2.839349 -3.600068
 H -0.581423 -4.072529 -5.228644
 H 0.902356 -3.847244 -5.534196
 H 6.540496 -5.630411 5.286043
 H 5.904983 -5.094267 3.926424
 H 5.043924 -3.683014 0.343861
 H 3.987434 -3.313826 -0.738644
 H 5.082085 0.011332 2.072445
 H 4.305347 -0.676305 3.143201
 H 1.611909 3.836147 -5.272513
 H 1.840947 4.829657 -4.000765
 H -0.524000 -6.249665 -0.170628
 H -1.724460 -5.742963 0.696979
 H -5.855964 -1.473395 -5.395014
 H -5.239610 -2.789449 -5.912382
 H -3.834615 1.045872 -0.424851
 H -5.245670 1.720061 -0.392744
 H 4.911673 3.151700 -3.511804
 H 4.154366 1.820729 -3.204318
 H 3.267835 -0.553406 -0.856932
 H 2.464418 -0.100951 -2.182499
 H -5.697314 -1.502863 1.159605
 H -5.133070 -2.881586 1.346675
 H 1.178054 3.007918 1.784959
 H 1.599069 2.809301 0.348431
K_POINTS
 1
0.0 0.0 0.0 1.0