
&control
    calculation='scf'
    pseudo_dir = './',
    outdir='./outputs',
    disk_io='high'
/
&system
    ibrav= 1, celldm(1)=20.000000, nat=  192, ntyp= 2,
    ecutwfc = 30.0, nosym=.true., occupations='smearing',
    smearing='m-v', degauss=0.025
/
&electrons
    conv_thr =  1.0d-8,
    mixing_beta = 0.7
/
&ions
    pot_extrapolation='second-order'
    wfc_extrapolation='second-order'
    ion_temperature = 'andersen'
    tempw = 1000

/
ATOMIC_SPECIES
 H  1.01  H.blyp-hgh.UPF
 O  16.0  O.blyp-hgh.UPF
ATOMIC_POSITIONS bohr
 O -5.235671 -1.287389 -1.714435
 O 3.435572 -2.396051 5.732769
 O -5.544542 5.988799 -5.376910
 O 0.392254 3.777676 -1.038681
 O -4.839313 0.997327 3.767079
 O -0.195658 6.172162 5.758302
 O -0.583803 -5.383518 -2.816507
 O 2.405178 0.598535 4.316113
 O -2.754287 -5.617412 5.860967
 O 2.644509 -2.503348 2.780112
 O 2.620070 -6.498896 2.930607
 O -3.897645 -3.613804 4.570293
 O -4.598181 -6.096363 0.540237
 O -3.423859 -5.310234 -3.864804
 O 2.844535 -3.246024 -2.290240
 O -2.112446 2.368682 -0.468999
 O -1.435109 -2.689230 2.599907
 O 0.324752 -4.549462 3.658863
 O 4.796170 -4.582225 -4.811460
 O 4.957579 5.122101 2.279558
 O 5.278034 -3.412693 3.523156
 O -2.999156 -2.577581 -3.863646
 O -1.205912 2.880958 -4.671016
 O 4.164372 2.195988 2.725837
 O 2.723236 1.463326 -3.769026
 O -4.135491 2.602320 -6.115529
 O 4.881003 -5.715632 -0.863444
 O 1.736737 -0.403135 -5.402961
 O -1.754956 0.043736 -5.173072
 O 1.274026 -0.642918 1.162507
 O 5.284633 -1.788801 -3.525090
 O 4.874134 -0.211496 -0.254821
 O 0.239335 4.569803 3.582949
 O -4.732727 0.554981 -4.125797
 O 1.031636 -3.856474 -0.248549
 O 4.421034 4.338506 -5.408577
 O 2.480549 5.853303 5.559003
 O -5.665360 5.032078 -1.744118
 O -0.273313 1.070132 -2.309756
 O -3.580916 -3.999461 -0.935564
 O -3.001443 5.584561 3.055652
 O -2.102302 2.997267 4.767005
 O -2.195392 -1.370764 -0.686549
 O -1.428901 -1.435789 5.219826
 O 0.643600 1.897047 5.606195
 O -4.621350 3.298188 1.290318
 O 3.223410 4.230043 -1.367493
 O 2.618897 -5.705958 -4.040219
 O -2.816713 4.316327 -2.946977
 O 4.446931 0.632193 6.183836
 O -2.472053 0.504482 2.120893
 O -0.195733 -1.975965 -3.232749
 O 0.030587 -3.418274 -5.660965
 O 6.108750 -5.911850 4.455996
 O 4.081604 -3.433397 0.238618
 O 5.092823 -0.838271 2.574583
 O 1.748137 3.893018 -4.320935
 O -1.467640 -6.023596 -0.225363
 O -5.170231 -1.812123 -6.003007
 O -4.664580 1.139355 -0.936994
 O 4.912202 2.432992 -2.906320
 O 2.323194 -0.406192 -1.256056
 O -4.875161 -2.045933 0.966177
 O 1.817200 2.504406 1.246234
 H -4.350909 -1.704226 -1.668175
 H -5.015435 -0.326933 -1.632578
 H 4.231451 -2.035058 5.274637
 H 2.735866 -2.271184 5.059739
 H -6.233243 5.289265 -5.492851
 H -5.609000 6.193305 -4.425741
 H 0.576352 3.189797 -1.809944
 H 1.211569 4.312592 -0.951183
 H -5.463714 0.250278 3.607863
 H -5.067049 1.257780 4.686973
 H -0.103551 6.910681 5.080488
 H 0.768907 6.032751 5.995240
 H -1.197075 -5.438246 -2.040551
 H -0.717616 -6.247844 -3.265924
 H 2.708348 1.292083 3.695837
 H 1.628260 0.911674 4.826170
 H -3.257684 -6.030153 6.609978
 H -1.827482 -5.916857 6.017891
 H 2.393552 -1.549193 2.694717
 H 2.798409 -2.699766 1.813269
 H 3.516411 -6.514008 2.527484
 H 1.861805 -6.640824 2.341382
 H -3.532586 -4.415761 5.024730
 H -4.671331 -3.254653 5.048096
 H -4.522217 -7.065070 0.701041
 H -4.374837 -6.095639 -0.416308
 H -3.589229 -4.360309 -3.665911
 H -2.787234 -5.579855 -3.183292
 H 2.617832 -2.312445 -2.436350
 H 2.112585 -3.533193 -1.687652
 H -1.999311 3.126431 -1.110102
 H -1.671757 2.706404 0.346646
 H -0.953289 -3.259191 1.917759
 H -0.938147 -1.861543 2.484859
 H 1.227284 -4.208836 3.831649
 H -0.208932 -3.719601 3.711306
 H 5.043462 -5.212544 -5.512648
 H 5.312113 -3.748477 -4.842726
 H 5.700667 4.965576 2.883583
 H 5.146252 4.720568 1.407554
 H 5.461350 -2.776554 2.806063
 H 4.297342 -3.385222 3.603569
 H -2.160460 -2.574390 -3.345032
 H -2.709206 -2.172183 -4.704238
 H -0.246211 2.888010 -4.496042
 H -1.362722 1.996413 -5.050900
 H 4.565849 2.922567 3.236073
 H 3.686873 2.580383 1.958095
 H 2.477177 0.914083 -4.557217
 H 2.406081 2.398207 -3.933589
 H -3.946671 2.188018 -5.250467
 H -3.308985 2.318695 -6.582266
 H 5.281157 -5.875884 0.023528
 H 5.685779 -5.825178 -1.418801
 H 2.366569 -1.108571 -5.668477
 H 1.055801 -0.329936 -6.090832
 H -1.644341 -0.314124 -6.106918
 H -2.684243 -0.268575 -5.095475
 H 1.390454 0.320983 1.278625
 H 1.639380 -0.756405 0.258008
 H 4.457349 -2.062358 -3.089038
 H 5.908118 -1.413507 -2.851471
 H 4.841682 0.577942 -0.811430
 H 5.528987 -0.808310 -0.690042
 H 0.014393 4.959850 4.462515
 H -0.580066 4.506905 3.080091
 H -3.884248 0.948346 -3.839932
 H -5.259802 0.739734 -3.315265
 H 0.450950 -4.329589 -0.877325
 H 0.747674 -2.931100 -0.372203
 H 3.803895 5.047910 -5.688189
 H 4.412886 3.604982 -6.050881
 H 2.331091 5.536684 4.607297
 H 2.658657 6.759253 5.221643
 H -5.972229 4.104190 -1.810587
 H -4.762494 5.055104 -2.129746
 H -0.731544 1.345529 -1.474391
 H 0.099699 0.177554 -2.088073
 H -2.933191 -4.069077 -0.184748
 H -4.371844 -3.832679 -0.391840
 H -3.801335 5.660853 2.508138
 H -3.167989 6.152266 3.848337
 H -2.973366 3.021757 4.336321
 H -2.068574 3.764943 5.376303
 H -2.707125 -2.198910 -0.796992
 H -2.045031 -1.332771 0.284783
 H -2.062406 -2.154853 4.973271
 H -0.797355 -1.812986 5.867673
 H -0.312547 1.647160 5.732329
 H 0.731902 2.280873 4.696470
 H -4.773219 2.861376 2.157358
 H -4.029265 2.708337 0.780909
 H 3.728035 5.085089 -1.293598
 H 3.902659 3.522837 -1.367861
 H 3.273611 -5.102768 -4.527877
 H 2.720470 -5.211146 -3.193741
 H -2.384255 3.536149 -3.415517
 H -2.344858 4.388124 -2.093845
 H 4.241341 0.544716 7.139265
 H 3.630165 0.817180 5.692839
 H -1.522929 0.454568 2.241535
 H -2.870152 -0.129514 2.744508
 H -0.720125 -1.501518 -3.906932
 H 0.043624 -2.809321 -3.686478
 H -0.595417 -4.094434 -5.304653
 H 0.894754 -3.877785 -5.539559
 H 6.539107 -5.643932 5.296449
 H 5.945684 -5.108477 3.905380
 H 5.008664 -3.680771 0.379964
 H 3.986538 -3.306240 -0.732893
 H 5.032178 -0.005742 2.052686
 H 4.328943 -0.673227 3.153024
 H 1.624896 3.827332 -5.278178
 H 1.862167 4.803472 -4.006817
 H -0.518545 -6.247695 -0.193055
 H -1.729405 -5.720441 0.671632
 H -5.876504 -1.522728 -5.375261
 H -5.195122 -2.793501 -5.979777
 H -3.829114 1.050073 -0.426378
 H -5.255412 1.729099 -0.438084
 H 4.941254 3.185355 -3.536297
 H 4.108401 1.894353 -3.201489
 H 3.249713 -0.533308 -0.877765
 H 2.454899 -0.088325 -2.181527
 H -5.669447 -1.511075 1.167988
 H -5.128228 -2.905271 1.368815
 H 1.146561 2.972497 1.798066
 H 1.597580 2.822998 0.338019
K_POINTS
 1
0.0 0.0 0.0 1.0