
&control
    calculation='scf'
    pseudo_dir = './',
    outdir='./outputs',
    disk_io='high'
/
&system
    ibrav= 1, celldm(1)=20.000000, nat=  192, ntyp= 2,
    ecutwfc = 30.0, nosym=.true., occupations='smearing',
    smearing='m-v', degauss=0.025
/
&electrons
    conv_thr =  1.0d-8,
    mixing_beta = 0.7
/
&ions
    pot_extrapolation='second-order'
    wfc_extrapolation='second-order'
    ion_temperature = 'andersen'
    tempw = 1000

/
ATOMIC_SPECIES
 H  1.01  H.blyp-hgh.UPF
 O  16.0  O.blyp-hgh.UPF
ATOMIC_POSITIONS bohr
 O -5.251973 -1.551204 -1.262507
 O 3.983195 -2.200802 5.398879
 O -5.718982 5.262433 -5.551767
 O -0.156892 3.588720 -1.573655
 O -4.714045 0.713823 3.837133
 O -0.236405 5.430897 5.189482
 O -0.127713 -5.367430 -3.406291
 O 2.303351 0.309043 3.679083
 O -2.856939 -5.298206 5.623014
 O 1.887800 -3.009502 1.657344
 O 2.507549 -6.072700 2.903559
 O -4.211467 -3.051343 4.358099
 O -4.424581 -5.954342 0.716490
 O -3.561521 -5.677123 -3.638187
 O 2.087245 -2.740145 -2.134380
 O -1.791847 2.500507 1.417258
 O -1.057929 -1.429555 1.683527
 O 0.247876 -4.242126 3.654116
 O 5.445743 -4.134506 -4.946360
 O 5.596912 4.814070 2.183138
 O 6.014004 -2.962160 3.244907
 O -3.229835 -3.019180 -3.822266
 O -0.909269 2.585811 -4.934437
 O 3.872697 2.351397 2.835336
 O 2.321817 1.289887 -3.119566
 O -4.912943 2.846464 -6.130796
 O 4.432265 -5.942449 -1.253722
 O 1.947136 -1.317427 -4.588931
 O -2.025896 0.250936 -4.832854
 O 0.839453 -0.324803 0.651330
 O 4.788960 -1.761395 -3.792721
 O 5.179015 0.065656 -0.035210
 O -0.320200 4.481905 1.831792
 O -5.273082 0.718078 -4.006536
 O 0.730957 -3.796433 -0.350208
 O 4.615960 3.460510 -4.307043
 O 3.561969 5.486848 5.818813
 O -5.087069 3.641520 -1.766356
 O -0.404849 1.042401 -1.581392
 O -2.984712 -3.300971 -1.169691
 O -2.598522 5.451923 3.387793
 O -1.491515 2.795806 3.836193
 O -2.641407 -0.212274 -0.669798
 O -1.514096 -2.217320 4.920738
 O 0.751977 1.781512 4.875365
 O -4.823754 3.409519 1.454772
 O 2.781209 3.889373 -0.541458
 O 2.678051 -5.960085 -3.547658
 O -2.668517 4.600382 -2.314408
 O 5.672142 0.539384 5.261972
 O -3.140901 0.170156 1.966808
 O -0.644603 -2.436702 -2.275677
 O 0.023139 -3.214269 -5.504764
 O 5.674230 -5.974892 4.448283
 O 5.155157 -2.983652 -0.237320
 O 4.713036 -0.700978 2.413439
 O 1.052948 4.302326 -4.370789
 O -0.591655 -5.749652 0.466613
 O -5.563346 -1.353988 -5.792002
 O -4.632006 1.461428 -0.941951
 O 5.224511 1.675448 -2.782935
 O 2.706542 -0.261516 -0.948176
 O -5.302916 -1.186443 1.204339
 O 1.514532 2.721580 1.428265
 H -4.787432 -1.671406 -0.406876
 H -4.504030 -1.403490 -1.872596
 H 3.529772 -2.990411 5.733043
 H 3.309433 -1.607681 5.030541
 H -6.259222 4.830509 -4.861443
 H -5.937797 4.663263 -6.288855
 H 0.320775 3.222837 -0.813876
 H 0.414823 4.231944 -2.018902
 H -5.459495 0.083712 3.821616
 H -5.106990 1.328371 4.489611
 H 0.197967 6.293250 5.108832
 H -0.175900 5.105577 6.100351
 H -0.397547 -5.634753 -2.511114
 H -0.787455 -5.843972 -3.939573
 H 2.432466 1.179920 3.261349
 H 1.383369 0.089829 3.452069
 H -3.500192 -5.590881 6.288926
 H -1.999248 -5.333567 6.076261
 H 1.903375 -2.040068 1.558401
 H 2.766135 -3.415613 1.708153
 H 3.293742 -6.229256 2.356014
 H 1.791260 -6.600420 2.516081
 H -3.561379 -3.514988 3.805855
 H -4.312421 -2.161581 3.981929
 H -3.521153 -6.238950 0.497453
 H -4.490580 -5.067050 0.324314
 H -4.469609 -5.615315 -3.297652
 H -3.543598 -6.588908 -3.978312
 H 2.165925 -1.775547 -2.049361
 H 2.358048 -3.077649 -1.258719
 H -1.484111 3.144049 0.752909
 H -1.424193 1.635253 1.179656
 H -0.352034 -1.856997 1.171339
 H -0.919952 -1.625522 2.622571
 H 0.939613 -3.572191 3.822046
 H -0.337384 -3.729337 3.070358
 H 5.938573 -4.777913 -5.480404
 H 6.076310 -3.555487 -4.482078
 H 5.569412 5.578427 2.798749
 H 6.064936 5.072721 1.367060
 H 5.321941 -2.561914 2.690599
 H 6.552351 -3.619877 2.783451
 H -2.355387 -2.824906 -4.193037
 H -3.940350 -2.960694 -4.475613
 H -0.470125 2.974171 -4.161979
 H -0.804534 1.613200 -4.859865
 H 4.706514 2.495290 3.308058
 H 3.434854 3.216082 2.786778
 H 2.901311 1.019873 -3.845941
 H 2.064990 2.223256 -3.183967
 H -5.031639 2.407194 -5.268751
 H -3.987501 3.115341 -6.228543
 H 4.200655 -5.050361 -1.557623
 H 5.386968 -5.881749 -1.091031
 H 2.778179 -1.150934 -5.059043
 H 1.190303 -1.019532 -5.113597
 H -2.106272 -0.491221 -5.452668
 H -2.853154 0.755006 -4.878374
 H 1.285434 0.540109 0.754027
 H 1.185092 -0.489151 -0.252201
 H 4.018123 -2.196125 -3.388319
 H 5.406105 -1.707691 -3.043029
 H 5.119068 1.028972 -0.124722
 H 5.953016 -0.289199 -0.537331
 H -0.623662 3.985715 2.625142
 H -0.416466 5.443046 1.946016
 H -4.734185 1.111163 -3.285589
 H -6.028781 0.484414 -3.421411
 H 0.690331 -4.717232 -0.663000
 H 0.798471 -3.918094 0.618189
 H 3.697547 3.717526 -4.127574
 H 4.609508 2.799113 -5.018110
 H 3.199089 4.959209 5.083278
 H 2.819537 6.102749 5.947932
 H -5.840019 3.883625 -1.204031
 H -4.766928 4.421864 -2.247550
 H -0.023754 0.348394 -2.146005
 H -1.334737 1.033147 -1.885072
 H -3.058823 -3.261245 -2.145978
 H -2.735653 -4.228361 -1.009885
 H -3.268724 5.848847 2.808367
 H -2.521415 6.025163 4.173125
 H -1.532474 1.828510 3.717501
 H -2.336278 3.144508 3.500898
 H -2.317436 -1.060242 -0.314711
 H -2.857374 0.228751 0.179558
 H -2.410376 -2.159392 5.302774
 H -1.306944 -3.148553 5.111842
 H 1.625443 1.656838 5.277393
 H 0.138963 2.282022 5.434404
 H -5.356816 3.444477 2.268090
 H -3.908473 3.152772 1.650362
 H 3.371555 4.588035 -0.207757
 H 2.835628 4.085521 -1.493463
 H 3.604369 -5.963390 -3.838976
 H 2.232173 -5.245203 -4.032688
 H -2.506476 3.879052 -2.951908
 H -2.079380 4.240391 -1.620905
 H 5.990536 0.085907 6.079544
 H 4.710978 0.413529 5.237548
 H -2.851096 -0.653330 2.391477
 H -3.698886 0.637679 2.623262
 H -0.051016 -3.212447 -2.315919
 H -0.256247 -2.073984 -1.456178
 H 0.407974 -3.433318 -4.641626
 H 0.772852 -3.137195 -6.116410
 H 4.956104 -5.537812 4.934607
 H 6.511182 -5.729869 4.868414
 H 5.688679 -3.533454 0.361994
 H 4.625061 -2.467265 0.394380
 H 4.331489 -0.426067 1.551881
 H 4.236295 -0.128322 3.044606
 H 1.393447 3.735188 -5.081311
 H 1.685779 5.019032 -4.129485
 H -0.905037 -6.449667 -0.128723
 H -1.337792 -5.182201 0.717518
 H -5.443131 -2.018939 -6.486816
 H -4.750135 -0.957436 -5.445341
 H -3.906506 2.107955 -1.010633
 H -4.794155 1.507452 0.016733
 H 5.813554 2.451069 -2.817849
 H 4.379667 1.991590 -2.425130
 H 3.571482 -0.550403 -0.582181
 H 2.955737 0.393261 -1.628797
 H -6.008244 -0.650076 1.614006
 H -4.854273 -1.623400 1.944712
 H 1.246862 3.672546 1.482776
 H 2.303611 2.632799 0.873091
K_POINTS
 1
0.0 0.0 0.0 1.0