
&control
    calculation='scf'
    pseudo_dir = './',
    outdir='./outputs',
    disk_io='high'
/
&system
    ibrav= 1, celldm(1)=20.000000, nat=  192, ntyp= 2,
    ecutwfc = 30.0, nosym=.true., occupations='smearing',
    smearing='m-v', degauss=0.025
/
&electrons
    conv_thr =  1.0d-8,
    mixing_beta = 0.7
/
&ions
    pot_extrapolation='second-order'
    wfc_extrapolation='second-order'
    ion_temperature = 'andersen'
    tempw = 1000

/
ATOMIC_SPECIES
 H  1.01  H.blyp-hgh.UPF
 O  16.0  O.blyp-hgh.UPF
ATOMIC_POSITIONS bohr
 O -5.239603 -1.284240 -1.700696
 O 3.426083 -2.402621 5.738531
 O -5.536814 5.998373 -5.377023
 O 0.409224 3.767298 -1.034390
 O -4.847472 1.003503 3.757823
 O -0.183742 6.172715 5.775458
 O -0.592453 -5.383322 -2.805129
 O 2.407599 0.608571 4.327548
 O -2.763886 -5.626598 5.856205
 O 2.643153 -2.502003 2.797526
 O 2.614448 -6.498293 2.935771
 O -3.888021 -3.616653 4.563386
 O -4.601279 -6.114650 0.542383
 O -3.424387 -5.302904 -3.853753
 O 2.839383 -3.246791 -2.284876
 O -2.097600 2.370627 -0.480808
 O -1.431410 -2.702956 2.605228
 O 0.330531 -4.542311 3.646864
 O 4.794403 -4.579641 -4.806371
 O 4.965042 5.115597 2.275367
 O 5.263858 -3.419596 3.523528
 O -2.991068 -2.583277 -3.858787
 O -1.203793 2.883715 -4.662013
 O 4.164719 2.190808 2.718478
 O 2.736696 1.454181 -3.776947
 O -4.136802 2.603810 -6.102462
 O 4.890563 -5.715698 -0.860211
 O 1.729309 -0.392240 -5.412464
 O -1.752305 0.051298 -5.172938
 O 1.270147 -0.651053 1.165257
 O 5.297838 -1.787918 -3.536365
 O 4.865563 -0.212203 -0.266193
 O 0.242781 4.557998 3.599710
 O -4.734731 0.555254 -4.122858
 O 1.026704 -3.854900 -0.247508
 O 4.425789 4.331434 -5.421426
 O 2.471090 5.861728 5.553169
 O -5.667835 5.037534 -1.739294
 O -0.275429 1.080249 -2.308598
 O -3.593034 -3.993138 -0.935845
 O -3.003855 5.586779 3.048061
 O -2.097054 3.004557 4.759029
 O -2.185840 -1.374917 -0.682167
 O -1.426900 -1.439613 5.227576
 O 0.627578 1.905404 5.611698
 O -4.627681 3.299371 1.291084
 O 3.219714 4.229649 -1.376629
 O 2.604477 -5.709964 -4.037535
 O -2.825154 4.321333 -2.957288
 O 4.440923 0.633930 6.198944
 O -2.464881 0.504711 2.111937
 O -0.183538 -1.973629 -3.241698
 O 0.032525 -3.418326 -5.663558
 O 6.114648 -5.914261 4.455253
 O 4.064562 -3.428416 0.244640
 O 5.112284 -0.833679 2.586970
 O 1.748462 3.891802 -4.325507
 O -1.467135 -6.033061 -0.231713
 O -5.172804 -1.809784 -6.001861
 O -4.660664 1.138197 -0.942891
 O 4.911867 2.452933 -2.920132
 O 2.309937 -0.411897 -1.258240
 O -4.871524 -2.065240 0.959564
 O 1.821397 2.514609 1.246941
 H -4.346370 -1.696242 -1.712941
 H -5.011083 -0.327572 -1.622106
 H 4.240709 -2.059756 5.298064
 H 2.744910 -2.282342 5.046823
 H -6.226012 5.302799 -5.514262
 H -5.606846 6.195767 -4.426065
 H 0.593667 3.197986 -1.827980
 H 1.219581 4.316841 -0.932525
 H -5.440864 0.232160 3.601709
 H -5.088704 1.215951 4.693003
 H -0.110615 6.903488 5.093368
 H 0.790054 6.043736 5.982008
 H -1.233287 -5.434013 -2.052582
 H -0.690544 -6.258119 -3.241812
 H 2.704397 1.289888 3.684501
 H 1.638850 0.939975 4.839041
 H -3.267293 -6.000668 6.628514
 H -1.840050 -5.910413 6.041299
 H 2.418196 -1.543739 2.678794
 H 2.836818 -2.737867 1.841071
 H 3.499353 -6.518010 2.503619
 H 1.841844 -6.628620 2.364731
 H -3.514376 -4.416759 5.031205
 H -4.655724 -3.296678 5.073663
 H -4.532408 -7.083664 0.718661
 H -4.390920 -6.090004 -0.420193
 H -3.602773 -4.352225 -3.662029
 H -2.776583 -5.559649 -3.178506
 H 2.627020 -2.309537 -2.436337
 H 2.129901 -3.546214 -1.651608
 H -2.051421 3.103097 -1.156623
 H -1.683653 2.707470 0.346660
 H -0.974313 -3.259849 1.910209
 H -0.951952 -1.866369 2.451965
 H 1.232857 -4.209942 3.833244
 H -0.199940 -3.712212 3.711431
 H 5.041310 -5.202076 -5.517505
 H 5.305188 -3.742052 -4.875617
 H 5.695871 4.998197 2.895383
 H 5.156518 4.701911 1.417380
 H 5.460217 -2.779534 2.812206
 H 4.284836 -3.357295 3.610889
 H -2.148443 -2.581838 -3.343528
 H -2.722796 -2.154022 -4.693767
 H -0.245538 2.877797 -4.492594
 H -1.367596 2.001241 -5.057859
 H 4.581642 2.900462 3.235818
 H 3.670527 2.590464 1.965964
 H 2.464475 0.896129 -4.555869
 H 2.411876 2.389192 -3.924030
 H -3.950761 2.195763 -5.236962
 H -3.310868 2.313569 -6.566432
 H 5.309183 -5.887068 0.014895
 H 5.682229 -5.836203 -1.433800
 H 2.363761 -1.096519 -5.685664
 H 1.032642 -0.308715 -6.079665
 H -1.621436 -0.290992 -6.111715
 H -2.674474 -0.277715 -5.106572
 H 1.378407 0.313492 1.282967
 H 1.654701 -0.744551 0.269745
 H 4.478647 -2.072823 -3.079748
 H 5.931255 -1.429925 -2.856297
 H 4.839826 0.584622 -0.821756
 H 5.529627 -0.817530 -0.698466
 H 0.013772 4.958879 4.478071
 H -0.579049 4.502851 3.085678
 H -3.887110 0.957206 -3.838440
 H -5.248341 0.758822 -3.306614
 H 0.454100 -4.322251 -0.890989
 H 0.750956 -2.929003 -0.387659
 H 3.809813 5.045227 -5.667059
 H 4.403510 3.622650 -6.087872
 H 2.310885 5.549770 4.601755
 H 2.629737 6.769334 5.213356
 H -5.953045 4.103838 -1.851126
 H -4.771335 5.092575 -2.148937
 H -0.717776 1.331312 -1.457220
 H 0.081750 0.171493 -2.153281
 H -2.922429 -4.130708 -0.206832
 H -4.380372 -3.829028 -0.369566
 H -3.827788 5.670735 2.531360
 H -3.140389 6.143591 3.860197
 H -2.971411 3.026042 4.334686
 H -2.052150 3.750186 5.394285
 H -2.697707 -2.203891 -0.809071
 H -2.039148 -1.383190 0.291089
 H -2.076254 -2.140103 4.964091
 H -0.789868 -1.837654 5.859928
 H -0.319143 1.614022 5.709559
 H 0.754442 2.319649 4.720761
 H -4.809847 2.875568 2.158512
 H -4.008562 2.712246 0.799046
 H 3.733818 5.078577 -1.259773
 H 3.901339 3.520712 -1.404491
 H 3.236715 -5.124929 -4.568957
 H 2.720094 -5.190629 -3.210094
 H -2.430668 3.516551 -3.395236
 H -2.326620 4.374859 -2.111934
 H 4.225089 0.567440 7.157664
 H 3.629753 0.811755 5.689533
 H -1.508417 0.485968 2.263355
 H -2.832642 -0.109122 2.775845
 H -0.714550 -1.477072 -3.896364
 H 0.041159 -2.790385 -3.735522
 H -0.602361 -4.104279 -5.350173
 H 0.888527 -3.891909 -5.542825
 H 6.538698 -5.652787 5.300052
 H 5.969370 -5.115222 3.897748
 H 4.988208 -3.680096 0.398696
 H 3.985062 -3.305195 -0.728948
 H 5.007047 -0.017722 2.039229
 H 4.341255 -0.675112 3.162865
 H 1.632950 3.828231 -5.283008
 H 1.878523 4.794792 -4.014498
 H -0.516827 -6.247725 -0.202716
 H -1.731019 -5.711713 0.656630
 H -5.885021 -1.551054 -5.365518
 H -5.171075 -2.791111 -6.011644
 H -3.826773 1.052691 -0.429105
 H -5.260547 1.733900 -0.461986
 H 4.956377 3.202082 -3.550091
 H 4.084952 1.938561 -3.201668
 H 3.235596 -0.520126 -0.892148
 H 2.447383 -0.077728 -2.178030
 H -5.652914 -1.514165 1.171870
 H -5.122101 -2.916384 1.383844
 H 1.133562 2.951753 1.805348
 H 1.596091 2.829290 0.332158
K_POINTS
 1
0.0 0.0 0.0 1.0