
&control
    calculation='scf'
    pseudo_dir = './',
    outdir='./outputs',
    disk_io='high'
/
&system
    ibrav= 1, celldm(1)=20.000000, nat=  192, ntyp= 2,
    ecutwfc = 30.0, nosym=.true., occupations='smearing',
    smearing='m-v', degauss=0.025
/
&electrons
    conv_thr =  1.0d-8,
    mixing_beta = 0.7
/
&ions
    pot_extrapolation='second-order'
    wfc_extrapolation='second-order'
    ion_temperature = 'andersen'
    tempw = 1000

/
ATOMIC_SPECIES
 H  1.01  H.blyp-hgh.UPF
 O  16.0  O.blyp-hgh.UPF
ATOMIC_POSITIONS bohr
 O -5.241966 -1.282365 -1.692565
 O 3.420304 -2.406498 5.741911
 O -5.532305 6.003983 -5.377156
 O 0.419462 3.761048 -1.031873
 O -4.852610 1.007121 3.752459
 O -0.176411 6.173086 5.785738
 O -0.597760 -5.383301 -2.798210
 O 2.409342 0.614305 4.334109
 O -2.769790 -5.632473 5.853506
 O 2.642297 -2.501079 2.807670
 O 2.610890 -6.497729 2.939187
 O -3.882141 -3.618283 4.559170
 O -4.603052 -6.125810 0.543590
 O -3.424960 -5.298548 -3.846985
 O 2.836319 -3.247365 -2.281664
 O -2.088725 2.372010 -0.487844
 O -1.428854 -2.711421 2.607895
 O 0.334047 -4.537899 3.639928
 O 4.793303 -4.577983 -4.803263
 O 4.969362 5.111675 2.272575
 O 5.255363 -3.423882 3.523793
 O -2.986070 -2.586622 -3.855769
 O -1.202631 2.885427 -4.656740
 O 4.164904 2.187477 2.714013
 O 2.744698 1.448618 -3.781630
 O -4.137411 2.604509 -6.094580
 O 4.896480 -5.715836 -0.858162
 O 1.724885 -0.385795 -5.417939
 O -1.750866 0.055841 -5.173011
 O 1.267737 -0.655858 1.167144
 O 5.305584 -1.787292 -3.543279
 O 4.860439 -0.212777 -0.273101
 O 0.245091 4.550648 3.609581
 O -4.735802 0.555655 -4.120756
 O 1.023599 -3.853956 -0.247069
 O 4.429068 4.327119 -5.428920
 O 2.465247 5.866947 5.549258
 O -5.669056 5.040683 -1.736589
 O -0.276643 1.086248 -2.307639
 O -3.600027 -3.989296 -0.935522
 O -3.005260 5.588193 3.043652
 O -2.093608 3.008785 4.754208
 O -2.180031 -1.377505 -0.679350
 O -1.425631 -1.441932 5.232054
 O 0.617760 1.910413 5.614971
 O -4.631551 3.300108 1.291461
 O 3.217574 4.229689 -1.381862
 O 2.595856 -5.712000 -4.035931
 O -2.830115 4.324184 -2.963185
 O 4.437737 0.635016 6.208255
 O -2.460582 0.504820 2.106435
 O -0.176350 -1.972368 -3.246934
 O 0.033771 -3.418639 -5.664943
 O 6.118122 -5.915867 4.454660
 O 4.054274 -3.425084 0.248447
 O 5.123944 -0.830419 2.594304
 O 1.748320 3.890448 -4.328072
 O -1.466883 -6.038676 -0.235521
 O -5.174486 -1.808447 -6.001137
 O -4.658267 1.137615 -0.946495
 O 4.911866 2.464908 -2.928140
 O 2.302320 -0.415448 -1.259810
 O -4.869532 -2.077123 0.955813
 O 1.823675 2.520824 1.247338
 H -4.345530 -1.691881 -1.740298
 H -5.008287 -0.327593 -1.614336
 H 4.245466 -2.074807 5.313511
 H 2.751018 -2.289223 5.038523
 H -6.221355 5.310603 -5.527113
 H -5.604643 6.197727 -4.426177
 H 0.603925 3.203543 -1.837266
 H 1.225002 4.318618 -0.922971
 H -5.426811 0.221985 3.597339
 H -5.100741 1.191403 4.696146
 H -0.115011 6.898677 5.100349
 H 0.802071 6.050106 5.974584
 H -1.253898 -5.431453 -2.060252
 H -0.673663 -6.263423 -3.227085
 H 2.702675 1.288938 3.677713
 H 1.645238 0.957162 4.847192
 H -3.273232 -5.981272 6.638527
 H -1.847123 -5.906431 6.054864
 H 2.432074 -1.541950 2.669429
 H 2.860210 -2.761513 1.860417
 H 3.488351 -6.521650 2.488444
 H 1.830828 -6.621360 2.378219
 H -3.503949 -4.416188 5.035613
 H -4.645411 -3.322378 5.086998
 H -4.539417 -7.094560 0.729411
 H -4.401028 -6.085837 -0.420795
 H -3.609804 -4.347373 -3.660664
 H -2.770340 -5.547639 -3.176083
 H 2.631027 -2.307113 -2.436121
 H 2.141603 -3.553593 -1.629725
 H -2.082516 3.086229 -1.181291
 H -1.691046 2.708176 0.344622
 H -0.988784 -3.259147 1.908246
 H -0.960169 -1.868369 2.432992
 H 1.236350 -4.210962 3.832567
 H -0.195321 -3.708300 3.710720
 H 5.042079 -5.194450 -5.520548
 H 5.299986 -3.739282 -4.895699
 H 5.694857 5.018866 2.903421
 H 5.163955 4.690338 1.423905
 H 5.458993 -2.780574 2.816563
 H 4.278018 -3.340408 3.614180
 H -2.141666 -2.586239 -3.342431
 H -2.732280 -2.143855 -4.687452
 H -0.244534 2.872176 -4.489467
 H -1.371287 2.003160 -5.060474
 H 4.590691 2.887766 3.234720
 H 3.660318 2.597057 1.972062
 H 2.455548 0.885565 -4.554265
 H 2.414910 2.382963 -3.918364
 H -3.956182 2.200666 -5.228488
 H -3.313005 2.311577 -6.556942
 H 5.324959 -5.893456 0.009050
 H 5.678673 -5.844084 -1.443255
 H 2.362045 -1.089365 -5.697154
 H 1.019367 -0.296253 -6.073139
 H -1.607563 -0.277010 -6.114192
 H -2.669335 -0.281713 -5.111458
 H 1.370970 0.309717 1.286065
 H 1.663191 -0.737500 0.275584
 H 4.493183 -2.079414 -3.074434
 H 5.945513 -1.441793 -2.859477
 H 4.839666 0.589450 -0.828605
 H 5.529719 -0.822047 -0.702769
 H 0.012167 4.958795 4.486519
 H -0.580023 4.500875 3.090288
 H -3.888483 0.961453 -3.837609
 H -5.242223 0.770102 -3.303320
 H 0.455751 -4.318176 -0.899166
 H 0.752506 -2.926979 -0.396218
 H 3.812238 5.042923 -5.655892
 H 4.397428 3.633836 -6.110339
 H 2.300143 5.555814 4.598910
 H 2.613783 6.776025 5.211076
 H -5.941065 4.104569 -1.876039
 H -4.777636 5.113560 -2.161283
 H -0.709342 1.321519 -1.448585
 H 0.069905 0.169753 -2.192790
 H -2.917551 -4.168080 -0.223275
 H -4.385861 -3.826030 -0.357651
 H -3.843093 5.677414 2.545980
 H -3.123757 6.137019 3.866086
 H -2.970023 3.030228 4.332823
 H -2.043187 3.740976 5.404189
 H -2.691897 -2.206853 -0.816519
 H -2.036489 -1.412380 0.293825
 H -2.084299 -2.130914 4.958903
 H -0.785762 -1.854982 5.854146
 H -0.320926 1.596621 5.693851
 H 0.764615 2.344125 4.737288
 H -4.830957 2.883113 2.158435
 H -3.996124 2.715501 0.811649
 H 3.736859 5.073442 -1.239721
 H 3.900101 3.519839 -1.428110
 H 3.213765 -5.140522 -4.592867
 H 2.718770 -5.179467 -3.219754
 H -2.458049 3.506613 -3.384095
 H -2.316039 4.368179 -2.124052
 H 4.215632 0.581680 7.166334
 H 3.627899 0.807647 5.687249
 H -1.498733 0.504748 2.276749
 H -2.810730 -0.096190 2.794870
 H -0.710129 -1.460642 -3.889981
 H 0.040246 -2.778247 -3.765100
 H -0.606482 -4.109510 -5.378372
 H 0.884200 -3.899285 -5.544909
 H 6.538677 -5.658428 5.301471
 H 5.983727 -5.118575 3.894568
 H 4.975701 -3.679954 0.409528
 H 3.983764 -3.305600 -0.726295
 H 4.993261 -0.026137 2.030442
 H 4.348790 -0.677664 3.170299
 H 1.638020 3.830685 -5.286616
 H 1.890009 4.792902 -4.020084
 H -0.516115 -6.248034 -0.207517
 H -1.731478 -5.707911 0.647582
 H -5.888998 -1.568518 -5.360171
 H -5.157138 -2.787989 -6.028566
 H -3.825719 1.054517 -0.431294
 H -5.263310 1.736754 -0.475708
 H 4.964935 3.211626 -3.558691
 H 4.072220 1.965883 -3.202499
 H 3.226466 -0.511859 -0.901143
 H 2.441792 -0.070189 -2.174835
 H -5.642545 -1.515691 1.173913
 H -5.117234 -2.922013 1.393672
 H 1.127555 2.938947 1.809258
 H 1.594991 2.832438 0.329562
K_POINTS
 1
0.0 0.0 0.0 1.0