
&control
    calculation='scf'
    pseudo_dir = './',
    outdir='./outputs',
    disk_io='high'
/
&system
    ibrav= 1, celldm(1)=20.000000, nat=  192, ntyp= 2,
    ecutwfc = 30.0, nosym=.true., occupations='smearing',
    smearing='m-v', degauss=0.025
/
&electrons
    conv_thr =  1.0d-8,
    mixing_beta = 0.7
/
&ions
    pot_extrapolation='second-order'
    wfc_extrapolation='second-order'
    ion_temperature = 'andersen'
    tempw = 1000

/
ATOMIC_SPECIES
 H  1.01  H.blyp-hgh.UPF
 O  16.0  O.blyp-hgh.UPF
ATOMIC_POSITIONS bohr
 O -5.242744 -1.281751 -1.689878
 O 3.418364 -2.407780 5.743027
 O -5.530823 6.005829 -5.377216
 O 0.422888 3.758959 -1.031050
 O -4.854367 1.008312 3.750719
 O -0.173942 6.173216 5.789162
 O -0.599547 -5.383307 -2.795891
 O 2.409972 0.616177 4.336242
 O -2.771782 -5.634490 5.852637
 O 2.642011 -2.500756 2.810997
 O 2.609682 -6.497508 2.940373
 O -3.880158 -3.618826 4.557763
 O -4.603630 -6.129556 0.543982
 O -3.425197 -5.297103 -3.844710
 O 2.835302 -3.247578 -2.280591
 O -2.085786 2.372485 -0.490185
 O -1.427952 -2.714254 2.608708
 O 0.335227 -4.536413 3.637662
 O 4.792936 -4.577413 -4.802226
 O 4.970763 5.110373 2.271611
 O 5.252533 -3.425330 3.523886
 O -2.984383 -2.587726 -3.854742
 O -1.202267 2.885996 -4.655009
 O 4.164958 2.186328 2.712511
 O 2.747348 1.446749 -3.783178
 O -4.137586 2.604714 -6.091952
 O 4.898481 -5.715897 -0.857464
 O 1.723424 -0.383667 -5.419722
 O -1.750406 0.057358 -5.173063
 O 1.266922 -0.657442 1.167814
 O 5.308134 -1.787068 -3.545599
 O 4.858744 -0.212991 -0.275429
 O 0.245886 4.548156 3.612840
 O -4.736133 0.555832 -4.119994
 O 1.022536 -3.853641 -0.246958
 O 4.430236 4.325665 -5.431381
 O 2.463271 5.868713 5.547890
 O -5.669412 5.041704 -1.735728
 O -0.277039 1.088240 -2.307285
 O -3.602318 -3.988013 -0.935323
 O -3.005727 5.588681 3.042210
 O -2.092411 3.010166 4.752595
 O -2.178086 -1.378393 -0.678378
 O -1.425197 -1.442710 5.233519
 O 0.614465 1.912081 5.616062
 O -4.632848 3.300356 1.291567
 O 3.216882 4.229749 -1.383564
 O 2.592985 -5.712624 -4.035405
 O -2.831750 4.325114 -2.965086
 O 4.436736 0.635386 6.211396
 O -2.459122 0.504844 2.104595
 O -0.173979 -1.971971 -3.248664
 O 0.034198 -3.418787 -5.665379
 O 6.119270 -5.916434 4.454437
 O 4.050836 -3.423918 0.249748
 O 5.127817 -0.829245 2.596731
 O 1.748218 3.889892 -4.328899
 O -1.466811 -6.040537 -0.236793
 O -5.175069 -1.808007 -6.000891
 O -4.657462 1.137440 -0.947710
 O 4.911895 2.468899 -2.930760
 O 2.299829 -0.416650 -1.260382
 O -4.868901 -2.081133 0.954599
 O 1.824395 2.522909 1.247461
 H -4.345626 -1.690492 -1.749488
 H -5.007340 -0.327502 -1.611497
 H 4.246910 -2.079854 5.318883
 H 2.753165 -2.291542 5.035653
 H -6.219740 5.313156 -5.531370
 H -5.603777 6.198456 -4.426190
 H 0.607318 3.205550 -1.840034
 H 1.226889 4.319052 -0.920084
 H -5.422086 0.218689 3.595716
 H -5.104552 1.183344 4.697027
 H -0.116508 6.897019 5.102526
 H 0.805983 6.052173 5.972218
 H -1.260570 -5.430608 -2.062855
 H -0.667937 -6.265056 -3.222138
 H 2.702197 1.288633 3.675506
 H 1.647374 0.962910 4.849972
 H -3.275242 -5.974538 6.641665
 H -1.849384 -5.905093 6.059295
 H 2.436534 -1.541615 2.666325
 H 2.868023 -2.769475 1.867336
 H 3.484533 -6.523064 2.483287
 H 1.827287 -6.618955 2.382611
 H -3.500536 -4.415762 5.037085
 H -4.641870 -3.330974 5.091088
 H -4.541881 -7.098115 0.732950
 H -4.404474 -6.084389 -0.420660
 H -3.611955 -4.345776 -3.660363
 H -2.768274 -5.543651 -3.175351
 H 2.632084 -2.306251 -2.435978
 H 2.145751 -3.555907 -1.622453
 H -2.092798 3.080200 -1.188911
 H -1.693520 2.708521 0.343577
 H -0.993827 -3.258868 1.907899
 H -0.962947 -1.868952 2.426828
 H 1.237545 -4.211349 3.832069
 H -0.193912 -3.707068 3.710339
 H 5.042641 -5.191697 -5.521556
 H 5.298053 -3.738539 -4.902413
 H 5.694847 5.025924 2.906258
 H 5.166694 4.686369 1.426102
 H 5.458504 -2.780802 2.818137
 H 4.275853 -3.334777 3.615098
 H -2.139481 -2.587686 -3.342062
 H -2.735642 -2.140583 -4.685340
 H -0.244084 2.870387 -4.488249
 H -1.372621 2.003728 -5.061050
 H 4.593647 2.883655 3.234213
 H 3.656869 2.599334 1.974342
 H 2.452370 0.882111 -4.553579
 H 2.415823 2.380744 -3.916521
 H -3.958467 2.202319 -5.225561
 H -3.313877 2.311088 -6.553797
 H 5.330063 -5.895538 0.007029
 H 5.677241 -5.846916 -1.446474
 H 2.361412 -1.086952 -5.701177
 H 1.015037 -0.292159 -6.071027
 H -1.602942 -0.272356 -6.114913
 H -2.667760 -0.282802 -5.112810
 H 1.368444 0.308572 1.287199
 H 1.665904 -0.735193 0.277303
 H 4.498358 -2.081656 -3.072755
 H 5.950313 -1.446072 -2.860617
 H 4.839781 0.591097 -0.830940
 H 5.529621 -0.823303 -0.704037
 H 0.011440 4.958821 4.489142
 H -0.580497 4.500295 3.092102
 H -3.888881 0.962671 -3.837374
 H -5.240347 0.773815 -3.302531
 H 0.456278 -4.316874 -0.901872
 H 0.752965 -2.926183 -0.398939
 H 3.812823 5.042099 -5.652428
 H 4.395332 3.637640 -6.117874
 H 2.296813 5.557516 4.598028
 H 2.608715 6.778379 5.210753
 H -5.937006 4.105016 -1.884418
 H -4.779950 5.120317 -2.165493
 H -0.706502 1.318038 -1.445968
 H 0.065790 0.169454 -2.205969
 H -2.916277 -4.180553 -0.229315
 H -4.387610 -3.824904 -0.353971
 H -3.848042 5.679764 2.551000
 H -3.118211 6.134576 3.867802
 H -2.969520 3.031907 4.332088
 H -2.040370 3.737855 5.407338
 H -2.689931 -2.207810 -0.819055
 H -2.035731 -1.421895 0.294567
 H -2.086910 -2.127792 4.957241
 H -0.784493 -1.861161 5.852012
 H -0.321201 1.591264 5.688256
 H 0.767400 2.352469 4.743091
 H -4.837829 2.885452 2.158272
 H -3.992043 2.716768 0.816187
 H 3.737774 5.071506 -1.233104
 H 3.899589 3.519640 -1.436250
 H 3.205992 -5.146076 -4.600676
 H 2.718169 -5.175904 -3.222922
 H -2.467061 3.503524 -3.380650
 H -2.312609 4.366210 -2.128328
 H 4.212530 0.586531 7.168815
 H 3.627085 0.806127 5.686486
 H -1.495528 0.511031 2.281198
 H -2.803559 -0.091731 2.801202
 H -0.708470 -1.454885 -3.887821
 H 0.040044 -2.774059 -3.774961
 H -0.607869 -4.111155 -5.387898
 H 0.882695 -3.901566 -5.545621
 H 6.538722 -5.660352 5.301833
 H 5.988517 -5.119550 3.893734
 H 4.971501 -3.679957 0.413077
 H 3.983254 -3.305899 -0.725363
 H 4.988911 -0.029185 2.027421
 H 4.351382 -0.678760 3.173014
 H 1.639747 3.831806 -5.287931
 H 1.894117 4.792849 -4.022087
 H -0.515914 -6.248178 -0.208953
 H -1.731544 -5.706887 0.644596
 H -5.890138 -1.574417 -5.358465
 H -5.152592 -2.786683 -6.033824
 H -3.825420 1.055180 -0.432100
 H -5.264154 1.737700 -0.480169
 H 4.967700 3.214745 -3.561633
 H 4.068254 1.975086 -3.202903
 H 3.223405 -0.509075 -0.904140
 H 2.439723 -0.067478 -2.173602
 H -5.639006 -1.516164 1.174544
 H -5.115421 -2.923707 1.397082
 H 1.125852 2.934634 1.810463
 H 1.594587 2.833374 0.328911
K_POINTS
 1
0.0 0.0 0.0 1.0