
&control
    calculation='scf'
    pseudo_dir = './',
    outdir='./outputs',
    disk_io='high'
/
&system
    ibrav= 1, celldm(1)=20.000000, nat=  192, ntyp= 2,
    ecutwfc = 30.0, nosym=.true., occupations='smearing',
    smearing='m-v', degauss=0.025
/
&electrons
    conv_thr =  1.0d-8,
    mixing_beta = 0.7
/
&ions
    pot_extrapolation='second-order'
    wfc_extrapolation='second-order'
    ion_temperature = 'andersen'
    tempw = 1000

/
ATOMIC_SPECIES
 H  1.01  H.blyp-hgh.UPF
 O  16.0  O.blyp-hgh.UPF
ATOMIC_POSITIONS bohr
 O -5.244277 -1.280545 -1.684543
 O 3.414465 -2.410330 5.745247
 O -5.527889 6.009486 -5.377364
 O 0.429763 3.754776 -1.029428
 O -4.857948 1.010668 3.747331
 O -0.168972 6.173487 5.796010
 O -0.603146 -5.383338 -2.791239
 O 2.411305 0.619872 4.340422
 O -2.775800 -5.638608 5.850952
 O 2.641446 -2.500093 2.817565
 O 2.607240 -6.497018 2.942810
 O -3.876153 -3.619923 4.554956
 O -4.604769 -6.137083 0.544757
 O -3.425742 -5.294221 -3.840134
 O 2.833275 -3.248037 -2.278441
 O -2.079950 2.373429 -0.494864
 O -1.426081 -2.719904 2.610235
 O 0.337599 -4.533424 3.633203
 O 4.792209 -4.576245 -4.800160
 O 4.973505 5.107787 2.269647
 O 5.246878 -3.428254 3.524075
 O -2.980980 -2.589918 -3.852653
 O -1.201577 2.887120 -4.651592
 O 4.165048 2.183970 2.709483
 O 2.752622 1.442990 -3.786255
 O -4.137898 2.605085 -6.086700
 O 4.902520 -5.716039 -0.856051
 O 1.720532 -0.379447 -5.423224
 O -1.749511 0.060397 -5.173212
 O 1.265278 -0.660577 1.169214
 O 5.313185 -1.786599 -3.550249
 O 4.855380 -0.213447 -0.280134
 O 0.247495 4.543112 3.619310
 O -4.736750 0.556252 -4.118380
 O 1.020364 -3.853008 -0.246794
 O 4.432684 4.322732 -5.436252
 O 2.459275 5.872283 5.545060
 O -5.670036 5.043695 -1.734075
 O -0.277816 1.092218 -2.306537
 O -3.606845 -3.985450 -0.934784
 O -3.006665 5.589686 3.039364
 O -2.089947 3.012882 4.749359
 O -2.174187 -1.380212 -0.676382
 O -1.424309 -1.444274 5.236408
 O 0.607854 1.915417 5.618251
 O -4.635445 3.300853 1.291747
 O 3.215538 4.229937 -1.386902
 O 2.587241 -5.713800 -4.034374
 O -2.834996 4.326950 -2.968780
 O 4.434817 0.636141 6.217718
 O -2.456135 0.504863 2.100924
 O -0.169277 -1.971210 -3.252111
 O 0.035068 -3.419144 -5.666211
 O 6.121548 -5.917618 4.453950
 O 4.043945 -3.421501 0.252401
 O 5.135532 -0.826759 2.601557
 O 1.747931 3.888628 -4.330511
 O -1.466690 -6.044247 -0.239343
 O -5.176264 -1.807134 -6.000393
 O -4.655847 1.137122 -0.950167
 O 4.911994 2.476881 -2.935927
 O 2.294909 -0.419078 -1.261607
 O -4.867686 -2.089224 0.952227
 O 1.825778 2.527099 1.247688
 H -4.346443 -1.687804 -1.767957
 H -5.005441 -0.327146 -1.605446
 H 4.249588 -2.089981 5.329946
 H 2.757624 -2.296212 5.029750
 H -6.216409 5.318193 -5.539816
 H -5.601865 6.200021 -4.426175
 H 0.614064 3.209821 -1.845030
 H 1.230763 4.319655 -0.914775
 H -5.412589 0.212225 3.592170
 H -5.111830 1.167446 4.698459
 H -0.119549 6.893645 5.106633
 H 0.813683 6.056203 5.967671
 H -1.273613 -5.428944 -2.068096
 H -0.656347 -6.268135 -3.212189
 H 2.701376 1.287991 3.671233
 H 1.651666 0.974416 4.855610
 H -3.279313 -5.960690 6.647634
 H -1.853756 -5.902409 6.068008
 H 2.445187 -1.541337 2.660129
 H 2.883629 -2.785469 1.881884
 H 3.476648 -6.526189 2.472875
 H 1.820370 -6.614176 2.391221
 H -3.493775 -4.414535 5.039955
 H -4.634696 -3.348158 5.098725
 H -4.546977 -7.105084 0.739887
 H -4.411475 -6.081474 -0.419872
 H -3.615959 -4.342626 -3.659984
 H -2.764155 -5.535693 -3.174002
 H 2.633763 -2.304518 -2.435545
 H 2.154435 -3.560251 -1.608000
 H -2.113194 3.067625 -1.203211
 H -1.698445 2.709471 0.340946
 H -1.004130 -3.258407 1.907505
 H -0.968613 -1.870071 2.414781
 H 1.239992 -4.212181 3.830663
 H -0.191291 -3.704695 3.709352
 H 5.044183 -5.185895 -5.523535
 H 5.293872 -3.737306 -4.915824
 H 5.695288 5.040288 2.912128
 H 5.172610 4.678216 1.430449
 H 5.457419 -2.781089 2.821475
 H 4.271677 -3.323529 3.616675
 H -2.135217 -2.590542 -3.341350
 H -2.742640 -2.134210 -4.681106
 H -0.243014 2.866933 -4.485554
 H -1.375418 2.004846 -5.061724
 H 4.599481 2.875632 3.233003
 H 3.649923 2.603992 1.979286
 H 2.445726 0.875331 -4.551962
 H 2.417479 2.376089 -3.912937
 H -3.963736 2.205630 -5.219514
 H -3.315835 2.310363 -6.547552
 H 5.340069 -5.899637 0.002925
 H 5.674008 -5.852879 -1.453008
 H 2.360002 -1.082039 -5.709506
 H 1.006512 -0.284070 -6.066926
 H -1.593734 -0.263086 -6.116161
 H -2.664828 -0.284622 -5.115122
 H 1.363309 0.306432 1.289634
 H 1.671143 -0.730672 0.280393
 H 4.509213 -2.086209 -3.069572
 H 5.959974 -1.455094 -2.863044
 H 4.840273 0.594343 -0.835625
 H 5.529168 -0.825379 -0.706297
 H 0.009718 4.958925 4.494060
 H -0.581553 4.499253 3.096210
 H -3.889580 0.964796 -3.836991
 H -5.236884 0.781153 -3.301393
 H 0.457316 -4.314352 -0.907235
 H 0.753810 -2.924433 -0.404167
 H 3.813643 5.040407 -5.645883
 H 4.391047 3.645346 -6.133001
 H 2.290546 5.560448 4.596346
 H 2.598970 6.783289 5.210747
 H -5.928809 4.106258 -1.901261
 H -4.784934 5.133489 -2.174008
 H -0.700788 1.310749 -1.441091
 H 0.057320 0.169241 -2.232287
 H -2.914332 -4.205469 -0.242238
 H -4.390861 -3.822474 -0.347089
 H -3.857654 5.684644 2.561286
 H -3.107133 6.129304 3.870841
 H -2.968440 3.035699 4.330480
 H -2.035007 3.731551 5.413406
 H -2.685954 -2.209655 -0.824224
 H -2.034394 -1.440564 0.295809
 H -2.092004 -2.121460 4.954028
 H -0.782141 -1.874093 5.847416
 H -0.321340 1.581228 5.676519
 H 0.772029 2.369418 4.755101
 H -4.851307 2.889854 2.157733
 H -3.984036 2.719591 0.825806
 H 3.739433 5.067289 -1.219997
 H 3.898398 3.519406 -1.452922
 H 3.190280 -5.157682 -4.616023
 H 2.716753 -5.168976 -3.229156
 H -2.484884 3.497609 -3.374254
 H -2.305919 4.362701 -2.137243
 H 4.206398 0.596388 7.173190
 H 3.625256 0.802850 5.685019
 H -1.489343 0.523658 2.290000
 H -2.789444 -0.082548 2.813789
 H -0.704864 -1.442978 -3.883418
 H 0.039797 -2.765453 -3.794661
 H -0.610680 -4.114308 -5.407117
 H 0.879637 -3.905878 -5.547068
 H 6.538908 -5.664254 5.302410
 H 5.998084 -5.121261 3.892396
 H 4.963060 -3.680045 0.420084
 H 3.982113 -3.306737 -0.723430
 H 4.980604 -0.035677 2.021272
 H 4.356746 -0.681322 3.178777
 H 1.643256 3.834486 -5.290713
 H 1.902743 4.793563 -4.026299
 H -0.515548 -6.248524 -0.211583
 H -1.731547 -5.705201 0.638714
 H -5.892148 -1.586325 -5.355152
 H -5.143660 -2.783706 -6.043762
 H -3.824888 1.056599 -0.433805
 H -5.265702 1.739579 -0.488910
 H 4.973100 3.220907 -3.567653
 H 4.060792 1.993596 -3.203906
 H 3.217360 -0.503497 -0.910068
 H 2.435254 -0.061752 -2.170911
 H -5.631795 -1.517077 1.175730
 H -5.111517 -2.926829 1.404110
 H 1.122876 2.925962 1.812715
 H 1.593717 2.835075 0.327970
K_POINTS
 1
0.0 0.0 0.0 1.0