
&control
    calculation='scf'
    pseudo_dir = './',
    outdir='./outputs',
    disk_io='high'
/
&system
    ibrav= 1, celldm(1)=20.000000, nat=  192, ntyp= 2,
    ecutwfc = 30.0, nosym=.true., occupations='smearing',
    smearing='m-v', degauss=0.025
/
&electrons
    conv_thr =  1.0d-8,
    mixing_beta = 0.7
/
&ions
    pot_extrapolation='second-order'
    wfc_extrapolation='second-order'
    ion_temperature = 'andersen'
    tempw = 1000

/
ATOMIC_SPECIES
 H  1.01  H.blyp-hgh.UPF
 O  16.0  O.blyp-hgh.UPF
ATOMIC_POSITIONS bohr
 O -5.251128 -1.275132 -1.658916
 O 3.394409 -2.422880 5.756196
 O -5.513763 6.027093 -5.378803
 O 0.464655 3.733907 -1.021799
 O -4.877284 1.021803 3.732748
 O -0.143732 6.175146 5.830139
 O -0.621471 -5.383687 -2.767885
 O 2.419285 0.637704 4.359503
 O -2.796344 -5.660718 5.843672
 O 2.638996 -2.496729 2.848788
 O 2.594897 -6.493662 2.955956
 O -3.855167 -3.625963 4.541341
 O -4.610238 -6.175041 0.548913
 O -3.430009 -5.280048 -3.816961
 O 2.823300 -3.250935 -2.267568
 O -2.052019 2.376901 -0.518368
 O -1.415809 -2.746433 2.616728
 O 0.349610 -4.518429 3.612378
 O 4.788914 -4.569953 -4.790355
 O 4.986075 5.095420 2.259948
 O 5.218716 -3.443248 3.524984
 O -2.963640 -2.600626 -3.841416
 O -1.198864 2.892142 -4.635554
 O 4.165059 2.171055 2.693739
 O 2.778343 1.423663 -3.801226
 O -4.138987 2.606500 -6.060713
 O 4.923210 -5.717027 -0.848859
 O 1.706877 -0.359269 -5.439375
 O -1.745384 0.075784 -5.174802
 O 1.256984 -0.675349 1.177218
 O 5.337612 -1.783823 -3.573466
 O 4.839204 -0.215923 -0.304887
 O 0.255349 4.516922 3.650717
 O -4.738758 0.559711 -4.108605
 O 1.008444 -3.849653 -0.247319
 O 4.446993 4.307589 -5.459771
 O 2.438482 5.890830 5.529345
 O -5.671237 5.052295 -1.727600
 O -0.281303 1.112023 -2.302550
 O -3.628575 -3.972898 -0.929375
 O -3.011584 5.595244 3.025847
 O -2.076415 3.025430 4.732898
 O -2.154627 -1.390514 -0.665442
 O -1.419422 -1.452394 5.250098
 O 0.575088 1.932124 5.629490
 O -4.648472 3.303387 1.291951
 O 3.209818 4.232133 -1.402275
 O 2.558179 -5.718676 -4.029800
 O -2.850782 4.335758 -2.984780
 O 4.426425 0.640269 6.249386
 O -2.438902 0.504089 2.083634
 O -0.146710 -1.967978 -3.269509
 O 0.039431 -3.421947 -5.669700
 O 6.132611 -5.924684 4.450611
 O 4.009281 -3.407835 0.266713
 O 5.173080 -0.811611 2.625085
 O 1.745033 3.880160 -4.337695
 O -1.466648 -6.062586 -0.252369
 O -5.182730 -1.802547 -5.997862
 O -4.647833 1.136181 -0.963102
 O 4.913173 2.516876 -2.960251
 O 2.271213 -0.431660 -1.269412
 O -4.862542 -2.130906 0.941407
 O 1.831796 2.548184 1.248374
 H -4.364738 -1.675932 -1.861172
 H -4.996578 -0.321768 -1.567860
 H 4.259543 -2.140503 5.390775
 H 2.783413 -2.320073 4.996879
 H -6.197548 5.342082 -5.579396
 H -5.589568 6.209568 -4.425470
 H 0.646993 3.236209 -1.858870
 H 1.251584 4.316732 -0.898062
 H -5.364639 0.182127 3.566608
 H -5.140259 1.094050 4.696496
 H -0.135721 6.876211 5.121846
 H 0.850284 6.073627 5.949317
 H -1.332831 -5.421929 -2.093440
 H -0.596184 -6.280238 -3.161415
 H 2.699545 1.282400 3.654899
 H 1.674478 1.031204 4.884183
 H -3.300993 -5.885117 6.671586
 H -1.873259 -5.888998 6.108082
 H 2.482431 -1.547328 2.628559
 H 2.959490 -2.864695 1.968050
 H 3.431309 -6.547380 2.421152
 H 1.787900 -6.591034 2.430507
 H -3.459506 -4.401100 5.050049
 H -4.600092 -3.431738 5.126166
 H -4.574885 -7.136831 0.768984
 H -4.448143 -6.069248 -0.406753
 H -3.629803 -4.327786 -3.662001
 H -2.743377 -5.496194 -3.169591
 H 2.632988 -2.298763 -2.428931
 H 2.205559 -3.574058 -1.539644
 H -2.210581 2.999222 -1.256190
 H -1.721109 2.723627 0.318601
 H -1.055163 -3.265411 1.903445
 H -1.001116 -1.878104 2.361893
 H 1.253843 -4.216675 3.815633
 H -0.181919 -3.693949 3.699470
 H 5.058512 -5.152497 -5.531604
 H 5.266396 -3.734561 -4.980638
 H 5.703158 5.116735 2.941675
 H 5.212619 4.631780 1.449123
 H 5.450637 -2.779437 2.842204
 H 4.253378 -3.268575 3.619965
 H -2.115250 -2.603504 -3.339214
 H -2.782027 -2.105522 -4.659615
 H -0.235589 2.852054 -4.467401
 H -1.390851 2.012803 -5.054507
 H 4.627369 2.839852 3.223565
 H 3.614828 2.628812 2.011658
 H 2.407568 0.844939 -4.538473
 H 2.421329 2.348653 -3.898293
 H -4.003002 2.221185 -5.184339
 H -3.327992 2.310686 -6.518041
 H 5.387489 -5.919342 -0.016548
 H 5.650805 -5.888423 -1.487384
 H 2.348247 -1.054380 -5.756355
 H 0.966619 -0.246114 -6.049611
 H -1.549696 -0.218730 -6.117321
 H -2.654274 -0.286696 -5.120069
 H 1.335503 0.297383 1.305555
 H 1.692622 -0.710732 0.290108
 H 4.572440 -2.110832 -3.058022
 H 6.009080 -1.508252 -2.879131
 H 4.848038 0.605667 -0.856946
 H 5.520596 -0.826034 -0.711902
 H -0.003098 4.959417 4.511122
 H -0.584999 4.495974 3.127948
 H -3.890446 0.968844 -3.837454
 H -5.227386 0.815853 -3.302665
 H 0.462839 -4.303212 -0.932413
 H 0.757248 -2.913989 -0.425440
 H 3.811389 5.031444 -5.619998
 H 4.368366 3.685555 -6.208817
 H 2.267827 5.566198 4.588807
 H 2.558472 6.811982 5.222354
 H -5.887298 4.120841 -1.985688
 H -4.817397 5.193473 -2.216880
 H -0.672476 1.267917 -1.421467
 H 0.010536 0.174968 -2.361111
 H -2.918626 -4.327595 -0.322503
 H -4.398525 -3.806940 -0.322721
 H -3.898214 5.712461 2.618091
 H -3.052670 6.095691 3.878585
 H -2.960879 3.063535 4.321039
 H -2.014081 3.699357 5.439449
 H -2.665171 -2.216535 -0.852682
 H -2.030520 -1.525430 0.298156
 H -2.114259 -2.088127 4.940341
 H -0.775510 -1.948639 5.817147
 H -0.318039 1.544420 5.606872
 H 0.775425 2.458895 4.821332
 H -4.912768 2.906086 2.150633
 H -3.948416 2.739448 0.885180
 H 3.743985 5.039625 -1.157958
 H 3.888453 3.522450 -1.543596
 H 3.109913 -5.223556 -4.686749
 H 2.706509 -5.136718 -3.257597
 H -2.569282 3.470966 -3.354809
 H -2.275899 4.355060 -2.188274
 H 4.176433 0.648690 7.186584
 H 3.616428 0.781350 5.681577
 H -1.469452 0.588605 2.328710
 H -2.724581 -0.029584 2.871846
 H -0.680310 -1.377204 -3.858295
 H 0.041682 -2.716936 -3.891463
 H -0.625708 -4.127600 -5.505782
 H 0.865940 -3.923540 -5.554396
 H 6.542531 -5.684533 5.303334
 H 6.044884 -5.124347 3.891862
 H 4.920291 -3.682396 0.453517
 H 3.973670 -3.315310 -0.712524
 H 4.947690 -0.077067 1.989836
 H 4.389555 -0.701114 3.212915
 H 1.661843 3.855479 -5.306351
 H 1.952848 4.807989 -4.052110
 H -0.513749 -6.251138 -0.220239
 H -1.729301 -5.703772 0.613046
 H -5.897800 -1.647377 -5.339536
 H -5.102354 -2.763879 -6.082042
 H -3.822580 1.065940 -0.443168
 H -5.269621 1.748549 -0.528758
 H 4.997631 3.250719 -3.600985
 H 4.034616 2.086254 -3.212920
 H 3.192550 -0.476551 -0.936059
 H 2.405518 -0.026693 -2.154635
 H -5.592953 -1.521818 1.180123
 H -5.087164 -2.937928 1.444056
 H 1.115035 2.883055 1.821243
 H 1.587647 2.840452 0.330743
K_POINTS
 1
0.0 0.0 0.0 1.0