
&control
    calculation='scf'
    pseudo_dir = './',
    outdir='./outputs',
    disk_io='high'
/
&system
    ibrav= 1, celldm(1)=20.000000, nat=  192, ntyp= 2,
    ecutwfc = 30.0, nosym=.true., occupations='smearing',
    smearing='m-v', degauss=0.025
/
&electrons
    conv_thr =  1.0d-8,
    mixing_beta = 0.7
/
&ions
    pot_extrapolation='second-order'
    wfc_extrapolation='second-order'
    ion_temperature = 'andersen'
    tempw = 1000

/
ATOMIC_SPECIES
 H  1.01  H.blyp-hgh.UPF
 O  16.0  O.blyp-hgh.UPF
ATOMIC_POSITIONS bohr
 O -5.255685 -1.271093 -1.637820
 O 3.375067 -2.434075 5.765939
 O -5.501614 6.042178 -5.381274
 O 0.496576 3.715767 -1.014980
 O -4.896660 1.030325 3.723404
 O -0.121080 6.177418 5.860326
 O -0.637930 -5.383920 -2.747230
 O 2.427803 0.653376 4.374223
 O -2.814771 -5.682397 5.839000
 O 2.637783 -2.494357 2.875193
 O 2.584064 -6.489515 2.968210
 O -3.834824 -3.632408 4.530039
 O -4.615185 -6.208766 0.554545
 O -3.436198 -5.267908 -3.796109
 O 2.814855 -3.254243 -2.257720
 O -2.029072 2.375923 -0.539849
 O -1.406037 -2.765761 2.622292
 O 0.360434 -4.505494 3.595735
 O 4.786748 -4.563876 -4.783014
 O 4.996680 5.085207 2.252673
 O 5.193600 -3.456885 3.525481
 O -2.948247 -2.610039 -3.830122
 O -1.197084 2.895640 -4.622581
 O 4.164403 2.158165 2.678717
 O 2.800291 1.405441 -3.814049
 O -4.140140 2.607839 -6.037720
 O 4.941870 -5.718009 -0.842566
 O 1.695801 -0.342582 -5.452068
 O -1.742036 0.090189 -5.177098
 O 1.250010 -0.686810 1.185155
 O 5.359205 -1.780656 -3.594001
 O 4.825302 -0.217493 -0.328825
 O 0.261322 4.492513 3.677857
 O -4.738793 0.564604 -4.097962
 O 0.996018 -3.845998 -0.249957
 O 4.461893 4.293707 -5.480592
 O 2.418833 5.908332 5.513760
 O -5.669424 5.057584 -1.725044
 O -0.283465 1.129595 -2.299924
 O -3.646891 -3.962323 -0.921926
 O -3.016342 5.600699 3.014217
 O -2.062901 3.035119 4.717457
 O -2.137077 -1.401923 -0.654558
 O -1.414163 -1.460444 5.261542
 O 0.547466 1.947373 5.640318
 O -4.660516 3.305992 1.291323
 O 3.206178 4.235400 -1.414300
 O 2.530782 -5.722666 -4.026499
 O -2.864734 4.342930 -2.995850
 O 4.419963 0.644509 6.275934
 O -2.418985 0.501752 2.071353
 O -0.128082 -1.965566 -3.286268
 O 0.042580 -3.425523 -5.672088
 O 6.142090 -5.932672 4.446065
 O 3.978036 -3.393563 0.281159
 O 5.204934 -0.794564 2.645327
 O 1.740978 3.872170 -4.342999
 O -1.467559 -6.078903 -0.264615
 O -5.189039 -1.797357 -5.995680
 O -4.641038 1.136335 -0.975972
 O 4.915149 2.553518 -2.979980
 O 2.250916 -0.443602 -1.278708
 O -4.859028 -2.169675 0.932919
 O 1.836805 2.566671 1.248504
 H -4.402032 -1.667486 -1.944156
 H -4.991129 -0.314284 -1.524374
 H 4.266207 -2.184059 5.451312
 H 2.812595 -2.342111 4.963425
 H -6.177705 5.361344 -5.608514
 H -5.576304 6.219502 -4.425361
 H 0.675918 3.263149 -1.860200
 H 1.272837 4.305993 -0.896917
 H -5.321162 0.159261 3.529750
 H -5.154150 1.040502 4.681155
 H -0.151025 6.859318 5.128965
 H 0.880950 6.084427 5.939873
 H -1.378167 -5.419633 -2.111403
 H -0.540518 -6.287069 -3.113936
 H 2.701148 1.272392 3.650246
 H 1.699444 1.079159 4.907248
 H -3.322815 -5.811451 6.685849
 H -1.890582 -5.877410 6.137889
 H 2.505843 -1.560625 2.597059
 H 3.021086 -2.930929 2.060194
 H 3.381488 -6.573396 2.379995
 H 1.760120 -6.571442 2.461062
 H -3.422737 -4.382472 5.049088
 H -4.577083 -3.499616 5.136209
 H -4.601417 -7.162811 0.782414
 H -4.482005 -6.066329 -0.389242
 H -3.633407 -4.314287 -3.667867
 H -2.723692 -5.460992 -3.169509
 H 2.619056 -2.302498 -2.414066
 H 2.259869 -3.572646 -1.486171
 H -2.291466 2.941099 -1.281783
 H -1.736609 2.757575 0.290693
 H -1.093587 -3.295970 1.883873
 H -1.038123 -1.893353 2.327541
 H 1.269533 -4.219194 3.791291
 H -0.177717 -3.684532 3.682644
 H 5.077178 -5.121240 -5.534620
 H 5.232770 -3.731121 -5.031398
 H 5.707727 5.190366 2.957779
 H 5.265061 4.582672 1.463238
 H 5.445022 -2.774190 2.866628
 H 4.239529 -3.223307 3.618397
 H -2.096234 -2.611848 -3.340796
 H -2.821184 -2.083837 -4.639130
 H -0.230963 2.841877 -4.445969
 H -1.404831 2.024963 -5.032927
 H 4.650594 2.812899 3.210732
 H 3.583476 2.652064 2.050307
 H 2.368318 0.823539 -4.518281
 H 2.416733 2.318895 -3.891755
 H -4.054198 2.232207 -5.146590
 H -3.336739 2.313238 -6.495106
 H 5.429673 -5.936938 -0.028724
 H 5.621356 -5.927933 -1.520090
 H 2.329106 -1.023842 -5.804827
 H 0.935673 -0.216323 -6.038697
 H -1.515719 -0.184918 -6.110133
 H -2.648802 -0.278867 -5.118282
 H 1.306785 0.287987 1.325498
 H 1.701967 -0.697584 0.295654
 H 4.635657 -2.138044 -3.053607
 H 6.053848 -1.563701 -2.900723
 H 4.862107 0.604241 -0.870138
 H 5.506007 -0.815660 -0.711378
 H -0.017258 4.958269 4.516369
 H -0.581423 4.493792 3.171646
 H -3.885241 0.963168 -3.841174
 H -5.233814 0.844389 -3.308699
 H 0.469155 -4.294883 -0.951992
 H 0.760363 -2.905838 -0.436567
 H 3.805347 5.020028 -5.603495
 H 4.348176 3.724322 -6.273417
 H 2.260929 5.561689 4.581415
 H 2.534015 6.842408 5.245913
 H -5.852570 4.146366 -2.058470
 H -4.854659 5.242315 -2.253451
 H -0.649879 1.220694 -1.404578
 H -0.037573 0.189904 -2.468997
 H -2.943150 -4.431411 -0.410811
 H -4.391497 -3.788050 -0.311435
 H -3.923032 5.741883 2.675741
 H -3.006173 6.058439 3.879627
 H -2.949720 3.100846 4.312819
 H -2.003703 3.670821 5.458040
 H -2.645661 -2.218099 -0.883078
 H -2.029512 -1.587829 0.298149
 H -2.129538 -2.056378 4.930919
 H -0.778989 -2.025110 5.778659
 H -0.319138 1.528268 5.529095
 H 0.750267 2.545245 4.885518
 H -4.959046 2.912345 2.138506
 H -3.922050 2.762870 0.952825
 H 3.743753 5.008245 -1.108404
 H 3.873467 3.532852 -1.634013
 H 3.039232 -5.288342 -4.742145
 H 2.695133 -5.108332 -3.279649
 H -2.638483 3.451073 -3.357219
 H -2.251184 4.363558 -2.238965
 H 4.147964 0.700045 7.197207
 H 3.616724 0.754813 5.688602
 H -1.473472 0.650234 2.349579
 H -2.677409 0.030382 2.910214
 H -0.647415 -1.313869 -3.828603
 H 0.047391 -2.663960 -3.973487
 H -0.639172 -4.135392 -5.596597
 H 0.860891 -3.936782 -5.560293
 H 6.551044 -5.703815 5.303261
 H 6.083961 -5.119263 3.899478
 H 4.881213 -3.687708 0.481568
 H 3.961839 -3.328338 -0.701064
 H 4.930641 -0.126958 1.963200
 H 4.430883 -0.726518 3.248639
 H 1.679710 3.881672 -5.318823
 H 2.003145 4.819198 -4.083434
 H -0.511384 -6.254229 -0.222943
 H -1.725120 -5.711704 0.598690
 H -5.899369 -1.702232 -5.323943
 H -5.068968 -2.745896 -6.102109
 H -3.818796 1.078196 -0.450733
 H -5.266150 1.755985 -0.558502
 H 5.016723 3.276058 -3.635669
 H 4.028439 2.164767 -3.226922
 H 3.182164 -0.455563 -0.951464
 H 2.367043 0.014800 -2.139667
 H -5.554368 -1.527712 1.182034
 H -5.060006 -2.944131 1.488786
 H 1.112593 2.848349 1.827667
 H 1.577976 2.842592 0.340232
K_POINTS
 1
0.0 0.0 0.0 1.0