
&control
    calculation='scf'
    pseudo_dir = './',
    outdir='./outputs',
    disk_io='high'
/
&system
    ibrav= 1, celldm(1)=20.000000, nat=  192, ntyp= 2,
    ecutwfc = 30.0, nosym=.true., occupations='smearing',
    smearing='m-v', degauss=0.025
/
&electrons
    conv_thr =  1.0d-8,
    mixing_beta = 0.7
/
&ions
    pot_extrapolation='second-order'
    wfc_extrapolation='second-order'
    ion_temperature = 'andersen'
    tempw = 1000

/
ATOMIC_SPECIES
 H  1.01  H.blyp-hgh.UPF
 O  16.0  O.blyp-hgh.UPF
ATOMIC_POSITIONS bohr
 O -5.257234 -1.269430 -1.629106
 O 3.365930 -2.439065 5.770190
 O -5.496297 6.048758 -5.382739
 O 0.510752 3.708104 -1.011613
 O -4.905764 1.033425 3.720201
 O -0.111243 6.178798 5.873410
 O -0.645054 -5.383905 -2.738319
 O 2.431787 0.660249 4.380187
 O -2.822717 -5.692443 5.837576
 O 2.637647 -2.493699 2.886719
 O 2.579333 -6.487387 2.973459
 O -3.825469 -3.635467 4.525380
 O -4.617480 -6.223314 0.558111
 O -3.439688 -5.262812 -3.786931
 O 2.811427 -3.255933 -2.253417
 O -2.019495 2.373756 -0.549401
 O -1.401602 -2.773053 2.624606
 O 0.365183 -4.500074 3.588968
 O 4.786088 -4.561109 -4.780383
 O 5.001534 5.080823 2.249931
 O 5.182501 -3.462858 3.525517
 O -2.941698 -2.614184 -3.824781
 O -1.196324 2.897055 -4.617142
 O 4.163961 2.152224 2.671844
 O 2.809554 1.397095 -3.819525
 O -4.140957 2.608639 -6.027496
 O 4.950004 -5.718397 -0.839839
 O 1.691118 -0.335561 -5.457207
 O -1.740665 0.096892 -5.178155
 O 1.247233 -0.691238 1.188696
 O 5.368990 -1.779034 -3.602989
 O 4.819053 -0.217747 -0.339696
 O 0.263620 4.481553 3.689715
 O -4.738284 0.567230 -4.092880
 O 0.989989 -3.844108 -0.251776
 O 4.468734 4.287659 -5.490060
 O 2.409917 5.916288 5.506683
 O -5.667796 5.059130 -1.725052
 O -0.284026 1.137232 -2.299365
 O -3.654504 -3.957894 -0.918553
 O -3.018441 5.603108 3.009031
 O -2.056602 3.038937 4.710383
 O -2.129305 -1.407664 -0.649562
 O -1.411495 -1.464363 5.266418
 O 0.535983 1.954256 5.645367
 O -4.666151 3.307369 1.290897
 O 3.204922 4.237025 -1.419160
 O 2.518050 -5.724587 -4.025156
 O -2.871037 4.345661 -3.000031
 O 4.417396 0.646494 6.286711
 O -2.408842 0.500202 2.067211
 O -0.120417 -1.964518 -3.294224
 O 0.043529 -3.427383 -5.672997
 O 6.146185 -5.936603 4.443524
 O 3.964251 -3.386719 0.288056
 O 5.218563 -0.786265 2.654008
 O 1.738997 3.869349 -4.345125
 O -1.468252 -6.086091 -0.270146
 O -5.191977 -1.794553 -5.994746
 O -4.638168 1.136701 -0.982104
 O 4.916393 2.570228 -2.988123
 O 2.242384 -0.449100 -1.283421
 O -4.857715 -2.187218 0.929464
 O 1.839207 2.574538 1.248585
 H -4.423834 -1.664568 -1.980218
 H -4.989826 -0.311649 -1.502614
 H 4.269097 -2.202414 5.479498
 H 2.827798 -2.352049 4.948046
 H -6.168350 5.368876 -5.618752
 H -5.570203 6.223988 -4.426078
 H 0.688707 3.273894 -1.860477
 H 1.283827 4.299570 -0.900113
 H -5.301687 0.151371 3.508919
 H -5.157517 1.021431 4.672111
 H -0.157587 6.850807 5.131105
 H 0.893676 6.087619 5.937815
 H -1.396017 -5.420625 -2.116909
 H -0.515974 -6.288790 -3.092042
 H 2.703225 1.266935 3.651054
 H 1.712433 1.099043 4.915745
 H -3.333071 -5.778142 6.690215
 H -1.899302 -5.872696 6.148925
 H 2.512787 -1.567972 2.581352
 H 3.045515 -2.957905 2.103427
 H 3.357174 -6.586717 2.364532
 H 1.748169 -6.563079 2.473825
 H -3.402736 -4.374268 5.045185
 H -4.570584 -3.526754 5.136185
 H -4.613074 -7.174930 0.783614
 H -4.496946 -6.068433 -0.382781
 H -3.632431 -4.307455 -3.671182
 H -2.714545 -5.445468 -3.171061
 H 2.608976 -2.307017 -2.404434
 H 2.284926 -3.567936 -1.464811
 H -2.325983 2.919267 -1.288320
 H -1.742170 2.780517 0.276892
 H -1.108715 -3.316304 1.871032
 H -1.056394 -1.902289 2.316379
 H 1.277489 -4.219211 3.777403
 H -0.176531 -3.680163 3.672486
 H 5.086263 -5.108998 -5.534437
 H 5.215394 -3.727135 -5.050371
 H 5.706190 5.223519 2.958861
 H 5.292857 4.560447 1.471476
 H 5.443598 -2.770928 2.879084
 H 4.233935 -3.205268 3.617163
 H -2.086317 -2.614037 -3.342881
 H -2.838921 -2.075434 -4.629296
 H -0.231150 2.838285 -4.435442
 H -1.410767 2.030606 -5.019685
 H 4.660139 2.801743 3.203682
 H 3.569688 2.662247 2.069569
 H 2.350169 0.815677 -4.507030
 H 2.412030 2.304478 -3.891130
 H -4.080844 2.236047 -5.129683
 H -3.338459 2.313899 -6.485812
 H 5.448899 -5.944857 -0.032339
 H 5.606159 -5.947515 -1.534673
 H 2.318289 -1.008922 -5.827977
 H 0.923982 -0.204564 -6.034930
 H -1.502997 -0.172894 -6.104942
 H -2.646823 -0.272593 -5.116657
 H 1.292884 0.282540 1.335987
 H 1.702085 -0.693284 0.298732
 H 4.662994 -2.152651 -3.052970
 H 6.073776 -1.589109 -2.912706
 H 4.870167 0.600680 -0.874409
 H 5.499669 -0.810330 -0.711109
 H -0.023096 4.957197 4.516919
 H -0.578553 4.492111 3.193682
 H -3.880440 0.958066 -3.843276
 H -5.241663 0.856404 -3.311642
 H 0.472353 -4.291636 -0.959917
 H 0.761861 -2.903330 -0.438941
 H 3.803650 5.012631 -5.597147
 H 4.340131 3.742367 -6.299526
 H 2.262251 5.558334 4.577417
 H 2.526650 6.856301 5.258981
 H -5.839254 4.160415 -2.088859
 H -4.871706 5.263864 -2.268814
 H -0.641230 1.197129 -1.396186
 H -0.060687 0.200126 -2.513226
 H -2.959513 -4.475568 -0.452191
 H -4.385886 -3.777912 -0.306754
 H -3.931391 5.756189 2.702321
 H -2.986401 6.041180 3.880609
 H -2.943376 3.120789 4.309569
 H -2.001354 3.658580 5.465297
 H -2.637037 -2.217337 -0.898186
 H -2.029444 -1.611124 0.298753
 H -2.135301 -2.042044 4.927163
 H -0.783557 -2.060211 5.758260
 H -0.322581 1.525669 5.490373
 H 0.731097 2.585024 4.914414
 H -4.977048 2.912706 2.131934
 H -3.910786 2.773588 0.985919
 H 3.743246 4.993843 -1.088329
 H 3.865225 3.540179 -1.676183
 H 3.009634 -5.316999 -4.764562
 H 2.690034 -5.095549 -3.289258
 H -2.667373 3.445220 -3.363615
 H -2.239469 4.371696 -2.261215
 H 4.134163 0.724269 7.204329
 H 3.620361 0.741298 5.695155
 H -1.480315 0.678852 2.353404
 H -2.661120 0.060456 2.921851
 H -0.629366 -1.286015 -3.812924
 H 0.050941 -2.637540 -4.007756
 H -0.644019 -4.137068 -5.636950
 H 0.861464 -3.942479 -5.562527
 H 6.556603 -5.712956 5.303150
 H 6.099946 -5.115195 3.905274
 H 4.863608 -3.691129 0.493437
 H 3.955334 -3.335438 -0.695374
 H 4.926367 -0.152090 1.952282
 H 4.452818 -0.738906 3.265539
 H 1.687717 3.894069 -5.322598
 H 2.025199 4.818661 -4.099435
 H -0.510225 -6.255662 -0.223191
 H -1.722970 -5.717909 0.595286
 H -5.899706 -1.725759 -5.315799
 H -5.054604 -2.739811 -6.107586
 H -3.816214 1.084940 -0.453520
 H -5.262382 1.759336 -0.569607
 H 5.024523 3.286450 -3.652149
 H 4.030307 2.196388 -3.235057
 H 3.180231 -0.447614 -0.956160
 H 2.346231 0.036164 -2.133416
 H -5.536498 -1.531014 1.182389
 H -5.046724 -2.946245 1.511739
 H 1.111163 2.834922 1.831127
 H 1.571698 2.843504 0.344343
K_POINTS
 1
0.0 0.0 0.0 1.0