
&control
    calculation='scf'
    pseudo_dir = './',
    outdir='./outputs',
    disk_io='high'
/
&system
    ibrav= 1, celldm(1)=20.000000, nat=  192, ntyp= 2,
    ecutwfc = 30.0, nosym=.true., occupations='smearing',
    smearing='m-v', degauss=0.025
/
&electrons
    conv_thr =  1.0d-8,
    mixing_beta = 0.7
/
&ions
    pot_extrapolation='second-order'
    wfc_extrapolation='second-order'
    ion_temperature = 'andersen'
    tempw = 1000

/
ATOMIC_SPECIES
 H  1.01  H.blyp-hgh.UPF
 O  16.0  O.blyp-hgh.UPF
ATOMIC_POSITIONS bohr
 O -5.253183 -1.551817 -1.271416
 O 3.981822 -2.199261 5.398472
 O -5.719446 5.267305 -5.549469
 O -0.157389 3.593521 -1.572422
 O -4.713369 0.715952 3.838389
 O -0.235982 5.431790 5.190575
 O -0.127355 -5.367958 -3.406566
 O 2.307351 0.304325 3.676260
 O -2.856564 -5.297728 5.623787
 O 1.890608 -3.005183 1.664094
 O 2.508558 -6.073637 2.903589
 O -4.207692 -3.050712 4.360772
 O -4.425361 -5.952023 0.716901
 O -3.562676 -5.677293 -3.641034
 O 2.094467 -2.740147 -2.139526
 O -1.797723 2.497179 1.407782
 O -1.063197 -1.435796 1.687768
 O 0.245798 -4.242341 3.657254
 O 5.445161 -4.138592 -4.947334
 O 5.590454 4.816672 2.183433
 O 6.010666 -2.963421 3.244352
 O -3.230397 -3.016599 -3.824003
 O -0.908124 2.587821 -4.934681
 O 3.873825 2.351675 2.836666
 O 2.322138 1.291147 -3.119330
 O -4.911385 2.843015 -6.132770
 O 4.433486 -5.943522 -1.253302
 O 1.948335 -1.316444 -4.589843
 O -2.026042 0.248415 -4.833137
 O 0.840834 -0.325326 0.655158
 O 4.788069 -1.760396 -3.789784
 O 5.179494 0.066601 -0.039305
 O -0.314831 4.486529 1.833990
 O -5.266405 0.717898 -4.007498
 O 0.730293 -3.797564 -0.351603
 O 4.614012 3.468821 -4.312666
 O 3.559000 5.486105 5.820723
 O -5.091031 3.647956 -1.772556
 O -0.402426 1.042327 -1.584640
 O -2.988516 -3.304307 -1.165507
 O -2.599266 5.452814 3.385675
 O -1.491982 2.796689 3.847712
 O -2.640670 -0.214243 -0.671252
 O -1.514473 -2.215884 4.919087
 O 0.748355 1.784411 4.879039
 O -4.820571 3.406495 1.453602
 O 2.784084 3.891030 -0.543890
 O 2.678909 -5.962687 -3.549258
 O -2.666031 4.598762 -2.314705
 O 5.665474 0.543958 5.263440
 O -3.136609 0.172871 1.967548
 O -0.646132 -2.434605 -2.279750
 O 0.022368 -3.217583 -5.504219
 O 5.675996 -5.974436 4.444858
 O 5.150685 -2.987554 -0.237457
 O 4.710871 -0.701549 2.415776
 O 1.056264 4.302892 -4.368193
 O -0.594628 -5.752269 0.466535
 O -5.560758 -1.357058 -5.789608
 O -4.632265 1.456311 -0.939202
 O 5.223076 1.669342 -2.774463
 O 2.710655 -0.262485 -0.952168
 O -5.301871 -1.189228 1.208098
 O 1.516813 2.717028 1.430158
 H -4.797571 -1.654888 -0.407717
 H -4.497462 -1.389179 -1.868867
 H 3.533228 -2.988107 5.740336
 H 3.307373 -1.613290 5.019750
 H -6.265095 4.832705 -4.864768
 H -5.927920 4.664061 -6.286670
 H 0.320500 3.215995 -0.819326
 H 0.416587 4.234662 -2.016743
 H -5.462189 0.089877 3.822899
 H -5.100672 1.324999 4.499470
 H 0.196678 6.294378 5.106168
 H -0.167649 5.102435 6.099094
 H -0.400866 -5.630280 -2.510897
 H -0.791837 -5.840632 -3.937759
 H 2.436828 1.177637 3.264714
 H 1.382985 0.094322 3.458884
 H -3.499735 -5.587958 6.290772
 H -1.998544 -5.335643 6.075828
 H 1.904495 -2.037643 1.550072
 H 2.766723 -3.414523 1.714770
 H 3.293459 -6.235190 2.355698
 H 1.787599 -6.595040 2.516737
 H -3.550549 -3.514145 3.816710
 H -4.320156 -2.166305 3.974896
 H -3.527687 -6.250183 0.492247
 H -4.482087 -5.065428 0.321528
 H -4.470339 -5.609559 -3.300115
 H -3.547123 -6.593672 -3.969078
 H 2.167783 -1.775882 -2.050630
 H 2.341749 -3.075836 -1.255707
 H -1.468227 3.142934 0.755565
 H -1.431614 1.629634 1.175363
 H -0.347503 -1.844762 1.173975
 H -0.917405 -1.626321 2.626921
 H 0.947902 -3.577412 3.804763
 H -0.337058 -3.731334 3.069287
 H 5.945707 -4.785687 -5.470167
 H 6.064131 -3.542311 -4.488413
 H 5.585884 5.574347 2.808884
 H 6.080683 5.071702 1.378644
 H 5.324347 -2.548998 2.692657
 H 6.545608 -3.624157 2.783941
 H -2.352494 -2.822826 -4.186166
 H -3.937567 -2.960598 -4.480866
 H -0.464443 2.972822 -4.163580
 H -0.829088 1.612288 -4.853602
 H 4.710553 2.498923 3.303159
 H 3.435981 3.215879 2.780832
 H 2.900902 1.018096 -3.844931
 H 2.053553 2.220652 -3.189467
 H -5.033955 2.394984 -5.275678
 H -3.986993 3.117006 -6.224995
 H 4.197528 -5.051342 -1.553738
 H 5.387595 -5.878268 -1.090267
 H 2.779578 -1.156856 -5.061682
 H 1.190335 -1.020643 -5.113446
 H -2.102349 -0.493697 -5.453567
 H -2.852830 0.753282 -4.881247
 H 1.275830 0.545918 0.757495
 H 1.189559 -0.481523 -0.249069
 H 4.017753 -2.195801 -3.386391
 H 5.403473 -1.706396 -3.038907
 H 5.125171 1.029207 -0.132745
 H 5.951290 -0.296341 -0.530211
 H -0.630490 3.979614 2.614097
 H -0.430103 5.445180 1.951194
 H -4.733947 1.099969 -3.276245
 H -6.035836 0.495047 -3.435063
 H 0.682121 -4.718069 -0.663725
 H 0.812894 -3.917980 0.616670
 H 3.694550 3.727153 -4.140400
 H 4.612688 2.798705 -5.015917
 H 3.202517 4.966734 5.075665
 H 2.814804 6.100275 5.948003
 H -5.836035 3.883567 -1.197323
 H -4.762607 4.437574 -2.233347
 H -0.024695 0.344456 -2.147133
 H -1.338550 1.016098 -1.871160
 H -3.049193 -3.253361 -2.139681
 H -2.726925 -4.229716 -1.017618
 H -3.277754 5.845994 2.813782
 H -2.530476 6.016203 4.178149
 H -1.528522 1.831763 3.704722
 H -2.330341 3.148578 3.499030
 H -2.308440 -1.061697 -0.322110
 H -2.865877 0.216061 0.181878
 H -2.415637 -2.164748 5.291193
 H -1.300952 -3.144497 5.116676
 H 1.620593 1.649102 5.278649
 H 0.138642 2.293256 5.433872
 H -5.353160 3.453641 2.266586
 H -3.906344 3.144052 1.645667
 H 3.372049 4.592251 -0.210801
 H 2.836812 4.090259 -1.495281
 H 3.606276 -5.952861 -3.837296
 H 2.228700 -5.241596 -4.020827
 H -2.502029 3.879325 -2.953835
 H -2.072277 4.237545 -1.626055
 H 5.992742 0.065386 6.064770
 H 4.705975 0.407462 5.241283
 H -2.840114 -0.652275 2.383246
 H -3.707766 0.626620 2.622397
 H -0.045650 -3.205482 -2.318094
 H -0.264091 -2.074433 -1.456035
 H 0.406046 -3.425071 -4.637565
 H 0.774536 -3.130155 -6.111127
 H 4.954375 -5.546140 4.934270
 H 6.512322 -5.726741 4.864588
 H 5.693627 -3.526941 0.363321
 H 4.631184 -2.462022 0.396003
 H 4.349447 -0.412633 1.548962
 H 4.221178 -0.140290 3.048040
 H 1.389711 3.742401 -5.086424
 H 1.676912 5.030695 -4.143532
 H -0.909186 -6.461271 -0.117828
 H -1.336470 -5.176362 0.710766
 H -5.445216 -2.015499 -6.491024
 H -4.749922 -0.956414 -5.442954
 H -3.913192 2.109763 -1.009484
 H -4.792213 1.502147 0.020041
 H 5.816622 2.441948 -2.809066
 H 4.377198 1.989936 -2.423164
 H 3.582584 -0.531601 -0.586005
 H 2.943237 0.391430 -1.640143
 H -6.017714 -0.660325 1.609603
 H -4.854280 -1.618510 1.952798
 H 1.219328 3.661571 1.475772
 H 2.302861 2.643030 0.868006
K_POINTS
 1
0.0 0.0 0.0 1.0