
&control
    calculation='scf'
    pseudo_dir = './',
    outdir='./outputs',
    disk_io='high'
/
&system
    ibrav= 1, celldm(1)=20.000000, nat=  192, ntyp= 2,
    ecutwfc = 30.0, nosym=.true., occupations='smearing',
    smearing='m-v', degauss=0.025
/
&electrons
    conv_thr =  1.0d-8,
    mixing_beta = 0.7
/
&ions
    pot_extrapolation='second-order'
    wfc_extrapolation='second-order'
    ion_temperature = 'andersen'
    tempw = 1000

/
ATOMIC_SPECIES
 H  1.01  H.blyp-hgh.UPF
 O  16.0  O.blyp-hgh.UPF
ATOMIC_POSITIONS bohr
 O -5.257922 -1.268609 -1.624895
 O 3.361230 -2.441565 5.772279
 O -5.493644 6.052036 -5.383556
 O 0.517816 3.704384 -1.009801
 O -4.910402 1.034787 3.718744
 O -0.106410 6.179591 5.879851
 O -0.648549 -5.383860 -2.733946
 O 2.433798 0.663644 4.383074
 O -2.826616 -5.697541 5.837028
 O 2.637679 -2.493473 2.892480
 O 2.576966 -6.486266 2.975994
 O -3.820758 -3.637010 4.523145
 O -4.618655 -6.230442 0.560184
 O -3.441606 -5.260345 -3.782368
 O 2.809818 -3.256842 -2.251301
 O -2.014824 2.372264 -0.554142
 O -1.399352 -2.776529 2.625639
 O 0.367537 -4.497456 3.585733
 O 4.785834 -4.559711 -4.779233
 O 5.004032 5.078630 2.248631
 O 5.176959 -3.465804 3.525481
 O -2.938519 -2.616249 -3.822045
 O -1.195934 2.897782 -4.614472
 O 4.163716 2.149235 2.668373
 O 2.814049 1.392872 -3.822208
 O -4.141457 2.609103 -6.022360
 O 4.954024 -5.718576 -0.838478
 O 1.688797 -0.332126 -5.459667
 O -1.740011 0.100337 -5.178645
 O 1.245935 -0.693299 1.190454
 O 5.373958 -1.778179 -3.607447
 O 4.815858 -0.217759 -0.345122
 O 0.264716 4.476060 3.695624
 O -4.737926 0.568636 -4.090278
 O 0.986871 -3.843105 -0.252818
 O 4.472151 4.284689 -5.494883
 O 2.405436 5.920296 5.503154
 O -5.666809 5.059727 -1.725328
 O -0.284215 1.141000 -2.299237
 O -3.658144 -3.955744 -0.916978
 O -3.019460 5.604289 3.006419
 O -2.053400 3.040741 4.706808
 O -2.125424 -1.410677 -0.647052
 O -1.410078 -1.466419 5.268811
 O 0.530400 1.957715 5.647928
 O -4.669059 3.308119 1.290662
 O 3.204351 4.237843 -1.421495
 O 2.511545 -5.725604 -4.024491
 O -2.874242 4.346882 -3.001998
 O 4.416203 0.647494 6.291875
 O -2.403537 0.499321 2.065436
 O -0.116733 -1.963979 -3.298324
 O 0.043890 -3.428381 -5.673430
 O 6.148215 -5.938625 4.442134
 O 3.957400 -3.383195 0.291611
 O 5.225295 -0.782010 2.658274
 O 1.738004 3.868191 -4.346164
 O -1.468659 -6.089662 -0.272901
 O -5.193485 -1.793037 -5.994279
 O -4.636754 1.136947 -0.985258
 O 4.917127 2.578723 -2.992059
 O 2.238282 -0.451886 -1.285897
 O -4.857104 -2.196071 0.927812
 O 1.840476 2.578377 1.248668
 H -4.435632 -1.663324 -1.998014
 H -4.989433 -0.310731 -1.491290
 H 4.270508 -2.211338 5.493866
 H 2.835963 -2.357044 4.940371
 H -6.163622 5.372329 -5.623175
 H -5.567155 6.226214 -4.426679
 H 0.695078 3.278641 -1.861039
 H 1.289855 4.296171 -0.902431
 H -5.291913 0.148155 3.497546
 H -5.158770 1.013030 4.667617
 H -0.160707 6.846198 5.132136
 H 0.899762 6.088851 5.937240
 H -1.404385 -5.421701 -2.118990
 H -0.503859 -6.289300 -3.080868
 H 2.704685 1.264183 3.651924
 H 1.719356 1.108647 4.919505
 H -3.338249 -5.761526 6.691922
 H -1.903982 -5.870512 6.153926
 H 2.515427 -1.571898 2.573015
 H 3.056956 -2.970754 2.125207
 H 3.344716 -6.593737 2.357535
 H 1.742323 -6.558963 2.480156
 H -3.391672 -4.370504 5.042472
 H -4.568208 -3.539593 5.135066
 H -4.618811 -7.181374 0.783083
 H -4.504387 -6.070335 -0.380186
 H -3.631374 -4.303743 -3.672936
 H -2.709885 -5.437744 -3.172297
 H 2.603075 -2.309731 -2.398963
 H 2.297372 -3.564791 -1.454571
 H -2.343025 2.909477 -1.290661
 H -1.744805 2.793761 0.269541
 H -1.116175 -3.327302 1.864526
 H -1.065730 -1.906935 2.311602
 H 1.281626 -4.218886 3.769780
 H -0.175975 -3.677927 3.666753
 H 5.090893 -5.103549 -5.533991
 H 5.206162 -3.724322 -5.058869
 H 5.704432 5.240009 2.957824
 H 5.307583 4.549661 1.476600
 H 5.443270 -2.769123 2.885649
 H 4.231255 -3.196843 3.616562
 H -2.080885 -2.614709 -3.344287
 H -2.847761 -2.071525 -4.624144
 H -0.231880 2.836693 -4.430012
 H -1.413678 2.033084 -5.012466
 H 4.664699 2.796215 3.199843
 H 3.562831 2.667228 2.079539
 H 2.341063 0.812031 -4.500942
 H 2.409107 2.297044 -3.891324
 H -4.094905 2.237727 -5.121596
 H -3.338759 2.313989 -6.481215
 H 5.458615 -5.948818 -0.033902
 H 5.598124 -5.957717 -1.541840
 H 2.312505 -1.001296 -5.839887
 H 0.918671 -0.199022 -6.033237
 H -1.497224 -0.167742 -6.102082
 H -2.645850 -0.268857 -5.115796
 H 1.285699 0.279492 1.341584
 H 1.701141 -0.691473 0.300523
 H 4.676168 -2.160638 -3.052917
 H 6.083719 -1.601739 -2.919250
 H 4.874552 0.598624 -0.876386
 H 5.496976 -0.808018 -0.711253
 H -0.025721 4.956585 4.517109
 H -0.577192 4.490944 3.204814
 H -3.877438 0.954972 -3.844285
 H -5.246619 0.862262 -3.313144
 H 0.473997 -4.290120 -0.963785
 H 0.762601 -2.902315 -0.439559
 H 3.803309 5.008280 -5.594057
 H 4.336467 3.751525 -6.311804
 H 2.263940 5.556648 4.575196
 H 2.523729 6.863120 5.265882
 H -5.833281 4.167742 -2.103512
 H -4.879984 5.274835 -2.276302
 H -0.637205 1.184755 -1.391889
 H -0.072602 0.206155 -2.534316
 H -2.968783 -4.497241 -0.472968
 H -4.382979 -3.772388 -0.303902
 H -3.935213 5.763621 2.715634
 H -2.976696 6.032558 3.881527
 H -2.939939 3.131454 4.308016
 H -2.000612 3.652566 5.468743
 H -2.632789 -2.216661 -0.906091
 H -2.029472 -1.621781 0.299348
 H -2.138060 -2.034866 4.925290
 H -0.786470 -2.077759 5.747384
 H -0.324842 1.525456 5.470204
 H 0.719827 2.605141 4.928894
 H -4.985542 2.912365 2.128510
 H -3.905022 2.778837 1.002955
 H 3.743084 4.986780 -1.078700
 H 3.860818 3.544508 -1.697599
 H 2.995376 -5.331093 -4.775257
 H 2.687535 -5.089148 -3.294236
 H -2.681376 3.443369 -3.367795
 H -2.233251 4.376623 -2.272114
 H 4.126994 0.736710 7.208494
 H 3.622852 0.734265 5.699063
 H -1.484179 0.693543 2.354056
 H -2.654271 0.076071 2.926489
 H -0.619605 -1.272333 -3.804562
 H 0.052918 -2.623742 -4.024349
 H -0.645967 -4.137418 -5.657003
 H 0.862268 -3.945275 -5.563555
 H 6.559765 -5.717734 5.303021
 H 6.107558 -5.112899 3.908737
 H 4.854729 -3.693086 0.499234
 H 3.951822 -3.339247 -0.692352
 H 4.924824 -0.165116 1.947026
 H 4.464444 -0.745136 3.274211
 H 1.691660 3.900190 -5.323975
 H 2.035902 4.816724 -4.107683
 H -0.509688 -6.256370 -0.223201
 H -1.721877 -5.721646 0.594172
 H -5.899814 -1.737207 -5.311421
 H -5.047414 -2.737306 -6.109674
 H -3.814745 1.088615 -0.454814
 H -5.260034 1.761095 -0.574628
 H 5.028304 3.291357 -3.660548
 H 4.032033 2.211171 -3.239597
 H 3.179451 -0.443992 -0.958207
 H 2.334984 0.047404 -2.130278
 H -5.527482 -1.532810 1.182478
 H -5.039815 -2.947102 1.523886
 H 1.110228 2.828712 1.833069
 H 1.568009 2.844057 0.346027
K_POINTS
 1
0.0 0.0 0.0 1.0