
&control
    calculation='scf'
    pseudo_dir = './',
    outdir='./outputs',
    disk_io='high'
/
&system
    ibrav= 1, celldm(1)=20.000000, nat=  192, ntyp= 2,
    ecutwfc = 30.0, nosym=.true., occupations='smearing',
    smearing='m-v', degauss=0.025
/
&electrons
    conv_thr =  1.0d-8,
    mixing_beta = 0.7
/
&ions
    pot_extrapolation='second-order'
    wfc_extrapolation='second-order'
    ion_temperature = 'andersen'
    tempw = 1000

/
ATOMIC_SPECIES
 H  1.01  H.blyp-hgh.UPF
 O  16.0  O.blyp-hgh.UPF
ATOMIC_POSITIONS bohr
 O -5.259167 -1.266973 -1.616749
 O 3.351577 -2.446574 5.776358
 O -5.488335 6.058585 -5.385356
 O 0.531882 3.697172 -1.005889
 O -4.919809 1.037120 3.715989
 O -0.096954 6.181400 5.892504
 O -0.655386 -5.383687 -2.725384
 O 2.437832 0.670305 4.388710
 O -2.834269 -5.707857 5.836278
 O 2.637942 -2.493225 2.904048
 O 2.572192 -6.483920 2.980840
 O -3.811323 -3.640083 4.518875
 O -4.621054 -6.244361 0.564917
 O -3.445793 -5.255577 -3.773293
 O 2.806843 -3.258809 -2.247162
 O -2.005678 2.368525 -0.563494
 O -1.394780 -2.783366 2.627316
 O 0.372197 -4.492424 3.579566
 O 4.785488 -4.556876 -4.777283
 O 5.009195 5.074191 2.246096
 O 5.165887 -3.471590 3.525283
 O -2.932372 -2.620363 -3.816447
 O -1.195135 2.899353 -4.609195
 O 4.163185 2.143257 2.661371
 O 2.822729 1.384346 -3.827463
 O -4.142642 2.610170 -6.012030
 O 4.961974 -5.718909 -0.835731
 O 1.684157 -0.325384 -5.464373
 O -1.738766 0.107451 -5.179480
 O 1.243521 -0.697138 1.193948
 O 5.384061 -1.776404 -3.616278
 O 4.809265 -0.217568 -0.355871
 O 0.266855 4.465050 3.707451
 O -4.737031 0.571624 -4.084963
 O 0.980452 -3.841005 -0.255131
 O 4.478926 4.278880 -5.504741
 O 2.396454 5.928362 5.496174
 O -5.664508 5.060596 -1.726429
 O -0.284427 1.148428 -2.299250
 O -3.665031 -3.951573 -0.914191
 O -3.021411 5.606597 3.001160
 O -2.046912 3.044157 4.699607
 O -2.117662 -1.416963 -0.642031
 O -1.407078 -1.470744 5.273510
 O 0.519460 1.964651 5.653063
 O -4.675068 3.309733 1.290149
 O 3.203289 4.239457 -1.425995
 O 2.498256 -5.727760 -4.023152
 O -2.880787 4.349003 -3.005721
 O 4.414036 0.649496 6.301862
 O -2.392586 0.497367 2.062416
 O -0.109656 -1.962852 -3.306751
 O 0.044401 -3.430527 -5.674270
 O 6.152259 -5.942731 4.439130
 O 3.943797 -3.375960 0.298925
 O 5.238654 -0.773372 2.666657
 O 1.736053 3.866435 -4.348233
 O -1.469584 -6.096747 -0.278336
 O -5.196601 -1.789816 -5.993324
 O -4.633934 1.137560 -0.991718
 O 4.918861 2.596051 -2.999680
 O 2.230482 -0.457508 -1.291084
 O -4.855966 -2.213969 0.924680
 O 1.843152 2.585863 1.248966
 H -4.460571 -1.661262 -2.033100
 H -4.989094 -0.309944 -1.467948
 H 4.273091 -2.228689 5.523179
 H 2.853436 -2.367071 4.925227
 H -6.154161 5.378506 -5.630571
 H -5.561115 6.230618 -4.428393
 H 0.707682 3.286564 -1.863424
 H 1.303199 4.289251 -0.908301
 H -5.272326 0.143437 3.473078
 H -5.160754 0.998427 4.659489
 H -0.166465 6.836156 5.134364
 H 0.911278 6.090624 5.936919
 H -1.419912 -5.425157 -2.121729
 H -0.480082 -6.289545 -3.058015
 H 2.708617 1.258977 3.654221
 H 1.733934 1.127247 4.926024
 H -3.348553 -5.728599 6.694290
 H -1.913956 -5.866614 6.162947
 H 2.519032 -1.580290 2.555318
 H 3.078207 -2.995132 2.168635
 H 3.319554 -6.608448 2.345014
 H 1.730933 -6.550846 2.492893
 H -3.367275 -4.363964 5.035621
 H -4.565055 -3.563856 5.130479
 H -4.630049 -7.195315 0.779799
 H -4.519270 -6.075890 -0.376365
 H -3.628149 -4.295664 -3.676572
 H -2.700405 -5.422393 -3.175828
 H 2.589609 -2.315634 -2.386851
 H 2.321715 -3.557220 -1.434758
 H -2.376731 2.892116 -1.293536
 H -1.750078 2.823447 0.253478
 H -1.131352 -3.349737 1.852760
 H -1.084452 -1.915970 2.303338
 H 1.290065 -4.217485 3.753207
 H -0.174764 -3.673364 3.653937
 H 5.100252 -5.094299 -5.532386
 H 5.186578 -3.716896 -5.073710
 H 5.699017 5.272598 2.952678
 H 5.338355 4.529281 1.489451
 H 5.443528 -2.765244 2.899419
 H 4.226124 -3.181312 3.615577
 H -2.068989 -2.615125 -3.347912
 H -2.865263 -2.064306 -4.613307
 H -0.234564 2.833892 -4.418869
 H -1.419426 2.036775 -4.997172
 H 4.673384 2.785098 3.191570
 H 3.549215 2.676840 2.099976
 H 2.322978 0.805121 -4.487956
 H 2.402254 2.281776 -3.892645
 H -4.124258 2.240594 -5.106679
 H -3.338386 2.313588 -6.471784
 H 5.478153 -5.956680 -0.036904
 H 5.581214 -5.978845 -1.555674
 H 2.300451 -0.985938 -5.864327
 H 0.909115 -0.188565 -6.030187
 H -1.486842 -0.159359 -6.096158
 H -2.643899 -0.260278 -5.114135
 H 1.270926 0.272834 1.353449
 H 1.697274 -0.688483 0.304558
 H 4.701333 -2.177995 -3.053429
 H 6.103503 -1.626527 -2.933421
 H 4.883961 0.594677 -0.880397
 H 5.493012 -0.804693 -0.712389
 H -0.030142 4.955321 4.517802
 H -0.575195 4.487745 3.226617
 H -3.870318 0.947769 -3.845992
 H -5.258236 0.873646 -3.316341
 H 0.477288 -4.287302 -0.971478
 H 0.763967 -2.900601 -0.439738
 H 3.803838 4.998317 -5.587887
 H 4.330041 3.769951 -6.334702
 H 2.269367 5.553685 4.570263
 H 2.519338 6.876218 5.280097
 H -5.822920 4.182489 -2.131681
 H -4.895650 5.297451 -2.290899
 H -0.629611 1.158860 -1.383536
 H -0.097047 0.220063 -2.574280
 H -2.989355 -4.539818 -0.514260
 H -4.377538 -3.760390 -0.296459
 H -3.942479 5.779034 2.742068
 H -2.957592 6.015423 3.884401
 H -2.932643 3.154045 4.304975
 H -1.999835 3.640708 5.475297
 H -2.624478 -2.214803 -0.922533
 H -2.029660 -1.641208 0.301234
 H -2.143495 -2.020512 4.921427
 H -0.793383 -2.112522 5.724448
 H -0.329863 1.527372 5.428597
 H 0.694177 2.645628 4.957976
 H -5.001682 2.910706 2.121581
 H -3.893043 2.789018 1.037788
 H 3.743168 4.973179 -1.060200
 H 3.851556 3.554559 -1.740894
 H 2.967986 -5.358644 -4.795486
 H 2.682682 -5.076424 -3.304841
 H -2.708403 3.442239 -3.377760
 H -2.219988 4.387916 -2.293471
 H 4.112257 0.762206 7.217618
 H 3.628732 0.719834 5.707732
 H -1.491569 0.723902 2.352994
 H -2.643430 0.108077 2.933756
 H -0.598756 -1.245607 -3.786945
 H 0.057239 -2.595147 -4.056471
 H -0.648660 -4.137101 -5.696665
 H 0.864539 -3.950652 -5.565462
 H 6.566770 -5.727825 5.302479
 H 6.121935 -5.108009 3.916790
 H 4.836784 -3.697491 0.510558
 H 3.944335 -3.347320 -0.685890
 H 4.922641 -0.191775 1.936868
 H 4.488682 -0.757377 3.292014
 H 1.699293 3.911939 -5.325724
 H 2.056420 4.809439 -4.124205
 H -0.508806 -6.257753 -0.223149
 H -1.719716 -5.730434 0.592875
 H -5.899839 -1.759324 -5.302128
 H -5.032891 -2.733217 -6.112702
 H -3.811572 1.096562 -0.457322
 H -5.254517 1.764893 -0.583564
 H 5.035687 3.300496 -3.677559
 H 4.036606 2.238345 -3.249671
 H 3.177606 -0.437486 -0.962029
 H 2.310868 0.070723 -2.123661
 H -5.509403 -1.536651 1.182508
 H -5.025431 -2.948209 1.549334
 H 1.107940 2.817267 1.837339
 H 1.559463 2.845436 0.348357
K_POINTS
 1
0.0 0.0 0.0 1.0