
&control
    calculation='scf'
    pseudo_dir = './',
    outdir='./outputs',
    disk_io='high'
/
&system
    ibrav= 1, celldm(1)=20.000000, nat=  192, ntyp= 2,
    ecutwfc = 30.0, nosym=.true., occupations='smearing',
    smearing='m-v', degauss=0.025
/
&electrons
    conv_thr =  1.0d-8,
    mixing_beta = 0.7
/
&ions
    pot_extrapolation='second-order'
    wfc_extrapolation='second-order'
    ion_temperature = 'andersen'
    tempw = 1000

/
ATOMIC_SPECIES
 H  1.01  H.blyp-hgh.UPF
 O  16.0  O.blyp-hgh.UPF
ATOMIC_POSITIONS bohr
 O -5.261633 -1.263392 -1.599630
 O 3.328865 -2.457811 5.784837
 O -5.476334 6.073348 -5.390270
 O 0.563229 3.682019 -0.995868
 O -4.941271 1.040519 3.709747
 O -0.076998 6.186601 5.919745
 O -0.669955 -5.382809 -2.707113
 O 2.446885 0.684356 4.401033
 O -2.850961 -5.731375 5.836377
 O 2.639429 -2.493435 2.930529
 O 2.561027 -6.478184 2.990430
 O -3.790313 -3.646756 4.510339
 O -4.626626 -6.273844 0.578126
 O -3.456937 -5.245575 -3.753148
 O 2.801518 -3.264083 -2.238413
 O -1.985943 2.357379 -0.583513
 O -1.384198 -2.799645 2.628519
 O 0.382482 -4.482192 3.567215
 O 4.785571 -4.550155 -4.774742
 O 5.021509 5.063641 2.240134
 O 5.141063 -3.483887 3.524144
 O -2.919601 -2.629523 -3.803213
 O -1.193446 2.903854 -4.597525
 O 4.161754 2.130059 2.645340
 O 2.840478 1.364959 -3.838723
 O -4.146116 2.613315 -5.988648
 O 4.979497 -5.719605 -0.829255
 O 1.673497 -0.310771 -5.473931
 O -1.736238 0.124761 -5.180241
 O 1.238905 -0.704664 1.201904
 O 5.407452 -1.772408 -3.635516
 O 4.793355 -0.216482 -0.379131
 O 0.271646 4.440203 3.734302
 O -4.734378 0.579183 -4.072471
 O 0.965313 -3.836076 -0.261173
 O 4.493764 4.266497 -5.528042
 O 2.376421 5.946619 5.481277
 O -5.657803 5.061231 -1.731640
 O -0.284306 1.164669 -2.300136
 O -3.678345 -3.942851 -0.910301
 O -3.025257 5.611593 2.989397
 O -2.032108 3.051107 4.683385
 O -2.100145 -1.432166 -0.630860
 O -1.399592 -1.481684 5.283599
 O 0.495124 1.980274 5.663998
 O -4.689325 3.313640 1.288781
 O 3.201103 4.242842 -1.435442
 O 2.467068 -5.733153 -4.020126
 O -2.896269 4.352272 -3.013071
 O 4.410565 0.653967 6.323783
 O -2.367142 0.492186 2.057561
 O -0.095074 -1.959976 -3.326605
 O 0.044792 -3.436135 -5.676186
 O 6.161432 -5.951934 4.431427
 O 3.913831 -3.358845 0.316269
 O 5.268699 -0.753812 2.684783
 O 1.732019 3.865160 -4.353089
 O -1.472129 -6.112339 -0.289780
 O -5.204246 -1.782160 -5.990898
 O -4.627367 1.139524 -1.006751
 O 4.924287 2.636999 -3.015761
 O 2.215250 -0.470132 -1.303934
 O -4.853798 -2.255477 0.918740
 O 1.849598 2.601908 1.250460
 H -4.520453 -1.658069 -2.109032
 H -4.989473 -0.314223 -1.413680
 H 4.275750 -2.265520 5.592276
 H 2.898014 -2.389618 4.893280
 H -6.133360 5.388270 -5.639948
 H -5.547977 6.240396 -4.434368
 H 0.734038 3.295954 -1.874777
 H 1.340345 4.274307 -0.926116
 H -5.228800 0.142390 3.411629
 H -5.164852 0.974983 4.649850
 H -0.175949 6.809329 5.141376
 H 0.933422 6.091561 5.939544
 H -1.447917 -5.440070 -2.120649
 H -0.429696 -6.286007 -3.004029
 H 2.723564 1.250961 3.659465
 H 1.768711 1.167153 4.936240
 H -3.370270 -5.657721 6.693676
 H -1.938177 -5.861138 6.179280
 H 2.519057 -1.603092 2.510768
 H 3.117603 -3.043540 2.262739
 H 3.264445 -6.644613 2.323497
 H 1.706672 -6.533002 2.522938
 H -3.301987 -4.354841 5.013790
 H -4.563950 -3.612337 5.107960
 H -4.653940 -7.232602 0.762238
 H -4.553479 -6.097130 -0.372607
 H -3.615653 -4.274703 -3.685065
 H -2.678372 -5.388609 -3.189982
 H 2.551831 -2.328148 -2.355290
 H 2.371564 -3.536457 -1.392140
 H -2.449995 2.861732 -1.290359
 H -1.763921 2.901556 0.206490
 H -1.168784 -3.394687 1.840456
 H -1.124624 -1.930834 2.288445
 H 1.308459 -4.210237 3.709679
 H -0.170369 -3.662805 3.618299
 H 5.121576 -5.082677 -5.525108
 H 5.136551 -3.691800 -5.095566
 H 5.679941 5.343163 2.928793
 H 5.411813 4.491938 1.533062
 H 5.449288 -2.755962 2.933424
 H 4.215677 -3.153448 3.615670
 H -2.037500 -2.611111 -3.360831
 H -2.903064 -2.050932 -4.586157
 H -0.244765 2.829184 -4.392482
 H -1.432083 2.035986 -4.960427
 H 4.691133 2.759054 3.170670
 H 3.519405 2.695658 2.147188
 H 2.284413 0.789709 -4.455754
 H 2.383415 2.245872 -3.899369
 H -4.194428 2.244083 -5.081956
 H -3.335088 2.309596 -6.446488
 H 5.521622 -5.973537 -0.045826
 H 5.539231 -6.029012 -1.582331
 H 2.272794 -0.952202 -5.921720
 H 0.891955 -0.167457 -6.025028
 H -1.468783 -0.150980 -6.084023
 H -2.639789 -0.236506 -5.111550
 H 1.236310 0.256420 1.383220
 H 1.679941 -0.684285 0.314164
 H 4.752515 -2.222751 -3.059370
 H 6.146970 -1.677866 -2.970256
 H 4.907835 0.591351 -0.892090
 H 5.491871 -0.805633 -0.719808
 H -0.034487 4.953097 4.524030
 H -0.577219 4.474904 3.269486
 H -3.850519 0.927056 -3.846573
 H -5.289107 0.897214 -3.326051
 H 0.484075 -4.281864 -0.989671
 H 0.765558 -2.896512 -0.435804
 H 3.810877 4.971583 -5.573092
 H 4.321088 3.810145 -6.378652
 H 2.291315 5.552063 4.556571
 H 2.516026 6.901429 5.311816
 H -5.808330 4.212706 -2.189485
 H -4.924957 5.352953 -2.321415
 H -0.613394 1.095795 -1.370294
 H -0.154026 0.259366 -2.653021
 H -3.045598 -4.631297 -0.603706
 H -4.368722 -3.729201 -0.268503
 H -3.958378 5.816216 2.799372
 H -2.915832 5.977059 3.895041
 H -2.914866 3.209996 4.297719
 H -2.000218 3.614285 5.488349
 H -2.606928 -2.208771 -0.961679
 H -2.031050 -1.676619 0.308835
 H -2.156251 -1.988012 4.911450
 H -0.812639 -2.187012 5.668494
 H -0.338313 1.544504 5.332408
 H 0.623497 2.735900 5.025172
 H -5.035210 2.902882 2.106787
 H -3.864417 2.811175 1.118862
 H 3.746419 4.945901 -1.022145
 H 3.829439 3.584437 -1.838957
 H 2.911515 -5.416906 -4.833639
 H 2.672645 -5.048942 -3.333637
 H -2.763116 3.453423 -3.405871
 H -2.186953 4.417922 -2.341192
 H 4.078917 0.821697 7.236957
 H 3.642090 0.686797 5.727569
 H -1.498850 0.798597 2.340721
 H -2.634356 0.181126 2.943934
 H -0.546792 -1.188955 -3.744445
 H 0.068504 -2.527460 -4.123984
 H -0.647726 -4.131906 -5.782281
 H 0.869696 -3.960584 -5.569316
 H 6.585112 -5.754005 5.298761
 H 6.149572 -5.096969 3.940109
 H 4.795304 -3.709711 0.534856
 H 3.925721 -3.367228 -0.668895
 H 4.919944 -0.252870 1.915589
 H 4.545519 -0.781938 3.334254
 H 1.714092 3.933633 -5.326152
 H 2.097588 4.779033 -4.157361
 H -0.508412 -6.260646 -0.223773
 H -1.715542 -5.756907 0.592427
 H -5.897932 -1.804233 -5.279795
 H -4.998972 -2.725752 -6.114752
 H -3.804363 1.117098 -0.463745
 H -5.238920 1.775450 -0.598166
 H 5.051935 3.317466 -3.716402
 H 4.049354 2.285821 -3.277366
 H 3.168206 -0.426547 -0.971586
 H 2.249530 0.124552 -2.104164
 H -5.469133 -1.546219 1.181891
 H -4.989882 -2.945703 1.610025
 H 1.102154 2.795661 1.847660
 H 1.534779 2.849834 0.348456
K_POINTS
 1
0.0 0.0 0.0 1.0