
&control
    calculation='scf'
    pseudo_dir = './',
    outdir='./outputs',
    disk_io='high'
/
&system
    ibrav= 1, celldm(1)=20.000000, nat=  192, ntyp= 2,
    ecutwfc = 30.0, nosym=.true., occupations='smearing',
    smearing='m-v', degauss=0.025
/
&electrons
    conv_thr =  1.0d-8,
    mixing_beta = 0.7
/
&ions
    pot_extrapolation='second-order'
    wfc_extrapolation='second-order'
    ion_temperature = 'andersen'
    tempw = 1000

/
ATOMIC_SPECIES
 H  1.01  H.blyp-hgh.UPF
 O  16.0  O.blyp-hgh.UPF
ATOMIC_POSITIONS bohr
 O -5.262429 -1.262304 -1.594265
 O 3.321094 -2.461522 5.787390
 O -5.472323 6.078275 -5.392201
 O 0.573641 3.677268 -0.992325
 O -4.948396 1.041162 3.707479
 O -0.070849 6.188659 5.928428
 O -0.674563 -5.382337 -2.701347
 O 2.449894 0.688667 4.405079
 O -2.856441 -5.739195 5.836969
 O 2.640163 -2.493641 2.939528
 O 2.557130 -6.476145 2.993180
 O -3.783408 -3.648889 4.507845
 O -4.628506 -6.283123 0.583134
 O -3.461177 -5.242402 -3.746530
 O 2.800177 -3.266094 -2.235672
 O -1.979649 2.353232 -0.589772
 O -1.380631 -2.805645 2.628040
 O 0.385867 -4.479144 3.563579
 O 4.785881 -4.547752 -4.774500
 O 5.025713 5.059888 2.237921
 O 5.132864 -3.487701 3.523526
 O -2.915637 -2.632537 -3.798577
 O -1.193041 2.905696 -4.593710
 O 4.161169 2.125807 2.639907
 O 2.845749 1.358508 -3.842289
 O -4.147468 2.614625 -5.980912
 O 4.985249 -5.719848 -0.826970
 O 1.669847 -0.306082 -5.476815
 O -1.735451 0.130982 -5.180066
 O 1.237568 -0.706941 1.204685
 O 5.415352 -1.771207 -3.641650
 O 4.787811 -0.216071 -0.386561
 O 0.273225 4.431945 3.743346
 O -4.733356 0.581959 -4.068148
 O 0.960110 -3.834468 -0.263357
 O 4.498616 4.262568 -5.536128
 O 2.369896 5.952676 5.476685
 O -5.655090 5.061123 -1.734262
 O -0.284152 1.169971 -2.300510
 O -3.682121 -3.940157 -0.909770
 O -3.026385 5.613255 2.985636
 O -2.027193 3.053274 4.678043
 O -2.094272 -1.437491 -0.627204
 O -1.396922 -1.485754 5.286780
 O 0.486839 1.985505 5.667189
 O -4.694160 3.314872 1.288263
 O 3.200409 4.243896 -1.438412
 O 2.456319 -5.735084 -4.019156
 O -2.901655 4.353017 -3.015124
 O 4.409929 0.655465 6.331289
 O -2.358583 0.490263 2.056344
 O -0.090590 -1.958901 -3.333411
 O 0.044798 -3.438227 -5.676879
 O 6.164561 -5.954901 4.428628
 O 3.904089 -3.352909 0.322290
 O 5.278868 -0.747379 2.690592
 O 1.730797 3.865413 -4.354827
 O -1.473099 -6.117427 -0.293229
 O -5.207030 -1.779680 -5.989943
 O -4.625038 1.140377 -1.011818
 O 4.926583 2.651271 -3.020851
 O 2.210920 -0.474230 -1.308601
 O -4.853203 -2.269781 0.917218
 O 1.851735 2.607076 1.251208
 H -4.540934 -1.657042 -2.133068
 H -4.989478 -0.317512 -1.395626
 H 4.274953 -2.277179 5.616373
 H 2.914254 -2.397044 4.883584
 H -6.126649 5.390149 -5.640833
 H -5.543745 6.243710 -4.436759
 H 0.741608 3.296662 -1.879403
 H 1.354853 4.269610 -0.933071
 H -5.214838 0.145077 3.389952
 H -5.166603 0.969464 4.649855
 H -0.177736 6.799266 5.144449
 H 0.939546 6.091058 5.941204
 H -1.454744 -5.447407 -2.118001
 H -0.414057 -6.283571 -2.985295
 H 2.730703 1.249885 3.660652
 H 1.780254 1.180307 4.938560
 H -3.376705 -5.635652 6.691414
 H -1.946182 -5.860651 6.183878
 H 2.516646 -1.612540 2.494759
 H 3.128020 -3.057738 2.292186
 H 3.247340 -6.657577 2.318126
 H 1.698805 -6.527151 2.533581
 H -3.277813 -4.353300 5.004609
 H -4.564760 -3.626990 5.096657
 H -4.661420 -7.246592 0.753567
 H -4.565357 -6.106894 -0.371697
 H -3.609941 -4.267233 -3.687927
 H -2.670816 -5.377711 -3.196924
 H 2.537247 -2.331391 -2.343958
 H 2.386156 -3.529228 -1.378346
 H -2.473066 2.853184 -1.285970
 H -1.769556 2.929315 0.186262
 H -1.182447 -3.406298 1.842128
 H -1.136969 -1.933277 2.283926
 H 1.313957 -4.206462 3.693328
 H -0.168060 -3.659251 3.604280
 H 5.128768 -5.081641 -5.521434
 H 5.117863 -3.681416 -5.099085
 H 5.672609 5.365830 2.918396
 H 5.437074 4.482467 1.551963
 H 5.452889 -2.753003 2.945702
 H 4.212497 -3.146433 3.616771
 H -2.025910 -2.608178 -3.366897
 H -2.915013 -2.047289 -4.576321
 H -0.248537 2.827993 -4.383224
 H -1.436098 2.032674 -4.947728
 H 4.696722 2.749956 3.163314
 H 3.509895 2.700674 2.162939
 H 2.272753 0.783996 -4.444445
 H 2.376670 2.233577 -3.902464
 H -4.218483 2.243996 -5.076872
 H -3.334128 2.307305 -6.435876
 H 5.535669 -5.978757 -0.050184
 H 5.524097 -6.046209 -1.589191
 H 2.263860 -0.941448 -5.941247
 H 0.887086 -0.160877 -6.023944
 H -1.464242 -0.151627 -6.080798
 H -2.638760 -0.227551 -5.111222
 H 1.224564 0.251020 1.394015
 H 1.672023 -0.683424 0.316695
 H 4.768386 -2.238787 -3.063632
 H 6.160936 -1.693019 -2.983897
 H 4.916477 0.592856 -0.897197
 H 5.493231 -0.808372 -0.723566
 H -0.033760 4.952723 4.528252
 H -0.580111 4.468482 3.281200
 H -3.843538 0.918918 -3.845198
 H -5.299584 0.904306 -3.330543
 H 0.485983 -4.280196 -0.996289
 H 0.765307 -2.894485 -0.433457
 H 3.814572 4.962331 -5.567615
 H 4.320056 3.822444 -6.391503
 H 2.301481 5.553977 4.551197
 H 2.516805 6.908213 5.321612
 H -5.806246 4.221063 -2.207048
 H -4.932857 5.372990 -2.330496
 H -0.607833 1.073726 -1.368978
 H -0.173260 0.274269 -2.676000
 H -3.067717 -4.659928 -0.631980
 H -4.366342 -3.717961 -0.255899
 H -3.963496 5.829233 2.817567
 H -2.902290 5.964003 3.898993
 H -2.908624 3.229855 4.294947
 H -2.000533 3.605331 5.492122
 H -2.601435 -2.206360 -0.974962
 H -2.031986 -1.686206 0.312149
 H -2.160815 -1.976928 4.907602
 H -0.819623 -2.210093 5.649004
 H -0.338687 1.554401 5.300921
 H 0.596765 2.764935 5.048633
 H -5.045962 2.899299 2.102329
 H -3.855111 2.818978 1.146481
 H 3.748550 4.937730 -1.010684
 H 3.821947 3.596801 -1.871272
 H 2.894057 -5.435093 -4.843462
 H 2.669586 -5.040343 -3.345104
 H -2.778917 3.461052 -3.416560
 H -2.175662 4.428474 -2.357963
 H 4.068381 0.841765 7.241315
 H 3.645273 0.675924 5.733070
 H -1.497115 0.825726 2.334033
 H -2.636186 0.205129 2.946605
 H -0.528408 -1.171113 -3.729911
 H 0.072651 -2.504379 -4.145204
 H -0.645175 -4.129194 -5.809260
 H 0.870507 -3.962919 -5.570558
 H 6.591789 -5.764043 5.296470
 H 6.157147 -5.093589 3.949269
 H 4.781097 -3.714461 0.542682
 H 3.919138 -3.374236 -0.662396
 H 4.919088 -0.273202 1.909119
 H 4.564490 -0.788668 3.348835
 H 1.717902 3.938744 -5.325970
 H 2.109941 4.766300 -4.165733
 H -0.508879 -6.261557 -0.224547
 H -1.714598 -5.767816 0.592433
 H -5.896320 -1.817373 -5.272392
 H -4.987207 -2.722674 -6.114179
 H -3.802236 1.124627 -0.466510
 H -5.232950 1.779683 -0.601412
 H 5.057418 3.322063 -3.729506
 H 4.053783 2.297012 -3.288083
 H 3.162754 -0.424013 -0.975651
 H 2.227283 0.141936 -2.095315
 H -5.455945 -1.549656 1.181405
 H -4.976906 -2.942701 1.630468
 H 1.100704 2.789502 1.850820
 H 1.525192 2.851517 0.347497
K_POINTS
 1
0.0 0.0 0.0 1.0