
&control
    calculation='scf'
    pseudo_dir = './',
    outdir='./outputs',
    disk_io='high'
/
&system
    ibrav= 1, celldm(1)=20.000000, nat=  192, ntyp= 2,
    ecutwfc = 30.0, nosym=.true., occupations='smearing',
    smearing='m-v', degauss=0.025
/
&electrons
    conv_thr =  1.0d-8,
    mixing_beta = 0.7
/
&ions
    pot_extrapolation='second-order'
    wfc_extrapolation='second-order'
    ion_temperature = 'andersen'
    tempw = 1000

/
ATOMIC_SPECIES
 H  1.01  H.blyp-hgh.UPF
 O  16.0  O.blyp-hgh.UPF
ATOMIC_POSITIONS bohr
 O -5.262697 -1.261964 -1.592514
 O 3.318492 -2.462753 5.788207
 O -5.470987 6.079917 -5.392880
 O 0.577119 3.675716 -0.991143
 O -4.950757 1.041333 3.706697
 O -0.068864 6.189375 5.931280
 O -0.676073 -5.382157 -2.699462
 O 2.450897 0.690059 4.406419
 O -2.858265 -5.741789 5.837227
 O 2.640430 -2.493714 2.942547
 O 2.555812 -6.475453 2.994044
 O -3.781114 -3.649592 4.507054
 O -4.629133 -6.286165 0.584851
 O -3.462648 -5.241354 -3.744335
 O 2.799775 -3.266785 -2.234774
 O -1.977591 2.351844 -0.591806
 O -1.379443 -2.807714 2.627787
 O 0.386992 -4.478169 3.562421
 O 4.786016 -4.546928 -4.774489
 O 5.027110 5.058609 2.237150
 O 5.130147 -3.488936 3.523291
 O -2.914342 -2.633536 -3.797003
 O -1.192938 2.906343 -4.592452
 O 4.160957 2.124411 2.638085
 O 2.847425 1.356366 -3.843455
 O -4.147936 2.615095 -5.978351
 O 4.987158 -5.719932 -0.826193
 O 1.668621 -0.304544 -5.477745
 O -1.735191 0.133108 -5.179958
 O 1.237140 -0.707685 1.205637
 O 5.417986 -1.770835 -3.643656
 O 4.785955 -0.215940 -0.389009
 O 0.273740 4.429202 3.746369
 O -4.733003 0.582912 -4.066691
 O 0.958362 -3.833943 -0.264098
 O 4.500229 4.261277 -5.538853
 O 2.367747 5.954685 5.475205
 O -5.654130 5.061059 -1.735241
 O -0.284093 1.171730 -2.300627
 O -3.683316 -3.939284 -0.909668
 O -3.026750 5.613815 2.984415
 O -2.025567 3.053987 4.676275
 O -2.092309 -1.439288 -0.625994
 O -1.396019 -1.487163 5.287817
 O 0.484040 1.987257 5.668179
 O -4.695763 3.315258 1.288086
 O 3.200181 4.244243 -1.439384
 O 2.452702 -5.735739 -4.018842
 O -2.903473 4.353245 -3.015752
 O 4.409779 0.655968 6.333837
 O -2.355721 0.489606 2.055972
 O -0.089134 -1.958530 -3.335693
 O 0.044796 -3.438945 -5.677120
 O 6.165615 -5.955873 4.427674
 O 3.900873 -3.350906 0.324321
 O 5.282285 -0.745254 2.692500
 O 1.730401 3.865550 -4.355423
 O -1.473435 -6.119113 -0.294330
 O -5.207985 -1.778879 -5.989604
 O -4.624243 1.140687 -1.013505
 O 4.927399 2.656094 -3.022523
 O 2.209554 -0.475575 -1.310200
 O -4.853019 -2.274606 0.916773
 O 1.852431 2.608785 1.251479
 H -4.547785 -1.656651 -2.140888
 H -4.989415 -0.318791 -1.389665
 H 4.274445 -2.280999 5.624528
 H 2.919789 -2.399500 4.880480
 H -6.124435 5.390622 -5.640882
 H -5.542346 6.244832 -4.437571
 H 0.743937 3.296669 -1.880893
 H 1.359888 4.268055 -0.935473
 H -5.210290 0.146289 3.382668
 H -5.167252 0.967817 4.650168
 H -0.178160 6.795825 5.145540
 H 0.941448 6.090812 5.941823
 H -1.456711 -5.450121 -2.116859
 H -0.408981 -6.282630 -2.978980
 H 2.733334 1.249712 3.660972
 H 1.784033 1.184721 4.939244
 H -3.378738 -5.628519 6.690423
 H -1.948780 -5.860665 6.185355
 H 2.515582 -1.615959 2.489336
 H 3.131181 -3.062262 2.301729
 H 3.241834 -6.661997 2.316516
 H 1.696177 -6.525209 2.537206
 H -3.269603 -4.352899 5.001336
 H -4.565105 -3.631747 5.092487
 H -4.663855 -7.251359 0.750401
 H -4.569388 -6.110435 -0.371311
 H -3.607874 -4.264739 -3.688881
 H -2.668273 -5.374134 -3.199509
 H 2.532205 -2.332352 -2.340138
 H 2.390771 -3.526855 -1.373805
 H -2.480539 2.850394 -1.284118
 H -1.771556 2.938589 0.178941
 H -1.187112 -3.409732 1.843331
 H -1.140957 -1.933811 2.282434
 H 1.315685 -4.205047 3.687682
 H -0.167174 -3.658068 3.599368
 H 5.131180 -5.081581 -5.520057
 H 5.111400 -3.677809 -5.099833
 H 5.670172 5.373314 2.914804
 H 5.445558 4.479623 1.558670
 H 5.454271 -2.752062 2.949903
 H 4.211464 -3.144344 3.617283
 H -2.021975 -2.607024 -3.369140
 H -2.918916 -2.046156 -4.572970
 H -0.249744 2.827628 -4.380077
 H -1.437388 2.031278 -4.943439
 H 4.698577 2.746878 3.160853
 H 3.506791 2.702172 2.168159
 H 2.269052 0.781972 -4.440643
 H 2.374426 2.229460 -3.903563
 H -4.226527 2.243785 -5.075528
 H -3.333899 2.306434 -6.432027
 H 5.540286 -5.980446 -0.051827
 H 5.518938 -6.051961 -1.591203
 H 2.260935 -0.937919 -5.947754
 H 0.885502 -0.158704 -6.023666
 H -1.462882 -0.152229 -6.079822
 H -2.638486 -0.224482 -5.111180
 H 1.220647 0.249271 1.397701
 H 1.669200 -0.683170 0.317380
 H 4.773602 -2.244184 -3.065383
 H 6.165516 -1.697809 -2.988575
 H 4.919414 0.593649 -0.899020
 H 5.493750 -0.809477 -0.724913
 H -0.033241 4.952641 4.529924
 H -0.581264 4.466073 3.284819
 H -3.841250 0.916085 -3.844516
 H -5.302989 0.906578 -3.332206
 H 0.486571 -4.279635 -0.998572
 H 0.765108 -2.893697 -0.432587
 H 3.815886 4.959317 -5.565708
 H 4.319942 3.826355 -6.395659
 H 2.305167 5.554956 4.549318
 H 2.517265 6.910288 5.324737
 H -5.805848 4.223622 -2.212711
 H -4.935317 5.379820 -2.333352
 H -0.605935 1.066304 -1.368978
 H -0.179666 0.279357 -2.683339
 H -3.075506 -4.669192 -0.641203
 H -4.365490 -3.714186 -0.251435
 H -3.965136 5.833620 2.823520
 H -2.897827 5.959585 3.900246
 H -2.906503 3.236573 4.293968
 H -2.000616 3.602309 5.493310
 H -2.599637 -2.205523 -0.979367
 H -2.032370 -1.689188 0.313302
 H -2.162369 -1.973180 4.906261
 H -0.821962 -2.217546 5.642459
 H -0.338440 1.558154 5.290612
 H 0.587584 2.774421 5.056622
 H -5.049534 2.898028 2.100898
 H -3.852138 2.821703 1.155733
 H 3.749365 4.935073 -1.007026
 H 3.819458 3.601204 -1.881948
 H 2.888369 -5.441015 -4.846368
 H 2.668598 -5.037551 -3.349142
 H -2.783858 3.463940 -3.420258
 H -2.171954 4.431973 -2.363748
 H 4.064983 0.848437 7.242411
 H 3.646115 0.672335 5.734699
 H -1.496105 0.834993 2.331535
 H -2.637314 0.213063 2.947491
 H -0.522203 -1.165273 -3.725067
 H 0.074070 -2.496671 -4.152150
 H -0.644093 -4.128235 -5.818046
 H 0.870620 -3.963575 -5.570973
 H 6.594061 -5.767551 5.295577
 H 6.159473 -5.092507 3.952448
 H 4.776319 -3.716116 0.545273
 H 3.916917 -3.376597 -0.660137
 H 4.918763 -0.279964 1.907066
 H 4.570775 -0.790709 3.353717
 H 1.719014 3.940165 -5.325955
 H 2.113955 4.761978 -4.168100
 H -0.509100 -6.261859 -0.224894
 H -1.714360 -5.771677 0.592413
 H -5.895647 -1.821520 -5.269972
 H -4.983234 -2.721485 -6.113866
 H -3.801573 1.127196 -0.467529
 H -5.230886 1.781169 -0.602331
 H 5.059270 3.323493 -3.733901
 H 4.055277 2.300212 -3.291800
 H 3.160673 -0.423283 -0.977137
 H 2.219708 0.147585 -2.092037
 H -5.451575 -1.550834 1.181197
 H -4.972445 -2.941418 1.637231
 H 1.100336 2.787546 1.851801
 H 1.521892 2.852077 0.347158
K_POINTS
 1
0.0 0.0 0.0 1.0