
&control
    calculation='scf'
    pseudo_dir = './',
    outdir='./outputs',
    disk_io='high'
/
&system
    ibrav= 1, celldm(1)=20.000000, nat=  192, ntyp= 2,
    ecutwfc = 30.0, nosym=.true., occupations='smearing',
    smearing='m-v', degauss=0.025
/
&electrons
    conv_thr =  1.0d-8,
    mixing_beta = 0.7
/
&ions
    pot_extrapolation='second-order'
    wfc_extrapolation='second-order'
    ion_temperature = 'andersen'
    tempw = 1000

/
ATOMIC_SPECIES
 H  1.01  H.blyp-hgh.UPF
 O  16.0  O.blyp-hgh.UPF
ATOMIC_POSITIONS bohr
 O -5.263788 -1.260763 -1.585696
 O 3.308045 -2.467646 5.791295
 O -5.465663 6.086465 -5.395779
 O 0.591105 3.669659 -0.986479
 O -4.960098 1.041854 3.703473
 O -0.061275 6.192369 5.942488
 O -0.681994 -5.381313 -2.692105
 O 2.454924 0.695397 4.411717
 O -2.865559 -5.752066 5.838543
 O 2.641603 -2.494004 2.954710
 O 2.550453 -6.472623 2.997238
 O -3.771950 -3.652365 4.504074
 O -4.631639 -6.298120 0.591898
 O -3.468807 -5.237179 -3.735610
 O 2.798372 -3.269626 -2.231242
 O -1.969588 2.346379 -0.599679
 O -1.374716 -2.816282 2.626354
 O 0.391480 -4.474487 3.558058
 O 4.786711 -4.543505 -4.774788
 O 5.032624 5.053354 2.233899
 O 5.119381 -3.493690 3.522205
 O -2.909271 -2.637497 -3.790554
 O -1.192731 2.909058 -4.587510
 O 4.160009 2.118946 2.630745
 O 2.853701 1.347862 -3.848001
 O -4.149882 2.617162 -5.968234
 O 4.994738 -5.720288 -0.823021
 O 1.663675 -0.298535 -5.481332
 O -1.734153 0.141869 -5.179295
 O 1.235497 -0.710611 1.209600
 O 5.428491 -1.769523 -3.651480
 O 4.778556 -0.215465 -0.398696
 O 0.275686 4.418292 3.758488
 O -4.731535 0.586858 -4.060804
 O 0.951306 -3.831924 -0.267109
 O 4.506696 4.256197 -5.549867
 O 2.359311 5.962643 5.469562
 O -5.650003 5.060678 -1.739705
 O -0.283826 1.178734 -2.301025
 O -3.687820 -3.935914 -0.909584
 O -3.028173 5.616108 2.979743
 O -2.019156 3.056811 4.669281
 O -2.084432 -1.446570 -0.621210
 O -1.392372 -1.493064 5.291823
 O 0.472622 1.994340 5.671709
 O -4.702080 3.316620 1.287375
 O 3.199300 4.245624 -1.443178
 O 2.438083 -5.738410 -4.017649
 O -2.910845 4.354131 -3.017937
 O 4.409482 0.658008 6.344298
 O -2.344193 0.486925 2.054645
 O -0.083490 -1.956987 -3.344879
 O 0.044792 -3.441885 -5.678141
 O 6.169897 -5.959669 4.423765
 O 3.888184 -3.342786 0.332558
 O 5.296104 -0.736870 2.699987
 O 1.728850 3.866281 -4.357900
 O -1.474834 -6.125818 -0.298467
 O -5.211948 -1.775843 -5.988130
 O -4.620963 1.142073 -1.020208
 O 4.930871 2.675702 -3.029113
 O 2.204439 -0.480839 -1.316821
 O -4.852370 -2.294188 0.915346
 O 1.855083 2.615569 1.252648
 H -4.575259 -1.654649 -2.170999
 H -4.988677 -0.324684 -1.366256
 H 4.271085 -2.295938 5.657753
 H 2.942411 -2.409191 4.868745
 H -6.115656 5.391771 -5.639875
 H -5.536783 6.249457 -4.440816
 H 0.752108 3.295688 -1.886090
 H 1.380831 4.261756 -0.945420
 H -5.192781 0.152553 3.353467
 H -5.170169 0.962004 4.652567
 H -0.178960 6.781796 5.150122
 H 0.948390 6.089469 5.944563
 H -1.462961 -5.462311 -2.110967
 H -0.389350 -6.278277 -2.953431
 H 2.745105 1.249862 3.661965
 H 1.798647 1.202643 4.941630
 H -3.386281 -5.601240 6.685298
 H -1.958645 -5.861664 6.191094
 H 2.510051 -1.631170 2.467382
 H 3.142234 -3.079338 2.338406
 H 3.220887 -6.680161 2.310933
 H 1.685511 -6.517482 2.552079
 H -3.236470 -4.351634 4.987165
 H -4.566725 -3.650285 5.073935
 H -4.673291 -7.270629 0.736504
 H -4.585913 -6.125949 -0.369032
 H -3.598838 -4.254908 -3.692685
 H -2.657974 -5.360165 -3.211271
 H 2.511306 -2.335705 -2.324793
 H 2.407964 -3.517746 -1.356060
 H -2.509142 2.839181 -1.274824
 H -1.780091 2.975290 0.146717
 H -1.206177 -3.421409 1.850989
 H -1.156316 -1.934809 2.276537
 H 1.322004 -4.198597 3.664148
 H -0.163007 -3.653357 3.578526
 H 5.140931 -5.082590 -5.513750
 H 5.084388 -3.662937 -5.100740
 H 5.660771 5.403016 2.900238
 H 5.479829 4.469620 1.587121
 H 5.460649 -2.748619 2.967263
 H 4.207436 -3.137189 3.620125
 H -2.006047 -2.601551 -3.379274
 H -2.934115 -2.041984 -4.559276
 H -0.254082 2.826303 -4.367159
 H -1.442177 2.024562 -4.925921
 H 4.706050 2.734364 3.151075
 H 3.494761 2.707209 2.188785
 H 2.255339 0.773110 -4.425367
 H 2.365646 2.212970 -3.908212
 H -4.258702 2.241880 -5.071798
 H -3.333597 2.302403 -6.414949
 H 5.558425 -5.986951 -0.059357
 H 5.497784 -6.074982 -1.597781
 H 2.249521 -0.924022 -5.973583
 H 0.879203 -0.150014 -6.023005
 H -1.458183 -0.156526 -6.076309
 H -2.637817 -0.211877 -5.111350
 H 1.205036 0.242601 1.412842
 H 1.657141 -0.682231 0.319098
 H 4.794249 -2.265798 -3.074224
 H 6.183427 -1.715563 -3.007855
 H 4.931351 0.598007 -0.906729
 H 5.495665 -0.814501 -0.730596
 H -0.029708 4.952491 4.537901
 H -0.586446 4.455027 3.298041
 H -3.832552 0.904220 -3.840530
 H -5.315911 0.915220 -3.339666
 H 0.488673 -4.277277 -1.008097
 H 0.763671 -2.889938 -0.428734
 H 3.821321 4.947932 -5.557630
 H 4.320639 3.840881 -6.411897
 H 2.321329 5.560743 4.541383
 H 2.520086 6.917715 5.336401
 H -5.805643 4.232750 -2.234373
 H -4.944467 5.407742 -2.343737
 H -0.598084 1.036463 -1.371286
 H -0.205184 0.300044 -2.711284
 H -3.108862 -4.704575 -0.677021
 H -4.361302 -3.699194 -0.232774
 H -3.971124 5.851311 2.846758
 H -2.880276 5.941485 3.904588
 H -2.897755 3.263818 4.289749
 H -2.000710 3.589984 5.497709
 H -2.592577 -2.202031 -0.996711
 H -2.034337 -1.700156 0.318023
 H -2.168685 -1.957835 4.900635
 H -0.831222 -2.246048 5.616166
 H -0.335485 1.575273 5.250631
 H 0.549786 2.811183 5.089546
 H -5.063843 2.892669 2.095396
 H -3.841235 2.833472 1.192874
 H 3.753067 4.924634 -0.993318
 H 3.809601 3.620257 -1.924008
 H 2.866233 -5.463997 -4.856092
 H 2.664792 -5.026766 -3.366320
 H -2.801822 3.476806 -3.435786
 H -2.157666 4.445647 -2.388132
 H 4.052054 0.874918 7.244818
 H 3.648354 0.658196 5.740099
 H -1.490448 0.872920 2.320190
 H -2.644224 0.244489 2.951078
 H -0.497094 -1.142423 -3.705805
 H 0.079898 -2.465863 -4.179314
 H -0.638721 -4.124339 -5.852094
 H 0.870238 -3.965602 -5.572641
 H 6.603356 -5.782427 5.291377
 H 6.167741 -5.088389 3.965673
 H 4.756993 -3.723080 0.555595
 H 3.907930 -3.386116 -0.650663
 H 4.917182 -0.306948 1.899551
 H 4.595672 -0.797762 3.373192
 H 1.722576 3.944342 -5.326364
 H 2.129704 4.745009 -4.175111
 H -0.510269 -6.263070 -0.226795
 H -1.713881 -5.788188 0.592169
 H -5.892233 -1.836873 -5.260623
 H -4.967080 -2.715707 -6.112056
 H -3.799135 1.137706 -0.472154
 H -5.222269 1.787440 -0.605271
 H 5.066840 3.328775 -3.751668
 H 4.061502 2.310398 -3.307281
 H 3.151197 -0.420892 -0.983772
 H 2.188756 0.169240 -2.077173
 H -5.434203 -1.555739 1.180065
 H -4.953898 -2.934834 1.663824
 H 1.099587 2.780170 1.855278
 H 1.508358 2.854221 0.346038
K_POINTS
 1
0.0 0.0 0.0 1.0