
&control
    calculation='scf'
    pseudo_dir = './',
    outdir='./outputs',
    disk_io='high'
/
&system
    ibrav= 1, celldm(1)=20.000000, nat=  192, ntyp= 2,
    ecutwfc = 30.0, nosym=.true., occupations='smearing',
    smearing='m-v', degauss=0.025
/
&electrons
    conv_thr =  1.0d-8,
    mixing_beta = 0.7
/
&ions
    pot_extrapolation='second-order'
    wfc_extrapolation='second-order'
    ion_temperature = 'andersen'
    tempw = 1000

/
ATOMIC_SPECIES
 H  1.01  H.blyp-hgh.UPF
 O  16.0  O.blyp-hgh.UPF
ATOMIC_POSITIONS bohr
 O -5.264068 -1.260510 -1.584038
 O 3.305428 -2.468861 5.792022
 O -5.464340 6.088096 -5.396550
 O 0.594629 3.668184 -0.985341
 O -4.962402 1.041952 3.702649
 O -0.059469 6.193145 5.945245
 O -0.683446 -5.381070 -2.690312
 O 2.455935 0.696677 4.413020
 O -2.867382 -5.754606 5.838940
 O 2.641921 -2.494071 2.957770
 O 2.549095 -6.471901 2.997969
 O -3.769656 -3.653051 4.503374
 O -4.632265 -6.301067 0.593694
 O -3.470415 -5.236135 -3.733442
 O 2.798066 -3.270346 -2.230369
 O -1.967652 2.345057 -0.601580
 O -1.373543 -2.818480 2.625903
 O 0.392601 -4.473620 3.557035
 O 4.786921 -4.542617 -4.774948
 O 5.033975 5.052008 2.233047
 O 5.116722 -3.494831 3.521896
 O -2.908025 -2.638477 -3.788901
 O -1.192737 2.909760 -4.586302
 O 4.159744 2.117611 2.628897
 O 2.855157 1.345756 -3.849107
 O -4.150386 2.617730 -5.965743
 O 4.996617 -5.720382 -0.822214
 O 1.662430 -0.297074 -5.482199
 O -1.733891 0.144122 -5.179075
 O 1.235101 -0.711334 1.210634
 O 5.431104 -1.769246 -3.653385
 O 4.776728 -0.215359 -0.401101
 O 0.276133 4.415585 3.761523
 O -4.731153 0.587876 -4.059321
 O 0.949527 -3.831441 -0.267873
 O 4.508320 4.254946 -5.552645
 O 2.357246 5.964609 5.468224
 O -5.648898 5.060555 -1.740963
 O -0.283751 1.180478 -2.301101
 O -3.688887 -3.935103 -0.909632
 O -3.028526 5.616698 2.978636
 O -2.017584 3.057514 4.667554
 O -2.082456 -1.448411 -0.620029
 O -1.391457 -1.494608 5.292788
 O 0.469709 1.996136 5.672474
 O -4.703625 3.316905 1.287201
 O 3.199088 4.245972 -1.444103
 O 2.434393 -5.739090 -4.017369
 O -2.912712 4.354360 -3.018394
 O 4.409480 0.658527 6.346981
 O -2.341279 0.486248 2.054356
 O -0.082123 -1.956586 -3.347188
 O 0.044795 -3.442631 -5.678412
 O 6.170985 -5.960594 4.422767
 O 3.885057 -3.340729 0.334645
 O 5.299597 -0.734807 2.701821
 O 1.728467 3.866494 -4.358543
 O -1.475197 -6.127487 -0.299433
 O -5.212973 -1.775133 -5.987732
 O -4.620119 1.142459 -1.021868
 O 4.931784 2.680681 -3.030739
 O 2.203237 -0.482124 -1.318532
 O -4.852230 -2.299152 0.915082
 O 1.855705 2.617255 1.252954
 H -4.582136 -1.654003 -2.178193
 H -4.988341 -0.326323 -1.360541
 H 4.269903 -2.299584 5.666208
 H 2.948162 -2.411573 4.865991
 H -6.113473 5.391880 -5.639326
 H -5.535392 6.250655 -4.441612
 H 0.753836 3.295215 -1.887111
 H 1.386226 4.260130 -0.947979
 H -5.188605 0.154437 3.346190
 H -5.170975 0.960708 4.653356
 H -0.178934 6.778259 5.151293
 H 0.949967 6.089051 5.945303
 H -1.464111 -5.465685 -2.109158
 H -0.384606 -6.277054 -2.946984
 H 2.748353 1.250084 3.662171
 H 1.802148 1.207211 4.942152
 H -3.388019 -5.594757 6.683739
 H -1.960955 -5.862162 6.192507
 H 2.508355 -1.635385 2.461861
 H 3.144594 -3.083358 2.347179
 H 3.215929 -6.684819 2.309750
 H 1.682784 -6.515561 2.555887
 H -3.228206 -4.351361 4.983353
 H -4.567170 -3.654824 5.068863
 H -4.675570 -7.275430 0.732755
 H -4.590149 -6.130143 -0.368229
 H -3.596397 -4.252519 -3.693631
 H -2.655368 -5.356769 -3.214576
 H 2.505934 -2.336456 -2.320966
 H 2.411947 -3.515598 -1.351761
 H -2.515936 2.836301 -1.272052
 H -1.782334 2.984281 0.137938
 H -1.211012 -3.423866 1.853505
 H -1.160022 -1.934843 2.275090
 H 1.323427 -4.196787 3.658033
 H -0.161805 -3.652188 3.573020
 H 5.143401 -5.083116 -5.511968
 H 5.077352 -3.659162 -5.100457
 H 5.658555 5.410405 2.896618
 H 5.488491 4.467415 1.594557
 H 5.462442 -2.747855 2.971743
 H 4.206449 -3.135689 3.621043
 H -2.002052 -2.599975 -3.382105
 H -2.937813 -2.041024 -4.555794
 H -0.255011 2.826003 -4.363843
 H -1.443256 2.022673 -4.921432
 H 4.707949 2.731190 3.148666
 H 3.491859 2.708216 2.193858
 H 2.252216 0.770676 -4.421547
 H 2.363529 2.208858 -3.909424
 H -4.266726 2.241108 -5.071252
 H -3.333695 2.301252 -6.410244
 H 5.562882 -5.988518 -0.061469
 H 5.492380 -6.080723 -1.599045
 H 2.246736 -0.920589 -5.979952
 H 0.877610 -0.147824 -6.022955
 H -1.457193 -0.158059 -6.075500
 H -2.637770 -0.208656 -5.111476
 H 1.201161 0.241024 1.416717
 H 1.653959 -0.681996 0.319239
 H 4.799380 -2.271169 -3.076920
 H 6.187798 -1.719636 -3.012799
 H 4.934360 0.599324 -0.908712
 H 5.496009 -0.815841 -0.732057
 H -0.028448 4.952484 4.540198
 H -0.587801 4.451903 3.301079
 H -3.830534 0.901135 -3.839193
 H -5.318927 0.917274 -3.341720
 H 0.489137 -4.276640 -1.010574
 H 0.763140 -2.888851 -0.427690
 H 3.822684 4.945305 -5.555490
 H 4.321101 3.844204 -6.415907
 H 2.325707 5.562681 4.539298
 H 2.521035 6.919369 5.339088
 H -5.805914 4.234769 -2.239534
 H -4.946619 5.414837 -2.346041
 H -0.596057 1.028996 -1.372443
 H -0.211525 0.305254 -2.717960
 H -3.117768 -4.712954 -0.685695
 H -4.359970 -3.695521 -0.228010
 H -3.972431 5.855752 2.852420
 H -2.875973 5.936840 3.905447
 H -2.895487 3.270699 4.288615
 H -2.000652 3.586835 5.498721
 H -2.590836 -2.201125 -1.000944
 H -2.034948 -1.702679 0.319205
 H -2.170274 -1.953893 4.899172
 H -0.833487 -2.252827 5.609588
 H -0.334252 1.580035 5.240998
 H 0.540121 2.820043 5.098041
 H -5.067439 2.891283 2.094062
 H -3.838816 2.836673 1.202173
 H 3.754084 4.922042 -0.990146
 H 3.807170 3.625385 -1.934331
 H 2.860849 -5.469564 -4.858049
 H 2.663876 -5.024167 -3.370855
 H -2.805833 3.480267 -3.439868
 H -2.154275 4.448945 -2.394581
 H 4.048998 0.881465 7.244909
 H 3.648652 0.654723 5.741172
 H -1.488765 0.882548 2.317011
 H -2.646504 0.252283 2.951977
 H -0.490759 -1.136837 -3.701033
 H 0.081388 -2.458185 -4.185952
 H -0.637144 -4.123389 -5.860322
 H 0.869937 -3.965970 -5.573061
 H 6.605729 -5.786361 5.290178
 H 6.169539 -5.087405 3.969084
 H 4.752110 -3.724904 0.558177
 H 3.905666 -3.388505 -0.648192
 H 4.916708 -0.313686 1.897885
 H 4.601832 -0.799231 3.378012
 H 1.723232 3.944998 -5.326621
 H 2.133608 4.740976 -4.176196
 H -0.510622 -6.263378 -0.227408
 H -1.713899 -5.792568 0.592065
 H -5.891199 -1.840389 -5.258383
 H -4.962976 -2.713977 -6.111476
 H -3.798571 1.140379 -0.473454
 H -5.220026 1.789076 -0.605840
 H 5.068781 3.329999 -3.756168
 H 4.063164 2.312304 -3.311279
 H 3.148588 -0.420415 -0.985604
 H 2.180881 0.174388 -2.073009
 H -5.429880 -1.557022 1.179690
 H -4.949082 -2.932825 1.670327
 H 1.099600 2.778434 1.856029
 H 1.504927 2.854718 0.345875
K_POINTS
 1
0.0 0.0 0.0 1.0