
&control
    calculation='scf'
    pseudo_dir = './',
    outdir='./outputs',
    disk_io='high'
/
&system
    ibrav= 1, celldm(1)=20.000000, nat=  192, ntyp= 2,
    ecutwfc = 30.0, nosym=.true., occupations='smearing',
    smearing='m-v', degauss=0.025
/
&electrons
    conv_thr =  1.0d-8,
    mixing_beta = 0.7
/
&ions
    pot_extrapolation='second-order'
    wfc_extrapolation='second-order'
    ion_temperature = 'andersen'
    tempw = 1000

/
ATOMIC_SPECIES
 H  1.01  H.blyp-hgh.UPF
 O  16.0  O.blyp-hgh.UPF
ATOMIC_POSITIONS bohr
 O -5.264352 -1.260280 -1.582400
 O 3.302810 -2.470072 5.792729
 O -5.463022 6.089723 -5.397341
 O 0.598167 3.666725 -0.984220
 O -4.964692 1.042042 3.701821
 O -0.057702 6.193930 5.947985
 O -0.684888 -5.380814 -2.688538
 O 2.456949 0.697935 4.414313
 O -2.869207 -5.757134 5.839362
 O 2.642247 -2.494133 2.960838
 O 2.547732 -6.471173 2.998673
 O -3.767357 -3.653734 4.502690
 O -4.632890 -6.304002 0.595501
 O -3.472048 -5.235087 -3.731278
 O 2.797777 -3.271065 -2.229497
 O -1.965744 2.343761 -0.603455
 O -1.372376 -2.820692 2.625422
 O 0.393720 -4.472775 3.556039
 O 4.787146 -4.541715 -4.775140
 O 5.035312 5.050651 2.232179
 O 5.114077 -3.495953 3.521571
 O -2.906787 -2.639453 -3.787231
 O -1.192768 2.910466 -4.585107
 O 4.159468 2.116289 2.627043
 O 2.856568 1.343659 -3.850201
 O -4.150897 2.618320 -5.963268
 O 4.998490 -5.720478 -0.821401
 O 1.661183 -0.295631 -5.483055
 O -1.733629 0.146398 -5.178837
 O 1.234711 -0.712057 1.211688
 O 5.433709 -1.768992 -3.655269
 O 4.774914 -0.215258 -0.403505
 O 0.276560 4.412889 3.764558
 O -4.730766 0.588906 -4.057837
 O 0.947742 -3.830966 -0.268640
 O 4.509950 4.253701 -5.555430
 O 2.355202 5.966564 5.466915
 O -5.647764 5.060422 -1.742280
 O -0.283674 1.182221 -2.301167
 O -3.689933 -3.934304 -0.909703
 O -3.028879 5.617296 2.977557
 O -2.016027 3.058218 4.665835
 O -2.080478 -1.450258 -0.618854
 O -1.390542 -1.496179 5.293736
 O 0.466771 1.997946 5.673189
 O -4.705153 3.317164 1.287030
 O 3.198881 4.246321 -1.445019
 O 2.430690 -5.739775 -4.017095
 O -2.914589 4.354598 -3.018812
 O 4.409504 0.659049 6.349689
 O -2.338349 0.485570 2.054086
 O -0.080772 -1.956180 -3.349502
 O 0.044800 -3.443379 -5.678690
 O 6.172080 -5.961510 4.421761
 O 3.881949 -3.338662 0.336743
 O 5.303105 -0.732757 2.703638
 O 1.728084 3.866712 -4.359196
 O -1.475566 -6.129154 -0.300371
 O -5.214012 -1.774445 -5.987321
 O -4.619267 1.142864 -1.023521
 O 4.932710 2.685688 -3.032358
 O 2.202061 -0.483395 -1.320264
 O -4.852100 -2.304142 0.914858
 O 1.856309 2.618938 1.253264
 H -4.589014 -1.653284 -2.185235
 H -4.987932 -0.328016 -1.354892
 H 4.268581 -2.303192 5.674721
 H 2.953942 -2.413937 4.863312
 H -6.111290 5.391920 -5.638662
 H -5.533998 6.251874 -4.442398
 H 0.755428 3.294658 -1.887991
 H 1.391669 4.258471 -0.950562
 H -5.184522 0.156432 3.338939
 H -5.171808 0.959463 4.654178
 H -0.178818 6.774724 5.152461
 H 0.951483 6.088603 5.946061
 H -1.465093 -5.469187 -2.107213
 H -0.379923 -6.275783 -2.940519
 H 2.751718 1.250367 3.662377
 H 1.805580 1.211820 4.942649
 H -3.389700 -5.588417 6.682075
 H -1.963194 -5.862763 6.193916
 H 2.506536 -1.639773 2.456341
 H 3.146792 -3.087280 2.355786
 H 3.211083 -6.689523 2.308652
 H 1.680024 -6.513643 2.559728
 H -3.219987 -4.351087 4.979434
 H -4.567625 -3.659335 5.063632
 H -4.677817 -7.280197 0.728910
 H -4.594427 -6.134453 -0.367318
 H -3.593890 -4.250168 -3.694574
 H -2.652750 -5.353418 -3.218031
 H 2.500520 -2.337188 -2.317155
 H 2.415806 -3.513515 -1.347532
 H -2.522577 2.833366 -1.269117
 H -1.784608 2.993168 0.128881
 H -1.215858 -3.426168 1.856207
 H -1.163682 -1.934824 2.273659
 H 1.324786 -4.194897 3.651829
 H -0.160539 -3.651024 3.567396
 H 5.145887 -5.083732 -5.510104
 H 5.070207 -3.655384 -5.099979
 H 5.656405 5.417790 2.893032
 H 5.497197 4.465308 1.602087
 H 5.464309 -2.747136 2.976280
 H 4.205468 -3.134298 3.622047
 H -1.998064 -2.598319 -3.385058
 H -2.941472 -2.040095 -4.552293
 H -0.255867 2.825715 -4.360492
 H -1.444279 2.020731 -4.916892
 H 4.709865 2.728000 3.146280
 H 3.489004 2.709118 2.198889
 H 2.249228 0.768145 -4.417735
 H 2.361454 2.204756 -3.910651
 H -4.274736 2.240206 -5.070848
 H -3.333867 2.300040 -6.405361
 H 5.567312 -5.990063 -0.063666
 H 5.486937 -6.086451 -1.600154
 H 2.243975 -0.917164 -5.986269
 H 0.875999 -0.145621 -6.022951
 H -1.456276 -0.159770 -6.074705
 H -2.637777 -0.205412 -5.111634
 H 1.197302 0.239484 1.420623
 H 1.650719 -0.681754 0.319255
 H 4.804507 -2.276511 -3.079820
 H 6.192126 -1.723556 -3.017784
 H 4.937370 0.600699 -0.910696
 H 5.496263 -0.817186 -0.733522
 H -0.027033 4.952484 4.542604
 H -0.589145 4.448632 3.304029
 H -3.828594 0.898008 -3.837709
 H -5.321845 0.919289 -3.343842
 H 0.489576 -4.275976 -1.013087
 H 0.762537 -2.887709 -0.426617
 H 3.824034 4.942785 -5.553300
 H 4.321676 3.847395 -6.419914
 H 2.330213 5.564824 4.537175
 H 2.522080 6.920948 5.341677
 H -5.806304 4.236692 -2.244589
 H -4.948732 5.421963 -2.348217
 H -0.594007 1.021538 -1.373826
 H -0.217846 0.310463 -2.724530
 H -3.126906 -4.721126 -0.694250
 H -4.358489 -3.691897 -0.223247
 H -3.973641 5.860192 2.858021
 H -2.871707 5.932143 3.906195
 H -2.893179 3.277599 4.287448
 H -2.000553 3.583654 5.499700
 H -2.589102 -2.200207 -1.005124
 H -2.035612 -1.705122 0.320379
 H -2.171861 -1.949903 4.897691
 H -0.835722 -2.259463 5.603016
 H -0.332827 1.584969 5.231526
 H 0.530392 2.828759 5.106649
 H -5.071047 2.889887 2.092737
 H -3.836542 2.839992 1.211469
 H 3.755131 4.919445 -0.987083
 H 3.804757 3.630660 -1.944567
 H 2.855524 -5.475058 -4.859820
 H 2.662973 -5.021604 -3.375478
 H -2.809643 3.483792 -3.444039
 H -2.150972 4.452181 -2.401184
 H 4.046015 0.887977 7.244795
 H 3.648859 0.651276 5.742140
 H -1.487033 0.892204 2.313693
 H -2.648983 0.260061 2.952866
 H -0.484406 -1.131303 -3.696283
 H 0.082888 -2.450522 -4.192527
 H -0.635485 -4.122466 -5.868433
 H 0.869561 -3.966289 -5.573480
 H 6.608121 -5.790382 5.288925
 H 6.171227 -5.086433 3.972528
 H 4.747207 -3.726761 0.560763
 H 3.903397 -3.390893 -0.645683
 H 4.916200 -0.320425 1.896321
 H 4.607968 -0.800577 3.382798
 H 1.723790 3.945495 -5.326954
 H 2.137515 4.737073 -4.176998
 H -0.510993 -6.263689 -0.228079
 H -1.713979 -5.797044 0.591944
 H -5.890092 -1.843771 -5.256185
 H -4.958844 -2.712128 -6.110849
 H -3.798020 1.143066 -0.474812
 H -5.217747 1.790733 -0.606351
 H 5.070744 3.331190 -3.760697
 H 4.064889 2.313962 -3.315315
 H 3.145908 -0.419981 -0.987503
 H 2.172961 0.179419 -2.068665
 H -5.425562 -1.558331 1.179272
 H -4.944195 -2.930674 1.676763
 H 1.099698 2.776739 1.856732
 H 1.501492 2.855194 0.345782
K_POINTS
 1
0.0 0.0 0.0 1.0