
&control
    calculation='scf'
    pseudo_dir = './',
    outdir='./outputs',
    disk_io='high'
/
&system
    ibrav= 1, celldm(1)=20.000000, nat=  192, ntyp= 2,
    ecutwfc = 30.0, nosym=.true., occupations='smearing',
    smearing='m-v', degauss=0.025
/
&electrons
    conv_thr =  1.0d-8,
    mixing_beta = 0.7
/
&ions
    pot_extrapolation='second-order'
    wfc_extrapolation='second-order'
    ion_temperature = 'andersen'
    tempw = 1000

/
ATOMIC_SPECIES
 H  1.01  H.blyp-hgh.UPF
 O  16.0  O.blyp-hgh.UPF
ATOMIC_POSITIONS bohr
 O -5.264931 -1.259893 -1.579182
 O 3.297574 -2.472486 5.794089
 O -5.460401 6.092964 -5.398978
 O 0.605293 3.663858 -0.982031
 O -4.969225 1.042203 3.700161
 O -0.054288 6.195521 5.953421
 O -0.687743 -5.380259 -2.685043
 O 2.458987 0.700394 4.416861
 O -2.872854 -5.762146 5.840278
 O 2.642927 -2.494243 2.966989
 O 2.544994 -6.469703 2.999996
 O -3.762740 -3.655093 4.501367
 O -4.634141 -6.309845 0.599137
 O -3.475392 -5.232981 -3.726965
 O 2.797239 -3.272498 -2.227753
 O -1.962021 2.341260 -0.607125
 O -1.370060 -2.825138 2.624383
 O 0.395959 -4.471150 3.554127
 O 4.787633 -4.539873 -4.775622
 O 5.037938 5.047906 2.230404
 O 5.108839 -3.498140 3.520876
 O -2.904326 -2.641390 -3.783840
 O -1.192912 2.911887 -4.582757
 O 4.158877 2.113685 2.623321
 O 2.859246 1.339496 -3.852349
 O -4.151941 2.619569 -5.958373
 O 5.002211 -5.720676 -0.819762
 O 1.658682 -0.292804 -5.484742
 O -1.733098 0.151021 -5.178308
 O 1.233945 -0.713498 1.213853
 O 5.438895 -1.768558 -3.658976
 O 4.771341 -0.215068 -0.408313
 O 0.277344 4.407529 3.770627
 O -4.729971 0.590999 -4.054866
 O 0.944155 -3.830045 -0.270184
 O 4.513228 4.251232 -5.561019
 O 2.351178 5.970436 5.464390
 O -5.645408 5.060128 -1.745092
 O -0.283509 1.185701 -2.301266
 O -3.691973 -3.932742 -0.909906
 O -3.029593 5.618516 2.975485
 O -2.012963 3.059630 4.662425
 O -2.076510 -1.453972 -0.616527
 O -1.388720 -1.499406 5.295582
 O 0.460822 2.001611 5.674465
 O -4.708154 3.317598 1.286702
 O 3.198481 4.247031 -1.446824
 O 2.423245 -5.741158 -4.016570
 O -2.918371 4.355109 -3.019528
 O 4.409629 0.660104 6.355176
 O -2.332426 0.484220 2.053609
 O -0.078120 -1.955352 -3.354143
 O 0.044819 -3.444875 -5.679268
 O 6.174291 -5.963313 4.419725
 O 3.875792 -3.334498 0.340971
 O 5.310165 -0.728699 2.707223
 O 1.727315 3.867156 -4.360533
 O -1.476320 -6.132486 -0.302165
 O -5.216127 -1.773134 -5.986462
 O -4.617537 1.143728 -1.026798
 O 4.934596 2.695786 -3.035578
 O 2.199776 -0.485902 -1.323792
 O -4.851869 -2.314199 0.914534
 O 1.857455 2.622295 1.253887
 H -4.602764 -1.651601 -2.198830
 H -4.986875 -0.331539 -1.343811
 H 4.265524 -2.310291 5.691913
 H 2.965564 -2.418601 4.858184
 H -6.106919 5.391804 -5.636991
 H -5.531193 6.254378 -4.443934
 H 0.758188 3.293309 -1.889272
 H 1.402660 4.255027 -0.955790
 H -5.176659 0.160717 3.324540
 H -5.173549 0.957093 4.655833
 H -0.178316 6.767696 5.154762
 H 0.954345 6.087622 5.947625
 H -1.466553 -5.476565 -2.102906
 H -0.370734 -6.273106 -2.927546
 H 2.758792 1.251087 3.662819
 H 1.812227 1.221170 4.943570
 H -3.392895 -5.576182 6.678454
 H -1.967453 -5.864280 6.196740
 H 2.502531 -1.649084 2.445331
 H 3.150695 -3.094837 2.372487
 H 3.201726 -6.699062 2.306715
 H 1.674392 -6.509820 2.567509
 H -3.203762 -4.350511 4.971279
 H -4.568553 -3.668300 5.052728
 H -4.682207 -7.289576 0.720966
 H -4.603112 -6.143393 -0.365151
 H -3.588686 -4.245606 -3.696450
 H -2.647478 -5.346861 -3.225395
 H 2.489596 -2.338641 -2.309597
 H 2.423154 -3.509566 -1.339319
 H -2.535379 2.827290 -1.262791
 H -1.789216 3.010577 0.109968
 H -1.225560 -3.430391 1.862035
 H -1.170873 -1.934702 2.270864
 H 1.327307 -4.190883 3.639158
 H -0.157812 -3.648714 3.555798
 H 5.150915 -5.085203 -5.506126
 H 5.055603 -3.647863 -5.098450
 H 5.652324 5.432558 2.885996
 H 5.514755 4.461341 1.617360
 H 5.468245 -2.745844 2.985523
 H 4.203517 -3.131832 3.624318
 H -1.990134 -2.594778 -3.391327
 H -2.948676 -2.038323 -4.545249
 H -0.257357 2.825176 -4.353683
 H -1.446132 2.016754 -4.907642
 H 4.713764 2.721572 3.141582
 H 3.483437 2.710602 2.208810
 H 2.243681 0.762771 -4.410141
 H 2.357452 2.196600 -3.913138
 H -4.290702 2.237989 -5.070445
 H -3.334433 2.297427 -6.395064
 H 5.576100 -5.993095 -0.068294
 H 5.475943 -6.097860 -1.601909
 H 2.238524 -0.910328 -5.998714
 H 0.872712 -0.141161 -6.023078
 H -1.454660 -0.163705 -6.073118
 H -2.637951 -0.198859 -5.112043
 H 1.189646 0.236509 1.428519
 H 1.644076 -0.681234 0.318900
 H 4.814757 -2.287088 -3.086232
 H 6.200652 -1.730936 -3.027858
 H 4.943369 0.603551 -0.914621
 H 5.496435 -0.819848 -0.736444
 H -0.023734 4.952486 4.547717
 H -0.591730 4.441645 3.309715
 H -3.824976 0.891647 -3.834282
 H -5.327366 0.923213 -3.348263
 H 0.490384 -4.274549 -1.018217
 H 0.761107 -2.885282 -0.424394
 H 3.826673 4.938088 -5.548767
 H 4.323162 3.853366 -6.427950
 H 2.339596 5.569735 4.532818
 H 2.524458 6.923902 5.346554
 H -5.807413 4.240269 -2.254377
 H -4.952869 5.436270 -2.352161
 H -0.589842 1.006676 -1.377246
 H -0.230424 0.320849 -2.737387
 H -3.145881 -4.736820 -0.711000
 H -4.355022 -3.684832 -0.213809
 H -3.975740 5.869055 2.869037
 H -2.863293 5.922590 3.907326
 H -2.888432 3.291436 4.285018
 H -2.000216 3.577198 5.501558
 H -2.585648 -2.198339 -1.013296
 H -2.037107 -1.709785 0.322682
 H -2.175009 -1.941768 4.894685
 H -0.840084 -2.272291 5.589910
 H -0.329425 1.595301 5.213085
 H 0.510785 2.845736 5.124214
 H -5.078308 2.887085 2.090099
 H -3.832461 2.847010 1.230033
 H 3.757294 4.914218 -0.981308
 H 3.799988 3.641650 -1.964750
 H 2.845054 -5.485830 -4.862824
 H 2.661207 -5.016592 -3.384967
 H -2.816636 3.490968 -3.452667
 H -2.144653 4.458439 -2.414871
 H 4.040264 0.900881 7.243972
 H 3.649048 0.644472 5.743789
 H -1.483553 0.911523 2.306638
 H -2.654485 0.275588 2.954583
 H -0.471652 -1.120393 -3.686860
 H 0.085918 -2.435253 -4.205489
 H -0.631946 -4.120731 -5.884305
 H 0.868598 -3.966794 -5.574317
 H 6.612966 -5.798686 5.286268
 H 6.174265 -5.084521 3.979494
 H 4.737343 -3.730568 0.565960
 H 3.898849 -3.395660 -0.640560
 H 4.915082 -0.333910 1.893531
 H 4.620166 -0.802888 3.392233
 H 1.724604 3.946014 -5.327860
 H 2.145365 4.729736 -4.177722
 H -0.511782 -6.264324 -0.229603
 H -1.714343 -5.806267 0.591661
 H -5.887673 -1.850127 -5.251921
 H -4.950498 -2.708061 -6.109469
 H -3.796945 1.148468 -0.477703
 H -5.213081 1.794099 -0.607214
 H 5.074741 3.333482 -3.769847
 H 4.068575 2.316553 -3.323478
 H 3.140390 -0.419231 -0.991494
 H 2.157009 0.189120 -2.059444
 H -5.416936 -1.561037 1.178290
 H -4.934203 -2.925960 1.689414
 H 1.100152 2.773474 1.858002
 H 1.494637 2.856074 0.345839
K_POINTS
 1
0.0 0.0 0.0 1.0