
&control
    calculation='scf'
    pseudo_dir = './',
    outdir='./outputs',
    disk_io='high'
/
&system
    ibrav= 1, celldm(1)=20.000000, nat=  192, ntyp= 2,
    ecutwfc = 30.0, nosym=.true., occupations='smearing',
    smearing='m-v', degauss=0.025
/
&electrons
    conv_thr =  1.0d-8,
    mixing_beta = 0.7
/
&ions
    pot_extrapolation='second-order'
    wfc_extrapolation='second-order'
    ion_temperature = 'andersen'
    tempw = 1000

/
ATOMIC_SPECIES
 H  1.01  H.blyp-hgh.UPF
 O  16.0  O.blyp-hgh.UPF
ATOMIC_POSITIONS bohr
 O -5.266149 -1.259455 -1.572979
 O 3.287106 -2.477272 5.796587
 O -5.455249 6.099380 -5.402471
 O 0.619776 3.658342 -0.977915
 O -4.978080 1.042514 3.696881
 O -0.047964 6.198765 5.964142
 O -0.693347 -5.378982 -2.678268
 O 2.463101 0.705104 4.421782
 O -2.880126 -5.771990 5.842374
 O 2.644384 -2.494389 2.979337
 O 2.539495 -6.466709 3.002301
 O -3.753385 -3.657779 4.498876
 O -4.636649 -6.321490 0.606469
 O -3.482361 -5.228694 -3.718383
 O 2.796292 -3.275274 -2.224230
 O -1.954983 2.336706 -0.614150
 O -1.365519 -2.833956 2.622111
 O 0.400433 -4.468160 3.550622
 O 4.788743 -4.536038 -4.776946
 O 5.042972 5.042319 2.226730
 O 5.098596 -3.502292 3.519303
 O -2.899442 -2.645190 -3.776851
 O -1.193529 2.914698 -4.578238
 O 4.157539 2.108635 2.615824
 O 2.864013 1.331311 -3.856485
 O -4.154126 2.622371 -5.948814
 O 5.009534 -5.721089 -0.816447
 O 1.653656 -0.287413 -5.488044
 O -1.732015 0.160521 -5.177087
 O 1.232466 -0.716385 1.218427
 O 5.449140 -1.768003 -3.666165
 O 4.764479 -0.214714 -0.417991
 O 0.278580 4.396970 3.782751
 O -4.728299 0.595298 -4.048958
 O 0.936906 -3.828308 -0.273310
 O 4.519875 4.246369 -5.572250
 O 2.343414 5.978012 5.459711
 O -5.640346 5.059436 -1.751449
 O -0.283127 1.192636 -2.301339
 O -3.695886 -3.929759 -0.910497
 O -3.031074 5.621069 2.971714
 O -2.007076 3.062489 4.655717
 O -2.068523 -1.461457 -0.611968
 O -1.385134 -1.506191 5.299053
 O 0.448645 2.009172 5.676377
 O -4.713898 3.318086 1.286140
 O 3.197750 4.248507 -1.450321
 O 2.408204 -5.743978 -4.015603
 O -2.926056 4.356337 -3.020450
 O 4.410140 0.662255 6.366368
 O -2.320279 0.481590 2.052944
 O -0.073007 -1.953634 -3.363486
 O 0.044889 -3.447824 -5.680517
 O 6.178799 -5.966810 4.415561
 O 3.863715 -3.326062 0.349554
 O 5.324448 -0.720763 2.714187
 O 1.725751 3.868014 -4.363332
 O -1.477890 -6.139159 -0.305422
 O -5.220497 -1.770787 -5.984600
 O -4.613993 1.145701 -1.033222
 O 4.938435 2.716282 -3.041969
 O 2.195398 -0.490775 -1.331090
 O -4.851534 -2.334594 0.914401
 O 1.859476 2.628984 1.255113
 H -4.630165 -1.647084 -2.223836
 H -4.983666 -0.338965 -1.322661
 H 4.257821 -2.323979 5.726930
 H 2.988904 -2.427628 4.848889
 H -6.098091 5.390845 -5.632325
 H -5.525445 6.259698 -4.446848
 H 0.761920 3.289719 -1.889648
 H 1.424836 4.247454 -0.966428
 H -5.162302 0.170207 3.296349
 H -5.177281 0.952663 4.658573
 H -0.176258 6.754011 5.159024
 H 0.959449 6.085358 5.950896
 H -1.467457 -5.492736 -2.092592
 H -0.352992 -6.267285 -2.901516
 H 2.774231 1.252917 3.664100
 H 1.824621 1.240421 4.945125
 H -3.398683 -5.553567 6.670196
 H -1.975083 -5.868612 6.202456
 H 2.493084 -1.669900 2.423630
 H 3.156515 -3.108843 2.403766
 H 3.184290 -6.718622 2.303916
 H 1.662588 -6.502228 2.583427
 H -3.172678 -4.349061 4.953751
 H -4.570438 -3.686160 5.029406
 H -4.690559 -7.307360 0.704315
 H -4.620991 -6.162352 -0.359386
 H -3.577623 -4.237161 -3.700143
 H -2.636816 -5.334411 -3.241972
 H 2.467613 -2.341810 -2.294889
 H 2.436409 -3.502696 -1.324116
 H -2.559016 2.814045 -1.248672
 H -1.798412 3.043632 0.069272
 H -1.244792 -3.437984 1.874329
 H -1.184839 -1.934657 2.265655
 H 1.331580 -4.181933 3.612807
 H -0.151603 -3.644197 3.531226
 H 5.161250 -5.088816 -5.497199
 H 5.025257 -3.633208 -5.093273
 H 5.645044 5.462143 2.872644
 H 5.550569 4.454090 1.648308
 H 5.476819 -2.743912 3.004676
 H 4.199628 -3.128051 3.629935
 H -1.974612 -2.586846 -3.405309
 H -2.962659 -2.035095 -4.531061
 H -0.259468 2.824271 -4.339663
 H -1.448939 2.008864 -4.888384
 H 4.721874 2.708544 3.132560
 H 3.472904 2.712276 2.227962
 H 2.234475 0.750672 -4.395163
 H 2.350156 2.180592 -3.918190
 H -4.322353 2.231759 -5.071092
 H -3.336399 2.291366 -6.372405
 H 5.593474 -5.998970 -0.078301
 H 5.453638 -6.120415 -1.603598
 H 2.227850 -0.896609 -6.022617
 H 0.865815 -0.131950 -6.023825
 H -1.452305 -0.173498 -6.069698
 H -2.638955 -0.185529 -5.113202
 H 1.174655 0.230914 1.444567
 H 1.630192 -0.679946 0.316648
 H 4.835257 -2.307678 -3.101507
 H 6.217206 -1.743813 -3.048285
 H 4.955127 0.609151 -0.921975
 H 5.495041 -0.824747 -0.742141
 H -0.015251 4.952388 4.558924
 H -0.596026 4.425893 3.320553
 H -3.818937 0.878601 -3.825460
 H -5.337091 0.930718 -3.357603
 H 0.491736 -4.271178 -1.028837
 H 0.757328 -2.880013 -0.419674
 H 3.831619 4.930159 -5.539097
 H 4.327438 3.863619 -6.444271
 H 2.359721 5.582106 4.523697
 H 2.530355 6.929128 5.355061
 H -5.810762 4.246538 -2.272605
 H -4.960967 5.464852 -2.358311
 H -0.581334 0.977296 -1.386428
 H -0.255288 0.341364 -2.762218
 H -3.186614 -4.765399 -0.742991
 H -4.345731 -3.671657 -0.195798
 H -3.978422 5.886612 2.890289
 H -2.846974 5.902850 3.907964
 H -2.878305 3.319130 4.279774
 H -1.998891 3.563879 5.504912
 H -2.578745 -2.194496 -1.028715
 H -2.040828 -1.718339 0.327017
 H -2.181087 -1.924809 4.888569
 H -0.848257 -2.296134 5.563957
 H -0.320672 1.617416 5.178288
 H 0.471279 2.877768 5.160787
 H -5.093054 2.881551 2.084748
 H -3.826349 2.862689 1.266899
 H 3.761804 4.903512 -0.971253
 H 3.790717 3.665375 -2.003821
 H 2.824866 -5.506493 -4.866868
 H 2.657811 -5.006992 -3.404746
 H -2.828014 3.505426 -3.471199
 H -2.133257 4.469953 -2.444232
 H 4.029567 0.926168 7.240147
 H 3.648916 0.631263 5.746173
 H -1.477405 0.949677 2.290855
 H -2.667267 0.306698 2.957468
 H -0.445974 -1.099263 -3.668356
 H 0.092053 -2.404997 -4.230613
 H -0.624149 -4.117907 -5.914632
 H 0.866033 -3.967416 -5.575960
 H 6.622917 -5.816342 5.280465
 H 6.178947 -5.080731 3.993616
 H 4.717388 -3.738538 0.576527
 H 3.889740 -3.405099 -0.629952
 H 4.912455 -0.360968 1.889553
 H 4.644318 -0.805931 3.410347
 H 1.724999 3.945174 -5.330697
 H 2.161350 4.717340 -4.175560
 H -0.513453 -6.265664 -0.233391
 H -1.715987 -5.825690 0.591003
 H -5.882090 -1.861170 -5.243908
 H -4.933440 -2.698502 -6.106277
 H -3.794772 1.159309 -0.484172
 H -5.203321 1.800943 -0.608420
 H 5.083040 3.337764 -3.788575
 H 4.077243 2.318994 -3.339977
 H 3.129173 -0.418117 -1.000169
 H 2.124783 0.207041 -2.038970
 H -5.399681 -1.566851 1.175630
 H -4.913350 -2.915010 1.713770
 H 1.102064 2.767446 1.860076
 H 1.481183 2.857500 0.347150
K_POINTS
 1
0.0 0.0 0.0 1.0