
&control
    calculation='scf'
    pseudo_dir = './',
    outdir='./outputs',
    disk_io='high'
/
&system
    ibrav= 1, celldm(1)=20.000000, nat=  192, ntyp= 2,
    ecutwfc = 30.0, nosym=.true., occupations='smearing',
    smearing='m-v', degauss=0.025
/
&electrons
    conv_thr =  1.0d-8,
    mixing_beta = 0.7
/
&ions
    pot_extrapolation='second-order'
    wfc_extrapolation='second-order'
    ion_temperature = 'andersen'
    tempw = 1000

/
ATOMIC_SPECIES
 H  1.01  H.blyp-hgh.UPF
 O  16.0  O.blyp-hgh.UPF
ATOMIC_POSITIONS bohr
 O -5.268948 -1.260139 -1.561464
 O 3.266170 -2.486706 5.800724
 O -5.445499 6.111826 -5.410232
 O 0.649855 3.648338 -0.970850
 O -4.994816 1.043531 3.690791
 O -0.037504 6.205303 5.985171
 O -0.704248 -5.375791 -2.665544
 O 2.471472 0.714003 4.430741
 O -2.894290 -5.790943 5.847381
 O 2.647615 -2.494325 3.003983
 O 2.528644 -6.460561 3.005438
 O -3.733903 -3.662911 4.494216
 O -4.641735 -6.345073 0.621169
 O -3.497195 -5.219679 -3.701324
 O 2.794607 -3.280041 -2.216776
 O -1.942803 2.329837 -0.626976
 O -1.356934 -2.850016 2.617810
 O 0.409402 -4.463165 3.544859
 O 4.791280 -4.527893 -4.780740
 O 5.052200 5.031014 2.219232
 O 5.079318 -3.509800 3.515459
 O -2.889629 -2.652368 -3.762073
 O -1.195988 2.919801 -4.569954
 O 4.154243 2.099171 2.600729
 O 2.871103 1.315617 -3.864052
 O -4.159017 2.629342 -5.930607
 O 5.023499 -5.721922 -0.809764
 O 1.643464 -0.277864 -5.494632
 O -1.729808 0.180322 -5.174360
 O 1.229735 -0.722209 1.228448
 O 5.469013 -1.768232 -3.679895
 O 4.752303 -0.213894 -0.437929
 O 0.279429 4.376604 3.806929
 O -4.724552 0.604155 -4.037658
 O 0.922092 -3.825148 -0.279714
 O 4.533539 4.237010 -5.594803
 O 2.329251 5.992371 5.451809
 O -5.628944 5.057729 -1.767112
 O -0.282024 1.206319 -2.301201
 O -3.703324 -3.924301 -0.912106
 O -3.034377 5.626622 2.965731
 O -1.996519 3.068463 4.642729
 O -2.052266 -1.476534 -0.603348
 O -1.378438 -1.520998 5.305001
 O 0.423380 2.025570 5.677696
 O -4.724279 3.317317 1.285647
 O 3.196627 4.251788 -1.456910
 O 2.377508 -5.749831 -4.013879
 O -2.942037 4.359856 -3.020216
 O 4.411874 0.666615 6.388929
 O -2.294514 0.476935 2.053128
 O -0.063535 -1.949936 -3.382469
 O 0.045054 -3.453235 -5.683431
 O 6.188140 -5.973421 4.406847
 O 3.840574 -3.308885 0.367226
 O 5.353534 -0.705665 2.727224
 O 1.722510 3.869430 -4.369428
 O -1.481266 -6.152681 -0.310700
 O -5.229674 -1.767103 -5.980382
 O -4.606700 1.150784 -1.045410
 O 4.945943 2.758191 -3.054775
 O 2.186762 -0.500150 -1.346483
 O -4.851396 -2.376249 0.916338
 O 1.862363 2.642263 1.257240
 H -4.683547 -1.632546 -2.263737
 H -4.972106 -0.354276 -1.285411
 H 4.237102 -2.348914 5.799121
 H 3.034757 -2.444081 4.834436
 H -6.079594 5.386501 -5.618170
 H -5.512770 6.271900 -4.452264
 H 0.761890 3.278870 -1.881057
 H 1.468512 4.228414 -0.987936
 H -5.140179 0.190899 3.243764
 H -5.185447 0.943693 4.657780
 H -0.168225 6.729567 5.164870
 H 0.967669 6.079949 5.957760
 H -1.461456 -5.529837 -2.064939
 H -0.319327 -6.254138 -2.849883
 H 2.809554 1.256377 3.670314
 H 1.846212 1.280744 4.946677
 H -3.408651 -5.516093 6.651300
 H -1.987454 -5.882600 6.214317
 H 2.468597 -1.720078 2.382971
 H 3.160208 -3.132878 2.457395
 H 3.153659 -6.759228 2.303074
 H 1.636617 -6.487350 2.616477
 H -3.119494 -4.344222 4.914658
 H -4.574040 -3.722879 4.978729
 H -4.705397 -7.336987 0.670306
 H -4.658634 -6.202591 -0.342937
 H -3.553895 -4.223555 -3.707153
 H -2.615371 -5.312978 -3.282650
 H 2.425035 -2.351537 -2.268293
 H 2.457428 -3.494200 -1.300407
 H -2.598902 2.781590 -1.218253
 H -1.814193 3.101498 -0.019969
 H -1.281338 -3.455773 1.892581
 H -1.211636 -1.939137 2.257561
 H 1.337342 -4.160634 3.556457
 H -0.136534 -3.635942 3.476870
 H 5.183584 -5.096449 -5.476008
 H 4.961295 -3.606955 -5.076165
 H 5.632797 5.521161 2.848826
 H 5.625384 4.440590 1.709211
 H 5.495757 -2.742945 3.045428
 H 4.191781 -3.124139 3.645514
 H -1.945802 -2.568256 -3.438620
 H -2.989301 -2.029795 -4.502743
 H -0.261505 2.823548 -4.310402
 H -1.450251 1.996202 -4.846571
 H 4.739433 2.681733 3.116219
 H 3.454279 2.710724 2.262516
 H 2.224802 0.720513 -4.366627
 H 2.339068 2.150771 -3.928249
 H -4.384217 2.211317 -5.077279
 H -3.342569 2.275118 -6.319867
 H 5.628243 -6.010400 -0.099559
 H 5.408658 -6.164056 -1.600482
 H 2.207074 -0.868361 -6.064814
 H 0.850799 -0.111887 -6.026593
 H -1.451008 -0.199481 -6.059679
 H -2.643192 -0.157912 -5.116553
 H 1.146598 0.220199 1.476963
 H 1.600050 -0.675657 0.307101
 H 4.875830 -2.346183 -3.140945
 H 6.248649 -1.761991 -3.088983
 H 4.976434 0.616398 -0.932542
 H 5.483336 -0.831338 -0.752535
 H 0.008982 4.950824 4.583248
 H -0.598385 4.387595 3.342472
 H -3.812207 0.852206 -3.798963
 H -5.351466 0.945238 -3.376105
 H 0.493514 -4.261465 -1.051014
 H 0.746001 -2.869560 -0.409375
 H 3.840440 4.919641 -5.517770
 H 4.340790 3.877637 -6.478377
 H 2.404300 5.616943 4.504211
 H 2.546568 6.937886 5.367240
 H -5.820376 4.257032 -2.303455
 H -4.977420 5.519901 -2.363450
 H -0.564511 0.920684 -1.410890
 H -0.303776 0.381257 -2.810091
 H -3.278423 -4.810525 -0.800540
 H -4.316418 -3.650453 -0.166349
 H -3.976742 5.920432 2.929293
 H -2.816438 5.861261 3.902652
 H -2.854878 3.373669 4.267850
 H -1.993084 3.535537 5.510557
 H -2.564706 -2.186661 -1.054681
 H -2.051612 -1.733273 0.334144
 H -2.191434 -1.887936 4.876529
 H -0.861613 -2.336520 5.513842
 H -0.298395 1.663745 5.116390
 H 0.393394 2.933876 5.239765
 H -5.123735 2.871540 2.072788
 H -3.822539 2.900985 1.338418
 H 3.770963 4.880640 -0.957560
 H 3.773496 3.719424 -2.075798
 H 2.787943 -5.544282 -4.869399
 H 2.651396 -4.989369 -3.445973
 H -2.839950 3.532992 -3.514042
 H -2.115166 4.488338 -2.510491
 H 4.010436 0.974704 7.226561
 H 3.650268 0.606942 5.749709
 H -1.474164 1.020133 2.253099
 H -2.696466 0.370469 2.958027
 H -0.393928 -1.060466 -3.632824
 H 0.104352 -2.345963 -4.277161
 H -0.606823 -4.116105 -5.969663
 H 0.860421 -3.968439 -5.578865
 H 6.644098 -5.855732 5.267886
 H 6.182446 -5.072646 4.021797
 H 4.676599 -3.755690 0.598960
 H 3.871629 -3.423119 -0.607758
 H 4.905997 -0.415703 1.889676
 H 4.691966 -0.805411 3.442082
 H 1.721007 3.936658 -5.339959
 H 2.194249 4.702169 -4.157310
 H -0.516512 -6.268726 -0.243889
 H -1.723653 -5.867575 0.590150
 H -5.869013 -1.876526 -5.229460
 H -4.897452 -2.674840 -6.098838
 H -3.789136 1.180508 -0.499511
 H -5.182233 1.814405 -0.609637
 H 5.100902 3.345348 -3.827950
 H 4.102378 2.314405 -3.372057
 H 3.109820 -0.416669 -1.019464
 H 2.059881 0.237421 -1.991344
 H -5.364924 -1.580381 1.166632
 H -4.868191 -2.888504 1.758663
 H 1.109055 2.757529 1.863591
 H 1.456591 2.858873 0.355388
K_POINTS
 1
0.0 0.0 0.0 1.0