
&control
    calculation='scf'
    pseudo_dir = './',
    outdir='./outputs',
    disk_io='high'
/
&system
    ibrav= 1, celldm(1)=20.000000, nat=  192, ntyp= 2,
    ecutwfc = 30.0, nosym=.true., occupations='smearing',
    smearing='m-v', degauss=0.025
/
&electrons
    conv_thr =  1.0d-8,
    mixing_beta = 0.7
/
&ions
    pot_extrapolation='second-order'
    wfc_extrapolation='second-order'
    ion_temperature = 'andersen'
    tempw = 1000

/
ATOMIC_SPECIES
 H  1.01  H.blyp-hgh.UPF
 O  16.0  O.blyp-hgh.UPF
ATOMIC_POSITIONS bohr
 O -5.270177 -1.260957 -1.557402
 O 3.258291 -2.490211 5.801999
 O -5.442109 6.116321 -5.413348
 O 0.661526 3.645000 -0.968568
 O -5.000720 1.044188 3.688718
 O -0.034381 6.207722 5.992948
 O -0.708273 -5.374416 -2.661037
 O 2.474627 0.717286 4.433774
 O -2.899323 -5.797814 5.849452
 O 2.648898 -2.494183 3.013120
 O 2.524692 -6.458222 3.006073
 O -3.726272 -3.664669 4.492463
 O -4.643682 -6.354140 0.626660
 O -3.502954 -5.216115 -3.694938
 O 2.793951 -3.281434 -2.213767
 O -1.938950 2.328103 -0.631373
 O -1.353918 -2.855144 2.616586
 O 0.412788 -4.461594 3.543107
 O 4.792241 -4.524748 -4.782413
 O 5.055488 5.026807 2.216480
 O 5.072592 -3.512398 3.513802
 O -2.885873 -2.654855 -3.756292
 O -1.197237 2.921430 -4.567084
 O 4.152826 2.095828 2.595087
 O 2.872919 1.309991 -3.866621
 O -4.161097 2.632461 -5.924036
 O 5.028430 -5.722210 -0.807259
 O 1.639542 -0.274749 -5.497195
 O -1.729009 0.187936 -5.173368
 O 1.228805 -0.724409 1.232424
 O 5.476233 -1.768761 -3.684950
 O 4.748329 -0.213467 -0.445669
 O 0.279173 4.369250 3.815988
 O -4.722993 0.607490 -4.033744
 O 0.916421 -3.824021 -0.282171
 O 4.538744 4.233673 -5.603275
 O 2.324499 5.997468 5.449306
 O -5.624305 5.057008 -1.773943
 O -0.281441 1.211320 -2.301178
 O -3.706038 -3.922392 -0.912805
 O -3.035743 5.628829 2.963988
 O -1.993047 3.070817 4.637990
 O -2.046043 -1.482174 -0.600332
 O -1.376162 -1.526910 5.306862
 O 0.413707 2.032253 5.677426
 O -4.727828 3.316397 1.285760
 O 3.196330 4.253146 -1.459274
 O 2.365790 -5.752087 -4.013241
 O -2.948310 4.361504 -3.019479
 O 4.412674 0.668212 6.397163
 O -2.284352 0.475483 2.053820
 O -0.060243 -1.948445 -3.389716
 O 0.045062 -3.455009 -5.684683
 O 6.191748 -5.975783 4.403426
 O 3.832274 -3.302392 0.374018
 O 5.364582 -0.700293 2.731782
 O 1.721309 3.869904 -4.371861
 O -1.482605 -6.157861 -0.312297
 O -5.233210 -1.765994 -5.978686
 O -4.603935 1.153124 -1.049719
 O 4.948572 2.774139 -3.059681
 O 2.183361 -0.503633 -1.352440
 O -4.851531 -2.392062 0.917852
 O 1.863065 2.647194 1.257868
 H -4.702500 -1.625102 -2.275007
 H -4.965891 -0.359958 -1.273514
 H 4.228011 -2.357273 5.826783
 H 3.051240 -2.449541 4.830529
 H -6.072214 5.384201 -5.611420
 H -5.507343 6.277113 -4.454352
 H 0.759310 3.273287 -1.875051
 H 1.484346 4.219681 -0.995921
 H -5.134474 0.198676 3.225813
 H -5.188723 0.939833 4.654466
 H -0.163999 6.721754 5.165877
 H 0.970211 6.077744 5.960399
 H -1.456671 -5.544945 -2.052144
 H -0.307037 -6.248712 -2.830961
 H 2.824087 1.257065 3.674484
 H 1.853578 1.296132 4.946430
 H -3.412203 -5.504703 6.644117
 H -1.991578 -5.889666 6.218862
 H 2.457536 -1.741499 2.369154
 H 3.158929 -3.140743 2.474356
 H 3.143213 -6.774772 2.304551
 H 1.626212 -6.481927 2.629245
 H -3.103552 -4.341809 4.899087
 H -4.575193 -3.737443 4.958998
 H -4.710276 -7.345739 0.658261
 H -4.673325 -6.217644 -0.335780
 H -3.544886 -4.219593 -3.709587
 H -2.607509 -5.306460 -3.300471
 H 2.410169 -2.356986 -2.259715
 H 2.463476 -3.493189 -1.294298
 H -2.611890 2.767002 -1.207684
 H -1.818180 3.120407 -0.054569
 H -1.294201 -3.465121 1.894618
 H -1.221362 -1.943284 2.255439
 H 1.338693 -4.151665 3.534238
 H -0.130189 -3.633316 3.454846
 H 5.192776 -5.098644 -5.467267
 H 4.936765 -3.598494 -5.068205
 H 5.628155 5.542757 2.840438
 H 5.654294 4.435722 1.731306
 H 5.503098 -2.743582 3.061407
 H 4.188847 -3.123561 3.652804
 H -1.935946 -2.560638 -3.452678
 H -2.999009 -2.028231 -4.492248
 H -0.262300 2.823886 -4.299230
 H -1.449178 1.993181 -4.829860
 H 4.746355 2.671332 3.110622
 H 3.448073 2.708704 2.273829
 H 2.224518 0.707087 -4.356598
 H 2.336225 2.140707 -3.931929
 H -4.406841 2.200813 -5.081176
 H -3.345079 2.267297 -6.298230
 H 5.641554 -6.014707 -0.107308
 H 5.391992 -6.179821 -1.597531
 H 2.199426 -0.857400 -6.078264
 H 0.844973 -0.103685 -6.027711
 H -1.451593 -0.210907 -6.054115
 H -2.645259 -0.147112 -5.118005
 H 1.136964 0.215916 1.488946
 H 1.587818 -0.673256 0.302581
 H 4.890538 -2.359824 -3.158144
 H 6.260018 -1.766276 -3.103705
 H 4.983293 0.616932 -0.934590
 H 5.475718 -0.832586 -0.756151
 H 0.020302 4.949472 4.592305
 H -0.596679 4.371131 3.351447
 H -3.811465 0.842581 -3.785664
 H -5.355415 0.950864 -3.382119
 H 0.493886 -4.256534 -1.059470
 H 0.740465 -2.866347 -0.405277
 H 3.843842 4.916873 -5.509421
 H 4.347268 3.880999 -6.491485
 H 2.422021 5.633249 4.496654
 H 2.554058 6.940893 5.370372
 H -5.824386 4.260730 -2.313149
 H -4.983781 5.539188 -2.363155
 H -0.558639 0.900333 -1.420738
 H -0.321540 0.396187 -2.827898
 H -3.315868 -4.823403 -0.819825
 H -4.301870 -3.644508 -0.158144
 H -3.973740 5.932560 2.942566
 H -2.805624 5.845228 3.898837
 H -2.844894 3.393551 4.262934
 H -1.989715 3.524337 5.512476
 H -2.559322 -2.183837 -1.062438
 H -2.056930 -1.738436 0.336265
 H -2.194408 -1.873157 4.872267
 H -0.865367 -2.349273 5.495892
 H -0.289702 1.680443 5.095153
 H 0.365301 2.952302 5.271283
 H -5.135741 2.868328 2.067592
 H -3.823575 2.917607 1.364106
 H 3.774364 4.871632 -0.954582
 H 3.767556 3.741709 -2.100402
 H 2.775475 -5.557291 -4.869478
 H 2.649023 -4.983301 -3.461413
 H -2.840792 3.542955 -3.532048
 H -2.109485 4.493643 -2.537457
 H 4.003537 0.992378 7.220715
 H 3.652608 0.598755 5.751493
 H -1.477405 1.043462 2.237199
 H -2.707404 0.395306 2.955347
 H -0.374106 -1.047434 -3.619988
 H 0.108882 -2.324446 -4.293135
 H -0.600000 -4.117000 -5.988380
 H 0.858959 -3.969220 -5.579717
 H 6.652562 -5.871825 5.263157
 H 6.181654 -5.069277 4.032152
 H 4.660990 -3.762439 0.608050
 H 3.864907 -3.429398 -0.599241
 H 4.903332 -0.436449 1.892911
 H 4.709664 -0.802923 3.452102
 H 1.718064 3.931540 -5.344134
 H 2.206241 4.698919 -4.146410
 H -0.517380 -6.270021 -0.248722
 H -1.728214 -5.884040 0.590298
 H -5.863965 -1.880059 -5.224260
 H -4.883120 -2.665068 -6.095921
 H -3.786117 1.188064 -0.505925
 H -5.173921 1.819205 -0.609952
 H 5.107991 3.347832 -3.843319
 H 4.115231 2.310011 -3.383208
 H 3.104841 -0.416116 -1.027078
 H 2.035601 0.247359 -1.971888
 H -5.351782 -1.586135 1.161687
 H -4.850084 -2.877624 1.774330
 H 1.112267 2.754609 1.865306
 H 1.448505 2.858934 0.360321
K_POINTS
 1
0.0 0.0 0.0 1.0