
&control
    calculation='scf'
    pseudo_dir = './',
    outdir='./outputs',
    disk_io='high'
/
&system
    ibrav= 1, celldm(1)=20.000000, nat=  192, ntyp= 2,
    ecutwfc = 30.0, nosym=.true., occupations='smearing',
    smearing='m-v', degauss=0.025
/
&electrons
    conv_thr =  1.0d-8,
    mixing_beta = 0.7
/
&ions
    pot_extrapolation='second-order'
    wfc_extrapolation='second-order'
    ion_temperature = 'andersen'
    tempw = 1000

/
ATOMIC_SPECIES
 H  1.01  H.blyp-hgh.UPF
 O  16.0  O.blyp-hgh.UPF
ATOMIC_POSITIONS bohr
 O -5.270614 -1.261295 -1.556070
 O 3.255658 -2.491378 5.802393
 O -5.441018 6.117796 -5.414404
 O 0.665460 3.643943 -0.967842
 O -5.002639 1.044451 3.688048
 O -0.033440 6.208522 5.995525
 O -0.709611 -5.373942 -2.659563
 O 2.475675 0.718386 4.434747
 O -2.900951 -5.800078 5.850157
 O 2.649330 -2.494122 3.016146
 O 2.523393 -6.457440 3.006216
 O -3.723690 -3.665222 4.491866
 O -4.644338 -6.357196 0.628486
 O -3.504884 -5.214904 -3.692809
 O 2.793723 -3.281843 -2.212735
 O -1.937754 2.327628 -0.632789
 O -1.352938 -2.856732 2.616241
 O 0.413923 -4.461101 3.542569
 O 4.792552 -4.523697 -4.782984
 O 5.056582 5.025414 2.215577
 O 5.070417 -3.513244 3.513226
 O -2.884607 -2.655652 -3.754342
 O -1.197679 2.921934 -4.566150
 O 4.152338 2.094736 2.593215
 O 2.873425 1.308149 -3.867442
 O -4.161827 2.633562 -5.921868
 O 5.030032 -5.722301 -0.806424
 O 1.638214 -0.273768 -5.498068
 O -1.728752 0.190487 -5.173051
 O 1.228509 -0.725143 1.233763
 O 5.478612 -1.768986 -3.686639
 O 4.747074 -0.213303 -0.448280
 O 0.279025 4.366834 3.819009
 O -4.722454 0.608596 -4.032493
 O 0.914517 -3.823648 -0.282997
 O 4.540481 4.232588 -5.606101
 O 2.322992 5.999133 5.448520
 O -5.622724 5.056760 -1.776325
 O -0.281222 1.212962 -2.301188
 O -3.706934 -3.921768 -0.913052
 O -3.036211 5.629574 2.963459
 O -1.991951 3.071617 4.636423
 O -2.043951 -1.484047 -0.599357
 O -1.375437 -1.528915 5.307436
 O 0.410471 2.034551 5.677257
 O -4.728978 3.316014 1.285839
 O 3.196245 4.253614 -1.460054
 O 2.361861 -5.752845 -4.013022
 O -2.950443 4.362079 -3.019168
 O 4.412954 0.668734 6.399854
 O -2.280914 0.475038 2.054131
 O -0.059177 -1.947933 -3.392149
 O 0.045052 -3.455565 -5.685122
 O 6.192963 -5.976556 4.402264
 O 3.829556 -3.300226 0.376301
 O 5.368280 -0.698540 2.733258
 O 1.720920 3.870068 -4.372685
 O -1.483060 -6.159605 -0.312787
 O -5.234395 -1.765648 -5.978114
 O -4.603012 1.153959 -1.051122
 O 4.949418 2.779478 -3.061338
 O 2.182194 -0.504799 -1.354437
 O -4.851598 -2.397346 0.918454
 O 1.863258 2.648830 1.258054
 H -4.708615 -1.622393 -2.278326
 H -4.963597 -0.361843 -1.269828
 H 4.224869 -2.359925 5.836060
 H 3.056610 -2.451258 4.829417
 H -6.069689 5.383366 -5.609019
 H -5.505425 6.278936 -4.455080
 H 0.758148 3.271202 -1.872805
 H 1.489552 4.216571 -0.998560
 H -5.132910 0.201236 3.220086
 H -5.189847 0.938444 4.652980
 H -0.162457 6.719327 5.166071
 H 0.971001 6.077000 5.961287
 H -1.454785 -5.550073 -2.047594
 H -0.302953 -6.246833 -2.824737
 H 2.829070 1.257184 3.676129
 H 1.855992 1.301245 4.946212
 H -3.413401 -5.501220 6.641783
 H -1.992949 -5.892236 6.220379
 H 2.453625 -1.748903 2.364764
 H 3.158194 -3.143252 2.479628
 H 3.139815 -6.779972 2.305270
 H 1.622698 -6.480146 2.633545
 H -3.098767 -4.340974 4.893847
 H -4.575530 -3.742432 4.952382
 H -4.711817 -7.348386 0.654427
 H -4.678284 -6.222572 -0.333366
 H -3.541916 -4.218394 -3.710368
 H -2.604941 -5.304506 -3.306714
 H 2.405394 -2.359050 -2.257064
 H 2.465268 -3.493149 -1.292620
 H -2.616065 2.761827 -1.204422
 H -1.819174 3.126414 -0.066086
 H -1.298395 -3.468630 1.894596
 H -1.224560 -1.944990 2.254831
 H 1.339060 -4.148583 3.526719
 H -0.128017 -3.632524 3.447326
 H 5.195965 -5.099224 -5.464303
 H 4.928584 -3.595855 -5.065448
 H 5.626502 5.549817 2.837641
 H 5.663964 4.434160 1.738592
 H 5.505540 -2.743906 3.066798
 H 4.187883 -3.123443 3.655399
 H -1.932780 -2.558050 -3.457520
 H -3.002230 -2.027768 -4.488769
 H -0.262655 2.824102 -4.295506
 H -1.448640 1.992404 -4.824192
 H 4.748679 2.667811 3.108805
 H 3.446088 2.707892 2.277369
 H 2.224850 0.702360 -4.353352
 H 2.335436 2.137520 -3.933141
 H -4.414306 2.196980 -5.082680
 H -3.345885 2.264456 -6.290842
 H 5.646039 -6.016151 -0.109812
 H 5.386489 -6.184997 -1.596383
 H 2.196898 -0.853708 -6.082438
 H 0.843042 -0.100863 -6.028055
 H -1.451899 -0.214870 -6.051989
 H -2.645971 -0.143441 -5.118495
 H 1.133880 0.214417 1.492898
 H 1.583614 -0.672348 0.301060
 H 4.895332 -2.364309 -3.164085
 H 6.263770 -1.767412 -3.108502
 H 4.985420 0.616823 -0.935028
 H 5.472823 -0.832884 -0.757347
 H 0.024305 4.948910 4.595256
 H -0.595813 4.365419 3.354570
 H -3.811410 0.839441 -3.780797
 H -5.356596 0.952791 -3.383935
 H 0.493973 -4.254717 -1.062292
 H 0.738467 -2.865418 -0.403886
 H 3.845053 4.916001 -5.506643
 H 4.349586 3.881940 -6.495849
 H 2.427996 5.639039 4.494126
 H 2.556709 6.941880 5.371279
 H -5.825718 4.261962 -2.316175
 H -4.985911 5.545407 -2.362840
 H -0.556767 0.893660 -1.423970
 H -0.327412 0.401225 -2.833843
 H -3.328647 -4.827251 -0.825976
 H -4.296655 -3.642769 -0.155752
 H -3.972495 5.936539 2.946813
 H -2.802078 5.839866 3.897425
 H -2.841426 3.400092 4.261246
 H -1.988447 3.520538 5.513108
 H -2.557516 -2.182931 -1.064768
 H -2.058866 -1.740130 0.336914
 H -2.195272 -1.868135 4.870889
 H -0.866450 -2.353257 5.490027
 H -0.286885 1.685805 5.088221
 H 0.356128 2.958154 5.282001
 H -5.139812 2.867328 2.065757
 H -3.824136 2.923390 1.372506
 H 3.775499 4.868606 -0.953825
 H 3.765642 3.749348 -2.108298
 H 2.771501 -5.561499 -4.869501
 H 2.648223 -4.981351 -3.466501
 H -2.840663 3.546304 -3.538248
 H -2.107648 4.495240 -2.546638
 H 4.001218 0.998230 7.218801
 H 3.653705 0.596161 5.752210
 H -1.479070 1.050810 2.231740
 H -2.710939 0.403720 2.954018
 H -0.367452 -1.043305 -3.615764
 H 0.110375 -2.317361 -4.298263
 H -0.597695 -4.117491 -5.994385
 H 0.858615 -3.969562 -5.579962
 H 6.655450 -5.877337 5.261600
 H 6.181130 -5.068109 4.035573
 H 4.655746 -3.764716 0.611183
 H 3.862676 -3.431414 -0.596387
 H 4.902430 -0.443382 1.894390
 H 4.715539 -0.801820 3.455207
 H 1.716939 3.929656 -5.345540
 H 2.210087 4.697977 -4.142399
 H -0.517626 -6.270470 -0.250423
 H -1.729946 -5.889599 0.590425
 H -5.862320 -1.880986 -5.222513
 H -4.878222 -2.661773 -6.094952
 H -3.784961 1.190515 -0.508128
 H -5.171122 1.820768 -0.610059
 H 5.110392 3.348605 -3.848497
 H 4.119975 2.308278 -3.386770
 H 3.103534 -0.415907 -1.029644
 H 2.027527 0.250551 -1.965281
 H -5.347393 -1.588129 1.159824
 H -4.843908 -2.873946 1.779431
 H 1.113355 2.753738 1.865991
 H 1.445965 2.858913 0.362146
K_POINTS
 1
0.0 0.0 0.0 1.0