
&control
    calculation='scf'
    pseudo_dir = './',
    outdir='./outputs',
    disk_io='high'
/
&system
    ibrav= 1, celldm(1)=20.000000, nat=  192, ntyp= 2,
    ecutwfc = 30.0, nosym=.true., occupations='smearing',
    smearing='m-v', degauss=0.025
/
&electrons
    conv_thr =  1.0d-8,
    mixing_beta = 0.7
/
&ions
    pot_extrapolation='second-order'
    wfc_extrapolation='second-order'
    ion_temperature = 'andersen'
    tempw = 1000

/
ATOMIC_SPECIES
 H  1.01  H.blyp-hgh.UPF
 O  16.0  O.blyp-hgh.UPF
ATOMIC_POSITIONS bohr
 O -5.271066 -1.261663 -1.554747
 O 3.253020 -2.492545 5.802772
 O -5.439948 6.119258 -5.415467
 O 0.669415 3.642916 -0.967130
 O -5.004533 1.044738 3.687387
 O -0.032548 6.209318 5.998094
 O -0.710948 -5.373463 -2.658104
 O 2.476720 0.719490 4.435702
 O -2.902553 -5.802330 5.850869
 O 2.649764 -2.494056 3.019159
 O 2.522104 -6.456657 3.006325
 O -3.721090 -3.665757 4.491261
 O -4.644996 -6.360270 0.630311
 O -3.506818 -5.213682 -3.690678
 O 2.793489 -3.282224 -2.211687
 O -1.936603 2.327202 -0.634180
 O -1.351972 -2.858260 2.615926
 O 0.415060 -4.460622 3.542055
 O 4.792856 -4.522648 -4.783558
 O 5.057681 5.024024 2.214683
 O 5.068278 -3.514083 3.512641
 O -2.883334 -2.656433 -3.752381
 O -1.198133 2.922417 -4.565227
 O 4.151843 2.093655 2.591348
 O 2.873882 1.306323 -3.868244
 O -4.162576 2.634693 -5.919708
 O 5.031613 -5.722389 -0.805588
 O 1.636875 -0.272816 -5.498951
 O -1.728501 0.193043 -5.172744
 O 1.228221 -0.725878 1.235107
 O 5.480977 -1.769234 -3.688332
 O 4.745850 -0.213129 -0.450906
 O 0.278850 4.364437 3.822031
 O -4.721906 0.609698 -4.031270
 O 0.912605 -3.823275 -0.283826
 O 4.542218 4.231517 -5.608927
 O 2.321526 6.000782 5.447758
 O -5.621129 5.056510 -1.778756
 O -0.280989 1.214591 -2.301209
 O -3.707826 -3.921150 -0.913306
 O -3.036685 5.630323 2.962954
 O -1.990888 3.072424 4.634864
 O -2.041850 -1.485913 -0.598398
 O -1.374729 -1.530935 5.307988
 O 0.407231 2.036884 5.677053
 O -4.730115 3.315595 1.285939
 O 3.196167 4.254088 -1.460830
 O 2.357921 -5.753603 -4.012800
 O -2.952597 4.362662 -3.018828
 O 4.413240 0.669249 6.402514
 O -2.277453 0.474612 2.054483
 O -0.058127 -1.947414 -3.394592
 O 0.045034 -3.456104 -5.685572
 O 6.194185 -5.977323 4.401092
 O 3.826864 -3.298061 0.378592
 O 5.371986 -0.696805 2.734713
 O 1.720539 3.870237 -4.373515
 O -1.483518 -6.161358 -0.313256
 O -5.235580 -1.765313 -5.977540
 O -4.602088 1.154822 -1.052507
 O 4.950247 2.784828 -3.063009
 O 2.181009 -0.505971 -1.356438
 O -4.851677 -2.402635 0.919104
 O 1.863431 2.650461 1.258230
 H -4.714611 -1.619575 -2.281436
 H -4.961197 -0.363725 -1.266287
 H 4.221680 -2.362508 5.845362
 H 3.061911 -2.452921 4.828401
 H -6.067130 5.382499 -5.606549
 H -5.503445 6.280804 -4.455829
 H 0.756838 3.268993 -1.870462
 H 1.494725 4.213363 -1.001187
 H -5.131518 0.203774 3.214496
 H -5.190991 0.936996 4.651313
 H -0.160850 6.716988 5.166201
 H 0.971762 6.076256 5.962179
 H -1.452757 -5.555235 -2.042906
 H -0.298870 -6.244914 -2.818560
 H 2.834119 1.257244 3.677903
 H 1.858398 1.306337 4.945919
 H -3.414614 -5.497891 6.639492
 H -1.994329 -5.894911 6.221893
 H 2.449602 -1.756425 2.360489
 H 3.157308 -3.145710 2.484709
 H 3.136450 -6.785178 2.306100
 H 1.619170 -6.478380 2.637868
 H -3.094248 -4.340139 4.888597
 H -4.575835 -3.747497 4.945753
 H -4.713315 -7.350911 0.650702
 H -4.683273 -6.227439 -0.330959
 H -3.538972 -4.217249 -3.711131
 H -2.602407 -5.302668 -3.313104
 H 2.400716 -2.361236 -2.254524
 H 2.466948 -3.493263 -1.291120
 H -2.620183 2.756495 -1.201321
 H -1.819980 3.132287 -0.077566
 H -1.302549 -3.472324 1.894228
 H -1.227733 -1.946850 2.254265
 H 1.339386 -4.145461 3.519148
 H -0.125824 -3.631780 3.439721
 H 5.199222 -5.099714 -5.461326
 H 4.920413 -3.593305 -5.062658
 H 5.624776 5.556792 2.834828
 H 5.673630 4.432643 1.745846
 H 5.507972 -2.744282 3.072217
 H 4.186930 -3.123356 3.658075
 H -1.929673 -2.555445 -3.462430
 H -3.005447 -2.027338 -4.485300
 H -0.263071 2.824375 -4.291787
 H -1.448017 1.991738 -4.818484
 H 4.751004 2.664261 3.107009
 H 3.444140 2.707019 2.280788
 H 2.225397 0.697512 -4.350158
 H 2.334725 2.134423 -3.934347
 H -4.421730 2.192987 -5.084292
 H -3.346667 2.261495 -6.283377
 H 5.650547 -6.017600 -0.112269
 H 5.381018 -6.190133 -1.595165
 H 2.194384 -0.850002 -6.086455
 H 0.841123 -0.097996 -6.028377
 H -1.452256 -0.218900 -6.049720
 H -2.646686 -0.139729 -5.118983
 H 1.130863 0.212875 1.496824
 H 1.579344 -0.671384 0.299553
 H 4.900062 -2.368771 -3.170112
 H 6.267503 -1.768406 -3.113236
 H 4.987466 0.616576 -0.935347
 H 5.469766 -0.833136 -0.758545
 H 0.028412 4.948290 4.598164
 H -0.594812 4.359602 3.357762
 H -3.811442 0.836341 -3.775710
 H -5.357717 0.954749 -3.385643
 H 0.494041 -4.252811 -1.065113
 H 0.736393 -2.864568 -0.402484
 H 3.846318 4.915132 -5.503880
 H 4.351980 3.882802 -6.500197
 H 2.433991 5.644995 4.491598
 H 2.559431 6.942860 5.372128
 H -5.827036 4.263197 -2.319105
 H -4.988039 5.551515 -2.362432
 H -0.554942 0.887044 -1.427154
 H -0.333261 0.406310 -2.839797
 H -3.341557 -4.830890 -0.831989
 H -4.291279 -3.641144 -0.153521
 H -3.971145 5.940488 2.950970
 H -2.798556 5.834503 3.895963
 H -2.837891 3.406586 4.259535
 H -1.987108 3.516707 5.513738
 H -2.555705 -2.182049 -1.066970
 H -2.060885 -1.741815 0.337537
 H -2.196070 -1.863072 4.869533
 H -0.867446 -2.357113 5.484225
 H -0.284128 1.691045 5.081343
 H 0.347057 2.963869 5.292820
 H -5.143919 2.866362 2.063870
 H -3.824782 2.929286 1.380822
 H 3.776638 4.865576 -0.953177
 H 3.763763 3.757083 -2.116039
 H 2.767620 -5.565648 -4.869540
 H 2.647415 -4.979440 -3.471550
 H -2.840340 3.549692 -3.544533
 H -2.105822 4.496760 -2.555901
 H 3.998878 1.004068 7.216927
 H 3.654975 0.593637 5.752998
 H -1.481022 1.057941 2.226214
 H -2.714401 0.412204 2.952460
 H -0.360773 -1.039288 -3.611565
 H 0.111859 -2.310321 -4.303288
 H -0.595375 -4.118075 -6.000271
 H 0.858352 -3.969950 -5.580187
 H 6.658371 -5.882921 5.260053
 H 6.180474 -5.066921 4.038978
 H 4.650480 -3.767003 0.614372
 H 3.860450 -3.433388 -0.593527
 H 4.901525 -0.450321 1.896068
 H 4.721399 -0.800584 3.458196
 H 1.715751 3.927695 -5.346936
 H 2.213831 4.697069 -4.138227
 H -0.517851 -6.270927 -0.252164
 H -1.731783 -5.895191 0.590593
 H -5.860704 -1.881792 -5.220752
 H -4.873262 -2.658472 -6.093988
 H -3.783725 1.192926 -0.510361
 H -5.168316 1.822313 -0.610168
 H 5.112809 3.349348 -3.853697
 H 4.124951 2.306421 -3.390246
 H 3.102410 -0.415682 -1.032222
 H 2.019465 0.253693 -1.958627
 H -5.343002 -1.590157 1.157848
 H -4.837662 -2.870255 1.784476
 H 1.114440 2.752920 1.866745
 H 1.443503 2.858875 0.364047
K_POINTS
 1
0.0 0.0 0.0 1.0