
&control
    calculation='scf'
    pseudo_dir = './',
    outdir='./outputs',
    disk_io='high'
/
&system
    ibrav= 1, celldm(1)=20.000000, nat=  192, ntyp= 2,
    ecutwfc = 30.0, nosym=.true., occupations='smearing',
    smearing='m-v', degauss=0.025
/
&electrons
    conv_thr =  1.0d-8,
    mixing_beta = 0.7
/
&ions
    pot_extrapolation='second-order'
    wfc_extrapolation='second-order'
    ion_temperature = 'andersen'
    tempw = 1000

/
ATOMIC_SPECIES
 H  1.01  H.blyp-hgh.UPF
 O  16.0  O.blyp-hgh.UPF
ATOMIC_POSITIONS bohr
 O -5.272521 -1.262941 -1.550814
 O 3.245084 -2.496046 5.803826
 O -5.436873 6.123567 -5.418692
 O 0.681391 3.640015 -0.965063
 O -5.010059 1.045749 3.685434
 O -0.030177 6.211688 6.005742
 O -0.714961 -5.372004 -2.653802
 O 2.479829 0.722841 4.438466
 O -2.907176 -5.809018 5.853030
 O 2.651066 -2.493829 3.028121
 O 2.518295 -6.454301 3.006442
 O -3.713195 -3.667221 4.489383
 O -4.646991 -6.369599 0.635771
 O -3.512616 -5.209948 -3.684281
 O 2.792752 -3.283195 -2.208457
 O -1.933414 2.326222 -0.638203
 O -1.349150 -2.862523 2.615154
 O 0.418499 -4.459260 3.540641
 O 4.793714 -4.519515 -4.785280
 O 5.061035 5.019881 2.212053
 O 5.062077 -3.516560 3.510826
 O -2.879465 -2.658662 -3.746443
 O -1.199539 2.923753 -4.562509
 O 4.150325 2.090474 2.585787
 O 2.874971 1.300943 -3.870537
 O -4.164939 2.638260 -5.913264
 O 5.036223 -5.722635 -0.803074
 O 1.632774 -0.270127 -5.501669
 O -1.727796 0.200728 -5.171885
 O 1.227400 -0.728086 1.239150
 O 5.487994 -1.770101 -3.693459
 O 4.742358 -0.212536 -0.458856
 O 0.278184 4.357356 3.831103
 O -4.720210 0.612973 -4.027784
 O 0.906831 -3.822157 -0.286332
 O 4.547420 4.228399 -5.617413
 O 2.317388 6.005642 5.445595
 O -5.616272 5.055746 -1.786318
 O -0.280211 1.219375 -2.301355
 O -3.710466 -3.919321 -0.914130
 O -3.038127 5.632579 2.961565
 O -1.987884 3.074890 4.630221
 O -2.035488 -1.491471 -0.595620
 O -1.372713 -1.537069 5.309505
 O 0.397505 2.044094 5.676244
 O -4.733459 3.314122 1.286366
 O 3.195972 4.255549 -1.463151
 O 2.346045 -5.755881 -4.012102
 O -2.959194 4.364432 -3.017654
 O 4.414136 0.670748 6.410289
 O -2.266965 0.473442 2.055779
 O -0.055072 -1.945807 -3.401975
 O 0.044929 -3.457617 -5.686992
 O 6.197891 -5.979579 4.397508
 O 3.818942 -3.291574 0.385518
 O 5.383150 -0.691716 2.738946
 O 1.719459 3.870795 -4.376026
 O -1.484915 -6.166674 -0.314543
 O -5.239140 -1.764354 -5.975817
 O -4.599308 1.157575 -1.056555
 O 4.952632 2.800933 -3.068115
 O 2.177342 -0.509524 -1.362446
 O -4.851980 -2.418527 0.921346
 O 1.863841 2.655324 1.258698
 H -4.731777 -1.610525 -2.289570
 H -4.953391 -0.369380 -1.256565
 H 4.211866 -2.369829 5.873390
 H 3.077357 -2.457562 4.825925
 H -6.059240 5.379715 -5.598753
 H -5.497104 6.286685 -4.458237
 H 0.752039 3.261568 -1.863016
 H 1.510074 4.203174 -1.008987
 H -5.128394 0.211257 3.198598
 H -5.194563 0.932249 4.645321
 H -0.155657 6.710482 5.166258
 H 0.973871 6.074034 5.964892
 H -1.445838 -5.570840 -2.028047
 H -0.286596 -6.238887 -2.800360
 H 2.849658 1.257054 3.683986
 H 1.865620 1.321429 4.944549
 H -3.418374 -5.488807 6.632961
 H -1.998597 -5.903558 6.226409
 H 2.436868 -1.779610 2.348399
 H 3.153777 -3.152817 2.498826
 H 3.126511 -6.800815 2.309259
 H 1.608575 -6.473183 2.650967
 H -3.082253 -4.337734 4.872878
 H -4.576503 -3.763175 4.925823
 H -4.717549 -7.357842 0.640299
 H -4.698414 -6.241568 -0.323885
 H -3.530360 -4.214102 -3.713304
 H -2.595059 -5.297897 -3.333140
 H 2.387284 -2.368503 -2.247616
 H 2.471295 -3.494566 -1.287666
 H -2.632319 2.739544 -1.193147
 H -1.821170 3.149180 -0.111630
 H -1.314806 -3.484358 1.891209
 H -1.237081 -1.953272 2.252767
 H 1.340131 -4.135908 3.496159
 H -0.119154 -3.629884 3.416434
 H 5.209440 -5.100576 -5.452380
 H 4.896042 -3.586192 -5.054190
 H 5.619048 5.577093 2.826214
 H 5.702441 4.428475 1.767485
 H 5.515181 -2.745695 3.088610
 H 4.184170 -3.123247 3.666563
 H -1.920689 -2.547562 -3.477526
 H -3.015101 -2.026252 -4.474948
 H -0.264770 2.825583 -4.280688
 H -1.445678 1.990364 -4.801175
 H 4.757945 2.653418 3.101711
 H 3.438512 2.704089 2.290284
 H 2.228331 0.682262 -4.340896
 H 2.333038 2.125695 -3.937929
 H -4.443749 2.180103 -5.089828
 H -3.348838 2.251885 -6.260589
 H 5.664199 -6.021959 -0.119327
 H 5.364817 -6.205295 -1.591151
 H 2.186950 -0.838835 -6.097585
 H 0.835485 -0.089122 -6.029169
 H -1.453592 -0.231336 -6.042030
 H -2.648814 -0.128328 -5.120412
 H 1.122233 0.207963 1.508435
 H 1.566131 -0.668160 0.295248
 H 4.913812 -2.382092 -3.188584
 H 6.278594 -1.770563 -3.127010
 H 4.993121 0.615090 -0.935641
 H 5.459740 -0.833716 -0.762213
 H 0.041285 4.946085 4.606581
 H -0.591115 4.341573 3.367755
 H -3.812027 0.827320 -3.759105
 H -5.360765 0.960828 -3.390065
 H 0.494117 -4.246557 -1.073565
 H 0.729721 -2.862523 -0.398216
 H 3.850520 4.912430 -5.495753
 H 4.359582 3.884992 -6.513072
 H 2.452028 5.663792 4.484049
 H 2.567993 6.945764 5.374385
 H -5.830860 4.266919 -2.327384
 H -4.994357 5.569147 -2.360759
 H -0.549772 0.867541 -1.436315
 H -0.350666 0.421950 -2.857714
 H -3.380979 -4.840663 -0.849221
 H -4.274336 -3.636923 -0.147693
 H -3.966566 5.952183 2.962886
 H -2.788102 5.818455 3.891417
 H -2.826925 3.425788 4.254265
 H -1.982676 3.505028 5.515633
 H -2.550264 -2.179580 -1.072815
 H -2.067447 -1.746838 0.339271
 H -2.198066 -1.847679 4.865603
 H -0.869909 -2.367963 5.467202
 H -0.276309 1.705935 5.060918
 H 0.320504 2.980238 5.325846
 H -5.156469 2.863652 2.057896
 H -3.827080 2.947597 1.405256
 H 3.780105 4.856528 -0.951825
 H 3.758330 3.780811 -2.138327
 H 2.756530 -5.577769 -4.869848
 H 2.644924 -4.973968 -3.486400
 H -2.838285 3.560241 -3.563811
 H -2.100310 4.500909 -2.584096
 H 3.991689 1.021522 7.211648
 H 3.659859 0.586510 5.755815
 H -1.488509 1.078076 2.209309
 H -2.724249 0.438079 2.946365
 H -0.340576 -1.027934 -3.599115
 H 0.116250 -2.289498 -4.317747
 H -0.588311 -4.120363 -6.017208
 H 0.858070 -3.971387 -5.580731
 H 6.667321 -5.900078 5.255472
 H 6.177717 -5.063250 4.049117
 H 4.634549 -3.773907 0.624300
 H 3.853802 -3.439030 -0.584908
 H 4.898796 -0.471147 1.902259
 H 4.738868 -0.796085 3.466512
 H 1.711859 3.921437 -5.350976
 H 2.224278 4.694324 -4.124932
 H -0.518408 -6.272339 -0.257586
 H -1.737914 -5.912145 0.591340
 H -5.856095 -1.883525 -5.215331
 H -4.857989 -2.648603 -6.091136
 H -3.779509 1.199907 -0.517228
 H -5.159886 1.826847 -0.610522
 H 5.120141 3.351368 -3.869387
 H 4.141277 2.300167 -3.400107
 H 3.100123 -0.414887 -1.040037
 H 1.995356 0.262887 -1.938453
 H -5.329833 -1.596426 1.151228
 H -4.818506 -2.859162 1.799294
 H 1.117632 2.750780 1.869490
 H 1.436581 2.858693 0.370104
K_POINTS
 1
0.0 0.0 0.0 1.0