
&control
    calculation='scf'
    pseudo_dir = './',
    outdir='./outputs',
    disk_io='high'
/
&system
    ibrav= 1, celldm(1)=20.000000, nat=  192, ntyp= 2,
    ecutwfc = 30.0, nosym=.true., occupations='smearing',
    smearing='m-v', degauss=0.025
/
&electrons
    conv_thr =  1.0d-8,
    mixing_beta = 0.7
/
&ions
    pot_extrapolation='second-order'
    wfc_extrapolation='second-order'
    ion_temperature = 'andersen'
    tempw = 1000

/
ATOMIC_SPECIES
 H  1.01  H.blyp-hgh.UPF
 O  16.0  O.blyp-hgh.UPF
ATOMIC_POSITIONS bohr
 O -5.273041 -1.263421 -1.549510
 O 3.242431 -2.497214 5.804152
 O -5.435895 6.124977 -5.419775
 O 0.685417 3.639110 -0.964390
 O -5.011847 1.046139 3.684785
 O -0.029487 6.212472 6.008267
 O -0.716301 -5.371515 -2.652391
 O 2.480854 0.723974 4.439356
 O -2.908652 -5.811225 5.853757
 O 2.651499 -2.493745 3.031079
 O 2.517045 -6.453513 3.006412
 O -3.710537 -3.667657 4.488732
 O -4.647663 -6.372743 0.637586
 O -3.514543 -5.208682 -3.682145
 O 2.792495 -3.283462 -2.207353
 O -1.932437 2.325991 -0.639494
 O -1.348235 -2.863850 2.614947
 O 0.419656 -4.458827 3.540211
 O 4.793977 -4.518481 -4.785845
 O 5.062183 5.018508 2.211195
 O 5.060083 -3.517377 3.510204
 O -2.878157 -2.659364 -3.744449
 O -1.200018 2.924161 -4.561617
 O 4.149812 2.089432 2.583949
 O 2.875242 1.299182 -3.871262
 O -4.165766 2.639503 -5.911124
 O 5.037716 -5.722711 -0.802231
 O 1.631375 -0.269285 -5.502599
 O -1.727579 0.203290 -5.171622
 O 1.227143 -0.728824 1.240496
 O 5.490307 -1.770427 -3.695190
 O 4.741246 -0.212315 -0.461524
 O 0.277925 4.355032 3.834130
 O -4.719628 0.614054 -4.026686
 O 0.904893 -3.821784 -0.287173
 O 4.549148 4.227393 -5.620243
 O 2.316100 6.007236 5.444912
 O -5.614634 5.055489 -1.788921
 O -0.279924 1.220931 -2.301434
 O -3.711331 -3.918718 -0.914430
 O -3.038611 5.633331 2.961138
 O -1.986944 3.075726 4.628685
 O -2.033347 -1.493307 -0.594728
 O -1.372077 -1.539134 5.309966
 O 0.394264 2.046566 5.675915
 O -4.734558 3.313561 1.286550
 O 3.195918 4.256047 -1.463924
 O 2.342070 -5.756638 -4.011859
 O -2.961438 4.365019 -3.017220
 O 4.414447 0.671232 6.412808
 O -2.263443 0.473085 2.056289
 O -0.054084 -1.945255 -3.404455
 O 0.044876 -3.458088 -5.687490
 O 6.199140 -5.980316 4.396290
 O 3.816355 -3.289416 0.387842
 O 5.386888 -0.690058 2.740314
 O 1.719123 3.871004 -4.376866
 O -1.485388 -6.168467 -0.314933
 O -5.240324 -1.764048 -5.975246
 O -4.598378 1.158548 -1.057869
 O 4.953393 2.806319 -3.069852
 O 2.176083 -0.510724 -1.364445
 O -4.852102 -2.423830 0.922191
 O 1.863944 2.656934 1.258837
 H -4.737187 -1.607329 -2.291910
 H -4.950601 -0.371278 -1.253632
 H 4.208521 -2.372123 5.882765
 H 3.082342 -2.458986 4.825290
 H -6.056538 5.378729 -5.596038
 H -5.494844 6.288741 -4.459102
 H 0.750156 3.258806 -1.860449
 H 1.515148 4.199598 -1.011560
 H -5.127709 0.213705 3.193604
 H -5.195809 0.930518 4.643034
 H -0.153808 6.708477 5.166189
 H 0.974513 6.073304 5.965812
 H -1.443259 -5.576053 -2.022843
 H -0.282487 -6.236776 -2.794416
 H 2.854966 1.256867 3.686260
 H 1.868048 1.326375 4.943918
 H -3.419678 -5.486075 6.630919
 H -2.000083 -5.906641 6.227901
 H 2.432403 -1.787515 2.344629
 H 3.152320 -3.155110 2.503162
 H 3.123235 -6.806027 2.310528
 H 1.605062 -6.471490 2.655377
 H -3.078759 -4.337007 4.867681
 H -4.576623 -3.768573 4.919172
 H -4.718875 -7.359977 0.637123
 H -4.703515 -6.246090 -0.321611
 H -3.527581 -4.213132 -3.713985
 H -2.592713 -5.296569 -3.340096
 H 2.383013 -2.371145 -2.245564
 H 2.472508 -3.495332 -1.286849
 H -2.636329 2.733574 -1.190847
 H -1.821124 3.154599 -0.122816
 H -1.318836 -3.488613 1.889639
 H -1.240132 -1.955656 2.252312
 H 1.340304 -4.132678 3.488415
 H -0.116916 -3.629379 3.408528
 H 5.213006 -5.100638 -5.449417
 H 4.887990 -3.583996 -5.051371
 H 5.616921 5.583618 2.823258
 H 5.711927 4.427252 1.774678
 H 5.517544 -2.746251 3.094110
 H 4.183296 -3.123252 3.669539
 H -1.917803 -2.544925 -3.482662
 H -3.018329 -2.025964 -4.471515
 H -0.265510 2.826128 -4.277014
 H -1.444758 1.990091 -4.795365
 H 4.760233 2.649736 3.099966
 H 3.436700 2.703028 2.293186
 H 2.229738 0.676955 -4.337921
 H 2.332618 2.122981 -3.939113
 H -4.450999 2.175527 -5.091924
 H -3.349499 2.248442 -6.252881
 H 5.668784 -6.023412 -0.121570
 H 5.359495 -6.210264 -1.589713
 H 2.184516 -0.835110 -6.100995
 H 0.833659 -0.086072 -6.029363
 H -1.454111 -0.235579 -6.039166
 H -2.649505 -0.124430 -5.120867
 H 1.119501 0.206224 1.512246
 H 1.561590 -0.666975 0.293927
 H 4.918232 -2.386531 -3.194834
 H 6.282253 -1.771018 -3.131446
 H 4.994849 0.614381 -0.935537
 H 5.456159 -0.833890 -0.763480
 H 0.045733 4.945238 4.609273
 H -0.589698 4.335385 3.371223
 H -3.812369 0.824415 -3.753117
 H -5.361687 0.962927 -3.391289
 H 0.494097 -4.244294 -1.076377
 H 0.727349 -2.862016 -0.396774
 H 3.852080 4.911458 -5.493124
 H 4.362248 3.885614 -6.517281
 H 2.458029 5.670341 4.481555
 H 2.570965 6.946717 5.375065
 H -5.832073 4.268163 -2.329994
 H -4.996422 5.574788 -2.360090
 H -0.548154 0.861160 -1.439214
 H -0.356421 0.427326 -2.863707
 H -3.394319 -4.843575 -0.854703
 H -4.268472 -3.635714 -0.145998
 H -3.964904 5.956041 2.966673
 H -2.784642 5.813135 3.889893
 H -2.823162 3.432095 4.252465
 H -1.981068 3.501076 5.516270
 H -2.548452 -2.178829 -1.074514
 H -2.069804 -1.748508 0.339810
 H -2.198601 -1.842496 4.864337
 H -0.870551 -2.371354 5.461659
 H -0.273876 1.710599 5.054146
 H 0.311881 2.985450 5.337033
 H -5.160731 2.862804 2.055802
 H -3.827916 2.953889 1.413231
 H 3.781288 4.853548 -0.951549
 H 3.756588 3.788874 -2.145444
 H 2.753016 -5.581713 -4.870038
 H 2.644063 -4.972239 -3.491233
 H -2.837267 3.563940 -3.570344
 H -2.098432 4.502175 -2.593603
 H 3.989224 1.027326 7.210031
 H 3.661853 0.584288 5.756910
 H -1.491508 1.084391 2.203590
 H -2.727327 0.446843 2.943853
 H -0.333786 -1.024386 -3.595010
 H 0.117693 -2.282663 -4.322359
 H -0.585915 -4.121292 -6.022609
 H 0.858150 -3.971955 -5.580866
 H 6.670361 -5.905923 5.253960
 H 6.176535 -5.062000 4.052477
 H 4.629192 -3.776217 0.627737
 H 3.851595 -3.440809 -0.582021
 H 4.897886 -0.478085 1.904693
 H 4.744645 -0.794329 3.469081
 H 1.710472 3.919253 -5.352244
 H 2.227446 4.693332 -4.120303
 H -0.518558 -6.272822 -0.259447
 H -1.740158 -5.917854 0.591665
 H -5.854656 -1.883887 -5.213464
 H -4.852767 -2.645342 -6.090203
 H -3.777929 1.202142 -0.519570
 H -5.157086 1.828329 -0.610650
 H 5.122605 3.351964 -3.874633
 H 4.147180 2.297873 -3.403192
 H 3.099709 -0.414578 -1.042674
 H 1.987348 0.265891 -1.931679
 H -5.325450 -1.598568 1.148784
 H -4.811983 -2.855477 1.804131
 H 1.118660 2.750173 1.870586
 H 1.434424 2.858619 0.372204
K_POINTS
 1
0.0 0.0 0.0 1.0