
&control
    calculation='scf'
    pseudo_dir = './',
    outdir='./outputs',
    disk_io='high'
/
&system
    ibrav= 1, celldm(1)=20.000000, nat=  192, ntyp= 2,
    ecutwfc = 30.0, nosym=.true., occupations='smearing',
    smearing='m-v', degauss=0.025
/
&electrons
    conv_thr =  1.0d-8,
    mixing_beta = 0.7
/
&ions
    pot_extrapolation='second-order'
    wfc_extrapolation='second-order'
    ion_temperature = 'andersen'
    tempw = 1000

/
ATOMIC_SPECIES
 H  1.01  H.blyp-hgh.UPF
 O  16.0  O.blyp-hgh.UPF
ATOMIC_POSITIONS bohr
 O -5.274713 -1.264997 -1.545589
 O 3.234451 -2.500726 5.805058
 O -5.433113 6.129127 -5.423037
 O 0.697578 3.636585 -0.962396
 O -5.017042 1.047475 3.682811
 O -0.027720 6.214809 6.015755
 O -0.720335 -5.370061 -2.648219
 O 2.483884 0.727433 4.441948
 O -2.912872 -5.817786 5.855946
 O 2.652789 -2.493474 3.039853
 O 2.513352 -6.451144 3.006118
 O -3.702514 -3.668772 4.486689
 O -4.649703 -6.382271 0.643008
 O -3.520281 -5.204824 -3.675731
 O 2.791689 -3.284103 -2.203965
 O -1.929764 2.325580 -0.643215
 O -1.345572 -2.867623 2.614431
 O 0.423169 -4.457576 3.539035
 O 4.794682 -4.515423 -4.787489
 O 5.065759 5.014408 2.208675
 O 5.054327 -3.519813 3.508294
 O -2.874179 -2.661337 -3.738433
 O -1.201467 2.925286 -4.558971
 O 4.148262 2.086354 2.578490
 O 2.875798 1.293999 -3.873313
 O -4.168363 2.643379 -5.904704
 O 5.042070 -5.722924 -0.799681
 O 1.627068 -0.266915 -5.505458
 O -1.726995 0.210964 -5.170912
 O 1.226420 -0.731042 1.244503
 O 5.497177 -1.771505 -3.700466
 O 4.738032 -0.211582 -0.469561
 O 0.277082 4.348166 3.843223
 O -4.717838 0.617256 -4.023588
 O 0.899042 -3.820663 -0.289713
 O 4.554309 4.224478 -5.628739
 O 2.312529 6.011954 5.442955
 O -5.609686 5.054713 -1.796938
 O -0.278981 1.225465 -2.301770
 O -3.713870 -3.916927 -0.915429
 O -3.040060 5.635573 2.959945
 O -1.984303 3.078275 4.624107
 O -2.026859 -1.498752 -0.592154
 O -1.370277 -1.545362 5.311221
 O 0.384556 2.054179 5.674774
 O -4.737832 3.311686 1.287223
 O 3.195789 4.257572 -1.466254
 O 2.330107 -5.758889 -4.011093
 O -2.968302 4.366725 -3.015819
 O 4.415427 0.672628 6.420135
 O -2.252834 0.472091 2.058043
 O -0.051217 -1.943548 -3.411951
 O 0.044664 -3.459417 -5.689060
 O 6.202933 -5.982475 4.392565
 O 3.808759 -3.282965 0.394861
 O 5.398149 -0.685202 2.744288
 O 1.718209 3.871712 -4.379380
 O -1.486824 -6.173909 -0.315984
 O -5.243862 -1.763160 -5.973554
 O -4.595570 1.161627 -1.061700
 O 4.955575 2.822522 -3.075184
 O 2.172202 -0.514375 -1.370418
 O -4.852531 -2.439751 0.925026
 O 1.864161 2.661724 1.259220
 H -4.752329 -1.597293 -2.297948
 H -4.941739 -0.377056 -1.245781
 H 4.198278 -2.378554 5.910946
 H 3.096759 -2.462861 4.823943
 H -6.048213 5.375606 -5.587591
 H -5.487578 6.295208 -4.461911
 H 0.743677 3.249575 -1.852710
 H 1.530315 4.188382 -1.019201
 H -5.126735 0.220913 3.179600
 H -5.199760 0.924814 4.635528
 H -0.147927 6.702903 5.165824
 H 0.976239 6.071169 5.968634
 H -1.434733 -5.591599 -2.006551
 H -0.270069 -6.230077 -2.777012
 H 2.871275 1.255943 3.693763
 H 1.875470 1.340878 4.941463
 H -3.423776 -5.478741 6.625277
 H -2.004793 -5.916473 6.232326
 H 2.418357 -1.811621 2.334157
 H 3.147158 -3.161810 2.515095
 H 3.113471 -6.821650 2.314946
 H 1.594681 -6.466548 2.668737
 H -3.069678 -4.335243 4.852352
 H -4.576577 -3.785317 4.899215
 H -4.722596 -7.366046 0.628605
 H -4.718975 -6.258972 -0.315150
 H -3.519597 -4.210386 -3.715881
 H -2.586068 -5.293427 -3.361750
 H 2.370820 -2.379626 -2.240201
 H 2.475413 -3.498665 -1.285328
 H -2.648398 2.714704 -1.185382
 H -1.819544 3.170328 -0.155723
 H -1.330810 -3.501711 1.883657
 H -1.249056 -1.963322 2.250970
 H 1.340598 -4.122930 3.464995
 H -0.110223 -3.628317 3.384434
 H 5.224230 -5.100059 -5.440685
 H 4.864148 -3.577916 -5.043065
 H 5.609777 5.602340 2.814054
 H 5.739797 4.424254 1.796287
 H 5.524474 -2.748128 3.110668
 H 4.180867 -3.123353 3.678872
 H -1.909441 -2.537040 -3.498308
 H -3.028075 -2.025345 -4.461266
 H -0.268319 2.828246 -4.266098
 H -1.441649 1.989712 -4.777904
 H 4.766956 2.638481 3.094757
 H 3.431439 2.699668 2.301075
 H 2.235228 0.660414 -4.329351
 H 2.331749 2.115442 -3.942647
 H -4.472463 2.161059 -5.099035
 H -3.351316 2.237433 -6.229489
 H 5.682583 -6.027739 -0.127959
 H 5.343787 -6.224906 -1.585175
 H 2.177400 -0.824000 -6.110382
 H 0.828386 -0.076640 -6.029695
 H -1.455824 -0.248538 -6.029674
 H -2.651484 -0.112409 -5.122129
 H 1.111758 0.200686 1.523489
 H 1.547570 -0.663107 0.290457
 H 4.930949 -2.399924 -3.213712
 H 6.293091 -1.771635 -3.144242
 H 4.999605 0.611807 -0.934733
 H 5.444910 -0.834534 -0.767503
 H 0.059433 4.942383 4.616971
 H -0.585134 4.316352 3.382007
 H -3.813792 0.816043 -3.733792
 H -5.364202 0.969440 -3.394182
 H 0.493879 -4.236979 -1.084794
 H 0.719790 -2.861017 -0.392394
 H 3.857327 4.908190 -5.485589
 H 4.370593 3.887257 -6.529565
 H 2.475881 5.690720 4.474185
 H 2.580175 6.949524 5.376991
 H -5.835465 4.271874 -2.337482
 H -5.002403 5.590997 -2.357921
 H -0.543614 0.842407 -1.447391
 H -0.373548 0.444079 -2.881745
 H -3.434799 -4.851434 -0.870408
 H -4.250483 -3.632584 -0.141445
 H -3.959690 5.967546 2.977475
 H -2.774295 5.797316 3.885472
 H -2.811620 3.450739 4.246945
 H -1.975879 3.489048 5.518197
 H -2.543049 -2.176846 -1.078895
 H -2.077389 -1.753520 0.341335
 H -2.199826 -1.826872 4.860661
 H -0.871945 -2.380917 5.445432
 H -0.267136 1.723640 5.033837
 H 0.286716 3.000416 5.371076
 H -5.173768 2.860383 2.049237
 H -3.830428 2.973259 1.436658
 H 3.784959 4.844811 -0.951135
 H 3.751566 3.813438 -2.165871
 H 2.742989 -5.593315 -4.870935
 H 2.641352 -4.967383 -3.505312
 H -2.833358 3.575805 -3.590117
 H -2.092588 4.505713 -2.622350
 H 3.981588 1.044698 7.205672
 H 3.668917 0.578098 5.760641
 H -1.501780 1.102295 2.186279
 H -2.735870 0.473540 2.934890
 H -0.313236 -1.014456 -3.582818
 H 0.121958 -2.262503 -4.335576
 H -0.578580 -4.124523 -6.038056
 H 0.858881 -3.973890 -5.581134
 H 6.679625 -5.923801 5.249433
 H 6.172202 -5.058221 4.062534
 H 4.612970 -3.783146 0.638460
 H 3.845001 -3.445802 -0.573318
 H 4.895161 -0.498841 1.913022
 H 4.761798 -0.788321 3.476272
 H 1.706126 3.912531 -5.355706
 H 2.235794 4.689865 -4.106092
 H -0.518929 -6.274299 -0.265127
 H -1.747459 -5.935148 0.592838
 H -5.850697 -1.884386 -5.207638
 H -4.836716 -2.635689 -6.087454
 H -3.772661 1.208540 -0.526752
 H -5.148774 1.832713 -0.611061
 H 5.130028 3.353495 -3.890358
 H 4.166226 2.290438 -3.411788
 H 3.099400 -0.413502 -1.050716
 H 1.963429 0.274774 -1.911270
 H -5.312351 -1.605109 1.140725
 H -4.792009 -2.844523 1.818340
 H 1.121596 2.748665 1.874472
 H 1.428373 2.858406 0.378580
K_POINTS
 1
0.0 0.0 0.0 1.0