
&control
    calculation='scf'
    pseudo_dir = './',
    outdir='./outputs',
    disk_io='high'
/
&system
    ibrav= 1, celldm(1)=20.000000, nat=  192, ntyp= 2,
    ecutwfc = 30.0, nosym=.true., occupations='smearing',
    smearing='m-v', degauss=0.025
/
&electrons
    conv_thr =  1.0d-8,
    mixing_beta = 0.7
/
&ions
    pot_extrapolation='second-order'
    wfc_extrapolation='second-order'
    ion_temperature = 'andersen'
    tempw = 1000

/
ATOMIC_SPECIES
 H  1.01  H.blyp-hgh.UPF
 O  16.0  O.blyp-hgh.UPF
ATOMIC_POSITIONS bohr
 O -5.275310 -1.265563 -1.544273
 O 3.231785 -2.501900 5.805339
 O -5.432237 6.130483 -5.424127
 O 0.701656 3.635806 -0.961733
 O -5.018715 1.047978 3.682135
 O -0.027230 6.215584 6.018217
 O -0.721686 -5.369585 -2.646845
 O 2.484876 0.728608 4.442788
 O -2.914207 -5.819953 5.856677
 O 2.653213 -2.493379 3.042741
 O 2.512139 -6.450351 3.005953
 O -3.699831 -3.669072 4.485974
 O -4.650390 -6.385476 0.644806
 O -3.522174 -5.203518 -3.673591
 O 2.791412 -3.284266 -2.202815
 O -1.928957 2.325535 -0.644405
 O -1.344711 -2.868832 2.614283
 O 0.424356 -4.457170 3.538678
 O 4.794885 -4.514422 -4.788012
 O 5.067005 5.013046 2.207853
 O 5.052484 -3.520624 3.507645
 O -2.872834 -2.661947 -3.736421
 O -1.201951 2.925632 -4.558096
 O 4.147745 2.085342 2.576691
 O 2.875901 1.292303 -3.873954
 O -4.169265 2.644714 -5.902561
 O 5.043481 -5.722992 -0.798821
 O 1.625592 -0.266174 -5.506433
 O -1.726825 0.213512 -5.170703
 O 1.226195 -0.731784 1.245825
 O 5.499444 -1.771892 -3.702257
 O 4.736993 -0.211315 -0.472243
 O 0.276792 4.345913 3.846258
 O -4.717228 0.618311 -4.022622
 O 0.897080 -3.820289 -0.290565
 O 4.556021 4.223542 -5.631571
 O 2.311441 6.013509 5.442330
 O -5.608029 5.054456 -1.799670
 O -0.278640 1.226925 -2.301917
 O -3.714693 -3.916336 -0.915802
 O -3.040537 5.636313 2.959571
 O -1.983481 3.079137 4.622591
 O -2.024675 -1.500544 -0.591330
 O -1.369712 -1.547444 5.311599
 O 0.381327 2.056778 5.674347
 O -4.738921 3.310999 1.287486
 O 3.195755 4.258089 -1.467036
 O 2.326109 -5.759629 -4.010826
 O -2.970630 4.367266 -3.015328
 O 4.415770 0.673076 6.422502
 O -2.249295 0.471780 2.058698
 O -0.050292 -1.942963 -3.414468
 O 0.044576 -3.459834 -5.689610
 O 6.204214 -5.983176 4.391300
 O 3.806283 -3.280824 0.397214
 O 5.401919 -0.683623 2.745569
 O 1.717938 3.871979 -4.380211
 O -1.487309 -6.175745 -0.316295
 O -5.245033 -1.762872 -5.973001
 O -4.594626 1.162706 -1.062940
 O 4.956270 2.827937 -3.077005
 O 2.170878 -0.515609 -1.372396
 O -4.852693 -2.445061 0.926071
 O 1.864205 2.663307 1.259341
 H -4.756978 -1.593823 -2.299668
 H -4.938640 -0.379022 -1.243484
 H 4.194793 -2.380545 5.920346
 H 3.101376 -2.464014 4.823676
 H -6.045365 5.374511 -5.584687
 H -5.484983 6.297467 -4.462924
 H 0.741246 3.246169 -1.850162
 H 1.535373 4.184494 -1.021725
 H -5.126775 0.223273 3.175270
 H -5.201159 0.922730 4.632871
 H -0.145862 6.701182 5.165680
 H 0.976743 6.070483 5.969600
 H -1.431634 -5.596719 -2.000914
 H -0.265892 -6.227707 -2.771368
 H 2.876842 1.255521 3.696472
 H 1.878002 1.345583 4.940452
 H -3.425207 -5.476580 6.623571
 H -2.006461 -5.919938 6.233781
 H 2.413459 -1.819755 2.330959
 H 3.145187 -3.163995 2.518724
 H 3.110227 -6.826850 2.316610
 H 1.591295 -6.464952 2.673231
 H -3.067084 -4.334843 4.847361
 H -4.576402 -3.791087 4.892563
 H -4.723752 -7.368008 0.626131
 H -4.724177 -6.263013 -0.313136
 H -3.517071 -4.209507 -3.716458
 H -2.584004 -5.292674 -3.369216
 H 2.366957 -2.382606 -2.238688
 H 2.476129 -3.500131 -1.285106
 H -2.652459 2.708093 -1.184064
 H -1.818516 3.175418 -0.166452
 H -1.334772 -3.506081 1.881356
 H -1.251945 -1.965990 2.250502
 H 1.340621 -4.119682 3.457140
 H -0.108014 -3.628131 3.376294
 H 5.228156 -5.099592 -5.437848
 H 4.856328 -3.576055 -5.040379
 H 5.607119 5.608269 2.810858
 H 5.748834 4.423516 1.803519
 H 5.526724 -2.748812 3.116197
 H 4.180136 -3.123409 3.682110
 H -1.906745 -2.534432 -3.503584
 H -3.031352 -2.025225 -4.457865
 H -0.269460 2.829126 -4.262497
 H -1.440517 1.989697 -4.772097
 H 4.769136 2.634659 3.093021
 H 3.429738 2.698507 2.303424
 H 2.237471 0.654710 -4.326617
 H 2.331581 2.113132 -3.943822
 H -4.479517 2.156018 -5.101698
 H -3.351879 2.233552 -6.221617
 H 5.687181 -6.029162 -0.129980
 H 5.338641 -6.229693 -1.583603
 H 2.175102 -0.820338 -6.113246
 H 0.826705 -0.073402 -6.029717
 H -1.456430 -0.252920 -6.026213
 H -2.652106 -0.108286 -5.122505
 H 1.109330 0.198736 1.527175
 H 1.542768 -0.661717 0.289499
 H 4.935000 -2.404431 -3.220015
 H 6.296649 -1.771604 -3.148327
 H 5.001060 0.610855 -0.934333
 H 5.441047 -0.834836 -0.768941
 H 0.064088 4.941335 4.619409
 H -0.583570 4.309866 3.385717
 H -3.814389 0.813372 -3.726899
 H -5.364959 0.971680 -3.394887
 H 0.493749 -4.234371 -1.087595
 H 0.717124 -2.860851 -0.390918
 H 3.859278 4.906956 -5.483220
 H 4.373480 3.887751 -6.533523
 H 2.481752 5.697727 4.471777
 H 2.583326 6.950437 5.377620
 H -5.836499 4.273095 -2.339891
 H -5.004302 5.596164 -2.357186
 H -0.542202 0.836297 -1.449944
 H -0.379211 0.449901 -2.887776
 H -3.448417 -4.853798 -0.875406
 H -4.244416 -3.631680 -0.140045
 H -3.957921 5.971370 2.980893
 H -2.770846 5.792103 3.884087
 H -2.807707 3.456865 4.245068
 H -1.974038 3.484983 5.518844
 H -2.541265 -2.176289 -1.080128
 H -2.080088 -1.755193 0.341816
 H -2.200114 -1.821658 4.859472
 H -0.872232 -2.383917 5.440157
 H -0.265071 1.727670 5.027054
 H 0.278562 3.005193 5.382570
 H -5.178198 2.859605 2.046961
 H -3.831221 2.979864 1.444308
 H 3.786234 4.841989 -0.951109
 H 3.749960 3.821729 -2.172374
 H 2.739808 -5.597122 -4.871348
 H 2.640396 -4.965886 -3.509850
 H -2.831808 3.580065 -3.596731
 H -2.090559 4.506828 -2.631989
 H 3.978962 1.050472 7.204386
 H 3.671619 0.576195 5.762021
 H -1.505562 1.107967 2.180478
 H -2.738477 0.482567 2.931438
 H -0.306323 -1.011381 -3.578791
 H 0.123360 -2.255907 -4.339779
 H -0.576078 -4.125733 -6.042947
 H 0.859276 -3.974599 -5.581177
 H 6.682751 -5.929864 5.247915
 H 6.170497 -5.056964 4.065888
 H 4.607510 -3.785448 0.642178
 H 3.842811 -3.447343 -0.570400
 H 4.894254 -0.505731 1.916114
 H 4.767446 -0.786080 3.478521
 H 1.704637 3.910262 -5.356726
 H 2.238147 4.688493 -4.101308
 H -0.519034 -6.274798 -0.267036
 H -1.750070 -5.940967 0.593281
 H -5.849507 -1.884372 -5.205612
 H -4.831243 -2.632519 -6.086554
 H -3.770733 1.210565 -0.529197
 H -5.146046 1.834160 -0.611204
 H 5.132506 3.353913 -3.895580
 H 4.173003 2.287789 -3.414424
 H 3.099569 -0.413092 -1.053452
 H 1.955496 0.277696 -1.904449
 H -5.308009 -1.607318 1.137793
 H -4.785219 -2.840918 1.822972
 H 1.122522 2.748267 1.875975
 H 1.426484 2.858350 0.380688
K_POINTS
 1
0.0 0.0 0.0 1.0