
&control
    calculation='scf'
    pseudo_dir = './',
    outdir='./outputs',
    disk_io='high'
/
&system
    ibrav= 1, celldm(1)=20.000000, nat=  192, ntyp= 2,
    ecutwfc = 30.0, nosym=.true., occupations='smearing',
    smearing='m-v', degauss=0.025
/
&electrons
    conv_thr =  1.0d-8,
    mixing_beta = 0.7
/
&ions
    pot_extrapolation='second-order'
    wfc_extrapolation='second-order'
    ion_temperature = 'andersen'
    tempw = 1000

/
ATOMIC_SPECIES
 H  1.01  H.blyp-hgh.UPF
 O  16.0  O.blyp-hgh.UPF
ATOMIC_POSITIONS bohr
 O -5.277223 -1.267362 -1.540276
 O 3.223782 -2.505433 5.806135
 O -5.429775 6.134467 -5.427396
 O 0.713941 3.633655 -0.959730
 O -5.023548 1.049666 3.680010
 O -0.026058 6.217904 6.025479
 O -0.725765 -5.368208 -2.642762
 O 2.487791 0.732199 4.445250
 O -2.917989 -5.826398 5.858865
 O 2.654466 -2.493091 3.051278
 O 2.508554 -6.447960 3.005265
 O -3.691792 -3.669728 4.483717
 O -4.652477 -6.395158 0.650156
 O -3.527773 -5.199552 -3.667165
 O 2.790559 -3.284618 -2.199312
 O -1.926786 2.325670 -0.647823
 O -1.342213 -2.872404 2.613859
 O 0.427977 -4.455968 3.537701
 O 4.795382 -4.511491 -4.789482
 O 5.070939 5.008967 2.205438
 O 5.047184 -3.523067 3.505667
 O -2.868736 -2.663621 -3.730371
 O -1.203388 2.926599 -4.555479
 O 4.146202 2.082339 2.571361
 O 2.875982 1.287315 -3.875745
 O -4.172069 2.648820 -5.896102
 O 5.047604 -5.723187 -0.796204
 O 1.621029 -0.264091 -5.509421
 O -1.726398 0.221113 -5.170163
 O 1.225571 -0.734026 1.249725
 O 5.506178 -1.773128 -3.707743
 O 4.733929 -0.210458 -0.480265
 O 0.275946 4.339249 3.855380
 O -4.715364 0.621437 -4.019915
 O 0.891162 -3.819173 -0.293132
 O 4.561136 4.220838 -5.640065
 O 2.308510 6.018143 5.440512
 O -5.603061 5.053690 -1.808008
 O -0.277541 1.231134 -2.302455
 O -3.717071 -3.914575 -0.917070
 O -3.041934 5.638493 2.958500
 O -1.981178 3.081758 4.618074
 O -2.018051 -1.505846 -0.588957
 O -1.368120 -1.553688 5.312617
 O 0.371662 2.064738 5.672935
 O -4.742200 3.308764 1.288380
 O 3.195679 4.259660 -1.469415
 O 2.314101 -5.761804 -4.009999
 O -2.977712 4.368770 -3.013805
 O 4.416860 0.674369 6.429387
 O -2.238709 0.470880 2.060854
 O -0.047609 -1.941161 -3.422069
 O 0.044270 -3.461029 -5.691342
 O 6.208109 -5.985220 4.387434
 O 3.799027 -3.274438 0.404309
 O 5.413277 -0.679008 2.749287
 O 1.717233 3.872877 -4.382663
 O -1.488781 -6.181322 -0.317109
 O -5.248512 -1.762030 -5.971384
 O -4.591758 1.166098 -1.066547
 O 4.958268 2.844220 -3.082612
 O 2.166828 -0.519364 -1.378279
 O -4.853228 -2.460995 0.929518
 O 1.864259 2.668011 1.259709
 H -4.769600 -1.583141 -2.304098
 H -4.928994 -0.385082 -1.237560
 H 4.184092 -2.386057 5.948513
 H 3.114626 -2.467030 4.823392
 H -6.036605 5.371073 -5.575753
 H -5.476630 6.304563 -4.466202
 H 0.733165 3.234919 -1.842747
 H 1.550646 4.172448 -1.029257
 H -5.127996 0.230234 3.163328
 H -5.205650 0.915875 4.624709
 H -0.139382 6.696373 5.165315
 H 0.978010 6.068530 5.972604
 H -1.421592 -5.611759 -1.983477
 H -0.253219 -6.220126 -2.754969
 H 2.893945 1.253948 3.705128
 H 1.885819 1.359254 4.936835
 H -3.429704 -5.470936 6.619011
 H -2.011779 -5.930871 6.238092
 H 2.398137 -1.844310 2.322303
 H 3.138582 -3.170451 2.528617
 H 3.100494 -6.842425 2.322115
 H 1.581453 -6.460341 2.686823
 H -3.060429 -4.334420 4.832871
 H -4.575292 -3.808979 4.872599
 H -4.726970 -7.373933 0.619911
 H -4.739916 -6.274293 -0.307547
 H -3.509964 -4.206908 -3.718001
 H -2.578358 -5.291348 -3.392290
 H 2.355934 -2.391843 -2.235005
 H 2.477484 -3.505620 -1.285177
 H -2.664815 2.687299 -1.181672
 H -1.813873 3.190297 -0.197871
 H -1.346594 -3.518728 1.874038
 H -1.260325 -1.974066 2.248908
 H 1.340457 -4.110031 3.433499
 H -0.101525 -3.628153 3.351622
 H 5.240529 -5.097300 -5.429652
 H 4.833337 -3.570952 -5.032694
 H 5.598259 5.625031 2.800851
 H 5.774966 4.422228 1.825362
 H 5.533263 -2.750986 3.132768
 H 4.178249 -3.123621 3.692165
 H -1.898906 -2.526723 -3.519526
 H -3.041306 -2.025143 -4.447704
 H -0.273490 2.832334 -4.251813
 H -1.436927 1.989824 -4.754811
 H 4.775444 2.622992 3.087785
 H 3.424784 2.694971 2.309614
 H 2.245395 0.637098 -4.318796
 H 2.331397 2.106800 -3.947358
 H -4.500356 2.140365 -5.110634
 H -3.353532 2.221361 -6.197824
 H 5.700881 -6.033324 -0.135742
 H 5.323485 -6.243749 -1.578757
 H 2.168487 -0.809562 -6.121135
 H 0.821909 -0.063394 -6.029500
 H -1.458277 -0.266202 -6.014977
 H -2.653849 -0.095542 -5.123459
 H 1.102512 0.192590 1.538056
 H 1.528008 -0.657273 0.287329
 H 4.946581 -2.418129 -3.238836
 H 6.307110 -1.770854 -3.160018
 H 5.005107 0.607986 -0.932882
 H 5.429348 -0.836204 -0.773642
 H 0.078187 4.937956 4.626342
 H -0.579028 4.290043 3.397147
 H -3.816534 0.805733 -3.704885
 H -5.366984 0.978576 -3.396250
 H 0.493162 -4.226062 -1.095991
 H 0.708693 -2.860799 -0.386442
 H 3.865767 4.902736 -5.476642
 H 4.382407 3.889161 -6.544921
 H 2.499000 5.719258 4.464746
 H 2.592954 6.953087 5.379583
 H -5.839271 4.276654 -2.346985
 H -5.009619 5.610968 -2.355132
 H -0.538244 0.818450 -1.457138
 H -0.396067 0.468190 -2.905918
 H -3.489533 -4.860267 -0.889752
 H -4.226264 -3.629259 -0.135939
 H -3.952692 5.982870 2.990611
 H -2.760470 5.776686 3.880329
 H -2.795855 3.475000 4.239336
 H -1.968226 3.472629 5.520790
 H -2.535991 -2.174979 -1.083193
 H -2.088696 -1.760224 0.343189
 H -2.200648 -1.806086 4.855983
 H -0.872574 -2.392416 5.424732
 H -0.259361 1.738855 5.006656
 H 0.254790 3.018933 5.417427
 H -5.191750 2.857297 2.039908
 H -3.833305 3.000071 1.466815
 H 3.790256 4.833886 -0.951256
 H 3.745344 3.846812 -2.190989
 H 2.730686 -5.608430 -4.872919
 H 2.637337 -4.961808 -3.522946
 H -2.826587 3.593930 -3.616501
 H -2.084236 4.510079 -2.661001
 H 3.970863 1.067705 7.200996
 H 3.680663 0.570963 5.766486
 H -1.517657 1.124341 2.163058
 H -2.745571 0.509999 2.919785
 H -0.285387 -1.002827 -3.566805
 H 0.127509 -2.236525 -4.351809
 H -0.568372 -4.129701 -6.056824
 H 0.860825 -3.976835 -5.581170
 H 6.692197 -5.948307 5.243266
 H 6.164610 -5.053268 4.076001
 H 4.590966 -3.792303 0.653789
 H 3.836260 -3.451562 -0.561588
 H 4.891537 -0.526277 1.926208
 H 4.784135 -0.778674 3.484938
 H 1.700134 3.903486 -5.359321
 H 2.243770 4.683568 -4.087064
 H -0.519334 -6.276309 -0.272734
 H -1.758385 -5.958597 0.594706
 H -5.846356 -1.883852 -5.199275
 H -4.814504 -2.623133 -6.083894
 H -3.764463 1.216286 -0.536694
 H -5.138045 1.838494 -0.611643
 H 5.139919 3.354869 -3.911129
 H 4.194534 2.279390 -3.421607
 H 3.100691 -0.411708 -1.061878
 H 1.931845 0.286335 -1.883949
 H -5.295080 -1.613988 1.128249
 H -4.764467 -2.830270 1.836528
 H 1.125157 2.747378 1.881119
 H 1.421152 2.858274 0.386781
K_POINTS
 1
0.0 0.0 0.0 1.0