
&control
    calculation='scf'
    pseudo_dir = './',
    outdir='./outputs',
    disk_io='high'
/
&system
    ibrav= 1, celldm(1)=20.000000, nat=  192, ntyp= 2,
    ecutwfc = 30.0, nosym=.true., occupations='smearing',
    smearing='m-v', degauss=0.025
/
&electrons
    conv_thr =  1.0d-8,
    mixing_beta = 0.7
/
&ions
    pot_extrapolation='second-order'
    wfc_extrapolation='second-order'
    ion_temperature = 'andersen'
    tempw = 1000

/
ATOMIC_SPECIES
 H  1.01  H.blyp-hgh.UPF
 O  16.0  O.blyp-hgh.UPF
ATOMIC_POSITIONS bohr
 O -5.279321 -1.269278 -1.536168
 O 3.215786 -2.508987 5.806884
 O -5.427567 6.138326 -5.430654
 O 0.726267 3.631767 -0.957688
 O -5.028085 1.051630 3.677689
 O -0.025319 6.220222 6.032529
 O -0.729892 -5.366939 -2.638716
 O 2.490603 0.735891 4.447644
 O -2.921440 -5.832758 5.861041
 O 2.655673 -2.492808 3.059597
 O 2.505043 -6.445543 3.004302
 O -3.683821 -3.669975 4.481276
 O -4.654604 -6.404912 0.655413
 O -3.533218 -5.195517 -3.660740
 O 2.789697 -3.284797 -2.195762
 O -1.924991 2.326211 -0.651018
 O -1.339850 -2.876029 2.613389
 O 0.431705 -4.454760 3.536842
 O 4.795692 -4.508687 -4.790769
 O 5.075203 5.004888 2.203096
 O 5.042225 -3.525544 3.503655
 O -2.864543 -2.665044 -3.724322
 O -1.204797 2.927492 -4.552864
 O 4.144683 2.079367 2.566138
 O 2.875754 1.282473 -3.877328
 O -4.174992 2.653027 -5.889581
 O 5.051579 -5.723384 -0.793516
 O 1.616251 -0.262202 -5.512483
 O -1.726107 0.228623 -5.169753
 O 1.225016 -0.736298 1.253506
 O 5.512814 -1.774456 -3.713411
 O 4.730887 -0.209532 -0.488202
 O 0.275220 4.332725 3.864520
 O -4.713455 0.624516 -4.017479
 O 0.885200 -3.818076 -0.295713
 O 4.566229 4.218285 -5.648539
 O 2.306107 6.022755 5.438754
 O -5.598119 5.052949 -1.816498
 O -0.276336 1.235050 -2.303128
 O -3.719286 -3.912845 -0.918603
 O -3.043251 5.640598 2.957486
 O -1.979107 3.084423 4.613600
 O -2.011321 -1.511028 -0.586724
 O -1.366670 -1.559891 5.313480
 O 0.362028 2.072903 5.671336
 O -4.745521 3.306285 1.289418
 O 3.195640 4.261259 -1.471851
 O 2.302089 -5.763886 -4.009149
 O -2.984893 4.370048 -3.012248
 O 4.418058 0.675600 6.435988
 O -2.228232 0.469981 2.063267
 O -0.045062 -1.939296 -3.429740
 O 0.043916 -3.462166 -5.693202
 O 6.212092 -5.987165 4.383467
 O 3.792036 -3.268115 0.411450
 O 5.424707 -0.674577 2.752817
 O 1.716696 3.873915 -4.385020
 O -1.490278 -6.187005 -0.317738
 O -5.251924 -1.761224 -5.969844
 O -4.588818 1.169712 -1.069983
 O 4.960152 2.860557 -3.088454
 O 2.162691 -0.523181 -1.384070
 O -4.853832 -2.476928 0.933442
 O 1.864200 2.672641 1.260126
 H -4.780071 -1.572208 -2.307643
 H -4.918969 -0.391446 -1.233067
 H 4.172943 -2.390870 5.976529
 H 3.126937 -2.469343 4.823830
 H -6.027529 5.367409 -5.566555
 H -5.467363 6.312157 -4.469836
 H 0.723934 3.222115 -1.835780
 H 1.566219 4.159922 -1.036774
 H -5.130881 0.237028 3.152990
 H -5.210651 0.908056 4.616668
 H -0.132525 6.692018 5.165243
 H 0.978864 6.066774 5.975806
 H -1.410484 -5.626111 -1.965412
 H -0.240294 -6.211742 -2.739462
 H 2.911681 1.251988 3.714411
 H 1.893994 1.372209 4.932360
 H -3.434483 -5.466548 6.615300
 H -2.017571 -5.942569 6.242331
 H 2.381895 -1.868891 2.315139
 H 3.131031 -3.176813 2.537115
 H 3.090720 -6.857972 2.328276
 H 1.572195 -6.456034 2.700551
 H -3.055184 -4.335473 4.819268
 H -4.573161 -3.827741 4.852609
 H -4.729819 -7.380252 0.615616
 H -4.755826 -6.284209 -0.302610
 H -3.503651 -4.204256 -3.719219
 H -2.573663 -5.291486 -3.416264
 H 2.345670 -2.401251 -2.232633
 H 2.477592 -3.512783 -1.286160
 H -2.677431 2.665075 -1.181596
 H -1.806867 3.204634 -0.228149
 H -1.358336 -3.530018 1.866837
 H -1.268230 -1.981836 2.246849
 H 1.339936 -4.100663 3.409858
 H -0.095346 -3.629158 3.326692
 H 5.253838 -5.093573 -5.422040
 H 4.811168 -3.566560 -5.025737
 H 5.588038 5.640178 2.790208
 H 5.799351 4.422494 1.847473
 H 5.539459 -2.753270 3.149255
 H 4.176914 -3.123875 3.702673
 H -1.891391 -2.519254 -3.535533
 H -3.051487 -2.025501 -4.437606
 H -0.278362 2.836464 -4.241295
 H -1.433179 1.989955 -4.737866
 H 4.781337 2.611054 3.082476
 H 3.420047 2.691445 2.314499
 H 2.255011 0.618864 -4.311568
 H 2.331626 2.101327 -3.950935
 H -4.520686 2.124135 -5.121073
 H -3.355320 2.208538 -6.173827
 H 5.714288 -6.037251 -0.141114
 H 5.308757 -6.257301 -1.573769
 H 2.162374 -0.799233 -6.128120
 H 0.817486 -0.052933 -6.028873
 H -1.460051 -0.279625 -6.002540
 H -2.655420 -0.082205 -5.124092
 H 1.096390 0.186069 1.548708
 H 1.512789 -0.652470 0.286337
 H 4.957352 -2.432123 -3.257390
 H 6.317157 -1.769203 -3.170832
 H 5.008805 0.605511 -0.931291
 H 5.417815 -0.838541 -0.779054
 H 0.092289 4.934316 4.632742
 H -0.575121 4.269754 3.408949
 H -3.819225 0.798658 -3.680947
 H -5.368599 0.985665 -3.396586
 H 0.492238 -4.217082 -1.104393
 H 0.699614 -2.861293 -0.381899
 H 3.873189 4.897678 -5.470990
 H 4.391652 3.890565 -6.555538
 H 2.515511 5.741341 4.458067
 H 2.602732 6.955577 5.381827
 H -5.841485 4.279967 -2.354069
 H -5.014230 5.624764 -2.353559
 H -0.534641 0.801443 -1.463783
 H -0.412728 0.487835 -2.924122
 H -3.530894 -4.865969 -0.903220
 H -4.208550 -3.627085 -0.131576
 H -3.947819 5.994491 2.999564
 H -2.750030 5.761657 3.877292
 H -2.783964 3.492811 4.233482
 H -1.962058 3.460046 5.522706
 H -2.530874 -2.174285 -1.085401
 H -2.098055 -1.765252 0.344448
 H -2.200746 -1.790751 4.852568
 H -0.872170 -2.400250 5.409896
 H -0.254200 1.748839 4.986250
 H 0.232002 3.031823 5.452747
 H -5.205687 2.854931 2.032582
 H -3.834786 3.020807 1.488720
 H 3.794613 4.826440 -0.951579
 H 3.741020 3.872068 -2.208305
 H 2.722077 -5.619677 -4.874897
 H 2.633929 -4.958424 -3.535192
 H -2.820792 3.609612 -3.635978
 H -2.077676 4.513329 -2.690074
 H 3.962514 1.084702 7.198172
 H 3.690892 0.566428 5.771246
 H -1.530367 1.140193 2.145683
 H -2.751622 0.537899 2.906386
 H -0.264146 -0.995204 -3.554935
 H 0.131589 -2.217806 -4.363031
 H -0.560334 -4.134081 -6.069476
 H 0.862749 -3.979092 -5.580971
 H 6.701662 -5.967046 5.238361
 H 6.157588 -5.049783 4.086265
 H 4.574165 -3.799041 0.666114
 H 3.829734 -3.455118 -0.552677
 H 4.888812 -0.546577 1.937315
 H 4.800384 -0.770297 3.491051
 H 1.695712 3.896934 -5.361174
 H 2.247081 4.677289 -4.073317
 H -0.519673 -6.277826 -0.278270
 H -1.767324 -5.976491 0.596153
 H -5.843839 -1.882713 -5.192562
 H -4.797387 -2.613859 -6.081259
 H -3.757548 1.221447 -0.544444
 H -5.130392 1.842867 -0.612064
 H 5.147260 3.355366 -3.926422
 H 4.217703 2.270384 -3.427663
 H 3.102383 -0.410101 -1.070725
 H 1.908483 0.294704 -1.863393
 H -5.282336 -1.620673 1.117582
 H -4.743181 -2.819906 1.849500
 H 1.127635 2.746935 1.887178
 H 1.416228 2.858410 0.392274
K_POINTS
 1
0.0 0.0 0.0 1.0