
&control
    calculation='scf'
    pseudo_dir = './',
    outdir='./outputs',
    disk_io='high'
/
&system
    ibrav= 1, celldm(1)=20.000000, nat=  192, ntyp= 2,
    ecutwfc = 30.0, nosym=.true., occupations='smearing',
    smearing='m-v', degauss=0.025
/
&electrons
    conv_thr =  1.0d-8,
    mixing_beta = 0.7
/
&ions
    pot_extrapolation='second-order'
    wfc_extrapolation='second-order'
    ion_temperature = 'andersen'
    tempw = 1000

/
ATOMIC_SPECIES
 H  1.01  H.blyp-hgh.UPF
 O  16.0  O.blyp-hgh.UPF
ATOMIC_POSITIONS bohr
 O -5.283210 -1.272638 -1.528999
 O 3.202538 -2.514962 5.808125
 O -5.424482 6.144476 -5.436036
 O 0.746758 3.629126 -0.954194
 O -5.034946 1.055544 3.673234
 O -0.025006 6.224102 6.043719
 O -0.736893 -5.365171 -2.631977
 O 2.495047 0.742243 4.451523
 O -2.926491 -5.843155 5.864623
 O 2.657545 -2.492399 3.072865
 O 2.499354 -6.441425 3.002154
 O -3.670864 -3.669372 4.476773
 O -4.658248 -6.421207 0.663854
 O -3.541854 -5.188670 -3.650080
 O 2.788321 -3.284833 -2.189835
 O -1.922854 2.328042 -0.655867
 O -1.336240 -2.882579 2.612280
 O 0.438211 -4.452638 3.535584
 O 4.795740 -4.504353 -4.792413
 O 5.083108 4.998057 2.199335
 O 5.034714 -3.529808 3.500260
 O -2.857328 -2.666808 -3.714292
 O -1.207078 2.928919 -4.548475
 O 4.142223 2.074422 2.557679
 O 2.874802 1.274737 -3.879479
 O -4.180020 2.660066 -5.878510
 O 5.057945 -5.723766 -0.788844
 O 1.607781 -0.259434 -5.517676
 O -1.725952 0.240874 -5.169357
 O 1.224230 -0.740196 1.259485
 O 5.523650 -1.776842 -3.723286
 O 4.725672 -0.207919 -0.501102
 O 0.274539 4.322131 3.879747
 O -4.710184 0.629585 -4.013912
 O 0.875181 -3.816337 -0.300034
 O 4.574743 4.214315 -5.662564
 O 2.303384 6.030488 5.435857
 O -5.590026 5.051810 -1.830790
 O -0.274122 1.240828 -2.304472
 O -3.722534 -3.910076 -0.921862
 O -3.045194 5.643891 2.955885
 O -1.976119 3.088935 4.606241
 O -1.999868 -1.519387 -0.583266
 O -1.364529 -1.570032 5.314639
 O 0.345999 2.086818 5.668256
 O -4.751180 3.301664 1.291405
 O 3.195672 4.263990 -1.476075
 O 2.282156 -5.767082 -4.007763
 O -2.996846 4.371561 -3.009678
 O 4.420362 0.677582 6.446551
 O -2.211176 0.468311 2.067743
 O -0.041118 -1.936078 -3.442647
 O 0.043298 -3.464037 -5.696594
 O 6.218945 -5.990164 4.376649
 O 3.780978 -3.257749 0.423435
 O 5.443924 -0.667606 2.758308
 O 1.716152 3.875874 -4.388626
 O -1.492827 -6.196729 -0.318358
 O -5.257414 -1.759988 -5.967480
 O -4.583683 1.176200 -1.075324
 O 4.963100 2.887893 -3.098758
 O 2.155692 -0.529603 -1.393490
 O -4.854966 -2.503471 0.941097
 O 1.863855 2.680185 1.261079
 H -4.792392 -1.553934 -2.312161
 H -4.901931 -0.402842 -1.228592
 H 4.152993 -2.397334 6.022484
 H 3.145277 -2.471515 4.825912
 H -6.011743 5.360830 -5.550848
 H -5.449684 6.325968 -4.476592
 H 0.706150 3.197558 -1.824977
 H 1.593334 4.138289 -1.049517
 H -5.139399 0.247953 3.139284
 H -5.220304 0.892747 4.604735
 H -0.120475 6.685540 5.166380
 H 0.979200 6.064416 5.981758
 H -1.389833 -5.647801 -1.934510
 H -0.218078 -6.195695 -2.715930
 H 2.942744 1.248135 3.730670
 H 1.908370 1.392199 4.923195
 H -3.442903 -5.462074 6.610902
 H -2.028101 -5.963630 6.249344
 H 2.352916 -1.909205 2.306829
 H 3.116686 -3.187340 2.548576
 H 3.074248 -6.883897 2.339568
 H 1.558333 -6.449674 2.723585
 H -3.048635 -4.341400 4.798974
 H -4.566931 -3.860857 4.819149
 H -4.733761 -7.392682 0.613022
 H -4.782584 -6.297542 -0.295419
 H -3.495127 -4.199410 -3.720357
 H -2.568421 -5.295141 -3.457764
 H 2.329852 -2.416288 -2.231609
 H 2.474802 -3.528478 -1.289151
 H -2.698586 2.624975 -1.186110
 H -1.790117 3.227218 -0.276415
 H -1.377703 -3.543905 1.857243
 H -1.280241 -1.992871 2.241862
 H 1.338255 -4.086173 3.370898
 H -0.086107 -3.633399 3.285036
 H 5.278192 -5.083868 -5.410953
 H 4.776402 -3.560814 -5.016258
 H 5.568100 5.661820 2.771251
 H 5.835463 4.426678 1.884900
 H 5.548956 -2.757088 3.176351
 H 4.176228 -3.124357 3.720978
 H -1.879460 -2.507570 -3.562020
 H -3.069108 -2.027116 -4.420925
 H -0.287862 2.845587 -4.224015
 H -1.427042 1.989356 -4.710825
 H 4.790101 2.590756 3.073429
 H 3.412683 2.685842 2.319728
 H 2.274379 0.587587 -4.300887
 H 2.332669 2.093865 -3.957103
 H -4.553375 2.096592 -5.141989
 H -3.359386 2.186567 -6.133577
 H 5.735427 -6.042995 -0.149438
 H 5.285165 -6.278549 -1.565204
 H 2.153549 -0.783451 -6.138323
 H 0.810840 -0.034423 -6.027054
 H -1.462436 -0.302158 -5.979517
 H -2.657829 -0.058589 -5.124233
 H 1.087695 0.174678 1.566130
 H 1.486737 -0.643889 0.287493
 H 4.973878 -2.455998 -3.287425
 H 6.332592 -1.764756 -3.186865
 H 5.014679 0.603631 -0.929091
 H 5.399880 -0.845328 -0.790025
 H 0.115105 4.928062 4.642455
 H -0.571251 4.235167 3.429292
 H -3.825183 0.788068 -3.637205
 H -5.370176 0.997579 -3.395363
 H 0.489810 -4.200850 -1.118480
 H 0.683053 -2.862791 -0.374163
 H 3.887312 4.887458 -5.463992
 H 4.407472 3.893176 -6.571473
 H 2.540741 5.778619 4.447913
 H 2.618979 6.959321 5.386768
 H -5.843787 4.284631 -2.366504
 H -5.019965 5.645608 -2.352817
 H -0.529182 0.775429 -1.474374
 H -0.440101 0.523852 -2.954574
 H -3.599961 -4.874094 -0.924080
 H -4.181026 -3.623397 -0.122563
 H -3.941065 6.014339 3.012960
 H -2.732550 5.737611 3.873921
 H -2.764500 3.521935 4.223593
 H -1.951293 3.438600 5.525663
 H -2.522779 -2.174687 -1.087524
 H -2.115237 -1.773506 0.346197
 H -2.200146 -1.766185 4.846846
 H -0.870018 -2.412074 5.386399
 H -0.246000 1.763625 4.952791
 H 0.195945 3.051422 5.512250
 H -5.229698 2.850492 2.020014
 H -3.835769 3.056451 1.524096
 H 3.802648 4.815770 -0.952034
 H 3.734429 3.914033 -2.234473
 H 2.708378 -5.638656 -4.878584
 H 2.627286 -4.954548 -3.553504
 H -2.810898 3.640096 -3.667311
 H -2.067017 4.519219 -2.738400
 H 3.948467 1.112000 7.194039
 H 3.709574 0.560285 5.778968
 H -1.551226 1.167000 2.116883
 H -2.759818 0.585202 2.881081
 H -0.228037 -0.984194 -3.535293
 H 0.138302 -2.188266 -4.380229
 H -0.546154 -4.142021 -6.087759
 H 0.866121 -3.982333 -5.580249
 H 6.717167 -5.998581 5.229193
 H 6.143472 -5.044787 4.103967
 H 4.545565 -3.809869 0.688320
 H 3.818894 -3.459393 -0.537593
 H 4.884219 -0.579697 1.957284
 H 4.826368 -0.754335 3.501206
 H 1.688960 3.887079 -5.362648
 H 2.247267 4.663805 -4.052487
 H -0.520543 -6.280332 -0.286679
 H -1.783247 -6.006933 0.598183
 H -5.840940 -1.879772 -5.180756
 H -4.768498 -2.598222 -6.076786
 H -3.744963 1.228709 -0.557969
 H -5.118594 1.850396 -0.612625
 H 5.159199 3.355186 -3.951137
 H 4.259332 2.254257 -3.435145
 H 3.105183 -0.406990 -1.086697
 H 1.870488 0.307545 -1.828893
 H -5.261599 -1.631742 1.097326
 H -4.706694 -2.803272 1.869467
 H 1.131778 2.747137 1.899003
 H 1.408604 2.859348 0.399344
K_POINTS
 1
0.0 0.0 0.0 1.0