
&control
    calculation='scf'
    pseudo_dir = './',
    outdir='./outputs',
    disk_io='high'
/
&system
    ibrav= 1, celldm(1)=20.000000, nat=  192, ntyp= 2,
    ecutwfc = 30.0, nosym=.true., occupations='smearing',
    smearing='m-v', degauss=0.025
/
&electrons
    conv_thr =  1.0d-8,
    mixing_beta = 0.7
/
&ions
    pot_extrapolation='second-order'
    wfc_extrapolation='second-order'
    ion_temperature = 'andersen'
    tempw = 1000

/
ATOMIC_SPECIES
 H  1.01  H.blyp-hgh.UPF
 O  16.0  O.blyp-hgh.UPF
ATOMIC_POSITIONS bohr
 O -5.285745 -1.274716 -1.524489
 O 3.194671 -2.518583 5.808934
 O -5.423003 6.147998 -5.439231
 O 0.758939 3.627785 -0.952084
 O -5.038625 1.058289 3.670172
 O -0.025336 6.226445 6.050054
 O -0.741171 -5.364378 -2.627892
 O 2.497574 0.746143 4.453797
 O -2.929143 -5.849262 5.866745
 O 2.658555 -2.492220 3.080392
 O 2.496046 -6.438879 3.000584
 O -3.663359 -3.668375 4.473812
 O -4.660505 -6.430945 0.668649
 O -3.546724 -5.184507 -3.643748
 O 2.787582 -3.284774 -2.186327
 O -1.922110 2.329718 -0.658515
 O -1.334288 -2.886963 2.611317
 O 0.442322 -4.451245 3.534878
 O 4.795468 -4.501989 -4.793061
 O 5.088318 4.993920 2.197150
 O 5.030655 -3.532475 3.498215
 O -2.852854 -2.667475 -3.708327
 O -1.208425 2.929790 -4.545820
 O 4.140788 2.071420 2.552751
 O 2.873962 1.270302 -3.880463
 O -4.183059 2.664179 -5.871720
 O 5.061651 -5.724059 -0.785914
 O 1.602400 -0.257981 -5.520792
 O -1.726063 0.248039 -5.169280
 O 1.223822 -0.742628 1.262863
 O 5.530003 -1.778381 -3.729464
 O 4.722375 -0.206961 -0.508591
 O 0.274571 4.315913 3.888835
 O -4.708161 0.632622 -4.011978
 O 0.869126 -3.815379 -0.302635
 O 4.579935 4.212057 -5.670880
 O 2.302576 6.035207 5.434086
 O -5.585293 5.051210 -1.839350
 O -0.272686 1.243799 -2.305361
 O -3.724189 -3.908525 -0.924272
 O -3.046174 5.645721 2.954983
 O -1.974579 3.091667 4.601883
 O -1.992867 -1.524240 -0.581316
 O -1.363379 -1.575940 5.315209
 O 0.336368 2.095254 5.666148
 O -4.754635 3.298617 1.292722
 O 3.195771 4.265681 -1.478714
 O 2.270310 -5.768797 -4.007010
 O -3.003843 4.372061 -3.008198
 O 4.421975 0.678783 6.452763
 O -2.201238 0.467123 2.070638
 O -0.038932 -1.934106 -3.450442
 O 0.042963 -3.465201 -5.698804
 O 6.223197 -5.991810 4.372444
 O 3.774696 -3.251649 0.430678
 O 5.455554 -0.663677 2.761384
 O 1.715991 3.877101 -4.390534
 O -1.494393 -6.202727 -0.318466
 O -5.260563 -1.759335 -5.966191
 O -4.580421 1.180357 -1.078296
 O 4.964789 2.904337 -3.105298
 O 2.151477 -0.533428 -1.398996
 O -4.855708 -2.519387 0.946395
 O 1.863491 2.684602 1.261890
 H -4.796671 -1.543198 -2.314216
 H -4.891814 -0.410143 -1.227529
 H 4.139964 -2.400275 6.049343
 H 3.154951 -2.471744 4.827794
 H -6.001905 5.356625 -5.541301
 H -5.437627 6.334965 -4.480976
 H 0.694184 3.181229 -1.818521
 H 1.610535 4.124991 -1.057469
 H -5.146734 0.254208 3.133045
 H -5.226932 0.882205 4.598886
 H -0.113034 6.682035 5.168083
 H 0.978658 6.063412 5.985816
 H -1.376349 -5.659086 -1.915861
 H -0.204284 -6.184686 -2.703385
 H 2.962326 1.245629 3.740553
 H 1.917319 1.403345 4.916876
 H -3.448076 -5.461156 6.609194
 H -2.034737 -5.977124 6.253618
 H 2.334490 -1.932595 2.304206
 H 3.107232 -3.193644 2.554110
 H 3.064216 -6.899531 2.346688
 H 1.551019 -6.446434 2.737379
 H -3.045582 -4.347766 4.788320
 H -4.561450 -3.881727 4.798934
 H -4.735648 -7.401705 0.614272
 H -4.798672 -6.303644 -0.291309
 H -3.491298 -4.196120 -3.720388
 H -2.567085 -5.299444 -3.483279
 H 2.320868 -2.424349 -2.232704
 H 2.471240 -3.540105 -1.291419
 H -2.710816 2.599239 -1.191066
 H -1.777307 3.239764 -0.304414
 H -1.389158 -3.548545 1.853802
 H -1.286719 -1.997876 2.237774
 H 1.336778 -4.078442 3.348077
 H -0.081417 -3.637683 3.260282
 H 5.294108 -5.075784 -5.405357
 H 4.757029 -3.558338 -5.012074
 H 5.554603 5.672826 2.759399
 H 5.854298 4.431385 1.907564
 H 5.554132 -2.759280 3.192283
 H 4.176886 -3.124681 3.732314
 H -1.872602 -2.501135 -3.577618
 H -3.080146 -2.028698 -4.411026
 H -0.293965 2.852495 -4.213684
 H -1.423652 1.988127 -4.695536
 H 4.794701 2.578506 3.067905
 H 3.408661 2.682739 2.321139
 H 2.287703 0.568628 -4.295315
 H 2.333539 2.090162 -3.960995
 H -4.572266 2.080257 -5.156658
 H -3.362943 2.173579 -6.109408
 H 5.747073 -6.045812 -0.154178
 H 5.271579 -6.290340 -1.559901
 H 2.149157 -0.775051 -6.143907
 H 0.807163 -0.022617 -6.025652
 H -1.463301 -0.315710 -5.964580
 H -2.659320 -0.043574 -5.123668
 H 1.083341 0.167754 1.576521
 H 1.470943 -0.638540 0.289824
 H 4.983294 -2.470442 -3.304845
 H 6.340819 -1.761254 -3.195286
 H 5.018292 0.604459 -0.928390
 H 5.390200 -0.851320 -0.797901
 H 0.127985 4.924451 4.647901
 H -0.570988 4.214106 3.441942
 H -3.829905 0.782364 -3.609032
 H -5.370319 1.004562 -3.393938
 H 0.487737 -4.190504 -1.127013
 H 0.672273 -2.863737 -0.369399
 H 3.896474 4.880484 -5.461383
 H 4.417026 3.895008 -6.580104
 H 2.554136 5.800813 4.442493
 H 2.628490 6.961344 5.390783
 H -5.844262 4.286773 -2.374685
 H -5.022098 5.656834 -2.353876
 H -0.526096 0.761498 -1.480926
 H -0.456322 0.547465 -2.972906
 H -3.641279 -4.878118 -0.935865
 H -4.166089 -3.620875 -0.115702
 H -3.937965 6.026588 3.020203
 H -2.722154 5.723852 3.872729
 H -2.753260 3.539162 4.217696
 H -1.944742 3.425475 5.527163
 H -2.518194 -2.175925 -1.088071
 H -2.126419 -1.778270 0.346927
 H -2.199438 -1.752303 4.843279
 H -0.867985 -2.418527 5.372977
 H -0.240796 1.771997 4.933529
 H 0.175268 3.061965 5.548079
 H -5.244477 2.847326 2.012397
 H -3.835695 3.078495 1.544734
 H 3.807851 4.810476 -0.952054
 H 3.730814 3.938842 -2.248694
 H 2.700238 -5.650379 -4.880645
 H 2.622628 -4.953370 -3.563125
 H -2.805455 3.660926 -3.685277
 H -2.061471 4.523303 -2.767132
 H 3.940275 1.127394 7.191428
 H 3.721075 0.557335 5.782875
 H -1.562777 1.184071 2.099597
 H -2.763988 0.613915 2.864740
 H -0.205920 -0.978346 -3.523517
 H 0.142325 -2.171631 -4.389855
 H -0.537212 -4.147052 -6.097034
 H 0.867861 -3.983627 -5.579602
 H 6.726121 -6.017445 5.222867
 H 6.133636 -5.042453 4.115094
 H 4.528041 -3.816046 0.702667
 H 3.812404 -3.460872 -0.528424
 H 4.881437 -0.599068 1.969689
 H 4.841305 -0.743638 3.507609
 H 1.685525 3.882114 -5.362715
 H 2.244316 4.654237 -4.041644
 H -0.521359 -6.281814 -0.290947
 H -1.793192 -6.025574 0.598930
 H -5.839823 -1.877570 -5.173532
 H -4.751298 -2.588420 -6.073957
 H -3.737048 1.232224 -0.566456
 H -5.112141 1.855121 -0.612820
 H 5.166114 3.354532 -3.965440
 H 4.285736 2.244047 -3.438021
 H 3.106123 -0.404915 -1.097151
 H 1.848484 0.314172 -1.807957
 H -5.249476 -1.638351 1.083711
 H -4.684339 -2.793647 1.880211
 H 1.134544 2.747796 1.906859
 H 1.404214 2.860451 0.402037
K_POINTS
 1
0.0 0.0 0.0 1.0