
&control
    calculation='scf'
    pseudo_dir = './',
    outdir='./outputs',
    disk_io='high'
/
&system
    ibrav= 1, celldm(1)=20.000000, nat=  192, ntyp= 2,
    ecutwfc = 30.0, nosym=.true., occupations='smearing',
    smearing='m-v', degauss=0.025
/
&electrons
    conv_thr =  1.0d-8,
    mixing_beta = 0.7
/
&ions
    pot_extrapolation='second-order'
    wfc_extrapolation='second-order'
    ion_temperature = 'andersen'
    tempw = 1000

/
ATOMIC_SPECIES
 H  1.01  H.blyp-hgh.UPF
 O  16.0  O.blyp-hgh.UPF
ATOMIC_POSITIONS bohr
 O -5.288393 -1.276824 -1.519840
 O 3.186882 -2.522234 5.809841
 O -5.421812 6.151395 -5.442397
 O 0.770982 3.626568 -0.950019
 O -5.041973 1.061333 3.666835
 O -0.026025 6.228795 6.056084
 O -0.745503 -5.363820 -2.623748
 O 2.500013 0.750082 4.456023
 O -2.931554 -5.855265 5.868848
 O 2.659459 -2.492117 3.087537
 O 2.492830 -6.436260 2.998837
 O -3.656081 -3.666921 4.470676
 O -4.662824 -6.440622 0.673187
 O -3.551338 -5.180313 -3.637491
 O 2.786943 -3.284708 -2.182887
 O -1.921792 2.331842 -0.660988
 O -1.332506 -2.891719 2.610082
 O 0.446604 -4.449729 3.534167
 O 4.794963 -4.499823 -4.793443
 O 5.093830 4.989747 2.195007
 O 5.026930 -3.535240 3.496175
 O -2.848264 -2.667836 -3.702411
 O -1.209783 2.930695 -4.543151
 O 4.139373 2.068364 2.547930
 O 2.872979 1.266030 -3.881206
 O -4.186067 2.668117 -5.864803
 O 5.065297 -5.724422 -0.782888
 O 1.596812 -0.256677 -5.523872
 O -1.726323 0.255055 -5.169314
 O 1.223446 -0.745149 1.266087
 O 5.536226 -1.780016 -3.735823
 O 4.718928 -0.206046 -0.515880
 O 0.274987 4.309770 3.897838
 O -4.706075 0.635680 -4.010120
 O 0.863039 -3.814506 -0.305245
 O 4.585256 4.209851 -5.679097
 O 2.302421 6.040016 5.432259
 O -5.580671 5.050688 -1.847840
 O -0.271177 1.246374 -2.306275
 O -3.725629 -3.907094 -0.927010
 O -3.047005 5.647435 2.954146
 O -1.973213 3.094408 4.597564
 O -1.985784 -1.528983 -0.579431
 O -1.362310 -1.581678 5.315716
 O 0.326714 2.103686 5.663840
 O -4.758104 3.295375 1.294118
 O 3.195959 4.267432 -1.481428
 O 2.258593 -5.770343 -4.006359
 O -3.010579 4.372254 -3.006793
 O 4.423791 0.680036 6.458983
 O -2.191520 0.465770 2.073653
 O -0.036883 -1.932120 -3.458258
 O 0.042691 -3.466426 -5.701143
 O 6.227556 -5.993341 4.368159
 O 3.768676 -3.245649 0.437968
 O 5.467239 -0.659948 2.764313
 O 1.715901 3.878274 -4.392215
 O -1.495987 -6.208860 -0.318374
 O -5.263588 -1.758767 -5.964997
 O -4.576999 1.184703 -1.081095
 O 4.966441 2.920791 -3.112114
 O 2.147269 -0.537175 -1.404393
 O -4.856480 -2.535287 0.952245
 O 1.862995 2.688936 1.262926
 H -4.798729 -1.532798 -2.315761
 H -4.881991 -0.417716 -1.227483
 H 4.125992 -2.402508 6.075453
 H 3.163631 -2.471126 4.830009
 H -5.991816 5.352254 -5.531721
 H -5.424414 6.344492 -4.485529
 H 0.681409 3.164073 -1.811549
 H 1.628530 4.111501 -1.065797
 H -5.155727 0.260157 3.128122
 H -5.234156 0.870736 4.594049
 H -0.105574 6.678798 5.170653
 H 0.977513 6.062755 5.990335
 H -1.362228 -5.668819 -1.897396
 H -0.190106 -6.172573 -2.692148
 H 2.982614 1.243063 3.750326
 H 1.926351 1.414025 4.910146
 H -3.453209 -5.461622 6.608043
 H -2.041407 -5.991204 6.258030
 H 2.315383 -1.955098 2.303485
 H 3.097304 -3.199926 2.558867
 H 3.054039 -6.915283 2.353883
 H 1.544427 -6.443690 2.751047
 H -3.043008 -4.356224 4.778755
 H -4.554656 -3.903231 4.778580
 H -4.737177 -7.412023 0.617611
 H -4.814682 -6.308421 -0.286971
 H -3.488455 -4.192500 -3.719831
 H -2.567272 -5.305331 -3.509006
 H 2.312086 -2.431359 -2.234996
 H 2.466208 -3.553291 -1.293887
 H -2.722146 2.572461 -1.197200
 H -1.762753 3.251315 -0.332021
 H -1.400459 -3.550220 1.852389
 H -1.292646 -2.001602 2.232887
 H 1.335000 -4.071625 3.325896
 H -0.077527 -3.643393 3.235942
 H 5.310956 -5.065893 -5.400557
 H 4.738875 -3.556622 -5.009147
 H 5.540189 5.682624 2.747467
 H 5.871150 4.437540 1.930200
 H 5.558911 -2.761353 3.207914
 H 4.178411 -3.125047 3.743835
 H -1.865951 -2.495205 -3.592881
 H -3.091571 -2.030726 -4.401231
 H -0.300006 2.860522 -4.203278
 H -1.420598 1.986108 -4.681070
 H 4.798835 2.566360 3.062360
 H 3.405023 2.679864 2.321286
 H 2.302054 0.549804 -4.290373
 H 2.334477 2.086837 -3.965080
 H -4.590641 2.064424 -5.172852
 H -3.367617 2.161160 -6.085352
 H 5.757755 -6.048074 -0.158779
 H 5.258419 -6.301288 -1.554441
 H 2.145434 -0.767548 -6.149287
 H 0.803605 -0.010240 -6.024166
 H -1.463604 -0.329251 -5.948994
 H -2.661007 -0.027934 -5.122557
 H 1.079592 0.160928 1.586978
 H 1.455237 -0.633153 0.293234
 H 4.992662 -2.484732 -3.321823
 H 6.348095 -1.757259 -3.202804
 H 5.022110 0.606943 -0.928284
 H 5.381342 -0.858649 -0.806751
 H 0.139987 4.921126 4.653212
 H -0.572358 4.192936 3.455088
 H -3.835735 0.777073 -3.579785
 H -5.369790 1.011254 -3.392296
 H 0.485148 -4.179820 -1.135618
 H 0.660879 -2.864475 -0.364512
 H 3.905779 4.873167 -5.460002
 H 4.426488 3.897072 -6.588224
 H 2.565975 5.822546 4.437617
 H 2.637694 6.963257 5.395807
 H -5.844006 4.288379 -2.383597
 H -5.023228 5.667047 -2.356247
 H -0.523077 0.748996 -1.487956
 H -0.472426 0.572533 -2.991282
 H -3.682375 -4.881324 -0.947254
 H -4.152413 -3.618025 -0.107753
 H -3.935500 6.039060 3.026942
 H -2.711995 5.710645 3.871879
 H -2.742474 3.556252 4.211945
 H -1.938278 3.412185 5.528351
 H -2.513778 -2.177908 -1.088216
 H -2.138176 -1.782785 0.347311
 H -2.198522 -1.739242 4.839535
 H -0.865529 -2.424535 5.360007
 H -0.235032 1.780490 4.915267
 H 0.155151 3.071468 5.583796
 H -5.259419 2.843652 2.004806
 H -3.835509 3.101058 1.564962
 H 3.813198 4.805980 -0.951803
 H 3.727428 3.963166 -2.261913
 H 2.691942 -5.662468 -4.882300
 H 2.617418 -4.953077 -3.571651
 H -2.800850 3.683435 -3.702614
 H -2.057132 4.527985 -2.795474
 H 3.932496 1.141769 7.188387
 H 3.732294 0.554843 5.785793
 H -1.573317 1.202156 2.082143
 H -2.767939 0.642753 2.847989
 H -0.183435 -0.972877 -3.511683
 H 0.146382 -2.155867 -4.399130
 H -0.528023 -4.152238 -6.105058
 H 0.869170 -3.984217 -5.578799
 H 6.734691 -6.036075 5.215792
 H 6.122851 -5.040715 4.126697
 H 4.510247 -3.821933 0.717783
 H 3.805920 -3.461478 -0.519207
 H 4.878678 -0.618029 1.982128
 H 4.855832 -0.732143 3.514418
 H 1.682714 3.878061 -5.362352
 H 2.239359 4.644052 -4.032194
 H -0.522448 -6.283282 -0.294414
 H -1.803274 -6.044483 0.599184
 H -5.839014 -1.875171 -5.166423
 H -4.734476 -2.578079 -6.070950
 H -3.729073 1.235089 -0.575202
 H -5.106142 1.860019 -0.612878
 H 5.172802 3.353548 -3.979354
 H 4.312943 2.233557 -3.439653
 H 3.106056 -0.402727 -1.108310
 H 1.827265 0.319648 -1.786795
 H -5.237570 -1.645013 1.069032
 H -4.661764 -2.784254 1.889852
 H 1.137727 2.748843 1.915046
 H 1.399885 2.862025 0.403494
K_POINTS
 1
0.0 0.0 0.0 1.0