
&control
    calculation='scf'
    pseudo_dir = './',
    outdir='./outputs',
    disk_io='high'
/
&system
    ibrav= 1, celldm(1)=20.000000, nat=  192, ntyp= 2,
    ecutwfc = 30.0, nosym=.true., occupations='smearing',
    smearing='m-v', degauss=0.025
/
&electrons
    conv_thr =  1.0d-8,
    mixing_beta = 0.7
/
&ions
    pot_extrapolation='second-order'
    wfc_extrapolation='second-order'
    ion_temperature = 'andersen'
    tempw = 1000

/
ATOMIC_SPECIES
 H  1.01  H.blyp-hgh.UPF
 O  16.0  O.blyp-hgh.UPF
ATOMIC_POSITIONS bohr
 O -5.301693 -1.287874 -1.496164
 O 3.148963 -2.540953 5.816924
 O -5.420284 6.166627 -5.457701
 O 0.828295 3.620750 -0.941911
 O -5.054191 1.080427 3.648418
 O -0.034019 6.240227 6.081666
 O -0.767475 -5.364962 -2.601713
 O 2.512053 0.769627 4.465652
 O -2.941078 -5.883728 5.879028
 O 2.661760 -2.493434 3.116325
 O 2.478938 -6.421735 2.988089
 O -3.622228 -3.655167 4.453480
 O -4.675712 -6.488247 0.691145
 O -3.570583 -5.159061 -3.608042
 O 2.785518 -3.285147 -2.166879
 O -1.926768 2.348769 -0.671362
 O -1.326186 -2.918041 2.600002
 O 0.470656 -4.439912 3.529447
 O 4.789277 -4.492579 -4.791669
 O 5.123097 4.968343 2.184586
 O 5.013451 -3.550671 3.486201
 O -2.823478 -2.664826 -3.673769
 O -1.217441 2.935457 -4.529948
 O 4.132057 2.051525 2.525283
 O 2.867502 1.247213 -3.881092
 O -4.200036 2.683265 -5.828090
 O 5.082706 -5.727537 -0.766670
 O 1.566657 -0.252631 -5.538101
 O -1.729592 0.287839 -5.170860
 O 1.221445 -0.759288 1.280750
 O 5.564733 -1.790207 -3.769791
 O 4.700553 -0.202458 -0.550381
 O 0.282573 4.279575 3.939627
 O -4.693933 0.651688 -3.999547
 O 0.831940 -3.811496 -0.318773
 O 4.615641 4.198380 -5.717996
 O 2.311844 6.065835 5.421944
 O -5.559339 5.049563 -1.888823
 O -0.262365 1.253497 -2.311106
 O -3.730698 -3.902582 -0.943522
 O -3.049305 5.654509 2.951845
 O -1.968961 3.108104 4.576051
 O -1.949851 -1.551944 -0.570364
 O -1.357747 -1.607197 5.318035
 O 0.278595 2.144358 5.649841
 O -4.774385 3.276398 1.302251
 O 3.199408 4.277898 -1.495673
 O 2.202413 -5.775555 -4.005317
 O -3.037559 4.369363 -3.001528
 O 4.436182 0.687801 6.491596
 O -2.144621 0.458569 2.090409
 O -0.028816 -1.922127 -3.497199
 O 0.042835 -3.473634 -5.714579
 O 6.250825 -5.999562 4.345264
 O 3.742303 -3.217391 0.475499
 O 5.524977 -0.644677 2.777191
 O 1.714229 3.879863 -4.397138
 O -1.504491 -6.241901 -0.315352
 O -5.276675 -1.757305 -5.960272
 O -4.557284 1.209092 -1.092641
 O 4.974539 3.002211 -3.150179
 O 2.126156 -0.553588 -1.429716
 O -4.860491 -2.613809 0.989961
 O 1.858192 2.709393 1.271697
 H -4.784278 -1.489890 -2.309615
 H -4.842309 -0.454523 -1.234316
 H 4.042010 -2.402295 6.189863
 H 3.192783 -2.454537 4.843109
 H -5.938322 5.329392 -5.483959
 H -5.339627 6.398942 -4.509728
 H 0.612360 3.078113 -1.753064
 H 1.727315 4.039429 -1.116610
 H -5.224696 0.283568 3.116088
 H -5.275041 0.806993 4.573104
 H -0.072564 6.668651 5.193707
 H 0.963171 6.064985 6.022490
 H -1.289236 -5.690228 -1.813406
 H -0.112973 -6.095339 -2.657991
 H 3.091102 1.229451 3.795804
 H 1.967144 1.467374 4.876733
 H -3.475440 -5.485701 6.607207
 H -2.070042 -6.068717 6.283985
 H 2.213091 -2.046933 2.330680
 H 3.045239 -3.229249 2.577370
 H 2.999047 -6.996647 2.388058
 H 1.518560 -6.439125 2.814315
 H -3.039359 -4.416655 4.740790
 H -4.505453 -4.015286 4.673792
 H -4.739641 -7.475814 0.662001
 H -4.890263 -6.318434 -0.253351
 H -3.487218 -4.170687 -3.705185
 H -2.593448 -5.356331 -3.633494
 H 2.269803 -2.450330 -2.259683
 H 2.419562 -3.635832 -1.311701
 H -2.749454 2.434647 -1.231871
 H -1.676363 3.288079 -0.472909
 H -1.455936 -3.526908 1.864739
 H -1.313960 -2.011944 2.203951
 H 1.325434 -4.054601 3.230313
 H -0.073747 -3.694494 3.126856
 H 5.405181 -4.987281 -5.385126
 H 4.667635 -3.559501 -5.014802
 H 5.461974 5.725247 2.695689
 H 5.939993 4.478228 2.036389
 H 5.576973 -2.770626 3.280393
 H 4.198221 -3.128273 3.802789
 H -1.836124 -2.474060 -3.661879
 H -3.154322 -2.046678 -4.354177
 H -0.321955 2.917684 -4.148220
 H -1.410428 1.968890 -4.622674
 H 4.814405 2.512122 3.036205
 H 3.395496 2.668515 2.304296
 H 2.381674 0.466414 -4.274623
 H 2.336933 2.069398 -3.989624
 H -4.677551 2.001389 -5.271447
 H -3.407699 2.116587 -5.971871
 H 5.795430 -6.051043 -0.178022
 H 5.199812 -6.340701 -1.524314
 H 2.132151 -0.742296 -6.175011
 H 0.785788 0.061114 -6.019643
 H -1.455408 -0.395252 -5.865312
 H -2.676004 0.058763 -5.108433
 H 1.068947 0.130492 1.642668
 H 1.384104 -0.608357 0.317908
 H 5.047370 -2.546714 -3.401064
 H 6.367320 -1.732770 -3.226314
 H 5.043269 0.634118 -0.933238
 H 5.340912 -0.901684 -0.861657
 H 0.181507 4.911266 4.680233
 H -0.593804 4.089872 3.537911
 H -3.886823 0.754534 -3.430498
 H -5.359182 1.037514 -3.387987
 H 0.463585 -4.124198 -1.178535
 H 0.596380 -2.862612 -0.336832
 H 3.943140 4.841416 -5.470295
 H 4.469206 3.910359 -6.628725
 H 2.597096 5.916380 4.420889
 H 2.677341 6.974665 5.440541
 H -5.830030 4.291308 -2.440193
 H -5.016622 5.698458 -2.387994
 H -0.509656 0.707982 -1.533828
 H -0.552168 0.716289 -3.082265
 H -3.880332 -4.875788 -1.001448
 H -4.097784 -3.601487 -0.066161
 H -3.924092 6.100570 3.055019
 H -2.670640 5.654871 3.863096
 H -2.696299 3.639366 4.190007
 H -1.911485 3.344670 5.527447
 H -2.491013 -2.196522 -1.085986
 H -2.202443 -1.798064 0.341459
 H -2.190112 -1.689918 4.817156
 H -0.851184 -2.447458 5.300300
 H -0.194841 1.836297 4.845123
 H 0.058867 3.098083 5.754366
 H -5.331066 2.816076 1.968137
 H -3.848513 3.221209 1.659150
 H 3.835403 4.791716 -0.947007
 H 3.713008 4.072723 -2.315821
 H 2.644803 -5.729447 -4.880094
 H 2.583320 -4.962658 -3.596164
 H -2.801978 3.808698 -3.784418
 H -2.064734 4.565148 -2.922237
 H 3.903863 1.193240 7.162772
 H 3.777356 0.547690 5.779971
 H -1.617124 1.295660 1.986809
 H -2.791069 0.783505 2.764895
 H -0.064092 -0.949159 -3.450105
 H 0.168070 -2.090107 -4.443914
 H -0.482792 -4.181245 -6.128484
 H 0.869222 -3.974000 -5.571664
 H 6.770114 -6.120641 5.169690
 H 6.057109 -5.041805 4.193707
 H 4.417773 -3.846082 0.803820
 H 3.773667 -3.450633 -0.474545
 H 4.869413 -0.706463 2.041398
 H 4.928104 -0.663165 3.554487
 H 1.681283 3.875406 -5.360531
 H 2.199704 4.606551 -4.002217
 H -0.531632 -6.291031 -0.293841
 H -1.852740 -6.141797 0.592706
 H -5.834920 -1.863293 -5.138987
 H -4.661943 -2.515740 -6.052137
 H -3.692956 1.239804 -0.619924
 H -5.080109 1.885935 -0.611188
 H 5.202059 3.347083 -4.045506
 H 4.455817 2.182999 -3.428034
 H 3.085538 -0.390996 -1.173247
 H 1.737283 0.323390 -1.679014
 H -5.179286 -1.684616 0.981244
 H -4.549486 -2.739925 1.919424
 H 1.162559 2.759973 1.955425
 H 1.379896 2.877621 0.397883
K_POINTS
 1
0.0 0.0 0.0 1.0