
&control
    calculation='scf'
    pseudo_dir = './',
    outdir='./outputs',
    disk_io='high'
/
&system
    ibrav= 1, celldm(1)=20.000000, nat=  192, ntyp= 2,
    ecutwfc = 30.0, nosym=.true., occupations='smearing',
    smearing='m-v', degauss=0.025
/
&electrons
    conv_thr =  1.0d-8,
    mixing_beta = 0.7
/
&ions
    pot_extrapolation='second-order'
    wfc_extrapolation='second-order'
    ion_temperature = 'andersen'
    tempw = 1000

/
ATOMIC_SPECIES
 H  1.01  H.blyp-hgh.UPF
 O  16.0  O.blyp-hgh.UPF
ATOMIC_POSITIONS bohr
 O -5.304023 -1.290215 -1.491738
 O 3.141440 -2.544801 5.818936
 O -5.420853 6.169374 -5.460596
 O 0.839074 3.619435 -0.940917
 O -5.055890 1.084744 3.644946
 O -0.036391 6.242336 6.085967
 O -0.771776 -5.365953 -2.597061
 O 2.514705 0.773449 4.467089
 O -2.942566 -5.889152 5.880968
 O 2.661674 -2.494192 3.120578
 O 2.476768 -6.418525 2.985572
 O -3.615691 -3.652614 4.450006
 O -4.678566 -6.497769 0.693851
 O -3.573798 -5.154799 -3.602647
 O 2.785493 -3.285437 -2.163843
 O -1.928949 2.353134 -0.673085
 O -1.325391 -2.922806 2.597530
 O 0.475921 -4.437541 3.528120
 O 4.787662 -4.491956 -4.790743
 O 5.128687 4.964021 2.182520
 O 5.011834 -3.554061 3.484277
 O -2.818182 -2.663255 -3.668268
 O -1.219177 2.936294 -4.527376
 O 4.130467 2.047728 2.521045
 O 2.866590 1.243950 -3.880266
 O -4.202670 2.685211 -5.820336
 O 5.085926 -5.728376 -0.763306
 O 1.560343 -0.252404 -5.540705
 O -1.730597 0.293904 -5.171405
 O 1.220900 -0.762382 1.283641
 O 5.569826 -1.792698 -3.776943
 O 4.697025 -0.201886 -0.557194
 O 0.284960 4.273615 3.947006
 O -4.691010 0.655026 -3.996774
 O 0.825525 -3.811070 -0.321692
 O 4.622686 4.195852 -5.725236
 O 2.315727 6.071376 5.419687
 O -5.555432 5.049643 -1.896816
 O -0.260256 1.253944 -2.312317
 O -3.731564 -3.902278 -0.946866
 O -3.049537 5.655684 2.951868
 O -1.968668 3.110846 4.571598
 O -1.942743 -1.556600 -0.568566
 O -1.356954 -1.611589 5.318558
 O 0.269267 2.152025 5.646869
 O -4.777259 3.272090 1.304135
 O 3.200833 4.280487 -1.498570
 O 2.191605 -5.776203 -4.005545
 O -3.041356 4.368234 -3.000959
 O 4.439218 0.689648 6.498280
 O -2.135292 0.457825 2.094205
 O -0.027657 -1.920061 -3.504902
 O 0.043148 -3.475204 -5.717577
 O 6.255699 -6.000580 4.340254
 O 3.737722 -3.212110 0.483307
 O 5.535995 -0.642366 2.779503
 O 1.713223 3.878682 -4.397538
 O -1.506306 -6.249034 -0.314380
 O -5.278904 -1.757194 -5.959563
 O -4.552882 1.214466 -1.094527
 O 4.976156 3.018046 -3.158524
 O 2.121768 -0.556345 -1.434441
 O -4.861297 -2.629149 0.999100
 O 1.856759 2.713253 1.274007
 H -4.778484 -1.484066 -2.304214
 H -4.837090 -0.460377 -1.235275
 H 4.023347 -2.399678 6.209013
 H 3.195910 -2.448444 4.845957
 H -5.927174 5.324997 -5.474388
 H -5.318802 6.410713 -4.515084
 H 0.599013 3.062774 -1.734797
 H 1.747271 4.023387 -1.128999
 H -5.242928 0.287251 3.114796
 H -5.283012 0.795059 4.566516
 H -0.067682 6.668540 5.198993
 H 0.959018 6.066442 6.031277
 H -1.275741 -5.688989 -1.798855
 H -0.096417 -6.076745 -2.655707
 H 3.112823 1.226263 3.804511
 H 1.973689 1.479135 4.871018
 H -3.479048 -5.494749 6.607706
 H -2.074421 -6.085214 6.289951
 H 2.191978 -2.059895 2.342286
 H 3.035288 -3.234248 2.581012
 H 2.986643 -7.013295 2.394493
 H 1.513972 -6.440321 2.825448
 H -3.041181 -4.428397 4.733630
 H -4.493888 -4.037313 4.651979
 H -4.739274 -7.488398 0.675205
 H -4.903944 -6.319138 -0.243758
 H -3.488777 -4.166106 -3.699348
 H -2.603647 -5.370052 -3.656228
 H 2.262201 -2.452473 -2.266016
 H 2.406480 -3.653686 -1.317812
 H -2.747103 2.409355 -1.237970
 H -1.658902 3.290838 -0.502916
 H -1.467668 -3.520976 1.866115
 H -1.316439 -2.015261 2.199257
 H 1.324538 -4.054776 3.215086
 H -0.076619 -3.709013 3.108618
 H 5.424824 -4.965721 -5.382595
 H 4.657181 -3.562071 -5.019919
 H 5.446189 5.734418 2.688170
 H 5.954267 4.485899 2.055232
 H 5.579543 -2.772685 3.293539
 H 4.204038 -3.129418 3.814761
 H -1.830972 -2.471481 -3.673939
 H -3.167661 -2.050861 -4.345110
 H -0.324546 2.932361 -4.136720
 H -1.408942 1.965978 -4.613907
 H 4.816788 2.503385 3.031509
 H 3.395766 2.666692 2.297592
 H 2.397697 0.453554 -4.273100
 H 2.336350 2.064647 -3.995548
 H -4.694841 1.993229 -5.293283
 H -3.417397 2.111963 -5.951637
 H 5.800337 -6.050404 -0.180249
 H 5.189845 -6.345352 -1.517968
 H 2.129019 -0.738921 -6.179725
 H 0.782512 0.077240 -6.019848
 H -1.452160 -0.407531 -5.847793
 H -2.680447 0.077541 -5.104090
 H 1.068330 0.124938 1.654652
 H 1.372386 -0.604210 0.322449
 H 5.060847 -2.556465 -3.415785
 H 6.367622 -1.727299 -3.227972
 H 5.047067 0.638853 -0.933972
 H 5.331472 -0.908137 -0.873656
 H 0.185588 4.910382 4.685591
 H -0.598095 4.070710 3.559876
 H -3.901482 0.750417 -3.402512
 H -5.356805 1.041280 -3.388808
 H 0.457481 -4.113083 -1.186602
 H 0.582550 -2.861667 -0.330344
 H 3.947391 4.837339 -5.475504
 H 4.476435 3.913477 -6.638047
 H 2.597331 5.931072 4.418711
 H 2.683980 6.978055 5.453858
 H -5.824349 4.291999 -2.453393
 H -5.013641 5.699763 -2.397731
 H -0.508032 0.702999 -1.544559
 H -0.568025 0.747968 -3.099416
 H -3.917489 -4.868773 -1.012167
 H -4.088296 -3.598671 -0.061322
 H -3.920071 6.111641 3.059723
 H -2.665111 5.646252 3.859227
 H -2.688494 3.655181 4.187973
 H -1.907953 3.331322 5.525768
 H -2.485408 -2.201234 -1.085441
 H -2.215709 -1.798980 0.338578
 H -2.187209 -1.683709 4.811970
 H -0.848656 -2.450452 5.289118
 H -0.185362 1.851497 4.834901
 H 0.039838 3.098271 5.785672
 H -5.343458 2.808799 1.961024
 H -3.856477 3.246191 1.676450
 H 3.837623 4.789676 -0.945604
 H 3.710450 4.091482 -2.324610
 H 2.634288 -5.743968 -4.877759
 H 2.575233 -4.965920 -3.597209
 H -2.808876 3.833487 -3.801086
 H -2.072478 4.576202 -2.942398
 H 3.900227 1.199322 7.156033
 H 3.784734 0.547403 5.775611
 H -1.626334 1.310271 1.965425
 H -2.796393 0.809250 2.748236
 H -0.038557 -0.945637 -3.437185
 H 0.172777 -2.079266 -4.452835
 H -0.474908 -4.187996 -6.130366
 H 0.869073 -3.969509 -5.569291
 H 6.775793 -6.135056 5.159257
 H 6.042118 -5.043902 4.209104
 H 4.398760 -3.849772 0.822680
 H 3.767305 -3.445713 -0.466358
 H 4.869700 -0.722832 2.052711
 H 4.943928 -0.647123 3.562981
 H 1.683909 3.878844 -5.361162
 H 2.191859 4.606210 -3.998204
 H -0.533859 -6.292866 -0.289157
 H -1.862209 -6.161455 0.590454
 H -5.833452 -1.861446 -5.135950
 H -4.650192 -2.501614 -6.047609
 H -3.686946 1.238949 -0.628086
 H -5.074848 1.891036 -0.610576
 H 5.206924 3.346166 -4.058723
 H 4.485119 2.175063 -3.421545
 H 3.077956 -0.388558 -1.187309
 H 1.722850 0.319388 -1.657938
 H -5.167369 -1.695183 0.961288
 H -4.527790 -2.731487 1.921968
 H 1.168976 2.763471 1.962924
 H 1.376748 2.882317 0.396198
K_POINTS
 1
0.0 0.0 0.0 1.0