
&control
    calculation='scf'
    pseudo_dir = './',
    outdir='./outputs',
    disk_io='high'
/
&system
    ibrav= 1, celldm(1)=20.000000, nat=  192, ntyp= 2,
    ecutwfc = 30.0, nosym=.true., occupations='smearing',
    smearing='m-v', degauss=0.025
/
&electrons
    conv_thr =  1.0d-8,
    mixing_beta = 0.7
/
&ions
    pot_extrapolation='second-order'
    wfc_extrapolation='second-order'
    ion_temperature = 'andersen'
    tempw = 1000

/
ATOMIC_SPECIES
 H  1.01  H.blyp-hgh.UPF
 O  16.0  O.blyp-hgh.UPF
ATOMIC_POSITIONS bohr
 O -5.306800 -1.293396 -1.486164
 O 3.131320 -2.550002 5.821894
 O -5.422035 6.172930 -5.464313
 O 0.853096 3.617573 -0.939905
 O -5.057876 1.090537 3.640627
 O -0.039903 6.244996 6.091353
 O -0.777355 -5.367606 -2.590802
 O 2.518491 0.778541 4.468686
 O -2.944288 -5.896290 5.883482
 O 2.661231 -2.495503 3.125484
 O 2.474249 -6.414112 2.981991
 O -3.606998 -3.649502 4.445484
 O -4.682482 -6.510530 0.697171
 O -3.577893 -5.149153 -3.595768
 O 2.785489 -3.285914 -2.159822
 O -1.932293 2.359222 -0.675148
 O -1.324526 -2.928392 2.594246
 O 0.483096 -4.434256 3.526118
 O 4.785386 -4.491590 -4.789343
 O 5.135803 4.958302 2.179786
 O 5.010260 -3.558711 3.481765
 O -2.810998 -2.660679 -3.661077
 O -1.221524 2.937270 -4.523974
 O 4.128284 2.042398 2.515567
 O 2.865613 1.239836 -3.878727
 O -4.206210 2.687271 -5.809830
 O 5.089984 -5.729531 -0.758801
 O 1.551813 -0.252441 -5.544088
 O -1.732110 0.301697 -5.172233
 O 1.220045 -0.766586 1.287602
 O 5.576304 -1.796218 -3.786646
 O 4.692562 -0.201138 -0.566367
 O 0.288465 4.265767 3.956269
 O -4.686807 0.659497 -3.992596
 O 0.816829 -3.810499 -0.325770
 O 4.632556 4.192365 -5.734591
 O 2.321863 6.078953 5.416667
 O -5.550415 5.049881 -1.907467
 O -0.257195 1.254187 -2.314272
 O -3.732752 -3.902152 -0.951123
 O -3.049807 5.657145 2.952120
 O -1.968599 3.114514 4.565476
 O -1.933423 -1.562944 -0.566179
 O -1.355958 -1.617055 5.319320
 O 0.257180 2.161950 5.643100
 O -4.780894 3.266112 1.306777
 O 3.203198 4.284249 -1.502437
 O 2.177343 -5.776955 -4.005990
 O -3.045629 4.366544 -3.000537
 O 4.443451 0.692172 6.506996
 O -2.122863 0.457663 2.099579
 O -0.026347 -1.917201 -3.515115
 O 0.043642 -3.477288 -5.721723
 O 6.262254 -6.001834 4.333244
 O 3.731932 -3.205251 0.493914
 O 5.550219 -0.639709 2.782498
 O 1.711428 3.876168 -4.397835
 O -1.508781 -6.258824 -0.312983
 O -5.281710 -1.757033 -5.958766
 O -4.546849 1.221853 -1.096884
 O 4.978317 3.038762 -3.169990
 O 2.115710 -0.559835 -1.440564
 O -4.862371 -2.649331 1.011989
 O 1.854650 2.718280 1.277225
 H -4.770182 -1.478370 -2.294477
 H -4.831954 -0.466749 -1.235419
 H 3.998418 -2.394604 6.232656
 H 3.198715 -2.438896 4.850037
 H -5.912179 5.319453 -5.461521
 H -5.289069 6.426467 -4.522887
 H 0.582104 3.043679 -1.707138
 H 1.772851 4.000757 -1.146665
 H -5.269186 0.292307 3.113076
 H -5.292922 0.780748 4.555443
 H -0.062414 6.669783 5.205510
 H 0.953186 6.068793 6.044357
 H -1.259114 -5.684847 -1.780599
 H -0.074018 -6.050455 -2.654870
 H 3.140783 1.221574 3.816213
 H 1.981648 1.495462 4.864008
 H -3.483610 -5.508738 6.608786
 H -2.079804 -6.107409 6.298043
 H 2.163817 -2.073843 2.360666
 H 3.022763 -3.240259 2.586101
 H 2.969029 -7.035425 2.403089
 H 1.507908 -6.443094 2.839360
 H -3.044896 -4.441751 4.723682
 H -4.478285 -4.065602 4.622252
 H -4.738560 -7.503647 0.694158
 H -4.921294 -6.320200 -0.230065
 H -3.491152 -4.160190 -3.689866
 H -2.619442 -5.389594 -3.684846
 H 2.253064 -2.455794 -2.274450
 H 2.387577 -3.676949 -1.328206
 H -2.739948 2.378541 -1.245690
 H -1.636668 3.292494 -0.544259
 H -1.484340 -3.515421 1.864329
 H -1.318681 -2.021354 2.194435
 H 1.324588 -4.056669 3.197007
 H -0.082400 -3.730262 3.086543
 H 5.450642 -4.934282 -5.378736
 H 4.644924 -3.566206 -5.028584
 H 5.425246 5.747144 2.679638
 H 5.974901 4.495184 2.078977
 H 5.582581 -2.775828 3.310221
 H 4.212324 -3.131376 3.830849
 H -1.824569 -2.468733 -3.689064
 H -3.185493 -2.056880 -4.333101
 H -0.327781 2.953384 -4.121532
 H -1.406854 1.963456 -4.603759
 H 4.819565 2.493088 3.025450
 H 3.397334 2.664423 2.287045
 H 2.418362 0.439101 -4.271824
 H 2.334699 2.057287 -4.004044
 H -4.718453 1.984986 -5.322694
 H -3.429582 2.107825 -5.926431
 H 5.806076 -6.049323 -0.181761
 H 5.177706 -6.350048 -1.509700
 H 2.123690 -0.734768 -6.185573
 H 0.778863 0.099515 -6.020738
 H -1.447484 -0.422934 -5.824025
 H -2.686763 0.103124 -5.097758
 H 1.068281 0.117407 1.670953
 H 1.358441 -0.599243 0.327545
 H 5.080077 -2.568316 -3.434657
 H 6.366326 -1.719722 -3.228466
 H 5.051398 0.642939 -0.934175
 H 5.317392 -0.914140 -0.889651
 H 0.188877 4.909221 4.692309
 H -0.602525 4.046225 3.592592
 H -3.922631 0.744975 -3.367133
 H -5.354648 1.045786 -3.390981
 H 0.448410 -4.098450 -1.196732
 H 0.564042 -2.860802 -0.321063
 H 3.951515 4.833033 -5.484081
 H 4.485372 3.917885 -6.651295
 H 2.594688 5.948283 4.416092
 H 2.692276 6.983369 5.473823
 H -5.815178 4.293609 -2.471433
 H -5.009126 5.698556 -2.412000
 H -0.507080 0.696924 -1.558804
 H -0.589023 0.791325 -3.120889
 H -3.965335 -4.856112 -1.026562
 H -4.075981 -3.595609 -0.058283
 H -3.913164 6.125317 3.065560
 H -2.659240 5.636327 3.853072
 H -2.678749 3.675593 4.186926
 H -1.904482 3.313820 5.522863
 H -2.476875 -2.207619 -1.084933
 H -2.233264 -1.798784 0.334035
 H -2.182423 -1.677427 4.804762
 H -0.845724 -2.453590 5.274504
 H -0.173040 1.874041 4.822043
 H 0.014339 3.095647 5.825441
 H -5.358288 2.798368 1.951622
 H -3.870430 3.279517 1.698829
 H 3.839005 4.787091 -0.943542
 H 3.707158 4.114575 -2.335452
 H 2.620107 -5.763644 -4.874320
 H 2.564096 -4.970420 -3.596600
 H -2.822234 3.865144 -3.823951
 H -2.085094 4.593222 -2.965457
 H 3.896043 1.205704 7.147083
 H 3.794822 0.547839 5.769539
 H -1.639643 1.325113 1.935623
 H -2.803163 0.841019 2.725362
 H -0.003571 -0.942278 -3.419746
 H 0.179238 -2.065702 -4.464576
 H -0.465447 -4.197627 -6.131661
 H 0.869792 -3.962620 -5.565417
 H 6.782848 -6.152747 5.145572
 H 6.021473 -5.047622 4.230685
 H 4.373273 -3.854113 0.848319
 H 3.758920 -3.437837 -0.455974
 H 4.871863 -0.743926 2.067714
 H 4.966412 -0.624624 3.574012
 H 1.688983 3.885544 -5.362699
 H 2.182215 4.610624 -3.993367
 H -0.536784 -6.295598 -0.280161
 H -1.874673 -6.187569 0.587500
 H -5.831071 -1.859473 -5.133218
 H -4.635721 -2.482653 -6.041275
 H -3.679538 1.236983 -0.637882
 H -5.067335 1.897640 -0.609675
 H 5.212773 3.345419 -4.076637
 H 4.524321 2.166788 -3.410710
 H 3.067113 -0.385219 -1.206036
 H 1.705229 0.312399 -1.630784
 H -5.151113 -1.711329 0.933788
 H -4.499457 -2.720412 1.924194
 H 1.177659 2.768876 1.972764
 H 1.373299 2.889414 0.394837
K_POINTS
 1
0.0 0.0 0.0 1.0