
&control
    calculation='scf'
    pseudo_dir = './',
    outdir='./outputs',
    disk_io='high'
/
&system
    ibrav= 1, celldm(1)=20.000000, nat=  192, ntyp= 2,
    ecutwfc = 30.0, nosym=.true., occupations='smearing',
    smearing='m-v', degauss=0.025
/
&electrons
    conv_thr =  1.0d-8,
    mixing_beta = 0.7
/
&ions
    pot_extrapolation='second-order'
    wfc_extrapolation='second-order'
    ion_temperature = 'andersen'
    tempw = 1000

/
ATOMIC_SPECIES
 H  1.01  H.blyp-hgh.UPF
 O  16.0  O.blyp-hgh.UPF
ATOMIC_POSITIONS bohr
 O -5.310588 -1.299022 -1.477387
 O 3.113172 -2.559330 5.827673
 O -5.425165 6.178990 -5.470292
 O 0.876835 3.614109 -0.938770
 O -5.060769 1.100349 3.633899
 O -0.046965 6.249178 6.099899
 O -0.786479 -5.371229 -2.579927
 O 2.525872 0.787622 4.470631
 O -2.946377 -5.908648 5.887653
 O 2.659505 -2.498630 3.132168
 O 2.470810 -6.406126 2.974982
 O -3.591919 -3.645404 4.438000
 O -4.689497 -6.533031 0.702675
 O -3.584872 -5.139502 -3.584657
 O 2.785385 -3.287004 -2.152801
 O -1.938852 2.370164 -0.677821
 O -1.323530 -2.935921 2.588660
 O 0.495895 -4.428408 3.522012
 O 4.781321 -4.492178 -4.786690
 O 5.147454 4.948529 2.175154
 O 5.009074 -3.567138 3.477565
 O -2.798243 -2.654906 -3.648922
 O -1.225492 2.938622 -4.518036
 O 4.124396 2.032306 2.506532
 O 2.864764 1.233247 -3.874794
 O -4.212726 2.689644 -5.791116
 O 5.096268 -5.731468 -0.750876
 O 1.536510 -0.253420 -5.549826
 O -1.735254 0.314452 -5.173909
 O 1.218138 -0.774039 1.294930
 O 5.586892 -1.802745 -3.804086
 O 4.685431 -0.199791 -0.582715
 O 0.295383 4.252550 3.970994
 O -4.678661 0.667236 -3.983897
 O 0.801160 -3.809346 -0.333512
 O 4.650838 4.186106 -5.750244
 O 2.335026 6.092745 5.411626
 O -5.542189 5.050588 -1.926244
 O -0.251037 1.253949 -2.319041
 O -3.734930 -3.902513 -0.957918
 O -3.050231 5.659380 2.952924
 O -1.969394 3.120985 4.554107
 O -1.917697 -1.574528 -0.562054
 O -1.354400 -1.625523 5.320872
 O 0.237332 2.178372 5.637584
 O -4.786902 3.255074 1.311661
 O 3.208615 4.291671 -1.509267
 O 2.152617 -5.778109 -4.006905
 O -3.051269 4.363154 -3.000954
 O 4.451240 0.696522 6.521097
 O -2.101406 0.460204 2.109910
 O -0.024667 -1.911757 -3.532833
 O 0.044573 -3.480815 -5.729388
 O 6.273788 -6.003689 4.319910
 O 3.722591 -3.193697 0.513047
 O 5.573653 -0.636264 2.787572
 O 1.707244 3.869508 -4.397713
 O -1.513217 -6.276707 -0.310368
 O -5.286234 -1.756493 -5.957913
 O -4.535994 1.235274 -1.100727
 O 4.982190 3.073713 -3.190958
 O 2.104340 -0.565757 -1.450791
 O -4.864244 -2.683844 1.036203
 O 1.850597 2.726739 1.282987
 H -4.754733 -1.475368 -2.271127
 H -4.828770 -0.473336 -1.231424
 H 3.956341 -2.380828 6.269361
 H 3.199797 -2.418426 4.858560
 H -5.885785 5.310959 -5.438467
 H -5.231967 6.453341 -4.539360
 H 0.555363 3.013211 -1.651888
 H 1.812926 3.957395 -1.180314
 H -5.319495 0.303545 3.109459
 H -5.307624 0.761565 4.530481
 H -0.056838 6.676056 5.214553
 H 0.942807 6.073791 6.070955
 H -1.234673 -5.672054 -1.751180
 H -0.034874 -6.000523 -2.658732
 H 3.185190 1.212137 3.837170
 H 1.994603 1.524649 4.852817
 H -3.491614 -5.537764 6.612199
 H -2.088982 -6.146102 6.311738
 H 2.114955 -2.088625 2.399787
 H 3.003643 -3.248831 2.595397
 H 2.934901 -7.073309 2.418752
 H 1.497755 -6.451102 2.861170
 H -3.053357 -4.456554 4.704929
 H -4.451392 -4.110297 4.568036
 H -4.737353 -7.524808 0.729138
 H -4.949300 -6.323538 -0.205981
 H -3.494695 -4.150674 -3.668574
 H -2.651940 -5.426047 -3.729660
 H 2.240635 -2.464755 -2.288126
 H 2.351501 -3.714226 -1.353498
 H -2.718744 2.334900 -1.260061
 H -1.601815 3.291257 -0.620501
 H -1.517109 -3.514130 1.849625
 H -1.319365 -2.035941 2.190257
 H 1.329100 -4.063760 3.171343
 H -0.097483 -3.771735 3.054315
 H 5.493463 -4.873280 -5.369325
 H 4.627155 -3.574747 -5.048084
 H 5.388591 5.768828 2.667486
 H 6.014592 4.509788 2.117259
 H 5.587335 -2.782834 3.336739
 H 4.227615 -3.136441 3.859440
 H -1.814576 -2.465294 -3.712993
 H -3.215915 -2.068510 -4.312070
 H -0.334906 2.993450 -4.096460
 H -1.402252 1.963599 -4.590293
 H 4.822870 2.478841 3.014855
 H 3.403199 2.660832 2.264322
 H 2.451404 0.421685 -4.271617
 H 2.328977 2.041483 -4.020605
 H -4.762236 1.977769 -5.373906
 H -3.445785 2.104973 -5.887518
 H 5.814767 -6.047556 -0.179565
 H 5.160114 -6.354844 -1.496667
 H 2.110129 -0.727835 -6.194580
 H 0.775878 0.140026 -6.023681
 H -1.439604 -0.446208 -5.781180
 H -2.697667 0.148842 -5.085803
 H 1.070341 0.103092 1.699889
 H 1.338922 -0.592318 0.333847
 H 5.116068 -2.587521 -3.465062
 H 6.359731 -1.705396 -3.224524
 H 5.056685 0.642829 -0.932173
 H 5.288764 -0.916882 -0.917280
 H 0.189403 4.905972 4.702033
 H -0.606188 4.006148 3.658967
 H -3.961573 0.735423 -3.310981
 H -5.355847 1.053002 -3.397866
 H 0.429929 -4.073613 -1.212185
 H 0.532195 -2.861579 -0.302965
 H 3.956380 4.827095 -5.503896
 H 4.499472 3.926526 -6.675798
 H 2.582888 5.972166 4.411584
 H 2.705501 6.994471 5.514026
 H -5.794986 4.298788 -2.503250
 H -4.999713 5.688609 -2.439742
 H -0.510076 0.685754 -1.582038
 H -0.624936 0.869463 -3.152657
 H -4.044177 -4.826109 -1.052315
 H -4.055659 -3.592329 -0.062747
 H -3.897208 6.146191 3.074592
 H -2.652317 5.623552 3.841319
 H -2.663677 3.709141 4.189985
 H -1.902101 3.284278 5.516346
 H -2.458400 -2.218673 -1.085266
 H -2.263177 -1.794160 0.324920
 H -2.171363 -1.671813 4.791424
 H -0.841832 -2.456948 5.249694
 H -0.154461 1.919382 4.798590
 H -0.030956 3.083779 5.889266
 H -5.378829 2.778445 1.935590
 H -3.902941 3.336987 1.736920
 H 3.837283 4.783018 -0.939003
 H 3.701833 4.149433 -2.352162
 H 2.595973 -5.798266 -4.868962
 H 2.544205 -4.978077 -3.590466
 H -2.857574 3.915728 -3.865194
 H -2.110328 4.629738 -2.994130
 H 3.889278 1.213604 7.133650
 H 3.815214 0.551275 5.761017
 H -1.665312 1.336312 1.880010
 H -2.812483 0.887122 2.682670
 H 0.060060 -0.941569 -3.389174
 H 0.190988 -2.043746 -4.484073
 H -0.452005 -4.216068 -6.130680
 H 0.874992 -3.948707 -5.556415
 H 6.794143 -6.179451 5.123826
 H 5.984137 -5.056863 4.271190
 H 4.328588 -3.860241 0.893675
 H 3.744636 -3.420809 -0.439094
 H 4.881096 -0.778736 2.093854
 H 5.010015 -0.582415 3.591831
 H 1.701977 3.902792 -5.366684
 H 2.166035 4.629422 -3.987157
 H -0.541547 -6.301402 -0.256615
 H -1.896355 -6.232761 0.583296
 H -5.826123 -1.857621 -5.131267
 H -4.612625 -2.450768 -6.029675
 H -3.667861 1.231522 -0.650884
 H -5.052266 1.908731 -0.607801
 H 5.220867 3.345606 -4.108866
 H 4.592738 2.160493 -3.386099
 H 3.048772 -0.378968 -1.237692
 H 1.677704 0.298290 -1.587129
 H -5.121519 -1.745808 0.883927
 H -4.451578 -2.701355 1.926190
 H 1.191747 2.780516 1.990234
 H 1.369548 2.904267 0.396317
K_POINTS
 1
0.0 0.0 0.0 1.0