
&control
    calculation='scf'
    pseudo_dir = './',
    outdir='./outputs',
    disk_io='high'
/
&system
    ibrav= 1, celldm(1)=20.000000, nat=  192, ntyp= 2,
    ecutwfc = 30.0, nosym=.true., occupations='smearing',
    smearing='m-v', degauss=0.025
/
&electrons
    conv_thr =  1.0d-8,
    mixing_beta = 0.7
/
&ions
    pot_extrapolation='second-order'
    wfc_extrapolation='second-order'
    ion_temperature = 'andersen'
    tempw = 1000

/
ATOMIC_SPECIES
 H  1.01  H.blyp-hgh.UPF
 O  16.0  O.blyp-hgh.UPF
ATOMIC_POSITIONS bohr
 O -5.311009 -1.299819 -1.476230
 O 3.110523 -2.560689 5.828547
 O -5.425710 6.179850 -5.471081
 O 0.880159 3.613604 -0.938648
 O -5.061136 1.101684 3.633005
 O -0.048066 6.249725 6.101028
 O -0.787699 -5.371804 -2.578405
 O 2.527004 0.788954 4.470830
 O -2.946561 -5.910411 5.888224
 O 2.659157 -2.499158 3.132949
 O 2.470406 -6.404969 2.973893
 O -3.589795 -3.644994 4.436980
 O -4.690501 -6.536253 0.703475
 O -3.585883 -5.138161 -3.583169
 O 2.785349 -3.287191 -2.151799
 O -1.939815 2.371725 -0.678072
 O -1.323449 -2.936799 2.587860
 O 0.497733 -4.427586 3.521370
 O 4.780754 -4.492378 -4.786313
 O 5.149065 4.947165 2.174520
 O 5.009061 -3.568366 3.476991
 O -2.796417 -2.653957 -3.647232
 O -1.226024 2.938791 -4.517185
 O 4.123846 2.030785 2.505305
 O 2.864747 1.232367 -3.874100
 O -4.213708 2.689878 -5.788420
 O 5.097070 -5.731721 -0.749737
 O 1.534275 -0.253649 -5.550629
 O -1.735757 0.316179 -5.174165
 O 1.217820 -0.775105 1.296019
 O 5.588343 -1.803699 -3.806625
 O 4.684470 -0.199590 -0.585074
 O 0.296452 4.250740 3.972956
 O -4.677426 0.668321 -3.982510
 O 0.798870 -3.809156 -0.334688
 O 4.653521 4.185212 -5.752420
 O 2.337139 6.094773 5.410961
 O -5.541074 5.050712 -1.928950
 O -0.250066 1.253869 -2.319889
 O -3.735242 -3.902605 -0.958827
 O -3.050287 5.659659 2.953049
 O -1.969603 3.121914 4.552406
 O -1.915521 -1.576239 -0.561472
 O -1.354196 -1.626618 5.321120
 O 0.234659 2.180601 5.636946
 O -4.787746 3.253443 1.312372
 O 3.209514 4.292813 -1.510257
 O 2.149093 -5.778266 -4.007027
 O -3.051920 4.362626 -3.001155
 O 4.452387 0.697117 6.522946
 O -2.098401 0.460886 2.111483
 O -0.024485 -1.910923 -3.535349
 O 0.044703 -3.481304 -5.730525
 O 6.275435 -6.003911 4.317886
 O 3.721331 -3.192087 0.515840
 O 5.576845 -0.635900 2.788286
 O 1.706569 3.868374 -4.397626
 O -1.513856 -6.279338 -0.309981
 O -5.286844 -1.756372 -5.957862
 O -4.534423 1.237230 -1.101259
 O 4.982765 3.078555 -3.194045
 O 2.102622 -0.566614 -1.452202
 O -4.864510 -2.688692 1.039812
 O 1.849997 2.727911 1.283810
 H -4.752437 -1.475774 -2.267248
 H -4.828992 -0.473780 -1.230347
 H 3.950599 -2.378306 6.274166
 H 3.199541 -2.415130 4.859972
 H -5.882017 5.309896 -5.435096
 H -5.223326 6.457031 -4.542090
 H 0.551838 3.009040 -1.643537
 H 1.818028 3.950804 -1.185354
 H -5.327032 0.305582 3.108830
 H -5.309417 0.759514 4.526524
 H -0.056419 6.677368 5.215579
 H 0.941347 6.074580 6.075119
 H -1.231710 -5.669783 -1.747172
 H -0.029393 -5.992998 -2.659750
 H 3.190932 1.210682 3.840204
 H 1.996479 1.528742 4.851258
 H -3.492824 -5.542316 6.612871
 H -2.090355 -6.151553 6.313569
 H 2.108056 -2.089725 2.405991
 H 3.001260 -3.249850 2.596709
 H 2.929675 -7.078578 2.421099
 H 1.496410 -6.452551 2.864035
 H -3.054561 -4.457682 4.702134
 H -4.447663 -4.116015 4.560028
 H -4.737253 -7.527227 0.734152
 H -4.953073 -6.324258 -0.202754
 H -3.495004 -4.149414 -3.665057
 H -2.656970 -5.431383 -3.735478
 H 2.239266 -2.466461 -2.289897
 H 2.346123 -3.719056 -1.357873
 H -2.715100 2.329872 -1.262450
 H -1.597321 3.290780 -0.631804
 H -1.522157 -3.514734 1.846486
 H -1.319099 -2.038251 2.190063
 H 1.330259 -4.065085 3.168268
 H -0.100088 -3.778017 3.050378
 H 5.499232 -4.864107 -5.367601
 H 4.624897 -3.576057 -5.051241
 H 5.383327 5.771628 2.665891
 H 6.020411 4.511867 2.122445
 H 5.588011 -2.784015 3.340216
 H 4.229837 -3.137383 3.863573
 H -1.813262 -2.464891 -3.716163
 H -3.220093 -2.070270 -4.309048
 H -0.336242 2.999437 -4.093131
 H -1.401447 1.964088 -4.588821
 H 4.823133 2.477191 3.013283
 H 3.404333 2.660351 2.260646
 H 2.455700 0.420009 -4.271801
 H 2.327839 2.038933 -4.023145
 H -4.768801 1.977463 -5.381127
 H -3.447356 2.104914 -5.882492
 H 5.815908 -6.047371 -0.178710
 H 5.158023 -6.355245 -1.495032
 H 2.107701 -0.726851 -6.195769
 H 0.775922 0.145916 -6.024213
 H -1.438624 -0.449066 -5.774927
 H -2.699097 0.155411 -5.084062
 H 1.070856 0.100880 1.704019
 H 1.336651 -0.591536 0.334547
 H 5.121329 -2.590281 -3.469088
 H 6.358361 -1.703201 -3.223470
 H 5.057224 0.642094 -0.931673
 H 5.284349 -0.916528 -0.921196
 H 0.189022 4.905286 4.703158
 H -0.606326 4.000658 3.669309
 H -3.967093 0.734044 -3.303537
 H -5.356698 1.054023 -3.399191
 H 0.427010 -4.070168 -1.214120
 H 0.527757 -2.862002 -0.300181
 H 3.957033 4.826256 -5.507251
 H 4.501379 3.927880 -6.679312
 H 2.580567 5.974991 4.410884
 H 2.707273 6.996173 5.520208
 H -5.791717 4.299765 -2.507751
 H -4.998177 5.686448 -2.443936
 H -0.511087 0.683961 -1.585107
 H -0.629936 0.880772 -3.156424
 H -4.054951 -4.821185 -1.056081
 H -4.052953 -3.592057 -0.064305
 H -3.894631 6.148889 3.075761
 H -2.651575 5.622219 3.839741
 H -2.661766 3.713695 4.190931
 H -1.902160 3.280187 5.515299
 H -2.455358 -2.220226 -1.085504
 H -2.267335 -1.793028 0.323571
 H -2.169515 -1.671547 4.789441
 H -0.841388 -2.457237 5.246230
 H -0.152263 1.926440 4.794913
 H -0.037524 3.081431 5.897788
 H -5.381169 2.775445 1.933381
 H -3.908259 3.345042 1.742349
 H 3.836667 4.782515 -0.938202
 H 3.701142 4.153821 -2.354323
 H 2.592690 -5.803167 -4.868375
 H 2.541366 -4.979124 -3.589128
 H -2.863871 3.922429 -3.871082
 H -2.113979 4.635673 -2.996968
 H 3.888263 1.214522 7.132140
 H 3.818542 0.552066 5.760217
 H -1.669105 1.336351 1.871702
 H -2.813443 0.892537 2.676280
 H 0.069369 -0.942115 -3.384859
 H 0.192707 -2.040735 -4.486691
 H -0.450396 -4.218832 -6.130191
 H 0.876205 -3.946556 -5.554891
 H 6.795661 -6.182830 5.121060
 H 5.978736 -5.058504 4.277235
 H 4.322223 -3.860979 0.900121
 H 3.742647 -3.418080 -0.436778
 H 4.882980 -0.783487 2.097559
 H 5.016681 -0.576114 3.594191
 H 1.704226 3.905782 -5.367291
 H 2.163562 4.632887 -3.986640
 H -0.542192 -6.302357 -0.252440
 H -1.899467 -6.239149 0.582839
 H -5.825386 -1.857539 -5.131182
 H -4.609462 -2.446475 -6.027992
 H -3.666296 1.230557 -0.652226
 H -5.049885 1.910293 -0.607484
 H 5.221758 3.345790 -4.113543
 H 4.602429 2.160564 -3.382049
 H 3.046434 -0.378020 -1.242018
 H 1.673998 0.296328 -1.581389
 H -5.117175 -1.751392 0.876684
 H -4.444917 -2.698648 1.926377
 H 1.193532 2.782417 1.992806
 H 1.369248 2.906658 0.397008
K_POINTS
 1
0.0 0.0 0.0 1.0