
&control
    calculation='scf'
    pseudo_dir = './',
    outdir='./outputs',
    disk_io='high'
/
&system
    ibrav= 1, celldm(1)=20.000000, nat=  192, ntyp= 2,
    ecutwfc = 30.0, nosym=.true., occupations='smearing',
    smearing='m-v', degauss=0.025
/
&electrons
    conv_thr =  1.0d-8,
    mixing_beta = 0.7
/
&ions
    pot_extrapolation='second-order'
    wfc_extrapolation='second-order'
    ion_temperature = 'andersen'
    tempw = 1000

/
ATOMIC_SPECIES
 H  1.01  H.blyp-hgh.UPF
 O  16.0  O.blyp-hgh.UPF
ATOMIC_POSITIONS bohr
 O -5.311399 -1.300612 -1.475095
 O 3.107859 -2.562056 5.829430
 O -5.426277 6.180712 -5.471850
 O 0.883468 3.613099 -0.938532
 O -5.061494 1.102998 3.632122
 O -0.049188 6.250259 6.102134
 O -0.788895 -5.372390 -2.576897
 O 2.528153 0.790299 4.471011
 O -2.946714 -5.912176 5.888789
 O 2.658784 -2.499706 3.133692
 O 2.470021 -6.403810 2.972779
 O -3.587684 -3.644631 4.435972
 O -4.691503 -6.539474 0.704286
 O -3.586903 -5.136832 -3.581705
 O 2.785307 -3.287387 -2.150797
 O -1.940776 2.373281 -0.678284
 O -1.323385 -2.937641 2.587051
 O 0.499570 -4.426772 3.520716
 O 4.780194 -4.492604 -4.785941
 O 5.150670 4.945810 2.173894
 O 5.009085 -3.569599 3.476426
 O -2.794594 -2.652979 -3.645552
 O -1.226545 2.938958 -4.516332
 O 4.123300 2.029244 2.504096
 O 2.864759 1.231503 -3.873372
 O -4.214706 2.690091 -5.785719
 O 5.097847 -5.731965 -0.748594
 O 1.532024 -0.253898 -5.551427
 O -1.736273 0.317883 -5.174424
 O 1.217490 -0.776171 1.297118
 O 5.589781 -1.804654 -3.809176
 O 4.683517 -0.199388 -0.587437
 O 0.297542 4.248954 3.974886
 O -4.676176 0.669398 -3.981088
 O 0.796566 -3.808959 -0.335882
 O 4.656216 4.184321 -5.754584
 O 2.339306 6.096817 5.410316
 O -5.539974 5.050842 -1.931663
 O -0.249072 1.253781 -2.320781
 O -3.735552 -3.902704 -0.959724
 O -3.050342 5.659927 2.953170
 O -1.969836 3.122845 4.550685
 O -1.913363 -1.577964 -0.560892
 O -1.353998 -1.627684 5.321375
 O 0.232030 2.182797 5.636350
 O -4.788589 3.251800 1.313082
 O 3.210441 4.293974 -1.511252
 O 2.145568 -5.778423 -4.007144
 O -3.052538 4.362088 -3.001397
 O 4.453542 0.697703 6.524747
 O -2.095415 0.461648 2.113078
 O -0.024317 -1.910073 -3.537860
 O 0.044833 -3.481790 -5.731673
 O 6.277083 -6.004119 4.315831
 O 3.720089 -3.190487 0.518648
 O 5.580000 -0.635567 2.789000
 O 1.705883 3.867207 -4.397522
 O -1.514495 -6.281988 -0.309590
 O -5.287446 -1.756238 -5.957832
 O -4.532849 1.239192 -1.101790
 O 4.983347 3.083358 -3.197154
 O 2.100880 -0.567479 -1.453600
 O -4.864774 -2.693520 1.043454
 O 1.849395 2.729073 1.284632
 H -4.750112 -1.476407 -2.263262
 H -4.829398 -0.474102 -1.229137
 H 3.944935 -2.375638 6.278869
 H 3.199180 -2.411747 4.861442
 H -5.878252 5.308875 -5.431702
 H -5.214575 6.460671 -4.544928
 H 0.548383 3.004886 -1.635122
 H 1.822954 3.944117 -1.190442
 H -5.334637 0.307760 3.108163
 H -5.311131 0.757642 4.522523
 H -0.056091 6.678775 5.216545
 H 0.939896 6.075385 6.079367
 H -1.228882 -5.667426 -1.743201
 H -0.023962 -5.985379 -2.660864
 H 3.196503 1.209207 3.843240
 H 1.998385 1.532786 4.849695
 H -3.494062 -5.546957 6.613592
 H -2.091756 -6.156975 6.315357
 H 2.101184 -2.090576 2.412329
 H 2.998972 -3.250818 2.598003
 H 2.924366 -7.083801 2.423481
 H 1.495105 -6.454069 2.866840
 H -3.055715 -4.458563 4.699319
 H -4.443973 -4.121537 4.551950
 H -4.737184 -7.529505 0.739138
 H -4.956794 -6.325055 -0.199620
 H -3.495238 -4.148178 -3.661426
 H -2.662074 -5.436729 -3.741147
 H 2.238000 -2.468279 -2.291614
 H 2.340703 -3.723743 -1.362432
 H -2.711362 2.325158 -1.264975
 H -1.592955 3.290248 -0.643208
 H -1.527282 -3.515481 1.843164
 H -1.318737 -2.040566 2.189952
 H 1.331549 -4.066472 3.165334
 H -0.102790 -3.784371 3.046606
 H 5.504900 -4.854855 -5.365766
 H 4.622689 -3.577385 -5.054475
 H 5.378053 5.774306 2.664303
 H 6.026209 4.513983 2.127570
 H 5.588698 -2.785244 3.343608
 H 4.232064 -3.138389 3.867719
 H -1.811972 -2.464499 -3.719274
 H -3.224212 -2.072050 -4.306020
 H -0.337683 3.005473 -4.089879
 H -1.400598 1.964679 -4.587463
 H 4.823335 2.475636 3.011685
 H 3.405536 2.659876 2.256865
 H 2.459873 0.418525 -4.272042
 H 2.326617 2.036314 -4.025726
 H -4.775448 1.977333 -5.388317
 H -3.448718 2.104926 -5.877594
 H 5.817022 -6.047210 -0.177719
 H 5.156046 -6.355588 -1.493466
 H 2.105150 -0.725867 -6.196944
 H 0.776102 0.151822 -6.024767
 H -1.437701 -0.451796 -5.768642
 H -2.700477 0.161975 -5.082322
 H 1.071425 0.098622 1.708141
 H 1.334509 -0.590810 0.335220
 H 5.126595 -2.593078 -3.473027
 H 6.356884 -1.700962 -3.222299
 H 5.057721 0.641208 -0.931133
 H 5.279881 -0.916017 -0.925111
 H 0.188547 4.904533 4.704212
 H -0.606385 3.995212 3.679842
 H -3.972555 0.732661 -3.296226
 H -5.357741 1.055051 -3.400610
 H 0.424017 -4.066753 -1.215984
 H 0.523356 -2.862508 -0.297346
 H 3.957714 4.825392 -5.510740
 H 4.503272 3.929266 -6.682803
 H 2.578111 5.977685 4.410159
 H 2.709019 6.997885 5.526474
 H -5.788365 4.300792 -2.512230
 H -4.996583 5.684124 -2.448180
 H -0.512259 0.682105 -1.588114
 H -0.634897 0.892099 -3.159972
 H -4.065611 -4.816140 -1.059875
 H -4.050315 -3.591826 -0.066054
 H -3.892011 6.151529 3.076901
 H -2.650873 5.621009 3.838227
 H -2.659924 3.718189 4.191999
 H -1.902322 3.276128 5.514229
 H -2.452212 -2.221773 -1.085801
 H -2.271460 -1.791775 0.322225
 H -2.167607 -1.671410 4.787436
 H -0.840965 -2.457486 5.242787
 H -0.150195 1.933640 4.791128
 H -0.044122 3.078946 5.906167
 H -5.383359 2.772408 1.931202
 H -3.913708 3.353048 1.747796
 H 3.835977 4.782042 -0.937351
 H 3.700475 4.158060 -2.356430
 H 2.589464 -5.808044 -4.867845
 H 2.538534 -4.980159 -3.587691
 H -2.870473 3.929004 -3.876933
 H -2.117596 4.641788 -2.999491
 H 3.887221 1.215407 7.130759
 H 3.821988 0.552933 5.759546
 H -1.672895 1.336019 1.863297
 H -2.814299 0.897633 2.669826
 H 0.078725 -0.942839 -3.380568
 H 0.194436 -2.037746 -4.489260
 H -0.448858 -4.221621 -6.129609
 H 0.877534 -3.944365 -5.553310
 H 6.797154 -6.186103 5.118393
 H 5.973331 -5.060234 4.283339
 H 4.315869 -3.861686 0.906542
 H 3.740673 -3.415286 -0.434476
 H 4.884996 -0.788184 2.101247
 H 5.023448 -0.569750 3.596503
 H 1.706565 3.908892 -5.367885
 H 2.160999 4.636461 -3.986246
 H -0.542832 -6.303348 -0.248065
 H -1.902587 -6.245517 0.582421
 H -5.824652 -1.857506 -5.131124
 H -4.606317 -2.442267 -6.026306
 H -3.664751 1.229550 -0.653428
 H -5.047443 1.911857 -0.607151
 H 5.222573 3.346012 -4.118232
 H 4.612084 2.160890 -3.377878
 H 3.044198 -0.377056 -1.246283
 H 1.670328 0.294424 -1.575788
 H -5.112804 -1.757137 0.869423
 H -4.438302 -2.695941 1.926552
 H 1.195244 2.784379 1.995404
 H 1.369003 2.909122 0.397826
K_POINTS
 1
0.0 0.0 0.0 1.0