
&control
    calculation='scf'
    pseudo_dir = './',
    outdir='./outputs',
    disk_io='high'
/
&system
    ibrav= 1, celldm(1)=20.000000, nat=  192, ntyp= 2,
    ecutwfc = 30.0, nosym=.true., occupations='smearing',
    smearing='m-v', degauss=0.025
/
&electrons
    conv_thr =  1.0d-8,
    mixing_beta = 0.7
/
&ions
    pot_extrapolation='second-order'
    wfc_extrapolation='second-order'
    ion_temperature = 'andersen'
    tempw = 1000

/
ATOMIC_SPECIES
 H  1.01  H.blyp-hgh.UPF
 O  16.0  O.blyp-hgh.UPF
ATOMIC_POSITIONS bohr
 O -5.256947 -1.553777 -1.303485
 O 3.977532 -2.193448 5.397168
 O -5.721373 5.284774 -5.541092
 O -0.160632 3.611318 -1.568593
 O -4.711660 0.723384 3.843591
 O -0.235153 5.434412 5.193510
 O -0.126304 -5.370197 -3.407377
 O 2.321602 0.286567 3.666757
 O -2.855207 -5.295898 5.625837
 O 1.899299 -2.990932 1.689031
 O 2.512490 -6.076410 2.904395
 O -4.194093 -3.048617 4.371007
 O -4.428273 -5.943873 0.718669
 O -3.566936 -5.678228 -3.651582
 O 2.121065 -2.741286 -2.158205
 O -1.819305 2.486337 1.373787
 O -1.083142 -1.458756 1.702849
 O 0.238633 -4.242440 3.668805
 O 5.442273 -4.153474 -4.950667
 O 5.567083 4.825615 2.184192
 O 5.998780 -2.967590 3.243868
 O -3.232521 -3.007274 -3.828598
 O -0.904408 2.595091 -4.936198
 O 3.877705 2.352092 2.841352
 O 2.322941 1.295164 -3.117214
 O -4.906601 2.830536 -6.141040
 O 4.437912 -5.948076 -1.251680
 O 1.952542 -1.313483 -4.591861
 O -2.026032 0.239291 -4.833694
 O 0.846907 -0.326642 0.668176
 O 4.785137 -1.756629 -3.779486
 O 5.179291 0.069730 -0.052374
 O -0.294815 4.502777 1.840586
 O -5.241990 0.717696 -4.009777
 O 0.728173 -3.802218 -0.356154
 O 4.607725 3.498722 -4.332127
 O 3.547584 5.483530 5.827328
 O -5.105425 3.670248 -1.795149
 O -0.394166 1.041867 -1.597217
 O -3.002099 -3.317188 -1.148719
 O -2.601804 5.455091 3.377138
 O -1.493825 2.799755 3.888663
 O -2.637853 -0.221982 -0.675979
 O -1.516284 -2.210398 4.913187
 O 0.735621 1.793891 4.890545
 O -4.809957 3.396040 1.448251
 O 2.794726 3.897316 -0.553312
 O 2.681300 -5.972490 -3.554966
 O -2.656435 4.592223 -2.315932
 O 5.641398 0.560647 5.268904
 O -3.120674 0.182583 1.969778
 O -0.650557 -2.427430 -2.293815
 O 0.019088 -3.229678 -5.502776
 O 5.682473 -5.973143 4.431448
 O 5.134171 -3.001933 -0.237338
 O 4.702788 -0.703481 2.423636
 O 1.066675 4.304040 -4.358439
 O -0.604789 -5.761621 0.466449
 O -5.553392 -1.367397 -5.780395
 O -4.632892 1.438612 -0.929098
 O 5.217863 1.647320 -2.744055
 O 2.725366 -0.266102 -0.966869
 O -5.297716 -1.199636 1.221392
 O 1.524544 2.700473 1.437440
 H -4.838346 -1.596765 -0.411396
 H -4.477468 -1.336244 -1.854783
 H 3.544331 -2.979769 5.766908
 H 3.295040 -1.634015 4.979465
 H -6.286941 4.842802 -4.872041
 H -5.888816 4.667534 -6.282516
 H 0.326277 3.188920 -0.835019
 H 0.427253 4.245434 -2.008283
 H -5.473560 0.108389 3.823377
 H -5.072841 1.320407 4.535915
 H 0.194991 6.302356 5.100096
 H -0.135407 5.093764 6.099944
 H -0.411585 -5.612639 -2.507944
 H -0.807764 -5.827365 -3.934295
 H 2.455573 1.176816 3.273791
 H 1.380854 0.109550 3.483985
 H -3.500931 -5.578374 6.302592
 H -1.993005 -5.343905 6.075547
 H 1.916037 -2.022513 1.518658
 H 2.772603 -3.404361 1.738151
 H 3.294328 -6.259246 2.352220
 H 1.771789 -6.579155 2.516239
 H -3.510013 -3.509781 3.855272
 H -4.348122 -2.183724 3.947025
 H -3.551336 -6.292655 0.473143
 H -4.451629 -5.054956 0.309186
 H -4.474153 -5.585161 -3.308911
 H -3.558328 -6.611380 -3.935987
 H 2.175893 -1.769966 -2.054711
 H 2.280125 -3.069663 -1.247752
 H -1.409839 3.135010 0.768868
 H -1.457333 1.606131 1.156823
 H -0.330028 -1.798449 1.186337
 H -0.904595 -1.631187 2.646064
 H 0.979204 -3.601520 3.741960
 H -0.340103 -3.740543 3.063969
 H 5.976035 -4.814443 -5.431886
 H 6.019293 -3.495279 -4.514523
 H 5.645462 5.562097 2.845696
 H 6.136761 5.070187 1.423780
 H 5.334192 -2.504811 2.694909
 H 6.517335 -3.639500 2.780023
 H -2.342744 -2.813517 -4.168787
 H -3.923970 -2.958779 -4.505440
 H -0.441999 2.967903 -4.164884
 H -0.917629 1.609988 -4.830961
 H 4.727792 2.514174 3.286871
 H 3.439623 3.217280 2.758864
 H 2.900111 1.015515 -3.847069
 H 2.013900 2.213106 -3.214624
 H -5.038730 2.348282 -5.296448
 H -3.981128 3.122245 -6.208621
 H 4.183913 -5.049800 -1.540568
 H 5.392252 -5.865918 -1.086188
 H 2.786489 -1.175997 -5.077880
 H 1.190803 -1.021553 -5.118245
 H -2.088828 -0.502583 -5.458896
 H -2.854813 0.745979 -4.893463
 H 1.236358 0.567185 0.778917
 H 1.205097 -0.459989 -0.237037
 H 4.009317 -2.198278 -3.376996
 H 5.398844 -1.699790 -3.020603
 H 5.152356 1.031372 -0.165915
 H 5.956056 -0.321818 -0.516494
 H -0.656389 3.959199 2.584054
 H -0.480699 5.450265 1.974137
 H -4.726966 1.060460 -3.246210
 H -6.067482 0.529869 -3.490420
 H 0.651426 -4.718360 -0.665575
 H 0.866425 -3.913126 0.609551
 H 3.683108 3.760914 -4.190429
 H 4.621364 2.796764 -5.008473
 H 3.218208 4.991611 5.046092
 H 2.798080 6.094100 5.951601
 H -5.820648 3.886734 -1.172665
 H -4.747964 4.495698 -2.179983
 H -0.024835 0.329765 -2.151186
 H -1.350484 0.954130 -1.814317
 H -3.018129 -3.223095 -2.127398
 H -2.694145 -4.232508 -1.046063
 H -3.312559 5.837855 2.833422
 H -2.563508 5.989731 4.201524
 H -1.514878 1.847921 3.657743
 H -2.308536 3.162244 3.493416
 H -2.274509 -1.068766 -0.353340
 H -2.898887 0.173876 0.189148
 H -2.436167 -2.182057 5.247164
 H -1.274208 -3.132161 5.134219
 H 1.600769 1.624148 5.288445
 H 0.137852 2.335881 5.440267
 H -5.336631 3.485286 2.263689
 H -3.893701 3.110419 1.634548
 H 3.375988 4.609900 -0.216468
 H 2.839098 4.104759 -1.504041
 H 3.616668 -5.913320 -3.833467
 H 2.216939 -5.226091 -3.977485
 H -2.490074 3.880998 -2.968313
 H -2.043549 4.230920 -1.637047
 H 5.999032 -0.011306 6.011834
 H 4.687293 0.384604 5.255510
 H -2.799958 -0.646928 2.352236
 H -3.740913 0.588650 2.622894
 H -0.028534 -3.179821 -2.332522
 H -0.298515 -2.071591 -1.457164
 H 0.401900 -3.396128 -4.618956
 H 0.781434 -3.104255 -6.091154
 H 4.949206 -5.576816 4.935433
 H 6.515961 -5.713038 4.853914
 H 5.713535 -3.503067 0.365781
 H 4.652116 -2.441568 0.399728
 H 4.416960 -0.365647 1.540252
 H 4.165776 -0.185127 3.060268
 H 1.380492 3.770796 -5.107202
 H 1.656728 5.076765 -4.193728
 H -0.928473 -6.504097 -0.077995
 H -1.334493 -5.155934 0.683175
 H -5.443711 -2.004936 -6.508056
 H -4.743501 -0.955602 -5.437485
 H -3.939739 2.116512 -1.009259
 H -4.788494 1.480562 0.033836
 H 5.826793 2.413252 -2.776698
 H 4.368030 1.984929 -2.417750
 H 3.623466 -0.463500 -0.599812
 H 2.895361 0.386547 -1.682706
 H -6.052588 -0.696002 1.597439
 H -4.855556 -1.600360 1.980719
 H 1.123156 3.616682 1.449810
 H 2.299701 2.684933 0.847721
K_POINTS
 1
0.0 0.0 0.0 1.0