
&control
    calculation='scf'
    pseudo_dir = './',
    outdir='./outputs',
    disk_io='high'
/
&system
    ibrav= 1, celldm(1)=20.000000, nat=  192, ntyp= 2,
    ecutwfc = 30.0, nosym=.true., occupations='smearing',
    smearing='m-v', degauss=0.025
/
&electrons
    conv_thr =  1.0d-8,
    mixing_beta = 0.7
/
&ions
    pot_extrapolation='second-order'
    wfc_extrapolation='second-order'
    ion_temperature = 'andersen'
    tempw = 1000

/
ATOMIC_SPECIES
 H  1.01  H.blyp-hgh.UPF
 O  16.0  O.blyp-hgh.UPF
ATOMIC_POSITIONS bohr
 O -5.313749 -1.310660 -1.460819
 O 3.069390 -2.581904 5.842665
 O -5.436026 6.193278 -5.480439
 O 0.928411 3.606373 -0.936849
 O -5.065825 1.118815 3.619521
 O -0.067066 6.256590 6.114705
 O -0.802880 -5.381126 -2.557897
 O 2.545689 0.810571 4.472307
 O -2.945420 -5.937265 5.896179
 O 2.650912 -2.508856 3.141156
 O 2.465724 -6.387922 2.954460
 O -3.560475 -3.644539 4.422796
 O -4.704759 -6.583194 0.717711
 O -3.603203 -5.120042 -3.563796
 O 2.784325 -3.291638 -2.137135
 O -1.952860 2.394436 -0.676214
 O -1.325242 -2.949013 2.572929
 O 0.524873 -4.416997 3.510657
 O 4.773671 -4.497527 -4.781871
 O 5.173829 4.927805 2.166429
 O 5.012786 -3.587168 3.469664
 O -2.769826 -2.636618 -3.622994
 O -1.232452 2.942170 -4.504329
 O 4.116393 2.005827 2.489101
 O 2.868066 1.221278 -3.859613
 O -4.230218 2.691226 -5.747781
 O 5.106252 -5.734309 -0.731981
 O 1.498540 -0.259081 -5.561804
 O -1.744885 0.339646 -5.177931
 O 1.211581 -0.791070 1.313081
 O 5.609185 -1.818034 -3.845648
 O 4.669696 -0.196404 -0.620009
 O 0.315100 4.227067 3.998790
 O -4.657915 0.683627 -3.957456
 O 0.762725 -3.805604 -0.354528
 O 4.694250 4.172566 -5.784416
 O 2.374545 6.127060 5.404545
 O -5.526278 5.053112 -1.970387
 O -0.232702 1.251787 -2.337353
 O -3.738780 -3.904345 -0.972232
 O -3.050551 5.662061 2.953789
 O -1.975436 3.135933 4.524629
 O -1.885067 -1.603465 -0.552897
 O -1.351658 -1.639707 5.325728
 O 0.200077 2.208940 5.631993
 O -4.800811 3.227691 1.322481
 O 3.225770 4.311858 -1.526072
 O 2.095912 -5.780587 -4.007883
 O -3.058707 4.353494 -3.009638
 O 4.470711 0.704951 6.544923
 O -2.056442 0.479609 2.137384
 O -0.023105 -1.896522 -3.572458
 O 0.046838 -3.488592 -5.748716
 O 6.300230 -6.005293 4.284202
 O 3.704157 -3.168644 0.559493
 O 5.620975 -0.634208 2.799141
 O 1.696170 3.849687 -4.394513
 O -1.523095 -6.321054 -0.303345
 O -5.294712 -1.752917 -5.960137
 O -4.510424 1.266786 -1.109240
 O 4.992917 3.146857 -3.242834
 O 2.074066 -0.580764 -1.471863
 O -4.868036 -2.759318 1.097534
 O 1.841146 2.744254 1.296441
 H -4.711762 -1.511403 -2.201034
 H -4.856449 -0.467200 -1.199307
 H 3.872131 -2.322478 6.333910
 H 3.182342 -2.356261 4.888382
 H -5.826364 5.299342 -5.381221
 H -5.082963 6.504319 -4.597273
 H 0.506166 2.943894 -1.517941
 H 1.872207 3.842112 -1.264468
 H -5.444366 0.356773 3.092724
 H -5.327437 0.748888 4.474598
 H -0.059501 6.705591 5.227458
 H 0.919970 6.088388 6.145639
 H -1.201496 -5.629894 -1.689963
 H 0.042896 -5.870069 -2.682496
 H 3.255650 1.189051 3.882970
 H 2.031470 1.580376 4.825541
 H -3.515162 -5.619925 6.627309
 H -2.114442 -6.228495 6.334485
 H 2.009991 -2.078965 2.511304
 H 2.977464 -3.258948 2.610293
 H 2.843396 -7.151244 2.460811
 H 1.483246 -6.480328 2.900540
 H -3.056333 -4.450181 4.661733
 H -4.398588 -4.173837 4.431016
 H -4.742060 -7.552459 0.801009
 H -5.003172 -6.347112 -0.169359
 H -3.486291 -4.133002 -3.600209
 H -2.737680 -5.509065 -3.804387
 H 2.228766 -2.502081 -2.310054
 H 2.262377 -3.773484 -1.441427
 H -2.657674 2.291128 -1.322396
 H -1.545238 3.278409 -0.812147
 H -1.601570 -3.526384 1.796695
 H -1.302874 -2.062722 2.192406
 H 1.361248 -4.089594 3.137411
 H -0.146086 -3.877666 3.009874
 H 5.572567 -4.724636 -5.326667
 H 4.592415 -3.597932 -5.104343
 H 5.303649 5.792626 2.639218
 H 6.094237 4.553192 2.193731
 H 5.601652 -2.807197 3.381128
 H 4.263473 -3.161089 3.926525
 H -1.795784 -2.458163 -3.757535
 H -3.273205 -2.097809 -4.263504
 H -0.369728 3.092096 -4.053820
 H -1.382984 1.978030 -4.580537
 H 4.819051 2.463491 2.984938
 H 3.428558 2.652831 2.193626
 H 2.502865 0.414031 -4.281906
 H 2.301452 1.993573 -4.065291
 H -4.875113 1.992441 -5.485660
 H -3.448183 2.111670 -5.819629
 H 5.827347 -6.047812 -0.151596
 H 5.141508 -6.355841 -1.479534
 H 2.058412 -0.713399 -6.215288
 H 0.794012 0.235126 -6.034313
 H -1.433619 -0.475787 -5.678983
 H -2.712934 0.250371 -5.059739
 H 1.084590 0.063203 1.763848
 H 1.317851 -0.587373 0.347008
 H 5.198015 -2.639942 -3.519494
 H 6.324517 -1.663217 -3.195510
 H 5.064437 0.623425 -0.923273
 H 5.219283 -0.902141 -0.982951
 H 0.176554 4.887176 4.713159
 H -0.603626 3.919700 3.841668
 H -4.036881 0.712733 -3.204387
 H -5.392184 1.070145 -3.433067
 H 0.373611 -4.022892 -1.234870
 H 0.466087 -2.876931 -0.252337
 H 3.974910 4.807861 -5.572318
 H 4.530948 3.951930 -6.725485
 H 2.534563 6.006118 4.396348
 H 2.731170 7.019367 5.616863
 H -5.736134 4.316240 -2.571828
 H -4.965309 5.639684 -2.511212
 H -0.545549 0.651510 -1.628713
 H -0.699427 1.048311 -3.184395
 H -4.205799 -4.739747 -1.117047
 H -4.024859 -3.589848 -0.098806
 H -3.857338 6.185665 3.089912
 H -2.641844 5.616985 3.829262
 H -2.643811 3.775655 4.217867
 H -1.915190 3.222486 5.497051
 H -2.397830 -2.243966 -1.098251
 H -2.325124 -1.761209 0.304965
 H -2.136705 -1.681223 4.756409
 H -0.835641 -2.458062 5.197377
 H -0.133811 2.050057 4.730308
 H -0.140268 3.034726 6.011080
 H -5.400127 2.725617 1.906537
 H -3.997588 3.458942 1.829151
 H 3.822148 4.780276 -0.918256
 H 3.695818 4.202214 -2.380524
 H 2.551156 -5.871211 -4.864814
 H 2.500406 -4.995235 -3.561131
 H -2.990565 4.010047 -3.946431
 H -2.161849 4.743708 -3.005275
 H 3.869978 1.225337 7.126803
 H 3.881160 0.572062 5.763192
 H -1.718210 1.302061 1.732977
 H -2.817412 0.934892 2.577914
 H 0.212919 -0.971999 -3.325047
 H 0.219785 -1.996684 -4.519282
 H -0.432512 -4.261142 -6.110401
 H 0.903786 -3.908054 -5.526777
 H 6.813558 -6.221142 5.091188
 H 5.899620 -5.096168 4.372734
 H 4.229185 -3.869186 0.990686
 H 3.714917 -3.371345 -0.401378
 H 4.922926 -0.848808 2.148705
 H 5.125484 -0.475120 3.624641
 H 1.746119 3.961319 -5.369940
 H 2.108083 4.683405 -3.996369
 H -0.553233 -6.321394 -0.167712
 H -1.947665 -6.332424 0.578802
 H -5.816493 -1.862044 -5.129458
 H -4.563672 -2.392704 -6.003336
 H -3.645695 1.212195 -0.654917
 H -5.007406 1.935999 -0.599533
 H 5.224380 3.352473 -4.183480
 H 4.740273 2.190478 -3.310058
 H 3.024411 -0.362504 -1.298825
 H 1.620507 0.277588 -1.513171
 H -5.049752 -1.852604 0.767131
 H -4.351304 -2.657480 1.928131
 H 1.211177 2.818360 2.033091
 H 1.369648 2.952089 0.421085
K_POINTS
 1
0.0 0.0 0.0 1.0