
&control
    calculation='scf'
    pseudo_dir = './',
    outdir='./outputs',
    disk_io='high'
/
&system
    ibrav= 1, celldm(1)=20.000000, nat=  192, ntyp= 2,
    ecutwfc = 30.0, nosym=.true., occupations='smearing',
    smearing='m-v', degauss=0.025
/
&electrons
    conv_thr =  1.0d-8,
    mixing_beta = 0.7
/
&ions
    pot_extrapolation='second-order'
    wfc_extrapolation='second-order'
    ion_temperature = 'andersen'
    tempw = 1000

/
ATOMIC_SPECIES
 H  1.01  H.blyp-hgh.UPF
 O  16.0  O.blyp-hgh.UPF
ATOMIC_POSITIONS bohr
 O -5.313710 -1.311271 -1.459866
 O 3.066606 -2.583366 5.843676
 O -5.436814 6.194234 -5.480884
 O 0.931508 3.605915 -0.936706
 O -5.066101 1.119764 3.618512
 O -0.068483 6.256973 6.115363
 O -0.803684 -5.381745 -2.556733
 O 2.547011 0.812113 4.472353
 O -2.945098 -5.939092 5.896680
 O 2.650161 -2.509572 3.141554
 O 2.465434 -6.386848 2.952951
 O -3.558775 -3.644845 4.421885
 O -4.705628 -6.586115 0.718840
 O -3.604572 -5.119009 -3.562698
 O 2.784261 -3.292092 -2.136211
 O -1.953594 2.395930 -0.675697
 O -1.325630 -2.949994 2.571604
 O 0.526633 -4.416465 3.509905
 O 4.773325 -4.497926 -4.781700
 O 5.175590 4.926576 2.166000
 O 5.013249 -3.588433 3.469286
 O -2.768140 -2.635293 -3.621429
 O -1.232791 2.942542 -4.503484
 O 4.115964 2.004041 2.488168
 O 2.868521 1.220702 -3.858383
 O -4.231409 2.691196 -5.745083
 O 5.106697 -5.734399 -0.730732
 O 1.495986 -0.259541 -5.562460
 O -1.745589 0.341100 -5.178140
 O 1.211067 -0.792147 1.314236
 O 5.610545 -1.818998 -3.848250
 O 4.668565 -0.196191 -0.622237
 O 0.316508 4.225749 4.000283
 O -4.656613 0.684584 -3.955496
 O 0.760194 -3.805345 -0.355993
 O 4.696944 4.171791 -5.786563
 O 2.377353 6.129326 5.404440
 O -5.525418 5.053310 -1.973210
 O -0.231368 1.251574 -2.338744
 O -3.738878 -3.904474 -0.973218
 O -3.050496 5.662072 2.953733
 O -1.975995 3.136871 4.522650
 O -1.883175 -1.605363 -0.552323
 O -1.351519 -1.640373 5.326094
 O 0.198128 2.210414 5.631888
 O -4.801710 3.225907 1.323087
 O 3.226982 4.313229 -1.527207
 O 2.092348 -5.780739 -4.007874
 O -3.059008 4.352829 -3.010596
 O 4.472021 0.705429 6.546059
 O -2.053871 0.481288 2.139219
 O -0.023084 -1.895447 -3.574870
 O 0.047030 -3.489101 -5.749987
 O 6.301908 -6.005229 4.281783
 O 3.703099 -3.167097 0.562515
 O 5.623747 -0.634336 2.799896
 O 1.695534 3.848492 -4.394227
 O -1.523658 -6.323982 -0.302803
 O -5.295123 -1.752593 -5.960523
 O -4.508785 1.268728 -1.109777
 O 4.993747 3.151177 -3.246227
 O 2.072006 -0.581778 -1.473071
 O -4.868217 -2.763902 1.101600
 O 1.840588 2.745256 1.297365
 H -4.708416 -1.515829 -2.196364
 H -4.860000 -0.466046 -1.196437
 H 3.867116 -2.317576 6.337010
 H 3.180247 -2.351818 4.890733
 H -5.822734 5.299020 -5.377380
 H -5.073128 6.506815 -4.601932
 H 0.503582 2.939169 -1.509923
 H 1.874341 3.834393 -1.269806
 H -5.452194 0.361728 3.091024
 H -5.328099 0.749345 4.472598
 H -0.060174 6.707766 5.228359
 H 0.918464 6.089463 6.150678
 H -1.200178 -5.627155 -1.686317
 H 0.046791 -5.861350 -2.684168
 H 3.258594 1.187860 3.885317
 H 2.034396 1.582996 4.823602
 H -3.516929 -5.625644 6.628346
 H -2.116159 -6.233252 6.335416
 H 2.004036 -2.076751 2.518868
 H 2.976655 -3.259101 2.610468
 H 2.837362 -7.155628 2.463750
 H 1.482936 -6.482358 2.902593
 H -3.054564 -4.448664 4.659492
 H -4.395932 -4.175585 4.421825
 H -4.742989 -7.554015 0.804570
 H -5.006004 -6.349684 -0.168203
 H -3.484503 -4.132048 -3.595228
 H -2.743156 -5.513790 -3.807736
 H 2.228470 -2.504667 -2.311058
 H 2.256690 -3.775977 -1.447734
 H -2.654021 2.290767 -1.328303
 H -1.542758 3.277179 -0.824678
 H -1.606649 -3.526274 1.794570
 H -1.300927 -2.062974 2.192569
 H 1.363921 -4.091328 3.136242
 H -0.149190 -3.884411 3.008287
 H 5.576602 -4.715834 -5.322863
 H 4.589969 -3.599598 -5.107996
 H 5.298373 5.792360 2.637108
 H 6.097594 4.556931 2.198068
 H 5.602953 -2.809067 3.383035
 H 4.265744 -3.163435 3.930733
 H -1.794720 -2.457519 -3.759952
 H -3.275952 -2.099586 -4.260541
 H -0.372726 3.098235 -4.051906
 H -1.381245 1.978864 -4.580910
 H 4.818259 2.463311 2.982646
 H 3.430587 2.652189 2.188433
 H 2.504720 0.414521 -4.283108
 H 2.299191 1.990163 -4.068250
 H -4.882434 1.994626 -5.492426
 H -3.447235 2.112666 -5.816016
 H 5.827452 -6.048045 -0.149065
 H 5.141487 -6.355575 -1.479067
 H 2.054500 -0.712723 -6.216987
 H 0.796350 0.241100 -6.035113
 H -1.434087 -0.476557 -5.672635
 H -2.713348 0.256206 -5.058334
 H 1.085859 0.060558 1.767635
 H 1.317595 -0.587642 0.348343
 H 5.202865 -2.643890 -3.522320
 H 6.321292 -1.659954 -3.193040
 H 5.065230 0.622597 -0.922967
 H 5.215624 -0.901416 -0.987540
 H 0.175664 4.885612 4.713604
 H -0.603401 3.914104 3.853844
 H -4.040371 0.711280 -3.198363
 H -5.395808 1.071196 -3.436528
 H 0.369326 -4.020090 -1.235777
 H 0.462304 -2.878274 -0.248737
 H 3.976841 4.806208 -5.577436
 H 4.533204 3.953703 -6.727956
 H 2.531152 6.007842 4.395113
 H 2.732641 7.020525 5.623038
 H -5.732303 4.317062 -2.575829
 H -4.962250 5.636045 -2.515837
 H -0.549022 0.649336 -1.632014
 H -0.703690 1.059009 -3.184357
 H -4.215348 -4.734201 -1.121483
 H -4.024155 -3.589570 -0.100826
 H -3.855422 6.188117 3.090631
 H -2.641112 5.617610 3.829639
 H -2.643498 3.779434 4.220316
 H -1.916846 3.218831 5.495653
 H -2.393284 -2.245690 -1.099828
 H -2.328627 -1.758105 0.303863
 H -2.134370 -1.682619 4.753937
 H -0.835172 -2.457966 5.194393
 H -0.133289 2.059547 4.726044
 H -0.147413 3.031161 6.017899
 H -5.400519 2.721922 1.905386
 H -4.003869 3.465989 1.835436
 H 3.821094 4.780585 -0.916328
 H 3.696008 4.204347 -2.381886
 H 2.548890 -5.875165 -4.864622
 H 2.497829 -4.996517 -3.559077
 H -3.000657 4.015231 -3.949965
 H -2.164710 4.751830 -3.003944
 H 3.868744 1.225780 7.127570
 H 3.885875 0.573805 5.764074
 H -1.720412 1.298326 1.722528
 H -2.817364 0.935314 2.571729
 H 0.222614 -0.975356 -3.321511
 H 0.221702 -1.993733 -4.521033
 H -0.431543 -4.263883 -6.108144
 H 0.905762 -3.904934 -5.524730
 H 6.814229 -6.222909 5.089827
 H 5.894671 -5.099725 4.379204
 H 4.223245 -3.869620 0.996074
 H 3.713222 -3.368023 -0.398796
 H 4.925946 -0.852833 2.151609
 H 5.133003 -0.468055 3.626404
 H 1.749214 3.965382 -5.369354
 H 2.102756 4.685742 -3.998193
 H -0.554253 -6.323009 -0.160792
 H -1.951014 -6.338451 0.578506
 H -5.816129 -1.862699 -5.129104
 H -4.560809 -2.389739 -6.001794
 H -3.644598 1.210807 -0.653979
 H -5.004171 1.938018 -0.598709
 H 5.223714 3.353118 -4.188021
 H 4.748688 2.194042 -3.304780
 H 3.023593 -0.361475 -1.302075
 H 1.617054 0.277087 -1.509867
 H -5.045193 -1.860360 0.759856
 H -4.345591 -2.654679 1.928102
 H 1.211829 2.821244 2.035682
 H 1.369833 2.955840 0.423376
K_POINTS
 1
0.0 0.0 0.0 1.0