
&control
    calculation='scf'
    pseudo_dir = './',
    outdir='./outputs',
    disk_io='high'
/
&system
    ibrav= 1, celldm(1)=20.000000, nat=  192, ntyp= 2,
    ecutwfc = 30.0, nosym=.true., occupations='smearing',
    smearing='m-v', degauss=0.025
/
&electrons
    conv_thr =  1.0d-8,
    mixing_beta = 0.7
/
&ions
    pot_extrapolation='second-order'
    wfc_extrapolation='second-order'
    ion_temperature = 'andersen'
    tempw = 1000

/
ATOMIC_SPECIES
 H  1.01  H.blyp-hgh.UPF
 O  16.0  O.blyp-hgh.UPF
ATOMIC_POSITIONS bohr
 O -5.313557 -1.312441 -1.457973
 O 3.061050 -2.586302 5.845734
 O -5.438410 6.196178 -5.481701
 O 0.937641 3.604994 -0.936417
 O -5.066645 1.121600 3.616424
 O -0.071366 6.257718 6.116574
 O -0.805225 -5.382966 -2.554495
 O 2.549667 0.815219 4.472441
 O -2.944376 -5.942761 5.897677
 O 2.648585 -2.511008 3.142328
 O 2.464839 -6.384740 2.949853
 O -3.555500 -3.645554 4.420059
 O -4.707330 -6.591832 0.721161
 O -3.607411 -5.117025 -3.560575
 O 2.784152 -3.293076 -2.134395
 O -1.955019 2.398935 -0.674542
 O -1.326527 -2.952071 2.568796
 O 0.530129 -4.415486 3.508404
 O 4.772685 -4.498711 -4.781416
 O 5.179161 4.924133 2.165182
 O 5.014237 -3.590965 3.468580
 O -2.764809 -2.632599 -3.618303
 O -1.233454 2.943371 -4.501813
 O 4.115132 2.000435 2.486355
 O 2.869505 1.219622 -3.855836
 O -4.233807 2.691096 -5.739703
 O 5.107537 -5.734553 -0.728206
 O 1.490808 -0.260483 -5.563726
 O -1.747025 0.343996 -5.178527
 O 1.210001 -0.794315 1.316547
 O 5.613257 -1.820944 -3.853421
 O 4.666208 -0.195770 -0.626632
 O 0.319368 4.223213 4.003178
 O -4.654031 0.686479 -3.951460
 O 0.755090 -3.804835 -0.358972
 O 4.702315 4.170266 -5.790880
 O 2.383062 6.133888 5.404377
 O -5.523742 5.053725 -1.978885
 O -0.228641 1.251106 -2.341562
 O -3.739006 -3.904748 -0.975264
 O -3.050348 5.662032 2.953590
 O -1.977174 3.138750 4.518656
 O -1.879437 -1.609180 -0.551169
 O -1.351250 -1.641639 5.326844
 O 0.194347 2.213189 5.631715
 O -4.803504 3.222320 1.324274
 O 3.229433 4.316001 -1.529507
 O 2.085221 -5.781042 -4.007840
 O -3.059558 4.351499 -3.012653
 O 4.474680 0.706388 6.548254
 O -2.048799 0.484746 2.142906
 O -0.023064 -1.893263 -3.579661
 O 0.047453 -3.490135 -5.752542
 O 6.305282 -6.005034 4.276909
 O 3.701005 -3.163997 0.568599
 O 5.629264 -0.634678 2.801427
 O 1.694299 3.846171 -4.393651
 O -1.524754 -6.329892 -0.301659
 O -5.295889 -1.751924 -5.961386
 O -4.505486 1.272587 -1.110847
 O 4.995482 3.159762 -3.253054
 O 2.067846 -0.583809 -1.475447
 O -4.868546 -2.773028 1.109812
 O 1.839491 2.747226 1.299279
 H -4.701433 -1.525423 -2.186949
 H -4.867753 -0.463547 -1.190517
 H 3.857000 -2.307366 6.342836
 H 3.175677 -2.342790 4.895573
 H -5.815507 5.298522 -5.369603
 H -5.053391 6.511533 -4.611595
 H 0.498635 2.929599 -1.494053
 H 1.878112 3.818865 -1.280445
 H -5.467759 0.372215 3.087326
 H -5.329224 0.750618 4.469415
 H -0.061621 6.712118 5.230326
 H 0.915353 6.091690 6.160794
 H -1.197660 -5.621745 -1.679125
 H 0.054174 -5.843798 -2.687439
 H 3.264051 1.185674 3.889667
 H 2.040454 1.587948 4.819659
 H -3.520533 -5.637270 6.630320
 H -2.119529 -6.242633 6.337131
 H 1.992456 -2.071937 2.534102
 H 2.975290 -3.259196 2.610419
 H 2.825312 -7.164226 2.469718
 H 1.482517 -6.486377 2.906572
 H -3.050069 -4.445530 4.655319
 H -4.390898 -4.178260 4.403241
 H -4.745136 -7.557337 0.811260
 H -5.011418 -6.355318 -0.166213
 H -3.480376 -4.130201 -3.585089
 H -2.754063 -5.522961 -3.813961
 H 2.227905 -2.509682 -2.313005
 H 2.245295 -3.780619 -1.460403
 H -2.646738 2.290741 -1.340740
 H -1.538151 3.274473 -0.849785
 H -1.616579 -3.525435 1.791122
 H -1.296695 -2.062856 2.192824
 H 1.369331 -4.094757 3.134185
 H -0.155233 -3.897840 3.005466
 H 5.584412 -4.698648 -5.314858
 H 4.584823 -3.603047 -5.115250
 H 5.287879 5.791241 2.632778
 H 6.103617 4.564805 2.206578
 H 5.605743 -2.812909 3.386524
 H 4.270306 -3.168446 3.939130
 H -1.792620 -2.456107 -3.764683
 H -3.281111 -2.103057 -4.254698
 H -0.378863 3.110426 -4.048293
 H -1.377538 1.980293 -4.582002
 H 4.816522 2.463234 2.977902
 H 3.434780 2.650787 2.177810
 H 2.507932 0.415674 -4.285710
 H 2.294561 1.983233 -4.074152
 H -4.896996 1.999392 -5.505915
 H -3.445277 2.114903 -5.808900
 H 5.827295 -6.048572 -0.143833
 H 5.141879 -6.354918 -1.478287
 H 2.046545 -0.711507 -6.220632
 H 0.801387 0.253072 -6.036767
 H -1.435341 -0.477805 -5.660061
 H -2.714049 0.267590 -5.055628
 H 1.088507 0.055313 1.775120
 H 1.317448 -0.588385 0.351296
 H 5.212480 -2.651945 -3.527870
 H 6.314437 -1.653165 -3.187971
 H 5.067055 0.621410 -0.922543
 H 5.208740 -0.900328 -0.996982
 H 0.174019 4.882474 4.714541
 H -0.602949 3.902757 3.878275
 H -4.046910 0.708377 -3.186474
 H -5.403326 1.073224 -3.444009
 H 0.360448 -4.014632 -1.237458
 H 0.454847 -2.880972 -0.241382
 H 3.980958 4.802822 -5.587839
 H 4.537908 3.957251 -6.732685
 H 2.524354 6.011327 4.392596
 H 2.735576 7.022659 5.635077
 H -5.724722 4.318438 -2.583714
 H -4.955749 5.628724 -2.525055
 H -0.556317 0.645183 -1.639003
 H -0.712104 1.080115 -3.183651
 H -4.234300 -4.723107 -1.130507
 H -4.023284 -3.588884 -0.104408
 H -3.851921 6.193083 3.091975
 H -2.639609 5.619222 3.830740
 H -2.643250 3.786880 4.225371
 H -1.920435 3.211559 5.492774
 H -2.383970 -2.249234 -1.103266
 H -2.335485 -1.751547 0.301678
 H -2.129714 -1.685622 4.748883
 H -0.834144 -2.457730 5.188565
 H -0.132357 2.078999 4.717924
 H -0.161787 3.023913 6.031346
 H -5.401069 2.714373 1.903400
 H -4.016540 3.479828 1.848169
 H 3.819022 4.781382 -0.912282
 H 3.696688 4.208248 -2.384478
 H 2.544508 -5.882767 -4.864079
 H 2.492748 -4.999234 -3.555029
 H -3.021195 4.025426 -3.956309
 H -2.170513 4.768212 -3.000782
 H 3.866415 1.226463 7.129441
 H 3.895307 0.577373 5.765852
 H -1.724273 1.290614 1.701091
 H -2.817394 0.935444 2.559743
 H 0.242002 -0.982502 -3.314637
 H 0.225594 -1.987803 -4.524420
 H -0.429616 -4.269307 -6.103245
 H 0.909556 -3.898440 -5.520654
 H 6.815287 -6.226167 5.087241
 H 5.884967 -5.107284 4.392077
 H 4.211506 -3.870480 1.006521
 H 3.709889 -3.361380 -0.393499
 H 4.931937 -0.860788 2.157166
 H 5.148002 -0.453847 3.629839
 H 1.755411 3.973479 -5.367820
 H 2.091447 4.689821 -4.002166
 H -0.556483 -6.326376 -0.146578
 H -1.957778 -6.350423 0.577800
 H -5.815486 -1.864118 -5.128284
 H -4.555237 -2.383957 -5.998774
 H -3.642565 1.208010 -0.651740
 H -4.997568 1.942218 -0.596935
 H 5.222028 3.354454 -4.197036
 H 4.765126 2.201535 -3.294148
 H 3.021999 -0.359476 -1.308397
 H 1.610247 0.276252 -1.503730
 H -5.036087 -1.876204 0.745347
 H -4.334421 -2.649065 1.927923
 H 1.213012 2.827184 2.040715
 H 1.370192 2.963650 0.428085
K_POINTS
 1
0.0 0.0 0.0 1.0