
&control
    calculation='scf'
    pseudo_dir = './',
    outdir='./outputs',
    disk_io='high'
/
&system
    ibrav= 1, celldm(1)=20.000000, nat=  192, ntyp= 2,
    ecutwfc = 30.0, nosym=.true., occupations='smearing',
    smearing='m-v', degauss=0.025
/
&electrons
    conv_thr =  1.0d-8,
    mixing_beta = 0.7
/
&ions
    pot_extrapolation='second-order'
    wfc_extrapolation='second-order'
    ion_temperature = 'andersen'
    tempw = 1000

/
ATOMIC_SPECIES
 H  1.01  H.blyp-hgh.UPF
 O  16.0  O.blyp-hgh.UPF
ATOMIC_POSITIONS bohr
 O -5.257624 -1.554127 -1.310276
 O 3.976688 -2.192125 5.396903
 O -5.721841 5.288449 -5.539299
 O -0.161522 3.615177 -1.567818
 O -4.711456 0.724909 3.844839
 O -0.235081 5.434890 5.194004
 O -0.126140 -5.370743 -3.407509
 O 2.324592 0.282724 3.664832
 O -2.854934 -5.295514 5.626195
 O 1.900880 -2.988049 1.694428
 O 2.513367 -6.076927 2.904647
 O -4.191197 -3.048173 4.373278
 O -4.428891 -5.942128 0.719065
 O -3.567875 -5.678501 -3.653878
 O 2.126822 -2.741666 -2.162177
 O -1.823943 2.484191 1.366555
 O -1.087520 -1.463780 1.706081
 O 0.237177 -4.242306 3.671281
 O 5.441547 -4.156697 -4.951362
 O 5.562152 4.827543 2.184313
 O 5.996258 -2.968394 3.244019
 O -3.232973 -3.005268 -3.829305
 O -0.903678 2.596609 -4.936596
 O 3.878522 2.352108 2.842352
 O 2.323074 1.295953 -3.116578
 O -4.905693 2.827856 -6.142975
 O 4.438860 -5.949105 -1.251336
 O 1.953440 -1.312932 -4.592118
 O -2.025970 0.237352 -4.833733
 O 0.848388 -0.326827 0.670809
 O 4.784546 -1.755828 -3.777281
 O 5.178927 0.070340 -0.054843
 O -0.290486 4.506117 1.841821
 O -5.236783 0.717726 -4.010030
 O 0.727782 -3.803263 -0.357021
 O 4.606513 3.505032 -4.336133
 O 3.545005 5.482990 5.828648
 O -5.108520 3.674892 -1.800015
 O -0.392520 1.041709 -1.600068
 O -3.004973 -3.320072 -1.144916
 O -2.602339 5.455472 3.375205
 O -1.494274 2.800354 3.897228
 O -2.637227 -0.223745 -0.676885
 O -1.516752 -2.209210 4.911951
 O 0.732913 1.795776 4.892714
 O -4.807792 3.393883 1.446928
 O 2.797070 3.898749 -0.555416
 O 2.681731 -5.974618 -3.556216
 O -2.654249 4.590676 -2.316210
 O 5.636294 0.564155 5.270185
 O -3.117253 0.184693 1.970191
 O -0.651329 -2.425964 -2.296721
 O 0.018343 -3.232296 -5.502495
 O 5.683890 -5.972913 4.428422
 O 5.130586 -3.005045 -0.237165
 O 4.701021 -0.703863 2.425188
 O 1.068667 4.304138 -4.356301
 O -0.606886 -5.763614 0.466435
 O -5.552166 -1.369493 -5.778369
 O -4.633003 1.434972 -0.926891
 O 5.216774 1.642672 -2.737602
 O 2.728497 -0.266876 -0.970080
 O -5.296826 -1.201868 1.224156
 O 1.526112 2.696959 1.439037
 H -4.847834 -1.584834 -0.412393
 H -4.473980 -1.324775 -1.851683
 H 3.546499 -2.977936 5.772560
 H 3.291855 -1.638854 4.970857
 H -6.291625 4.845414 -4.872954
 H -5.879833 4.668518 -6.282006
 H 0.328349 3.182970 -0.838268
 H 0.430217 4.247811 -2.006317
 H -5.476210 0.111941 3.822784
 H -5.065925 1.320639 4.543624
 H 0.195021 6.304424 5.099448
 H -0.128143 5.092552 6.100715
 H -0.413618 -5.608611 -2.507052
 H -0.811089 -5.824248 -3.934015
 H 2.460087 1.177445 3.275431
 H 1.380412 0.112626 3.489443
 H -3.501361 -5.576352 6.305746
 H -1.991491 -5.345812 6.075583
 H 1.919776 -2.018789 1.511827
 H 2.774655 -3.401147 1.742990
 H 3.294641 -6.264805 2.351219
 H 1.768303 -6.576178 2.515809
 H -3.501243 -3.508516 3.863424
 H -4.354034 -2.187869 3.940743
 H -3.556626 -6.301956 0.469074
 H -4.445113 -5.052367 0.306335
 H -4.475003 -5.579326 -3.310880
 H -3.560493 -6.615081 -3.928902
 H 2.177877 -1.767972 -2.055564
 H 2.266465 -3.068473 -1.246779
 H -1.397307 3.132610 0.772389
 H -1.462854 1.600991 1.152478
 H -0.326263 -1.787972 1.189540
 H -0.901331 -1.632430 2.650326
 H 0.985938 -3.607770 3.728463
 H -0.341393 -3.742988 3.062755
 H 5.983117 -4.820355 -5.423238
 H 6.009466 -3.485501 -4.520775
 H 5.657887 5.559391 2.853348
 H 6.148326 5.070034 1.434022
 H 5.336697 -2.495988 2.694645
 H 6.510571 -3.642702 2.778160
 H -2.340988 -2.811269 -4.166341
 H -3.920331 -2.958157 -4.511524
 H -0.437097 2.966642 -4.164626
 H -0.936347 1.610139 -4.826209
 H 4.731619 2.517747 3.283484
 H 3.440424 3.217745 2.754097
 H 2.899792 1.015711 -3.848315
 H 2.005801 2.211584 -3.220900
 H -5.039053 2.338050 -5.300448
 H -3.979485 3.123095 -6.204455
 H 4.180754 -5.049071 -1.537710
 H 5.393499 -5.863314 -1.085095
 H 2.787896 -1.179766 -5.082301
 H 1.191184 -1.021263 -5.120075
 H -2.086000 -0.504351 -5.460375
 H -2.855625 0.744048 -4.896392
 H 1.227075 0.571739 0.785093
 H 1.208469 -0.456427 -0.234352
 H 4.006694 -2.199213 -3.374716
 H 5.398452 -1.698074 -3.016384
 H 5.159081 1.032083 -0.173755
 H 5.958862 -0.327156 -0.515754
 H -0.661899 3.955377 2.579116
 H -0.491628 5.450782 1.979672
 H -4.724543 1.052097 -3.240416
 H -6.074745 0.536847 -3.503525
 H 0.644675 -4.718241 -0.665810
 H 0.878080 -3.911294 0.607698
 H 3.680600 3.767955 -4.201762
 H 4.622747 2.796466 -5.006805
 H 3.222223 4.996722 5.039672
 H 2.794641 6.093182 5.952926
 H -5.817035 3.887919 -1.167354
 H -4.745105 4.507761 -2.168042
 H -0.024318 0.326704 -2.151996
 H -1.352464 0.940860 -1.800885
 H -3.012251 -3.216282 -2.126115
 H -2.686848 -4.232912 -1.052137
 H -3.320215 5.836393 2.837686
 H -2.570578 5.984790 4.206974
 H -1.511974 1.852319 3.647750
 H -2.303808 3.165092 3.492522
 H -2.267090 -1.070486 -0.360759
 H -2.906238 0.165385 0.190352
 H -2.440672 -2.185473 5.237319
 H -1.267718 -3.129509 5.137937
 H 1.596275 1.619391 5.291570
 H 0.138120 2.344897 5.442777
 H -5.332460 3.491671 2.263467
 H -3.890646 3.103066 1.633122
 H 3.376964 4.613803 -0.216929
 H 2.839272 4.107390 -1.506262
 H 3.619012 -5.904653 -3.832876
 H 2.214660 -5.222493 -3.967990
 H -2.488277 3.881623 -2.972523
 H -2.037046 4.230220 -1.638365
 H 5.999896 -0.027627 6.000169
 H 4.683220 0.379606 5.258579
 H -2.791221 -0.645690 2.345473
 H -3.747812 0.580747 2.623403
 H -0.025124 -3.174328 -2.336762
 H -0.306876 -2.070171 -1.457535
 H 0.401244 -3.389989 -4.614818
 H 0.783009 -3.098634 -6.086745
 H 4.948388 -5.583573 4.936046
 H 6.516468 -5.709725 4.852159
 H 5.718095 -3.497867 0.365752
 H 4.656393 -2.437025 0.399976
 H 4.431738 -0.355925 1.539001
 H 4.153867 -0.195044 3.062544
 H 1.379163 3.777291 -5.112028
 H 1.654327 5.087072 -4.204248
 H -0.933249 -6.513077 -0.069183
 H -1.334462 -5.151833 0.676649
 H -5.441765 -2.002803 -6.511728
 H -4.741312 -0.955954 -5.436960
 H -3.945752 2.118145 -1.009892
 H -4.788200 1.475563 0.036885
 H 5.828625 2.407749 -2.769670
 H 4.365999 1.984031 -2.416969
 H 3.632037 -0.448881 -0.602944
 H 2.884623 0.385573 -1.691732
 H -6.059731 -0.703583 1.595422
 H -4.855897 -1.596567 1.986617
 H 1.103597 3.605952 1.444273
 H 2.298575 2.694738 0.843208
K_POINTS
 1
0.0 0.0 0.0 1.0