
&control
    calculation='scf'
    pseudo_dir = './',
    outdir='./outputs',
    disk_io='high'
/
&system
    ibrav= 1, celldm(1)=20.000000, nat=  192, ntyp= 2,
    ecutwfc = 30.0, nosym=.true., occupations='smearing',
    smearing='m-v', degauss=0.025
/
&electrons
    conv_thr =  1.0d-8,
    mixing_beta = 0.7
/
&ions
    pot_extrapolation='second-order'
    wfc_extrapolation='second-order'
    ion_temperature = 'andersen'
    tempw = 1000

/
ATOMIC_SPECIES
 H  1.01  H.blyp-hgh.UPF
 O  16.0  O.blyp-hgh.UPF
ATOMIC_POSITIONS bohr
 O -5.312747 -1.315072 -1.453305
 O 3.047321 -2.593686 5.851099
 O -5.442478 6.201230 -5.483327
 O 0.952548 3.602581 -0.935711
 O -5.067989 1.125863 3.610792
 O -0.078844 6.259448 6.118973
 O -0.808745 -5.385875 -2.549414
 O 2.556365 0.823037 4.472677
 O -2.942185 -5.952010 5.900140
 O 2.644210 -2.514574 3.144201
 O 2.463214 -6.379755 2.941658
 O -3.548067 -3.647808 4.415421
 O -4.711388 -6.605297 0.727267
 O -3.615127 -5.112543 -3.555691
 O 2.784044 -3.296020 -2.130079
 O -1.958425 2.406634 -0.671140
 O -1.329490 -2.957896 2.560826
 O 0.538724 -4.413588 3.504703
 O 4.771392 -4.500502 -4.781064
 O 5.188306 4.918051 2.163335
 O 5.017035 -3.597291 3.467129
 O -2.756726 -2.625648 -3.610489
 O -1.235105 2.945973 -4.497788
 O 4.113186 1.991238 2.482104
 O 2.872348 1.217341 -3.849002
 O -4.239849 2.690639 -5.726391
 O 5.109365 -5.734808 -0.721727
 O 1.477474 -0.262964 -5.566602
 O -1.750758 0.351264 -5.179263
 O 1.207113 -0.799859 1.322339
 O 5.620000 -1.825991 -3.866047
 O 4.659745 -0.194749 -0.637269
 O 0.326683 4.217423 4.009879
 O -4.647750 0.691117 -3.940683
 O 0.742107 -3.803630 -0.366685
 O 4.715651 4.166581 -5.801829
 O 2.397802 6.145399 5.405094
 O -5.519774 5.054896 -1.993280
 O -0.221502 1.249650 -2.348686
 O -3.738950 -3.905550 -0.980841
 O -3.049741 5.661572 2.953116
 O -1.980491 3.143486 4.508509
 O -1.870349 -1.618814 -0.548229
 O -1.350645 -1.644454 5.328797
 O 0.185521 2.219130 5.631392
 O -4.807885 3.213279 1.327134
 O 3.235683 4.323104 -1.535408
 O 2.067423 -5.781789 -4.007684
 O -3.060632 4.348250 -3.018549
 O 4.481590 0.708883 6.553452
 O -2.036412 0.493861 2.152142
 O -0.023133 -1.887631 -3.591418
 O 0.048761 -3.492805 -5.758979
 O 6.313849 -6.004157 4.264595
 O 3.695884 -3.156181 0.584027
 O 5.642965 -0.636005 2.805394
 O 1.691447 3.840812 -4.392257
 O -1.527279 -6.344959 -0.298402
 O -5.297453 -1.750173 -5.964060
 O -4.497103 1.282064 -1.113461
 O 5.000296 3.180979 -3.270323
 O 2.057257 -0.588804 -1.481143
 O -4.869156 -2.795573 1.130791
 O 1.836851 2.751953 1.304534
 H -4.682346 -1.553435 -2.162662
 H -4.890778 -0.456396 -1.175104
 H 3.830768 -2.279652 6.355148
 H 3.161977 -2.319589 4.908357
 H -5.797625 5.298144 -5.349618
 H -5.004012 6.521740 -4.637636
 H 0.487858 2.905355 -1.455142
 H 1.884931 3.779777 -1.306702
 H -5.505964 0.401591 3.076243
 H -5.330773 0.755804 4.466263
 H -0.065632 6.722786 5.236382
 H 0.906811 6.097758 6.186060
 H -1.191639 -5.608773 -1.661936
 H 0.070267 -5.799520 -2.694908
 H 3.275536 1.181599 3.898109
 H 2.056537 1.599000 4.809580
 H -3.529811 -5.667399 6.634287
 H -2.127183 -6.265380 6.340715
 H 1.965784 -2.058199 2.572576
 H 2.973155 -3.257974 2.607735
 H 2.795653 -7.184760 2.485081
 H 1.482421 -6.495882 2.915802
 H -3.033041 -4.437645 4.646954
 H -4.379967 -4.180276 4.355722
 H -4.752293 -7.567340 0.825319
 H -5.023279 -6.372461 -0.162697
 H -3.466698 -4.126051 -3.558877
 H -2.780887 -5.544008 -3.826734
 H 2.226399 -2.520704 -2.317716
 H 2.216688 -3.790544 -1.491821
 H -2.628104 2.294320 -1.374527
 H -1.528604 3.265908 -0.912205
 H -1.639938 -3.519601 1.787258
 H -1.284155 -2.059427 2.193137
 H 1.382756 -4.102927 3.130536
 H -0.168918 -3.930775 3.000275
 H 5.602698 -4.658620 -5.292612
 H 4.570142 -3.612456 -5.132907
 H 5.262086 5.785581 2.621592
 H 6.114975 4.586564 2.226864
 H 5.613859 -2.823065 3.393350
 H 4.281843 -3.182836 3.959958
 H -1.787546 -2.451764 -3.775952
 H -3.292058 -2.111061 -4.240758
 H -0.394458 3.140273 -4.040278
 H -1.366800 1.982193 -4.586718
 H 4.811488 2.464743 2.965155
 H 3.445994 2.646374 2.149967
 H 2.513167 0.419236 -4.293257
 H 2.282644 1.965349 -4.088560
 H -4.932409 2.013458 -5.539464
 H -3.440918 2.121967 -5.791505
 H 5.824547 -6.050216 -0.129977
 H 5.145435 -6.352430 -1.476980
 H 2.026106 -0.709355 -6.231274
 H 0.815808 0.283232 -6.041229
 H -1.440260 -0.479627 -5.629661
 H -2.715367 0.294149 -5.049465
 H 1.095727 0.042704 1.793276
 H 1.319210 -0.591371 0.360321
 H 5.236199 -2.672534 -3.541504
 H 6.294838 -1.634595 -3.174827
 H 5.073091 0.621438 -0.922597
 H 5.194128 -0.899941 -1.022117
 H 0.171081 4.874973 4.717498
 H -0.601473 3.873483 3.939369
 H -4.061017 0.701206 -3.157673
 H -5.422996 1.077661 -3.466132
 H 0.336352 -4.001846 -1.241019
 H 0.436773 -2.887490 -0.222092
 H 3.992410 4.794322 -5.614393
 H 4.550967 3.965879 -6.743576
 H 2.507846 6.020701 4.386346
 H 2.743008 7.027051 5.662911
 H -5.706560 4.320004 -2.602643
 H -4.937250 5.610422 -2.547579
 H -0.576272 0.636402 -1.659165
 H -0.732617 1.131020 -3.178631
 H -4.280744 -4.695107 -1.153893
 H -4.024267 -3.586414 -0.110335
 H -3.845052 6.205787 3.094704
 H -2.635783 5.625360 3.834987
 H -2.644802 3.804827 4.238700
 H -1.930977 3.193495 5.485026
 H -2.359512 -2.258705 -1.113384
 H -2.351718 -1.733225 0.296122
 H -2.118250 -1.694149 4.735667
 H -0.830939 -2.456853 5.174943
 H -0.130274 2.130200 4.701016
 H -0.197994 3.004926 6.063994
 H -5.401297 2.694573 1.900354
 H -4.049120 3.512732 1.880614
 H 3.814073 4.784312 -0.901347
 H 3.700402 4.216006 -2.390191
 H 2.534321 -5.899796 -4.861334
 H 2.480518 -5.007062 -3.545526
 H -3.073816 4.050013 -3.967911
 H -2.186264 4.809305 -2.990618
 H 3.861874 1.226670 7.135763
 H 3.918271 0.586594 5.769547
 H -1.730822 1.270120 1.644456
 H -2.818928 0.932324 2.532567
 H 0.290363 -1.002621 -3.298605
 H 0.235706 -1.972807 -4.532395
 H -0.424744 -4.282539 -6.088708
 H 0.917707 -3.880707 -5.510757
 H 6.816122 -6.232801 5.081283
 H 5.861981 -5.128795 4.423540
 H 4.183092 -3.872678 1.030534
 H 3.701861 -3.344990 -0.379428
 H 4.946249 -0.880152 2.169576
 H 5.184944 -0.418062 3.637769
 H 1.770671 3.993108 -5.361946
 H 2.059565 4.696593 -4.013335
 H -0.563331 -6.335607 -0.109183
 H -1.975151 -6.379830 0.575128
 H -5.814234 -1.868189 -5.125733
 H -4.542472 -2.370115 -5.991681
 H -3.638564 1.200996 -0.644279
 H -4.980297 1.953682 -0.591819
 H 5.215697 3.357978 -4.219253
 H 4.803750 2.221699 -3.267340
 H 3.017581 -0.355000 -1.323261
 H 1.594090 0.274604 -1.491130
 H -5.013491 -1.917748 0.709407
 H -4.308155 -2.635035 1.926606
 H 1.215479 2.843008 2.052144
 H 1.370870 2.985035 0.440225
K_POINTS
 1
0.0 0.0 0.0 1.0