
&control
    calculation='scf'
    pseudo_dir = './',
    outdir='./outputs',
    disk_io='high'
/
&system
    ibrav= 1, celldm(1)=20.000000, nat=  192, ntyp= 2,
    ecutwfc = 30.0, nosym=.true., occupations='smearing',
    smearing='m-v', degauss=0.025
/
&electrons
    conv_thr =  1.0d-8,
    mixing_beta = 0.7
/
&ions
    pot_extrapolation='second-order'
    wfc_extrapolation='second-order'
    ion_temperature = 'andersen'
    tempw = 1000

/
ATOMIC_SPECIES
 H  1.01  H.blyp-hgh.UPF
 O  16.0  O.blyp-hgh.UPF
ATOMIC_POSITIONS bohr
 O -5.257950 -1.554293 -1.313712
 O 3.976261 -2.191439 5.396767
 O -5.722087 5.290303 -5.538390
 O -0.161988 3.617140 -1.567420
 O -4.711377 0.725674 3.845491
 O -0.235054 5.435127 5.194245
 O -0.126066 -5.371028 -3.407570
 O 2.326100 0.280778 3.663864
 O -2.854800 -5.295323 5.626375
 O 1.901650 -2.986593 1.697173
 O 2.513814 -6.077186 2.904779
 O -4.189727 -3.047945 4.374438
 O -4.429200 -5.941236 0.719263
 O -3.568357 -5.678651 -3.655047
 O 2.129752 -2.741865 -2.164186
 O -1.826295 2.483117 1.362885
 O -1.089749 -1.466352 1.707729
 O 0.236449 -4.242215 3.672536
 O 5.441170 -4.158342 -4.951714
 O 5.559667 4.828537 2.184373
 O 5.994977 -2.968790 3.244122
 O -3.233199 -3.004246 -3.829636
 O -0.903313 2.597371 -4.936801
 O 3.878938 2.352113 2.842862
 O 2.323141 1.296350 -3.116240
 O -4.905240 2.826492 -6.143971
 O 4.439342 -5.949626 -1.251165
 O 1.953899 -1.312658 -4.592235
 O -2.025936 0.236370 -4.833744
 O 0.849160 -0.326909 0.672128
 O 4.784248 -1.755428 -3.776153
 O 5.178714 0.070641 -0.056060
 O -0.288292 4.507791 1.842439
 O -5.234149 0.717748 -4.010128
 O 0.727593 -3.803793 -0.357446
 O 4.605912 3.508219 -4.338149
 O 3.543678 5.482716 5.829303
 O -5.110094 3.677244 -1.802490
 O -0.391702 1.041618 -1.601537
 O -3.006429 -3.321550 -1.142975
 O -2.602614 5.455663 3.374219
 O -1.494512 2.800648 3.901547
 O -2.636906 -0.224652 -0.677330
 O -1.516999 -2.208610 4.911329
 O 0.731534 1.796721 4.893785
 O -4.806697 3.392796 1.446238
 O 2.798273 3.899493 -0.556492
 O 2.681947 -5.975697 -3.556860
 O -2.653119 4.589869 -2.316352
 O 5.633710 0.565915 5.270861
 O -3.115523 0.185774 1.970397
 O -0.651704 -2.425226 -2.298186
 O 0.017965 -3.233631 -5.502346
 O 5.684616 -5.972800 4.426870
 O 5.128761 -3.006629 -0.237055
 O 4.700120 -0.704051 2.425959
 O 1.069662 4.304178 -4.355211
 O -0.607946 -5.764627 0.466425
 O -5.551582 -1.370546 -5.777340
 O -4.633060 1.433142 -0.925763
 O 5.216227 1.640324 -2.734333
 O 2.730088 -0.267266 -0.971721
 O -5.296382 -1.202995 1.225547
 O 1.526899 2.695184 1.439847
 H -4.852748 -1.578861 -0.412939
 H -4.472317 -1.318940 -1.850099
 H 3.547583 -2.976988 5.775415
 H 3.290218 -1.641402 4.966519
 H -6.293989 4.846804 -4.873372
 H -5.875198 4.669066 -6.281752
 H 0.329444 3.179972 -0.839992
 H 0.431787 4.249009 -2.005290
 H -5.477568 0.113737 3.822409
 H -5.062288 1.320876 4.547494
 H 0.195061 6.305468 5.099199
 H -0.124421 5.092037 6.101121
 H -0.414617 -5.606535 -2.506587
 H -0.812754 -5.822623 -3.933915
 H 2.462433 1.177778 3.276266
 H 1.380214 0.114169 3.492228
 H -3.501552 -5.575307 6.307379
 H -1.990714 -5.346798 6.075592
 H 1.921816 -2.016938 1.508367
 H 2.775796 -3.399397 1.745421
 H 3.294783 -6.267669 2.350704
 H 1.766573 -6.574686 2.515579
 H -3.496798 -3.507820 3.867558
 H -4.357019 -2.190072 3.937532
 H -3.559374 -6.306687 0.467019
 H -4.441797 -5.051077 0.304890
 H -4.475414 -5.576294 -3.311904
 H -3.561571 -6.616927 -3.925294
 H 2.178916 -1.766956 -2.056006
 H 2.259470 -3.067890 -1.246404
 H -1.390957 3.131303 0.774263
 H -1.465689 1.598428 1.150247
 H -0.324375 -1.782556 1.191243
 H -0.899630 -1.633067 2.652451
 H 0.989333 -3.611096 3.721599
 H -0.342107 -3.744302 3.062155
 H 5.986754 -4.823283 -5.418763
 H 6.004433 -3.480593 -4.524043
 H 5.664110 5.557934 2.857168
 H 6.154106 5.069948 1.439295
 H 5.338043 -2.491606 2.694448
 H 6.507045 -3.644307 2.777095
 H -2.340165 -2.810106 -4.165239
 H -3.918381 -2.957818 -4.514685
 H -0.434631 2.965949 -4.164472
 H -0.945800 1.610356 -4.823820
 H 4.733534 2.519589 3.281753
 H 3.440848 3.217969 2.751671
 H 2.899575 1.015907 -3.849005
 H 2.001746 2.210785 -3.224186
 H -5.039127 2.332857 -5.302475
 H -3.978653 3.123475 -6.202258
 H 4.179144 -5.048723 -1.536226
 H 5.394135 -5.861997 -1.084516
 H 2.788545 -1.181653 -5.084624
 H 1.191444 -1.021069 -5.121075
 H -2.084564 -0.505215 -5.461161
 H -2.856059 0.743000 -4.897915
 H 1.222261 0.574044 0.788416
 H 1.210208 -0.454733 -0.232974
 H 4.005335 -2.199697 -3.373552
 H 5.398282 -1.697172 -3.014251
 H 5.162604 1.032464 -0.177824
 H 5.960424 -0.329824 -0.515615
 H -0.664648 3.953548 2.576730
 H -0.497172 5.450956 1.982540
 H -4.723231 1.047848 -3.237549
 H -6.078404 0.540359 -3.510353
 H 0.641222 -4.718196 -0.665906
 H 0.884019 -3.910270 0.606713
 H 3.679329 3.771510 -4.207591
 H 4.623397 2.796356 -5.005928
 H 3.224348 4.999321 5.036438
 H 2.792922 6.092751 5.953657
 H -5.815139 3.888566 -1.164663
 H -4.743701 4.513761 -2.161898
 H -0.023995 0.325180 -2.152394
 H -1.353369 0.934125 -1.793900
 H -3.009371 -3.212786 -2.125514
 H -2.683102 -4.233108 -1.055211
 H -3.324099 5.835666 2.839869
 H -2.574163 5.982315 4.209715
 H -1.510487 1.854681 3.642708
 H -2.301399 3.166545 3.492120
 H -2.263317 -1.071367 -0.364605
 H -2.909988 0.161117 0.190899
 H -2.442950 -2.187185 5.232263
 H -1.264352 -3.128103 5.139812
 H 1.593973 1.617049 5.293286
 H 0.138359 2.349399 5.444139
 H -5.330257 3.494852 2.263389
 H -3.889130 3.099344 1.632496
 H 3.377442 4.615759 -0.217103
 H 2.839329 4.108671 -1.507421
 H 3.620147 -5.900236 -3.832579
 H 2.213545 -5.220659 -3.963120
 H -2.487456 3.881994 -2.974758
 H -2.033732 4.229960 -1.638964
 H 6.000250 -0.035825 5.994147
 H 4.681153 0.377064 5.260128
 H -2.786759 -0.645067 2.342032
 H -3.751234 0.576737 2.623671
 H -0.023402 -3.171547 -2.339048
 H -0.311230 -2.069354 -1.457718
 H 0.400902 -3.386865 -4.612772
 H 0.783809 -3.095769 -6.084489
 H 4.948019 -5.587041 4.936391
 H 6.516669 -5.708003 4.851324
 H 5.720438 -3.495210 0.365654
 H 4.658543 -2.434711 0.400015
 H 4.439265 -0.351032 1.538476
 H 4.147823 -0.200125 3.063619
 H 1.378546 3.780645 -5.114509
 H 1.653278 5.092285 -4.209556
 H -0.935736 -6.517571 -0.064645
 H -1.334476 -5.149804 0.673253
 H -5.440584 -2.001703 -6.513551
 H -4.740136 -0.956200 -5.436782
 H -3.948837 2.119014 -1.010290
 H -4.788098 1.472985 0.038416
 H 5.829490 2.405010 -2.766088
 H 4.364959 1.983593 -2.416628
 H 3.636323 -0.441445 -0.604582
 H 2.879110 0.385053 -1.696256
 H -6.063263 -0.707454 1.594454
 H -4.856062 -1.594669 1.989620
 H 1.093840 3.600341 1.441481
 H 2.297901 2.699811 0.840920
K_POINTS
 1
0.0 0.0 0.0 1.0