
&control
    calculation='scf'
    pseudo_dir = './',
    outdir='./outputs',
    disk_io='high'
/
&system
    ibrav= 1, celldm(1)=20.000000, nat=  192, ntyp= 2,
    ecutwfc = 30.0, nosym=.true., occupations='smearing',
    smearing='m-v', degauss=0.025
/
&electrons
    conv_thr =  1.0d-8,
    mixing_beta = 0.7
/
&ions
    pot_extrapolation='second-order'
    wfc_extrapolation='second-order'
    ion_temperature = 'andersen'
    tempw = 1000

/
ATOMIC_SPECIES
 H  1.01  H.blyp-hgh.UPF
 O  16.0  O.blyp-hgh.UPF
ATOMIC_POSITIONS bohr
 O -5.308444 -1.320148 -1.442638
 O 3.016348 -2.611204 5.865338
 O -5.452096 6.214568 -5.484727
 O 0.984721 3.594995 -0.934699
 O -5.071515 1.134633 3.595698
 O -0.098222 6.262725 6.121336
 O -0.816264 -5.391558 -2.540105
 O 2.572696 0.840896 4.473536
 O -2.935316 -5.974642 5.905891
 O 2.631318 -2.522488 3.149287
 O 2.458140 -6.370066 2.919562
 O -3.534244 -3.655397 4.403553
 O -4.720143 -6.632496 0.742924
 O -3.637434 -5.104442 -3.546479
 O 2.784852 -3.305931 -2.121318
 O -1.966935 2.427339 -0.663289
 O -1.340286 -2.973333 2.536944
 O 0.558372 -4.412871 3.496821
 O 4.769884 -4.502937 -4.782296
 O 5.209958 4.902868 2.159383
 O 5.025305 -3.612448 3.465561
 O -2.738665 -2.608291 -3.591272
 O -1.240118 2.955029 -4.489698
 O 4.109105 1.968500 2.473241
 O 2.880277 1.214076 -3.830959
 O -4.254384 2.689084 -5.695659
 O 5.112306 -5.734903 -0.705536
 O 1.443461 -0.269563 -5.572050
 O -1.760268 0.370164 -5.179195
 O 1.198753 -0.814234 1.336833
 O 5.635852 -1.840046 -3.893386
 O 4.641817 -0.192449 -0.661444
 O 0.343574 4.206185 4.022869
 O -4.633889 0.701693 -3.910890
 O 0.709921 -3.801433 -0.386518
 O 4.747475 4.158185 -5.829058
 O 2.435112 6.172476 5.411769
 O -5.511036 5.058698 -2.029799
 O -0.202833 1.244091 -2.365009
 O -3.737516 -3.908588 -0.996401
 O -3.047167 5.658825 2.952572
 O -1.990891 3.155445 4.483714
 O -1.849799 -1.642238 -0.540849
 O -1.349774 -1.649781 5.333400
 O 0.167042 2.228378 5.630584
 O -4.816888 3.191416 1.334409
 O 3.251082 4.341181 -1.549983
 O 2.024784 -5.783593 -4.007167
 O -3.061539 4.341933 -3.035307
 O 4.499963 0.716099 6.565962
 O -2.006829 0.518064 2.172875
 O -0.023868 -1.873383 -3.618139
 O 0.053501 -3.499290 -5.774464
 O 6.335360 -5.999845 4.235373
 O 3.684039 -3.136642 0.622429
 O 5.675861 -0.641699 2.815842
 O 1.685667 3.830410 -4.390077
 O -1.531764 -6.382617 -0.287726
 O -5.299077 -1.746024 -5.972956
 O -4.476146 1.303813 -1.118692
 O 5.014848 3.231457 -3.312432
 O 2.031254 -0.599220 -1.493292
 O -4.869051 -2.847640 1.183314
 O 1.831121 2.762235 1.320605
 H -4.630604 -1.637577 -2.093138
 H -4.963196 -0.436348 -1.140686
 H 3.758170 -2.203060 6.371976
 H 3.114978 -2.263533 4.941475
 H -5.755685 5.302355 -5.299157
 H -4.890922 6.537653 -4.708662
 H 0.475932 2.851884 -1.363036
 H 1.890632 3.687777 -1.366223
 H -5.591600 0.486553 3.039476
 H -5.324424 0.780175 4.478896
 H -0.074982 6.745779 5.256984
 H 0.880129 6.115903 6.243704
 H -1.173364 -5.582613 -1.628276
 H 0.097059 -5.694728 -2.705734
 H 3.294762 1.182120 3.899398
 H 2.095531 1.624525 4.787277
 H -3.551956 -5.745092 6.633752
 H -2.136511 -6.316933 6.347322
 H 1.919150 -2.022718 2.663422
 H 2.972217 -3.242446 2.584221
 H 2.731986 -7.228626 2.523475
 H 1.483324 -6.511339 2.933955
 H -2.963717 -4.419420 4.639624
 H -4.362103 -4.162067 4.237745
 H -4.780358 -7.601862 0.842619
 H -5.039530 -6.432350 -0.157934
 H -3.414091 -4.121922 -3.493528
 H -2.840167 -5.581405 -3.841009
 H 2.221823 -2.533957 -2.330089
 H 2.148293 -3.808227 -1.559674
 H -2.574193 2.317374 -1.454654
 H -1.514965 3.231220 -1.049682
 H -1.689922 -3.489127 1.796549
 H -1.243627 -2.046006 2.195520
 H 1.409243 -4.117628 3.128151
 H -0.188706 -4.002409 2.995305
 H 5.643174 -4.584301 -5.227810
 H 4.520687 -3.640730 -5.171364
 H 5.203187 5.765958 2.597549
 H 6.131749 4.645561 2.270070
 H 5.639136 -2.850374 3.399243
 H 4.310296 -3.227118 4.008640
 H -1.777091 -2.435894 -3.799902
 H -3.307480 -2.124491 -4.213437
 H -0.426011 3.207169 -4.023878
 H -1.330213 1.977832 -4.608795
 H 4.798140 2.478581 2.930137
 H 3.476014 2.627549 2.077217
 H 2.512850 0.429398 -4.314297
 H 2.256339 1.921095 -4.117169
 H -5.005135 2.056905 -5.619545
 H -3.442494 2.145503 -5.749599
 H 5.803625 -6.056118 -0.093426
 H 5.169224 -6.340041 -1.474297
 H 1.974795 -0.709036 -6.264090
 H 0.857698 0.357750 -6.053287
 H -1.460364 -0.482262 -5.566810
 H -2.720598 0.344495 -5.037719
 H 1.116112 0.017755 1.832622
 H 1.335833 -0.603421 0.388510
 H 5.293505 -2.717913 -3.577198
 H 6.232806 -1.580795 -3.144318
 H 5.092970 0.633708 -0.926711
 H 5.169816 -0.907872 -1.087448
 H 0.175467 4.863276 4.730844
 H -0.588658 3.800974 4.079324
 H -4.088257 0.686017 -3.094841
 H -5.466423 1.082437 -3.538861
 H 0.266604 -3.975622 -1.246799
 H 0.396363 -2.900122 -0.171158
 H 4.021057 4.780401 -5.675656
 H 4.591950 3.981594 -6.770298
 H 2.475352 6.052296 4.377125
 H 2.763900 7.036495 5.712131
 H -5.671024 4.311217 -2.640857
 H -4.881643 5.568055 -2.592981
 H -0.630108 0.628114 -1.724383
 H -0.780111 1.242007 -3.153649
 H -4.383304 -4.620982 -1.213358
 H -4.042114 -3.579392 -0.110820
 H -3.835284 6.234635 3.095857
 H -2.629038 5.652050 3.845522
 H -2.659104 3.842702 4.271779
 H -1.964587 3.149145 5.462781
 H -2.295532 -2.284524 -1.142905
 H -2.385012 -1.680410 0.278928
 H -2.091950 -1.717777 4.702436
 H -0.818402 -2.451898 5.149893
 H -0.122463 2.263308 4.688818
 H -0.281999 2.949751 6.137299
 H -5.396639 2.642922 1.903420
 H -4.136609 3.578146 1.955778
 H 3.802569 4.794365 -0.876195
 H 3.724188 4.225243 -2.399000
 H 2.513606 -5.927429 -4.843102
 H 2.454912 -5.032345 -3.528395
 H -3.197383 4.104552 -3.975914
 H -2.239880 4.900350 -2.962117
 H 3.863453 1.215061 7.156730
 H 3.963241 0.608897 5.765552
 H -1.734329 1.208989 1.499371
 H -2.837377 0.913842 2.487051
 H 0.404273 -1.060821 -3.266385
 H 0.262506 -1.935873 -4.550936
 H -0.411771 -4.313710 -6.040386
 H 0.927709 -3.830909 -5.490335
 H 6.807190 -6.242097 5.067120
 H 5.815024 -5.194099 4.490315
 H 4.121819 -3.879485 1.074088
 H 3.683666 -3.309589 -0.341582
 H 4.974010 -0.922928 2.193334
 H 5.266639 -0.333918 3.649780
 H 1.802882 4.030843 -5.340571
 H 1.967553 4.699938 -4.035614
 H -0.588231 -6.362442 -0.013025
 H -2.021250 -6.446867 0.561394
 H -5.810678 -1.879035 -5.120545
 H -4.520986 -2.338097 -5.978636
 H -3.636501 1.185205 -0.619233
 H -4.934117 1.986027 -0.577512
 H 5.187974 3.366159 -4.272609
 H 4.880905 2.271762 -3.204118
 H 2.997004 -0.349420 -1.354484
 H 1.563455 0.266806 -1.476861
 H -4.961788 -2.029946 0.627317
 H -4.256168 -2.602727 1.917192
 H 1.220390 2.886119 2.071169
 H 1.370731 3.047496 0.467823
K_POINTS
 1
0.0 0.0 0.0 1.0