
&control
    calculation='scf'
    pseudo_dir = './',
    outdir='./outputs',
    disk_io='high'
/
&system
    ibrav= 1, celldm(1)=20.000000, nat=  192, ntyp= 2,
    ecutwfc = 30.0, nosym=.true., occupations='smearing',
    smearing='m-v', degauss=0.025
/
&electrons
    conv_thr =  1.0d-8,
    mixing_beta = 0.7
/
&ions
    pot_extrapolation='second-order'
    wfc_extrapolation='second-order'
    ion_temperature = 'andersen'
    tempw = 1000

/
ATOMIC_SPECIES
 H  1.01  H.blyp-hgh.UPF
 O  16.0  O.blyp-hgh.UPF
ATOMIC_POSITIONS bohr
 O -5.258268 -1.554452 -1.317173
 O 3.975830 -2.190736 5.396629
 O -5.722342 5.292168 -5.537473
 O -0.162465 3.619124 -1.567013
 O -4.711314 0.726441 3.846164
 O -0.235031 5.435363 5.194485
 O -0.125998 -5.371323 -3.407628
 O 2.327617 0.278820 3.662892
 O -2.854668 -5.295134 5.626558
 O 1.902406 -2.985125 1.699947
 O 2.514267 -6.077447 2.904913
 O -4.188244 -3.047711 4.375613
 O -4.429509 -5.940329 0.719460
 O -3.568848 -5.678809 -3.656232
 O 2.132716 -2.742068 -2.166208
 O -1.828669 2.482042 1.359180
 O -1.092002 -1.468964 1.709402
 O 0.235720 -4.242107 3.673801
 O 5.440785 -4.160008 -4.952070
 O 5.557173 4.829554 2.184433
 O 5.993684 -2.969181 3.244243
 O -3.233426 -3.003212 -3.829952
 O -0.902948 2.598134 -4.937009
 O 3.879361 2.352116 2.843380
 O 2.323208 1.296750 -3.115890
 O -4.904788 2.825113 -6.144985
 O 4.439829 -5.950148 -1.250993
 O 1.954366 -1.312386 -4.592348
 O -2.025902 0.235380 -4.833749
 O 0.849954 -0.326985 0.673449
 O 4.783946 -1.755028 -3.775004
 O 5.178484 0.070937 -0.057267
 O -0.286081 4.509465 1.843059
 O -5.231496 0.717776 -4.010205
 O 0.727409 -3.804326 -0.357866
 O 4.605315 3.511426 -4.340174
 O 3.542324 5.482439 5.829953
 O -5.111688 3.679618 -1.804992
 O -0.390889 1.041519 -1.603035
 O -3.007896 -3.323051 -1.141012
 O -2.602894 5.455856 3.373221
 O -1.494759 2.800937 3.905887
 O -2.636580 -0.225577 -0.677771
 O -1.517256 -2.208008 4.910703
 O 0.730138 1.797670 4.894849
 O -4.805592 3.391702 1.445531
 O 2.799496 3.900255 -0.557584
 O 2.682165 -5.976784 -3.557519
 O -2.651963 4.589039 -2.316494
 O 5.631108 0.567678 5.271562
 O -3.113781 0.186874 1.970603
 O -0.652073 -2.424485 -2.299661
 O 0.017586 -3.234983 -5.502191
 O 5.685353 -5.972687 4.425293
 O 5.126914 -3.008230 -0.236929
 O 4.699208 -0.704238 2.426725
 O 1.070659 4.304214 -4.354109
 O -0.609015 -5.765651 0.466411
 O -5.551017 -1.371605 -5.776301
 O -4.633119 1.431304 -0.924618
 O 5.215680 1.637963 -2.731034
 O 2.731697 -0.267657 -0.973387
 O -5.295942 -1.204129 1.226945
 O 1.527687 2.693397 1.440663
 H -4.857774 -1.572892 -0.413521
 H -4.470711 -1.313041 -1.848495
 H 3.548669 -2.976017 5.778287
 H 3.288561 -1.644045 4.962167
 H -6.296364 4.848251 -4.873771
 H -5.870467 4.669655 -6.281488
 H 0.330566 3.176969 -0.841801
 H 0.433409 4.250208 -2.004233
 H -5.478944 0.115554 3.821985
 H -5.058530 1.321187 4.551364
 H 0.195112 6.306506 5.098999
 H -0.120642 5.091587 6.101528
 H -0.415602 -5.604419 -2.506112
 H -0.814419 -5.820952 -3.933838
 H 2.464838 1.178103 3.277118
 H 1.380037 0.115714 3.495050
 H -3.501716 -5.574237 6.309039
 H -1.989933 -5.347805 6.075591
 H 1.923965 -2.015116 1.504884
 H 2.777013 -3.397552 1.747859
 H 3.294908 -6.270586 2.350185
 H 1.764862 -6.573184 2.515347
 H -3.492318 -3.507080 3.871731
 H -4.360021 -2.192371 3.934279
 H -3.562198 -6.311467 0.464953
 H -4.438443 -5.049806 0.303438
 H -4.475811 -5.573188 -3.312958
 H -3.562647 -6.618763 -3.921642
 H 2.179987 -1.765946 -2.056460
 H 2.252367 -3.067316 -1.246110
 H -1.384555 3.129923 0.776213
 H -1.468580 1.595881 1.147981
 H -0.322492 -1.777015 1.193015
 H -0.897888 -1.633710 2.654558
 H 0.992741 -3.614559 3.714659
 H -0.342863 -3.745680 3.061565
 H 5.990447 -4.826180 -5.414181
 H 5.999318 -3.475680 -4.527407
 H 5.670328 5.556391 2.860973
 H 6.159874 5.069850 1.444670
 H 5.339455 -2.487250 2.694214
 H 6.503422 -3.645914 2.775943
 H -2.339386 -2.808919 -4.164214
 H -3.916340 -2.957461 -4.517919
 H -0.432162 2.965209 -4.164310
 H -0.955308 1.610682 -4.821425
 H 4.735440 2.521465 3.279995
 H 3.441291 3.218181 2.749217
 H 2.899312 1.016171 -3.849731
 H 1.997690 2.209950 -3.227568
 H -5.039140 2.327622 -5.304533
 H -3.977824 3.123822 -6.199983
 H 4.177518 -5.048402 -1.534702
 H 5.394771 -5.860668 -1.083917
 H 2.789144 -1.183542 -5.087014
 H 1.191758 -1.020845 -5.122127
 H -2.083111 -0.506063 -5.461976
 H -2.856508 0.741891 -4.899477
 H 1.217333 0.576364 0.791894
 H 1.211986 -0.453094 -0.231573
 H 4.003962 -2.200184 -3.372378
 H 5.398119 -1.696243 -3.012113
 H 5.166232 1.032856 -0.181992
 H 5.962069 -0.332482 -0.515621
 H -0.667382 3.951785 2.574385
 H -0.502765 5.451069 1.985470
 H -4.721859 1.043551 -3.234704
 H -6.082059 0.543890 -3.517369
 H 0.637719 -4.718170 -0.665986
 H 0.890030 -3.909175 0.605690
 H 3.678050 3.775088 -4.213528
 H 4.624020 2.796276 -5.005020
 H 3.226551 5.001953 5.033197
 H 2.791206 6.092334 5.954432
 H -5.813179 3.889244 -1.161951
 H -4.742317 4.519720 -2.155635
 H -0.023631 0.323665 -2.152786
 H -1.354208 0.927326 -1.786733
 H -3.006533 -3.209233 -2.124911
 H -2.679291 -4.233300 -1.058309
 H -3.328012 5.834937 2.842088
 H -2.577779 5.979825 4.212449
 H -1.508976 1.857156 3.637641
 H -2.298960 3.168020 3.491752
 H -2.259505 -1.072258 -0.368540
 H -2.913783 0.156829 0.191404
 H -2.445237 -2.188902 5.227117
 H -1.260911 -3.126630 5.141697
 H 1.591636 1.614733 5.295105
 H 0.138677 2.353882 5.445561
 H -5.327974 3.498021 2.263329
 H -3.887638 3.095600 1.631925
 H 3.377906 4.617709 -0.217246
 H 2.839367 4.109928 -1.508610
 H 3.621242 -5.895767 -3.832277
 H 2.212451 -5.218809 -3.958165
 H -2.486687 3.882410 -2.977070
 H -2.030382 4.229762 -1.639537
 H 6.000545 -0.044029 5.987987
 H 4.679069 0.374498 5.261684
 H -2.782234 -0.644444 2.338551
 H -3.754625 0.572685 2.623939
 H -0.021664 -3.168744 -2.341442
 H -0.315696 -2.068468 -1.457897
 H 0.400543 -3.383705 -4.610756
 H 0.784615 -3.092870 -6.082197
 H 4.947682 -5.590571 4.936759
 H 6.516830 -5.706240 4.850516
 H 5.722821 -3.492513 0.365496
 H 4.660701 -2.432372 0.399994
 H 4.446879 -0.346121 1.538027
 H 4.141723 -0.205288 3.064642
 H 1.377955 3.784072 -5.117031
 H 1.652312 5.097514 -4.214893
 H -0.938285 -6.522056 -0.060014
 H -1.334505 -5.147795 0.669767
 H -5.439265 -2.000575 -6.515354
 H -4.738913 -0.956494 -5.436663
 H -3.951974 2.119921 -1.010742
 H -4.788023 1.470358 0.039944
 H 5.830316 2.402274 -2.762462
 H 4.363902 1.983163 -2.416323
 H 3.640598 -0.433926 -0.606274
 H 2.873502 0.384502 -1.700774
 H -6.066755 -0.711383 1.593511
 H -4.856218 -1.592774 1.992660
 H 1.084111 3.594561 1.438678
 H 2.297143 2.704994 0.838616
K_POINTS
 1
0.0 0.0 0.0 1.0