
&control
    calculation='scf'
    pseudo_dir = './',
    outdir='./outputs',
    disk_io='high'
/
&system
    ibrav= 1, celldm(1)=20.000000, nat=  192, ntyp= 2,
    ecutwfc = 30.0, nosym=.true., occupations='smearing',
    smearing='m-v', degauss=0.025
/
&electrons
    conv_thr =  1.0d-8,
    mixing_beta = 0.7
/
&ions
    pot_extrapolation='second-order'
    wfc_extrapolation='second-order'
    ion_temperature = 'andersen'
    tempw = 1000

/
ATOMIC_SPECIES
 H  1.01  H.blyp-hgh.UPF
 O  16.0  O.blyp-hgh.UPF
ATOMIC_POSITIONS bohr
 O -5.304559 -1.322964 -1.436979
 O 3.000068 -2.620849 5.874353
 O -5.457114 6.223112 -5.483884
 O 1.000415 3.588723 -0.934834
 O -5.074038 1.139167 3.586889
 O -0.110478 6.263845 6.121004
 O -0.820846 -5.393764 -2.536417
 O 2.582635 0.850052 4.474170
 O -2.930320 -5.988236 5.909012
 O 2.622530 -2.526539 3.153367
 O 2.454261 -6.366404 2.905279
 O -3.527759 -3.661162 4.396176
 O -4.724797 -6.645830 0.752235
 O -3.652818 -5.100947 -3.542701
 O 2.785428 -3.313203 -2.117363
 O -1.972776 2.441508 -0.661559
 O -1.347867 -2.980650 2.521633
 O 0.569047 -4.415470 3.493518
 O 4.769839 -4.502786 -4.784203
 O 5.220904 4.893153 2.156847
 O 5.031009 -3.621353 3.465823
 O -2.728845 -2.597990 -3.579537
 O -1.244251 2.961340 -4.486404
 O 4.107129 1.955162 2.468784
 O 2.884605 1.213053 -3.820432
 O -4.263138 2.688963 -5.678663
 O 5.112997 -5.734677 -0.696002
 O 1.422609 -0.273726 -5.574961
 O -1.766081 0.382815 -5.177758
 O 1.192792 -0.823423 1.346322
 O 5.644818 -1.849837 -3.906670
 O 4.631246 -0.191079 -0.675723
 O 0.351750 4.200965 4.028898
 O -4.626408 0.707338 -3.891429
 O 0.690494 -3.800550 -0.398806
 O 4.766079 4.153515 -5.845482
 O 2.457560 6.186902 5.418442
 O -5.506002 5.061551 -2.053053
 O -0.191328 1.239486 -2.373825
 O -3.736993 -3.911073 -1.005741
 O -3.045416 5.656713 2.953513
 O -1.998881 3.163151 4.469343
 O -1.838425 -1.655951 -0.536508
 O -1.349861 -1.652457 5.335494
 O 0.157412 2.231350 5.630501
 O -4.820843 3.178562 1.339932
 O 3.260202 4.352368 -1.558476
 O 1.999760 -5.784726 -4.006766
 O -3.061358 4.339702 -3.044989
 O 4.511840 0.721183 6.573601
 O -1.989052 0.534169 2.182676
 O -0.024399 -1.864656 -3.632724
 O 0.056958 -3.502590 -5.783507
 O 6.348554 -5.996089 4.219147
 O 3.677343 -3.124576 0.645861
 O 5.695079 -0.646522 2.822432
 O 1.682549 3.825220 -4.390022
 O -1.533203 -6.405499 -0.279463
 O -5.298866 -1.743818 -5.979246
 O -4.463532 1.316035 -1.120464
 O 5.025251 3.260823 -3.336864
 O 2.015949 -0.603931 -1.499338
 O -4.867889 -2.876209 1.214640
 O 1.828119 2.767718 1.332098
 H -4.600767 -1.690563 -2.039425
 H -5.011501 -0.424395 -1.126909
 H 3.708600 -2.153926 6.375666
 H 3.077766 -2.234134 4.961448
 H -5.731925 5.308202 -5.268926
 H -4.833692 6.542558 -4.753265
 H 0.480347 2.827721 -1.308889
 H 1.890437 3.637792 -1.397405
 H -5.636226 0.541753 3.013916
 H -5.312101 0.802664 4.488253
 H -0.078578 6.758052 5.269821
 H 0.860575 6.129048 6.273875
 H -1.157078 -5.571706 -1.615017
 H 0.107456 -5.637175 -2.706033
 H 3.301797 1.189246 3.886051
 H 2.114715 1.643608 4.777707
 H -3.564430 -5.792754 6.625173
 H -2.134676 -6.345218 6.350790
 H 1.904856 -2.005036 2.711615
 H 2.971623 -3.221313 2.558911
 H 2.702964 -7.250311 2.546199
 H 1.480871 -6.512470 2.941895
 H -2.916344 -4.404672 4.641299
 H -4.354487 -4.141688 4.168786
 H -4.803068 -7.623854 0.842363
 H -5.040125 -6.477892 -0.155976
 H -3.372518 -4.126900 -3.455970
 H -2.869091 -5.594456 -3.838934
 H 2.221664 -2.534323 -2.338151
 H 2.110950 -3.815752 -1.591936
 H -2.536039 2.333787 -1.488426
 H -1.509413 3.202161 -1.112981
 H -1.721342 -3.470400 1.798398
 H -1.214900 -2.046393 2.200670
 H 1.418951 -4.120819 3.128668
 H -0.189965 -4.036419 2.994066
 H 5.666467 -4.556388 -5.183962
 H 4.481373 -3.661480 -5.191609
 H 5.170044 5.758349 2.588687
 H 6.146225 4.680000 2.292651
 H 5.655927 -2.868202 3.396904
 H 4.327267 -3.257369 4.036234
 H -1.772892 -2.423001 -3.811533
 H -3.310052 -2.127948 -4.202435
 H -0.437462 3.242187 -4.015303
 H -1.300222 1.974180 -4.627404
 H 4.790891 2.492758 2.907042
 H 3.493914 2.609157 2.032229
 H 2.508409 0.436101 -4.324579
 H 2.245489 1.897096 -4.126758
 H -5.036067 2.085408 -5.665897
 H -3.453265 2.158901 -5.723980
 H 5.783916 -6.061362 -0.069278
 H 5.192833 -6.328061 -1.471325
 H 1.942513 -0.710569 -6.284162
 H 0.885177 0.401863 -6.059526
 H -1.475647 -0.485672 -5.538771
 H -2.727534 0.364263 -5.032206
 H 1.129843 0.007077 1.851395
 H 1.353668 -0.611925 0.405209
 H 5.327982 -2.738517 -3.601998
 H 6.187217 -1.544562 -3.130051
 H 5.102719 0.639423 -0.928326
 H 5.156255 -0.910124 -1.123142
 H 0.188318 4.861649 4.742004
 H -0.569588 3.762316 4.150294
 H -4.105398 0.680063 -3.062502
 H -5.484599 1.080855 -3.591138
 H 0.218177 -3.962202 -1.247940
 H 0.375133 -2.906889 -0.139734
 H 4.035559 4.780089 -5.706509
 H 4.623336 3.985102 -6.790626
 H 2.463889 6.079649 4.380080
 H 2.780065 7.046225 5.727813
 H -5.657441 4.299397 -2.655409
 H -4.844768 5.544267 -2.609294
 H -0.663019 0.630530 -1.769348
 H -0.806116 1.301030 -3.134469
 H -4.433689 -4.569561 -1.248851
 H -4.057548 -3.579562 -0.111124
 H -3.829106 6.246599 3.091351
 H -2.628240 5.674629 3.846695
 H -2.671310 3.859825 4.289506
 H -1.989004 3.121191 5.447453
 H -2.256131 -2.300127 -1.159189
 H -2.401007 -1.646438 0.264042
 H -2.076798 -1.731504 4.684316
 H -0.807360 -2.446047 5.142116
 H -0.114301 2.342260 4.699933
 H -0.324903 2.907493 6.176755
 H -5.390471 2.612229 1.909425
 H -4.194936 3.604864 1.992938
 H 3.795247 4.800295 -0.867026
 H 3.749351 4.226346 -2.399751
 H 2.504740 -5.934868 -4.825617
 H 2.443487 -5.050212 -3.521927
 H -3.261309 4.133868 -3.975116
 H -2.283829 4.944576 -2.949464
 H 3.873874 1.199843 7.171221
 H 3.981894 0.622246 5.754698
 H -1.735767 1.158473 1.421554
 H -2.855500 0.900085 2.471204
 H 0.467541 -1.099853 -3.251102
 H 0.279398 -1.913918 -4.562200
 H -0.403141 -4.332925 -6.003590
 H 0.929897 -3.799707 -5.480551
 H 6.796728 -6.245925 5.058356
 H 5.792255 -5.237860 4.520175
 H 4.091615 -3.885283 1.089569
 H 3.672841 -3.293129 -0.318283
 H 4.986351 -0.943849 2.207458
 H 5.307387 -0.289286 3.648999
 H 1.817454 4.043155 -5.329646
 H 1.908871 4.703013 -4.035659
 H -0.607496 -6.380943 0.044119
 H -2.053011 -6.483411 0.548421
 H -5.806055 -1.884216 -5.121622
 H -4.514018 -2.320169 -5.974807
 H -3.639745 1.177074 -0.602789
 H -4.903814 2.006713 -0.570305
 H 5.163844 3.369397 -4.305695
 H 4.916187 2.301600 -3.169966
 H 2.976236 -0.350478 -1.370237
 H 1.551296 0.257823 -1.478875
 H -4.934968 -2.104838 0.584880
 H -4.232890 -2.585732 1.908390
 H 1.222482 2.914300 2.078174
 H 1.371087 3.090187 0.482345
K_POINTS
 1
0.0 0.0 0.0 1.0