
&control
    calculation='scf'
    pseudo_dir = './',
    outdir='./outputs',
    disk_io='high'
/
&system
    ibrav= 1, celldm(1)=20.000000, nat=  192, ntyp= 2,
    ecutwfc = 30.0, nosym=.true., occupations='smearing',
    smearing='m-v', degauss=0.025
/
&electrons
    conv_thr =  1.0d-8,
    mixing_beta = 0.7
/
&ions
    pot_extrapolation='second-order'
    wfc_extrapolation='second-order'
    ion_temperature = 'andersen'
    tempw = 1000

/
ATOMIC_SPECIES
 H  1.01  H.blyp-hgh.UPF
 O  16.0  O.blyp-hgh.UPF
ATOMIC_POSITIONS bohr
 O -5.302665 -1.324291 -1.434686
 O 2.993523 -2.624749 5.878306
 O -5.459036 6.226920 -5.483154
 O 1.006416 3.585584 -0.935058
 O -5.075241 1.141087 3.583264
 O -0.115973 6.264094 6.120601
 O -0.822964 -5.394430 -2.535221
 O 2.587075 0.853705 4.474436
 O -2.927853 -5.994200 5.910245
 O 2.618580 -2.528182 3.155507
 O 2.452364 -6.365378 2.898894
 O -3.525063 -3.663920 4.392950
 O -4.726734 -6.651272 0.756200
 O -3.659863 -5.099563 -3.541410
 O 2.785473 -3.316538 -2.115928
 O -1.975500 2.448080 -0.661824
 O -1.351117 -2.982987 2.515197
 O 0.573411 -4.417360 3.492525
 O 4.769966 -4.502364 -4.785229
 O 5.225038 4.888780 2.155670
 O 5.033638 -3.625221 3.466160
 O -2.724772 -2.593552 -3.574392
 O -1.246273 2.964073 -4.485335
 O 4.106428 1.949521 2.467028
 O 2.886210 1.212654 -3.816129
 O -4.267073 2.689382 -5.671579
 O 5.113029 -5.734497 -0.691950
 O 1.413511 -0.275512 -5.576347
 O -1.768651 0.388608 -5.176839
 O 1.189965 -0.827520 1.350736
 O 5.648600 -1.854341 -3.911686
 O 4.626965 -0.190459 -0.682099
 O 0.354718 4.198993 4.031304
 O -4.623244 0.709569 -3.882813
 O 0.681976 -3.800207 -0.404214
 O 4.774012 4.151617 -5.852654
 O 2.467231 6.192634 5.421820
 O -5.503786 5.062875 -2.063558
 O -0.186374 1.237267 -2.377553
 O -3.737074 -3.912224 -1.009541
 O -3.044716 5.655797 2.954277
 O -2.002798 3.166671 4.463277
 O -1.833621 -1.661806 -0.534707
 O -1.350071 -1.653586 5.336158
 O 0.153488 2.232194 5.630799
 O -4.822290 3.172982 1.342759
 O 3.264123 4.357266 -1.562122
 O 1.988943 -5.785240 -4.006530
 O -3.061278 4.339036 -3.048799
 O 4.517147 0.723475 6.576758
 O -1.981388 0.541632 2.186154
 O -0.024550 -1.860805 -3.638767
 O 0.058455 -3.503800 -5.787422
 O 6.354337 -5.994261 4.212441
 O 3.674529 -3.119257 0.656142
 O 5.703283 -0.648911 2.825306
 O 1.681199 3.823055 -4.390280
 O -1.533564 -6.415505 -0.275468
 O -5.298603 -1.742903 -5.982112
 O -4.458114 1.321208 -1.120830
 O 5.030113 3.273306 -3.347185
 O 2.009362 -0.605716 -1.501701
 O -4.867155 -2.887986 1.228029
 O 1.826881 2.770015 1.337333
 H -4.588785 -1.712612 -2.012743
 H -5.032280 -0.419540 -1.123156
 H 3.685969 -2.132240 6.376609
 H 3.059552 -2.223141 4.969999
 H -5.721981 5.311466 -5.256000
 H -4.812208 6.544059 -4.772513
 H 0.484625 2.819006 -1.285787
 H 1.890025 3.617650 -1.409638
 H -5.653837 0.565908 3.002952
 H -5.304809 0.813990 4.490538
 H -0.079474 6.763410 5.274578
 H 0.851628 6.135222 6.285944
 H -1.148570 -5.568221 -1.610686
 H 0.111158 -5.613658 -2.704716
 H 3.303510 1.193494 3.877368
 H 2.121826 1.652935 4.774507
 H -3.569872 -5.813413 6.619757
 H -2.132595 -6.356755 6.352129
 H 1.901405 -1.998552 2.730264
 H 2.970901 -3.208809 2.545557
 H 2.692790 -7.258549 2.555914
 H 1.478698 -6.510661 2.944647
 H -2.897547 -4.396262 4.642499
 H -4.351054 -4.132029 4.139771
 H -4.813839 -7.632153 0.840301
 H -5.038442 -6.498983 -0.155559
 H -3.353128 -4.131449 -3.440447
 H -2.879745 -5.598373 -3.835861
 H 2.223254 -2.533813 -2.341547
 H 2.096340 -3.818186 -1.604081
 H -2.519355 2.340037 -1.498615
 H -1.506342 3.188725 -1.134819
 H -1.736882 -3.464176 1.794997
 H -1.201877 -2.049809 2.203799
 H 1.421901 -4.120533 3.128855
 H -0.188321 -4.048704 2.993209
 H 5.676305 -4.547652 -5.164110
 H 4.462410 -3.671408 -5.200070
 H 5.155870 5.756434 2.586171
 H 6.154926 4.694347 2.301949
 H 5.663114 -2.876243 3.394926
 H 4.334636 -3.270791 4.047913
 H -1.771648 -2.416725 -3.815842
 H -3.309812 -2.128548 -4.198755
 H -0.441024 3.255975 -4.012203
 H -1.285304 1.973676 -4.636282
 H 4.787879 2.499866 2.896450
 H 3.501197 2.599315 2.012640
 H 2.506476 0.439176 -4.327663
 H 2.242208 1.888047 -4.128736
 H -5.046547 2.097550 -5.685600
 H -3.459390 2.163152 -5.712676
 H 5.774421 -6.064161 -0.057950
 H 5.205037 -6.321950 -1.469696
 H 1.927848 -0.711255 -6.292018
 H 0.897522 0.420373 -6.061433
 H -1.482743 -0.487400 -5.528739
 H -2.731413 0.370611 -5.030001
 H 1.136129 0.003199 1.858142
 H 1.363123 -0.615626 0.411776
 H 5.342863 -2.746126 -3.613481
 H 6.165827 -1.528439 -3.125248
 H 5.105397 0.639781 -0.928264
 H 5.149416 -0.909056 -1.136752
 H 0.196497 4.861816 4.746882
 H -0.558313 3.747940 4.176947
 H -4.113904 0.678511 -3.049249
 H -5.490544 1.079374 -3.614755
 H 0.195868 -3.956576 -1.247588
 H 0.366758 -2.910339 -0.126309
 H 4.041452 4.781656 -5.718417
 H 4.638621 3.985101 -6.800661
 H 2.461080 6.093633 4.383886
 H 2.788132 7.052184 5.731582
 H -5.653440 4.293506 -2.659335
 H -4.828582 5.534163 -2.613361
 H -0.677195 0.632285 -1.788620
 H -0.816272 1.325601 -3.125619
 H -4.452614 -4.545510 -1.264098
 H -4.064030 -3.581653 -0.113156
 H -3.825646 6.250047 3.087963
 H -2.628548 5.685616 3.845794
 H -2.676744 3.865814 4.296292
 H -2.000461 3.108463 5.440410
 H -2.239157 -2.306545 -1.165024
 H -2.407307 -1.631763 0.256307
 H -2.070242 -1.737018 4.677275
 H -0.801707 -2.442739 5.140668
 H -0.109928 2.375286 4.707324
 H -0.341226 2.886756 6.193003
 H -5.386937 2.599437 1.912223
 H -4.221090 3.613548 2.006776
 H 3.792012 4.802694 -0.864925
 H 3.762730 4.226194 -2.398685
 H 2.502080 -5.936394 -4.817411
 H 2.439588 -5.058131 -3.519559
 H -3.286068 4.146050 -3.975028
 H -2.304844 4.961638 -2.945928
 H 3.880091 1.191809 7.178040
 H 3.988893 0.628364 5.749644
 H -1.737604 1.132606 1.392557
 H -2.862923 0.893633 2.465634
 H 0.493398 -1.117709 -3.245252
 H 0.286670 -1.904468 -4.567019
 H -0.399165 -4.341546 -5.985894
 H 0.931089 -3.786454 -5.476599
 H 6.791827 -6.247896 5.054684
 H 5.783128 -5.256921 4.530358
 H 4.080069 -3.888269 1.093965
 H 3.667910 -3.287164 -0.308321
 H 4.991179 -0.951469 2.214517
 H 5.322889 -0.271839 3.646456
 H 1.822735 4.045863 -5.326616
 H 1.883267 4.706113 -4.031366
 H -0.616373 -6.389447 0.068409
 H -2.068147 -6.498486 0.541906
 H -5.803219 -1.885816 -5.123487
 H -4.511701 -2.313023 -5.974246
 H -3.641710 1.173760 -0.595752
 H -4.890116 2.015751 -0.568003
 H 5.151775 3.370120 -4.320518
 H 4.929354 2.315388 -3.156469
 H 2.965886 -0.351872 -1.376431
 H 1.546876 0.253489 -1.482021
 H -4.924680 -2.139118 0.568594
 H -4.224201 -2.578960 1.904331
 H 1.222924 2.927029 2.080996
 H 1.372038 3.109369 0.488605
K_POINTS
 1
0.0 0.0 0.0 1.0