
&control
    calculation='scf'
    pseudo_dir = './',
    outdir='./outputs',
    disk_io='high'
/
&system
    ibrav= 1, celldm(1)=20.000000, nat=  192, ntyp= 2,
    ecutwfc = 30.0, nosym=.true., occupations='smearing',
    smearing='m-v', degauss=0.025
/
&electrons
    conv_thr =  1.0d-8,
    mixing_beta = 0.7
/
&ions
    pot_extrapolation='second-order'
    wfc_extrapolation='second-order'
    ion_temperature = 'andersen'
    tempw = 1000

/
ATOMIC_SPECIES
 H  1.01  H.blyp-hgh.UPF
 O  16.0  O.blyp-hgh.UPF
ATOMIC_POSITIONS bohr
 O -5.301352 -1.325236 -1.433191
 O 2.989304 -2.627250 5.880957
 O -5.460227 6.229500 -5.482548
 O 1.010191 3.583355 -0.935256
 O -5.076078 1.142386 3.580899
 O -0.119722 6.264176 6.120262
 O -0.824432 -5.394780 -2.534555
 O 2.590109 0.856081 4.474606
 O -2.926066 -5.998233 5.911018
 O 2.615909 -2.529262 3.157086
 O 2.451012 -6.364888 2.894562
 O -3.523255 -3.665836 4.390785
 O -4.728014 -6.654864 0.758823
 O -3.664681 -5.098646 -3.540651
 O 2.785392 -3.318817 -2.115057
 O -1.977377 2.452614 -0.662356
 O -1.353252 -2.984270 2.510997
 O 0.576246 -4.418892 3.492025
 O 4.770093 -4.501972 -4.785969
 O 5.227621 4.885809 2.154869
 O 5.035447 -3.627826 3.466450
 O -2.722098 -2.590585 -3.570931
 O -1.247681 2.965874 -4.484731
 O 4.106027 1.945805 2.465910
 O 2.887174 1.212373 -3.813359
 O -4.269781 2.689874 -5.666919
 O 5.112958 -5.734343 -0.689263
 O 1.407402 -0.276680 -5.577349
 O -1.770400 0.392571 -5.176135
 O 1.187987 -0.830294 1.353799
 O 5.651103 -1.857416 -3.914802
 O 4.624219 -0.190032 -0.686459
 O 0.356513 4.197769 4.032881
 O -4.621128 0.710976 -3.877024
 O 0.676221 -3.799980 -0.407866
 O 4.779262 4.150404 -5.857492
 O 2.473682 6.196300 5.424229
 O -5.502285 5.063781 -2.070744
 O -0.183092 1.235722 -2.380052
 O -3.737259 -3.913002 -1.011974
 O -3.044279 5.655193 2.954900
 O -2.005576 3.169093 4.459277
 O -1.830422 -1.665694 -0.533539
 O -1.350273 -1.654341 5.336511
 O 0.150942 2.232616 5.631164
 O -4.823194 3.169223 1.344813
 O 3.266735 4.360552 -1.564571
 O 1.981692 -5.785590 -4.006340
 O -3.061262 4.338658 -3.051195
 O 4.520750 0.725017 6.578764
 O -1.976302 0.546794 2.188216
 O -0.024602 -1.858195 -3.642731
 O 0.059432 -3.504533 -5.790056
 O 6.358230 -5.992983 4.208058
 O 3.672675 -3.115670 0.663071
 O 5.708737 -0.650609 2.827222
 O 1.680292 3.821637 -4.390531
 O -1.533729 -6.422234 -0.272659
 O -5.298386 -1.742294 -5.984076
 O -4.454515 1.324638 -1.120929
 O 5.033483 3.281573 -3.354004
 O 2.004952 -0.606862 -1.503204
 O -4.866590 -2.895679 1.236907
 O 1.826064 2.771544 1.340884
 H -4.581120 -1.726853 -1.993742
 H -5.045913 -0.416462 -1.121452
 H 3.670496 -2.117637 6.377174
 H 3.046662 -2.216510 4.975662
 H -5.715460 5.313888 -5.247432
 H -4.799062 6.544950 -4.785263
 H 0.488120 2.813598 -1.270519
 H 1.889675 3.604721 -1.417340
 H -5.665009 0.582047 2.995849
 H -5.299352 0.821994 4.491266
 H -0.079838 6.767081 5.277358
 H 0.845570 6.139498 6.293724
 H -1.142407 -5.566333 -1.608165
 H 0.113403 -5.598391 -2.703367
 H 3.304077 1.196620 3.870712
 H 2.126250 1.659389 4.772629
 H -3.573601 -5.827217 6.615648
 H -2.130916 -6.364191 6.352933
 H 1.899855 -1.994562 2.741859
 H 2.970217 -3.199229 2.535858
 H 2.686796 -7.263656 2.562368
 H 1.476882 -6.508622 2.946247
 H -2.886004 -4.389876 4.643300
 H -4.348541 -4.125508 4.120715
 H -4.821267 -7.637087 0.838405
 H -5.036713 -6.513361 -0.155521
 H -3.339902 -4.135384 -3.430366
 H -2.886209 -5.600522 -3.833129
 H 2.225055 -2.533453 -2.343729
 H 2.087227 -3.819481 -1.611645
 H -2.508520 2.343681 -1.503998
 H -1.503770 3.179759 -1.147458
 H -1.748066 -3.460731 1.791073
 H -1.193023 -2.053146 2.206096
 H 1.423534 -4.119724 3.128902
 H -0.186591 -4.056058 2.992413
 H 5.682721 -4.542791 -5.150591
 H 4.449195 -3.678385 -5.205703
 H 5.146408 5.755442 2.584823
 H 6.161462 4.703817 2.308025
 H 5.667822 -2.881716 3.393353
 H 4.339600 -3.279784 4.055650
 H -1.771008 -2.412314 -3.818455
 H -3.309218 -2.128705 -4.196591
 H -0.443103 3.264683 -4.010464
 H -1.274705 1.973899 -4.642416
 H 4.785854 2.504854 2.889125
 H 3.505822 2.592069 1.999527
 H 2.505321 0.441270 -4.329148
 H 2.240487 1.882612 -4.129284
 H -5.052663 2.105471 -5.698666
 H -3.463740 2.165222 -5.705034
 H 5.767847 -6.066224 -0.050021
 H 5.213843 -6.317596 -1.468529
 H 1.917765 -0.711682 -6.296876
 H 0.905932 0.432435 -6.062328
 H -1.487635 -0.488475 -5.522666
 H -2.734221 0.374176 -5.028558
 H 1.140448 0.000798 1.862155
 H 1.370007 -0.618097 0.415946
 H 5.352754 -2.750937 -3.621338
 H 6.151026 -1.517625 -3.122562
 H 5.106578 0.639193 -0.927929
 H 5.144418 -0.907561 -1.145141
 H 0.202860 4.862110 4.750011
 H -0.549832 3.739339 4.193242
 H -4.120052 0.677866 -3.040463
 H -5.493953 1.078184 -3.630701
 H 0.180538 -3.952811 -1.246992
 H 0.361452 -2.912952 -0.117461
 H 4.045436 4.783123 -5.725955
 H 4.649430 3.984610 -6.807690
 H 2.459950 6.103689 4.387305
 H 2.793885 7.056802 5.733130
 H -5.651394 4.289437 -2.661134
 H -4.817739 5.527442 -2.615067
 H -0.686630 0.633483 -1.801166
 H -0.822536 1.341851 -3.119538
 H -4.464323 -4.528892 -1.274291
 H -4.068097 -3.583852 -0.115337
 H -3.823057 6.251767 3.085189
 H -2.628890 5.693319 3.844822
 H -2.680348 3.869363 4.300466
 H -2.008419 3.099687 5.435565
 H -2.227908 -2.310678 -1.168406
 H -2.411385 -1.622045 0.250694
 H -2.065861 -1.740527 4.672869
 H -0.797619 -2.440272 5.140378
 H -0.106734 2.396875 4.712731
 H -0.351361 2.872098 6.203662
 H -5.384284 2.591087 1.914042
 H -4.238704 3.618468 2.015306
 H 3.789883 4.804273 -0.864134
 H 3.772476 4.225937 -2.397432
 H 2.500771 -5.936950 -4.811901
 H 2.437338 -5.063414 -3.518009
 H -3.301616 4.154104 -3.975195
 H -2.319302 4.972562 -2.944296
 H 3.884658 1.186082 7.182864
 H 3.993422 0.632649 5.746546
 H -1.739382 1.114002 1.375035
 H -2.867287 0.889108 2.462086
 H 0.510095 -1.130006 -3.241574
 H 0.291458 -1.898163 -4.570174
 H -0.396403 -4.347397 -5.973451
 H 0.932157 -3.777739 -5.473992
 H 6.788588 -6.249444 5.052319
 H 5.777155 -5.269540 4.536199
 H 4.072850 -3.890423 1.096174
 H 3.664474 -3.283538 -0.301716
 H 4.994313 -0.956038 2.219679
 H 5.332502 -0.260863 3.644023
 H 1.825963 4.046809 -5.325283
 H 1.866068 4.708762 -4.027039
 H -0.622397 -6.395294 0.084496
 H -2.078796 -6.508344 0.537274
 H -5.801040 -1.886623 -5.125208
 H -4.510227 -2.308535 -5.974265
 H -3.643096 1.171571 -0.591108
 H -4.880789 2.021826 -0.566803
 H 5.143166 3.370325 -4.330574
 H 4.937525 2.325115 -3.147963
 H 2.958745 -0.353072 -1.380362
 H 1.544025 0.250653 -1.484864
 H -4.918315 -2.162642 0.558488
 H -4.218756 -2.574611 1.901634
 H 1.223014 2.935726 2.082970
 H 1.373094 3.122312 0.492908
K_POINTS
 1
0.0 0.0 0.0 1.0