
&control
    calculation='scf'
    pseudo_dir = './',
    outdir='./outputs',
    disk_io='high'
/
&system
    ibrav= 1, celldm(1)=20.000000, nat=  192, ntyp= 2,
    ecutwfc = 30.0, nosym=.true., occupations='smearing',
    smearing='m-v', degauss=0.025
/
&electrons
    conv_thr =  1.0d-8,
    mixing_beta = 0.7
/
&ions
    pot_extrapolation='second-order'
    wfc_extrapolation='second-order'
    ion_temperature = 'andersen'
    tempw = 1000

/
ATOMIC_SPECIES
 H  1.01  H.blyp-hgh.UPF
 O  16.0  O.blyp-hgh.UPF
ATOMIC_POSITIONS bohr
 O -5.300013 -1.326238 -1.431716
 O 2.985199 -2.629663 5.883616
 O -5.461341 6.232109 -5.481852
 O 1.013800 3.581031 -0.935490
 O -5.076937 1.143716 3.578567
 O -0.123542 6.264190 6.119871
 O -0.825944 -5.395053 -2.533998
 O 2.593207 0.858430 4.474766
 O -2.924151 -6.002317 5.911746
 O 2.613220 -2.530338 3.158796
 O 2.449588 -6.364558 2.890176
 O -3.521428 -3.667798 4.388609
 O -4.729292 -6.658448 0.761422
 O -3.669580 -5.097719 -3.539968
 O 2.785206 -3.321131 -2.114254
 O -1.979294 2.457259 -0.663169
 O -1.355359 -2.985356 2.506873
 O 0.579019 -4.420647 3.491659
 O 4.770247 -4.501497 -4.786746
 O 5.230081 4.882803 2.154064
 O 5.037299 -3.630457 3.466788
 O -2.719457 -2.587610 -3.567452
 O -1.249122 2.967645 -4.484209
 O 4.105687 1.942132 2.464835
 O 2.888047 1.212067 -3.810677
 O -4.272565 2.690557 -5.662308
 O 5.112814 -5.734160 -0.686587
 O 1.401259 -0.277821 -5.578425
 O -1.772184 0.396600 -5.175363
 O 1.185935 -0.833096 1.356954
 O 5.653593 -1.860532 -3.917740
 O 4.621561 -0.189595 -0.690909
 O 0.358167 4.196623 4.034450
 O -4.618999 0.712312 -3.871225
 O 0.670400 -3.799749 -0.411556
 O 4.784467 4.149241 -5.862383
 O 2.480132 6.199847 5.426761
 O -5.500766 5.064702 -2.078073
 O -0.179842 1.234131 -2.382574
 O -3.737556 -3.913777 -1.014318
 O -3.043870 5.654595 2.955605
 O -2.008488 3.171573 4.455320
 O -1.827216 -1.669566 -0.532401
 O -1.350523 -1.655099 5.336791
 O 0.148456 2.232921 5.631685
 O -4.824062 3.165425 1.347002
 O 3.269345 4.363845 -1.567046
 O 1.974403 -5.785944 -4.006122
 O -3.061298 4.338313 -3.053470
 O 4.524406 0.726557 6.580662
 O -1.971254 0.552096 2.190074
 O -0.024603 -1.855549 -3.646648
 O 0.060383 -3.505209 -5.792713
 O 6.362151 -5.991663 4.203748
 O 3.670841 -3.112054 0.670056
 O 5.714177 -0.652388 2.829132
 O 1.679380 3.820250 -4.390835
 O -1.533837 -6.429006 -0.269736
 O -5.298141 -1.741680 -5.986082
 O -4.450933 1.328054 -1.120910
 O 5.036955 3.289789 -3.360771
 O 2.000522 -0.607990 -1.504650
 O -4.865967 -2.903246 1.245734
 O 1.825247 2.773079 1.344468
 H -4.573712 -1.740633 -1.973808
 H -5.059257 -0.413547 -1.120412
 H 3.654749 -2.102955 6.377750
 H 3.033187 -2.210509 4.981273
 H -5.709041 5.316499 -5.238920
 H -4.786916 6.545804 -4.797880
 H 0.492030 2.808408 -1.255415
 H 1.889269 3.592222 -1.424643
 H -5.675695 0.598155 2.989013
 H -5.293479 0.830287 4.491325
 H -0.080012 6.770852 5.279781
 H 0.839485 6.143892 6.301310
 H -1.135875 -5.564810 -1.605885
 H 0.115466 -5.583457 -2.701654
 H 3.304112 1.199926 3.863430
 H 2.130466 1.665922 4.770918
 H -3.577443 -5.841032 6.611184
 H -2.129076 -6.371392 6.353647
 H 1.898822 -1.990795 2.752710
 H 2.969361 -3.188622 2.525546
 H 2.681437 -7.268442 2.568796
 H 1.474801 -6.505896 2.947647
 H -2.875420 -4.382886 4.644041
 H -4.345770 -4.119022 4.101937
 H -4.828844 -7.641479 0.836169
 H -5.034515 -6.527888 -0.155720
 H -3.326557 -4.140067 -3.420535
 H -2.892153 -5.602352 -3.829872
 H 2.227515 -2.533151 -2.345819
 H 2.078681 -3.820484 -1.618794
 H -2.498133 2.346795 -1.508334
 H -1.500630 3.170954 -1.158526
 H -1.759880 -3.457780 1.785878
 H -1.184049 -2.057238 2.208487
 H 1.424937 -4.118396 3.128867
 H -0.184406 -4.062717 2.991394
 H 5.688964 -4.538634 -5.136884
 H 4.435607 -3.685658 -5.211359
 H 5.136936 5.754549 2.583670
 H 6.168434 4.713253 2.313989
 H 5.672429 -2.887261 3.391613
 H 4.344618 -3.288764 4.063343
 H -1.770513 -2.407733 -3.820844
 H -3.308284 -2.128696 -4.194626
 H -0.445027 3.272971 -4.009057
 H -1.263614 1.974639 -4.648678
 H 4.783785 2.509995 2.881574
 H 3.510217 2.584267 1.986395
 H 2.504327 0.443371 -4.330131
 H 2.239127 1.877745 -4.129197
 H -5.058126 2.113190 -5.711674
 H -3.468198 2.166576 -5.697311
 H 5.761112 -6.068444 -0.041783
 H 5.223175 -6.313044 -1.467321
 H 1.907440 -0.712080 -6.301394
 H 0.914478 0.444203 -6.062869
 H -1.492650 -0.489385 -5.517057
 H -2.737152 0.377232 -5.027125
 H 1.144864 -0.001474 1.865765
 H 1.377335 -0.620580 0.419984
 H 5.362584 -2.755630 -3.629300
 H 6.135832 -1.506829 -3.120318
 H 5.107265 0.637954 -0.927359
 H 5.139063 -0.905453 -1.152962
 H 0.209947 4.862499 4.752976
 H -0.540663 3.731627 4.208273
 H -4.126608 0.677555 -3.031627
 H -5.496963 1.076864 -3.646720
 H 0.164878 -3.949010 -1.246068
 H 0.356380 -2.915861 -0.108733
 H 4.049558 4.784839 -5.733207
 H 4.660730 3.983747 -6.814909
 H 2.459421 6.114303 4.391418
 H 2.799919 7.061920 5.733916
 H -5.649844 4.285307 -2.662278
 H -4.806874 5.520732 -2.615981
 H -0.696026 0.634614 -1.813350
 H -0.828304 1.358046 -3.113324
 H -4.475325 -4.511875 -1.284528
 H -4.071879 -3.586734 -0.118206
 H -3.820275 6.253044 3.081995
 H -2.629291 5.701298 3.843629
 H -2.683911 3.872576 4.304326
 H -2.016626 3.090662 5.430599
 H -2.216767 -2.314680 -1.171343
 H -2.415399 -1.612423 0.244721
 H -2.061486 -1.743888 4.668699
 H -0.793271 -2.437607 5.140645
 H -0.103320 2.418061 4.718345
 H -0.360895 2.856822 6.214210
 H -5.381403 2.582889 1.915779
 H -4.256340 3.622739 2.023310
 H 3.787816 4.805865 -0.863798
 H 3.782853 4.225577 -2.395711
 H 2.499862 -5.937185 -4.806444
 H 2.435365 -5.068669 -3.516430
 H -3.316372 4.162137 -3.975558
 H -2.333965 4.983243 -2.943262
 H 3.889477 1.180127 7.187953
 H 3.997922 0.637131 5.743843
 H -1.741636 1.094391 1.359057
 H -2.870985 0.884392 2.458573
 H 0.526300 -1.142621 -3.238067
 H 0.296162 -1.891858 -4.573255
 H -0.393536 -4.353303 -5.960489
 H 0.933501 -3.769142 -5.471392
 H 6.785446 -6.251229 5.050040
 H 5.771231 -5.282006 4.541252
 H 4.066017 -3.892696 1.097821
 H 3.660895 -3.280175 -0.295140
 H 4.997398 -0.960180 2.225235
 H 5.341509 -0.250442 3.641024
 H 1.828972 4.047082 -5.324516
 H 1.848753 4.711767 -4.021604
 H -0.628463 -6.401277 0.100493
 H -2.089901 -6.518050 0.532416
 H -5.798640 -1.887204 -5.127293
 H -4.508742 -2.304313 -5.974612
 H -3.644485 1.169375 -0.586515
 H -4.871331 2.027950 -0.565893
 H 5.134112 3.370284 -4.340722
 H 4.945229 2.335346 -3.139899
 H 2.951550 -0.354460 -1.384127
 H 1.541165 0.247974 -1.488298
 H -4.912389 -2.186653 0.549029
 H -4.213555 -2.570389 1.898986
 H 1.222926 2.944587 2.085075
 H 1.374557 3.135306 0.497370
K_POINTS
 1
0.0 0.0 0.0 1.0