
&control
    calculation='scf'
    pseudo_dir = './',
    outdir='./outputs',
    disk_io='high'
/
&system
    ibrav= 1, celldm(1)=20.000000, nat=  192, ntyp= 2,
    ecutwfc = 30.0, nosym=.true., occupations='smearing',
    smearing='m-v', degauss=0.025
/
&electrons
    conv_thr =  1.0d-8,
    mixing_beta = 0.7
/
&ions
    pot_extrapolation='second-order'
    wfc_extrapolation='second-order'
    ion_temperature = 'andersen'
    tempw = 1000

/
ATOMIC_SPECIES
 H  1.01  H.blyp-hgh.UPF
 O  16.0  O.blyp-hgh.UPF
ATOMIC_POSITIONS bohr
 O -5.297987 -1.327856 -1.429523
 O 2.979260 -2.633099 5.887613
 O -5.462862 6.236066 -5.480646
 O 1.018929 3.577395 -0.935901
 O -5.078253 1.145800 3.575104
 O -0.129404 6.264087 6.119189
 O -0.828289 -5.395322 -2.533369
 O 2.597980 0.861948 4.474980
 O -2.921009 -6.008543 5.912739
 O 2.609172 -2.531965 3.161618
 O 2.447306 -6.364364 2.883508
 O -3.518641 -3.670794 4.385327
 O -4.731210 -6.663841 0.765260
 O -3.677041 -5.096288 -3.539077
 O 2.784708 -3.324664 -2.113173
 O -1.982226 2.464413 -0.664889
 O -1.358481 -2.986684 2.500812
 O 0.583063 -4.423700 3.491372
 O 4.770522 -4.500640 -4.787967
 O 5.233588 4.878255 2.152877
 O 5.040149 -3.634466 3.467378
 O -2.715556 -2.583131 -3.562208
 O -1.251322 2.970229 -4.483572
 O 4.105306 1.936725 2.463303
 O 2.889178 1.211544 -3.806833
 O -4.276892 2.691977 -5.655486
 O 5.112466 -5.733831 -0.682585
 O 1.391988 -0.279456 -5.580192
 O -1.774937 0.402735 -5.174089
 O 1.182721 -0.837341 1.361845
 O 5.657304 -1.865247 -3.921819
 O 4.617730 -0.188919 -0.697750
 O 0.360402 4.195056 4.036806
 O -4.615763 0.714168 -3.862553
 O 0.661542 -3.799393 -0.417165
 O 4.792164 4.147605 -5.869835
 O 2.489809 6.204961 5.430788
 O -5.498459 5.066109 -2.089318
 O -0.175059 1.231672 -2.386417
 O -3.738220 -3.914920 -1.017659
 O -3.043307 5.653706 2.956797
 O -2.013099 3.175398 4.449473
 O -1.822370 -1.675331 -0.530756
 O -1.350988 -1.656242 5.337070
 O 0.144852 2.233144 5.632795
 O -4.825316 3.159644 1.350538
 O 3.273249 4.368786 -1.570830
 O 1.963400 -5.786477 -4.005735
 O -3.061482 4.337816 -3.056660
 O 4.529987 0.728847 6.583263
 O -1.963790 0.560285 2.192489
 O -0.024488 -1.851506 -3.652437
 O 0.061751 -3.506125 -5.796746
 O 6.368083 -5.989617 4.197425
 O 3.668134 -3.106591 0.680627
 O 5.722313 -0.655209 2.831970
 O 1.678007 3.818267 -4.391368
 O -1.533904 -6.439232 -0.265140
 O -5.297728 -1.740742 -5.989181
 O -4.445606 1.333150 -1.120654
 O 5.042345 3.302010 -3.370827
 O 1.993825 -0.609684 -1.506719
 O -4.864926 -2.914365 1.258854
 O 1.824012 2.775410 1.349877
 H -4.563042 -1.760302 -1.942277
 H -5.078530 -0.409552 -1.120118
 H 3.630666 -2.080856 6.378735
 H 3.011904 -2.202817 4.989543
 H -5.699642 5.320757 -5.226286
 H -4.770649 6.547114 -4.816421
 H 0.498467 2.800798 -1.233173
 H 1.888556 3.574338 -1.434784
 H -5.690759 0.622150 2.979445
 H -5.284021 0.843108 4.490191
 H -0.079923 6.776713 5.282714
 H 0.830386 6.150681 6.312369
 H -1.125452 -5.563242 -1.602805
 H 0.118199 -5.561685 -2.698432
 H 3.303041 1.205122 3.851475
 H 2.136507 1.675631 4.768590
 H -3.583474 -5.861756 6.603900
 H -2.126140 -6.381704 6.354524
 H 1.898067 -1.985454 2.767475
 H 2.967752 -3.170744 2.508977
 H 2.674575 -7.275007 2.578373
 H 1.471265 -6.500486 2.949350
 H -2.861562 -4.371394 4.644947
 H -4.340983 -4.109527 4.074381
 H -4.840395 -7.647006 0.832344
 H -5.030373 -6.549754 -0.156531
 H -3.306547 -4.148510 -3.406311
 H -2.900095 -5.604601 -3.824048
 H 2.232524 -2.532908 -2.348743
 H 2.067020 -3.821402 -1.628746
 H -2.483812 2.350281 -1.513107
 H -1.494585 3.158370 -1.172157
 H -1.778596 -3.454009 1.776020
 H -1.170380 -2.064521 2.212082
 H 1.426672 -4.115396 3.128644
 H -0.180383 -4.071375 2.989382
 H 5.697880 -4.533587 -5.116061
 H 4.414714 -3.697133 -5.219938
 H 5.122732 5.753115 2.582157
 H 6.179319 4.727438 2.322679
 H 5.679105 -2.895676 3.388755
 H 4.352281 -3.302123 4.074784
 H -1.770025 -2.400567 -3.823973
 H -3.306265 -2.128424 -4.191980
 H -0.447771 3.284554 -4.007696
 H -1.246134 1.976815 -4.658232
 H 4.780545 2.517906 2.869802
 H 3.516297 2.571508 1.966710
 H 2.503212 0.446472 -4.330603
 H 2.237734 1.871673 -4.127860
 H -5.065193 2.124280 -5.731071
 H -3.474935 2.167116 -5.685573
 H 5.750743 -6.072050 -0.028855
 H 5.238134 -6.305887 -1.465473
 H 1.891517 -0.712634 -6.307508
 H 0.927521 0.461176 -6.062935
 H -1.500391 -0.490235 -5.509459
 H -2.741668 0.380920 -5.024970
 H 1.151660 -0.004667 1.870410
 H 1.389112 -0.624356 0.425897
 H 5.377147 -2.762634 -3.641325
 H 6.112392 -1.490811 -3.117829
 H 5.107405 0.634991 -0.926091
 H 5.130411 -0.901249 -1.163639
 H 0.221909 4.863177 4.757011
 H -0.525841 3.721892 4.228321
 H -4.137236 0.677756 -3.018097
 H -5.500811 1.074699 -3.670740
 H 0.140833 -3.943198 -1.244009
 H 0.349225 -2.920835 -0.095927
 H 4.056178 4.787706 -5.743623
 H 4.678583 3.981802 -6.825908
 H 2.459751 6.131192 4.398822
 H 2.809446 7.070451 5.733689
 H -5.648443 4.279081 -2.662799
 H -4.790544 5.510683 -2.615921
 H -0.709967 0.636052 -1.830771
 H -0.835860 1.382316 -3.103778
 H -4.490562 -4.485751 -1.300026
 H -4.076892 -3.592366 -0.123761
 H -3.815850 6.254206 3.076413
 H -2.629893 5.713736 3.841600
 H -2.689163 3.876827 4.309468
 H -2.029397 3.076634 5.422914
 H -2.200364 -2.320425 -1.174875
 H -2.421363 -1.598248 0.235104
 H -2.054977 -1.748639 4.662881
 H -0.786253 -2.433269 5.142109
 H -0.097784 2.448987 4.726878
 H -0.374091 2.832875 6.229881
 H -5.376695 2.570872 1.918171
 H -4.282596 3.628054 2.034426
 H 3.784918 4.808346 -0.864056
 H 3.799532 4.224882 -2.392200
 H 2.499274 -5.937028 -4.798482
 H 2.432896 -5.076464 -3.513918
 H -3.336977 4.174207 -3.976439
 H -2.356061 4.999050 -2.942842
 H 3.897013 1.170888 7.196162
 H 4.004735 0.644270 5.740812
 H -1.745931 1.063296 1.338044
 H -2.874973 0.876953 2.453219
 H 0.549585 -1.162139 -3.233110
 H 0.302987 -1.882404 -4.577692
 H -0.389005 -4.362184 -5.940075
 H 0.936089 -3.756482 -5.467490
 H 6.781042 -6.254427 5.046797
 H 5.762364 -5.300282 4.547300
 H 4.056486 -3.896305 1.099279
 H 3.655211 -3.275578 -0.285321
 H 5.001950 -0.965579 2.234327
 H 5.353829 -0.235883 3.635550
 H 1.833098 4.046276 -5.324393
 H 1.822543 4.716614 -4.011587
 H -0.637573 -6.410497 0.124314
 H -2.107402 -6.532326 0.524702
 H -5.794671 -1.887625 -5.131032
 H -4.506382 -2.298542 -5.975766
 H -3.646474 1.166023 -0.579738
 H -4.856964 2.037259 -0.565097
 H 5.119714 3.369731 -4.355997
 H 4.955932 2.351723 -3.128715
 H 2.940928 -0.356834 -1.389448
 H 1.536699 0.244454 -1.494544
 H -4.904401 -2.223467 0.536132
 H -4.206148 -2.564277 1.895177
 H 1.222462 2.958170 2.088560
 H 1.377633 3.154754 0.504453
K_POINTS
 1
0.0 0.0 0.0 1.0