
&control
    calculation='scf'
    pseudo_dir = './',
    outdir='./outputs',
    disk_io='high'
/
&system
    ibrav= 1, celldm(1)=20.000000, nat=  192, ntyp= 2,
    ecutwfc = 30.0, nosym=.true., occupations='smearing',
    smearing='m-v', degauss=0.025
/
&electrons
    conv_thr =  1.0d-8,
    mixing_beta = 0.7
/
&ions
    pot_extrapolation='second-order'
    wfc_extrapolation='second-order'
    ion_temperature = 'andersen'
    tempw = 1000

/
ATOMIC_SPECIES
 H  1.01  H.blyp-hgh.UPF
 O  16.0  O.blyp-hgh.UPF
ATOMIC_POSITIONS bohr
 O -5.295989 -1.329618 -1.427330
 O 2.973581 -2.636289 5.891619
 O -5.464203 6.240062 -5.479261
 O 1.023759 3.573622 -0.936373
 O -5.079579 1.148036 3.571634
 O -0.135422 6.263840 6.118387
 O -0.830712 -5.395422 -2.532994
 O 2.602910 0.865516 4.475157
 O -2.917516 -6.014897 5.913597
 O 2.605132 -2.533635 3.164760
 O 2.444839 -6.364531 2.876752
 O -3.515805 -3.673789 4.382017
 O -4.733144 -6.669285 0.768995
 O -3.684582 -5.094782 -3.538337
 O 2.783928 -3.328264 -2.112240
 O -1.985197 2.471760 -0.667159
 O -1.361601 -2.987780 2.494853
 O 0.586970 -4.427260 3.491400
 O 4.770833 -4.499628 -4.789232
 O 5.236943 4.873694 2.151750
 O 5.043072 -3.638564 3.468058
 O -2.711725 -2.578629 -3.556948
 O -1.253531 2.972707 -4.483096
 O 4.105097 1.931458 2.461864
 O 2.890090 1.210925 -3.803212
 O -4.281401 2.693901 -5.648776
 O 5.111970 -5.733435 -0.678589
 O 1.382647 -0.280970 -5.582153
 O -1.777798 0.408933 -5.172691
 O 1.179353 -0.841618 1.366894
 O 5.660984 -1.869958 -3.925521
 O 4.614058 -0.188224 -0.704770
 O 0.362386 4.193692 4.039182
 O -4.612462 0.715831 -3.853974
 O 0.652531 -3.799022 -0.422865
 O 4.799694 4.146117 -5.877446
 O 2.499503 6.209863 5.435095
 O -5.496135 5.067543 -2.100832
 O -0.170433 1.229133 -2.390342
 O -3.739144 -3.916023 -1.020797
 O -3.042800 5.652814 2.958118
 O -2.017990 3.179335 4.443751
 O -1.817451 -1.681028 -0.529186
 O -1.351556 -1.657392 5.337186
 O 0.141412 2.233062 5.634333
 O -4.826544 3.153743 1.354359
 O 3.277136 4.373706 -1.574733
 O 1.952318 -5.786999 -4.005278
 O -3.061869 4.337290 -3.059598
 O 4.535694 0.731089 6.585519
 O -1.956493 0.568711 2.194487
 O -0.024208 -1.847376 -3.658128
 O 0.063043 -3.506946 -5.800840
 O 6.374068 -5.987508 4.191285
 O 3.665488 -3.101104 0.691294
 O 5.730425 -0.658209 2.834761
 O 1.676632 3.816462 -4.391958
 O -1.533870 -6.449530 -0.260294
 O -5.297259 -1.739774 -5.992400
 O -4.440343 1.338211 -1.120121
 O 5.047947 3.314105 -3.380778
 O 1.987043 -0.611422 -1.508669
 O -4.863762 -2.925218 1.271807
 O 1.822746 2.777798 1.355299
 H -4.552802 -1.778619 -1.908990
 H -5.096647 -0.406107 -1.121347
 H 3.606084 -2.058789 6.379972
 H 2.989395 -2.196851 4.997562
 H -5.690573 5.325395 -5.213848
 H -4.756778 6.548609 -4.834298
 H 0.505299 2.793055 -1.211563
 H 1.887713 3.557560 -1.443867
 H -5.704605 0.645790 2.970941
 H -5.274001 0.856144 4.487758
 H -0.079431 6.782810 5.284822
 H 0.821412 6.157676 6.323106
 H -1.114382 -5.562578 -1.599982
 H 0.120451 -5.540665 -2.694487
 H 3.300473 1.210464 3.838474
 H 2.142357 1.684891 4.766443
 H -3.589878 -5.882483 6.595993
 H -2.123143 -6.391376 6.355146
 H 1.898022 -1.980308 2.780302
 H 2.965772 -3.150467 2.491167
 H 2.669089 -7.280835 2.587849
 H 1.467370 -6.493472 2.950539
 H -2.850277 -4.358977 4.645525
 H -4.335259 -4.100534 4.047673
 H -4.852052 -7.651297 0.828199
 H -5.025245 -6.571432 -0.158021
 H -3.286874 -4.158631 -3.392788
 H -2.906920 -5.606388 -3.817162
 H 2.239169 -2.532988 -2.351380
 H 2.056832 -3.821586 -1.637767
 H -2.471570 2.352123 -1.516208
 H -1.486587 3.146952 -1.182246
 H -1.798101 -3.450513 1.764348
 H -1.156451 -2.072704 2.215429
 H 1.428034 -4.111159 3.128224
 H -0.175606 -4.078421 2.986736
 H 5.706090 -4.529771 -5.095069
 H 4.393494 -3.709304 -5.228691
 H 5.108575 5.751171 2.580704
 H 6.190105 4.741786 2.330981
 H 5.685447 -2.904139 3.385691
 H 4.360163 -3.315228 4.086078
 H -1.769797 -2.393081 -3.826517
 H -3.303537 -2.127914 -4.189606
 H -0.450517 3.295065 -4.007387
 H -1.227773 1.980343 -4.667862
 H 4.777070 2.525945 2.857474
 H 3.521657 2.557468 1.947112
 H 2.502618 0.449390 -4.329826
 H 2.237057 1.867288 -4.125065
 H -5.071050 2.134661 -5.750333
 H -3.481607 2.165752 -5.673649
 H 5.740065 -6.075946 -0.015300
 H 5.254218 -6.298388 -1.463625
 H 1.875136 -0.713182 -6.312849
 H 0.940771 0.477183 -6.062017
 H -1.508368 -0.490194 -5.502774
 H -2.746171 0.383620 -5.022771
 H 1.158641 -0.007627 1.874138
 H 1.401743 -0.628258 0.431836
 H 5.391399 -2.769847 -3.653278
 H 6.088296 -1.475207 -3.116439
 H 5.106596 0.630988 -0.924391
 H 5.121155 -0.896054 -1.173142
 H 0.235415 4.863872 4.760445
 H -0.510144 3.714530 4.245248
 H -4.148847 0.678802 -3.003986
 H -5.503959 1.072377 -3.694572
 H 0.116216 -3.937208 -1.241077
 H 0.342618 -2.926575 -0.083526
 H 4.063545 4.790698 -5.753606
 H 4.697479 3.979155 -6.836844
 H 2.461407 6.149109 4.407557
 H 2.819449 7.079837 5.731813
 H -5.648128 4.272896 -2.661975
 H -4.774162 5.500652 -2.614263
 H -0.723575 0.637049 -1.847001
 H -0.841887 1.406665 -3.094007
 H -4.504403 -4.459135 -1.315795
 H -4.080988 -3.599564 -0.130634
 H -3.811325 6.254615 3.069888
 H -2.630347 5.726679 3.839536
 H -2.694308 3.880510 4.313760
 H -2.042704 3.061995 5.414924
 H -2.184494 -2.325875 -1.177355
 H -2.427340 -1.584476 0.224724
 H -2.048602 -1.753036 4.657548
 H -0.778637 -2.428574 5.144868
 H -0.091724 2.478764 4.735275
 H -0.386022 2.807890 6.245445
 H -5.371603 2.559140 1.920253
 H -4.308273 3.632254 2.044636
 H 3.782383 4.811049 -0.865063
 H 3.817438 4.224044 -2.387524
 H 2.499606 -5.936381 -4.790899
 H 2.430954 -5.084127 -3.511120
 H -3.355702 4.186378 -3.977619
 H -2.377920 5.014930 -2.943755
 H 3.904713 1.161433 7.205154
 H 4.011735 0.651959 5.739304
 H -1.751292 1.030548 1.320501
 H -2.876786 0.869095 2.447607
 H 0.571512 -1.182348 -3.228488
 H 0.309441 -1.872964 -4.581859
 H -0.384148 -4.370961 -5.918503
 H 0.939351 -3.744090 -5.463598
 H 6.777157 -6.258327 5.043756
 H 5.753453 -5.317893 4.551447
 H 4.047805 -3.900097 1.099588
 H 3.649082 -3.271434 -0.275523
 H 5.006391 -0.970015 2.244295
 H 5.364658 -0.222632 3.629059
 H 1.836787 4.044100 -5.325368
 H 1.796024 4.721318 -3.999728
 H -0.646629 -6.419996 0.147937
 H -2.125863 -6.546264 0.516445
 H -5.790333 -1.887483 -5.135371
 H -4.503754 -2.293511 -5.977700
 H -3.648223 1.162541 -0.573115
 H -4.842474 2.046788 -0.564996
 H 5.104366 3.368555 -4.371130
 H 4.965640 2.369373 -3.118710
 H 2.930875 -0.359474 -1.394358
 H 1.531836 0.241769 -1.502090
 H -4.897592 -2.261046 0.524862
 H -4.199155 -2.558410 1.891638
 H 1.221636 2.972069 2.092494
 H 1.381907 3.173958 0.512109
K_POINTS
 1
0.0 0.0 0.0 1.0