
&control
    calculation='scf'
    pseudo_dir = './',
    outdir='./outputs',
    disk_io='high'
/
&system
    ibrav= 1, celldm(1)=20.000000, nat=  192, ntyp= 2,
    ecutwfc = 30.0, nosym=.true., occupations='smearing',
    smearing='m-v', degauss=0.025
/
&electrons
    conv_thr =  1.0d-8,
    mixing_beta = 0.7
/
&ions
    pot_extrapolation='second-order'
    wfc_extrapolation='second-order'
    ion_temperature = 'andersen'
    tempw = 1000

/
ATOMIC_SPECIES
 H  1.01  H.blyp-hgh.UPF
 O  16.0  O.blyp-hgh.UPF
ATOMIC_POSITIONS bohr
 O -5.294072 -1.331526 -1.425110
 O 2.968168 -2.639207 5.895638
 O -5.465365 6.244079 -5.477720
 O 1.028334 3.569762 -0.936899
 O -5.080886 1.150479 3.568088
 O -0.141584 6.263463 6.117449
 O -0.833195 -5.395358 -2.532876
 O 2.607997 0.869200 4.475290
 O -2.913647 -6.021382 5.914302
 O 2.601120 -2.535376 3.168219
 O 2.442182 -6.365052 2.869931
 O -3.512945 -3.676702 4.378672
 O -4.735110 -6.674799 0.772586
 O -3.692135 -5.093183 -3.537734
 O 2.782865 -3.331930 -2.111453
 O -1.988174 2.479266 -0.669907
 O -1.364787 -2.988809 2.488923
 O 0.590742 -4.431319 3.491733
 O 4.771154 -4.498482 -4.790515
 O 5.240226 4.869159 2.150726
 O 5.046052 -3.642770 3.468818
 O -2.707964 -2.574100 -3.551684
 O -1.255715 2.975064 -4.482767
 O 4.105076 1.926355 2.460512
 O 2.890789 1.210196 -3.799820
 O -4.286073 2.696347 -5.642180
 O 5.111343 -5.732982 -0.674582
 O 1.373233 -0.282330 -5.584310
 O -1.780789 0.415145 -5.171183
 O 1.175843 -0.845910 1.372060
 O 5.664627 -1.874616 -3.928871
 O 4.610490 -0.187516 -0.711930
 O 0.364184 4.192554 4.041581
 O -4.609080 0.717289 -3.845550
 O 0.643371 -3.798640 -0.428658
 O 4.807032 4.144792 -5.885237
 O 2.509233 6.214605 5.439694
 O -5.493814 5.069006 -2.112562
 O -0.166019 1.226518 -2.394350
 O -3.740316 -3.917070 -1.023755
 O -3.042334 5.651903 2.959534
 O -2.023143 3.183367 4.438167
 O -1.812425 -1.686635 -0.527686
 O -1.352219 -1.658542 5.337146
 O 0.138156 2.232645 5.636316
 O -4.827774 3.147712 1.358436
 O 3.281005 4.378585 -1.578795
 O 1.941182 -5.787496 -4.004759
 O -3.062497 4.336685 -3.062310
 O 4.541537 0.733267 6.587395
 O -1.949396 0.577308 2.196120
 O -0.023738 -1.843158 -3.663725
 O 0.064267 -3.507707 -5.804991
 O 6.380102 -5.985354 4.185346
 O 3.662913 -3.095622 0.702039
 O 5.738522 -0.661386 2.837488
 O 1.675258 3.814908 -4.392568
 O -1.533753 -6.459894 -0.255197
 O -5.296725 -1.738769 -5.995763
 O -4.435152 1.343229 -1.119313
 O 5.053751 3.326081 -3.390644
 O 1.980151 -0.613240 -1.510503
 O -4.862481 -2.935824 1.284578
 O 1.821427 2.780268 1.360716
 H -4.542845 -1.795468 -1.874212
 H -5.113330 -0.403313 -1.124065
 H 3.581042 -2.036920 6.381540
 H 2.965737 -2.192765 5.005230
 H -5.681900 5.330375 -5.201638
 H -4.745298 6.550472 -4.851268
 H 0.512215 2.784803 -1.190716
 H 1.886741 3.541956 -1.451822
 H -5.717188 0.668900 2.963738
 H -5.263678 0.869100 4.484346
 H -0.078572 6.789093 5.286199
 H 0.812633 6.164845 6.333597
 H -1.102802 -5.562861 -1.597256
 H 0.122159 -5.520391 -2.689906
 H 3.296280 1.215809 3.824641
 H 2.148167 1.693340 4.764374
 H -3.596676 -5.903232 6.587519
 H -2.120212 -6.400371 6.355519
 H 1.898432 -1.975149 2.791103
 H 2.963463 -3.127775 2.472228
 H 2.664911 -7.285948 2.597193
 H 1.463290 -6.484858 2.951171
 H -2.841545 -4.346083 4.645736
 H -4.328421 -4.092264 4.021929
 H -4.863697 -7.654508 0.824032
 H -5.019152 -6.592610 -0.160204
 H -3.267904 -4.170334 -3.380028
 H -2.912730 -5.607856 -3.809287
 H 2.247433 -2.533380 -2.353721
 H 2.048143 -3.821034 -1.645824
 H -2.461986 2.352134 -1.518150
 H -1.476312 3.137099 -1.188865
 H -1.817817 -3.446639 1.751764
 H -1.142221 -2.081178 2.218222
 H 1.429069 -4.105685 3.127655
 H -0.170215 -4.083873 2.983440
 H 5.713418 -4.526966 -5.074094
 H 4.372301 -3.722182 -5.237675
 H 5.094522 5.748303 2.579098
 H 6.200084 4.756415 2.338791
 H 5.691421 -2.912565 3.382522
 H 4.368328 -3.327955 4.097183
 H -1.769761 -2.385313 -3.828428
 H -3.300155 -2.127240 -4.187404
 H -0.453409 3.304475 -4.008267
 H -1.208704 1.985238 -4.677441
 H 4.773298 2.534010 2.844587
 H 3.526195 2.542138 1.927689
 H 2.502573 0.451969 -4.327793
 H 2.237023 1.864793 -4.120817
 H -5.075853 2.144230 -5.769461
 H -3.488208 2.162470 -5.661529
 H 5.729051 -6.080064 -0.001231
 H 5.271389 -6.290586 -1.461804
 H 1.858395 -0.713801 -6.317510
 H 0.954132 0.492091 -6.060057
 H -1.516535 -0.488987 -5.496942
 H -2.750499 0.385440 -5.020481
 H 1.165781 -0.010363 1.876983
 H 1.415107 -0.632379 0.438055
 H 5.405252 -2.777514 -3.664970
 H 6.063695 -1.460245 -3.116174
 H 5.105054 0.626394 -0.922359
 H 5.111538 -0.890281 -1.181654
 H 0.250378 4.864509 4.763211
 H -0.494147 3.709656 4.258985
 H -4.161473 0.680740 -2.989043
 H -5.506477 1.069948 -3.718058
 H 0.091127 -3.930997 -1.237227
 H 0.336545 -2.933056 -0.071577
 H 4.071857 4.793597 -5.763295
 H 4.717348 3.975907 -6.847423
 H 2.464332 6.167866 4.417382
 H 2.829804 7.089829 5.728349
 H -5.648861 4.266811 -2.659956
 H -4.757675 5.490633 -2.611173
 H -0.736628 0.637530 -1.861954
 H -0.846179 1.431194 -3.084081
 H -4.517007 -4.432289 -1.331967
 H -4.084088 -3.608264 -0.138462
 H -3.806980 6.254481 3.062437
 H -2.630498 5.740070 3.837711
 H -2.699395 3.883778 4.317138
 H -2.056528 3.046731 5.406592
 H -2.169341 -2.331072 -1.178835
 H -2.433411 -1.571198 0.213605
 H -2.042453 -1.757093 4.652629
 H -0.770435 -2.423587 5.148925
 H -0.085086 2.507246 4.743399
 H -0.396794 2.782128 6.260963
 H -5.366243 2.547597 1.922010
 H -4.333001 3.635585 2.054155
 H 3.780339 4.814103 -0.866608
 H 3.836430 4.223109 -2.381658
 H 2.500777 -5.935376 -4.783735
 H 2.429428 -5.091671 -3.507936
 H -3.372505 4.198717 -3.978934
 H -2.399216 5.031203 -2.945945
 H 3.912393 1.151896 7.214991
 H 4.018972 0.660232 5.739517
 H -1.757626 0.996608 1.306143
 H -2.876245 0.860881 2.441634
 H 0.591964 -1.203193 -3.224152
 H 0.315425 -1.863540 -4.585726
 H -0.378905 -4.379453 -5.895800
 H 0.943174 -3.731916 -5.459770
 H 6.773917 -6.262974 5.040859
 H 5.744455 -5.334704 4.553625
 H 4.039954 -3.903996 1.098833
 H 3.642437 -3.267629 -0.265694
 H 5.010662 -0.973540 2.255040
 H 5.373938 -0.210675 3.621765
 H 1.840055 4.040676 -5.327204
 H 1.769212 4.725194 -3.986564
 H -0.655594 -6.429766 0.171385
 H -2.145173 -6.559862 0.507585
 H -5.785734 -1.886765 -5.140114
 H -4.500796 -2.289249 -5.980434
 H -3.649621 1.158860 -0.566663
 H -4.827971 2.056634 -0.565581
 H 5.088120 3.366740 -4.385859
 H 4.974371 2.388222 -3.109943
 H 2.921748 -0.362287 -1.398841
 H 1.526420 0.240095 -1.510923
 H -4.892061 -2.299146 0.515279
 H -4.192534 -2.552767 1.888419
 H 1.220539 2.986230 2.096880
 H 1.387497 3.192714 0.520418
K_POINTS
 1
0.0 0.0 0.0 1.0