
&control
    calculation='scf'
    pseudo_dir = './',
    outdir='./outputs',
    disk_io='high'
/
&system
    ibrav= 1, celldm(1)=20.000000, nat=  192, ntyp= 2,
    ecutwfc = 30.0, nosym=.true., occupations='smearing',
    smearing='m-v', degauss=0.025
/
&electrons
    conv_thr =  1.0d-8,
    mixing_beta = 0.7
/
&ions
    pot_extrapolation='second-order'
    wfc_extrapolation='second-order'
    ion_temperature = 'andersen'
    tempw = 1000

/
ATOMIC_SPECIES
 H  1.01  H.blyp-hgh.UPF
 O  16.0  O.blyp-hgh.UPF
ATOMIC_POSITIONS bohr
 O -5.293460 -1.332194 -1.424359
 O 2.966422 -2.640115 5.896982
 O -5.465715 6.245419 -5.477176
 O 1.029808 3.568463 -0.937085
 O -5.081311 1.151349 3.566877
 O -0.143667 6.263311 6.117102
 O -0.834033 -5.395300 -2.532892
 O 2.609728 0.870462 4.475323
 O -2.912272 -6.023572 5.914501
 O 2.599792 -2.535977 3.169441
 O 2.441253 -6.365302 2.867645
 O -3.511993 -3.677638 4.377547
 O -4.735774 -6.676654 0.773743
 O -3.694643 -5.092627 -3.537562
 O 2.782449 -3.333168 -2.111223
 O -1.989163 2.481800 -0.670917
 O -1.365877 -2.989165 2.486939
 O 0.591971 -4.432781 3.491909
 O 4.771258 -4.498075 -4.790942
 O 5.241316 4.867659 2.150413
 O 5.047055 -3.644199 3.469088
 O -2.706726 -2.572584 -3.549931
 O -1.256432 2.975820 -4.482688
 O 4.105113 1.924693 2.460078
 O 2.890976 1.209928 -3.798738
 O -4.287662 2.697278 -5.640007
 O 5.111109 -5.732819 -0.673241
 O 1.370079 -0.282743 -5.585071
 O -1.781817 0.417211 -5.170659
 O 1.174644 -0.847341 1.373800
 O 5.665832 -1.876148 -3.929913
 O 4.609311 -0.187279 -0.714339
 O 0.364756 4.192231 4.042384
 O -4.607933 0.717728 -3.842786
 O 0.640286 -3.798511 -0.430610
 O 4.809433 4.144389 -5.887877
 O 2.512488 6.216160 5.441294
 O -5.493045 5.069501 -2.116510
 O -0.164605 1.225629 -2.395701
 O -3.740759 -3.917406 -1.024708
 O -3.042185 5.651590 2.960022
 O -2.024915 3.184727 4.436340
 O -1.810721 -1.688480 -0.527199
 O -1.352458 -1.658924 5.337101
 O 0.137115 2.232427 5.637076
 O -4.828188 3.145671 1.359846
 O 3.282290 4.380199 -1.580190
 O 1.937464 -5.787652 -4.004574
 O -3.062764 4.336459 -3.063169
 O 4.543517 0.733977 6.587935
 O -1.947077 0.580199 2.196594
 O -0.023535 -1.841734 -3.665570
 O 0.064663 -3.507953 -5.806385
 O 6.382123 -5.984628 4.183415
 O 3.662074 -3.093802 0.705634
 O 5.741219 -0.662483 2.838381
 O 1.674801 3.814458 -4.392769
 O -1.533698 -6.463363 -0.253442
 O -5.296529 -1.738425 -5.996920
 O -4.433439 1.344892 -1.118982
 O 5.055730 3.330050 -3.393918
 O 1.977826 -0.613867 -1.511089
 O -4.862029 -2.939308 1.288794
 O 1.820971 2.781114 1.362519
 H -4.539559 -1.800745 -1.862337
 H -5.118529 -0.402540 -1.125291
 H 3.572597 -2.029706 6.382144
 H 2.957613 -2.191843 5.007690
 H -5.679110 5.332103 -5.197624
 H -4.741990 6.551208 -4.856678
 H 0.514493 2.781881 -1.183953
 H 1.886390 3.537026 -1.454215
 H -5.721100 0.676454 2.961662
 H -5.260215 0.873350 4.483063
 H -0.078214 6.791213 5.286522
 H 0.809755 6.167267 6.337051
 H -1.098853 -5.563173 -1.596345
 H 0.122598 -5.513797 -2.688256
 H 3.294507 1.217568 3.819881
 H 2.150116 1.695921 4.763686
 H -3.599026 -5.910161 6.584572
 H -2.119263 -6.403218 6.355593
 H 1.898632 -1.973391 2.794249
 H 2.962631 -3.119674 2.465688
 H 2.663792 -7.287502 2.600272
 H 1.461920 -6.481636 2.951250
 H -2.839170 -4.341775 4.645727
 H -4.325869 -4.089703 4.013580
 H -4.867559 -7.655381 0.822691
 H -5.016908 -6.599505 -0.161080
 H -3.261799 -4.174560 -3.375953
 H -2.914467 -5.608298 -3.806456
 H 2.250533 -2.533565 -2.354438
 H 2.045572 -3.820693 -1.648286
 H -2.459467 2.351711 -1.518629
 H -1.472339 3.134216 -1.190319
 H -1.824328 -3.445152 1.747528
 H -1.137401 -2.083961 2.218979
 H 1.429344 -4.103590 3.127448
 H -0.168303 -4.085346 2.982202
 H 5.715638 -4.526218 -5.067143
 H 4.365308 -3.726631 -5.240729
 H 5.089871 5.747082 2.578497
 H 6.203118 4.761369 2.341267
 H 5.693327 -2.915350 3.381458
 H 4.371124 -3.332093 4.100834
 H -1.769778 -2.382668 -3.828918
 H -3.298895 -2.126990 -4.186693
 H -0.454419 3.307369 -4.008840
 H -1.202224 1.987166 -4.680601
 H 4.771966 2.536689 2.840169
 H 3.527511 2.536739 1.921270
 H 2.502678 0.452724 -4.326842
 H 2.237143 1.864409 -4.119082
 H -5.077244 2.147229 -5.775809
 H -3.490413 2.160968 -5.657442
 H 5.725295 -6.081470 0.003547
 H 5.277348 -6.287922 -1.461201
 H 1.852756 -0.714042 -6.318938
 H 0.958590 0.496801 -6.059169
 H -1.519289 -0.488287 -5.495180
 H -2.751878 0.385872 -5.019688
 H 1.168190 -0.011224 1.877745
 H 1.419701 -0.633820 0.440235
 H 5.409769 -2.780202 -3.668779
 H 6.055410 -1.455439 -3.116336
 H 5.104425 0.624824 -0.921629
 H 5.108303 -0.888314 -1.184314
 H 0.255672 4.864701 4.763980
 H -0.488867 3.708589 4.262855
 H -4.165914 0.681592 -2.983842
 H -5.507182 1.069119 -3.725786
 H 0.082676 -3.928872 -1.235736
 H 0.334635 -2.935369 -0.067697
 H 4.074861 4.794514 -5.766485
 H 4.724172 3.974708 -6.850824
 H 2.465574 6.174268 4.420848
 H 2.833311 7.093247 5.726856
 H -5.649329 4.264809 -2.659049
 H -4.752145 5.487292 -2.609859
 H -0.740810 0.637573 -1.866654
 H -0.847195 1.439427 -3.080752
 H -4.520962 -4.423331 -1.337471
 H -4.084896 -3.611478 -0.141197
 H -3.805624 6.254356 3.059752
 H -2.630459 5.744625 3.837197
 H -2.701091 3.884806 4.318051
 H -2.061248 3.041504 5.403730
 H -2.164482 -2.332759 -1.179123
 H -2.435467 -1.566896 0.209738
 H -2.040469 -1.758374 4.651064
 H -0.767574 -2.421871 5.150565
 H -0.082732 2.516426 4.746049
 H -0.400148 2.773416 6.266132
 H -5.364419 2.543769 1.922527
 H -4.340973 3.636546 2.057213
 H 3.779784 4.815222 -0.867205
 H 3.842975 4.222783 -2.379438
 H 2.501329 -5.934981 -4.781433
 H 2.428986 -5.094167 -3.506776
 H -3.377675 4.202874 -3.979371
 H -2.406151 5.036755 -2.946945
 H 3.914926 1.148714 7.218461
 H 4.021434 0.663121 5.739981
 H -1.759928 0.985115 1.301985
 H -2.875539 0.858080 2.439556
 H 0.598438 -1.210268 -3.222760
 H 0.317299 -1.860402 -4.586948
 H -0.377063 -4.382187 -5.887988
 H 0.944539 -3.727893 -5.458523
 H 6.772996 -6.264690 5.039908
 H 5.741436 -5.340114 4.553902
 H 4.037516 -3.905303 1.098362
 H 3.640094 -3.266413 -0.262401
 H 5.012032 -0.974528 2.258767
 H 5.376680 -0.206970 3.619197
 H 1.841051 4.039282 -5.327956
 H 1.760220 4.726185 -3.981987
 H -0.658562 -6.433081 0.179167
 H -2.151771 -6.564318 0.504485
 H -5.784163 -1.886398 -5.141746
 H -4.499737 -2.287997 -5.981525
 H -3.649995 1.157579 -0.564554
 H -4.823153 2.060005 -0.565923
 H 5.082516 3.365995 -4.390630
 H 4.977067 2.394741 -3.107298
 H 2.918960 -0.363248 -1.400239
 H 1.524476 0.239774 -1.514152
 H -4.890516 -2.311915 0.512465
 H -4.190408 -2.550934 1.887421
 H 1.220136 2.990996 2.098433
 H 1.389666 3.198834 0.523340
K_POINTS
 1
0.0 0.0 0.0 1.0