
&control
    calculation='scf'
    pseudo_dir = './',
    outdir='./outputs',
    disk_io='high'
/
&system
    ibrav= 1, celldm(1)=20.000000, nat=  192, ntyp= 2,
    ecutwfc = 30.0, nosym=.true., occupations='smearing',
    smearing='m-v', degauss=0.025
/
&electrons
    conv_thr =  1.0d-8,
    mixing_beta = 0.7
/
&ions
    pot_extrapolation='second-order'
    wfc_extrapolation='second-order'
    ion_temperature = 'andersen'
    tempw = 1000

/
ATOMIC_SPECIES
 H  1.01  H.blyp-hgh.UPF
 O  16.0  O.blyp-hgh.UPF
ATOMIC_POSITIONS bohr
 O -5.292866 -1.332878 -1.423601
 O 2.964707 -2.640988 5.898329
 O -5.466047 6.246759 -5.476619
 O 1.031260 3.567161 -0.937276
 O -5.081728 1.152250 3.565646
 O -0.145764 6.263148 6.116736
 O -0.834875 -5.395224 -2.532937
 O 2.611476 0.871745 4.475350
 O -2.910855 -6.025777 5.914680
 O 2.598468 -2.536590 3.170697
 O 2.440302 -6.365588 2.865356
 O -3.511045 -3.678551 4.376416
 O -4.736445 -6.678516 0.774876
 O -3.697142 -5.092060 -3.537404
 O 2.782005 -3.334415 -2.111009
 O -1.990147 2.484348 -0.671969
 O -1.366986 -2.989537 2.484948
 O 0.593186 -4.434296 3.492116
 O 4.771359 -4.497656 -4.791366
 O 5.242409 4.866167 2.150117
 O 5.048062 -3.645642 3.469365
 O -2.705494 -2.571064 -3.548180
 O -1.257143 2.976560 -4.482624
 O 4.105173 1.923052 2.459652
 O 2.891141 1.209647 -3.797682
 O -4.289264 2.698266 -5.637848
 O 5.110863 -5.732653 -0.671897
 O 1.366916 -0.283135 -5.585852
 O -1.782863 0.419272 -5.170125
 O 1.173431 -0.848771 1.375546
 O 5.667031 -1.877669 -3.930920
 O 4.608133 -0.187040 -0.716757
 O 0.365320 4.191937 4.043188
 O -4.606777 0.718143 -3.840046
 O 0.637186 -3.798383 -0.432572
 O 4.811811 4.144004 -5.890539
 O 2.515751 6.217706 5.442930
 O -5.492281 5.070000 -2.120473
 O -0.163223 1.224731 -2.397060
 O -3.741226 -3.917734 -1.025649
 O -3.042037 5.651272 2.960516
 O -2.026712 3.186095 4.434530
 O -1.809000 -1.690311 -0.526718
 O -1.352707 -1.659305 5.337041
 O 0.136097 2.232167 5.637883
 O -4.828606 3.143614 1.361279
 O 3.283574 4.381807 -1.581607
 O 1.933746 -5.787803 -4.004385
 O -3.063061 4.336219 -3.064008
 O 4.545514 0.734679 6.588432
 O -1.944782 0.583099 2.197038
 O -0.023309 -1.840302 -3.667404
 O 0.065055 -3.508199 -5.807784
 O 6.384149 -5.983900 4.181509
 O 3.661244 -3.091987 0.709234
 O 5.743916 -0.663600 2.839266
 O 1.674344 3.814045 -4.392968
 O -1.533637 -6.466840 -0.251659
 O -5.296323 -1.738076 -5.998097
 O -4.431734 1.346548 -1.118621
 O 5.057729 3.334009 -3.397186
 O 1.975485 -0.614505 -1.511662
 O -4.861563 -2.942768 1.292990
 O 1.820506 2.781973 1.364322
 H -4.536278 -1.805850 -1.850338
 H -5.123532 -0.401852 -1.126672
 H 3.564102 -2.022543 6.382789
 H 2.949375 -2.191148 5.010096
 H -5.676374 5.333863 -5.193638
 H -4.738935 6.552014 -4.861949
 H 0.516744 2.778858 -1.177288
 H 1.886028 3.532234 -1.456477
 H -5.724871 0.683922 2.959757
 H -5.256759 0.877548 4.481735
 H -0.077822 6.793341 5.286791
 H 0.806902 6.169703 6.340489
 H -1.094870 -5.563595 -1.595428
 H 0.122968 -5.507285 -2.686551
 H 3.292544 1.219310 3.815057
 H 2.152076 1.698369 4.762996
 H -3.601415 -5.917099 6.581562
 H -2.118330 -6.405990 6.355645
 H 1.898852 -1.971602 2.797169
 H 2.961771 -3.111306 2.459045
 H 2.662804 -7.288983 2.603332
 H 1.460556 -6.478242 2.951261
 H -2.837043 -4.337500 4.645683
 H -4.323175 -4.087253 4.005351
 H -4.871406 -7.656176 0.821392
 H -5.014556 -6.606300 -0.162026
 H -3.255822 -4.178936 -3.371969
 H -2.916115 -5.608724 -3.803526
 H 2.253799 -2.533769 -2.355125
 H 2.043158 -3.820276 -1.650631
 H -2.457310 2.351071 -1.519055
 H -1.468084 3.131547 -1.191403
 H -1.830770 -3.443528 1.743327
 H -1.132538 -2.086688 2.219632
 H 1.429583 -4.101362 3.127240
 H -0.166339 -4.086651 2.980898
 H 5.717738 -4.525550 -5.060227
 H 4.358372 -3.731158 -5.243814
 H 5.085240 5.745709 2.577856
 H 6.205969 4.766366 2.343674
 H 5.695190 -2.918116 3.380397
 H 4.373962 -3.336171 4.104457
 H -1.769804 -2.379997 -3.829331
 H -3.297573 -2.126730 -4.185988
 H -0.455456 3.310145 -4.009556
 H -1.195694 1.989236 -4.683737
 H 4.770596 2.539361 2.835691
 H 3.528724 2.531197 1.914885
 H 2.502840 0.453414 -4.325758
 H 2.237325 1.864257 -4.117189
 H -5.078538 2.150132 -5.782142
 H -3.492632 2.159272 -5.653332
 H 5.721493 -6.082889 0.008358
 H 5.283421 -6.285226 -1.460599
 H 1.847095 -0.714307 -6.320314
 H 0.963041 0.501379 -6.058164
 H -1.522053 -0.487427 -5.493509
 H -2.753219 0.386223 -5.018876
 H 1.170611 -0.012060 1.878419
 H 1.424356 -0.635302 0.442486
 H 5.414232 -2.782965 -3.672533
 H 6.047092 -1.450737 -3.116620
 H 5.103758 0.623271 -0.920879
 H 5.105076 -0.886360 -1.186902
 H 0.261111 4.864882 4.764675
 H -0.483661 3.707799 4.266375
 H -4.170474 0.682548 -2.978522
 H -5.507819 1.068282 -3.733458
 H 0.074185 -3.926718 -1.234142
 H 0.332779 -2.937750 -0.063868
 H 4.077987 4.795398 -5.769662
 H 4.731090 3.973458 -6.854148
 H 2.466945 6.180731 4.424389
 H 2.836838 7.096691 5.725202
 H -5.649904 4.262822 -2.658038
 H -4.746591 5.483950 -2.608415
 H -0.744890 0.637560 -1.871215
 H -0.847995 1.447692 -3.077420
 H -4.524805 -4.414384 -1.343040
 H -4.085595 -3.614840 -0.143958
 H -3.804332 6.254205 3.056968
 H -2.630368 5.749222 3.836743
 H -2.702792 3.885814 4.318855
 H -2.066022 3.036208 5.400822
 H -2.159731 -2.334430 -1.179317
 H -2.437543 -1.562661 0.205790
 H -2.038524 -1.759623 4.649532
 H -0.764652 -2.420133 5.152347
 H -0.080301 2.525438 4.748680
 H -0.403393 2.764659 6.271299
 H -5.362586 2.539940 1.923012
 H -4.348792 3.637447 2.060226
 H 3.779299 4.816398 -0.867831
 H 3.849617 4.222451 -2.377087
 H 2.501949 -5.934564 -4.779168
 H 2.428569 -5.096659 -3.505562
 H -3.382630 4.207055 -3.979797
 H -2.412996 5.042379 -2.948075
 H 3.917442 1.145534 7.222024
 H 4.023915 0.666076 5.740639
 H -1.762316 0.973561 1.298105
 H -2.874579 0.855256 2.437435
 H 0.604736 -1.217400 -3.221390
 H 0.319109 -1.857267 -4.588138
 H -0.375170 -4.384860 -5.880058
 H 0.945935 -3.723881 -5.457297
 H 6.772158 -6.266488 5.038956
 H 5.738409 -5.345423 4.553951
 H 4.035166 -3.906608 1.097788
 H 3.637684 -3.265215 -0.259096
 H 5.013367 -0.975429 2.262555
 H 5.379245 -0.203402 3.616575
 H 1.842000 4.037771 -5.328758
 H 1.751206 4.726988 -3.977354
 H -0.661521 -6.436425 0.186933
 H -2.158439 -6.568735 0.501305
 H -5.782582 -1.885968 -5.143389
 H -4.498643 -2.286828 -5.982706
 H -3.650319 1.156268 -0.562467
 H -4.818349 2.063428 -0.566336
 H 5.076824 3.365182 -4.395315
 H 4.979656 2.401362 -3.104790
 H 2.916311 -0.364217 -1.401588
 H 1.522461 0.239572 -1.517522
 H -4.889126 -2.324702 0.509841
 H -4.188322 -2.549123 1.886459
 H 1.219723 2.995782 2.100027
 H 1.391992 3.204878 0.526339
K_POINTS
 1
0.0 0.0 0.0 1.0