
&control
    calculation='scf'
    pseudo_dir = './',
    outdir='./outputs',
    disk_io='high'
/
&system
    ibrav= 1, celldm(1)=20.000000, nat=  192, ntyp= 2,
    ecutwfc = 30.0, nosym=.true., occupations='smearing',
    smearing='m-v', degauss=0.025
/
&electrons
    conv_thr =  1.0d-8,
    mixing_beta = 0.7
/
&ions
    pot_extrapolation='second-order'
    wfc_extrapolation='second-order'
    ion_temperature = 'andersen'
    tempw = 1000

/
ATOMIC_SPECIES
 H  1.01  H.blyp-hgh.UPF
 O  16.0  O.blyp-hgh.UPF
ATOMIC_POSITIONS bohr
 O -5.292290 -1.333578 -1.422836
 O 2.963021 -2.641827 5.899680
 O -5.466362 6.248098 -5.476049
 O 1.032689 3.565857 -0.937472
 O -5.082136 1.153185 3.564393
 O -0.147872 6.262974 6.116351
 O -0.835720 -5.395131 -2.533008
 O 2.613242 0.873049 4.475371
 O -2.909396 -6.027996 5.914840
 O 2.597150 -2.537215 3.171983
 O 2.439331 -6.365910 2.863063
 O -3.510104 -3.679437 4.375278
 O -4.737121 -6.680386 0.775984
 O -3.699630 -5.091481 -3.537260
 O 2.781533 -3.335671 -2.110811
 O -1.991127 2.486910 -0.673062
 O -1.368116 -2.989930 2.482947
 O 0.594386 -4.435863 3.492352
 O 4.771456 -4.497226 -4.791787
 O 5.243506 4.864685 2.149838
 O 5.049072 -3.647101 3.469650
 O -2.704270 -2.569541 -3.546430
 O -1.257846 2.977286 -4.482574
 O 4.105255 1.921431 2.459233
 O 2.891284 1.209354 -3.796649
 O -4.290877 2.699309 -5.635701
 O 5.110608 -5.732482 -0.670549
 O 1.363745 -0.283505 -5.586652
 O -1.783926 0.421328 -5.169581
 O 1.172206 -0.850199 1.377296
 O 5.668224 -1.879176 -3.931893
 O 4.606953 -0.186802 -0.719180
 O 0.365880 4.191674 4.043991
 O -4.605610 0.718534 -3.837331
 O 0.634071 -3.798255 -0.434546
 O 4.814166 4.143638 -5.893224
 O 2.519023 6.219246 5.444601
 O -5.491522 5.070504 -2.124450
 O -0.161874 1.223823 -2.398424
 O -3.741716 -3.918057 -1.026578
 O -3.041889 5.650948 2.961015
 O -2.028534 3.187468 4.432738
 O -1.807262 -1.692127 -0.526243
 O -1.352964 -1.659684 5.336966
 O 0.135102 2.231866 5.638739
 O -4.829028 3.141542 1.362734
 O 3.284856 4.383407 -1.583047
 O 1.930030 -5.787947 -4.004193
 O -3.063386 4.335965 -3.064829
 O 4.547528 0.735372 6.588887
 O -1.942510 0.586004 2.197455
 O -0.023059 -1.838861 -3.669228
 O 0.065443 -3.508446 -5.809186
 O 6.386179 -5.983170 4.179631
 O 3.660425 -3.090178 0.712839
 O 5.746613 -0.664735 2.840142
 O 1.673886 3.813672 -4.393162
 O -1.533571 -6.470324 -0.249847
 O -5.296105 -1.737723 -5.999296
 O -4.430037 1.348198 -1.118230
 O 5.059750 3.337958 -3.400450
 O 1.973128 -0.615155 -1.512222
 O -4.861085 -2.946206 1.297166
 O 1.820031 2.782845 1.366125
 H -4.532996 -1.810780 -1.838225
 H -5.128331 -0.401249 -1.128203
 H 3.555560 -2.015438 6.383474
 H 2.941028 -2.190683 5.012444
 H -5.673695 5.335652 -5.189682
 H -4.736127 6.552898 -4.867070
 H 0.518962 2.775724 -1.170721
 H 1.885655 3.527582 -1.458608
 H -5.728503 0.691296 2.958029
 H -5.253318 0.881684 4.480379
 H -0.077401 6.795470 5.287012
 H 0.804073 6.172152 6.343913
 H -1.090858 -5.564128 -1.594502
 H 0.123268 -5.500854 -2.684796
 H 3.290391 1.221028 3.810177
 H 2.154051 1.700675 4.762301
 H -3.603839 -5.924050 6.578487
 H -2.117414 -6.408688 6.355679
 H 1.899087 -1.969777 2.799867
 H 2.960887 -3.102671 2.452306
 H 2.661942 -7.290396 2.606372
 H 1.459203 -6.474678 2.951201
 H -2.835149 -4.333283 4.645606
 H -4.320335 -4.084919 3.997246
 H -4.875235 -7.656905 0.820147
 H -5.012097 -6.612984 -0.163037
 H -3.249988 -4.183452 -3.368078
 H -2.917681 -5.609139 -3.800501
 H 2.257222 -2.533983 -2.355784
 H 2.040897 -3.819787 -1.652856
 H -2.455525 2.350215 -1.519442
 H -1.463544 3.129098 -1.192122
 H -1.837121 -3.441749 1.739191
 H -1.127631 -2.089340 2.220171
 H 1.429787 -4.099005 3.127035
 H -0.164327 -4.087792 2.979533
 H 5.719716 -4.524955 -5.053354
 H 4.351510 -3.735761 -5.246933
 H 5.080631 5.744178 2.577168
 H 6.208620 4.771405 2.346009
 H 5.697010 -2.920862 3.379342
 H 4.376843 -3.340186 4.108050
 H -1.769834 -2.377301 -3.829667
 H -3.296194 -2.126461 -4.185288
 H -0.456517 3.312805 -4.010417
 H -1.189122 1.991444 -4.686844
 H 4.769187 2.542023 2.831155
 H 3.529833 2.525511 1.908539
 H 2.503057 0.454033 -4.324545
 H 2.237567 1.864339 -4.115138
 H -5.079738 2.152939 -5.788461
 H -3.494877 2.157392 -5.649196
 H 5.717640 -6.084314 0.013194
 H 5.289606 -6.282497 -1.459994
 H 1.841418 -0.714601 -6.321646
 H 0.967479 0.505824 -6.057043
 H -1.524824 -0.486403 -5.491928
 H -2.754518 0.386498 -5.018044
 H 1.173043 -0.012869 1.879008
 H 1.429067 -0.636828 0.444814
 H 5.418640 -2.785803 -3.676227
 H 6.038748 -1.446146 -3.117026
 H 5.103064 0.621757 -0.920115
 H 5.101868 -0.884440 -1.189431
 H 0.266690 4.865051 4.765297
 H -0.478560 3.707282 4.269547
 H -4.175157 0.683612 -2.973079
 H -5.508387 1.067436 -3.741071
 H 0.065658 -3.924535 -1.232446
 H 0.330975 -2.940196 -0.060090
 H 4.081237 4.796247 -5.772834
 H 4.738098 3.972160 -6.857388
 H 2.468440 6.187245 4.427990
 H 2.840379 7.100151 5.723390
 H -5.650585 4.260848 -2.656931
 H -4.741013 5.480603 -2.606849
 H -0.748855 0.637492 -1.875640
 H -0.848576 1.455993 -3.074087
 H -4.528540 -4.405454 -1.348679
 H -4.086185 -3.618344 -0.146722
 H -3.803116 6.254037 3.054085
 H -2.630224 5.753860 3.836352
 H -2.704502 3.886810 4.319550
 H -2.070850 3.030844 5.397867
 H -2.155093 -2.336086 -1.179422
 H -2.439639 -1.558495 0.201763
 H -2.036621 -1.760841 4.648026
 H -0.761671 -2.418374 5.154271
 H -0.077792 2.534276 4.751298
 H -0.406533 2.755867 6.276464
 H -5.360749 2.536105 1.923467
 H -4.356447 3.638296 2.063202
 H 3.778884 4.817635 -0.868477
 H 3.856350 4.222116 -2.374609
 H 2.502629 -5.934128 -4.776936
 H 2.428168 -5.099148 -3.504293
 H -3.387369 4.211259 -3.980206
 H -2.419749 5.048077 -2.949331
 H 3.919939 1.142357 7.225677
 H 4.026412 0.669097 5.741485
 H -1.764781 0.961966 1.294479
 H -2.873372 0.852414 2.435273
 H 0.610858 -1.224585 -3.220039
 H 0.320851 -1.854133 -4.589298
 H -0.373224 -4.387465 -5.872012
 H 0.947353 -3.719878 -5.456095
 H 6.771405 -6.268366 5.037998
 H 5.735377 -5.350628 4.553771
 H 4.032901 -3.907907 1.097116
 H 3.635202 -3.264030 -0.255777
 H 5.014665 -0.976247 2.266397
 H 5.381632 -0.199969 3.613910
 H 1.842902 4.036150 -5.329596
 H 1.742175 4.727580 -3.972685
 H -0.664474 -6.439798 0.194686
 H -2.165169 -6.573113 0.498042
 H -5.780995 -1.885476 -5.145034
 H -4.497519 -2.285738 -5.983977
 H -3.650594 1.154925 -0.560403
 H -4.813563 2.066907 -0.566818
 H 5.071046 3.364301 -4.399902
 H 4.982138 2.408073 -3.102418
 H 2.913806 -0.365192 -1.402890
 H 1.520375 0.239483 -1.521033
 H -4.887892 -2.337496 0.507409
 H -4.186279 -2.547335 1.885535
 H 1.219307 3.000582 2.101656
 H 1.394475 3.210839 0.529415
K_POINTS
 1
0.0 0.0 0.0 1.0