
&control
    calculation='scf'
    pseudo_dir = './',
    outdir='./outputs',
    disk_io='high'
/
&system
    ibrav= 1, celldm(1)=20.000000, nat=  192, ntyp= 2,
    ecutwfc = 30.0, nosym=.true., occupations='smearing',
    smearing='m-v', degauss=0.025
/
&electrons
    conv_thr =  1.0d-8,
    mixing_beta = 0.7
/
&ions
    pot_extrapolation='second-order'
    wfc_extrapolation='second-order'
    ion_temperature = 'andersen'
    tempw = 1000

/
ATOMIC_SPECIES
 H  1.01  H.blyp-hgh.UPF
 O  16.0  O.blyp-hgh.UPF
ATOMIC_POSITIONS bohr
 O -5.291735 -1.334294 -1.422062
 O 2.961365 -2.642629 5.901035
 O -5.466660 6.249435 -5.475467
 O 1.034097 3.564551 -0.937672
 O -5.082534 1.154155 3.563115
 O -0.149992 6.262789 6.115946
 O -0.836568 -5.395020 -2.533106
 O 2.615024 0.874376 4.475385
 O -2.907896 -6.030228 5.914980
 O 2.595836 -2.537853 3.173301
 O 2.438338 -6.366267 2.860766
 O -3.509172 -3.680291 4.374133
 O -4.737804 -6.682264 0.777064
 O -3.702104 -5.090891 -3.537128
 O 2.781035 -3.336937 -2.110628
 O -1.992101 2.489486 -0.674192
 O -1.369270 -2.990349 2.480933
 O 0.595574 -4.437481 3.492616
 O 4.771546 -4.496787 -4.792204
 O 5.244608 4.863212 2.149578
 O 5.050085 -3.648576 3.469943
 O -2.703053 -2.568015 -3.544681
 O -1.258541 2.977995 -4.482539
 O 4.105359 1.919833 2.458821
 O 2.891406 1.209050 -3.795640
 O -4.292500 2.700406 -5.633569
 O 5.110342 -5.732309 -0.669196
 O 1.360566 -0.283851 -5.587469
 O -1.785007 0.423377 -5.169027
 O 1.170969 -0.851626 1.379049
 O 5.669410 -1.880670 -3.932832
 O 4.605767 -0.186563 -0.721607
 O 0.366440 4.191444 4.044792
 O -4.604432 0.718902 -3.834643
 O 0.630942 -3.798128 -0.436530
 O 4.816499 4.143290 -5.895931
 O 2.522303 6.220782 5.446308
 O -5.490769 5.071013 -2.128437
 O -0.160562 1.222906 -2.399793
 O -3.742228 -3.918372 -1.027500
 O -3.041741 5.650616 2.961519
 O -2.030380 3.188847 4.430965
 O -1.805507 -1.693927 -0.525771
 O -1.353229 -1.660060 5.336878
 O 0.134131 2.231521 5.639641
 O -4.829455 3.139455 1.364210
 O 3.286137 4.384999 -1.584510
 O 1.926319 -5.788083 -4.003997
 O -3.063741 4.335698 -3.065631
 O 4.549560 0.736058 6.589303
 O -1.940261 0.588912 2.197846
 O -0.022784 -1.837413 -3.671041
 O 0.065828 -3.508695 -5.810592
 O 6.388214 -5.982438 4.177782
 O 3.659617 -3.088378 0.716447
 O 5.749311 -0.665889 2.841009
 O 1.673428 3.813340 -4.393351
 O -1.533499 -6.473816 -0.248008
 O -5.295875 -1.737366 -6.000516
 O -4.428349 1.349841 -1.117808
 O 5.061792 3.341899 -3.403712
 O 1.970756 -0.615815 -1.512769
 O -4.860593 -2.949622 1.301323
 O 1.819545 2.783732 1.367928
 H -4.529708 -1.815535 -1.826009
 H -5.132919 -0.400734 -1.129880
 H 3.546969 -2.008399 6.384200
 H 2.932577 -2.190452 5.014729
 H -5.671075 5.337468 -5.185755
 H -4.733559 6.553868 -4.872031
 H 0.521143 2.772474 -1.164254
 H 1.885273 3.523070 -1.460608
 H -5.731997 0.698570 2.956481
 H -5.249901 0.885748 4.479012
 H -0.076952 6.797597 5.287194
 H 0.801265 6.174614 6.347324
 H -1.086822 -5.564774 -1.593563
 H 0.123496 -5.494503 -2.682998
 H 3.288048 1.222721 3.805247
 H 2.156042 1.702833 4.761601
 H -3.606296 -5.931015 6.575346
 H -2.116513 -6.411314 6.355697
 H 1.899332 -1.967910 2.802345
 H 2.959982 -3.093772 2.445478
 H 2.661201 -7.291744 2.609390
 H 1.457867 -6.470947 2.951070
 H -2.833473 -4.329147 4.645501
 H -4.317347 -4.082708 3.989267
 H -4.879045 -7.657582 0.818967
 H -5.009529 -6.619547 -0.164109
 H -3.244306 -4.188100 -3.364279
 H -2.919174 -5.609548 -3.797384
 H 2.260798 -2.534200 -2.356417
 H 2.038781 -3.819229 -1.654958
 H -2.454122 2.349144 -1.519806
 H -1.458718 3.126871 -1.192480
 H -1.843361 -3.439796 1.735149
 H -1.122676 -2.091900 2.220589
 H 1.429952 -4.096520 3.126840
 H -0.162269 -4.088773 2.978110
 H 5.721568 -4.524424 -5.046534
 H 4.344735 -3.740440 -5.250087
 H 5.076045 5.742482 2.576430
 H 6.211054 4.776490 2.348268
 H 5.698788 -2.923583 3.378295
 H 4.379770 -3.344134 4.111611
 H -1.769866 -2.374582 -3.829924
 H -3.294761 -2.126186 -4.184590
 H -0.457602 3.315353 -4.011422
 H -1.182517 1.993784 -4.689919
 H 4.767737 2.544675 2.826563
 H 3.530834 2.519680 1.902234
 H 2.503324 0.454575 -4.323205
 H 2.237868 1.864658 -4.112931
 H -5.080847 2.155650 -5.794766
 H -3.497157 2.155339 -5.645034
 H 5.713734 -6.085744 0.018050
 H 5.295903 -6.279735 -1.459385
 H 1.835729 -0.714927 -6.322943
 H 0.971901 0.510136 -6.055809
 H -1.527598 -0.485211 -5.490436
 H -2.755772 0.386701 -5.017189
 H 1.175485 -0.013651 1.879516
 H 1.433827 -0.638404 0.447229
 H 5.422991 -2.788719 -3.679856
 H 6.030384 -1.441673 -3.117550
 H 5.102356 0.620303 -0.919341
 H 5.098693 -0.882576 -1.191912
 H 0.272406 4.865210 4.765847
 H -0.473594 3.707034 4.272376
 H -4.179964 0.684783 -2.967511
 H -5.508883 1.066580 -3.748620
 H 0.057097 -3.922323 -1.230649
 H 0.329222 -2.942700 -0.056361
 H 4.084609 4.797059 -5.776004
 H 4.745191 3.970817 -6.860538
 H 2.470053 6.193802 4.431638
 H 2.843930 7.103615 5.721427
 H -5.651369 4.258887 -2.655737
 H -4.735405 5.477250 -2.605169
 H -0.752695 0.637371 -1.879933
 H -0.848934 1.464331 -3.070757
 H -4.532172 -4.396549 -1.354392
 H -4.086671 -3.621984 -0.149461
 H -3.801985 6.253860 3.051106
 H -2.630024 5.758538 3.836031
 H -2.706226 3.887800 4.320134
 H -2.075730 3.025412 5.394861
 H -2.150576 -2.337732 -1.179444
 H -2.441757 -1.554401 0.197656
 H -2.034762 -1.762031 4.646544
 H -0.758634 -2.416597 5.156335
 H -0.075199 2.542935 4.753914
 H -0.409572 2.747051 6.281625
 H -5.358913 2.532258 1.923896
 H -4.363928 3.639102 2.066148
 H 3.778542 4.818938 -0.869138
 H 3.863169 4.221777 -2.372003
 H 2.503361 -5.933676 -4.774730
 H 2.427777 -5.101639 -3.502968
 H -3.391894 4.215486 -3.980593
 H -2.426410 5.053849 -2.950710
 H 3.922417 1.139183 7.229418
 H 4.028919 0.672182 5.742515
 H -1.767317 0.950346 1.291081
 H -2.871929 0.849558 2.433072
 H 0.616803 -1.231818 -3.218703
 H 0.322524 -1.851001 -4.590429
 H -0.371226 -4.389993 -5.863853
 H 0.948781 -3.715879 -5.454924
 H 6.770737 -6.270323 5.037028
 H 5.732341 -5.355730 4.553359
 H 4.030722 -3.909196 1.096350
 H 3.632647 -3.262850 -0.252442
 H 5.015918 -0.976989 2.270284
 H 5.383843 -0.196667 3.611210
 H 1.843755 4.034425 -5.330459
 H 1.733133 4.727943 -3.968004
 H -0.667421 -6.443200 0.202426
 H -2.171952 -6.577451 0.494694
 H -5.779406 -1.884921 -5.146672
 H -4.496368 -2.284725 -5.985339
 H -3.650817 1.153549 -0.558362
 H -4.808798 2.070445 -0.567368
 H 5.065186 3.363355 -4.404382
 H 4.984513 2.414863 -3.100179
 H 2.911447 -0.366170 -1.404143
 H 1.518219 0.239505 -1.524684
 H -4.886817 -2.350286 0.505165
 H -4.184279 -2.545570 1.884645
 H 1.218895 3.005394 2.103317
 H 1.397115 3.216712 0.532565
K_POINTS
 1
0.0 0.0 0.0 1.0