
&control
    calculation='scf'
    pseudo_dir = './',
    outdir='./outputs',
    disk_io='high'
/
&system
    ibrav= 1, celldm(1)=20.000000, nat=  192, ntyp= 2,
    ecutwfc = 30.0, nosym=.true., occupations='smearing',
    smearing='m-v', degauss=0.025
/
&electrons
    conv_thr =  1.0d-8,
    mixing_beta = 0.7
/
&ions
    pot_extrapolation='second-order'
    wfc_extrapolation='second-order'
    ion_temperature = 'andersen'
    tempw = 1000

/
ATOMIC_SPECIES
 H  1.01  H.blyp-hgh.UPF
 O  16.0  O.blyp-hgh.UPF
ATOMIC_POSITIONS bohr
 O -5.291202 -1.335026 -1.421280
 O 2.959739 -2.643394 5.902396
 O -5.466943 6.250769 -5.474876
 O 1.035483 3.563244 -0.937877
 O -5.082920 1.155163 3.561810
 O -0.152121 6.262596 6.115518
 O -0.837418 -5.394892 -2.533230
 O 2.616822 0.875726 4.475392
 O -2.906355 -6.032474 5.915100
 O 2.594526 -2.538504 3.174647
 O 2.437325 -6.366657 2.858468
 O -3.508251 -3.681111 4.372980
 O -4.738494 -6.684148 0.778114
 O -3.704561 -5.090290 -3.537009
 O 2.780513 -3.338213 -2.110462
 O -1.993067 2.492075 -0.675357
 O -1.370450 -2.990798 2.478904
 O 0.596748 -4.439149 3.492906
 O 4.771629 -4.496339 -4.792615
 O 5.245718 4.861750 2.149337
 O 5.051099 -3.650068 3.470242
 O -2.701843 -2.566484 -3.542935
 O -1.259227 2.978688 -4.482517
 O 4.105486 1.918256 2.458414
 O 2.891507 1.208734 -3.794654
 O -4.294132 2.701555 -5.631450
 O 5.110069 -5.732133 -0.667838
 O 1.357379 -0.284173 -5.588305
 O -1.786106 0.425418 -5.168465
 O 1.169721 -0.853049 1.380803
 O 5.670589 -1.882149 -3.933740
 O 4.604572 -0.186324 -0.724035
 O 0.367004 4.191248 4.045590
 O -4.603244 0.719245 -3.831983
 O 0.627798 -3.798003 -0.438526
 O 4.818810 4.142961 -5.898660
 O 2.525594 6.222315 5.448052
 O -5.490024 5.071528 -2.132432
 O -0.159286 1.221978 -2.401166
 O -3.742761 -3.918682 -1.028416
 O -3.041591 5.650276 2.962028
 O -2.032249 3.190230 4.429210
 O -1.803732 -1.695711 -0.525303
 O -1.353501 -1.660435 5.336776
 O 0.133185 2.231133 5.640588
 O -4.829886 3.137352 1.365704
 O 3.287418 4.386583 -1.585998
 O 1.922614 -5.788211 -4.003800
 O -3.064123 4.335416 -3.066416
 O 4.551611 0.736736 6.589680
 O -1.938034 0.591821 2.198217
 O -0.022484 -1.835958 -3.672843
 O 0.066213 -3.508948 -5.812000
 O 6.390252 -5.981706 4.175961
 O 3.658821 -3.086587 0.720058
 O 5.752009 -0.667061 2.841868
 O 1.672969 3.813051 -4.393533
 O -1.533424 -6.477317 -0.246140
 O -5.295631 -1.737004 -6.001760
 O -4.426669 1.351477 -1.117356
 O 5.063854 3.345833 -3.406971
 O 1.968366 -0.616486 -1.513303
 O -4.860088 -2.953017 1.305462
 O 1.819047 2.784634 1.369732
 H -4.526406 -1.820115 -1.813699
 H -5.137289 -0.400307 -1.131698
 H 3.538330 -2.001435 6.384965
 H 2.924026 -2.190457 5.016949
 H -5.668518 5.339310 -5.181859
 H -4.731223 6.554930 -4.876823
 H 0.523282 2.769103 -1.157887
 H 1.884885 3.518700 -1.462478
 H -5.735358 0.705735 2.955118
 H -5.246516 0.889730 4.477652
 H -0.076479 6.799716 5.287345
 H 0.798478 6.177086 6.350725
 H -1.082768 -5.565534 -1.592612
 H 0.123653 -5.488234 -2.681160
 H 3.285515 1.224384 3.800272
 H 2.158048 1.704838 4.760895
 H -3.608782 -5.937998 6.572136
 H -2.115627 -6.413870 6.355703
 H 1.899584 -1.965996 2.804609
 H 2.959058 -3.084609 2.438569
 H 2.660576 -7.293029 2.612385
 H 1.456552 -6.467053 2.950866
 H -2.831995 -4.325120 4.645372
 H -4.314211 -4.080628 3.981416
 H -4.882833 -7.658221 0.817863
 H -5.006853 -6.625978 -0.165238
 H -3.238788 -4.192868 -3.360574
 H -2.920602 -5.609954 -3.794179
 H 2.264518 -2.534412 -2.357027
 H 2.036805 -3.818605 -1.656933
 H -2.453107 2.347860 -1.520159
 H -1.453609 3.124867 -1.192482
 H -1.849469 -3.437653 1.731227
 H -1.117673 -2.094354 2.220877
 H 1.430078 -4.093911 3.126661
 H -0.160167 -4.089601 2.976634
 H 5.723292 -4.523951 -5.039775
 H 4.338060 -3.745192 -5.253276
 H 5.071483 5.740615 2.575640
 H 6.213257 4.781618 2.350450
 H 5.700524 -2.926275 3.377260
 H 4.382745 -3.348010 4.115138
 H -1.769895 -2.371842 -3.830100
 H -3.293278 -2.125905 -4.183892
 H -0.458709 3.317792 -4.012571
 H -1.175886 1.996250 -4.692957
 H 4.766249 2.547315 2.821915
 H 3.531727 2.513705 1.895976
 H 2.503638 0.455034 -4.321743
 H 2.238227 1.865215 -4.110570
 H -5.081869 2.158268 -5.801055
 H -3.499485 2.153123 -5.640846
 H 5.709773 -6.087173 0.022916
 H 5.302308 -6.276938 -1.458768
 H 1.830035 -0.715292 -6.324211
 H 0.976298 0.514317 -6.054463
 H -1.530372 -0.483849 -5.489036
 H -2.756980 0.386838 -5.016308
 H 1.177934 -0.014406 1.879946
 H 1.438631 -0.640033 0.449738
 H 5.427285 -2.791711 -3.683415
 H 6.022006 -1.437325 -3.118189
 H 5.101646 0.618932 -0.918560
 H 5.095566 -0.880787 -1.194356
 H 0.278253 4.865358 4.766330
 H -0.468798 3.707048 4.274868
 H -4.184899 0.686063 -2.961817
 H -5.509304 1.065714 -3.756104
 H 0.048505 -3.920082 -1.228752
 H 0.327518 -2.945256 -0.052679
 H 4.088102 4.797833 -5.779177
 H 4.752365 3.969434 -6.863593
 H 2.471781 6.200390 4.435318
 H 2.847486 7.107076 5.719319
 H -5.652252 4.256940 -2.654464
 H -4.729767 5.473889 -2.603382
 H -0.756399 0.637202 -1.884099
 H -0.849067 1.472710 -3.067435
 H -4.535706 -4.387674 -1.360184
 H -4.087055 -3.625753 -0.152149
 H -3.800950 6.253681 3.048032
 H -2.629768 5.763254 3.835781
 H -2.707967 3.888792 4.320607
 H -2.080663 3.019913 5.391803
 H -2.146185 -2.339371 -1.179390
 H -2.443898 -1.550380 0.193469
 H -2.032950 -1.763194 4.645080
 H -0.755542 -2.414804 5.158539
 H -0.072520 2.551406 4.756538
 H -0.412516 2.738220 6.286779
 H -5.357084 2.528391 1.924301
 H -4.371227 3.639871 2.069069
 H 3.778274 4.820308 -0.869808
 H 3.870066 4.221438 -2.369273
 H 2.504134 -5.933213 -4.772545
 H 2.427387 -5.104135 -3.501585
 H -3.396206 4.219735 -3.980954
 H -2.432980 5.059693 -2.952208
 H 3.924877 1.136013 7.233241
 H 4.031431 0.675331 5.743718
 H -1.769916 0.938718 1.287883
 H -2.870264 0.846695 2.430837
 H 0.622569 -1.239094 -3.217379
 H 0.324125 -1.847871 -4.591534
 H -0.369173 -4.392438 -5.855585
 H 0.950209 -3.711880 -5.453788
 H 6.770154 -6.272355 5.036040
 H 5.729304 -5.360727 4.552713
 H 4.028625 -3.910470 1.095496
 H 3.630017 -3.261671 -0.249089
 H 5.017124 -0.977658 2.274206
 H 5.385876 -0.193494 3.608485
 H 1.844558 4.032603 -5.331335
 H 1.724085 4.728058 -3.963331
 H -0.670367 -6.446630 0.210155
 H -2.178780 -6.581749 0.491257
 H -5.777819 -1.884305 -5.148295
 H -4.495194 -2.283785 -5.986792
 H -3.650989 1.152139 -0.556347
 H -4.804057 2.074047 -0.567983
 H 5.059249 3.362346 -4.408745
 H 4.986782 2.421717 -3.098069
 H 2.909235 -0.367149 -1.405350
 H 1.515997 0.239628 -1.528476
 H -4.885903 -2.363063 0.503111
 H -4.182324 -2.543829 1.883790
 H 1.218492 3.010215 2.105005
 H 1.399912 3.222493 0.535787
K_POINTS
 1
0.0 0.0 0.0 1.0