
&control
    calculation='scf'
    pseudo_dir = './',
    outdir='./outputs',
    disk_io='high'
/
&system
    ibrav= 1, celldm(1)=20.000000, nat=  192, ntyp= 2,
    ecutwfc = 30.0, nosym=.true., occupations='smearing',
    smearing='m-v', degauss=0.025
/
&electrons
    conv_thr =  1.0d-8,
    mixing_beta = 0.7
/
&ions
    pot_extrapolation='second-order'
    wfc_extrapolation='second-order'
    ion_temperature = 'andersen'
    tempw = 1000

/
ATOMIC_SPECIES
 H  1.01  H.blyp-hgh.UPF
 O  16.0  O.blyp-hgh.UPF
ATOMIC_POSITIONS bohr
 O -5.290693 -1.335774 -1.420489
 O 2.958143 -2.644122 5.903762
 O -5.467210 6.252099 -5.474275
 O 1.036849 3.561936 -0.938086
 O -5.083293 1.156210 3.560476
 O -0.154259 6.262394 6.115068
 O -0.838270 -5.394747 -2.533378
 O 2.618637 0.877101 4.475392
 O -2.904774 -6.034733 5.915200
 O 2.593221 -2.539170 3.176020
 O 2.436291 -6.367080 2.856167
 O -3.507343 -3.681891 4.371819
 O -4.739191 -6.686038 0.779133
 O -3.707000 -5.089679 -3.536903
 O 2.779968 -3.339500 -2.110311
 O -1.994025 2.494677 -0.676557
 O -1.371658 -2.991280 2.476858
 O 0.597909 -4.440865 3.493220
 O 4.771703 -4.495883 -4.793020
 O 5.246837 4.860299 2.149115
 O 5.052115 -3.651577 3.470548
 O -2.700639 -2.564950 -3.541191
 O -1.259905 2.979365 -4.482508
 O 4.105635 1.916701 2.458012
 O 2.891588 1.208407 -3.793690
 O -4.295769 2.702755 -5.629346
 O 5.109788 -5.731955 -0.666474
 O 1.354184 -0.284470 -5.589155
 O -1.787225 0.427450 -5.167893
 O 1.168463 -0.854470 1.382556
 O 5.671759 -1.883613 -3.934617
 O 4.603364 -0.186085 -0.726463
 O 0.367575 4.191088 4.046384
 O -4.602046 0.719564 -3.829351
 O 0.624640 -3.797881 -0.440533
 O 4.821100 4.142649 -5.901412
 O 2.528895 6.223848 5.449832
 O -5.489286 5.072049 -2.136434
 O -0.158049 1.221039 -2.402542
 O -3.743314 -3.918986 -1.029330
 O -3.041438 5.649928 2.962541
 O -2.034139 3.191616 4.427474
 O -1.801938 -1.697478 -0.524837
 O -1.353780 -1.660806 5.336663
 O 0.132264 2.230701 5.641579
 O -4.830321 3.135235 1.367216
 O 3.288698 4.388158 -1.587511
 O 1.918918 -5.788331 -4.003601
 O -3.064534 4.335122 -3.067185
 O 4.553680 0.737407 6.590021
 O -1.935828 0.594727 2.198568
 O -0.022160 -1.834497 -3.674634
 O 0.066598 -3.509207 -5.813409
 O 6.392294 -5.980973 4.174171
 O 3.658036 -3.084807 0.723671
 O 5.754708 -0.668251 2.842717
 O 1.672508 3.812805 -4.393708
 O -1.533345 -6.480825 -0.244243
 O -5.295371 -1.736638 -6.003029
 O -4.424997 1.353105 -1.116874
 O 5.065936 3.349762 -3.410230
 O 1.965960 -0.617166 -1.513823
 O -4.859570 -2.956393 1.309582
 O 1.818536 2.785551 1.371539
 H -4.523087 -1.824518 -1.801305
 H -5.141433 -0.399969 -1.133652
 H 3.529644 -1.994553 6.385767
 H 2.915379 -2.190700 5.019099
 H -5.666026 5.341174 -5.177993
 H -4.729113 6.556093 -4.881435
 H 0.525379 2.765608 -1.151621
 H 1.884493 3.514473 -1.464219
 H -5.738587 0.712784 2.953941
 H -5.243173 0.893622 4.476315
 H -0.075984 6.801824 5.287476
 H 0.795707 6.179568 6.354117
 H -1.078701 -5.566408 -1.591647
 H 0.123737 -5.482044 -2.679289
 H 3.282796 1.226013 3.795260
 H 2.160072 1.706685 4.760183
 H -3.611291 -5.945002 6.568854
 H -2.114753 -6.416358 6.355700
 H 1.899841 -1.964032 2.806665
 H 2.958118 -3.075185 2.431590
 H 2.660061 -7.294255 2.615355
 H 1.455265 -6.462998 2.950587
 H -2.830698 -4.321225 4.645223
 H -4.310926 -4.078683 3.973693
 H -4.886598 -7.658837 0.816845
 H -5.004068 -6.632269 -0.166418
 H -3.233444 -4.197745 -3.356962
 H -2.921973 -5.610361 -3.790888
 H 2.268375 -2.534609 -2.357616
 H 2.034960 -3.817920 -1.658778
 H -2.452483 2.346369 -1.520513
 H -1.448220 3.123086 -1.192132
 H -1.855428 -3.435304 1.727447
 H -1.112620 -2.096690 2.221031
 H 1.430163 -4.091182 3.126503
 H -0.158024 -4.090278 2.975111
 H 5.724885 -4.523529 -5.033087
 H 4.331499 -3.750017 -5.256501
 H 5.066945 5.738575 2.574795
 H 6.215218 4.786791 2.352553
 H 5.702218 -2.928937 3.376241
 H 4.385769 -3.351811 4.118630
 H -1.769918 -2.369081 -3.830195
 H -3.291749 -2.125620 -4.183192
 H -0.459834 3.320127 -4.013862
 H -1.169237 1.998835 -4.695954
 H 4.764721 2.549943 2.817215
 H 3.532510 2.507586 1.889768
 H 2.503996 0.455402 -4.320163
 H 2.238644 1.866010 -4.108055
 H -5.082805 2.160795 -5.807329
 H -3.501873 2.150756 -5.636631
 H 5.705753 -6.088599 0.027785
 H 5.308819 -6.274106 -1.458138
 H 1.824339 -0.715700 -6.325461
 H 0.980666 0.518369 -6.053010
 H -1.533140 -0.482317 -5.487727
 H -2.758139 0.386912 -5.015398
 H 1.180390 -0.015131 1.880301
 H 1.443473 -0.641720 0.452348
 H 5.431521 -2.794778 -3.686900
 H 6.013622 -1.433108 -3.118941
 H 5.100945 0.617664 -0.917779
 H 5.092498 -0.879095 -1.196776
 H 0.284226 4.865498 4.766748
 H -0.464204 3.707319 4.277029
 H -4.189966 0.687454 -2.955999
 H -5.509648 1.064836 -3.763519
 H 0.039885 -3.917810 -1.226758
 H 0.325860 -2.947859 -0.049043
 H 4.091715 4.798570 -5.782359
 H 4.759614 3.968014 -6.866549
 H 2.473619 6.207001 4.439016
 H 2.851043 7.110523 5.717073
 H -5.653230 4.255005 -2.653122
 H -4.724096 5.470516 -2.601496
 H -0.759954 0.636986 -1.888144
 H -0.848972 1.481132 -3.064124
 H -4.539146 -4.378837 -1.366059
 H -4.087344 -3.629645 -0.154759
 H -3.800017 6.253508 3.044862
 H -2.629455 5.768006 3.835605
 H -2.709728 3.889790 4.320968
 H -2.085647 3.014348 5.388691
 H -2.141926 -2.341007 -1.179266
 H -2.446062 -1.546436 0.189201
 H -2.031188 -1.764334 4.643632
 H -0.752400 -2.412997 5.160880
 H -0.069752 2.559684 4.759182
 H -0.415369 2.729385 6.291924
 H -5.355266 2.524499 1.924685
 H -4.378337 3.640611 2.071970
 H 3.778078 4.821750 -0.870482
 H 3.877035 4.221097 -2.366423
 H 2.504939 -5.932742 -4.770374
 H 2.426993 -5.106640 -3.500145
 H -3.400307 4.224005 -3.981283
 H -2.439461 5.065602 -2.953822
 H 3.927322 1.132844 7.237140
 H 4.033939 0.678543 5.745084
 H -1.772571 0.927096 1.284857
 H -2.868392 0.843832 2.428572
 H 0.628157 -1.246408 -3.216064
 H 0.325653 -1.844741 -4.592616
 H -0.367064 -4.394792 -5.847211
 H 0.951628 -3.707878 -5.452691
 H 6.769657 -6.274459 5.035027
 H 5.726271 -5.365619 4.551832
 H 4.026610 -3.911726 1.094557
 H 3.627307 -3.260487 -0.245716
 H 5.018276 -0.978262 2.278156
 H 5.387733 -0.190448 3.605743
 H 1.845312 4.030690 -5.332210
 H 1.715039 4.727911 -3.958688
 H -0.673315 -6.450089 0.217873
 H -2.185644 -6.586007 0.487727
 H -5.776239 -1.883629 -5.149893
 H -4.494002 -2.282916 -5.988334
 H -3.651111 1.150694 -0.554358
 H -4.799343 2.077715 -0.568662
 H 5.053239 3.361276 -4.412981
 H 4.988943 2.428621 -3.096086
 H 2.907170 -0.368130 -1.406510
 H 1.513711 0.239847 -1.532406
 H -4.885151 -2.375815 0.501244
 H -4.180415 -2.542111 1.882968
 H 1.218106 3.015041 2.106715
 H 1.402865 3.228177 0.539080
K_POINTS
 1
0.0 0.0 0.0 1.0