
&control
    calculation='scf'
    pseudo_dir = './',
    outdir='./outputs',
    disk_io='high'
/
&system
    ibrav= 1, celldm(1)=20.000000, nat=  192, ntyp= 2,
    ecutwfc = 30.0, nosym=.true., occupations='smearing',
    smearing='m-v', degauss=0.025
/
&electrons
    conv_thr =  1.0d-8,
    mixing_beta = 0.7
/
&ions
    pot_extrapolation='second-order'
    wfc_extrapolation='second-order'
    ion_temperature = 'andersen'
    tempw = 1000

/
ATOMIC_SPECIES
 H  1.01  H.blyp-hgh.UPF
 O  16.0  O.blyp-hgh.UPF
ATOMIC_POSITIONS bohr
 O -5.289752 -1.337317 -1.418877
 O 2.955039 -2.645460 5.906516
 O -5.467704 6.254746 -5.473052
 O 1.039517 3.559319 -0.938519
 O -5.083991 1.158428 3.557713
 O -0.158556 6.261969 6.114095
 O -0.839978 -5.394407 -2.533744
 O 2.622316 0.879926 4.475368
 O -2.901500 -6.039287 5.915337
 O 2.590621 -2.540543 3.178839
 O 2.434165 -6.368017 2.851561
 O -3.505579 -3.683319 4.369467
 O -4.740609 -6.689832 0.781066
 O -3.711814 -5.088426 -3.536725
 O 2.778818 -3.342111 -2.110055
 O -1.995913 2.499919 -0.679054
 O -1.374166 -2.992355 2.472710
 O 0.600192 -4.444438 3.493917
 O 4.771818 -4.494952 -4.793803
 O 5.249105 4.857433 2.148733
 O 5.054148 -3.654648 3.471180
 O -2.698251 -2.561871 -3.537710
 O -1.261234 2.980669 -4.482532
 O 4.106000 1.913659 2.457220
 O 2.891694 1.207725 -3.791826
 O -4.299055 2.705300 -5.625180
 O 5.109207 -5.731600 -0.663730
 O 1.347773 -0.284987 -5.590900
 O -1.789522 0.431488 -5.166725
 O 1.165918 -0.857299 1.386056
 O 5.674070 -1.886497 -3.936284
 O 4.600901 -0.185608 -0.731308
 O 0.368760 4.190878 4.047951
 O -4.599619 0.720132 -3.824171
 O 0.618283 -3.797645 -0.444580
 O 4.825619 4.142076 -5.906980
 O 2.535529 6.226923 5.453507
 O -5.487840 5.073113 -2.144447
 O -0.155699 1.219126 -2.405298
 O -3.744475 -3.919579 -1.031162
 O -3.041121 5.649202 2.963578
 O -2.037981 3.194395 4.424061
 O -1.798287 -1.700955 -0.523909
 O -1.354356 -1.661539 5.336401
 O 0.130501 2.229702 5.643689
 O -4.831208 3.130959 1.370288
 O 3.291261 4.391284 -1.590612
 O 1.911562 -5.788539 -4.003205
 O -3.065431 4.334499 -3.068678
 O 4.557876 0.738728 6.590603
 O -1.931474 0.600523 2.199228
 O -0.021438 -1.831558 -3.678182
 O 0.067372 -3.509748 -5.816227
 O 6.396387 -5.979510 4.170686
 O 3.656505 -3.081286 0.730899
 O 5.760110 -0.670685 2.844389
 O 1.671582 3.812447 -4.394031
 O -1.533180 -6.487866 -0.240367
 O -5.294802 -1.735896 -6.005642
 O -4.421676 1.356336 -1.115820
 O 5.070159 3.357607 -3.416752
 O 1.961096 -0.618551 -1.514825
 O -4.858489 -2.963090 1.317773
 O 1.817475 2.787433 1.375160
 H -4.516376 -1.832793 -1.776301
 H -5.149021 -0.399559 -1.137946
 H 3.512128 -1.981070 6.387474
 H 2.897818 -2.191910 5.023179
 H -5.661247 5.344966 -5.170354
 H -4.725532 6.558754 -4.890082
 H 0.529443 2.758249 -1.139385
 H 1.883709 3.506448 -1.467323
 H -5.744672 0.726504 2.952148
 H -5.236640 0.901104 4.473768
 H -0.074943 6.805981 5.287709
 H 0.790205 6.184557 6.360885
 H -1.070554 -5.568499 -1.589681
 H 0.123687 -5.469905 -2.675470
 H 3.276807 1.229161 3.785141
 H 2.164164 1.709903 4.758743
 H -3.616360 -5.959085 6.562057
 H -2.113029 -6.421143 6.355688
 H 1.900360 -1.959938 2.810180
 H 2.956205 -3.055561 2.417455
 H 2.659339 -7.296548 2.621219
 H 1.452786 -6.454425 2.949800
 H -2.828561 -4.313933 4.644891
 H -4.303913 -4.075225 3.958635
 H -4.894055 -7.660059 0.815107
 H -4.998166 -6.644390 -0.168904
 H -3.223316 -4.207773 -3.350016
 H -2.924581 -5.611198 -3.784065
 H 2.276463 -2.534919 -2.358740
 H 2.031629 -3.816383 -1.662058
 H -2.452406 2.342788 -1.521250
 H -1.436631 3.120175 -1.190392
 H -1.866833 -3.429945 1.720394
 H -1.102365 -2.100977 2.220912
 H 1.430200 -4.085379 3.126282
 H -0.153618 -4.091210 2.971949
 H 5.727677 -4.522809 -5.019965
 H 4.318775 -3.759873 -5.263064
 H 5.057943 5.733968 2.572936
 H 6.218379 4.797264 2.356516
 H 5.705485 -2.934155 3.374259
 H 4.391972 -3.359172 4.125501
 H -1.769927 -2.363502 -3.830136
 H -3.288573 -2.125037 -4.181782
 H -0.462121 3.324509 -4.016863
 H -1.155919 2.004332 -4.701809
 H 4.761552 2.555165 2.807666
 H 3.533745 2.494918 1.877523
 H 2.504819 0.455843 -4.316669
 H 2.239647 1.868309 -4.102570
 H -5.084424 2.165591 -5.819827
 H -3.506884 2.145627 -5.628114
 H 5.697526 -6.091424 0.037503
 H 5.322150 -6.268325 -1.456826
 H 1.812961 -0.716659 -6.327934
 H 0.989288 0.526096 -6.049796
 H -1.538642 -0.478743 -5.485390
 H -2.760309 0.386891 -5.013481
 H 1.185312 -0.016494 1.880807
 H 1.453249 -0.645283 0.457892
 H 5.439819 -2.801118 -3.693634
 H 5.996855 -1.425090 -3.120764
 H 5.099618 0.615513 -0.916224
 H 5.086593 -0.876079 -1.201586
 H 0.296530 4.865757 4.767408
 H -0.455761 3.708595 4.280385
 H -4.200509 0.690571 -2.944001
 H -5.510087 1.063044 -3.778137
 H 0.022566 -3.913179 -1.222489
 H 0.322676 -2.953175 -0.041900
 H 4.099284 4.799938 -5.788767
 H 4.774321 3.965076 -6.872152
 H 2.477601 6.220251 4.446407
 H 2.858145 7.117341 5.712195
 H -5.655462 4.251170 -2.650262
 H -4.712646 5.463724 -2.597456
 H -0.766578 0.636428 -1.895893
 H -0.848098 1.498109 -3.057552
 H -4.545753 -4.361293 -1.378068
 H -4.087654 -3.637769 -0.159630
 H -3.798493 6.253202 3.038244
 H -2.628661 5.777613 3.835474
 H -2.713329 3.891836 4.321356
 H -2.095765 3.003026 5.382292
 H -2.133827 -2.344281 -1.178836
 H -2.450459 -1.538783 0.180421
 H -2.027818 -1.766552 4.640763
 H -0.745974 -2.409346 5.165969
 H -0.063934 2.575637 4.764583
 H -0.420820 2.711742 6.302169
 H -5.351688 2.516611 1.925405
 H -4.391965 3.642024 2.077733
 H 3.777905 4.824854 -0.871821
 H 3.891162 4.220419 -2.360372
 H 2.506599 -5.931789 -4.766044
 H 2.426156 -5.111692 -3.497091
 H -3.407883 4.232598 -3.981838
 H -2.452180 5.077591 -2.957381
 H 3.932175 1.126507 7.245143
 H 4.038914 0.685151 5.748260
 H -1.778015 0.903931 1.279210
 H -2.864105 0.838127 2.423972
 H 0.638804 -1.261128 -3.213442
 H 0.328482 -1.838481 -4.594723
 H -0.362678 -4.399196 -5.830162
 H 0.954394 -3.699848 -5.450635
 H 6.768917 -6.278867 5.032901
 H 5.720230 -5.375087 4.549359
 H 4.022820 -3.914165 1.092448
 H 3.621643 -3.258078 -0.238907
 H 5.020402 -0.979292 2.286101
 H 5.390925 -0.184722 3.600242
 H 1.846665 4.026622 -5.333911
 H 1.696976 4.726775 -3.949569
 H -0.679228 -6.457093 0.233283
 H -2.199444 -6.594397 0.480379
 H -5.773116 -1.882098 -5.152984
 H -4.491590 -2.281371 -5.991689
 H -3.651209 1.147697 -0.550464
 H -4.790004 2.085265 -0.570204
 H 5.041017 3.358966 -4.421040
 H 4.992944 2.442518 -3.092482
 H 2.903462 -0.370091 -1.408695
 H 1.508968 0.240526 -1.540682
 H -4.884144 -2.401205 0.498064
 H -4.176749 -2.538746 1.881412
 H 1.217411 3.024693 2.110178
 H 1.409230 3.239239 0.545863
K_POINTS
 1
0.0 0.0 0.0 1.0