
&control
    calculation='scf'
    pseudo_dir = './',
    outdir='./outputs',
    disk_io='high'
/
&system
    ibrav= 1, celldm(1)=20.000000, nat=  192, ntyp= 2,
    ecutwfc = 30.0, nosym=.true., occupations='smearing',
    smearing='m-v', degauss=0.025
/
&electrons
    conv_thr =  1.0d-8,
    mixing_beta = 0.7
/
&ions
    pot_extrapolation='second-order'
    wfc_extrapolation='second-order'
    ion_temperature = 'andersen'
    tempw = 1000

/
ATOMIC_SPECIES
 H  1.01  H.blyp-hgh.UPF
 O  16.0  O.blyp-hgh.UPF
ATOMIC_POSITIONS bohr
 O -5.288205 -1.340601 -1.415533
 O 2.949183 -2.647651 5.912126
 O -5.468556 6.259965 -5.470547
 O 1.044589 3.554068 -0.939436
 O -5.085156 1.163408 3.551771
 O -0.167192 6.261056 6.111835
 O -0.843402 -5.393534 -2.534715
 O 2.629866 0.885876 4.475214
 O -2.894540 -6.048525 5.915356
 O 2.585441 -2.543457 3.184691
 O 2.429696 -6.370223 2.842340
 O -3.502317 -3.685544 4.364638
 O -4.743549 -6.697463 0.784458
 O -3.721127 -5.085828 -3.536500
 O 2.776343 -3.347496 -2.109729
 O -1.999561 2.510552 -0.684416
 O -1.379574 -2.994976 2.464156
 O 0.604613 -4.452097 3.495518
 O 4.771871 -4.493040 -4.795234
 O 5.253771 4.851849 2.148210
 O 5.058207 -3.661021 3.472515
 O -2.693545 -2.555672 -3.530778
 O -1.263787 2.983073 -4.482735
 O 4.106988 1.907844 2.455653
 O 2.891697 1.206274 -3.788336
 O -4.305625 2.710899 -5.617027
 O 5.107996 -5.730910 -0.658166
 O 1.334887 -0.285712 -5.594525
 O -1.794367 0.439449 -5.164293
 O 1.160741 -0.862895 1.392996
 O 5.678556 -1.892103 -3.939302
 O 4.595708 -0.184655 -0.740911
 O 0.371410 4.190938 4.050950
 O -4.594639 0.720988 -3.814143
 O 0.605410 -3.797230 -0.452809
 O 4.834450 4.141106 -5.918355
 O 2.548943 6.233158 5.461312
 O -5.485088 5.075350 -2.160460
 O -0.151523 1.215142 -2.410796
 O -3.746991 -3.920719 -1.034934
 O -3.040417 5.647629 2.965709
 O -2.045884 3.199956 4.417473
 O -1.790724 -1.707674 -0.522039
 O -1.355567 -1.662954 5.335762
 O 0.127297 2.227151 5.648382
 O -4.833039 3.122256 1.376600
 O 3.296416 4.397431 -1.597110
 O 1.897062 -5.788810 -4.002443
 O -3.067488 4.333164 -3.071505
 O 4.566511 0.741306 6.591451
 O -1.922938 0.611994 2.200445
 O -0.019708 -1.825636 -3.685131
 O 0.068975 -3.510965 -5.821838
 O 6.404608 -5.976609 4.164127
 O 3.653605 -3.074435 0.745336
 O 5.770927 -0.675752 2.847633
 O 1.669693 3.812268 -4.394547
 O -1.532843 -6.502035 -0.232281
 O -5.293425 -1.734375 -6.011200
 O -4.415120 1.362687 -1.113348
 O 5.078825 3.373289 -3.429841
 O 1.951176 -0.621374 -1.516665
 O -4.856145 -2.976294 1.333974
 O 1.815179 2.791403 1.382472
 H -4.502588 -1.847200 -1.725652
 H -5.161254 -0.399761 -1.147901
 H 3.476544 -1.955440 6.391233
 H 2.861773 -2.197264 5.030378
 H -5.652576 5.352745 -5.155441
 H -4.720668 6.565624 -4.904810
 H 0.537139 2.742155 -1.116057
 H 1.882246 3.492112 -1.472095
 H -5.755511 0.752208 2.950787
 H -5.224367 0.914683 4.469500
 H -0.072746 6.813939 5.288305
 H 0.779234 6.194602 6.374388
 H -1.054356 -5.574064 -1.585672
 H 0.122744 -5.446572 -2.667699
 H 3.262745 1.234945 3.764659
 H 2.172455 1.714460 4.755848
 H -3.626542 -5.987642 6.547416
 H -2.109562 -6.430047 6.355769
 H 1.901433 -1.951058 2.815088
 H 2.952329 -3.013295 2.388803
 H 2.658950 -7.300612 2.632612
 H 1.448288 -6.435551 2.947279
 H -2.825541 -4.302002 4.644247
 H -4.288188 -4.070196 3.930063
 H -4.908669 -7.662866 0.813082
 H -4.985021 -6.666555 -0.174202
 H -3.205524 -4.228526 -3.337212
 H -2.929513 -5.613064 -3.769559
 H 2.293894 -2.534911 -2.360860
 H 2.026125 -3.812769 -1.666864
 H -2.456779 2.333497 -1.522934
 H -1.410535 3.116757 -1.182863
 H -1.887255 -3.416372 1.708694
 H -1.081300 -2.107979 2.218901
 H 1.429679 -4.072521 3.126432
 H -0.144358 -4.091570 2.965365
 H 5.731694 -4.521695 -4.995004
 H 4.295269 -3.780322 -5.276670
 H 5.040202 5.722714 2.568557
 H 6.221591 4.818674 2.363463
 H 5.711556 -2.944101 3.370597
 H 4.405025 -3.372837 4.138756
 H -1.769686 -2.352153 -3.828989
 H -3.281880 -2.123831 -4.178897
 H -0.466677 3.332304 -4.024441
 H -1.129431 2.016376 -4.712860
 H 4.754792 2.565501 2.788038
 H 3.534878 2.467874 1.853841
 H 2.506735 0.455402 -4.308488
 H 2.242357 1.875649 -4.089820
 H -5.086667 2.174283 -5.844586
 H -3.518212 2.134186 -5.610712
 H 5.680262 -6.096872 0.056649
 H 5.349967 -6.256235 -1.453840
 H 1.790376 -0.719263 -6.333005
 H 1.005900 0.540173 -6.042266
 H -1.549360 -0.469646 -5.481902
 H -2.764078 0.386290 -5.009177
 H 1.195145 -0.018855 1.881111
 H 1.473016 -0.653274 0.470385
 H 5.455723 -2.814426 -3.706072
 H 5.963514 -1.410845 -3.125535
 H 5.097517 0.613183 -0.913232
 H 5.076023 -0.871980 -1.211357
 H 0.322419 4.866248 4.768156
 H -0.442806 3.713832 4.283467
 H -4.223362 0.698182 -2.918728
 H -5.509844 1.059262 -3.806471
 H -0.012336 -3.903577 -1.212912
 H 0.316772 -2.964062 -0.028047
 H 4.115626 4.802357 -5.801882
 H 4.804416 3.958890 -6.882116
 H 2.486635 6.246567 4.460761
 H 2.872209 7.130479 5.701151
 H -5.660909 4.243635 -2.644083
 H -4.689293 5.449823 -2.588478
 H -0.777600 0.634904 -1.910204
 H -0.843614 1.532647 -3.044705
 H -4.557914 -4.326817 -1.403181
 H -4.087374 -3.655222 -0.167205
 H -3.796934 6.252869 3.023923
 H -2.626473 5.797186 3.836024
 H -2.720928 3.896272 4.320807
 H -2.116582 2.979660 5.368738
 H -2.119431 -2.350924 -1.177435
 H -2.459515 -1.524471 0.161862
 H -2.021726 -1.770833 4.635040
 H -0.732677 -2.401934 5.177719
 H -0.051102 2.604984 4.776205
 H -0.430795 2.676819 6.322313
 H -5.344876 2.500256 1.926752
 H -4.416743 3.644682 2.089159
 H 3.778359 4.831977 -0.874402
 H 3.919987 4.219102 -2.346990
 H 2.509819 -5.929922 -4.757234
 H 2.424064 -5.122075 -3.490287
 H -3.420632 4.249918 -3.982496
 H -2.476832 5.101920 -2.965717
 H 3.941877 1.113762 7.261730
 H 4.048432 0.699057 5.755954
 H -1.789231 0.858235 1.268769
 H -2.853986 0.826996 2.414689
 H 0.658030 -1.290769 -3.208122
 H 0.333214 -1.825941 -4.598826
 H -0.353237 -4.406600 -5.794991
 H 0.959384 -3.683582 -5.447209
 H 6.768411 -6.288362 5.028068
 H 5.708380 -5.392773 4.541552
 H 4.016154 -3.918637 1.087465
 H 3.609265 -3.252929 -0.225015
 H 5.023826 -0.980817 2.301912
 H 5.395291 -0.174666 3.589390
 H 1.848721 4.017727 -5.336825
 H 1.661191 4.720913 -3.932503
 H -0.691247 -6.471443 0.264027
 H -2.227060 -6.610664 0.464464
 H -5.767103 -1.878349 -5.158550
 H -4.486822 -2.278938 -5.999466
 H -3.650880 1.141280 -0.543045
 H -4.771727 2.101279 -0.573974
 H 5.015913 3.353759 -4.435285
 H 4.999653 2.470227 -3.086576
 H 2.897536 -0.374002 -1.412559
 H 1.498970 0.242514 -1.558862
 H -4.884140 -2.451243 0.493855
 H -4.170086 -2.532317 1.878598
 H 1.216506 3.043901 2.117139
 H 1.423716 3.260069 0.560078
K_POINTS
 1
0.0 0.0 0.0 1.0