
&control
    calculation='scf'
    pseudo_dir = './',
    outdir='./outputs',
    disk_io='high'
/
&system
    ibrav= 1, celldm(1)=20.000000, nat=  192, ntyp= 2,
    ecutwfc = 30.0, nosym=.true., occupations='smearing',
    smearing='m-v', degauss=0.025
/
&electrons
    conv_thr =  1.0d-8,
    mixing_beta = 0.7
/
&ions
    pot_extrapolation='second-order'
    wfc_extrapolation='second-order'
    ion_temperature = 'andersen'
    tempw = 1000

/
ATOMIC_SPECIES
 H  1.01  H.blyp-hgh.UPF
 O  16.0  O.blyp-hgh.UPF
ATOMIC_POSITIONS bohr
 O -5.287358 -1.343251 -1.412921
 O 2.945085 -2.648853 5.916442
 O -5.469103 6.263790 -5.468652
 O 1.048130 3.550087 -0.940168
 O -5.085779 1.167661 3.546945
 O -0.173656 6.260342 6.109844
 O -0.845972 -5.392721 -2.535601
 O 2.635694 0.890585 4.474992
 O -2.889018 -6.055541 5.915141
 O 2.581540 -2.545774 3.189169
 O 2.426184 -6.372120 2.835428
 O -3.500157 -3.686561 4.360895
 O -4.745851 -6.703204 0.786527
 O -3.727773 -5.083833 -3.536437
 O 2.774405 -3.351701 -2.109643
 O -2.002168 2.518659 -0.688761
 O -1.383970 -2.997337 2.457501
 O 0.607805 -4.458234 3.496832
 O 4.771704 -4.491592 -4.796150
 O 5.257375 4.847779 2.148020
 O 5.061234 -3.666011 3.473568
 O -2.690066 -2.550992 -3.525605
 O -1.265617 2.984697 -4.483021
 O 4.107939 1.903716 2.454463
 O 2.891537 1.205146 -3.785901
 O -4.310506 2.715460 -5.611078
 O 5.107070 -5.730440 -0.653929
 O 1.325192 -0.285991 -5.597321
 O -1.798231 0.445325 -5.162390
 O 1.156807 -0.867023 1.398122
 O 5.681771 -1.896195 -3.941333
 O 4.591522 -0.183937 -0.747999
 O 0.373768 4.191435 4.053023
 O -4.590797 0.721393 -3.806889
 O 0.595623 -3.796986 -0.459095
 O 4.840941 4.140499 -5.927070
 O 2.559143 6.237966 5.467560
 O -5.483169 5.077152 -2.172406
 O -0.148876 1.212003 -2.414874
 O -3.749027 -3.921552 -1.037951
 O -3.039807 5.646344 2.967374
 O -2.051978 3.204110 4.412741
 O -1.784816 -1.712496 -0.520594
 O -1.356513 -1.663957 5.335200
 O 0.125192 2.224743 5.652284
 O -4.834453 3.115620 1.381460
 O 3.300344 4.401956 -1.602228
 O 1.886444 -5.788863 -4.001922
 O -3.069199 4.332159 -3.073500
 O 4.573210 0.743204 6.591922
 O -1.916606 0.620441 2.201332
 O -0.018176 -1.821179 -3.690205
 O 0.070257 -3.512039 -5.825993
 O 6.410795 -5.974478 4.159591
 O 3.651585 -3.069506 0.756123
 O 5.779042 -0.679714 2.849990
 O 1.668227 3.812577 -4.394799
 O -1.532601 -6.512728 -0.225935
 O -5.292151 -1.733214 -6.015678
 O -4.410270 1.367344 -1.111173
 O 5.085508 3.385084 -3.439737
 O 1.943586 -0.623484 -1.517901
 O -4.854215 -2.986055 1.345994
 O 1.813299 2.794564 1.388057
 H -4.491914 -1.856102 -1.687323
 H -5.167736 -0.400721 -1.156347
 H 3.449412 -1.937608 6.394261
 H 2.834103 -2.203867 5.034881
 H -5.646916 5.358692 -5.144566
 H -4.718723 6.572354 -4.913358
 H 0.542723 2.729132 -1.099496
 H 1.881384 3.482839 -1.474542
 H -5.762720 0.769714 2.951611
 H -5.216004 0.923525 4.467218
 H -0.071110 6.819464 5.289108
 H 0.770879 6.202158 6.384520
 H -1.042461 -5.579442 -1.582735
 H 0.121358 -5.429886 -2.661963
 H 3.250553 1.238779 3.749202
 H 2.178625 1.716389 4.753755
 H -3.634031 -6.009506 6.535380
 H -2.106781 -6.436269 6.356088
 H 1.902330 -1.943811 2.817280
 H 2.949475 -2.979092 2.367393
 H 2.659360 -7.303344 2.640839
 H 1.445356 -6.420055 2.944536
 H -2.823777 -4.295989 4.643950
 H -4.275065 -4.068246 3.909925
 H -4.919371 -7.665686 0.813076
 H -4.973978 -6.681133 -0.178239
 H -3.194523 -4.244194 -3.328511
 H -2.933249 -5.614750 -3.758060
 H 2.307786 -2.534044 -2.362421
 H 2.022660 -3.809728 -1.668806
 H -2.463627 2.325069 -1.524290
 H -1.388936 3.115936 -1.173805
 H -1.900267 -3.403638 1.702197
 H -1.065146 -2.112077 2.215853
 H 1.428697 -4.061950 3.127316
 H -0.137038 -4.090768 2.960459
 H 5.733401 -4.520980 -4.977714
 H 4.279694 -3.796175 -5.287324
 H 5.027049 5.712685 2.564765
 H 6.221415 4.835061 2.367855
 H 5.715731 -2.951073 3.368191
 H 4.415394 -3.382057 4.148245
 H -1.769155 -2.343511 -3.827198
 H -3.276723 -2.122886 -4.176666
 H -0.469838 3.337556 -4.031354
 H -1.109952 2.026006 -4.720464
 H 4.749405 2.573219 2.772940
 H 3.534570 2.446129 1.836935
 H 2.508200 0.453796 -4.301483
 H 2.245059 1.883363 -4.078750
 H -5.087459 2.180217 -5.862885
 H -3.528231 2.125036 -5.597309
 H 5.666567 -6.100688 0.070549
 H 5.371736 -6.246621 -1.451092
 H 1.773675 -0.721899 -6.337135
 H 1.017607 0.549720 -6.035839
 H -1.556963 -0.461313 -5.480422
 H -2.766474 0.385482 -5.005435
 H 1.202443 -0.020306 1.880854
 H 1.487869 -0.660131 0.481018
 H 5.467064 -2.824644 -3.714440
 H 5.938870 -1.401827 -3.129883
 H 5.096625 0.613456 -0.911143
 H 5.069443 -0.870956 -1.219030
 H 0.342788 4.866662 4.768391
 H -0.437516 3.719821 4.282872
 H -4.242190 0.705123 -2.898968
 H -5.508530 1.056202 -3.826896
 H -0.038700 -3.896102 -1.204940
 H 0.312689 -2.972240 -0.017942
 H 4.128678 4.804086 -5.812113
 H 4.827412 3.954063 -6.888580
 H 2.494160 6.265807 4.470742
 H 2.882565 7.139742 5.692066
 H -5.665717 4.238108 -2.639299
 H -4.671407 5.438945 -2.581130
 H -0.783673 0.633491 -1.920100
 H -0.837912 1.559090 -3.035430
 H -4.566085 -4.301545 -1.422975
 H -4.086564 -3.669236 -0.170214
 H -3.797102 6.252904 3.012269
 H -2.624445 5.812117 3.836974
 H -2.727047 3.900033 4.319274
 H -2.132681 2.961565 5.357845
 H -2.110314 -2.356053 -1.176104
 H -2.466493 -1.514654 0.147042
 H -2.017715 -1.774012 4.630670
 H -0.722476 -2.396303 5.187834
 H -0.040375 2.624656 4.786023
 H -0.437546 2.651214 6.336874
 H -5.340172 2.487326 1.927789
 H -4.433108 3.646563 2.097638
 H 3.779267 4.838115 -0.876237
 H 3.941888 4.218179 -2.335986
 H 2.511805 -5.928651 -4.750285
 H 2.421879 -5.130217 -3.484587
 H -3.428234 4.262900 -3.982626
 H -2.494901 5.119980 -2.972896
 H 3.949345 1.104048 7.274372
 H 4.054860 0.710042 5.762351
 H -1.797715 0.824763 1.260956
 H -2.845873 0.819097 2.407908
 H 0.670736 -1.312991 -3.203930
 H 0.335945 -1.816486 -4.601946
 H -0.345598 -4.410733 -5.767842
 H 0.962419 -3.671098 -5.445369
 H 6.768820 -6.295917 5.023749
 H 5.699862 -5.404971 4.533193
 H 4.011906 -3.921514 1.083251
 H 3.598989 -3.248586 -0.214356
 H 5.025582 -0.981680 2.313427
 H 5.396919 -0.168279 3.581578
 H 1.849661 4.010642 -5.338307
 H 1.634904 4.713307 -3.921201
 H -0.700582 -6.482506 0.287050
 H -2.247488 -6.622400 0.451418
 H -5.762858 -1.874961 -5.162026
 H -4.483504 -2.277551 -6.006212
 H -3.650267 1.136119 -0.537846
 H -4.758385 2.114121 -0.577359
 H 4.996687 3.349466 -4.444147
 H 5.003547 2.490451 -3.083103
 H 2.894045 -0.376942 -1.415066
 H 1.491256 0.244111 -1.573875
 H -4.885924 -2.487819 0.492486
 H -4.165761 -2.527773 1.876673
 H 1.216420 3.058120 2.122253
 H 1.435976 3.274523 0.571106
K_POINTS
 1
0.0 0.0 0.0 1.0