
&control
    calculation='scf'
    pseudo_dir = './',
    outdir='./outputs',
    disk_io='high'
/
&system
    ibrav= 1, celldm(1)=20.000000, nat=  192, ntyp= 2,
    ecutwfc = 30.0, nosym=.true., occupations='smearing',
    smearing='m-v', degauss=0.025
/
&electrons
    conv_thr =  1.0d-8,
    mixing_beta = 0.7
/
&ions
    pot_extrapolation='second-order'
    wfc_extrapolation='second-order'
    ion_temperature = 'andersen'
    tempw = 1000

/
ATOMIC_SPECIES
 H  1.01  H.blyp-hgh.UPF
 O  16.0  O.blyp-hgh.UPF
ATOMIC_POSITIONS bohr
 O -5.287135 -1.344174 -1.412032
 O 2.943773 -2.649167 5.917904
 O -5.469272 6.265044 -5.468023
 O 1.049254 3.548745 -0.940420
 O -5.085931 1.169183 3.545269
 O -0.175800 6.260102 6.109121
 O -0.846830 -5.392422 -2.535916
 O 2.637668 0.892197 4.474895
 O -2.887129 -6.057892 5.915024
 O 2.580231 -2.546567 3.190660
 O 2.424990 -6.372790 2.833126
 O -3.499497 -3.686763 4.359625
 O -4.746637 -6.705120 0.787116
 O -3.729916 -5.083166 -3.536435
 O 2.773756 -3.353137 -2.109645
 O -2.003010 2.521385 -0.690274
 O -1.385495 -2.998187 2.455238
 O 0.608847 -4.460344 3.497279
 O 4.771600 -4.491112 -4.796418
 O 5.258591 4.846441 2.147991
 O 5.062238 -3.667716 3.473928
 O -2.688915 -2.549428 -3.523885
 O -1.266214 2.985203 -4.483141
 O 4.108293 1.902383 2.454057
 O 2.891456 1.204769 -3.785120
 O -4.312120 2.717035 -5.609128
 O 5.106762 -5.730297 -0.652506
 O 1.321959 -0.286037 -5.598261
 O -1.799564 0.447269 -5.161740
 O 1.155491 -0.868383 1.399813
 O 5.682810 -1.897545 -3.941974
 O 4.590067 -0.183696 -0.750337
 O 0.374642 4.191689 4.053671
 O -4.589495 0.721484 -3.804514
 O 0.592337 -3.796921 -0.461211
 O 4.843089 4.140313 -5.930004
 O 2.562571 6.239602 5.469714
 O -5.482560 5.077781 -2.176368
 O -0.148088 1.210927 -2.416219
 O -3.749731 -3.921827 -1.039006
 O -3.039587 5.645898 2.967947
 O -2.054037 3.205488 4.411204
 O -1.782801 -1.714062 -0.520099
 O -1.356834 -1.664279 5.335001
 O 0.124549 2.223844 5.653653
 O -4.834930 3.113392 1.383103
 O 3.301671 4.403449 -1.603976
 O 1.882963 -5.788848 -4.001762
 O -3.069789 4.331839 -3.074143
 O 4.575488 0.743834 6.592068
 O -1.914493 0.623220 2.201628
 O -0.017624 -1.819695 -3.691869
 O 0.070704 -3.512433 -5.827363
 O 6.412860 -5.973780 4.158155
 O 3.650942 -3.067910 0.759707
 O 5.781744 -0.681063 2.850764
 O 1.667725 3.812755 -4.394853
 O -1.532525 -6.516303 -0.223768
 O -5.291675 -1.732824 -6.017231
 O -4.408664 1.368875 -1.110386
 O 5.087770 3.389027 -3.443056
 O 1.941033 -0.624176 -1.518285
 O -4.853537 -2.989286 1.349980
 O 1.812642 2.795651 1.389944
 H -4.488304 -1.858700 -1.674513
 H -5.169372 -0.401174 -1.159310
 H 3.440295 -1.931959 6.395294
 H 2.824790 -2.206561 5.036208
 H -5.645201 5.360687 -5.140996
 H -4.718349 6.574932 -4.915696
 H 0.544594 2.724671 -1.094140
 H 1.881168 3.480024 -1.475166
 H -5.764997 0.775168 2.952210
 H -5.213392 0.926206 4.466632
 H -0.070585 6.821203 5.289478
 H 0.768041 6.204674 6.387902
 H -1.038573 -5.581461 -1.581802
 H 0.120782 -5.424476 -2.660105
 H 3.246212 1.239956 3.744048
 H 2.180639 1.716792 4.753094
 H -3.636470 -6.016896 6.531144
 H -2.105790 -6.438280 6.356271
 H 1.902664 -1.941297 2.817799
 H 2.948549 -2.967244 2.360350
 H 2.659591 -7.304218 2.643518
 H 1.444461 -6.414666 2.943457
 H -2.823205 -4.294619 4.643909
 H -4.270475 -4.067970 3.903441
 H -4.922893 -7.666814 0.813395
 H -4.970071 -6.685571 -0.179559
 H -3.191323 -4.249343 -3.325771
 H -2.934546 -5.615386 -3.754133
 H 2.312528 -2.533546 -2.362948
 H 2.021569 -3.808672 -1.669117
 H -2.466491 2.322067 -1.524719
 H -1.381462 3.115918 -1.170161
 H -1.904159 -3.398924 1.700450
 H -1.059730 -2.113299 2.214560
 H 1.428248 -4.058280 3.127802
 H -0.134530 -4.090343 2.958876
 H 5.733740 -4.520741 -4.972274
 H 4.274947 -3.801529 -5.290967
 H 5.022673 5.709093 2.563425
 H 6.220923 4.840571 2.369177
 H 5.717055 -2.953298 3.367465
 H 4.418958 -3.384920 4.151321
 H -1.768892 -2.340611 -3.826419
 H -3.275004 -2.122561 -4.175911
 H -0.470797 3.339242 -4.033862
 H -1.103575 2.029269 -4.722852
 H 4.747559 2.575799 2.767850
 H 3.534253 2.438609 1.831487
 H 2.508656 0.453008 -4.299012
 H 2.246101 1.886309 -4.074784
 H -5.087547 2.182123 -5.868919
 H -3.531913 2.121954 -5.592770
 H 5.661859 -6.101897 0.075065
 H 5.379146 -6.243298 -1.450044
 H 1.768160 -0.722914 -6.338601
 H 1.021335 0.552749 -6.033583
 H -1.559383 -0.458294 -5.480166
 H -2.767210 0.385165 -5.004073
 H 1.204848 -0.020731 1.880698
 H 1.492802 -0.662596 0.484795
 H 5.470736 -2.828031 -3.717040
 H 5.930756 -1.399147 -3.131436
 H 5.096472 0.613943 -0.910479
 H 5.067532 -0.871031 -1.221669
 H 0.349730 4.866820 4.768438
 H -0.436737 3.722168 4.282163
 H -4.248812 0.707676 -2.892299
 H -5.507852 1.055131 -3.833543
 H -0.047518 -3.893565 -1.202155
 H 0.311386 -2.974937 -0.014612
 H 4.133127 4.804689 -5.815619
 H 4.835130 3.952430 -6.890569
 H 2.496778 6.272068 4.473861
 H 2.885973 7.142703 5.688947
 H -5.667431 4.236296 -2.637713
 H -4.665389 5.435198 -2.578587
 H -0.785252 0.632979 -1.923272
 H -0.835581 1.568009 -3.032420
 H -4.568614 -4.293233 -1.429745
 H -4.086208 -3.674073 -0.170606
 H -3.797397 6.252962 3.008218
 H -2.623727 5.817130 3.837351
 H -2.729172 3.901383 4.318558
 H -2.138138 2.955437 5.354067
 H -2.107606 -2.357795 -1.175636
 H -2.468844 -1.511562 0.141926
 H -2.016476 -1.775084 4.629187
 H -0.719063 -2.394415 5.191439
 H -0.036585 2.630765 4.789558
 H -0.439666 2.642833 6.341573
 H -5.338691 2.482871 1.928155
 H -4.438145 3.647159 2.100433
 H 3.779646 4.840305 -0.876838
 H 3.949205 4.217889 -2.332162
 H 2.512332 -5.928267 -4.747875
 H 2.420993 -5.133014 -3.482576
 H -3.430426 4.267200 -3.982616
 H -2.500891 5.125868 -2.975440
 H 3.951908 1.100763 7.278568
 H 4.056809 0.713801 5.764503
 H -1.800525 0.813780 1.258267
 H -2.843219 0.816583 2.405730
 H 0.674665 -1.320365 -3.202472
 H 0.336703 -1.813318 -4.603020
 H -0.342954 -4.411813 -5.758677
 H 0.963269 -3.666868 -5.444913
 H 6.769093 -6.298488 5.022152
 H 5.697122 -5.408839 4.529936
 H 4.010626 -3.922364 1.081790
 H 3.595362 -3.247014 -0.210762
 H 5.026008 -0.981944 2.317158
 H 5.397175 -0.166363 3.579062
 H 1.849854 4.008245 -5.338635
 H 1.626289 4.710183 -3.917780
 H -0.703782 -6.486251 0.294723
 H -2.254193 -6.626221 0.446857
 H -5.761497 -1.873725 -5.163037
 H -4.482480 -2.277151 -6.008629
 H -3.650013 1.134341 -0.536188
 H -4.754004 2.118557 -0.578589
 H 4.990235 3.347985 -4.446733
 H 5.004627 2.497014 -3.082097
 H 2.892989 -0.377928 -1.415837
 H 1.488686 0.244585 -1.579131
 H -4.886862 -2.499782 0.492352
 H -4.164461 -2.526313 1.876054
 H 1.216527 3.062809 2.123920
 H 1.440299 3.279121 0.574810
K_POINTS
 1
0.0 0.0 0.0 1.0