
&control
    calculation='scf'
    pseudo_dir = './',
    outdir='./outputs',
    disk_io='high'
/
&system
    ibrav= 1, celldm(1)=20.000000, nat=  192, ntyp= 2,
    ecutwfc = 30.0, nosym=.true., occupations='smearing',
    smearing='m-v', degauss=0.025
/
&electrons
    conv_thr =  1.0d-8,
    mixing_beta = 0.7
/
&ions
    pot_extrapolation='second-order'
    wfc_extrapolation='second-order'
    ion_temperature = 'andersen'
    tempw = 1000

/
ATOMIC_SPECIES
 H  1.01  H.blyp-hgh.UPF
 O  16.0  O.blyp-hgh.UPF
ATOMIC_POSITIONS bohr
 O -5.259444 -1.555005 -1.331238
 O 3.974037 -2.187747 5.396047
 O -5.723447 5.299708 -5.533726
 O -0.164449 3.627263 -1.565266
 O -4.711232 0.729513 3.849057
 O -0.234974 5.436315 5.195452
 O -0.125792 -5.372593 -3.407819
 O 2.333758 0.270899 3.658954
 O -2.854163 -5.294408 5.627340
 O 1.905304 -2.979090 1.711318
 O 2.516127 -6.078520 2.905443
 O -4.182171 -3.046712 4.380459
 O -4.430727 -5.936540 0.720223
 O -3.570901 -5.679539 -3.661108
 O 2.144895 -2.742885 -2.174415
 O -1.838339 2.477721 1.344012
 O -1.101224 -1.479833 1.716343
 O 0.232816 -4.241496 3.678945
 O 5.439179 -4.166899 -4.953533
 O 5.547150 4.833890 2.184689
 O 5.988379 -2.970698 3.244893
 O -3.234319 -2.998937 -3.831093
 O -0.901487 2.601175 -4.937840
 O 3.881119 2.352133 2.845528
 O 2.323490 1.298390 -3.114397
 O -4.902961 2.819431 -6.149193
 O 4.441835 -5.952228 -1.250324
 O 1.956311 -1.311291 -4.592777
 O -2.025776 0.231346 -4.833721
 O 0.853334 -0.327229 0.678747
 O 4.782703 -1.753453 -3.770183
 O 5.177446 0.072073 -0.062008
 O -0.277106 4.516138 1.845613
 O -5.220733 0.717939 -4.010311
 O 0.726723 -3.806476 -0.359485
 O 4.602956 3.524433 -4.348360
 O 3.536645 5.481300 5.832493
 O -5.118244 3.689365 -1.815264
 O -0.387699 1.041026 -1.609314
 O -3.013871 -3.329285 -1.133002
 O -2.604089 5.456683 3.369153
 O -1.495857 2.802030 3.923422
 O -2.635233 -0.229448 -0.679476
 O -1.518373 -2.205585 4.908184
 O 0.724373 1.801516 4.899044
 O -4.801050 3.387259 1.442544
 O 2.804601 3.903506 -0.562099
 O 2.683069 -5.981187 -3.560312
 O -2.647077 4.585472 -2.317070
 O 5.620515 0.574688 5.274654
 O -3.106724 0.191478 1.971445
 O -0.653489 -2.421490 -2.305655
 O 0.016079 -3.240558 -5.501478
 O 5.688420 -5.972232 4.418749
 O 5.119324 -3.014805 -0.236238
 O 4.695449 -0.704967 2.429732
 O 1.074717 4.304354 -4.349590
 O -0.613390 -5.769862 0.466312
 O -5.548933 -1.375894 -5.772077
 O -4.633381 1.423890 -0.919862
 O 5.213499 1.628400 -2.717570
 O 2.738313 -0.269223 -0.980299
 O -5.294232 -1.208709 1.232587
 O 1.530856 2.686166 1.443968
 H -4.879001 -1.549163 -0.416266
 H -4.464905 -1.288844 -1.841875
 H 3.553069 -2.971859 5.789895
 H 3.281876 -1.655673 4.944730
 H -6.305916 4.854642 -4.875294
 H -5.850618 4.672480 -6.280200
 H 0.335121 3.165055 -0.850154
 H 0.440337 4.254949 -1.999651
 H -5.484577 0.123187 3.819847
 H -5.042277 1.323069 4.566719
 H 0.195359 6.310448 5.098696
 H -0.105011 5.090512 6.102970
 H -0.419402 -5.595566 -2.504188
 H -0.821031 -5.813792 -3.933718
 H 2.475011 1.179040 3.280825
 H 1.379643 0.121933 3.506707
 H -3.501957 -5.569629 6.315813
 H -1.986872 -5.352043 6.075410
 H 1.933595 -2.008451 1.490830
 H 2.782592 -3.389230 1.757640
 H 3.295132 -6.282752 2.348161
 H 1.758391 -6.566987 2.514477
 H -3.474140 -3.503634 3.888821
 H -4.372155 -2.202673 3.920900
 H -3.574359 -6.330997 0.456620
 H -4.424635 -5.045116 0.297655
 H -4.477180 -5.560042 -3.317514
 H -3.566963 -6.625935 -3.906562
 H 2.184609 -1.762254 -2.058443
 H 2.222884 -3.065125 -1.245890
 H -1.358537 3.123653 0.784806
 H -1.480793 1.586036 1.138633
 H -0.315110 -1.753513 1.200820
 H -0.890600 -1.636290 2.662636
 H 1.006378 -3.629844 3.686149
 H -0.346244 -3.751873 3.059383
 H 6.005668 -4.837311 -5.394718
 H 5.977995 -3.456076 -4.541864
 H 5.694914 5.549149 2.875910
 H 6.182646 5.069235 1.467158
 H 5.345838 -2.470166 2.693001
 H 6.487935 -3.652296 2.770489
 H -2.336798 -2.803968 -4.160843
 H -3.907236 -2.955876 -4.531466
 H -0.422394 2.961686 -4.163721
 H -0.993754 1.613275 -4.811843
 H 4.742826 2.529274 3.272620
 H 3.443296 3.218796 2.739141
 H 2.897687 1.017906 -3.852877
 H 1.981511 2.206131 -3.241997
 H -5.038569 2.306388 -5.313223
 H -3.974706 3.124809 -6.190130
 H 4.170949 -5.047583 -1.528115
 H 5.397217 -5.855254 -1.081328
 H 2.790869 -1.191163 -5.097114
 H 1.193659 -1.019691 -5.126751
 H -2.077102 -0.509216 -5.465502
 H -2.858374 0.736787 -4.906095
 H 1.196498 0.585735 0.807319
 H 1.219570 -0.447038 -0.225726
 H 3.998567 -2.202011 -3.367664
 H 5.397401 -1.692284 -3.003672
 H 5.181777 1.034454 -0.199624
 H 5.969076 -0.342839 -0.516937
 H -0.677962 3.945590 2.565219
 H -0.525525 5.450815 1.997733
 H -4.715913 1.025852 -3.223549
 H -6.096309 0.558282 -3.547331
 H 0.623204 -4.718341 -0.666111
 H 0.914765 -3.904100 0.601199
 H 3.672902 3.789627 -4.238336
 H 4.626267 2.796354 -5.001017
 H 3.236156 5.012912 5.020284
 H 2.784406 6.090763 5.957933
 H -5.804614 3.892203 -1.150963
 H -4.737023 4.542875 -2.129400
 H -0.021785 0.317759 -2.154285
 H -1.356791 0.899520 -1.756243
 H -2.995683 -3.194509 -2.122033
 H -2.663402 -4.234015 -1.070903
 H -3.343831 5.831949 2.851359
 H -2.592499 5.969550 4.223004
 H -1.502633 1.868217 3.617247
 H -2.288908 3.174198 3.490680
 H -2.243939 -1.075858 -0.385114
 H -2.929326 0.139420 0.192934
 H -2.454396 -2.195864 5.205632
 H -1.246485 -3.119900 5.149303
 H 1.581927 1.605754 5.303403
 H 0.140888 2.371407 5.451702
 H -5.318011 3.510518 2.263206
 H -3.882161 3.080515 1.630130
 H 3.379521 4.625322 -0.217615
 H 2.839357 4.114725 -1.513611
 H 3.625000 -5.877433 -3.830942
 H 2.208324 -5.211353 -3.937423
 H -2.484124 3.884582 -2.986943
 H -2.016752 4.229610 -1.641747
 H 6.001044 -0.076562 5.961838
 H 4.670621 0.364028 5.267933
 H -2.763496 -0.641965 2.324257
 H -3.767637 0.555992 2.624877
 H -0.014486 -3.157326 -2.352056
 H -0.334631 -2.064253 -1.458517
 H 0.398820 -3.370676 -4.603220
 H 0.787826 -3.080936 -6.072667
 H 4.946679 -5.605362 4.938424
 H 6.517006 -5.698798 4.847532
 H 5.732711 -3.481330 0.364207
 H 4.669410 -2.422811 0.399237
 H 4.478109 -0.326318 1.537121
 H 4.116814 -0.226757 3.068073
 H 1.375773 3.798517 -5.127429
 H 1.649021 5.118216 -4.236470
 H -0.949035 -6.539769 -0.040495
 H -1.334713 -5.140034 0.654917
 H -5.432628 -1.995688 -6.522211
 H -4.733701 -0.958161 -5.436814
 H -3.965027 2.123966 -1.013054
 H -4.787951 1.459390 0.045940
 H 5.833148 2.391309 -2.747518
 H 4.359516 1.981504 -2.415500
 H 3.657416 -0.403023 -0.613674
 H 2.850151 0.381892 -1.718612
 H -6.080124 -0.727753 1.589956
 H -4.856734 -1.585264 2.005204
 H 1.045707 3.569681 1.427423
 H 2.293115 2.726772 0.829335
K_POINTS
 1
0.0 0.0 0.0 1.0