
&control
    calculation='scf'
    pseudo_dir = './',
    outdir='./outputs',
    disk_io='high'
/
&system
    ibrav= 1, celldm(1)=20.000000, nat=  192, ntyp= 2,
    ecutwfc = 30.0, nosym=.true., occupations='smearing',
    smearing='m-v', degauss=0.025
/
&electrons
    conv_thr =  1.0d-8,
    mixing_beta = 0.7
/
&ions
    pot_extrapolation='second-order'
    wfc_extrapolation='second-order'
    ion_temperature = 'andersen'
    tempw = 1000

/
ATOMIC_SPECIES
 H  1.01  H.blyp-hgh.UPF
 O  16.0  O.blyp-hgh.UPF
ATOMIC_POSITIONS bohr
 O -5.286340 -1.353543 -1.403689
 O 2.932989 -2.650094 5.931596
 O -5.470557 6.275792 -5.462533
 O 1.057780 3.536026 -0.942812
 O -5.085775 1.185298 3.529136
 O -0.194569 6.257988 6.101314
 O -0.854585 -5.389184 -2.538793
 O 2.656170 0.907327 4.473429
 O -2.869413 -6.079159 5.912934
 O 2.568017 -2.553905 3.203233
 O 2.414031 -6.379371 2.812478
 O -3.494767 -3.685372 4.347834
 O -4.754125 -6.722426 0.789958
 O -3.747377 -5.077391 -3.536821
 O 2.768202 -3.366869 -2.110316
 O -2.009932 2.546371 -0.705507
 O -1.400004 -3.006460 2.434149
 O 0.617737 -4.480395 3.501057
 O 4.769316 -4.487048 -4.797764
 O 5.269515 4.834562 2.148264
 O 5.071164 -3.683985 3.477301
 O -2.678671 -2.535311 -3.508508
 O -1.271372 2.988998 -4.484737
 O 4.112201 1.891261 2.450020
 O 2.890221 1.201611 -3.778624
 O -4.326258 2.731888 -5.592394
 O 5.104090 -5.729438 -0.639559
 O 1.293062 -0.285631 -5.606761
 O -1.812565 0.464598 -5.155539
 O 1.143648 -0.880165 1.414669
 O 5.691283 -1.909728 -3.947204
 O 4.575800 -0.181432 -0.770942
 O 0.384741 4.195815 4.058308
 O -4.577320 0.721382 -3.783765
 O 0.562304 -3.796729 -0.480638
 O 4.862426 4.138715 -5.956814
 O 2.594110 6.255246 5.490414
 O -5.477817 5.084235 -2.211359
 O -0.143007 1.200623 -2.427907
 O -3.756734 -3.924237 -1.049815
 O -3.037258 5.641696 2.973714
 O -2.073112 3.217731 4.398199
 O -1.763765 -1.727270 -0.515270
 O -1.359776 -1.666828 5.333009
 O 0.120162 2.213483 5.667517
 O -4.839265 3.093139 1.398450
 O 3.314299 4.416653 -1.620419
 O 1.853267 -5.787885 -4.000660
 O -3.075157 4.329863 -3.079439
 O 4.597018 0.749542 6.593773
 O -1.894892 0.647355 2.204132
 O -0.011894 -1.806494 -3.706179
 O 0.075256 -3.516951 -5.839191
 O 6.431492 -5.967908 4.146905
 O 3.645912 -3.054758 0.791569
 O 5.805783 -0.693788 2.857545
 O 1.662831 3.815448 -4.394622
 O -1.531997 -6.548634 -0.203234
 O -5.286205 -1.729317 -6.032546
 O -4.394408 1.382213 -1.101887
 O 5.108806 3.424807 -3.473461
 O 1.917801 -0.629805 -1.521119
 O -4.846664 -3.017997 1.385566
 O 1.806167 2.806109 1.407756
 H -4.455905 -1.873402 -1.559429
 H -5.172307 -0.407186 -1.187903
 H 3.357271 -1.888309 6.404581
 H 2.740212 -2.241731 5.044570
 H -5.633867 5.378748 -5.109955
 H -4.719890 6.606417 -4.924709
 H 0.563680 2.684555 -1.049284
 H 1.881870 3.460546 -1.477535
 H -5.784687 0.814296 2.963446
 H -5.193970 0.944639 4.463476
 H -0.066976 6.834349 5.295680
 H 0.740297 6.227011 6.418531
 H -1.006265 -5.604545 -1.575905
 H 0.113767 -5.379055 -2.645906
 H 3.202555 1.248259 3.697981
 H 2.196217 1.717392 4.748986
 H -3.656315 -6.086237 6.487493
 H -2.094492 -6.455702 6.360524
 H 1.907078 -1.917292 2.820729
 H 2.941383 -2.852340 2.302297
 H 2.662134 -7.312015 2.666180
 H 1.437780 -6.362432 2.930080
 H -2.817646 -4.296883 4.644879
 H -4.226055 -4.074624 3.849298
 H -4.953710 -7.681870 0.824063
 H -4.930039 -6.715433 -0.189755
 H -3.173089 -4.290383 -3.304154
 H -2.948760 -5.623459 -3.717639
 H 2.356595 -2.523708 -2.367941
 H 2.011183 -3.798627 -1.663969
 H -2.500514 2.294467 -1.525685
 H -1.312937 3.118326 -1.124655
 H -1.930858 -3.348124 1.691090
 H -1.012261 -2.125216 2.197877
 H 1.421423 -4.023150 3.137985
 H -0.110656 -4.084753 2.947539
 H 5.732628 -4.518049 -4.932278
 H 4.243507 -3.850034 -5.326151
 H 4.982272 5.673854 2.550780
 H 6.210712 4.890764 2.378829
 H 5.727562 -2.971202 3.362946
 H 4.453192 -3.405481 4.177118
 H -1.764044 -2.314306 -3.815153
 H -3.260457 -2.119252 -4.168918
 H -0.475665 3.354802 -4.059892
 H -1.050266 2.057555 -4.740493
 H 4.730117 2.599770 2.721179
 H 3.526934 2.365314 1.787548
 H 2.510637 0.440635 -4.274600
 H 2.259253 1.918957 -4.033388
 H -5.084160 2.199378 -5.921130
 H -3.573552 2.095807 -5.550023
 H 5.616659 -6.111179 0.112505
 H 5.448456 -6.210263 -1.436429
 H 1.719471 -0.734775 -6.354139
 H 1.050011 0.578122 -6.012087
 H -1.577393 -0.427910 -5.484085
 H -2.773405 0.381859 -4.988544
 H 1.225314 -0.023540 1.878415
 H 1.536150 -0.689191 0.522900
 H 5.501381 -2.855549 -3.736106
 H 5.860942 -1.382229 -3.146009
 H 5.097520 0.625304 -0.904981
 H 5.056297 -0.879744 -1.246396
 H 0.414538 4.868929 4.769148
 H -0.453955 3.750868 4.265400
 H -4.316675 0.736033 -2.833587
 H -5.495850 1.044161 -3.889777
 H -0.127374 -3.869968 -1.175020
 H 0.300842 -2.997882 0.014952
 H 4.173264 4.812570 -5.850084
 H 4.904780 3.937534 -6.906330
 H 2.521698 6.322836 4.496219
 H 2.915761 7.166755 5.661337
 H -5.684313 4.221263 -2.624705
 H -4.611115 5.397179 -2.554053
 H -0.789499 0.627425 -1.949859
 H -0.805718 1.650411 -3.007234
 H -4.585989 -4.220601 -1.493509
 H -4.081428 -3.721967 -0.159547
 H -3.803746 6.253340 2.968334
 H -2.617766 5.862520 3.840239
 H -2.749958 3.915673 4.308054
 H -2.189185 2.898655 5.316502
 H -2.090518 -2.373862 -1.171444
 H -2.490030 -1.487876 0.091877
 H -2.006813 -1.785730 4.615213
 H -0.689427 -2.377159 5.228518
 H 0.002199 2.676739 4.827896
 H -0.455921 2.572227 6.378257
 H -5.327158 2.439511 1.932241
 H -4.474695 3.650829 2.123871
 H 3.783300 4.862772 -0.882800
 H 4.014054 4.215865 -2.295420
 H 2.512647 -5.926235 -4.723686
 H 2.408301 -5.160259 -3.461992
 H -3.443830 4.304122 -3.982389
 H -2.555271 5.172288 -3.000542
 H 3.977945 1.069653 7.313884
 H 4.068164 0.749604 5.781203
 H -1.824583 0.718788 1.231916
 H -2.825271 0.797442 2.389611
 H 0.704024 -1.385035 -3.187343
 H 0.340327 -1.784046 -4.614227
 H -0.317598 -4.414197 -5.674832
 H 0.967307 -3.626853 -5.444622
 H 6.774026 -6.321782 5.003885
 H 5.675651 -5.439307 4.490558
 H 4.001935 -3.927081 1.068744
 H 3.557853 -3.229031 -0.177879
 H 5.026874 -0.984688 2.347267
 H 5.394408 -0.153925 3.558834
 H 1.848776 3.987548 -5.337493
 H 1.553383 4.671656 -3.895671
 H -0.735483 -6.521242 0.363964
 H -2.310728 -6.658566 0.401434
 H -5.750084 -1.860256 -5.169141
 H -4.475935 -2.274437 -6.033943
 H -3.647354 1.117472 -0.523068
 H -4.715640 2.161359 -0.591878
 H 4.932378 3.334494 -4.461679
 H 5.009545 2.550556 -3.075574
 H 2.882840 -0.387142 -1.421707
 H 1.467016 0.245001 -1.631615
 H -4.903016 -2.600836 0.497721
 H -4.156269 -2.514381 1.870665
 H 1.220821 3.103552 2.137946
 H 1.483138 3.316040 0.606884
K_POINTS
 1
0.0 0.0 0.0 1.0