
&control
    calculation='scf'
    pseudo_dir = './',
    outdir='./outputs',
    disk_io='high'
/
&system
    ibrav= 1, celldm(1)=20.000000, nat=  192, ntyp= 2,
    ecutwfc = 30.0, nosym=.true., occupations='smearing',
    smearing='m-v', degauss=0.025
/
&electrons
    conv_thr =  1.0d-8,
    mixing_beta = 0.7
/
&ions
    pot_extrapolation='second-order'
    wfc_extrapolation='second-order'
    ion_temperature = 'andersen'
    tempw = 1000

/
ATOMIC_SPECIES
 H  1.01  H.blyp-hgh.UPF
 O  16.0  O.blyp-hgh.UPF
ATOMIC_POSITIONS bohr
 O -5.287080 -1.366620 -1.393833
 O 2.922366 -2.647637 5.947598
 O -5.471147 6.286560 -5.456854
 O 1.063228 3.519791 -0.945528
 O -5.081990 1.208124 3.510818
 O -0.213609 6.255735 6.090335
 O -0.863355 -5.384748 -2.540889
 O 2.678280 0.924345 4.470389
 O -2.848866 -6.102623 5.908340
 O 2.552999 -2.561359 3.212974
 O 2.402538 -6.386981 2.789892
 O -3.490605 -3.678073 4.334804
 O -4.763224 -6.742312 0.787817
 O -3.762787 -5.072255 -3.537985
 O 2.763074 -3.383530 -2.112317
 O -2.016373 2.574570 -0.725766
 O -1.415208 -3.014080 2.410934
 O 0.626674 -4.503764 3.503559
 O 4.763369 -4.483602 -4.796274
 O 5.280195 4.820744 2.148836
 O 5.080919 -3.703777 3.481181
 O -2.667362 -2.519643 -3.491618
 O -1.276663 2.991747 -4.487267
 O 4.117774 1.880394 2.444215
 O 2.888112 1.199082 -3.772102
 O -4.341424 2.748593 -5.575800
 O 5.101408 -5.729526 -0.625362
 O 1.261941 -0.284303 -5.616229
 O -1.829029 0.483978 -5.147916
 O 1.130822 -0.891978 1.430815
 O 5.698676 -1.924171 -3.952779
 O 4.558896 -0.178640 -0.793963
 O 0.399521 4.202806 4.060908
 O -4.562844 0.719501 -3.760761
 O 0.528068 -3.797154 -0.502720
 O 4.884639 4.136410 -5.986532
 O 2.630639 6.274861 5.514574
 O -5.474005 5.093375 -2.248471
 O -0.140625 1.188467 -2.440111
 O -3.766460 -3.926326 -1.063731
 O -3.034414 5.637472 2.981875
 O -2.095341 3.231097 4.385141
 O -1.741452 -1.740607 -0.509181
 O -1.363113 -1.668704 5.330561
 O 0.118561 2.196568 5.686468
 O -4.844036 3.070608 1.416948
 O 3.330617 4.431132 -1.639366
 O 1.824040 -5.784954 -4.000007
 O -3.080455 4.330998 -3.084439
 O 4.622896 0.756135 6.597491
 O -1.871395 0.672340 2.204930
 O -0.004459 -1.792514 -3.720520
 O 0.081317 -3.524139 -5.851015
 O 6.452288 -5.962691 4.137226
 O 3.641926 -3.042962 0.825794
 O 5.830571 -0.708868 2.864942
 O 1.656502 3.817877 -4.392903
 O -1.531750 -6.584809 -0.178926
 O -5.278000 -1.725374 -6.051908
 O -4.379001 1.396347 -1.089520
 O 5.133240 3.464291 -3.507897
 O 1.892283 -0.634256 -1.523016
 O -4.837502 -3.049679 1.424851
 O 1.798400 2.818588 1.429747
 H -4.426208 -1.870897 -1.435149
 H -5.152897 -0.415059 -1.219976
 H 3.266176 -1.853611 6.413863
 H 2.649234 -2.302437 5.049436
 H -5.630235 5.399088 -5.076983
 H -4.731464 6.658620 -4.911248
 H 0.594998 2.647112 -1.006239
 H 1.890356 3.450080 -1.476016
 H -5.809574 0.834099 2.983916
 H -5.179862 0.955650 4.454734
 H -0.066874 6.844968 5.307566
 H 0.702920 6.250294 6.453345
 H -0.978804 -5.639710 -1.578924
 H 0.104299 -5.334805 -2.639071
 H 3.149873 1.253407 3.648302
 H 2.203417 1.719150 4.751293
 H -3.673302 -6.170402 6.427457
 H -2.076382 -6.474843 6.371682
 H 1.915152 -1.890563 2.829879
 H 2.937901 -2.716086 2.259172
 H 2.660242 -7.322033 2.688527
 H 1.431230 -6.300757 2.908105
 H -2.816850 -4.321585 4.645865
 H -4.175064 -4.101675 3.795266
 H -4.986151 -7.705262 0.851220
 H -4.876965 -6.727753 -0.195734
 H -3.173180 -4.314230 -3.284906
 H -2.972283 -5.639257 -3.677738
 H 2.407175 -2.505115 -2.372521
 H 1.994995 -3.784960 -1.642592
 H -2.539236 2.274657 -1.515062
 H -1.249066 3.117922 -1.054471
 H -1.954711 -3.284404 1.676613
 H -0.968842 -2.152417 2.173092
 H 1.409471 -3.983281 3.165323
 H -0.083551 -4.080405 2.945287
 H 5.726030 -4.513568 -4.911042
 H 4.233856 -3.899887 -5.371687
 H 4.930783 5.636893 2.538923
 H 6.202461 4.947419 2.388812
 H 5.736538 -2.987996 3.362580
 H 4.494181 -3.416662 4.202576
 H -1.752744 -2.285290 -3.793268
 H -3.248017 -2.114460 -4.160709
 H -0.470597 3.377753 -4.093849
 H -1.003929 2.080291 -4.750265
 H 4.709033 2.629408 2.668183
 H 3.511016 2.274552 1.751641
 H 2.504719 0.420732 -4.244483
 H 2.283113 1.959557 -3.978021
 H -5.072464 2.223825 -5.972894
 H -3.634885 2.073948 -5.497221
 H 5.563215 -6.118788 0.147831
 H 5.528320 -6.166461 -1.409743
 H 1.664867 -0.750242 -6.374628
 H 1.069868 0.605888 -5.989480
 H -1.586852 -0.393636 -5.504068
 H -2.782389 0.378499 -4.962534
 H 1.243458 -0.026027 1.875749
 H 1.581055 -0.728456 0.568229
 H 5.529644 -2.874185 -3.748047
 H 5.792172 -1.377199 -3.158396
 H 5.097799 0.640341 -0.898763
 H 5.051251 -0.895272 -1.269029
 H 0.487708 4.872079 4.772151
 H -0.514802 3.803431 4.226199
 H -4.408466 0.778340 -2.781085
 H -5.470674 1.029267 -3.945898
 H -0.215977 -3.843249 -1.142457
 H 0.292210 -3.020943 0.046985
 H 4.213308 4.831041 -5.897093
 H 4.979973 3.921441 -6.924918
 H 2.549277 6.360951 4.510865
 H 2.948195 7.191057 5.639511
 H -5.702691 4.210511 -2.614809
 H -4.556078 5.340923 -2.523905
 H -0.778324 0.617263 -1.976544
 H -0.756676 1.744002 -2.981575
 H -4.590955 -4.143248 -1.565000
 H -4.071185 -3.789048 -0.127356
 H -3.810857 6.247976 2.918402
 H -2.616504 5.911872 3.837511
 H -2.774187 3.933958 4.290011
 H -2.249763 2.834170 5.267013
 H -2.084292 -2.389610 -1.166915
 H -2.511677 -1.469766 0.028591
 H -1.995860 -1.801845 4.599290
 H -0.663292 -2.357587 5.277065
 H 0.053811 2.717202 4.880765
 H -0.468613 2.507974 6.401410
 H -5.315679 2.387347 1.938246
 H -4.499545 3.646670 2.142841
 H 3.783019 4.891872 -0.893454
 H 4.079818 4.215497 -2.253611
 H 2.502551 -5.928638 -4.693636
 H 2.382382 -5.193780 -3.433200
 H -3.450087 4.337140 -3.985696
 H -2.616506 5.202644 -3.028413
 H 4.015487 1.031549 7.343482
 H 4.066245 0.793049 5.790762
 H -1.846751 0.620422 1.208388
 H -2.822915 0.784009 2.382122
 H 0.726297 -1.451453 -3.165701
 H 0.338851 -1.748320 -4.630885
 H -0.289030 -4.401176 -5.582534
 H 0.968184 -3.577580 -5.451674
 H 6.782942 -6.345365 4.977408
 H 5.660477 -5.463813 4.428928
 H 3.997769 -3.925826 1.058790
 H 3.505305 -3.198284 -0.141687
 H 5.026876 -0.990348 2.371932
 H 5.386036 -0.151310 3.541594
 H 1.841696 3.971440 -5.330128
 H 1.483985 4.623534 -3.886328
 H -0.778972 -6.562703 0.442226
 H -2.362660 -6.690576 0.344803
 H -5.736416 -1.840389 -5.173730
 H -4.474553 -2.273331 -6.068587
 H -3.645383 1.098815 -0.511682
 H -4.673056 2.211277 -0.611394
 H 4.872005 3.322290 -4.463479
 H 5.005882 2.599776 -3.073077
 H 2.862338 -0.398267 -1.427051
 H 1.448601 0.232931 -1.699104
 H -4.936960 -2.695988 0.515885
 H -4.154458 -2.502814 1.864757
 H 1.231183 3.145989 2.153342
 H 1.534345 3.350259 0.633930
K_POINTS
 1
0.0 0.0 0.0 1.0