
&control
    calculation='scf'
    pseudo_dir = './',
    outdir='./outputs',
    disk_io='high'
/
&system
    ibrav= 1, celldm(1)=20.000000, nat=  192, ntyp= 2,
    ecutwfc = 30.0, nosym=.true., occupations='smearing',
    smearing='m-v', degauss=0.025
/
&electrons
    conv_thr =  1.0d-8,
    mixing_beta = 0.7
/
&ions
    pot_extrapolation='second-order'
    wfc_extrapolation='second-order'
    ion_temperature = 'andersen'
    tempw = 1000

/
ATOMIC_SPECIES
 H  1.01  H.blyp-hgh.UPF
 O  16.0  O.blyp-hgh.UPF
ATOMIC_POSITIONS bohr
 O -5.287183 -1.368082 -1.392809
 O 2.921327 -2.647246 5.949208
 O -5.471113 6.287581 -5.456297
 O 1.063534 3.518032 -0.945794
 O -5.081415 1.210662 3.509048
 O -0.215385 6.255500 6.089145
 O -0.864240 -5.384272 -2.540986
 O 2.680572 0.926016 4.470004
 O -2.846774 -6.104950 5.907753
 O 2.551401 -2.561993 3.213588
 O 2.401489 -6.387719 2.787668
 O -3.490160 -3.677127 4.333548
 O -4.764168 -6.744379 0.787325
 O -3.764105 -5.071844 -3.538135
 O 2.762608 -3.385244 -2.112575
 O -2.016962 2.577381 -0.727925
 O -1.416530 -3.014631 2.408733
 O 0.627521 -4.506110 3.503665
 O 4.762566 -4.483341 -4.795919
 O 5.281116 4.819289 2.148875
 O 5.081890 -3.705833 3.481573
 O -2.666227 -2.518077 -3.489943
 O -1.277142 2.991952 -4.487532
 O 4.118395 1.879373 2.443539
 O 2.887880 1.198892 -3.771467
 O -4.342937 2.750239 -5.574272
 O 5.101151 -5.729590 -0.623982
 O 1.258916 -0.284157 -5.617189
 O -1.830781 0.485929 -5.147120
 O 1.129574 -0.893069 1.432438
 O 5.699303 -1.925684 -3.953362
 O 4.557233 -0.178346 -0.796338
 O 0.401058 4.203535 4.061046
 O -4.561348 0.719221 -3.758401
 O 0.524586 -3.797208 -0.504937
 O 4.886910 4.136131 -5.989453
 O 2.634369 6.276958 5.516948
 O -5.473694 5.094409 -2.252076
 O -0.140494 1.187269 -2.441310
 O -3.767572 -3.926466 -1.065123
 O -3.034147 5.637118 2.982798
 O -2.097618 3.232434 4.383889
 O -1.739210 -1.741904 -0.508550
 O -1.363452 -1.668821 5.330311
 O 0.118612 2.194524 5.688575
 O -4.844513 3.068364 1.418888
 O 3.332418 4.432579 -1.641258
 O 1.821320 -5.784559 -3.999954
 O -3.080937 4.331342 -3.084908
 O 4.625563 0.756810 6.597948
 O -1.869005 0.674737 2.204788
 O -0.003679 -1.791170 -3.721857
 O 0.081964 -3.524975 -5.852119
 O 6.454379 -5.962267 4.136352
 O 3.641613 -3.041940 0.829125
 O 5.832845 -0.710413 2.865681
 O 1.655827 3.817902 -4.392663
 O -1.531741 -6.588437 -0.176454
 O -5.277099 -1.724963 -6.053945
 O -4.377497 1.397739 -1.088130
 O 5.135716 3.468145 -3.511321
 O 1.889784 -0.634601 -1.523139
 O -4.836509 -3.052869 1.428770
 O 1.797633 2.819851 1.432075
 H -4.423966 -1.869616 -1.423135
 H -5.149876 -0.415846 -1.223053
 H 3.257338 -1.850702 6.414711
 H 2.640596 -2.309620 5.049934
 H -5.630379 5.401179 -5.073722
 H -4.733344 6.664661 -4.908832
 H 0.598877 2.643958 -1.002357
 H 1.891658 3.449623 -1.475703
 H -5.812275 0.834714 2.986278
 H -5.178768 0.956376 4.453054
 H -0.067141 6.845971 5.308844
 H 0.698789 6.252489 6.456911
 H -0.976672 -5.643726 -1.579933
 H 0.103330 -5.330696 -2.639061
 H 3.144655 1.253759 3.643483
 H 2.203402 1.719636 4.752010
 H -3.674750 -6.179261 6.420879
 H -2.074378 -6.476733 6.373107
 H 1.916009 -1.888002 2.831607
 H 2.937939 -2.702626 2.256584
 H 2.659448 -7.323148 2.690618
 H 1.430550 -6.294609 2.905549
 H -2.817654 -4.324548 4.645727
 H -4.170009 -4.105370 3.790163
 H -4.989267 -7.707563 0.854598
 H -4.871307 -6.727923 -0.196040
 H -3.174206 -4.314925 -3.283210
 H -2.975111 -5.641300 -3.673941
 H 2.412338 -2.503271 -2.372762
 H 1.993115 -3.783240 -1.639751
 H -2.542357 2.273870 -1.513293
 H -1.244034 3.117400 -1.046879
 H -1.957519 -3.278182 1.673887
 H -0.965300 -2.156309 2.170463
 H 1.408186 -3.979425 3.169119
 H -0.081019 -4.080349 2.945793
 H 5.725211 -4.513079 -4.910430
 H 4.234314 -3.904381 -5.376692
 H 4.925057 5.633594 2.537967
 H 6.202475 4.953174 2.389972
 H 5.737305 -2.989617 3.362802
 H 4.498346 -3.417114 4.204980
 H -1.751293 -2.282435 -3.790525
 H -3.247015 -2.113916 -4.159830
 H -0.469558 3.380529 -4.097526
 H -1.000262 2.081804 -4.750569
 H 4.706762 2.632568 2.662811
 H 3.509078 2.265133 1.748878
 H 2.503509 0.418829 -4.241325
 H 2.286024 1.963395 -3.972148
 H -5.071007 2.226798 -5.977656
 H -3.641483 2.072199 -5.491525
 H 5.557888 -6.119482 0.151129
 H 5.536332 -6.161704 -1.406342
 H 1.659200 -0.751646 -6.376690
 H 1.071131 0.608695 -5.987446
 H -1.587147 -0.390353 -5.507039
 H -2.783507 0.378213 -4.959348
 H 1.244877 -0.026330 1.875545
 H 1.585328 -0.732937 0.572584
 H 5.532048 -2.875262 -3.748693
 H 5.785859 -1.377408 -3.159227
 H 5.097408 0.641240 -0.898090
 H 5.050821 -0.896424 -1.270558
 H 0.494859 4.872330 4.772564
 H -0.522078 3.810280 4.221150
 H -4.418372 0.783131 -2.777004
 H -5.467622 1.027661 -3.951276
 H -0.224712 -3.840619 -1.139121
 H 0.291596 -3.023243 0.050068
 H 4.216986 4.833523 -5.902459
 H 4.987246 3.919917 -6.927078
 H 2.551905 6.363382 4.512062
 H 2.951484 7.193562 5.638223
 H -5.704335 4.209991 -2.614134
 H -4.551213 5.334257 -2.520739
 H -0.776799 0.615833 -1.979045
 H -0.751020 1.753230 -2.978948
 H -4.590550 -4.135671 -1.571844
 H -4.069730 -3.796829 -0.124092
 H -3.811154 6.246814 2.913196
 H -2.616858 5.916674 3.836767
 H -2.776509 3.935749 4.287978
 H -2.256023 2.827773 5.261618
 H -2.084168 -2.390850 -1.166419
 H -2.513621 -1.468353 0.021918
 H -1.994547 -1.803817 4.597756
 H -0.661302 -2.355648 5.282195
 H 0.059373 2.721259 4.886289
 H -0.469680 2.502592 6.402539
 H -5.314411 2.382174 1.938883
 H -4.501252 3.645531 2.144222
 H 3.782519 4.894966 -0.894860
 H 4.085825 4.215605 -2.249601
 H 2.501059 -5.929235 -4.690718
 H 2.379111 -5.197172 -3.429902
 H -3.450450 4.339727 -3.986391
 H -2.622429 5.204382 -3.030903
 H 4.019738 1.027595 7.345791
 H 4.065415 0.797570 5.791429
 H -1.848588 0.611017 1.207211
 H -2.823303 0.783052 2.382009
 H 0.728002 -1.457742 -3.163323
 H 0.338466 -1.744456 -4.632732
 H -0.286346 -4.399048 -5.573527
 H 0.968426 -3.572350 -5.452708
 H 6.783937 -6.347496 4.974679
 H 5.659504 -5.465686 4.421991
 H 3.997654 -3.925371 1.058274
 H 3.499433 -3.194489 -0.138140
 H 5.027224 -0.991131 2.373871
 H 5.385206 -0.151774 3.540165
 H 1.840669 3.970478 -5.329315
 H 1.477683 4.619586 -3.885857
 H -0.783866 -6.566985 0.450198
 H -2.367177 -6.693593 0.339028
 H -5.734798 -1.838131 -5.174381
 H -4.474648 -2.273415 -6.072365
 H -3.645283 1.097070 -0.510641
 H -4.668662 2.216148 -0.613605
 H 4.866355 3.321402 -4.463084
 H 5.005093 2.604444 -3.073172
 H 2.859518 -0.399398 -1.427561
 H 1.447103 0.230987 -1.706295
 H -4.941242 -2.704419 0.518362
 H -4.154637 -2.501667 1.864190
 H 1.232365 3.150145 2.155062
 H 1.539436 3.353419 0.635900
K_POINTS
 1
0.0 0.0 0.0 1.0