
&control
    calculation='scf'
    pseudo_dir = './',
    outdir='./outputs',
    disk_io='high'
/
&system
    ibrav= 1, celldm(1)=20.000000, nat=  192, ntyp= 2,
    ecutwfc = 30.0, nosym=.true., occupations='smearing',
    smearing='m-v', degauss=0.025
/
&electrons
    conv_thr =  1.0d-8,
    mixing_beta = 0.7
/
&ions
    pot_extrapolation='second-order'
    wfc_extrapolation='second-order'
    ion_temperature = 'andersen'
    tempw = 1000

/
ATOMIC_SPECIES
 H  1.01  H.blyp-hgh.UPF
 O  16.0  O.blyp-hgh.UPF
ATOMIC_POSITIONS bohr
 O -5.287283 -1.369569 -1.391776
 O 2.920286 -2.646837 5.950815
 O -5.471055 6.288594 -5.455739
 O 1.063800 3.516251 -0.946059
 O -5.080811 1.213242 3.507292
 O -0.217137 6.255261 6.087943
 O -0.865126 -5.383793 -2.541059
 O 2.682876 0.927681 4.469607
 O -2.844675 -6.107274 5.907143
 O 2.549786 -2.562600 3.214129
 O 2.400464 -6.388449 2.785451
 O -3.489703 -3.676159 4.332302
 O -4.765116 -6.746463 0.786790
 O -3.765385 -5.071452 -3.538289
 O 2.762146 -3.386962 -2.112839
 O -2.017544 2.580187 -0.730094
 O -1.417807 -3.015139 2.406560
 O 0.628361 -4.508452 3.503743
 O 4.761726 -4.483096 -4.795524
 O 5.282009 4.817820 2.148910
 O 5.082862 -3.707900 3.481966
 O -2.665091 -2.516510 -3.488272
 O -1.277605 2.992146 -4.487796
 O 4.119028 1.878362 2.442844
 O 2.887647 1.198711 -3.770833
 O -4.344452 2.751881 -5.572770
 O 5.100895 -5.729661 -0.622612
 O 1.255909 -0.284010 -5.618154
 O -1.832552 0.487879 -5.146321
 O 1.128333 -0.894144 1.434065
 O 5.699910 -1.927206 -3.953953
 O 4.555582 -0.178051 -0.798731
 O 0.402585 4.204258 4.061166
 O -4.559844 0.718926 -3.756024
 O 0.521092 -3.797260 -0.507154
 O 4.889188 4.135845 -5.992363
 O 2.638111 6.279079 5.519304
 O -5.473395 5.095465 -2.255661
 O -0.140372 1.186082 -2.442510
 O -3.768710 -3.926590 -1.066502
 O -3.033886 5.636777 2.983738
 O -2.099903 3.233772 4.382644
 O -1.736972 -1.743199 -0.507917
 O -1.363793 -1.668922 5.330061
 O 0.118705 2.192412 5.690717
 O -4.844991 3.066121 1.420844
 O 3.334251 4.434026 -1.643147
 O 1.818632 -5.784146 -3.999900
 O -3.081413 4.331726 -3.085374
 O 4.628238 0.757486 6.598411
 O -1.866623 0.677116 2.204595
 O -0.002895 -1.789836 -3.723175
 O 0.082616 -3.525831 -5.853209
 O 6.456474 -5.961862 4.135485
 O 3.641314 -3.040944 0.832436
 O 5.835072 -0.711965 2.866419
 O 1.655146 3.817869 -4.392411
 O -1.531733 -6.592066 -0.173979
 O -5.276188 -1.724547 -6.055995
 O -4.376003 1.399128 -1.086714
 O 5.138194 3.471971 -3.514734
 O 1.887296 -0.634932 -1.523250
 O -4.835502 -3.056067 1.432685
 O 1.796871 2.821113 1.434424
 H -4.421886 -1.868169 -1.411221
 H -5.146694 -0.416640 -1.226098
 H 3.248570 -1.847856 6.415546
 H 2.632074 -2.316981 5.050469
 H -5.630613 5.403288 -5.070461
 H -4.735383 6.670818 -4.906266
 H 0.602890 2.640898 -0.998558
 H 1.893029 3.449271 -1.475357
 H -5.814985 0.835101 2.988695
 H -5.177715 0.957051 4.451200
 H -0.067461 6.846990 5.310109
 H 0.694597 6.254656 6.460498
 H -0.974659 -5.647828 -1.581073
 H 0.102357 -5.326640 -2.639182
 H 3.139473 1.254091 3.638703
 H 2.203259 1.720171 4.752810
 H -3.676158 -6.188199 6.414212
 H -2.072368 -6.478611 6.374570
 H 1.916844 -1.885464 2.833521
 H 2.938060 -2.689278 2.254345
 H 2.658509 -7.324284 2.692684
 H 1.429867 -6.288488 2.902935
 H -2.818674 -4.327509 4.645527
 H -4.164957 -4.109207 3.785124
 H -4.992354 -7.709805 0.858058
 H -4.865606 -6.727927 -0.196309
 H -3.175402 -4.315297 -3.281561
 H -2.978018 -5.643427 -3.670192
 H 2.417524 -2.501494 -2.372945
 H 1.991209 -3.781424 -1.636816
 H -2.545283 2.273339 -1.511433
 H -1.239283 3.116784 -1.039255
 H -1.960459 -3.272025 1.670863
 H -0.961908 -2.160403 2.167820
 H 1.406908 -3.975609 3.173114
 H -0.078551 -4.080382 2.946432
 H 5.724370 -4.512594 -4.910101
 H 4.235017 -3.908765 -5.381784
 H 4.919222 5.630359 2.537048
 H 6.202656 4.958953 2.391174
 H 5.738054 -2.991241 3.363065
 H 4.502513 -3.417453 4.207359
 H -1.749790 -2.279593 -3.787682
 H -3.246051 -2.113362 -4.158933
 H -0.468455 3.383392 -4.101267
 H -0.996791 2.083167 -4.750739
 H 4.704447 2.635759 2.657420
 H 3.507089 2.255677 1.746267
 H 2.502178 0.417000 -4.238138
 H 2.289018 1.967150 -3.966242
 H -5.069531 2.229881 -5.982346
 H -3.648106 2.070512 -5.485739
 H 5.552586 -6.120175 0.154405
 H 5.544337 -6.156889 -1.402812
 H 1.653479 -0.752994 -6.378736
 H 1.072265 0.611494 -5.985461
 H -1.587333 -0.387086 -5.510182
 H -2.784662 0.377935 -4.956053
 H 1.246209 -0.026649 1.875357
 H 1.589558 -0.737515 0.576876
 H 5.534361 -2.876215 -3.749238
 H 5.779650 -1.377740 -3.159980
 H 5.096913 0.641970 -0.897409
 H 5.050375 -0.897439 -1.271915
 H 0.501953 4.872553 4.772986
 H -0.529399 3.817451 4.215913
 H -4.428371 0.788015 -2.773159
 H -5.464498 1.026040 -3.956633
 H -0.233406 -3.838005 -1.135772
 H 0.291035 -3.025564 0.053115
 H 4.220625 4.836103 -5.907964
 H 4.994464 3.918417 -6.929301
 H 2.554500 6.365538 4.513258
 H 2.954789 7.196098 5.637127
 H -5.705931 4.209591 -2.613518
 H -4.546494 5.327387 -2.517548
 H -0.775269 0.614307 -1.981511
 H -0.745245 1.762396 -2.976282
 H -4.589989 -4.128126 -1.578599
 H -4.068187 -3.804821 -0.120957
 H -3.811346 6.245520 2.907965
 H -2.617306 5.921448 3.835945
 H -2.778797 3.937515 4.285920
 H -2.262315 2.821401 5.256143
 H -2.084102 -2.392008 -1.165911
 H -2.515515 -1.466998 0.015201
 H -1.993176 -1.805865 4.596240
 H -0.659443 -2.353721 5.287359
 H 0.064999 2.725383 4.891821
 H -0.470734 2.497422 6.403460
 H -5.313099 2.377043 1.939522
 H -4.502826 3.644245 2.145516
 H 3.781921 4.898094 -0.896329
 H 4.091712 4.215741 -2.245645
 H 2.499510 -5.929904 -4.687856
 H 2.375728 -5.200550 -3.426516
 H -3.450783 4.342157 -3.987156
 H -2.628266 5.205922 -3.033309
 H 4.024063 1.023628 7.347994
 H 4.064518 0.802116 5.792106
 H -1.850342 0.601702 1.206328
 H -2.823702 0.782153 2.382002
 H 0.729613 -1.463969 -3.160924
 H 0.338047 -1.740526 -4.634594
 H -0.283714 -4.396787 -5.564572
 H 0.968737 -3.567064 -5.453789
 H 6.784941 -6.349581 4.971977
 H 5.658628 -5.467448 4.414946
 H 3.997593 -3.924867 1.057862
 H 3.493456 -3.190561 -0.134604
 H 5.027680 -0.991959 2.375713
 H 5.384406 -0.152377 3.538793
 H 1.839588 3.969654 -5.328525
 H 1.471482 4.615916 -3.885416
 H -0.788860 -6.571290 0.458204
 H -2.371576 -6.696584 0.333262
 H -5.733115 -1.835827 -5.175101
 H -4.474766 -2.273549 -6.076194
 H -3.645198 1.095360 -0.509602
 H -4.664232 2.220970 -0.615857
 H 4.860786 3.320591 -4.462622
 H 5.004244 2.609116 -3.073343
 H 2.856562 -0.400523 -1.428069
 H 1.445655 0.228934 -1.713559
 H -4.945677 -2.712652 0.520962
 H -4.154870 -2.500511 1.863630
 H 1.233550 3.154297 2.156839
 H 1.544502 3.356536 0.637732
K_POINTS
 1
0.0 0.0 0.0 1.0