
&control
    calculation='scf'
    pseudo_dir = './',
    outdir='./outputs',
    disk_io='high'
/
&system
    ibrav= 1, celldm(1)=20.000000, nat=  192, ntyp= 2,
    ecutwfc = 30.0, nosym=.true., occupations='smearing',
    smearing='m-v', degauss=0.025
/
&electrons
    conv_thr =  1.0d-8,
    mixing_beta = 0.7
/
&ions
    pot_extrapolation='second-order'
    wfc_extrapolation='second-order'
    ion_temperature = 'andersen'
    tempw = 1000

/
ATOMIC_SPECIES
 H  1.01  H.blyp-hgh.UPF
 O  16.0  O.blyp-hgh.UPF
ATOMIC_POSITIONS bohr
 O -5.287557 -1.374162 -1.388615
 O 2.917137 -2.645525 5.955608
 O -5.470726 6.291596 -5.454052
 O 1.064379 3.510789 -0.946848
 O -5.078840 1.221216 3.502114
 O -0.222251 6.254506 6.084283
 O -0.867786 -5.382333 -2.541137
 O 2.689851 0.932649 4.468343
 O -2.838331 -6.114228 5.905190
 O 2.544845 -2.564241 3.215299
 O 2.397535 -6.390588 2.778849
 O -3.488259 -3.673157 4.328622
 O -4.767984 -6.752829 0.784946
 O -3.768996 -5.070381 -3.538777
 O 2.760771 -3.392137 -2.113670
 O -2.019252 2.588566 -0.736622
 O -1.421370 -3.016425 2.400216
 O 0.630843 -4.515454 3.503807
 O 4.758992 -4.482457 -4.794102
 O 5.284523 4.813341 2.149002
 O 5.085772 -3.714158 3.483157
 O -2.661676 -2.511807 -3.483281
 O -1.278885 2.992671 -4.488563
 O 4.121000 1.875386 2.440652
 O 2.886952 1.198220 -3.768926
 O -4.349020 2.756784 -5.568417
 O 5.100127 -5.729919 -0.618560
 O 1.247006 -0.283565 -5.621079
 O -1.837967 0.493714 -5.143905
 O 1.124662 -0.897261 1.438975
 O 5.701627 -1.931816 -3.955769
 O 4.550711 -0.177162 -0.806022
 O 0.407064 4.206370 4.061428
 O -4.555295 0.717951 -3.748794
 O 0.510525 -3.797401 -0.513800
 O 4.896046 4.134948 -6.001021
 O 2.649400 6.285592 5.526231
 O -5.472560 5.098758 -2.266302
 O -0.140034 1.182607 -2.446119
 O -3.772267 -3.926862 -1.070516
 O -3.033146 5.635844 2.986650
 O -2.106808 3.237800 4.378944
 O -1.730301 -1.747085 -0.506017
 O -1.364827 -1.669127 5.329316
 O 0.119239 2.185670 5.697332
 O -4.846438 3.059394 1.426795
 O 3.339947 4.438364 -1.648788
 O 1.810740 -5.782813 -3.999727
 O -3.082819 4.333106 -3.086774
 O 4.636303 0.759526 6.599805
 O -1.859562 0.684141 2.203713
 O -0.000519 -1.785906 -3.727017
 O 0.084604 -3.528510 -5.856406
 O 6.462789 -5.960765 4.132903
 O 3.640497 -3.038100 0.842243
 O 5.841454 -0.716646 2.868636
 O 1.653078 3.817392 -4.391593
 O -1.531717 -6.602947 -0.166555
 O -5.273414 -1.723260 -6.062227
 O -4.371580 1.403286 -1.082326
 O 5.145634 3.483262 -3.524890
 O 1.879899 -0.635856 -1.523518
 O -4.832412 -3.065709 1.444403
 O 1.794626 2.824894 1.441581
 H -4.416669 -1.862913 -1.376142
 H -5.136290 -0.419108 -1.235040
 H 3.222724 -1.839595 6.417967
 H 2.607276 -2.340061 5.052376
 H -5.631835 5.409749 -5.060668
 H -4.742526 6.689870 -4.897791
 H 0.615687 2.632194 -0.987674
 H 1.897492 3.448829 -1.474110
 H -5.823038 0.834988 2.996296
 H -5.174757 0.958798 4.444594
 H -0.068724 6.850207 5.313738
 H 0.681688 6.260985 6.471412
 H -0.969349 -5.660640 -1.585249
 H 0.099397 -5.314780 -2.640347
 H 3.124189 1.254997 3.624636
 H 2.202114 1.721999 4.755673
 H -3.680155 -6.215476 6.393720
 H -2.066387 -6.484139 6.379125
 H 1.919118 -1.877989 2.840440
 H 2.938960 -2.650125 2.249779
 H 2.654750 -7.327807 2.698740
 H 1.427831 -6.270328 2.894764
 H -2.823103 -4.336183 4.644540
 H -4.149777 -4.121428 3.770463
 H -5.001438 -7.716045 0.868805
 H -4.848294 -6.727025 -0.196941
 H -3.179979 -4.314489 -3.276918
 H -2.987181 -5.650301 -3.659255
 H 2.433228 -2.496706 -2.373091
 H 1.985411 -3.775320 -1.627554
 H -2.552815 2.273315 -1.505481
 H -1.226731 3.114383 -1.016388
 H -1.970072 -3.253963 1.660009
 H -0.952583 -2.173776 2.159818
 H 1.403170 -3.964433 3.186282
 H -0.071623 -4.081050 2.949116
 H 5.721714 -4.511201 -4.910813
 H 4.238551 -3.921221 -5.397573
 H 4.901090 5.620957 2.534463
 H 6.204100 4.976435 2.395029
 H 5.740217 -2.996177 3.364083
 H 4.515001 -3.417815 4.214351
 H -1.745006 -2.271143 -3.778559
 H -3.243361 -2.111648 -4.156114
 H -0.464879 3.392474 -4.112916
 H -0.987600 2.086350 -4.750416
 H 4.697198 2.645484 2.641121
 H 3.500844 2.227162 1.739352
 H 2.497439 0.412092 -4.228406
 H 2.298440 1.977853 -3.948390
 H -5.065078 2.239798 -5.996009
 H -3.667968 2.065773 -5.467796
 H 5.536882 -6.122286 0.164146
 H 5.568283 -6.142129 -1.391476
 H 1.635962 -0.756630 -6.384758
 H 1.074907 0.619780 -5.979810
 H -1.587302 -0.377299 -5.520601
 H -2.788315 0.377141 -4.945510
 H 1.249663 -0.027718 1.874896
 H 1.601974 -0.751823 0.589330
 H 5.540722 -2.878429 -3.750250
 H 5.761633 -1.379474 -3.161789
 H 5.094779 0.643074 -0.895312
 H 5.048892 -0.899550 -1.274890
 H 0.522824 4.873003 4.774249
 H -0.551215 3.840926 4.199145
 H -4.458804 0.803193 -2.763048
 H -5.454756 1.021099 -3.972639
 H -0.259183 -3.830282 -1.125645
 H 0.289702 -3.032705 0.062004
 H 4.231394 4.844340 -5.925350
 H 5.015766 3.914086 -6.936326
 H 2.562087 6.370314 4.516959
 H 2.964804 7.203923 5.635033
 H -5.710419 4.209135 -2.612023
 H -4.533261 5.305543 -2.507833
 H -0.770813 0.609120 -1.988699
 H -0.727260 1.789418 -2.967972
 H -4.587440 -4.105698 -1.598257
 H -4.063042 -3.830060 -0.112620
 H -3.811271 6.240832 2.892142
 H -2.619207 5.935614 3.833070
 H -2.785441 3.942614 4.279621
 H -2.281373 2.802479 5.239241
 H -2.084170 -2.394954 -1.164304
 H -2.520864 -1.463246 -0.005175
 H -1.988683 -1.812488 4.591812
 H -0.654683 -2.348053 5.303015
 H 0.082248 2.738262 4.908438
 H -0.473905 2.483238 6.405043
 H -5.308861 2.361974 1.941444
 H -4.506750 3.639487 2.148916
 H 3.779523 4.907708 -0.901090
 H 4.108637 4.216334 -2.234169
 H 2.494606 -5.932354 -4.679695
 H 2.364953 -5.210542 -3.415813
 H -3.451635 4.348454 -3.989854
 H -2.645111 5.209507 -3.039940
 H 4.037421 1.011695 7.354021
 H 4.061581 0.815882 5.794370
 H -1.855065 0.574341 1.205575
 H -2.824666 0.779785 2.382584
 H 0.733877 -1.482288 -3.153659
 H 0.336612 -1.728317 -4.640195
 H -0.276185 -4.389255 -5.538036
 H 0.970168 -3.550864 -5.457293
 H 6.787978 -6.355558 4.964154
 H 5.656570 -5.472060 4.393252
 H 3.997729 -3.923094 1.057275
 H 3.474936 -3.177983 -0.124038
 H 5.029777 -0.994725 2.380648
 H 5.382243 -0.155016 3.535035
 H 1.836022 3.968048 -5.326364
 H 1.453442 4.606781 -3.884174
 H -0.804444 -6.584331 0.482448
 H -2.384107 -6.705413 0.316097
 H -5.727638 -1.828662 -5.177738
 H -4.475201 -2.274291 -6.087963
 H -3.645012 1.090461 -0.506465
 H -4.650693 2.235086 -0.622831
 H 4.844600 3.318661 -4.460940
 H 5.001379 2.623268 -3.074340
 H 2.846946 -0.403832 -1.429578
 H 1.441564 0.222203 -1.735783
 H -4.959883 -2.736182 0.529503
 H -4.155876 -2.496946 1.862015
 H 1.237066 3.166768 2.162552
 H 1.559515 3.365619 0.642430
K_POINTS
 1
0.0 0.0 0.0 1.0