
&control
    calculation='scf'
    pseudo_dir = './',
    outdir='./outputs',
    disk_io='high'
/
&system
    ibrav= 1, celldm(1)=20.000000, nat=  192, ntyp= 2,
    ecutwfc = 30.0, nosym=.true., occupations='smearing',
    smearing='m-v', degauss=0.025
/
&electrons
    conv_thr =  1.0d-8,
    mixing_beta = 0.7
/
&ions
    pot_extrapolation='second-order'
    wfc_extrapolation='second-order'
    ion_temperature = 'andersen'
    tempw = 1000

/
ATOMIC_SPECIES
 H  1.01  H.blyp-hgh.UPF
 O  16.0  O.blyp-hgh.UPF
ATOMIC_POSITIONS bohr
 O -5.287702 -1.377314 -1.386449
 O 2.915004 -2.644604 5.958768
 O -5.470361 6.293572 -5.452910
 O 1.064603 3.507064 -0.947371
 O -5.077421 1.226712 3.498730
 O -0.225545 6.253964 6.081808
 O -0.869558 -5.381344 -2.541074
 O 2.694542 0.935949 4.467448
 O -2.834064 -6.118855 5.903791
 O 2.541479 -2.565169 3.215696
 O 2.395712 -6.391965 2.774489
 O -3.487234 -3.671117 4.326210
 O -4.769908 -6.757168 0.783540
 O -3.771220 -5.069747 -3.539118
 O 2.759848 -3.395594 -2.114243
 O -2.020367 2.594112 -0.740942
 O -1.423532 -3.017103 2.396120
 O 0.632472 -4.520094 3.503709
 O 4.756997 -4.482106 -4.792956
 O 5.286074 4.810310 2.149062
 O 5.087708 -3.718368 3.483963
 O -2.659394 -2.508667 -3.479977
 O -1.279630 2.992979 -4.489043
 O 4.122379 1.873444 2.439097
 O 2.886501 1.197926 -3.767646
 O -4.352086 2.760041 -5.565644
 O 5.099612 -5.730122 -0.615912
 O 1.241173 -0.283264 -5.623059
 O -1.841660 0.497578 -5.142289
 O 1.122263 -0.899250 1.442273
 O 5.702689 -1.934907 -3.957016
 O 4.547536 -0.176569 -0.810974
 O 0.409919 4.207715 4.061529
 O -4.552238 0.717231 -3.743885
 O 0.503402 -3.797472 -0.518223
 O 4.900626 4.134329 -6.006734
 O 2.656976 6.290058 5.530711
 O -5.472051 5.101059 -2.273298
 O -0.139807 1.180378 -2.448541
 O -3.774748 -3.926955 -1.073061
 O -3.032689 5.635291 2.988657
 O -2.111446 3.240500 4.376497
 O -1.725903 -1.749686 -0.504755
 O -1.365527 -1.669175 5.328827
 O 0.119817 2.180839 5.701872
 O -4.847416 3.054910 1.430822
 O 3.343905 4.441249 -1.652523
 O 1.805603 -5.781849 -3.999595
 O -3.083753 4.334197 -3.087721
 O 4.641700 0.760892 6.600703
 O -1.854965 0.688733 2.202864
 O 0.001081 -1.783348 -3.729483
 O 0.085954 -3.530382 -5.858478
 O 6.467030 -5.960133 4.131170
 O 3.640013 -3.036314 0.848664
 O 5.845442 -0.719788 2.870114
 O 1.651683 3.816737 -4.390995
 O -1.531708 -6.610192 -0.161617
 O -5.271540 -1.722362 -6.066442
 O -4.368688 1.406051 -1.079295
 O 5.150587 3.490614 -3.531573
 O 1.875018 -0.636431 -1.523644
 O -4.830296 -3.072180 1.452188
 O 1.793171 2.827407 1.446432
 H -4.414068 -1.858745 -1.353363
 H -5.128749 -0.420879 -1.240842
 H 3.205907 -1.834218 6.419506
 H 2.591458 -2.356197 5.053980
 H -5.633072 5.414194 -5.054114
 H -4.748205 6.702947 -4.891612
 H 0.624798 2.626671 -0.980861
 H 1.900692 3.449044 -1.473074
 H -5.828194 0.833950 3.001670
 H -5.172905 0.959756 4.439361
 H -0.069813 6.852548 5.315950
 H 0.672849 6.265062 6.478833
 H -0.966419 -5.669593 -1.588628
 H 0.097367 -5.307123 -2.641793
 H 3.114267 1.255550 3.615532
 H 2.200826 1.723298 4.757914
 H -3.682625 -6.234029 6.379688
 H -2.062525 -6.487710 6.382240
 H 1.920333 -1.873104 2.846083
 H 2.940039 -2.624970 2.248559
 H 2.651389 -7.330249 2.702658
 H 1.426521 -6.258439 2.889059
 H -2.827240 -4.341622 4.643563
 H -4.139591 -4.130018 3.761135
 H -5.007335 -7.719703 0.876152
 H -4.836634 -6.725749 -0.197276
 H -3.183835 -4.312403 -3.274117
 H -2.993620 -5.655270 -3.652237
 H 2.443816 -2.494097 -2.372818
 H 1.981561 -3.770630 -1.621102
 H -2.556754 2.274622 -1.501403
 H -1.219758 3.112367 -1.001332
 H -1.977090 -3.242255 1.651391
 H -0.947003 -2.183438 2.154422
 H 1.400814 -3.957240 3.196035
 H -0.067495 -4.081992 2.951509
 H 5.719820 -4.510364 -4.912695
 H 4.242051 -3.928925 -5.408509
 H 4.888527 5.614829 2.532829
 H 6.205659 4.988210 2.397795
 H 5.741613 -2.999553 3.364927
 H 4.523296 -3.417548 4.218881
 H -1.741616 -2.265582 -3.771990
 H -3.241704 -2.110467 -4.154107
 H -0.462392 3.398897 -4.121087
 H -0.982533 2.087727 -4.749477
 H 4.692068 2.652065 2.630129
 H 3.496476 2.208098 1.735497
 H 2.493646 0.409435 -4.221772
 H 2.305025 1.984459 -3.936453
 H -5.062192 2.246970 -6.004813
 H -3.681064 2.062824 -5.455309
 H 5.526622 -6.123746 0.170609
 H 5.584170 -6.132063 -1.383329
 H 1.623973 -0.758657 -6.388660
 H 1.076048 0.625142 -5.976299
 H -1.586857 -0.370689 -5.528319
 H -2.790862 0.376632 -4.937940
 H 1.251485 -0.028521 1.874682
 H 1.610001 -0.761826 0.597249
 H 5.544441 -2.879483 -3.750402
 H 5.750125 -1.381246 -3.162651
 H 5.092813 0.642870 -0.893882
 H 5.047761 -0.900114 -1.275926
 H 0.536326 4.873081 4.775043
 H -0.565234 3.858207 4.187173
 H -4.479335 0.813726 -2.757482
 H -5.448011 1.017753 -3.983320
 H -0.276057 -3.825254 -1.118823
 H 0.289121 -3.037661 0.067685
 H 4.238549 4.850144 -5.937700
 H 5.029650 3.911367 -6.941269
 H 2.566972 6.372068 4.519632
 H 2.971567 7.209329 5.634663
 H -5.713156 4.209467 -2.611324
 H -4.525248 5.289950 -2.501251
 H -0.768110 0.605137 -1.993319
 H -0.714774 1.806926 -2.962103
 H -4.585091 -4.090941 -1.610799
 H -4.059207 -3.847918 -0.108221
 H -3.810672 6.237041 2.881508
 H -2.620923 5.944935 3.830885
 H -2.789674 3.945818 4.275355
 H -2.294212 2.790070 5.227576
 H -2.084355 -2.396454 -1.163170
 H -2.524129 -1.460960 -0.018893
 H -1.985346 -1.817321 4.588967
 H -0.652210 -2.344405 5.313557
 H 0.094044 2.747348 4.919529
 H -0.476119 2.474934 6.405205
 H -5.305747 2.352265 1.942731
 H -4.508698 3.635566 2.150849
 H 3.777423 4.914332 -0.904525
 H 4.119290 4.216888 -2.226902
 H 2.491213 -5.934364 -4.674695
 H 2.357292 -5.217034 -3.408206
 H -3.452100 4.351768 -3.991957
 H -2.655633 5.211227 -3.043809
 H 4.046572 1.003756 7.357635
 H 4.059567 0.825137 5.796249
 H -1.857726 0.556625 1.206732
 H -2.824833 0.778460 2.383443
 H 0.736241 -1.494210 -3.148822
 H 0.335531 -1.719797 -4.643872
 H -0.271513 -4.383659 -5.520629
 H 0.971595 -3.539781 -5.459829
 H 6.789994 -6.359309 4.959286
 H 5.655663 -5.474564 4.378404
 H 3.998083 -3.921729 1.057440
 H 3.462140 -3.168954 -0.116994
 H 5.031857 -0.996821 2.383433
 H 5.381043 -0.157467 3.532856
 H 1.833382 3.967726 -5.325164
 H 1.441857 4.602397 -3.883350
 H -0.815332 -6.593125 0.498811
 H -2.391938 -6.711199 0.304832
 H -5.723602 -1.823693 -5.179943
 H -4.475512 -2.275104 -6.096027
 H -3.644925 1.087418 -0.504315
 H -4.641442 2.244160 -0.627626
 H 4.834264 3.317834 -4.459667
 H 4.999249 2.632917 -3.075424
 H 2.840003 -0.405948 -1.430572
 H 1.438994 0.217336 -1.750951
 H -4.970074 -2.750913 0.535835
 H -4.156782 -2.494464 1.860999
 H 1.239331 3.175123 2.166713
 H 1.569340 3.371425 0.644957
K_POINTS
 1
0.0 0.0 0.0 1.0