
&control
    calculation='scf'
    pseudo_dir = './',
    outdir='./outputs',
    disk_io='high'
/
&system
    ibrav= 1, celldm(1)=20.000000, nat=  192, ntyp= 2,
    ecutwfc = 30.0, nosym=.true., occupations='smearing',
    smearing='m-v', degauss=0.025
/
&electrons
    conv_thr =  1.0d-8,
    mixing_beta = 0.7
/
&ions
    pot_extrapolation='second-order'
    wfc_extrapolation='second-order'
    ion_temperature = 'andersen'
    tempw = 1000

/
ATOMIC_SPECIES
 H  1.01  H.blyp-hgh.UPF
 O  16.0  O.blyp-hgh.UPF
ATOMIC_POSITIONS bohr
 O -5.287760 -1.378910 -1.385345
 O 2.913924 -2.644137 5.960334
 O -5.470131 6.294555 -5.452332
 O 1.064673 3.505183 -0.947632
 O -5.076688 1.229508 3.497056
 O -0.227158 6.253679 6.080563
 O -0.870443 -5.380846 -2.541008
 O 2.696895 0.937599 4.466987
 O -2.831919 -6.121166 5.903065
 O 2.539777 -2.565580 3.215781
 O 2.394841 -6.392637 2.772321
 O -3.486704 -3.670096 4.325013
 O -4.770872 -6.759366 0.782791
 O -3.772278 -5.069450 -3.539291
 O 2.759381 -3.397323 -2.114532
 O -2.020920 2.596871 -0.743078
 O -1.424557 -3.017397 2.394105
 O 0.633281 -4.522404 3.503619
 O 4.755950 -4.481952 -4.792326
 O 5.286816 4.808787 2.149095
 O 5.088673 -3.720483 3.484371
 O -2.658251 -2.507096 -3.478332
 O -1.279964 2.993123 -4.489272
 O 4.123089 1.872486 2.438293
 O 2.886283 1.197786 -3.767000
 O -4.353625 2.761667 -5.564297
 O 5.099353 -5.730231 -0.614603
 O 1.238288 -0.283110 -5.624058
 O -1.843531 0.499497 -5.141482
 O 1.121078 -0.900218 1.443930
 O 5.703198 -1.936452 -3.957651
 O 4.545969 -0.176274 -0.813476
 O 0.411295 4.208364 4.061561
 O -4.550704 0.716852 -3.741402
 O 0.499815 -3.797499 -0.520431
 O 4.902915 4.134016 -6.009574
 O 2.660779 6.292329 5.532905
 O -5.471809 5.102240 -2.276766
 O -0.139685 1.179294 -2.449759
 O -3.776016 -3.926974 -1.074286
 O -3.032471 5.635034 2.989676
 O -2.113774 3.241856 4.375277
 O -1.723724 -1.750991 -0.504128
 O -1.365881 -1.669171 5.328586
 O 0.120176 2.178324 5.704170
 O -4.847911 3.052667 1.432848
 O 3.345931 4.442688 -1.654382
 O 1.803067 -5.781346 -3.999522
 O -3.084224 4.334788 -3.088202
 O 4.644401 0.761577 6.601133
 O -1.852711 0.691000 2.202361
 O 0.001885 -1.782089 -3.730687
 O 0.086638 -3.531342 -5.859498
 O 6.469162 -5.959847 4.130294
 O 3.639788 -3.035451 0.851837
 O 5.847353 -0.721364 2.870853
 O 1.650981 3.816306 -4.390678
 O -1.531702 -6.613809 -0.159154
 O -5.270598 -1.721899 -6.068565
 O -4.367261 1.407433 -1.077751
 O 5.153059 3.494231 -3.534885
 O 1.872592 -0.636710 -1.523691
 O -4.829224 -3.075430 1.456070
 O 1.792457 2.828661 1.448877
 H -4.413034 -1.856494 -1.342173
 H -5.124831 -0.421818 -1.243696
 H 3.197629 -1.831541 6.420251
 H 2.583783 -2.364463 5.054904
 H -5.633813 5.416467 -5.050825
 H -4.751335 6.709564 -4.888399
 H 0.629508 2.623953 -0.977591
 H 1.902338 3.449304 -1.472485
 H -5.830660 0.833174 3.004452
 H -5.172000 0.960180 4.436516
 H -0.070428 6.853795 5.316976
 H 0.668373 6.267058 6.482593
 H -0.965135 -5.674191 -1.590480
 H 0.096326 -5.303368 -2.642715
 H 3.109399 1.255820 3.611078
 H 2.200050 1.723936 4.759116
 H -3.683796 -6.243409 6.372571
 H -2.060656 -6.489454 6.383802
 H 1.920817 -1.870685 2.849225
 H 2.940730 -2.612737 2.248501
 H 2.649432 -7.331497 2.704581
 H 1.425895 -6.252572 2.886135
 H -2.829664 -4.344196 4.642986
 H -4.134464 -4.134397 3.756626
 H -5.010233 -7.721356 0.879842
 H -4.830783 -6.724937 -0.197435
 H -3.186000 -4.310920 -3.272820
 H -2.996926 -5.657861 -3.648815
 H 2.449143 -2.493001 -2.372563
 H 1.979664 -3.768079 -1.617823
 H -2.558395 2.275669 -1.499399
 H -1.216673 3.111252 -0.993916
 H -1.980747 -3.236492 1.646723
 H -0.944374 -2.188434 2.151702
 H 1.399690 -3.953729 3.201198
 H -0.065606 -4.082615 2.952873
 H 5.718830 -4.509987 -4.914053
 H 4.244131 -3.932594 -5.414091
 H 4.882123 5.611766 2.532020
 H 6.206556 4.994131 2.399231
 H 5.742307 -3.001276 3.365391
 H 4.527429 -3.417273 4.221103
 H -1.739869 -2.262825 -3.768563
 H -3.240907 -2.109867 -4.153059
 H -0.461155 3.402205 -4.125308
 H -0.980328 2.088197 -4.748783
 H 4.689401 2.655374 2.624591
 H 3.494239 2.198571 1.733792
 H 2.491556 0.408327 -4.218412
 H 2.308387 1.987591 -3.930496
 H -5.060805 2.250723 -6.009136
 H -3.687532 2.061397 -5.448896
 H 5.521565 -6.124497 0.173840
 H 5.592086 -6.126975 -1.379090
 H 1.617882 -0.759537 -6.390578
 H 1.076436 0.627752 -5.974620
 H -1.586530 -0.367325 -5.532392
 H -2.792153 0.376379 -4.933996
 H 1.252244 -0.028949 1.874604
 H 1.613930 -0.766961 0.601090
 H 5.546134 -2.879923 -3.750319
 H 5.744519 -1.382317 -3.162991
 H 5.091672 0.642486 -0.893160
 H 5.047151 -0.900134 -1.276155
 H 0.542934 4.873043 4.775410
 H -0.571973 3.867328 4.180979
 H -4.489636 0.819108 -2.755043
 H -5.444578 1.016067 -3.988682
 H -0.284385 -3.822784 -1.115391
 H 0.288927 -3.040209 0.070443
 H 4.242151 4.853107 -5.944111
 H 5.036492 3.910067 -6.943803
 H 2.569363 6.372513 4.521060
 H 2.974975 7.212087 5.634792
 H -5.714451 4.209824 -2.611064
 H -4.521490 5.281847 -2.497932
 H -0.766878 0.602988 -1.995582
 H -0.708400 1.815495 -2.959049
 H -4.583748 -4.083629 -1.616887
 H -4.057180 -3.857146 -0.106439
 H -3.810214 6.234953 2.876171
 H -2.621909 5.949563 3.829738
 H -2.791731 3.947354 4.273210
 H -2.300666 2.783940 5.221625
 H -2.084465 -2.397061 -1.162589
 H -2.525665 -1.459867 -0.025775
 H -1.983570 -1.819868 4.587577
 H -0.651187 -2.342634 5.318850
 H 0.100027 2.752051 4.925087
 H -0.477285 2.471140 6.405049
 H -5.304096 2.347527 1.943379
 H -4.509469 3.633385 2.151740
 H 3.776224 4.917718 -0.906310
 H 4.124427 4.217213 -2.223400
 H 2.489506 -5.935482 -4.672349
 H 2.353332 -5.220216 -3.404258
 H -3.452305 4.353145 -3.993089
 H -2.660636 5.211949 -3.045561
 H 4.051197 0.999805 7.359348
 H 4.058587 0.829779 5.797347
 H -1.858899 0.547936 1.207818
 H -2.824695 0.777870 2.384003
 H 0.737276 -1.500086 -3.146425
 H 0.334960 -1.715416 -4.645673
 H -0.269293 -4.380705 -5.512012
 H 0.972460 -3.534155 -5.461156
 H 6.790990 -6.361113 4.956987
 H 5.655347 -5.475642 4.370889
 H 3.998337 -3.921002 1.057691
 H 3.455622 -3.164254 -0.113459
 H 5.033117 -0.997950 2.384667
 H 5.380526 -0.158897 3.531875
 H 1.831985 3.967794 -5.324651
 H 1.436193 4.600740 -3.882931
 H -0.820925 -6.597550 0.507055
 H -2.395708 -6.714069 0.299273
 H -5.721463 -1.821158 -5.181192
 H -4.475662 -2.275615 -6.100119
 H -3.644885 1.085971 -0.503210
 H -4.636746 2.248586 -0.630056
 H 4.829237 3.317570 -4.459012
 H 4.998133 2.637829 -3.076095
 H 2.836405 -0.406968 -1.431064
 H 1.437740 0.214817 -1.758639
 H -4.975375 -2.757999 0.539198
 H -4.157300 -2.493183 1.860511
 H 1.240428 3.179321 2.168906
 H 1.574189 3.374241 0.646063
K_POINTS
 1
0.0 0.0 0.0 1.0