
&control
    calculation='scf'
    pseudo_dir = './',
    outdir='./outputs',
    disk_io='high'
/
&system
    ibrav= 1, celldm(1)=20.000000, nat=  192, ntyp= 2,
    ecutwfc = 30.0, nosym=.true., occupations='smearing',
    smearing='m-v', degauss=0.025
/
&electrons
    conv_thr =  1.0d-8,
    mixing_beta = 0.7
/
&ions
    pot_extrapolation='second-order'
    wfc_extrapolation='second-order'
    ion_temperature = 'andersen'
    tempw = 1000

/
ATOMIC_SPECIES
 H  1.01  H.blyp-hgh.UPF
 O  16.0  O.blyp-hgh.UPF
ATOMIC_POSITIONS bohr
 O -5.287806 -1.380518 -1.384227
 O 2.912835 -2.643668 5.961891
 O -5.469868 6.295536 -5.451748
 O 1.064718 3.503292 -0.947894
 O -5.075944 1.232333 3.495392
 O -0.228750 6.253383 6.079313
 O -0.871326 -5.380344 -2.540921
 O 2.699252 0.939252 4.466519
 O -2.829768 -6.123477 5.902323
 O 2.538062 -2.565953 3.215789
 O 2.393997 -6.393297 2.770163
 O -3.486164 -3.669080 4.323820
 O -4.771838 -6.761583 0.782014
 O -3.773302 -5.069165 -3.539465
 O 2.758908 -3.399052 -2.114822
 O -2.021469 2.599620 -0.745191
 O -1.425550 -3.017666 2.392109
 O 0.634087 -4.524706 3.503503
 O 4.754872 -4.481811 -4.791658
 O 5.287539 4.807261 2.149131
 O 5.089637 -3.722602 3.484784
 O -2.657107 -2.505524 -3.476692
 O -1.280270 2.993261 -4.489490
 O 4.123813 1.871535 2.437469
 O 2.886071 1.197649 -3.766350
 O -4.355169 2.763293 -5.562974
 O 5.099093 -5.730345 -0.613305
 O 1.235424 -0.282954 -5.625064
 O -1.845417 0.501406 -5.140677
 O 1.119905 -0.901169 1.445591
 O 5.703692 -1.937994 -3.958293
 O 4.544416 -0.175981 -0.815996
 O 0.412632 4.208995 4.061580
 O -4.549169 0.716459 -3.738902
 O 0.496212 -3.797518 -0.522636
 O 4.905200 4.133703 -6.012404
 O 2.664592 6.294625 5.535066
 O -5.471576 5.103441 -2.280213
 O -0.139556 1.178232 -2.450982
 O -3.777301 -3.926975 -1.075476
 O -3.032261 5.634788 2.990704
 O -2.116107 3.243215 4.374060
 O -1.721560 -1.752301 -0.503503
 O -1.366237 -1.669146 5.328347
 O 0.120581 2.175744 5.706483
 O -4.848410 3.050422 1.434882
 O 3.347987 4.444124 -1.656234
 O 1.800550 -5.780830 -3.999444
 O -3.084700 4.335406 -3.088690
 O 4.647103 0.762262 6.601546
 O -1.850491 0.693249 2.201808
 O 0.002690 -1.780844 -3.731871
 O 0.087328 -3.532316 -5.860506
 O 6.471302 -5.959582 4.129407
 O 3.639573 -3.034605 0.854984
 O 5.849208 -0.722944 2.871593
 O 1.650277 3.815805 -4.390348
 O -1.531695 -6.617424 -0.156698
 O -5.269653 -1.721426 -6.070700
 O -4.365848 1.408813 -1.076189
 O 5.155526 3.497807 -3.538175
 O 1.870173 -0.636987 -1.523729
 O -4.828141 -3.078689 1.459945
 O 1.791751 2.829914 1.451334
 H -4.412175 -1.854150 -1.331120
 H -5.120831 -0.422801 -1.246521
 H 3.189440 -1.828860 6.420977
 H 2.576274 -2.372847 5.055917
 H -5.634633 5.418776 -5.047526
 H -4.754664 6.716218 -4.885117
 H 0.634312 2.621244 -0.974413
 H 1.904003 3.449665 -1.471844
 H -5.833028 0.832244 3.007299
 H -5.171102 0.960567 4.433534
 H -0.071089 6.855099 5.317940
 H 0.663866 6.269027 6.486389
 H -0.963971 -5.678868 -1.592434
 H 0.095266 -5.299661 -2.643769
 H 3.104597 1.256089 3.606696
 H 2.199199 1.724549 4.760363
 H -3.684920 -6.252854 6.365393
 H -2.058838 -6.491167 6.385360
 H 1.921203 -1.868279 2.852583
 H 2.941526 -2.600760 2.248810
 H 2.647282 -7.332762 2.706480
 H 1.425294 -6.246763 2.883166
 H -2.832322 -4.346659 4.642356
 H -4.129309 -4.138809 3.752230
 H -5.013098 -7.722886 0.883525
 H -4.824927 -6.724020 -0.197597
 H -3.188322 -4.309160 -3.271599
 H -3.000284 -5.660517 -3.645451
 H 2.454490 -2.492055 -2.372225
 H 1.977796 -3.765382 -1.614522
 H -2.559821 2.276974 -1.497453
 H -1.213845 3.110076 -0.986597
 H -1.984480 -3.230784 1.641850
 H -0.941836 -2.193508 2.148964
 H 1.398610 -3.950280 3.206548
 H -0.063846 -4.083342 2.954340
 H 5.717807 -4.509643 -4.915684
 H 4.246425 -3.936142 -5.419743
 H 4.875647 5.608686 2.531206
 H 6.207500 5.000070 2.400697
 H 5.743003 -3.003026 3.365878
 H 4.531551 -3.416911 4.223293
 H -1.738092 -2.260084 -3.765044
 H -3.240124 -2.109261 -4.151978
 H -0.459937 3.405569 -4.129627
 H -0.978346 2.088526 -4.747936
 H 4.686661 2.658689 2.619022
 H 3.491969 2.189057 1.732235
 H 2.489336 0.407380 -4.215024
 H 2.311785 1.990604 -3.924555
 H -5.059468 2.254585 -6.013413
 H -3.693932 2.059996 -5.442366
 H 5.516560 -6.125266 0.177076
 H 5.599980 -6.121855 -1.374745
 H 1.611727 -0.760323 -6.392476
 H 1.076703 0.630304 -5.972993
 H -1.586146 -0.363905 -5.536597
 H -2.793446 0.376126 -4.929948
 H 1.252899 -0.029392 1.874546
 H 1.617799 -0.772185 0.604853
 H 5.547711 -2.880321 -3.750131
 H 5.739012 -1.383512 -3.163276
 H 5.090432 0.641922 -0.892435
 H 5.046515 -0.899980 -1.276193
 H 0.549437 4.872950 4.775750
 H -0.578486 3.876761 4.174661
 H -4.499944 0.824564 -2.752826
 H -5.441111 1.014372 -3.994068
 H -0.292632 -3.820346 -1.111945
 H 0.288799 -3.042809 0.073143
 H 4.245784 4.856096 -5.950682
 H 5.043263 3.908809 -6.946370
 H 2.571719 6.372673 4.522562
 H 2.978398 7.214880 5.635129
 H -5.715698 4.210308 -2.610866
 H -4.517900 5.273543 -2.494597
 H -0.765741 0.600737 -1.997818
 H -0.701947 1.823928 -2.955908
 H -4.582306 -4.076365 -1.622846
 H -4.055088 -3.866566 -0.104960
 H -3.809656 6.232743 2.870822
 H -2.622975 5.954172 3.828567
 H -2.793751 3.948844 4.271063
 H -2.307140 2.777866 5.215594
 H -2.084577 -2.397572 -1.162001
 H -2.527132 -1.458801 -0.032665
 H -1.981720 -1.822505 4.586207
 H -0.650307 -2.340903 5.324153
 H 0.106065 2.756863 4.930662
 H -0.478504 2.467590 6.404751
 H -5.302380 2.342873 1.944032
 H -4.510101 3.631062 2.152591
 H 3.774930 4.921157 -0.908133
 H 4.129438 4.217571 -2.219994
 H 2.487801 -5.936675 -4.670113
 H 2.349293 -5.223349 -3.400212
 H -3.452493 4.354330 -3.994267
 H -2.665446 5.212606 -3.047184
 H 4.055845 0.995872 7.361010
 H 4.057644 0.834426 5.798570
 H -1.859962 0.539362 1.209240
 H -2.824378 0.777327 2.384647
 H 0.738215 -1.505909 -3.144050
 H 0.334374 -1.710949 -4.647437
 H -0.267154 -4.377651 -5.503452
 H 0.973428 -3.528473 -5.462520
 H 6.791972 -6.362869 4.954791
 H 5.655122 -5.476604 4.363324
 H 3.998642 -3.920248 1.058054
 H 3.449032 -3.159436 -0.109908
 H 5.034530 -0.999136 2.385792
 H 5.380068 -0.160460 3.530972
 H 1.830536 3.968017 -5.324201
 H 1.430614 4.599438 -3.882509
 H -0.826616 -6.601992 0.515343
 H -2.399385 -6.716925 0.293769
 H -5.719241 -1.818593 -5.182539
 H -4.475804 -2.276199 -6.104250
 H -3.644844 1.084578 -0.502080
 H -4.632000 2.252934 -0.632500
 H 4.824308 3.317411 -4.458355
 H 4.996988 2.642807 -3.076851
 H 2.832741 -0.407957 -1.431552
 H 1.436499 0.212255 -1.766395
 H -4.980808 -2.764904 0.542695
 H -4.157861 -2.491874 1.860038
 H 1.241497 3.183535 2.171174
 H 1.578992 3.376994 0.647076
K_POINTS
 1
0.0 0.0 0.0 1.0