
&control
    calculation='scf'
    pseudo_dir = './',
    outdir='./outputs',
    disk_io='high'
/
&system
    ibrav= 1, celldm(1)=20.000000, nat=  192, ntyp= 2,
    ecutwfc = 30.0, nosym=.true., occupations='smearing',
    smearing='m-v', degauss=0.025
/
&electrons
    conv_thr =  1.0d-8,
    mixing_beta = 0.7
/
&ions
    pot_extrapolation='second-order'
    wfc_extrapolation='second-order'
    ion_temperature = 'andersen'
    tempw = 1000

/
ATOMIC_SPECIES
 H  1.01  H.blyp-hgh.UPF
 O  16.0  O.blyp-hgh.UPF
ATOMIC_POSITIONS bohr
 O -5.287841 -1.382134 -1.383094
 O 2.911734 -2.643201 5.963437
 O -5.469571 6.296516 -5.451158
 O 1.064741 3.501393 -0.948156
 O -5.075190 1.235187 3.493737
 O -0.230320 6.253076 6.078061
 O -0.872208 -5.379841 -2.540813
 O 2.701611 0.940908 4.466044
 O -2.827611 -6.125787 5.901565
 O 2.536336 -2.566287 3.215721
 O 2.393180 -6.393945 2.768013
 O -3.485615 -3.668072 4.322630
 O -4.772803 -6.763817 0.781213
 O -3.774291 -5.068889 -3.539640
 O 2.758429 -3.400781 -2.115110
 O -2.022017 2.602359 -0.747275
 O -1.426513 -3.017912 2.390128
 O 0.634891 -4.527001 3.503360
 O 4.753763 -4.481682 -4.790954
 O 5.288244 4.805735 2.149174
 O 5.090598 -3.724725 3.485201
 O -2.655962 -2.503950 -3.475058
 O -1.280546 2.993393 -4.489699
 O 4.124551 1.870591 2.436628
 O 2.885866 1.197515 -3.765695
 O -4.356717 2.764919 -5.561677
 O 5.098831 -5.730462 -0.612017
 O 1.232580 -0.282794 -5.626076
 O -1.847318 0.503302 -5.139874
 O 1.118744 -0.902102 1.447256
 O 5.704172 -1.939530 -3.958941
 O 4.542875 -0.175690 -0.818531
 O 0.413926 4.209609 4.061588
 O -4.547632 0.716055 -3.736382
 O 0.492590 -3.797530 -0.524838
 O 4.907482 4.133390 -6.015226
 O 2.668415 6.296945 5.537192
 O -5.471351 5.104663 -2.283640
 O -0.139416 1.177194 -2.452210
 O -3.778600 -3.926958 -1.076629
 O -3.032057 5.634553 2.991740
 O -2.118444 3.244577 4.372843
 O -1.719411 -1.753615 -0.502881
 O -1.366597 -1.669100 5.328112
 O 0.121035 2.173101 5.708807
 O -4.848914 3.048176 1.436921
 O 3.350072 4.445556 -1.658081
 O 1.798050 -5.780301 -3.999360
 O -3.085182 4.336048 -3.089186
 O 4.649804 0.762947 6.601939
 O -1.848309 0.695478 2.201205
 O 0.003496 -1.779614 -3.733035
 O 0.088025 -3.533305 -5.861505
 O 6.473453 -5.959336 4.128508
 O 3.639368 -3.033777 0.858103
 O 5.851005 -0.724527 2.872332
 O 1.649570 3.815236 -4.390005
 O -1.531687 -6.621034 -0.154247
 O -5.268706 -1.720942 -6.072845
 O -4.364449 1.410192 -1.074612
 O 5.157989 3.501340 -3.541443
 O 1.867762 -0.637263 -1.523757
 O -4.827049 -3.081958 1.463812
 O 1.791055 2.831166 1.453800
 H -4.411490 -1.851724 -1.320211
 H -5.116760 -0.423835 -1.249318
 H 3.181340 -1.826169 6.421681
 H 2.568934 -2.381339 5.057027
 H -5.635532 5.421124 -5.044215
 H -4.758194 6.722898 -4.881778
 H 0.639202 2.618529 -0.971328
 H 1.905681 3.450127 -1.471148
 H -5.835283 0.831170 3.010212
 H -5.170206 0.960920 4.430425
 H -0.071795 6.856465 5.318841
 H 0.659333 6.270968 6.490222
 H -0.962925 -5.683626 -1.594482
 H 0.094181 -5.296002 -2.644953
 H 3.099864 1.256360 3.602394
 H 2.198283 1.725122 4.761648
 H -3.685994 -6.262361 6.358155
 H -2.057079 -6.492847 6.386908
 H 1.921481 -1.865881 2.856159
 H 2.942428 -2.589056 2.249484
 H 2.644935 -7.334045 2.708354
 H 1.424725 -6.241014 2.880154
 H -2.835208 -4.349000 4.641677
 H -4.124123 -4.143237 3.747955
 H -5.015929 -7.724287 0.887188
 H -4.819070 -6.723009 -0.197767
 H -3.190799 -4.307134 -3.270461
 H -3.003690 -5.663234 -3.642147
 H 2.459856 -2.491266 -2.371805
 H 1.975966 -3.762536 -1.611210
 H -2.561034 2.278532 -1.495589
 H -1.211261 3.108846 -0.979394
 H -1.988268 -3.225124 1.636802
 H -0.939375 -2.198638 2.146206
 H 1.397575 -3.946894 3.212082
 H -0.062224 -4.084170 2.955904
 H 5.716749 -4.509339 -4.917586
 H 4.248929 -3.939570 -5.425460
 H 4.869108 5.605573 2.530380
 H 6.208466 5.006027 2.402192
 H 5.743704 -3.004807 3.366385
 H 4.535661 -3.416465 4.225450
 H -1.736288 -2.257359 -3.761433
 H -3.239354 -2.108649 -4.150864
 H -0.458750 3.408983 -4.134046
 H -0.976590 2.088717 -4.746935
 H 4.683842 2.662008 2.613419
 H 3.489671 2.179563 1.730822
 H 2.486984 0.406603 -4.211609
 H 2.315210 1.993497 -3.918637
 H -5.058191 2.258555 -6.017647
 H -3.700256 2.058617 -5.435717
 H 5.511609 -6.126053 0.180316
 H 5.607852 -6.116707 -1.370300
 H 1.605508 -0.761012 -6.394355
 H 1.076851 0.632790 -5.971416
 H -1.585712 -0.360418 -5.540928
 H -2.794736 0.375869 -4.925799
 H 1.253448 -0.029850 1.874508
 H 1.621603 -0.777494 0.608539
 H 5.549167 -2.880694 -3.749836
 H 5.733602 -1.384831 -3.163511
 H 5.089098 0.641183 -0.891710
 H 5.045855 -0.899656 -1.276042
 H 0.555830 4.872799 4.776059
 H -0.584738 3.886500 4.168230
 H -4.510247 0.830092 -2.750825
 H -5.437614 1.012669 -3.999484
 H -0.300793 -3.817942 -1.108485
 H 0.288738 -3.045463 0.075782
 H 4.249458 4.859098 -5.957414
 H 5.049962 3.907596 -6.948964
 H 2.574040 6.372547 4.524145
 H 2.981837 7.217706 5.635675
 H -5.716900 4.210916 -2.610728
 H -4.514478 5.265040 -2.491247
 H -0.764709 0.598389 -2.000029
 H -0.695422 1.832213 -2.952674
 H -4.580776 -4.069153 -1.628675
 H -4.052938 -3.876173 -0.103800
 H -3.809003 6.230414 2.865462
 H -2.624120 5.958765 3.827383
 H -2.795733 3.950286 4.268915
 H -2.313633 2.771852 5.209485
 H -2.084683 -2.397989 -1.161409
 H -2.528529 -1.457757 -0.039557
 H -1.979798 -1.825232 4.584857
 H -0.649569 -2.339219 5.329465
 H 0.112157 2.761779 4.936261
 H -0.479785 2.464286 6.404322
 H -5.300599 2.338305 1.944692
 H -4.510594 3.628599 2.153414
 H 3.773543 4.924653 -0.909990
 H 4.134324 4.217963 -2.216688
 H 2.486106 -5.937942 -4.667992
 H 2.345180 -5.226431 -3.396070
 H -3.452664 4.355320 -3.995486
 H -2.670049 5.213222 -3.048673
 H 4.060507 0.991961 7.362633
 H 4.056751 0.839074 5.799930
 H -1.860912 0.530906 1.210993
 H -2.823861 0.776830 2.385373
 H 0.739055 -1.511677 -3.141705
 H 0.333773 -1.706394 -4.649159
 H -0.265099 -4.374504 -5.494948
 H 0.974499 -3.522738 -5.463925
 H 6.792937 -6.364575 4.952707
 H 5.654988 -5.477449 4.355715
 H 3.998997 -3.919472 1.058528
 H 3.442376 -3.154503 -0.106337
 H 5.036097 -1.000380 2.386805
 H 5.379670 -0.162156 3.530151
 H 1.829035 3.968394 -5.323815
 H 1.425122 4.598487 -3.882088
 H -0.832406 -6.606451 0.523673
 H -2.402973 -6.719770 0.288327
 H -5.716937 -1.816002 -5.183987
 H -4.475936 -2.276857 -6.108416
 H -3.644801 1.083241 -0.500922
 H -4.627206 2.257203 -0.634955
 H 4.819478 3.317361 -4.457706
 H 4.995819 2.647857 -3.077691
 H 2.829024 -0.408910 -1.432035
 H 1.435266 0.209658 -1.774219
 H -4.986371 -2.771630 0.546328
 H -4.158464 -2.490534 1.859579
 H 1.242537 3.187766 2.173516
 H 1.583747 3.379678 0.648007
K_POINTS
 1
0.0 0.0 0.0 1.0