
&control
    calculation='scf'
    pseudo_dir = './',
    outdir='./outputs',
    disk_io='high'
/
&system
    ibrav= 1, celldm(1)=20.000000, nat=  192, ntyp= 2,
    ecutwfc = 30.0, nosym=.true., occupations='smearing',
    smearing='m-v', degauss=0.025
/
&electrons
    conv_thr =  1.0d-8,
    mixing_beta = 0.7
/
&ions
    pot_extrapolation='second-order'
    wfc_extrapolation='second-order'
    ion_temperature = 'andersen'
    tempw = 1000

/
ATOMIC_SPECIES
 H  1.01  H.blyp-hgh.UPF
 O  16.0  O.blyp-hgh.UPF
ATOMIC_POSITIONS bohr
 O -5.287841 -1.388634 -1.378392
 O 2.907215 -2.641380 5.969510
 O -5.468024 6.300430 -5.448732
 O 1.064662 3.493766 -0.949219
 O -5.072142 1.246839 3.487176
 O -0.236389 6.251721 6.073030
 O -0.875715 -5.377802 -2.540190
 O 2.711030 0.947597 4.464095
 O -2.818938 -6.135026 5.898393
 O 2.529338 -2.567223 3.214722
 O 2.390194 -6.396408 2.759504
 O -3.483358 -3.664174 4.317870
 O -4.776651 -6.772913 0.777805
 O -3.777914 -5.067853 -3.540337
 O 2.756425 -3.407689 -2.116231
 O -2.024206 2.613203 -0.755220
 O -1.430166 -3.018759 2.382289
 O 0.638100 -4.536096 3.502544
 O 4.749041 -4.481269 -4.787801
 O 5.290925 4.799674 2.149429
 O 5.094412 -3.733236 3.486932
 O -2.651376 -2.497647 -3.468578
 O -1.281323 2.993880 -4.490419
 O 4.127653 1.866883 2.433078
 O 2.885148 1.196986 -3.763007
 O -4.362940 2.771433 -5.556735
 O 5.097766 -5.730966 -0.606956
 O 1.221417 -0.282109 -5.630188
 O -1.855067 0.510732 -5.136709
 O 1.114230 -0.905670 1.453948
 O 5.705970 -1.945581 -3.961590
 O 4.536800 -0.174561 -0.828810
 O 0.418617 4.211870 4.061515
 O -4.541498 0.714328 -3.726127
 O 0.477933 -3.797497 -0.533611
 O 4.916547 4.132168 -6.026450
 O 2.683817 6.306480 5.545335
 O -5.470522 5.109753 -2.297130
 O -0.138721 1.173274 -2.457175
 O -3.783894 -3.926705 -1.080841
 O -3.031297 5.633695 2.995931
 O -2.127824 3.250062 4.367976
 O -1.711004 -1.758930 -0.500433
 O -1.368065 -1.668691 5.327213
 O 0.123344 2.161935 5.718122
 O -4.850982 3.039174 1.445087
 O 3.358690 4.451240 -1.665406
 O 1.788196 -5.778070 -3.998957
 O -3.087207 4.338814 -3.091277
 O 4.660594 0.765693 6.603252
 O -1.840006 0.704205 2.198327
 O 0.006721 -1.774840 -3.737490
 O 0.090897 -3.537389 -5.865395
 O 6.482163 -5.958555 4.124752
 O 3.638633 -3.030605 0.870291
 O 5.857624 -0.730890 2.875294
 O 1.646712 3.812308 -4.388473
 O -1.531626 -6.635439 -0.144524
 O -5.264904 -1.718891 -6.081531
 O -4.359001 1.415693 -1.068163
 O 5.167774 3.515021 -3.554276
 O 1.858162 -0.638386 -1.523778
 O -4.822591 -3.095126 1.479194
 O 1.788365 2.836178 1.463739
 H -4.410396 -1.841491 -1.278069
 H -5.100013 -0.428573 -1.260254
 H 3.149835 -1.815192 6.424229
 H 2.541379 -2.416173 5.062515
 H -5.639888 5.430963 -5.030826
 H -4.774351 6.749651 -4.868034
 H 0.659474 2.607275 -0.959930
 H 1.912367 3.452978 -1.467749
 H -5.842828 0.825696 3.022489
 H -5.166532 0.961996 4.417022
 H -0.075037 6.862608 5.321755
 H 0.641020 6.278485 6.505955
 H -0.959875 -5.703435 -1.603480
 H 0.089537 -5.281846 -2.650943
 H 3.081694 1.257506 3.586096
 H 2.194165 1.726750 4.767015
 H -3.689677 -6.300927 6.328673
 H -2.050737 -6.499215 6.392894
 H 1.921291 -1.856332 2.872650
 H 2.947140 -2.545314 2.255761
 H 2.633476 -7.339351 2.715593
 H 1.422879 -6.218689 2.867713
 H -2.848846 -4.357035 4.638636
 H -4.103009 -4.160762 3.732186
 H -5.026917 -7.728582 0.901388
 H -4.795732 -6.718216 -0.198613
 H -3.202253 -4.296671 -3.266860
 H -3.017692 -5.674600 -3.629522
 H 2.481462 -2.489763 -2.369289
 H 1.969149 -3.749582 -1.598024
 H -2.563896 2.287156 -1.489523
 H -1.203104 3.103581 -0.952049
 H -2.003529 -3.202861 1.615528
 H -0.930003 -2.219192 2.134904
 H 1.393953 -3.934047 3.235982
 H -0.057282 -4.088489 2.963013
 H 5.712089 -4.508614 -4.927792
 H 4.260949 -3.952128 -5.448825
 H 4.842509 5.592490 2.526813
 H 6.212007 5.029948 2.408374
 H 5.746646 -3.012283 3.368546
 H 4.551943 -3.413953 4.233702
 H -1.728862 -2.246631 -3.746124
 H -3.236313 -2.106145 -4.146042
 H -0.454527 3.423016 -4.152817
 H -0.971868 2.088166 -4.741344
 H 4.671715 2.675238 2.590652
 H 3.480238 2.141917 1.726580
 H 2.476242 0.405352 -4.197710
 H 2.329013 2.003866 -3.895334
 H -5.053857 2.275472 -6.034268
 H -3.724673 2.053298 -5.407874
 H 5.492377 -6.129396 0.193336
 H 5.639085 -6.095915 -1.351592
 H 1.580025 -0.762770 -6.401772
 H 1.076257 0.641937 -5.965609
 H -1.583683 -0.345545 -5.559344
 H -2.799709 0.374775 -4.908230
 H 1.254559 -0.031776 1.874551
 H 1.636079 -0.799540 0.622582
 H 5.553739 -2.882192 -3.747604
 H 5.712921 -1.391339 -3.164060
 H 5.082987 0.636703 -0.888817
 H 5.043088 -0.896798 -1.273646
 H 0.580169 4.871590 4.776893
 H -0.606549 3.928319 4.141624
 H -4.551160 0.852873 -2.744835
 H -5.423352 1.005762 -4.021557
 H -0.332495 -3.808715 -1.094517
 H 0.289170 -3.056652 0.085701
 H 4.264763 4.871023 -5.985967
 H 5.076009 3.903249 -6.959449
 H 2.583004 6.369268 4.531423
 H 2.995706 7.229255 5.639911
 H -5.721333 4.214519 -2.610799
 H -4.502438 5.229119 -2.477735
 H -0.761754 0.588141 -2.008741
 H -0.668752 1.863703 -2.938722
 H -4.573999 -4.040884 -1.650631
 H -4.043918 -3.916313 -0.102578
 H -3.805599 6.220058 2.843917
 H -2.629403 5.977017 3.822720
 H -2.803355 3.955574 4.260368
 H -2.339746 2.748490 5.184260
 H -2.084908 -2.398755 -1.159081
 H -2.533371 -1.453695 -0.067035
 H -1.971386 -1.837076 4.579632
 H -0.648026 -2.333037 5.350759
 H 0.137039 2.782362 4.959094
 H -0.485719 2.453566 6.401537
 H -5.292815 2.320933 1.947455
 H -4.511113 3.617442 2.156629
 H 3.767118 4.939293 -0.917647
 H 4.152661 4.219871 -2.204570
 H 2.479541 -5.943714 -4.660695
 H 2.328066 -5.238199 -3.378567
 H -3.453165 4.357264 -4.000658
 H -2.686126 5.215692 -3.053231
 H 4.079136 0.976614 7.368942
 H 4.053918 0.857620 5.806949
 H -1.863525 0.498289 1.221112
 H -2.819464 0.775317 2.389042
 H 0.741444 -1.534226 -3.132729
 H 0.331293 -1.687248 -4.655481
 H -0.257759 -4.361051 -5.461486
 H 0.979730 -3.499277 -5.469967
 H 6.796534 -6.370883 4.945631
 H 5.655360 -5.479678 4.324996
 H 4.000897 -3.916198 1.061484
 H 3.415226 -3.133722 -0.091722
 H 5.043918 -1.005985 2.389657
 H 5.378688 -0.170207 3.527786
 H 1.822512 3.971439 -5.322908
 H 1.404097 4.597948 -3.880575
 H -0.856554 -6.624439 0.557409
 H -2.416502 -6.731077 0.267268
 H -5.706900 -1.805431 -5.190760
 H -4.476344 -2.280253 -6.125405
 H -3.644544 1.078512 -0.495934
 H -4.607537 2.273470 -0.644767
 H 4.801189 3.318322 -4.455318
 H 4.990984 2.668800 -3.081840
 H 2.813935 -0.412289 -1.433910
 H 1.430314 0.199086 -1.806173
 H -5.009825 -2.796820 0.562265
 H -4.161299 -2.484854 1.857887
 H 1.246386 3.204885 2.183585
 H 1.602244 3.389605 0.651145
K_POINTS
 1
0.0 0.0 0.0 1.0