
&control
    calculation='scf'
    pseudo_dir = './',
    outdir='./outputs',
    disk_io='high'
/
&system
    ibrav= 1, celldm(1)=20.000000, nat=  192, ntyp= 2,
    ecutwfc = 30.0, nosym=.true., occupations='smearing',
    smearing='m-v', degauss=0.025
/
&electrons
    conv_thr =  1.0d-8,
    mixing_beta = 0.7
/
&ions
    pot_extrapolation='second-order'
    wfc_extrapolation='second-order'
    ion_temperature = 'andersen'
    tempw = 1000

/
ATOMIC_SPECIES
 H  1.01  H.blyp-hgh.UPF
 O  16.0  O.blyp-hgh.UPF
ATOMIC_POSITIONS bohr
 O -5.287804 -1.390256 -1.377171
 O 2.906055 -2.640947 5.970999
 O -5.467545 6.301410 -5.448107
 O 1.064610 3.491863 -0.949489
 O -5.071385 1.249802 3.485543
 O -0.237856 6.251348 6.071768
 O -0.876587 -5.377287 -2.539991
 O 2.713373 0.949293 4.463600
 O -2.816765 -6.137337 5.897569
 O 2.527569 -2.567352 3.214298
 O 2.389517 -6.396990 2.757399
 O -3.482786 -3.663245 4.316671
 O -4.777607 -6.775220 0.776912
 O -3.778739 -5.067601 -3.540508
 O 2.755898 -3.409415 -2.116497
 O -2.024756 2.615885 -0.757082
 O -1.431054 -3.018955 2.380331
 O 0.638905 -4.538347 3.502283
 O 4.747795 -4.481186 -4.786936
 O 5.291570 4.798181 2.149522
 O 5.095356 -3.735363 3.487384
 O -2.650228 -2.496068 -3.466971
 O -1.281429 2.993995 -4.490567
 O 4.128467 1.865972 2.432145
 O 2.885000 1.196850 -3.762314
 O -4.364500 2.773064 -5.555559
 O 5.097495 -5.731099 -0.605710
 O 1.218677 -0.281923 -5.631229
 O -1.857039 0.512543 -5.135934
 O 1.113136 -0.906522 1.455626
 O 5.706391 -1.947061 -3.962264
 O 4.535292 -0.174289 -0.831408
 O 0.419656 4.212386 4.061473
 O -4.539974 0.713871 -3.723520
 O 0.474226 -3.797467 -0.535794
 O 4.918793 4.131876 -6.029248
 O 2.687696 6.308926 5.547277
 O -5.470331 5.111076 -2.300446
 O -0.138505 1.172353 -2.458428
 O -3.785229 -3.926597 -1.081789
 O -3.031117 5.633494 2.996985
 O -2.130174 3.251442 4.366756
 O -1.708955 -1.760273 -0.499832
 O -1.368440 -1.668529 5.327001
 O 0.124048 2.159006 5.720436
 O -4.851514 3.036918 1.447121
 O 3.360908 4.452647 -1.667222
 O 1.785763 -5.777486 -3.998839
 O -3.087744 4.339543 -3.091832
 O 4.663287 0.766380 6.603504
 O -1.838046 0.706340 2.197501
 O 0.007525 -1.773686 -3.738553
 O 0.091642 -3.538439 -5.866341
 O 6.484371 -5.958411 4.123765
 O 3.638468 -3.029841 0.873263
 O 5.859137 -0.732488 2.876036
 O 1.645988 3.811426 -4.388044
 O -1.531602 -6.639031 -0.142116
 O -5.263949 -1.718347 -6.083730
 O -4.357679 1.417063 -1.066523
 O 5.170200 3.518323 -3.557424
 O 1.855767 -0.638678 -1.523762
 O -4.821454 -3.098442 1.483017
 O 1.787714 2.837436 1.466237
 H -4.410504 -1.838875 -1.267920
 H -5.095771 -0.429931 -1.262935
 H 3.142177 -1.812375 6.424779
 H 2.534962 -2.425041 5.064167
 H -5.641160 5.433546 -5.027435
 H -4.778898 6.756294 -4.864544
 H 0.664684 2.604286 -0.957316
 H 1.913997 3.453940 -1.466731
 H -5.844270 0.824094 3.025703
 H -5.165563 0.962182 4.413511
 H -0.075945 6.864322 5.322309
 H 0.636417 6.280309 6.509994
 H -0.959382 -5.708580 -1.605894
 H 0.088285 -5.278427 -2.652740
 H 3.077355 1.257821 3.582281
 H 2.193072 1.726925 4.768376
 H -3.690411 -6.310681 6.321184
 H -2.049348 -6.500716 6.394317
 H 1.920868 -1.853941 2.877315
 H 2.948601 -2.535223 2.258196
 H 2.630074 -7.340722 2.717336
 H 1.422555 -6.213289 2.864515
 H -2.852717 -4.358698 4.637841
 H -4.097635 -4.165012 3.728603
 H -5.029584 -7.729335 0.904762
 H -4.789944 -6.716879 -0.198885
 H -3.205498 -4.293548 -3.266231
 H -3.021264 -5.677536 -3.626514
 H 2.486884 -2.489806 -2.368457
 H 1.967599 -3.745941 -1.594786
 H -2.564155 2.289868 -1.488494
 H -1.201531 3.102229 -0.945652
 H -2.007251 -3.197362 1.610114
 H -0.927696 -2.224210 2.131991
 H 1.393185 -3.931023 3.242377
 H -0.056470 -4.089814 2.964970
 H 5.710797 -4.508585 -4.930964
 H 4.264432 -3.954996 -5.454748
 H 4.835798 5.588989 2.525821
 H 6.212679 5.035931 2.409953
 H 5.747437 -3.014251 3.369100
 H 4.555968 -3.413168 4.235659
 H -1.726967 -2.243993 -3.742092
 H -3.235546 -2.105503 -4.144741
 H -0.453647 3.426586 -4.157797
 H -0.971270 2.087720 -4.739544
 H 4.668454 2.678515 2.584864
 H 3.477833 2.132621 1.725861
 H 2.473217 0.405531 -4.194185
 H 2.332446 2.006163 -3.889631
 H -5.053005 2.279948 -6.038368
 H -3.730542 2.052017 -5.400596
 H 5.487714 -6.130281 0.196602
 H 5.646822 -6.090687 -1.346703
 H 1.573512 -0.762956 -6.403627
 H 1.075814 0.643993 -5.964282
 H -1.583151 -0.341539 -5.564180
 H -2.800869 0.374473 -4.903609
 H 1.254561 -0.032268 1.874609
 H 1.639487 -0.805242 0.625939
 H 5.554555 -2.882633 -3.746789
 H 5.707987 -1.393271 -3.164124
 H 5.081313 0.635272 -0.888102
 H 5.042401 -0.895746 -1.272630
 H 0.585918 4.871135 4.776981
 H -0.611068 3.939433 4.134813
 H -4.561257 0.858724 -2.743800
 H -5.419722 1.004007 -4.027203
 H -0.340165 -3.806517 -1.090998
 H 0.289447 -3.059595 0.088019
 H 4.268787 4.873930 -5.993509
 H 5.082326 3.902298 -6.962059
 H 2.585169 6.367778 4.533503
 H 2.999192 7.232183 5.641469
 H -5.722371 4.215690 -2.610976
 H -4.499831 5.219684 -2.474338
 H -0.761327 0.585408 -2.010917
 H -0.661981 1.871122 -2.934962
 H -4.572199 -4.033979 -1.655771
 H -4.041605 -3.926736 -0.103160
 H -3.804595 6.217247 2.838501
 H -2.630882 5.981563 3.821625
 H -2.805202 3.956778 4.258254
 H -2.346299 2.742845 5.177757
 H -2.084882 -2.398737 -1.158532
 H -2.534385 -1.452682 -0.073852
 H -1.969107 -1.840276 4.578361
 H -0.647985 -2.331656 5.356086
 H 0.143380 2.787689 4.964967
 H -0.487443 2.451512 6.400628
 H -5.290710 2.316816 1.948193
 H -4.510867 3.614354 2.157467
 H 3.765311 4.943136 -0.919594
 H 4.156959 4.220434 -2.201841
 H 2.477974 -5.945320 -4.659168
 H 2.323643 -5.240994 -3.373971
 H -3.453241 4.357237 -4.001996
 H -2.689504 5.216407 -3.054008
 H 4.083750 0.972868 7.370525
 H 4.053445 0.862228 5.809135
 H -1.863869 0.490434 1.224345
 H -2.817723 0.775060 2.390144
 H 0.741803 -1.539734 -3.130614
 H 0.330669 -1.682218 -4.656888
 H -0.256148 -4.357487 -5.453253
 H 0.981247 -3.493292 -5.471595
 H 6.797343 -6.372322 4.944205
 H 5.655684 -5.479950 4.317278
 H 4.001485 -3.915349 1.062474
 H 3.408344 -3.128294 -0.087954
 H 5.046253 -1.007556 2.390048
 H 5.378593 -0.172521 3.527452
 H 1.820748 3.972576 -5.322827
 H 1.399103 4.598542 -3.880294
 H -0.862839 -6.628971 0.565940
 H -2.419693 -6.733894 0.262200
 H -5.704193 -1.802755 -5.192685
 H -4.476418 -2.281291 -6.129724
 H -3.644448 1.077498 -0.494585
 H -4.602498 2.277337 -0.647189
 H 4.796885 3.318873 -4.454805
 H 4.989755 2.674219 -3.083055
 H 2.810187 -0.413003 -1.434360
 H 1.429051 0.196430 -1.814320
 H -5.015968 -2.802707 0.566608
 H -4.162118 -2.483354 1.857498
 H 1.247271 3.209213 2.186258
 H 1.606725 3.391855 0.651845
K_POINTS
 1
0.0 0.0 0.0 1.0