
&control
    calculation='scf'
    pseudo_dir = './',
    outdir='./outputs',
    disk_io='high'
/
&system
    ibrav= 1, celldm(1)=20.000000, nat=  192, ntyp= 2,
    ecutwfc = 30.0, nosym=.true., occupations='smearing',
    smearing='m-v', degauss=0.025
/
&electrons
    conv_thr =  1.0d-8,
    mixing_beta = 0.7
/
&ions
    pot_extrapolation='second-order'
    wfc_extrapolation='second-order'
    ion_temperature = 'andersen'
    tempw = 1000

/
ATOMIC_SPECIES
 H  1.01  H.blyp-hgh.UPF
 O  16.0  O.blyp-hgh.UPF
ATOMIC_POSITIONS bohr
 O -5.287686 -1.393478 -1.374671
 O 2.903696 -2.640117 5.973947
 O -5.466475 6.303377 -5.446834
 O 1.064485 3.488074 -0.950039
 O -5.069894 1.255773 3.482275
 O -0.240729 6.250560 6.069241
 O -0.878324 -5.376250 -2.539549
 O 2.718033 0.952719 4.462605
 O -2.812425 -6.141961 5.895887
 O 2.524011 -2.567480 3.213254
 O 2.388247 -6.398109 2.753215
 O -3.481646 -3.661457 4.314251
 O -4.779506 -6.779862 0.775091
 O -3.780299 -5.067091 -3.540842
 O 2.754809 -3.412869 -2.117004
 O -2.025864 2.621211 -0.760624
 O -1.432834 -3.019355 2.376392
 O 0.640521 -4.542823 3.501698
 O 4.745230 -4.481032 -4.785130
 O 5.292842 4.795241 2.149751
 O 5.097226 -3.739613 3.488317
 O -2.647931 -2.492909 -3.463772
 O -1.281528 2.994218 -4.490823
 O 4.130145 1.864166 2.430223
 O 2.884750 1.196572 -3.760898
 O -4.367619 2.776331 -5.553275
 O 5.096947 -5.731372 -0.603239
 O 1.213258 -0.281526 -5.633324
 O -1.861020 0.516101 -5.134409
 O 1.110996 -0.908182 1.458983
 O 5.707203 -1.949971 -3.963622
 O 4.532272 -0.173761 -0.836629
 O 0.421559 4.213354 4.061360
 O -4.536948 0.712931 -3.718261
 O 0.466766 -3.797379 -0.540147
 O 4.923256 4.131316 -6.034841
 O 2.695488 6.313890 5.551049
 O -5.469964 5.113784 -2.307010
 O -0.138017 1.170578 -2.460942
 O -3.787896 -3.926328 -1.083555
 O -3.030764 5.633098 2.999092
 O -2.134874 3.254208 4.364308
 O -1.704927 -1.762978 -0.498644
 O -1.369201 -1.668128 5.326594
 O 0.125609 2.153003 5.725018
 O -4.852597 3.032400 1.451166
 O 3.365410 4.455442 -1.670834
 O 1.780928 -5.776289 -3.998581
 O -3.088866 4.341033 -3.092985
 O 4.668664 0.767754 6.603905
 O -1.834272 0.710552 2.195742
 O 0.009122 -1.771429 -3.740616
 O 0.093173 -3.540570 -5.868204
 O 6.488829 -5.958185 4.121724
 O 3.638155 -3.028338 0.879112
 O 5.861998 -0.735691 2.877522
 O 1.644524 3.809508 -4.387124
 O -1.531541 -6.646205 -0.137329
 O -5.262031 -1.717221 -6.088163
 O -4.355085 1.419792 -1.063217
 O 5.175025 3.524784 -3.563646
 O 1.850973 -0.639282 -1.523708
 O -4.819154 -3.105103 1.490634
 O 1.786439 2.839961 1.471243
 H -4.411123 -1.833685 -1.248096
 H -5.087300 -0.432880 -1.268246
 H 3.127109 -1.806644 6.425740
 H 2.522713 -2.442887 5.067818
 H -5.643916 5.438880 -5.020591
 H -4.788583 6.769456 -4.857550
 H 0.675229 2.597995 -0.952373
 H 1.917162 3.456161 -1.464478
 H -5.846526 0.820691 3.032277
 H -5.163523 0.962452 4.406420
 H -0.077869 6.867967 5.323220
 H 0.627202 6.283901 6.518201
 H -0.958693 -5.719094 -1.610866
 H 0.085650 -5.271738 -2.656671
 H 3.068939 1.258503 3.575005
 H 2.190874 1.726916 4.771074
 H -3.691601 -6.330286 6.306082
 H -2.046827 -6.503608 6.397049
 H 1.919510 -1.849139 2.887283
 H 2.951871 -2.516148 2.264053
 H 2.622601 -7.343519 2.720733
 H 1.422109 -6.202722 2.858030
 H -2.860908 -4.361614 4.636286
 H -4.086776 -4.173242 3.721890
 H -5.034829 -7.730487 0.911215
 H -4.778458 -6.714111 -0.199515
 H -3.212435 -4.286818 -3.265349
 H -3.028462 -5.683473 -3.620672
 H 2.497733 -2.490379 -2.366565
 H 1.964719 -3.738170 -1.588432
 H -2.564197 2.295891 -1.487215
 H -1.198819 3.099556 -0.933474
 H -2.014412 -3.186413 1.599420
 H -0.923010 -2.233928 2.126035
 H 1.391816 -3.925222 3.255633
 H -0.055397 -4.092742 2.969052
 H 5.708033 -4.508748 -4.938000
 H 4.271937 -3.960436 -5.466620
 H 4.822368 5.581619 2.523670
 H 6.213592 5.047867 2.413126
 H 5.749119 -3.018321 3.370198
 H 4.563956 -3.411452 4.239426
 H -1.723150 -2.238770 -3.733802
 H -3.233977 -2.104196 -4.142022
 H -0.452150 3.433755 -4.168120
 H -0.970776 2.086484 -4.735455
 H 4.661639 2.685005 2.573164
 H 3.472986 2.114211 1.724815
 H 2.466749 0.406504 -4.187094
 H 2.339226 2.010416 -3.878412
 H -5.051622 2.289179 -6.046534
 H -3.742000 2.049533 -5.385660
 H 5.478560 -6.132107 0.203131
 H 5.662200 -6.080218 -1.336699
 H 1.560335 -0.763028 -6.407380
 H 1.074574 0.647790 -5.961775
 H -1.582125 -0.333110 -5.574070
 H -2.803040 0.373821 -4.894114
 H 1.254228 -0.033244 1.874779
 H 1.646011 -0.816852 0.632508
 H 5.555780 -2.883672 -3.744862
 H 5.698399 -1.397493 -3.164196
 H 5.077873 0.632156 -0.886689
 H 5.041098 -0.893335 -1.270159
 H 0.596974 4.870048 4.776991
 H -0.618821 3.962363 4.121088
 H -4.581214 0.870600 -2.742223
 H -5.412376 1.000448 -4.038681
 H -0.355178 -3.802264 -1.083940
 H 0.290199 -3.065654 0.092463
 H 4.277128 4.879590 -6.009068
 H 5.094719 3.900569 -6.967215
 H 2.589419 6.364040 4.537999
 H 3.006171 7.238049 5.645153
 H -5.724405 4.218317 -2.611527
 H -4.495075 5.200310 -2.467534
 H -0.760855 0.579817 -2.015324
 H -0.648376 1.885369 -2.927099
 H -4.568555 -4.020389 -1.665625
 H -4.036984 -3.947990 -0.105399
 H -3.802478 6.211417 2.827628
 H -2.634006 5.990653 3.819590
 H -2.808858 3.959054 4.254066
 H -2.359421 2.731820 5.164516
 H -2.084691 -2.398482 -1.157511
 H -2.536162 -1.450622 -0.087386
 H -1.964352 -1.846967 4.575847
 H -0.648302 -2.329125 5.366737
 H 0.156190 2.798470 4.976995
 H -0.491221 2.448148 6.398619
 H -5.286322 2.308843 1.949754
 H -4.509901 3.607858 2.159261
 H 3.761485 4.951069 -0.923494
 H 4.165238 4.221668 -2.196772
 H 2.474945 -5.948707 -4.656449
 H 2.314651 -5.246407 -3.364547
 H -3.453324 4.356563 -4.004685
 H -2.695429 5.218062 -3.055118
 H 4.092880 0.965505 7.373765
 H 4.052838 0.871390 5.814050
 H -1.864172 0.475071 1.231516
 H -2.813426 0.774701 2.392563
 H 0.742247 -1.550597 -3.126572
 H 0.329436 -1.671849 -4.659453
 H -0.253200 -4.350135 -5.436940
 H 0.984472 -3.481198 -5.475014
 H 6.798813 -6.375015 4.941786
 H 5.656621 -5.480161 4.301839
 H 4.002788 -3.913626 1.064724
 H 3.394522 -3.117205 -0.080239
 H 5.051358 -1.010915 2.390410
 H 5.378570 -0.177486 3.527129
 H 1.817057 3.975280 -5.322806
 H 1.389479 4.600443 -3.879940
 H -0.875711 -6.638068 0.583100
 H -2.425862 -6.739530 0.252318
 H -5.698557 -1.797387 -5.196781
 H -4.476545 -2.283587 -6.138435
 H -3.644205 1.075692 -0.491746
 H -4.592283 2.284842 -0.651954
 H 4.788614 3.320373 -4.453915
 H 4.987295 2.685255 -3.085661
 H 2.802831 -0.414248 -1.435230
 H 1.426471 0.191131 -1.830790
 H -5.028558 -2.814020 0.575737
 H -4.163902 -2.480259 1.856757
 H 1.248959 3.217922 2.191749
 H 1.615498 3.396033 0.653231
K_POINTS
 1
0.0 0.0 0.0 1.0