
&control
    calculation='scf'
    pseudo_dir = './',
    outdir='./outputs',
    disk_io='high'
/
&system
    ibrav= 1, celldm(1)=20.000000, nat=  192, ntyp= 2,
    ecutwfc = 30.0, nosym=.true., occupations='smearing',
    smearing='m-v', degauss=0.025
/
&electrons
    conv_thr =  1.0d-8,
    mixing_beta = 0.7
/
&ions
    pot_extrapolation='second-order'
    wfc_extrapolation='second-order'
    ion_temperature = 'andersen'
    tempw = 1000

/
ATOMIC_SPECIES
 H  1.01  H.blyp-hgh.UPF
 O  16.0  O.blyp-hgh.UPF
ATOMIC_POSITIONS bohr
 O -5.287507 -1.396655 -1.372091
 O 2.901289 -2.639345 5.976857
 O -5.465257 6.305355 -5.445530
 O 1.064343 3.484321 -0.950601
 O -5.068450 1.261792 3.478995
 O -0.243523 6.249712 6.066708
 O -0.880053 -5.375205 -2.539056
 O 2.722649 0.956197 4.461608
 O -2.808104 -6.146588 5.894164
 O 2.520430 -2.567431 3.211967
 O 2.387090 -6.399169 2.749068
 O -3.480523 -3.659770 4.311791
 O -4.781383 -6.784529 0.773232
 O -3.781743 -5.066561 -3.541162
 O 2.753670 -3.416329 -2.117468
 O -2.026991 2.626486 -0.763890
 O -1.434650 -3.019786 2.372398
 O 0.642153 -4.547260 3.501036
 O 4.742577 -4.480888 -4.783238
 O 5.294099 4.792373 2.150049
 O 5.099071 -3.743846 3.489295
 O -2.645634 -2.489748 -3.460590
 O -1.281472 2.994438 -4.491022
 O 4.131888 1.862381 2.428227
 O 2.884572 1.196278 -3.759435
 O -4.370728 2.779601 -5.551075
 O 5.096395 -5.731655 -0.600786
 O 1.207914 -0.281094 -5.635429
 O -1.865050 0.519566 -5.132923
 O 1.108922 -0.909785 1.462336
 O 5.707977 -1.952807 -3.964990
 O 4.529226 -0.173256 -0.841874
 O 0.423220 4.214240 4.061212
 O -4.533962 0.711962 -3.712944
 O 0.459246 -3.797256 -0.544482
 O 4.927672 4.130794 -6.040443
 O 2.703327 6.318947 5.554670
 O -5.469615 5.116574 -2.313480
 O -0.137446 1.168885 -2.463461
 O -3.790540 -3.925990 -1.085151
 O -3.030409 5.632701 3.001192
 O -2.139572 3.256983 4.361847
 O -1.701001 -1.765705 -0.497473
 O -1.369977 -1.667619 5.326213
 O 0.127374 2.146828 5.729516
 O -4.853707 3.027877 1.455164
 O 3.369991 4.458208 -1.674421
 O 1.776131 -5.775058 -3.998294
 O -3.090054 4.342554 -3.094202
 O 4.674030 0.769131 6.604158
 O -1.830694 0.714693 2.193859
 O 0.010702 -1.769242 -3.742595
 O 0.094768 -3.542739 -5.870023
 O 6.493347 -5.958043 4.119587
 O 3.637861 -3.026859 0.884832
 O 5.864645 -0.738906 2.879013
 O 1.643032 3.807410 -4.386112
 O -1.531461 -6.653365 -0.132584
 O -5.260098 -1.716043 -6.092649
 O -4.352559 1.422505 -1.059885
 O 5.179808 3.531052 -3.569772
 O 1.846163 -0.639918 -1.523626
 O -4.816817 -3.111804 1.498214
 O 1.785194 2.842507 1.476257
 H -4.412217 -1.828657 -1.228903
 H -5.078923 -0.436152 -1.273506
 H 3.112356 -1.800789 6.426477
 H 2.511257 -2.460799 5.071932
 H -5.646946 5.444449 -5.013656
 H -4.799027 6.782389 -4.850577
 H 0.685908 2.591210 -0.947804
 H 1.920166 3.458772 -1.461924
 H -5.847871 0.817096 3.039004
 H -5.161308 0.962585 4.399359
 H -0.079927 6.871890 5.323894
 H 0.617992 6.287433 6.526580
 H -0.958371 -5.729903 -1.615984
 H 0.082826 -5.265251 -2.661025
 H 3.060886 1.259271 3.568240
 H 2.188712 1.726365 4.773695
 H -3.692362 -6.349984 6.290834
 H -2.044653 -6.506362 6.399613
 H 1.917423 -1.844301 2.898080
 H 2.955609 -2.498619 2.271154
 H 2.614221 -7.346391 2.724008
 H 1.421969 -6.192475 2.851439
 H -2.869570 -4.364011 4.634867
 H -4.075797 -4.181015 3.715791
 H -5.039967 -7.731218 0.917202
 H -4.767122 -6.711280 -0.200263
 H -3.219953 -4.279568 -3.265007
 H -3.035699 -5.689446 -3.615057
 H 2.508564 -2.491563 -2.364392
 H 1.962149 -3.729760 -1.582282
 H -2.563672 2.302646 -1.487146
 H -1.196559 3.096995 -0.922192
 H -2.021052 -3.175509 1.589117
 H -0.918126 -2.243078 2.119881
 H 1.390666 -3.919768 3.269474
 H -0.055088 -4.096029 2.973320
 H 5.705000 -4.509250 -4.945902
 H 4.280122 -3.965514 -5.478447
 H 4.808987 5.573685 2.521262
 H 6.213783 5.059730 2.416301
 H 5.750966 -3.022580 3.371256
 H 4.571851 -3.409574 4.242981
 H -1.719314 -2.233619 -3.725233
 H -3.232345 -2.102849 -4.139150
 H -0.451035 3.440924 -4.178930
 H -0.971218 2.084818 -4.730711
 H 4.654422 2.691390 2.561295
 H 3.468106 2.096083 1.724274
 H 2.459715 0.408299 -4.179970
 H 2.345837 2.014241 -3.867475
 H -5.050691 2.298763 -6.054677
 H -3.753108 2.047184 -5.370227
 H 5.469629 -6.133997 0.209635
 H 5.677437 -6.069756 -1.326413
 H 1.546977 -0.762713 -6.411243
 H 1.072860 0.651147 -5.959466
 H -1.581216 -0.324069 -5.584199
 H -2.804965 0.373085 -4.884304
 H 1.253447 -0.034183 1.875015
 H 1.652107 -0.828714 0.638927
 H 5.556453 -2.884976 -3.742561
 H 5.689181 -1.402175 -3.164220
 H 5.074393 0.628837 -0.885300
 H 5.039965 -0.890632 -1.267169
 H 0.607411 4.868740 4.776763
 H -0.624732 3.986133 4.107306
 H -4.600792 0.882694 -2.741241
 H -5.404897 0.996811 -4.050426
 H -0.369744 -3.798218 -1.076867
 H 0.291210 -3.071929 0.096660
 H 4.285895 4.884994 -6.025241
 H 5.106787 3.899076 -6.972238
 H 2.593570 6.359345 4.542945
 H 3.013140 7.243893 5.649559
 H -5.726432 4.221278 -2.612348
 H -4.490909 5.180306 -2.460730
 H -0.760873 0.574147 -2.019861
 H -0.634747 1.898798 -2.918773
 H -4.564928 -4.007114 -1.674907
 H -4.032446 -3.969729 -0.109041
 H -3.800290 6.205374 2.816686
 H -2.637330 5.999755 3.817820
 H -2.812499 3.961165 4.249943
 H -2.372550 2.721175 5.150965
 H -2.084281 -2.397974 -1.156633
 H -2.537593 -1.448482 -0.100746
 H -1.959348 -1.854051 4.573359
 H -0.649136 -2.326935 5.377383
 H 0.169154 2.809313 4.989474
 H -0.495457 2.445751 6.396401
 H -5.281719 2.301196 1.951457
 H -4.508287 3.600975 2.161276
 H 3.757403 4.959353 -0.927377
 H 4.173126 4.223048 -2.192247
 H 2.472055 -5.952295 -4.654140
 H 2.305481 -5.251590 -3.354853
 H -3.453305 4.355063 -4.007356
 H -2.700205 5.220089 -3.055638
 H 4.101845 0.958326 7.377158
 H 4.052718 0.880460 5.819690
 H -1.863954 0.460142 1.239464
 H -2.808047 0.774558 2.395270
 H 0.742343 -1.561253 -3.122802
 H 0.328246 -1.661053 -4.661654
 H -0.250608 -4.342489 -5.420824
 H 0.987883 -3.468961 -5.478673
 H 6.800047 -6.377441 4.939954
 H 5.657956 -5.479938 4.286435
 H 4.004244 -3.911880 1.067301
 H 3.380678 -3.105855 -0.072241
 H 5.057004 -1.014581 2.390178
 H 5.378755 -0.182875 3.527302
 H 1.813143 3.978532 -5.322920
 H 1.380400 4.603118 -3.879961
 H -0.888991 -6.647208 0.600371
 H -2.431757 -6.745180 0.242791
 H -5.692648 -1.792026 -5.201160
 H -4.476667 -2.286159 -6.147230
 H -3.643883 1.074202 -0.488711
 H -4.581891 2.292059 -0.656571
 H 4.780809 3.322430 -4.453236
 H 4.984852 2.696514 -3.088456
 H 2.795758 -0.415222 -1.436056
 H 1.423810 0.185865 -1.847475
 H -5.041524 -2.824742 0.585462
 H -4.165897 -2.477054 1.856059
 H 1.250554 3.226690 2.197385
 H 1.624001 3.399744 0.654682
K_POINTS
 1
0.0 0.0 0.0 1.0