
&control
    calculation='scf'
    pseudo_dir = './',
    outdir='./outputs',
    disk_io='high'
/
&system
    ibrav= 1, celldm(1)=20.000000, nat=  192, ntyp= 2,
    ecutwfc = 30.0, nosym=.true., occupations='smearing',
    smearing='m-v', degauss=0.025
/
&electrons
    conv_thr =  1.0d-8,
    mixing_beta = 0.7
/
&ions
    pot_extrapolation='second-order'
    wfc_extrapolation='second-order'
    ion_temperature = 'andersen'
    tempw = 1000

/
ATOMIC_SPECIES
 H  1.01  H.blyp-hgh.UPF
 O  16.0  O.blyp-hgh.UPF
ATOMIC_POSITIONS bohr
 O -5.287270 -1.399772 -1.369429
 O 2.898836 -2.638640 5.979736
 O -5.463892 6.307346 -5.444197
 O 1.064195 3.480614 -0.951177
 O -5.067066 1.267845 3.475697
 O -0.246238 6.248806 6.064166
 O -0.881778 -5.374151 -2.538519
 O 2.727210 0.959734 4.460615
 O -2.803818 -6.151218 5.892400
 O 2.516830 -2.567202 3.210460
 O 2.386044 -6.400169 2.744956
 O -3.479431 -3.658189 4.309278
 O -4.783231 -6.789201 0.771346
 O -3.783078 -5.065994 -3.541466
 O 2.752479 -3.419801 -2.117882
 O -2.028144 2.631706 -0.766851
 O -1.436532 -3.020267 2.368325
 O 0.643803 -4.551658 3.500304
 O 4.739847 -4.480741 -4.781280
 O 5.295351 4.789593 2.150421
 O 5.100887 -3.748057 3.490322
 O -2.643338 -2.486587 -3.457421
 O -1.281259 2.994658 -4.491166
 O 4.133698 1.860614 2.426156
 O 2.884476 1.195966 -3.757921
 O -4.373820 2.782867 -5.548957
 O 5.095839 -5.731948 -0.598346
 O 1.202643 -0.280621 -5.637538
 O -1.869124 0.522933 -5.131481
 O 1.106916 -0.911338 1.465679
 O 5.708715 -1.955565 -3.966361
 O 4.526127 -0.172776 -0.847133
 O 0.424629 4.215046 4.061027
 O -4.531029 0.710966 -3.707576
 O 0.451671 -3.797097 -0.548797
 O 4.932037 4.130316 -6.046066
 O 2.711212 6.324093 5.558145
 O -5.469277 5.119447 -2.319855
 O -0.136787 1.167261 -2.465977
 O -3.793139 -3.925584 -1.086584
 O -3.030045 5.632291 3.003280
 O -2.144261 3.259763 4.359371
 O -1.697185 -1.768454 -0.496320
 O -1.370768 -1.666999 5.325859
 O 0.129339 2.140510 5.733907
 O -4.854843 3.023350 1.459101
 O 3.374639 4.460944 -1.677979
 O 1.771371 -5.773796 -3.997979
 O -3.091313 4.344097 -3.095485
 O 4.679388 0.770510 6.604263
 O -1.827307 0.718765 2.191880
 O 0.012257 -1.767129 -3.744489
 O 0.096440 -3.544941 -5.871799
 O 6.497930 -5.957987 4.117350
 O 3.637584 -3.025394 0.890423
 O 5.867091 -0.742131 2.880511
 O 1.641505 3.805167 -4.385002
 O -1.531360 -6.660513 -0.127878
 O -5.258142 -1.714813 -6.097193
 O -4.350104 1.425194 -1.056536
 O 5.184544 3.537129 -3.575807
 O 1.841326 -0.640589 -1.523522
 O -4.814443 -3.118543 1.505756
 O 1.783978 2.845082 1.481276
 H -4.413704 -1.823921 -1.210336
 H -5.070724 -0.439746 -1.278734
 H 3.097893 -1.794832 6.426939
 H 2.500599 -2.478681 5.076496
 H -5.650241 5.450268 -5.006621
 H -4.810182 6.795029 -4.843664
 H 0.696691 2.583863 -0.943605
 H 1.922978 3.461769 -1.459064
 H -5.848237 0.813389 3.045823
 H -5.158867 0.962581 4.392468
 H -0.082109 6.876067 5.324374
 H 0.608797 6.290923 6.535123
 H -0.958377 -5.740996 -1.621195
 H 0.079801 -5.258971 -2.665766
 H 3.053216 1.260143 3.562030
 H 2.186639 1.725211 4.776193
 H -3.692618 -6.369724 6.275462
 H -2.042824 -6.508992 6.401995
 H 1.914569 -1.839423 2.909677
 H 2.959818 -2.482703 2.279400
 H 2.604920 -7.349339 2.727151
 H 1.422168 -6.182555 2.844761
 H -2.878543 -4.365943 4.633698
 H -4.064741 -4.188229 3.710297
 H -5.045016 -7.731609 0.922645
 H -4.755969 -6.708464 -0.201118
 H -3.228028 -4.271950 -3.265256
 H -3.042940 -5.695393 -3.609662
 H 2.519349 -2.493289 -2.361974
 H 1.959903 -3.720730 -1.576378
 H -2.562659 2.310057 -1.488470
 H -1.194600 3.094631 -0.911875
 H -2.027015 -3.164637 1.579438
 H -0.912935 -2.251519 2.113508
 H 1.389715 -3.914689 3.283849
 H -0.055564 -4.099656 2.977729
 H 5.701669 -4.510139 -4.954589
 H 4.288938 -3.970272 -5.490125
 H 4.795721 5.565115 2.518561
 H 6.213101 5.071479 2.419463
 H 5.753014 -3.027042 3.372241
 H 4.579640 -3.407580 4.246307
 H -1.715478 -2.228537 -3.716413
 H -3.230626 -2.101450 -4.136133
 H -0.450322 3.448046 -4.190228
 H -0.972588 2.082753 -4.725315
 H 4.646795 2.697646 2.549253
 H 3.463216 2.078279 1.724219
 H 2.452101 0.410907 -4.172843
 H 2.352214 2.017670 -3.856855
 H -5.050228 2.308683 -6.062818
 H -3.763917 2.045024 -5.354322
 H 5.460911 -6.135939 0.216077
 H 5.692514 -6.059323 -1.315869
 H 1.533465 -0.762028 -6.415279
 H 1.070666 0.654048 -5.957357
 H -1.580498 -0.314367 -5.594503
 H -2.806596 0.372245 -4.874208
 H 1.252221 -0.035055 1.875306
 H 1.657731 -0.840797 0.645250
 H 5.556569 -2.886591 -3.739917
 H 5.680329 -1.407290 -3.164218
 H 5.070980 0.625480 -0.883937
 H 5.039103 -0.887795 -1.263745
 H 0.617198 4.867238 4.776285
 H -0.628676 4.010622 4.093562
 H -4.619916 0.894990 -2.740786
 H -5.397251 0.993072 -4.062455
 H -0.383859 -3.794391 -1.069801
 H 0.292468 -3.078402 0.100627
 H 4.295123 4.890094 -6.041998
 H 5.118529 3.897820 -6.977083
 H 2.597636 6.353768 4.548333
 H 3.020078 7.249671 5.654637
 H -5.728518 4.224515 -2.613446
 H -4.487298 5.159731 -2.453941
 H -0.761348 0.568512 -2.024605
 H -0.621167 1.911385 -2.909983
 H -4.561403 -3.994183 -1.683611
 H -4.028089 -3.991887 -0.114012
 H -3.798123 6.199190 2.805659
 H -2.640836 6.008885 3.816376
 H -2.816172 3.963133 4.245895
 H -2.385672 2.710939 5.137108
 H -2.083614 -2.397263 -1.155949
 H -2.538662 -1.446220 -0.113892
 H -1.954113 -1.861528 4.570880
 H -0.650465 -2.325119 5.388023
 H 0.182249 2.820077 5.002490
 H -0.500151 2.444280 6.394007
 H -5.276929 2.293843 1.953342
 H -4.506003 3.593749 2.163584
 H 3.753102 4.968009 -0.931221
 H 4.180666 4.224578 -2.188289
 H 2.469291 -5.956045 -4.652180
 H 2.296156 -5.256561 -3.344945
 H -3.453171 4.352752 -4.009969
 H -2.703810 5.222531 -3.055575
 H 4.110616 0.951341 7.380754
 H 4.053111 0.889423 5.826029
 H -1.863210 0.445598 1.247968
 H -2.801627 0.774647 2.398271
 H 0.742121 -1.571698 -3.119327
 H 0.327127 -1.649814 -4.663461
 H -0.248359 -4.334552 -5.404899
 H 0.991390 -3.456612 -5.482601
 H 6.800995 -6.379566 4.938701
 H 5.659712 -5.479298 4.271106
 H 4.005835 -3.910117 1.070158
 H 3.366879 -3.094311 -0.063918
 H 5.063139 -1.018568 2.389310
 H 5.379121 -0.188656 3.528013
 H 1.808999 3.982292 -5.323096
 H 1.371938 4.606345 -3.880471
 H -0.902685 -6.656382 0.617718
 H -2.437385 -6.750855 0.233627
 H -5.686497 -1.786700 -5.205759
 H -4.476817 -2.288980 -6.156094
 H -3.643473 1.073051 -0.485470
 H -4.571334 2.299016 -0.660989
 H 4.773492 3.325072 -4.452795
 H 4.982443 2.707932 -3.091377
 H 2.789074 -0.415901 -1.436833
 H 1.421059 0.180629 -1.864343
 H -5.054827 -2.834909 0.595788
 H -4.168126 -2.473755 1.855396
 H 1.252081 3.235496 2.203102
 H 1.632211 3.402949 0.656290
K_POINTS
 1
0.0 0.0 0.0 1.0