
&control
    calculation='scf'
    pseudo_dir = './',
    outdir='./outputs',
    disk_io='high'
/
&system
    ibrav= 1, celldm(1)=20.000000, nat=  192, ntyp= 2,
    ecutwfc = 30.0, nosym=.true., occupations='smearing',
    smearing='m-v', degauss=0.025
/
&electrons
    conv_thr =  1.0d-8,
    mixing_beta = 0.7
/
&ions
    pot_extrapolation='second-order'
    wfc_extrapolation='second-order'
    ion_temperature = 'andersen'
    tempw = 1000

/
ATOMIC_SPECIES
 H  1.01  H.blyp-hgh.UPF
 O  16.0  O.blyp-hgh.UPF
ATOMIC_POSITIONS bohr
 O -5.286021 -1.410006 -1.359461
 O 2.889956 -2.636772 5.989728
 O -5.458044 6.314427 -5.439336
 O 1.063728 3.468052 -0.953309
 O -5.062857 1.289115 3.463979
 O -0.255078 6.245191 6.055153
 O -0.887842 -5.370404 -2.536409
 O 2.742650 0.972568 4.457224
 O -2.789357 -6.167439 5.885908
 O 2.504042 -2.564953 3.203872
 O 2.383275 -6.403212 2.730842
 O -3.476026 -3.653485 4.299938
 O -4.789360 -6.805289 0.764608
 O -3.787038 -5.063515 -3.542385
 O 2.747911 -3.432157 -2.118821
 O -2.032534 2.649502 -0.774512
 O -1.443929 -3.022451 2.353171
 O 0.649765 -4.566706 3.497290
 O 4.729841 -4.480031 -4.774262
 O 5.299755 4.780690 2.152368
 O 5.106969 -3.762507 3.494397
 O -2.635320 -2.475554 -3.446350
 O -1.279331 2.995475 -4.491249
 O 4.140561 1.854555 2.418300
 O 2.884919 1.194711 -3.752135
 O -4.384365 2.794174 -5.542092
 O 5.093917 -5.733066 -0.589804
 O 1.184730 -0.278617 -5.644832
 O -1.883685 0.533919 -5.126839
 O 1.100464 -0.916451 1.477226
 O 5.711046 -1.964636 -3.971114
 O 4.514513 -0.171279 -0.865496
 O 0.427567 4.217261 4.060075
 O -4.521381 0.707360 -3.688491
 O 0.424809 -3.796304 -0.563726
 O 4.946882 4.129062 -6.066060
 O 2.739146 6.342701 5.569311
 O -5.468073 5.130137 -2.341416
 O -0.133731 1.161907 -2.474610
 O -3.801596 -3.923627 -1.090531
 O -3.028551 5.630625 3.010462
 O -2.160554 3.269468 4.350563
 O -1.684774 -1.778201 -0.492408
 O -1.373652 -1.663910 5.324842
 O 0.137675 2.117744 5.748229
 O -4.858993 3.007575 1.472191
 O 3.391260 4.470265 -1.690171
 O 1.755039 -5.769192 -3.996691
 O -3.096264 4.349657 -3.100491
 O 4.698093 0.775377 6.603536
 O -1.816733 0.732575 2.184598
 O 0.017361 -1.760369 -3.750448
 O 0.103032 -3.552866 -5.877647
 O 6.514516 -5.958500 4.108714
 O 3.636688 -3.020228 0.908970
 O 5.874242 -0.753509 2.885848
 O 1.635780 3.796686 -4.380323
 O -1.530837 -6.685416 -0.111661
 O -5.250983 -1.710115 -6.113692
 O -4.342081 1.434333 -1.044777
 O 5.200694 3.556980 -3.596279
 O 1.824057 -0.643185 -1.523063
 O -4.805834 -3.142392 1.531844
 O 1.779903 2.854406 1.498872
 H -4.420773 -1.811427 -1.149990
 H -5.044475 -0.454563 -1.297080
 H 3.049171 -1.773775 6.425576
 H 2.469418 -2.539689 5.095484
 H -5.663759 5.472782 -4.981097
 H -4.853845 6.836198 -4.820247
 H 0.735176 2.553524 -0.931747
 H 1.931073 3.475171 -1.446733
 H -5.841434 0.800403 3.069251
 H -5.147797 0.961579 4.371371
 H -0.090567 6.892144 5.325438
 H 0.576684 6.303091 6.566067
 H -0.960297 -5.781810 -1.639614
 H 0.067563 -5.238761 -2.684868
 H 3.029632 1.264309 3.545091
 H 2.180485 1.716098 4.783537
 H -3.688506 -6.438393 6.221080
 H -2.038789 -6.517549 6.408902
 H 1.898429 -1.822259 2.955966
 H 2.978292 -2.440156 2.315393
 H 2.565052 -7.360230 2.736981
 H 1.425834 -6.150379 2.820983
 H -2.909925 -4.370178 4.633376
 H -4.026465 -4.208013 3.695228
 H -5.062311 -7.731855 0.936485
 H -4.718883 -6.699821 -0.204543
 H -3.260066 -4.244472 -3.271313
 H -3.067819 -5.715055 -3.592388
 H 2.556379 -2.502190 -2.352237
 H 1.954482 -3.684851 -1.558004
 H -2.555954 2.340323 -1.505793
 H -1.188135 3.088891 -0.884063
 H -2.041063 -3.126935 1.552807
 H -0.891450 -2.274550 2.089510
 H 1.387489 -3.900250 3.337520
 H -0.063302 -4.114800 2.993813
 H 5.687340 -4.517051 -4.989845
 H 4.323838 -3.984978 -5.528261
 H 4.750814 5.529608 2.506531
 H 6.202520 5.111224 2.430372
 H 5.762286 -3.044429 3.374660
 H 4.605837 -3.400284 4.255951
 H -1.702269 -2.211274 -3.684033
 H -3.223697 -2.095897 -4.124666
 H -0.450853 3.472079 -4.233406
 H -0.984403 2.072781 -4.701413
 H 4.616898 2.718264 2.505759
 H 3.446314 2.019040 1.727532
 H 2.420679 0.425933 -4.148360
 H 2.371910 2.027119 -3.822547
 H -5.052090 2.345803 -6.091358
 H -3.800467 2.039991 -5.295565
 H 5.431862 -6.142879 0.237555
 H 5.743667 -6.023326 -1.277139
 H 1.485326 -0.757076 -6.431657
 H 1.059082 0.660736 -5.951615
 H -1.580409 -0.274935 -5.631210
 H -2.809455 0.368166 -4.837034
 H 1.244538 -0.037163 1.876568
 H 1.673134 -0.884277 0.667346
 H 5.552645 -2.894744 -3.728659
 H 5.652175 -1.428039 -3.164165
 H 5.061000 0.615768 -0.879293
 H 5.039719 -0.879182 -1.249608
 H 0.646002 4.861068 4.772644
 H -0.625957 4.100189 4.046963
 H -4.682376 0.939418 -2.742460
 H -5.368496 0.978767 -4.106796
 H -0.429871 -3.782899 -1.045474
 H 0.298565 -3.102174 0.113081
 H 4.331166 4.905228 -6.104670
 H 5.157167 3.895119 -6.992256
 H 2.611414 6.328610 4.570190
 H 3.043813 7.268810 5.676796
 H -5.737361 4.237210 -2.619593
 H -4.478621 5.084226 -2.430508
 H -0.765856 0.550841 -2.043886
 H -0.575135 1.948838 -2.875776
 H -4.550874 -3.952029 -1.709470
 H -4.015718 -4.071961 -0.139980
 H -3.791824 6.177355 2.766127
 H -2.654449 6.041119 3.814375
 H -2.829976 3.969245 4.232408
 H -2.431410 2.678671 5.086313
 H -2.078850 -2.394001 -1.155842
 H -2.539392 -1.436811 -0.157643
 H -1.934280 -1.890731 4.562127
 H -0.658744 -2.322090 5.425348
 H 0.228686 2.854943 5.053116
 H -0.519571 2.445374 6.384196
 H -5.259197 2.269761 1.961912
 H -4.492577 3.566227 2.174594
 H 3.736797 5.001366 -0.944317
 H 4.204977 4.231230 -2.179120
 H 2.460161 -5.969754 -4.646880
 H 2.262503 -5.272670 -3.309633
 H -3.451595 4.338688 -4.018292
 H -2.707474 5.233862 -3.051148
 H 4.139719 0.928431 7.395238
 H 4.058397 0.919796 5.852739
 H -1.856527 0.396732 1.278670
 H -2.772642 0.777029 2.411344
 H 0.739403 -1.606515 -3.109583
 H 0.324164 -1.606744 -4.666405
 H -0.242848 -4.304286 -5.350636
 H 1.003030 -3.413090 -5.498829
 H 6.801324 -6.384070 4.938445
 H 5.669536 -5.474025 4.218561
 H 4.012152 -3.903800 1.081566
 H 3.319873 -3.053400 -0.031775
 H 5.087582 -1.035206 2.380731
 H 5.381342 -0.211599 3.535170
 H 1.792637 3.998692 -5.322914
 H 1.348208 4.618895 -3.887419
 H -0.953999 -6.688665 0.678378
 H -2.454976 -6.771080 0.204396
 H -5.663620 -1.768791 -5.222497
 H -4.478188 -2.300327 -6.187427
 H -3.641279 1.072038 -0.472513
 H -4.533285 2.321764 -0.674215
 H 4.752051 3.339294 -4.453396
 H 4.974432 2.747981 -3.101553
 H 2.769715 -0.415712 -1.439131
 H 1.410856 0.162109 -1.924146
 H -5.103537 -2.866613 0.636622
 H -4.178203 -2.461883 1.853225
 H 1.257301 3.266252 2.222688
 H 1.658268 3.409795 0.664253
K_POINTS
 1
0.0 0.0 0.0 1.0