
&control
    calculation='scf'
    pseudo_dir = './',
    outdir='./outputs',
    disk_io='high'
/
&system
    ibrav= 1, celldm(1)=20.000000, nat=  192, ntyp= 2,
    ecutwfc = 30.0, nosym=.true., occupations='smearing',
    smearing='m-v', degauss=0.025
/
&electrons
    conv_thr =  1.0d-8,
    mixing_beta = 0.7
/
&ions
    pot_extrapolation='second-order'
    wfc_extrapolation='second-order'
    ion_temperature = 'andersen'
    tempw = 1000

/
ATOMIC_SPECIES
 H  1.01  H.blyp-hgh.UPF
 O  16.0  O.blyp-hgh.UPF
ATOMIC_POSITIONS bohr
 O -5.283953 -1.420116 -1.346902
 O 2.879529 -2.635861 6.001592
 O -5.449717 6.322678 -5.433584
 O 1.063257 3.454160 -0.955900
 O -5.059393 1.313146 3.450637
 O -0.263743 6.240339 6.044484
 O -0.895144 -5.366102 -2.533736
 O 2.759215 0.987805 4.453647
 O -2.774571 -6.185914 5.877729
 O 2.488703 -2.559619 3.195331
 O 2.381884 -6.406021 2.715243
 O -3.473154 -3.649411 4.288104
 O -4.795405 -6.822249 0.756713
 O -3.790759 -5.059288 -3.543187
 O 2.742053 -3.446992 -2.118710
 O -2.038693 2.668752 -0.778126
 O -1.453820 -3.025470 2.333745
 O 0.656863 -4.583134 3.493221
 O 4.718055 -4.478424 -4.766975
 O 5.304749 4.772127 2.155743
 O 5.113329 -3.778186 3.500106
 O -2.626210 -2.463157 -3.433463
 O -1.275302 2.996549 -4.490710
 O 4.149342 1.847805 2.408088
 O 2.887166 1.193041 -3.744459
 O -4.395640 2.806499 -5.535073
 O 5.091947 -5.734592 -0.579795
 O 1.165237 -0.275759 -5.652762
 O -1.900719 0.545172 -5.122336
 O 1.094117 -0.921908 1.490052
 O 5.713228 -1.974403 -3.976211
 O 4.499144 -0.169801 -0.886184
 O 0.427603 4.218825 4.058316
 O -4.512093 0.703241 -3.666415
 O 0.393839 -3.795119 -0.580381
 O 4.962971 4.128511 -6.089760
 O 2.771687 6.364654 5.580822
 O -5.466194 5.143358 -2.364608
 O -0.128693 1.155685 -2.483756
 O -3.809372 -3.920231 -1.093945
 O -3.026129 5.628184 3.018503
 O -2.178805 3.280341 4.340216
 O -1.672601 -1.789440 -0.488127
 O -1.377142 -1.658665 5.323995
 O 0.149337 2.091980 5.762540
 O -4.863847 2.990112 1.485532
 O 3.410436 4.480468 -1.703370
 O 1.737176 -5.763721 -3.994976
 O -3.102655 4.356630 -3.106931
 O 4.719483 0.781044 6.601427
 O -1.805935 0.747823 2.176508
 O 0.022128 -1.754010 -3.755982
 O 0.112224 -3.562211 -5.883577
 O 6.534559 -5.960553 4.097430
 O 3.635787 -3.013892 0.928412
 O 5.880296 -0.766698 2.892241
 O 1.628241 3.787072 -4.373699
 O -1.529951 -6.713574 -0.093297
 O -5.241824 -1.704069 -6.134092
 O -4.334015 1.444020 -1.031454
 O 5.218180 3.577270 -3.618747
 O 1.803607 -0.646321 -1.522663
 O -4.795386 -3.169910 1.561099
 O 1.775510 2.865792 1.519164
 H -4.429542 -1.809193 -1.088549
 H -5.021202 -0.473553 -1.319051
 H 2.996079 -1.751583 6.416149
 H 2.444147 -2.602985 5.120209
 H -5.682743 5.502850 -4.950064
 H -4.908787 6.876196 -4.795049
 H 0.781535 2.512975 -0.923426
 H 1.937407 3.495612 -1.429145
 H -5.819692 0.786622 3.090958
 H -5.128062 0.959622 4.355412
 H -0.101312 6.911215 5.328540
 H 0.539286 6.317815 6.602128
 H -0.963789 -5.830928 -1.660548
 H 0.050943 -5.219519 -2.709768
 H 3.009692 1.272095 3.535115
 H 2.175025 1.697301 4.789013
 H -3.672069 -6.514012 6.159305
 H -2.036786 -6.527402 6.414606
 H 1.870264 -1.804360 3.017271
 H 3.006704 -2.415710 2.363011
 H 2.505871 -7.373247 2.745542
 H 1.435591 -6.117750 2.793888
 H -2.939485 -4.373532 4.645159
 H -3.987717 -4.219159 3.682294
 H -5.082425 -7.735170 0.940690
 H -4.681583 -6.695129 -0.207477
 H -3.301041 -4.216491 -3.288809
 H -3.094043 -5.732647 -3.575313
 H 2.596729 -2.512889 -2.340930
 H 1.951498 -3.638334 -1.541422
 H -2.541401 2.382634 -1.549335
 H -1.178135 3.088677 -0.868618
 H -2.043597 -3.085726 1.537980
 H -0.861415 -2.290786 2.060523
 H 1.385004 -3.891186 3.402364
 H -0.081558 -4.136368 3.013001
 H 5.665677 -4.534410 -5.034761
 H 4.367702 -3.999161 -5.562376
 H 4.702654 5.479239 2.488080
 H 6.174851 5.153373 2.443258
 H 5.778055 -3.068257 3.374310
 H 4.632865 -3.392726 4.263097
 H -1.688082 -2.192398 -3.645682
 H -3.213670 -2.087341 -4.110884
 H -0.455026 3.496792 -4.288394
 H -1.009874 2.057271 -4.665287
 H 4.577310 2.738990 2.453791
 H 3.428206 1.958285 1.737037
 H 2.375332 0.451970 -4.122678
 H 2.388115 2.034555 -3.789297
 H -5.058752 2.392283 -6.123009
 H -3.843509 2.042162 -5.225358
 H 5.400862 -6.150356 0.258430
 H 5.797592 -5.983748 -1.229663
 H 1.429374 -0.747463 -6.456487
 H 1.037907 0.663472 -5.948439
 H -1.586868 -0.220699 -5.673061
 H -2.806711 0.360335 -4.792234
 H 1.229849 -0.036850 1.877548
 H 1.681712 -0.934329 0.693965
 H 5.540648 -2.906717 -3.714872
 H 5.625213 -1.454789 -3.163705
 H 5.055759 0.612929 -0.873715
 H 5.050584 -0.877201 -1.231791
 H 0.668279 4.854699 4.765305
 H -0.592885 4.204738 3.999129
 H -4.743235 0.992141 -2.749071
 H -5.329570 0.958749 -4.160757
 H -0.477326 -3.773655 -1.019641
 H 0.307835 -3.130068 0.125927
 H 4.378383 4.918040 -6.181701
 H 5.197526 3.893998 -7.006475
 H 2.626917 6.293538 4.598242
 H 3.069226 7.287743 5.707361
 H -5.753813 4.252695 -2.631239
 H -4.475656 4.994797 -2.405008
 H -0.774165 0.538947 -2.073268
 H -0.528338 1.980525 -2.831300
 H -4.544056 -3.910924 -1.729884
 H -4.010999 -4.167117 -0.178247
 H -3.788581 6.153411 2.718788
 H -2.673130 6.077897 3.817580
 H -2.849213 3.975716 4.218335
 H -2.483180 2.649036 5.024547
 H -2.067958 -2.391044 -1.161853
 H -2.534160 -1.421911 -0.202025
 H -1.909443 -1.929288 4.552103
 H -0.674616 -2.325346 5.468835
 H 0.281546 2.883264 5.121117
 H -0.543632 2.453913 6.368594
 H -5.238551 2.243455 1.976670
 H -4.467258 3.530798 2.192561
 H 3.717054 5.044723 -0.959813
 H 4.230582 4.241916 -2.177494
 H 2.449070 -5.984292 -4.639892
 H 2.222621 -5.290012 -3.271536
 H -3.447192 4.313267 -4.025986
 H -2.697454 5.246889 -3.040029
 H 4.171162 0.904732 7.414291
 H 4.069551 0.952792 5.886874
 H -1.841782 0.341343 1.307053
 H -2.735412 0.784314 2.432416
 H 0.734761 -1.642660 -3.102532
 H 0.323681 -1.549736 -4.663191
 H -0.239582 -4.263821 -5.291695
 H 1.011816 -3.364636 -5.522546
 H 6.794106 -6.381795 4.943874
 H 5.688875 -5.462962 4.161819
 H 4.019661 -3.896013 1.094700
 H 3.270913 -3.008826 0.010780
 H 5.118782 -1.059120 2.359618
 H 5.384157 -0.242376 3.552555
 H 1.770597 4.020764 -5.317556
 H 1.334392 4.628779 -3.906625
 H -1.019188 -6.725559 0.745224
 H -2.470726 -6.795283 0.175855
 H -5.636537 -1.750857 -5.239682
 H -4.483117 -2.314547 -6.223216
 H -3.637372 1.077505 -0.455052
 H -4.488290 2.345890 -0.683528
 H 4.736394 3.365721 -4.458659
 H 4.966174 2.790273 -3.110190
 H 2.755116 -0.410689 -1.441092
 H 1.399063 0.138172 -1.991098
 H -5.161994 -2.896878 0.691705
 H -4.195209 -2.449107 1.850866
 H 1.264010 3.300105 2.241489
 H 1.681777 3.409299 0.679458
K_POINTS
 1
0.0 0.0 0.0 1.0