
&control
    calculation='scf'
    pseudo_dir = './',
    outdir='./outputs',
    disk_io='high'
/
&system
    ibrav= 1, celldm(1)=20.000000, nat=  192, ntyp= 2,
    ecutwfc = 30.0, nosym=.true., occupations='smearing',
    smearing='m-v', degauss=0.025
/
&electrons
    conv_thr =  1.0d-8,
    mixing_beta = 0.7
/
&ions
    pot_extrapolation='second-order'
    wfc_extrapolation='second-order'
    ion_temperature = 'andersen'
    tempw = 1000

/
ATOMIC_SPECIES
 H  1.01  H.blyp-hgh.UPF
 O  16.0  O.blyp-hgh.UPF
ATOMIC_POSITIONS bohr
 O -5.283345 -1.422380 -1.343583
 O 2.876925 -2.635839 6.004734
 O -5.447444 6.324746 -5.432146
 O 1.063108 3.450655 -0.956552
 O -5.058731 1.319050 3.447441
 O -0.265632 6.239027 6.041743
 O -0.897099 -5.365051 -2.533030
 O 2.763195 0.991614 4.452825
 O -2.771253 -6.190498 5.875520
 O 2.484644 -2.557842 3.193305
 O 2.381852 -6.406672 2.711433
 O -3.472581 -3.648558 4.284989
 O -4.796713 -6.826123 0.754708
 O -3.791669 -5.057958 -3.543368
 O 2.740511 -3.450850 -2.118471
 O -2.040486 2.673354 -0.778316
 O -1.456376 -3.026153 2.328547
 O 0.658644 -4.587093 3.492131
 O 4.715139 -4.477841 -4.765432
 O 5.305939 4.770200 2.156727
 O 5.114826 -3.781928 3.501713
 O -2.623943 -2.460121 -3.430155
 O -1.274099 2.996839 -4.490506
 O 4.151676 1.846141 2.405316
 O 2.888024 1.192606 -3.742359
 O -4.398318 2.809440 -5.533426
 O 5.091525 -5.735022 -0.577228
 O 1.160538 -0.274997 -5.654667
 O -1.905012 0.547843 -5.121327
 O 1.092665 -0.923241 1.493214
 O 5.713686 -1.976865 -3.977387
 O 4.494954 -0.169445 -0.891312
 O 0.427246 4.219091 4.057756
 O -4.510137 0.702251 -3.660899
 O 0.386136 -3.794802 -0.584465
 O 4.966850 4.128520 -6.095847
 O 2.779926 6.370158 5.583620
 O -5.465549 5.146760 -2.370159
 O -0.127153 1.154010 -2.485883
 O -3.810931 -3.919145 -1.094772
 O -3.025391 5.627518 3.020511
 O -2.183295 3.283001 4.337584
 O -1.669917 -1.792248 -0.487089
 O -1.378036 -1.657103 5.323797
 O 0.152475 2.085820 5.765828
 O -4.865031 2.985928 1.488599
 O 3.415193 4.482960 -1.706500
 O 1.732863 -5.762343 -3.994520
 O -3.104300 4.358553 -3.108585
 O 4.724858 0.782475 6.600877
 O -1.803219 0.751583 2.174581
 O 0.023074 -1.752669 -3.757160
 O 0.114799 -3.564584 -5.884936
 O 6.539752 -5.961330 4.094405
 O 3.635602 -3.012186 0.933041
 O 5.881531 -0.770030 2.893901
 O 1.626163 3.784835 -4.371906
 O -1.529696 -6.720554 -0.088671
 O -5.239331 -1.702456 -6.139500
 O -4.332185 1.446295 -1.028153
 O 5.222363 3.581983 -3.624250
 O 1.798420 -0.647062 -1.522639
 O -4.792671 -3.176789 1.568328
 O 1.774456 2.868753 1.524309
 H -4.431633 -1.811103 -1.074221
 H -5.016661 -0.478139 -1.324858
 H 2.983121 -1.746680 6.412221
 H 2.439248 -2.617294 5.126319
 H -5.688046 5.511088 -4.942012
 H -4.922662 6.884981 -4.788923
 H 0.793780 2.502772 -0.922204
 H 1.938706 3.501499 -1.424397
 H -5.812530 0.783280 3.094793
 H -5.121598 0.959324 4.352696
 H -0.104088 6.915767 5.330092
 H 0.529615 6.321776 6.610984
 H -0.964469 -5.843296 -1.665872
 H 0.046522 -5.215443 -2.716229
 H 3.006018 1.274712 3.534024
 H 2.173569 1.691732 4.790020
 H -3.665892 -6.532184 6.144225
 H -2.036344 -6.530099 6.415789
 H 1.862280 -1.800642 3.033457
 H 3.015056 -2.413147 2.374677
 H 2.488940 -7.376412 2.747164
 H 1.438794 -6.110066 2.787265
 H -2.945204 -4.374409 4.650729
 H -3.979629 -4.220185 3.678961
 H -5.087651 -7.737247 0.939668
 H -4.673309 -6.695216 -0.207783
 H -3.311376 -4.210605 -3.294894
 H -3.100026 -5.735845 -3.571423
 H 2.606498 -2.514945 -2.338427
 H 1.950905 -3.626310 -1.537889
 H -2.536023 2.394711 -1.563192
 H -1.175183 3.089661 -0.867353
 H -2.042531 -3.076023 1.536325
 H -0.853628 -2.294160 2.053506
 H 1.384013 -3.890292 3.418631
 H -0.087078 -4.142444 3.017990
 H 5.659493 -4.540688 -5.045934
 H 4.378546 -4.002284 -5.568806
 H 4.690908 5.465442 2.482859
 H 6.165945 5.163428 2.446810
 H 5.782970 -3.074989 3.373560
 H 4.638962 -3.391116 4.264314
 H -1.684748 -2.187791 -3.636139
 H -3.210784 -2.084661 -4.107525
 H -0.456085 3.502402 -4.302797
 H -1.017922 2.052907 -4.654971
 H 4.566703 2.743672 2.440514
 H 3.423986 1.944357 1.740197
 H 2.362477 0.459547 -4.116815
 H 2.391088 2.036032 -3.781976
 H -5.060665 2.404487 -6.130424
 H -3.855027 2.044394 -5.207851
 H 5.393414 -6.152070 0.262867
 H 5.810029 -5.974185 -1.217273
 H 1.415251 -0.744471 -6.463776
 H 1.031203 0.663774 -5.948241
 H -1.589753 -0.206119 -5.683452
 H -2.805084 0.357681 -4.780821
 H 1.225310 -0.036250 1.877509
 H 1.682381 -0.946559 0.700904
 H 5.536588 -2.909587 -3.711848
 H 5.619308 -1.461524 -3.163401
 H 5.055427 0.613685 -0.872171
 H 5.055109 -0.878315 -1.227125
 H 0.672154 4.853663 4.763101
 H -0.580831 4.230485 3.988282
 H -4.756456 1.005506 -2.751428
 H -5.318508 0.952924 -4.174493
 H -0.488649 -3.771999 -1.013690
 H 0.310355 -3.136969 0.129099
 H 4.390823 4.920832 -6.201439
 H 5.207217 3.893719 -7.009763
 H 2.630854 6.284495 4.605226
 H 3.075234 7.292013 5.715319
 H -5.759512 4.256691 -2.634928
 H -4.476116 4.972596 -2.398971
 H -0.776519 0.537812 -2.081987
 H -0.518000 1.986993 -2.819524
 H -4.543328 -3.902018 -1.733395
 H -4.011888 -4.191486 -0.188004
 H -3.788292 6.147554 2.706663
 H -2.678521 6.086855 3.818987
 H -2.854746 3.977353 4.215016
 H -2.496062 2.642810 5.008651
 H -2.064236 -2.390697 -1.164535
 H -2.531825 -1.417341 -0.212033
 H -1.902948 -1.939607 4.549730
 H -0.679643 -2.327199 5.479995
 H 0.294522 2.887583 5.139542
 H -0.549173 2.456330 6.363629
 H -5.233510 2.236871 1.981249
 H -4.459487 3.521150 2.197571
 H 3.712127 5.056185 -0.964164
 H 4.236834 4.245256 -2.178436
 H 2.445968 -5.987383 -4.637426
 H 2.212515 -5.294378 -3.262932
 H -3.445593 4.305792 -4.027698
 H -2.693249 5.248986 -3.036679
 H 4.179079 0.899110 7.419029
 H 4.072561 0.960878 5.894977
 H -1.837092 0.327153 1.312346
 H -2.727037 0.786944 2.438929
 H 0.733723 -1.651044 -3.101268
 H 0.324191 -1.534084 -4.661330
 H -0.238988 -4.252488 -5.277556
 H 1.012956 -3.353024 -5.529270
 H 6.790818 -6.379716 4.945787
 H 5.695198 -5.459448 4.148337
 H 4.021388 -3.893915 1.097572
 H 3.259723 -2.998540 0.022163
 H 5.126879 -1.065740 2.352546
 H 5.384680 -0.250851 3.558284
 H 1.764648 4.026309 -5.314950
 H 1.333275 4.629889 -3.913067
 H -1.036515 -6.734726 0.761111
 H -2.473880 -6.801574 0.169378
 H -5.629824 -1.746951 -5.243288
 H -4.485099 -2.318107 -6.232082
 H -3.636185 1.080076 -0.450365
 H -4.476877 2.351702 -0.684742
 H 4.734065 3.374052 -4.460807
 H 4.964255 2.799804 -3.111521
 H 2.752216 -0.408770 -1.441531
 H 1.396286 0.131282 -2.007044
 H -5.176894 -2.903687 0.706745
 H -4.200500 -2.446266 1.850322
 H 1.265867 3.308201 2.245280
 H 1.686419 3.407991 0.684250
K_POINTS
 1
0.0 0.0 0.0 1.0