
&control
    calculation='scf'
    pseudo_dir = './',
    outdir='./outputs',
    disk_io='high'
/
&system
    ibrav= 1, celldm(1)=20.000000, nat=  192, ntyp= 2,
    ecutwfc = 30.0, nosym=.true., occupations='smearing',
    smearing='m-v', degauss=0.025
/
&electrons
    conv_thr =  1.0d-8,
    mixing_beta = 0.7
/
&ions
    pot_extrapolation='second-order'
    wfc_extrapolation='second-order'
    ion_temperature = 'andersen'
    tempw = 1000

/
ATOMIC_SPECIES
 H  1.01  H.blyp-hgh.UPF
 O  16.0  O.blyp-hgh.UPF
ATOMIC_POSITIONS bohr
 O -5.260681 -1.555454 -1.349200
 O 3.971568 -2.183588 5.395235
 O -5.725030 5.309267 -5.528886
 O -0.166971 3.637859 -1.562728
 O -4.711555 0.733344 3.853151
 O -0.234931 5.437568 5.196766
 O -0.125697 -5.374382 -3.407954
 O 2.341554 0.260947 3.653903
 O -2.853604 -5.293603 5.628519
 O 1.908697 -2.971076 1.726085
 O 2.518542 -6.079989 2.906024
 O -4.174278 -3.045290 4.386805
 O -4.432165 -5.931399 0.721063
 O -3.573682 -5.680680 -3.667502
 O 2.160825 -2.743810 -2.184845
 O -1.850720 2.472267 1.324295
 O -1.113093 -1.494424 1.725646
 O 0.229241 -4.240291 3.685519
 O 5.437080 -4.176023 -4.955452
 O 5.534724 4.840049 2.185093
 O 5.981460 -2.972474 3.246022
 O -3.235385 -2.993271 -3.832313
 O -0.899658 2.604897 -4.938810
 O 3.883496 2.352223 2.848406
 O 2.323896 1.300607 -3.112410
 O -4.900581 2.811951 -6.154709
 O 4.444475 -5.954723 -1.249540
 O 1.958947 -1.309879 -4.593378
 O -2.025699 0.226152 -4.833585
 O 0.857998 -0.327403 0.685415
 O 4.781028 -1.751600 -3.763559
 O 5.176101 0.073357 -0.067821
 O -0.265766 4.524349 1.849126
 O -5.207054 0.718248 -4.009983
 O 0.726002 -3.809130 -0.361365
 O 4.600044 3.541015 -4.358760
 O 3.528955 5.479802 5.835481
 O -5.126854 3.702225 -1.828632
 O -0.383920 1.040155 -1.617805
 O -3.021541 -3.337580 -1.122864
 O -2.605817 5.457951 3.364004
 O -1.497515 2.803215 3.945574
 O -2.633449 -0.234661 -0.681478
 O -1.519969 -2.202570 4.905010
 O 0.716766 1.806489 4.904216
 O -4.795026 3.381537 1.438516
 O 2.811478 3.908057 -0.568038
 O 2.684334 -5.986711 -3.564226
 O -2.640357 4.580434 -2.317782
 O 5.606905 0.583161 5.279273
 O -3.097809 0.197717 1.972590
 O -0.655172 -2.417660 -2.313381
 O 0.014305 -3.247892 -5.500308
 O 5.692534 -5.971629 4.410101
 O 5.109418 -3.023375 -0.234912
 O 4.690528 -0.705832 2.433325
 O 1.080127 4.304678 -4.343784
 O -0.619134 -5.775383 0.466044
 O -5.546669 -1.381417 -5.766728
 O -4.633793 1.414498 -0.913527
 O 5.210826 1.616261 -2.700176
 O 2.747009 -0.271144 -0.989516
 O -5.292293 -1.214484 1.239734
 O 1.534832 2.677013 1.448097
 H -4.907986 -1.520293 -0.420865
 H -4.459200 -1.257398 -1.833193
 H 3.558832 -2.965897 5.804488
 H 3.273858 -1.672920 4.923263
 H -6.317788 4.864014 -4.877418
 H -5.823858 4.677223 -6.277582
 H 0.340287 3.150879 -0.863924
 H 0.449622 4.260476 -1.993016
 H -5.491767 0.134061 3.816409
 H -5.019215 1.326465 4.585141
 H 0.195514 6.314366 5.099378
 H -0.084540 5.091008 6.103739
 H -0.423823 -5.583689 -2.501938
 H -0.829071 -5.803716 -3.933826
 H 2.488890 1.178424 3.286510
 H 1.380199 0.129794 3.522101
 H -3.500838 -5.562946 6.324123
 H -1.983564 -5.357806 6.074535
 H 1.947668 -2.002599 1.473431
 H 2.790900 -3.376750 1.769854
 H 3.294445 -6.298902 2.346043
 H 1.751671 -6.558537 2.513833
 H -3.451139 -3.498124 3.911089
 H -4.387487 -2.218481 3.903582
 H -3.591871 -6.356033 0.446193
 H -4.406487 -5.040812 0.290770
 H -4.478154 -5.542122 -3.324120
 H -3.572483 -6.634238 -3.886585
 H 2.191225 -1.759339 -2.061447
 H 2.183730 -3.062701 -1.248281
 H -1.325519 3.114008 0.797432
 H -1.497789 1.575003 1.126528
 H -0.306689 -1.720788 1.212246
 H -0.881114 -1.639354 2.671411
 H 1.022995 -3.652342 3.648885
 H -0.351080 -3.761245 3.057322
 H 6.025313 -4.849679 -5.367664
 H 5.949281 -3.432076 -4.562275
 H 5.724103 5.536988 2.893502
 H 6.209741 5.067613 1.497315
 H 5.355626 -2.449837 2.691185
 H 6.466275 -3.659988 2.761937
 H -2.335013 -2.797437 -4.158069
 H -3.893637 -2.953616 -4.549320
 H -0.410867 2.955765 -4.163551
 H -1.042185 1.620082 -4.800072
 H 4.751083 2.539567 3.262475
 H 3.446456 3.218695 2.726019
 H 2.894028 1.021569 -3.856942
 H 1.961548 2.199821 -3.261826
 H -5.036419 2.279654 -5.325661
 H -3.971772 3.124943 -6.176179
 H 4.162848 -5.048243 -1.518558
 H 5.399696 -5.848275 -1.077698
 H 2.790970 -1.200926 -5.110484
 H 1.197802 -1.017799 -5.133119
 H -2.069030 -0.512408 -5.470428
 H -2.860677 0.728680 -4.915138
 H 1.167999 0.597370 0.829772
 H 1.230388 -0.440325 -0.217825
 H 3.992892 -2.203571 -3.362008
 H 5.395877 -1.686887 -2.993888
 H 5.203402 1.036086 -0.223700
 H 5.977215 -0.354533 -0.520881
 H -0.689642 3.940400 2.553558
 H -0.554475 5.448572 2.013959
 H -4.707976 1.002472 -3.210156
 H -6.112043 0.577090 -3.588994
 H 0.603973 -4.719447 -0.665637
 H 0.947109 -3.896287 0.594655
 H 3.666627 3.808309 -4.271657
 H 4.628607 2.797576 -4.995068
 H 3.249878 5.027846 5.004685
 H 2.776166 6.088849 5.963052
 H -5.792031 3.896144 -1.137141
 H -4.731062 4.569314 -2.094051
 H -0.018669 0.310923 -2.155986
 H -1.357801 0.863559 -1.714017
 H -2.983530 -3.175195 -2.115793
 H -2.642185 -4.234600 -1.087015
 H -3.363505 5.827806 2.863895
 H -2.611253 5.955453 4.234343
 H -1.493877 1.884719 3.591891
 H -2.275711 3.182772 3.490498
 H -2.224036 -1.080199 -0.407474
 H -2.949241 0.116847 0.193523
 H -2.465507 -2.204931 5.176778
 H -1.227322 -3.109056 5.158867
 H 1.568899 1.595253 5.315971
 H 0.146103 2.391677 5.459885
 H -5.303596 3.525480 2.263063
 H -3.877177 3.061816 1.628780
 H 3.380708 4.634044 -0.217986
 H 2.839084 4.120226 -1.520216
 H 3.627620 -5.853739 -3.828764
 H 2.203884 -5.202318 -3.909216
 H -2.482011 3.888647 -3.000154
 H -1.999563 4.230884 -1.645036
 H 5.999804 -0.115327 5.925377
 H 4.660056 0.350709 5.275625
 H -2.738651 -0.638856 2.305555
 H -3.781855 0.533898 2.625322
 H -0.004783 -3.142582 -2.367436
 H -0.360506 -2.057679 -1.458983
 H 0.395654 -3.353521 -4.595642
 H 0.791548 -3.065322 -6.059902
 H 4.946347 -5.625500 4.940788
 H 6.515979 -5.688714 4.844295
 H 5.745747 -3.466431 0.360925
 H 4.680429 -2.410555 0.396573
 H 4.518463 -0.301314 1.538467
 H 4.084725 -0.255367 3.070350
 H 1.373129 3.818269 -5.140708
 H 1.645181 5.142141 -4.263623
 H -0.963506 -6.560903 -0.013681
 H -1.334962 -5.131231 0.634306
 H -5.421368 -1.988481 -6.529433
 H -4.726970 -0.961371 -5.438502
 H -3.982514 2.130038 -1.016955
 H -4.788198 1.444806 0.052922
 H 5.835386 2.377361 -2.727890
 H 4.353738 1.979514 -2.415532
 H 3.677179 -0.362635 -0.624655
 H 2.819062 0.377345 -1.739710
 H -6.094871 -0.749857 1.585922
 H -4.857037 -1.576132 2.021669
 H 0.999705 3.534426 1.413555
 H 2.285353 2.756073 0.817890
K_POINTS
 1
0.0 0.0 0.0 1.0