
&control
    calculation='scf'
    pseudo_dir = './',
    outdir='./outputs',
    disk_io='high'
/
&system
    ibrav= 1, celldm(1)=20.000000, nat=  192, ntyp= 2,
    ecutwfc = 30.0, nosym=.true., occupations='smearing',
    smearing='m-v', degauss=0.025
/
&electrons
    conv_thr =  1.0d-8,
    mixing_beta = 0.7
/
&ions
    pot_extrapolation='second-order'
    wfc_extrapolation='second-order'
    ion_temperature = 'andersen'
    tempw = 1000

/
ATOMIC_SPECIES
 H  1.01  H.blyp-hgh.UPF
 O  16.0  O.blyp-hgh.UPF
ATOMIC_POSITIONS bohr
 O -5.283027 -1.423477 -1.341898
 O 2.875628 -2.635859 6.006340
 O -5.446287 6.325778 -5.431431
 O 1.063023 3.448884 -0.956877
 O -5.058427 1.321982 3.445882
 O -0.266532 6.238358 6.040362
 O -0.898103 -5.364532 -2.532671
 O 2.765165 0.993506 4.452427
 O -2.769655 -6.192782 5.874387
 O 2.482570 -2.556890 3.192336
 O 2.381886 -6.406998 2.709541
 O -3.472307 -3.648153 4.283416
 O -4.797333 -6.827997 0.753702
 O -3.792133 -5.057253 -3.543460
 O 2.739730 -3.452800 -2.118321
 O -2.041423 2.675622 -0.778328
 O -1.457641 -3.026466 2.325905
 O 0.659528 -4.589049 3.491577
 O 4.713694 -4.477521 -4.764715
 O 5.306517 4.769259 2.157233
 O 5.115562 -3.783769 3.502543
 O -2.622811 -2.458615 -3.428485
 O -1.273480 2.996986 -4.490398
 O 4.152861 1.845313 2.403896
 O 2.888495 1.192388 -3.741283
 O -4.399636 2.810889 -5.532617
 O 5.091326 -5.735244 -0.575935
 O 1.158218 -0.274616 -5.655610
 O -1.907160 0.549167 -5.120837
 O 1.091953 -0.923905 1.494792
 O 5.713901 -1.978112 -3.977956
 O 4.492819 -0.169267 -0.893874
 O 0.427043 4.219208 4.057458
 O -4.509219 0.701766 -3.658146
 O 0.382299 -3.794643 -0.586493
 O 4.968768 4.128546 -6.098916
 O 2.784060 6.372902 5.585020
 O -5.465192 5.148465 -2.372897
 O -0.126337 1.153148 -2.486923
 O -3.811650 -3.918562 -1.095190
 O -3.025004 5.627184 3.021518
 O -2.185529 3.284322 4.336261
 O -1.668630 -1.793651 -0.486577
 O -1.378484 -1.656290 5.323695
 O 0.154063 2.082802 5.767437
 O -4.865613 2.983872 1.490096
 O 3.417560 4.484201 -1.708035
 O 1.730729 -5.761654 -3.994290
 O -3.105121 4.359548 -3.109410
 O 4.727553 0.783192 6.600619
 O -1.801839 0.753455 2.173626
 O 0.023505 -1.752038 -3.757720
 O 0.116125 -3.565776 -5.885599
 O 6.542375 -5.961761 4.092866
 O 3.635518 -3.011311 0.935330
 O 5.882112 -0.771701 2.894740
 O 1.625095 3.783750 -4.370999
 O -1.529566 -6.724037 -0.086346
 O -5.238054 -1.701634 -6.142251
 O -4.331298 1.447410 -1.026506
 O 5.224425 3.584287 -3.626984
 O 1.795825 -0.647418 -1.522644
 O -4.791299 -3.180225 1.571931
 O 1.773937 2.870246 1.526898
 H -4.432674 -1.812444 -1.067195
 H -5.014580 -0.480356 -1.327822
 H 2.976684 -1.744345 6.410010
 H 2.436980 -2.624192 5.129306
 H -5.690779 5.515311 -4.937948
 H -4.929552 6.889200 -4.785873
 H 0.800026 2.497766 -0.921722
 H 1.939339 3.504551 -1.421996
 H -5.808770 0.781597 3.096406
 H -5.118109 0.959247 4.351483
 H -0.105480 6.917987 5.331017
 H 0.524711 6.323811 6.615360
 H -0.964740 -5.849453 -1.668571
 H 0.044292 -5.213525 -2.719471
 H 3.004392 1.276139 3.533655
 H 2.172776 1.688887 4.790493
 H -3.662512 -6.541148 6.136772
 H -2.036099 -6.531500 6.416353
 H 1.858236 -1.798946 3.041614
 H 3.019416 -2.412329 2.380353
 H 2.480175 -7.377955 2.747890
 H 1.440485 -6.106265 2.783989
 H -2.947807 -4.374839 4.653930
 H -3.975892 -4.220472 3.677195
 H -5.090299 -7.738514 0.938843
 H -4.669346 -6.695477 -0.207860
 H -3.316485 -4.207849 -3.298173
 H -3.102913 -5.737236 -3.569530
 H 2.611346 -2.515842 -2.337251
 H 1.950588 -3.620291 -1.536195
 H -2.532994 2.401010 -1.570405
 H -1.173687 3.090285 -0.867079
 H -2.041851 -3.071290 1.535680
 H -0.849779 -2.295863 2.050087
 H 1.383427 -3.890055 3.426721
 H -0.089907 -4.145583 3.020527
 H 5.656311 -4.544151 -5.051431
 H 4.383863 -4.003766 -5.571680
 H 4.685036 5.458424 2.480182
 H 6.161296 5.168407 2.448672
 H 5.785575 -3.078485 3.373079
 H 4.641893 -3.390359 4.264852
 H -1.683117 -2.185501 -3.631399
 H -3.209282 -2.083223 -4.105877
 H -0.456552 3.505113 -4.310066
 H -1.022163 2.050676 -4.649643
 H 4.561317 2.745938 2.433845
 H 3.421929 1.937584 1.741877
 H 2.355845 0.463467 -4.113975
 H 2.392428 2.036722 -3.778458
 H -5.061606 2.410664 -6.134015
 H -3.860936 2.045774 -5.199159
 H 5.389732 -6.152903 0.264967
 H 5.816062 -5.969460 -1.211003
 H 1.408162 -0.742885 -6.467563
 H 1.027632 0.663916 -5.948232
 H -1.591391 -0.198745 -5.688645
 H -2.804146 0.356234 -4.775098
 H 1.222924 -0.035876 1.877424
 H 1.682515 -0.952599 0.704403
 H 5.534420 -2.910947 -3.710457
 H 5.616479 -1.464855 -3.163208
 H 5.055358 0.614229 -0.871369
 H 5.057603 -0.879073 -1.224733
 H 0.673856 4.853269 4.761961
 H -0.574455 4.243244 3.983021
 H -4.762751 1.012200 -2.752717
 H -5.312760 0.949872 -4.181361
 H -0.494262 -3.771266 -1.010802
 H 0.311627 -3.140400 0.130688
 H 4.397092 4.922211 -6.211339
 H 5.212032 3.893541 -7.011405
 H 2.632842 6.280008 4.608663
 H 3.078186 7.294098 5.719292
 H -5.762640 4.258731 -2.636885
 H -4.476542 4.961591 -2.396018
 H -0.777732 0.537532 -2.086544
 H -0.513060 1.990052 -2.813559
 H -4.543108 -3.897789 -1.734908
 H -4.012668 -4.203759 -0.192837
 H -3.788178 6.144618 2.700579
 H -2.681348 6.091267 3.819735
 H -2.857620 3.978176 4.213382
 H -2.502499 2.639862 5.000655
 H -2.062219 -2.390593 -1.166051
 H -2.530505 -1.414921 -0.216866
 H -1.899661 -1.944843 4.548587
 H -0.682321 -2.328260 5.485633
 H 0.300960 2.889276 5.148914
 H -0.551801 2.457485 6.360966
 H -5.231017 2.233575 1.983661
 H -4.455419 3.516185 2.200091
 H 3.709684 5.061975 -0.966458
 H 4.239947 4.247046 -2.179088
 H 2.444361 -5.988819 -4.636049
 H 2.207456 -5.296578 -3.258810
 H -3.444713 4.301936 -4.028539
 H -2.690959 5.249752 -3.034967
 H 4.183086 0.896333 7.421339
 H 4.074030 0.964915 5.898865
 H -1.834620 0.319998 1.314748
 H -2.723126 0.788376 2.442387
 H 0.733255 -1.655135 -3.100690
 H 0.324548 -1.526041 -4.660245
 H -0.238697 -4.246617 -5.270586
 H 1.013368 -3.347314 -5.532732
 H 6.788942 -6.378431 4.946792
 H 5.698588 -5.457583 4.141712
 H 4.022211 -3.892841 1.098909
 H 3.254296 -2.993568 0.027921
 H 5.130968 -1.069115 2.348774
 H 5.384897 -0.255218 3.561323
 H 1.761627 4.029034 -5.313447
 H 1.333054 4.630234 -3.916469
 H -1.045318 -6.739295 0.768895
 H -2.475339 -6.804762 0.166220
 H -5.626487 -1.745095 -5.244979
 H -4.486207 -2.319877 -6.236499
 H -3.635561 1.081545 -0.447988
 H -4.471153 2.354570 -0.685179
 H 4.733142 3.378469 -4.462014
 H 4.963318 2.804393 -3.112054
 H 2.750798 -0.407733 -1.441751
 H 1.394938 0.127665 -2.014844
 H -5.184373 -2.907003 0.714441
 H -4.203303 -2.444914 1.850066
 H 1.266815 3.312186 2.247030
 H 1.688539 3.407197 0.686764
K_POINTS
 1
0.0 0.0 0.0 1.0