
&control
    calculation='scf'
    pseudo_dir = './',
    outdir='./outputs',
    disk_io='high'
/
&system
    ibrav= 1, celldm(1)=20.000000, nat=  192, ntyp= 2,
    ecutwfc = 30.0, nosym=.true., occupations='smearing',
    smearing='m-v', degauss=0.025
/
&electrons
    conv_thr =  1.0d-8,
    mixing_beta = 0.7
/
&ions
    pot_extrapolation='second-order'
    wfc_extrapolation='second-order'
    ion_temperature = 'andersen'
    tempw = 1000

/
ATOMIC_SPECIES
 H  1.01  H.blyp-hgh.UPF
 O  16.0  O.blyp-hgh.UPF
ATOMIC_POSITIONS bohr
 O -5.282362 -1.425605 -1.338478
 O 2.873045 -2.635961 6.009627
 O -5.443940 6.327834 -5.430006
 O 1.062831 3.445296 -0.957520
 O -5.057863 1.327798 3.442856
 O -0.268238 6.236992 6.037580
 O -0.900170 -5.363513 -2.531936
 O 2.769070 0.997257 4.451660
 O -2.766580 -6.197331 5.872061
 O 2.478321 -2.554866 3.190508
 O 2.382054 -6.407661 2.705786
 O -3.471777 -3.647390 4.280251
 O -4.798508 -6.831618 0.751685
 O -3.793091 -5.055761 -3.543647
 O 2.738153 -3.456739 -2.117960
 O -2.043375 2.680092 -0.778214
 O -1.460119 -3.027018 2.320550
 O 0.661279 -4.592913 3.490456
 O 4.710837 -4.476823 -4.763396
 O 5.307635 4.767409 2.158263
 O 5.117012 -3.787391 3.504250
 O -2.620551 -2.455629 -3.425107
 O -1.272220 2.997283 -4.490172
 O 4.155268 1.843663 2.400988
 O 2.889510 1.191952 -3.739082
 O -4.402237 2.813746 -5.531025
 O 5.090958 -5.735701 -0.573327
 O 1.153636 -0.273859 -5.657482
 O -1.911458 0.551802 -5.119880
 O 1.090550 -0.925228 1.497950
 O 5.714302 -1.980644 -3.979052
 O 4.488485 -0.168912 -0.898996
 O 0.426620 4.219412 4.056831
 O -4.507505 0.700817 -3.652651
 O 0.374665 -3.794322 -0.590519
 O 4.972563 4.128638 -6.105103
 O 2.792357 6.378359 5.587831
 O -5.464398 5.151873 -2.378295
 O -0.124613 1.151373 -2.488955
 O -3.812969 -3.917313 -1.096037
 O -3.024198 5.626520 3.023536
 O -2.189977 3.286945 4.333601
 O -1.666169 -1.796455 -0.485566
 O -1.379384 -1.654609 5.323480
 O 0.157268 2.076903 5.770594
 O -4.866754 2.979835 1.493027
 O 3.422269 4.486671 -1.711040
 O 1.726503 -5.760280 -3.993821
 O -3.106757 4.361607 -3.111045
 O 4.732959 0.784628 6.600151
 O -1.799017 0.757182 2.171726
 O 0.024282 -1.750854 -3.758782
 O 0.118848 -3.568171 -5.886893
 O 6.547675 -5.962704 4.089736
 O 3.635376 -3.009512 0.939865
 O 5.883201 -0.775057 2.896437
 O 1.622898 3.781649 -4.369169
 O -1.529301 -6.730989 -0.081666
 O -5.235440 -1.699961 -6.147846
 O -4.329581 1.449600 -1.023217
 O 5.228484 3.588791 -3.632418
 O 1.790639 -0.648100 -1.522691
 O -4.788527 -3.187088 1.579113
 O 1.772917 2.873254 1.532112
 H -4.434771 -1.815897 -1.053414
 H -5.010785 -0.484598 -1.333879
 H 2.963895 -1.739909 6.405097
 H 2.432777 -2.637459 5.135096
 H -5.696405 5.523959 -4.929753
 H -4.943179 6.897305 -4.779788
 H 0.812778 2.488033 -0.921013
 H 1.940593 3.510869 -1.417160
 H -5.800970 0.778173 3.098969
 H -5.110599 0.959278 4.349286
 H -0.108261 6.922302 5.333180
 H 0.514751 6.327998 6.623985
 H -0.965113 -5.861674 -1.674067
 H 0.039814 -5.209939 -2.725957
 H 3.001575 1.279244 3.533231
 H 2.171006 1.683137 4.791400
 H -3.655211 -6.558833 6.122070
 H -2.035537 -6.534415 6.417425
 H 1.850127 -1.795920 3.057987
 H 3.028494 -2.411545 2.391306
 H 2.462069 -7.380928 2.749168
 H 1.444018 -6.098716 2.777518
 H -2.952529 -4.375635 4.661153
 H -3.969077 -4.220635 3.673396
 H -5.095660 -7.741518 0.936565
 H -4.661774 -6.696449 -0.207869
 H -3.326515 -4.202707 -3.305177
 H -3.108459 -5.739581 -3.565840
 H 2.620988 -2.517369 -2.335066
 H 1.949872 -3.608286 -1.532934
 H -2.526189 2.414163 -1.585230
 H -1.170723 3.091763 -0.867212
 H -2.040320 -3.062086 1.534604
 H -0.842249 -2.299404 2.043478
 H 1.382053 -3.889999 3.442762
 H -0.095632 -4.152059 3.025699
 H 5.649793 -4.551754 -5.062179
 H 4.394200 -4.006540 -5.576746
 H 4.673244 5.444203 2.474722
 H 6.151713 5.178299 2.452607
 H 5.791076 -3.085748 3.371898
 H 4.647509 -3.388940 4.265803
 H -1.679932 -2.180946 -3.622008
 H -3.206158 -2.080143 -4.102654
 H -0.457305 3.510336 -4.324716
 H -1.031042 2.046141 -4.638671
 H 4.550404 2.750316 2.420460
 H 3.417922 1.924420 1.745418
 H 2.342207 0.471552 -4.108472
 H 2.394840 2.038009 -3.771695
 H -5.063411 2.423151 -6.140928
 H -3.873072 2.049052 -5.181937
 H 5.382456 -6.154524 0.268937
 H 5.827735 -5.960125 -1.198320
 H 1.393921 -0.739521 -6.475387
 H 1.020047 0.664221 -5.948386
 H -1.595055 -0.183899 -5.699044
 H -2.802046 0.353087 -4.763627
 H 1.217929 -0.034985 1.877096
 H 1.682410 -0.964498 0.711436
 H 5.529832 -2.913475 -3.707967
 H 5.611062 -1.471406 -3.162736
 H 5.055350 0.615569 -0.869698
 H 5.062985 -0.880918 -1.219789
 H 0.676812 4.852759 4.759621
 H -0.561271 4.268503 3.972802
 H -4.774703 1.025598 -2.755525
 H -5.300823 0.943478 -4.195056
 H -0.505415 -3.769990 -1.005207
 H 0.314174 -3.147218 0.133873
 H 4.409690 4.924980 -6.231160
 H 5.221627 3.893067 -7.014718
 H 2.636866 6.271168 4.615391
 H 3.083987 7.298193 5.727179
 H -5.769484 4.262931 -2.641023
 H -4.477805 4.939845 -2.390259
 H -0.780245 0.537529 -2.096028
 H -0.503645 1.995856 -2.801497
 H -4.542949 -3.889792 -1.737450
 H -4.014902 -4.228477 -0.202394
 H -3.787953 6.138698 2.688397
 H -2.687288 6.099931 3.821279
 H -2.863569 3.979827 4.210158
 H -2.515372 2.634282 4.984587
 H -2.057871 -2.390522 -1.169419
 H -2.527567 -1.409807 -0.226192
 H -1.893012 -1.955440 4.546413
 H -0.688015 -2.330625 5.497043
 H 0.313732 2.891702 5.167908
 H -0.556724 2.459605 6.355275
 H -5.226088 2.226992 1.988706
 H -4.446954 3.505952 2.205100
 H 3.704856 5.073638 -0.971329
 H 4.246147 4.250886 -2.180728
 H 2.441041 -5.991451 -4.632989
 H 2.197343 -5.301020 -3.250952
 H -3.442786 4.294028 -4.030207
 H -2.686060 5.250641 -3.031517
 H 4.191228 0.890840 7.425794
 H 4.076839 0.972990 5.906238
 H -1.829448 0.305594 1.319140
 H -2.715938 0.791467 2.449700
 H 0.732442 -1.663116 -3.099625
 H 0.325474 -1.509512 -4.657767
 H -0.238104 -4.234448 -5.256851
 H 1.013890 -3.336099 -5.539825
 H 6.784730 -6.375359 4.948878
 H 5.705824 -5.453637 4.128699
 H 4.023760 -3.890645 1.101355
 H 3.243776 -2.983994 0.039523
 H 5.139235 -1.075958 2.340803
 H 5.385230 -0.264233 3.567708
 H 1.755518 4.034345 -5.310058
 H 1.333262 4.630534 -3.923548
 H -1.063178 -6.748401 0.784120
 H -2.478022 -6.811226 0.160045
 H -5.619854 -1.741587 -5.248147
 H -4.488648 -2.323399 -6.245298
 H -3.634252 1.084849 -0.443178
 H -4.459677 2.360216 -0.685721
 H 4.731780 3.387793 -4.464702
 H 4.961495 2.813221 -3.112867
 H 2.747947 -0.405528 -1.442198
 H 1.392334 0.120069 -2.030050
 H -5.199377 -2.913477 0.730173
 H -4.209218 -2.442354 1.849597
 H 1.268733 3.320033 2.250243
 H 1.692362 3.405370 0.691981
K_POINTS
 1
0.0 0.0 0.0 1.0