
&control
    calculation='scf'
    pseudo_dir = './',
    outdir='./outputs',
    disk_io='high'
/
&system
    ibrav= 1, celldm(1)=20.000000, nat=  192, ntyp= 2,
    ecutwfc = 30.0, nosym=.true., occupations='smearing',
    smearing='m-v', degauss=0.025
/
&electrons
    conv_thr =  1.0d-8,
    mixing_beta = 0.7
/
&ions
    pot_extrapolation='second-order'
    wfc_extrapolation='second-order'
    ion_temperature = 'andersen'
    tempw = 1000

/
ATOMIC_SPECIES
 H  1.01  H.blyp-hgh.UPF
 O  16.0  O.blyp-hgh.UPF
ATOMIC_POSITIONS bohr
 O -5.282014 -1.426639 -1.336742
 O 2.871760 -2.636044 6.011309
 O -5.442754 6.328857 -5.429299
 O 1.062723 3.443475 -0.957838
 O -5.057603 1.330681 3.441397
 O -0.269044 6.236296 6.036181
 O -0.901235 -5.363014 -2.531560
 O 2.771006 0.999111 4.451293
 O -2.765102 -6.199596 5.870867
 O 2.476144 -2.553796 3.189657
 O 2.382189 -6.408001 2.703922
 O -3.471515 -3.647031 4.278664
 O -4.799062 -6.833366 0.750675
 O -3.793590 -5.054976 -3.543745
 O 2.737357 -3.458725 -2.117750
 O -2.044390 2.682295 -0.778098
 O -1.461322 -3.027252 2.317843
 O 0.662142 -4.594822 3.489890
 O 4.709429 -4.476445 -4.762797
 O 5.308170 4.766497 2.158785
 O 5.117728 -3.789170 3.505127
 O -2.619423 -2.454149 -3.423399
 O -1.271583 2.997433 -4.490056
 O 4.156488 1.842842 2.399500
 O 2.890052 1.191733 -3.737958
 O -4.403520 2.815156 -5.530242
 O 5.090788 -5.735935 -0.572013
 O 1.151376 -0.273486 -5.658414
 O -1.913606 0.553117 -5.119412
 O 1.089857 -0.925888 1.499532
 O 5.714487 -1.981934 -3.979577
 O 4.486294 -0.168735 -0.901559
 O 0.426415 4.219500 4.056503
 O -4.506710 0.700354 -3.649911
 O 0.370870 -3.794161 -0.592517
 O 4.974439 4.128706 -6.108223
 O 2.796519 6.381069 5.589246
 O -5.463959 5.153569 -2.380955
 O -0.123704 1.150461 -2.489948
 O -3.813569 -3.916646 -1.096464
 O -3.023782 5.626195 3.024548
 O -2.192192 3.288247 4.332264
 O -1.664994 -1.797856 -0.485068
 O -1.379833 -1.653743 5.323365
 O 0.158881 2.074026 5.772146
 O -4.867311 2.977857 1.494464
 O 3.424610 4.487902 -1.712509
 O 1.724409 -5.759596 -3.993584
 O -3.107569 4.362671 -3.111853
 O 4.735671 0.785346 6.599948
 O -1.797572 0.759035 2.170776
 O 0.024626 -1.750301 -3.759285
 O 0.120242 -3.569374 -5.887526
 O 6.550350 -5.963218 4.088146
 O 3.635318 -3.008587 0.942116
 O 5.883710 -0.776741 2.897295
 O 1.621771 3.780633 -4.368250
 O -1.529169 -6.734459 -0.079309
 O -5.234104 -1.699109 -6.150687
 O -4.328751 1.450676 -1.021575
 O 5.230482 3.590990 -3.635116
 O 1.788053 -0.648423 -1.522734
 O -4.787128 -3.190513 1.582691
 O 1.772418 2.874765 1.534740
 H -4.435843 -1.818003 -1.046656
 H -5.009065 -0.486607 -1.336976
 H 2.957544 -1.737808 6.402397
 H 2.430834 -2.643821 5.137881
 H -5.699296 5.528381 -4.925627
 H -4.949893 6.901197 -4.776749
 H 0.819288 2.483339 -0.920787
 H 1.941222 3.514132 -1.414733
 H -5.796959 0.776418 3.099901
 H -5.106574 0.959402 4.348277
 H -0.109646 6.924394 5.334422
 H 0.509689 6.330154 6.628225
 H -0.965201 -5.867723 -1.676874
 H 0.037572 -5.208273 -2.729194
 H 3.000388 1.280929 3.533158
 H 2.170009 1.680259 4.791844
 H -3.651310 -6.567556 6.114834
 H -2.035212 -6.535932 6.417933
 H 1.846097 -1.794602 3.066175
 H 3.033201 -2.411551 2.396553
 H 2.452738 -7.382346 2.749718
 H 1.445850 -6.094954 2.774326
 H -2.954668 -4.375979 4.665166
 H -3.966014 -4.220528 3.671339
 H -5.098369 -7.743251 0.935113
 H -4.658169 -6.697165 -0.207806
 H -3.331407 -4.200315 -3.308891
 H -3.111112 -5.740529 -3.564041
 H 2.625788 -2.518005 -2.334063
 H 1.949459 -3.602318 -1.531359
 H -2.522390 2.421028 -1.592773
 H -1.169284 3.092605 -0.867600
 H -2.039522 -3.057622 1.534109
 H -0.838597 -2.301278 2.040305
 H 1.381256 -3.890177 3.450696
 H -0.098501 -4.155396 3.028338
 H 5.646471 -4.555905 -5.067402
 H 4.399188 -4.007820 -5.578940
 H 4.667304 5.437024 2.471947
 H 6.146824 5.183225 2.454694
 H 5.793969 -3.089521 3.371199
 H 4.650188 -3.388277 4.266223
 H -1.678378 -2.178679 -3.617365
 H -3.204535 -2.078497 -4.101084
 H -0.457570 3.512843 -4.332085
 H -1.035666 2.043849 -4.633036
 H 4.544888 2.752428 2.413748
 H 3.415973 1.918026 1.747273
 H 2.335220 0.475714 -4.105808
 H 2.395922 2.038605 -3.768446
 H -5.064261 2.429452 -6.144236
 H -3.879303 2.050941 -5.173425
 H 5.378862 -6.155315 0.270815
 H 5.833367 -5.955519 -1.191909
 H 1.386764 -0.737741 -6.479407
 H 1.016031 0.664398 -5.948547
 H -1.597080 -0.176455 -5.704256
 H -2.800891 0.351382 -4.757885
 H 1.215326 -0.034472 1.876844
 H 1.682185 -0.970347 0.714958
 H 5.527419 -2.914630 -3.706887
 H 5.608475 -1.474614 -3.162455
 H 5.055380 0.616329 -0.868829
 H 5.065841 -0.881968 -1.217220
 H 0.678078 4.852654 4.758427
 H -0.554578 4.280994 3.967831
 H -4.780357 1.032296 -2.757048
 H -5.294635 0.940132 -4.201870
 H -0.510964 -3.769444 -1.002500
 H 0.315442 -3.150607 0.135468
 H 4.416001 4.926385 -6.241068
 H 5.226418 3.892757 -7.016404
 H 2.638906 6.266842 4.618669
 H 3.086838 7.300216 5.731075
 H -5.773208 4.265109 -2.643202
 H -4.478650 4.929132 -2.387459
 H -0.781550 0.537798 -2.100944
 H -0.499173 1.998614 -2.795405
 H -4.543007 -3.886030 -1.738481
 H -4.016353 -4.240915 -0.207124
 H -3.787818 6.135700 2.682313
 H -2.690408 6.104171 3.822057
 H -2.866638 3.980654 4.208565
 H -2.521809 2.631643 4.976523
 H -2.055538 -2.390551 -1.171264
 H -2.525951 -1.407114 -0.230684
 H -1.889650 -1.960788 4.545392
 H -0.691035 -2.331916 5.502820
 H 0.320066 2.892433 5.177501
 H -0.559003 2.460539 6.352249
 H -5.223652 2.223711 1.991329
 H -4.442573 3.500676 2.207563
 H 3.702478 5.079499 -0.973922
 H 4.249233 4.252944 -2.181707
 H 2.439335 -5.992640 -4.631302
 H 2.192297 -5.303262 -3.247223
 H -3.441736 4.289994 -4.031041
 H -2.683471 5.250739 -3.029797
 H 4.195375 0.888121 7.427920
 H 4.078160 0.977036 5.909698
 H -1.826757 0.298358 1.321172
 H -2.712682 0.793120 2.453551
 H 0.732104 -1.667007 -3.099130
 H 0.326042 -1.501027 -4.656374
 H -0.237793 -4.228145 -5.250088
 H 1.014012 -3.330597 -5.543446
 H 6.782396 -6.373570 4.949951
 H 5.709669 -5.451555 4.122314
 H 4.024482 -3.889523 1.102452
 H 3.238682 -2.979405 0.045345
 H 5.143420 -1.079409 2.336627
 H 5.385341 -0.268888 3.571036
 H 1.752439 4.036914 -5.308183
 H 1.333678 4.630507 -3.927187
 H -1.072226 -6.752935 0.791551
 H -2.479250 -6.814504 0.157022
 H -5.616558 -1.739938 -5.249635
 H -4.489977 -2.325150 -6.249680
 H -3.633567 1.086681 -0.440752
 H -4.453929 2.362988 -0.685828
 H 4.731340 3.392695 -4.466186
 H 4.960610 2.817465 -3.113155
 H 2.746481 -0.404370 -1.442429
 H 1.391080 0.116084 -2.037440
 H -5.206898 -2.916646 0.738204
 H -4.212326 -2.441149 1.849390
 H 1.269694 3.323896 2.251711
 H 1.694060 3.404356 0.694665
K_POINTS
 1
0.0 0.0 0.0 1.0