
&control
    calculation='scf'
    pseudo_dir = './',
    outdir='./outputs',
    disk_io='high'
/
&system
    ibrav= 1, celldm(1)=20.000000, nat=  192, ntyp= 2,
    ecutwfc = 30.0, nosym=.true., occupations='smearing',
    smearing='m-v', degauss=0.025
/
&electrons
    conv_thr =  1.0d-8,
    mixing_beta = 0.7
/
&ions
    pot_extrapolation='second-order'
    wfc_extrapolation='second-order'
    ion_temperature = 'andersen'
    tempw = 1000

/
ATOMIC_SPECIES
 H  1.01  H.blyp-hgh.UPF
 O  16.0  O.blyp-hgh.UPF
ATOMIC_POSITIONS bohr
 O -5.281655 -1.427654 -1.334989
 O 2.870480 -2.636149 6.013018
 O -5.441560 6.329877 -5.428594
 O 1.062604 3.441633 -0.958153
 O -5.057355 1.333546 3.439977
 O -0.269817 6.235591 6.034776
 O -0.902323 -5.362522 -2.531179
 O 2.772933 1.000948 4.450937
 O -2.763663 -6.201853 5.869651
 O 2.473929 -2.552689 3.188853
 O 2.382359 -6.408348 2.702067
 O -3.471253 -3.646690 4.277076
 O -4.799594 -6.835071 0.749666
 O -3.794107 -5.054167 -3.543846
 O 2.736555 -3.460720 -2.117521
 O -2.045429 2.684476 -0.777951
 O -1.462494 -3.027454 2.315119
 O 0.662995 -4.596716 3.489320
 O 4.708035 -4.476048 -4.762240
 O 5.308688 4.765589 2.159309
 O 5.118437 -3.790929 3.506020
 O -2.618296 -2.452679 -3.421678
 O -1.270943 2.997583 -4.489938
 O 4.157718 1.842024 2.397988
 O 2.890614 1.191515 -3.736821
 O -4.404792 2.816554 -5.529468
 O 5.090629 -5.736173 -0.570693
 O 1.149138 -0.273118 -5.659344
 O -1.915754 0.554432 -5.118950
 O 1.089167 -0.926548 1.501118
 O 5.714662 -1.983240 -3.980086
 O 4.484093 -0.168558 -0.904125
 O 0.426225 4.219579 4.056166
 O -4.505957 0.699900 -3.647177
 O 0.367090 -3.794000 -0.594505
 O 4.976301 4.128786 -6.111359
 O 2.800688 6.383763 5.590670
 O -5.463491 5.155258 -2.383590
 O -0.122761 1.149532 -2.490928
 O -3.814131 -3.915951 -1.096894
 O -3.023357 5.625875 3.025563
 O -2.194400 3.289544 4.330922
 O -1.663858 -1.799257 -0.484577
 O -1.380282 -1.652864 5.323243
 O 0.160497 2.071200 5.773682
 O -4.867859 2.975906 1.495883
 O 3.426942 4.489132 -1.713956
 O 1.722326 -5.758914 -3.993344
 O -3.108377 4.363758 -3.112651
 O 4.738390 0.786065 6.599767
 O -1.796103 0.760880 2.169822
 O 0.024940 -1.749774 -3.759771
 O 0.121655 -3.570581 -5.888151
 O 6.553043 -5.963760 4.086540
 O 3.635271 -3.007644 0.944358
 O 5.884196 -0.778430 2.898157
 O 1.620625 3.779640 -4.367331
 O -1.529036 -6.737926 -0.076940
 O -5.232751 -1.698247 -6.153557
 O -4.327940 1.451740 -1.019933
 O 5.232458 3.593153 -3.637800
 O 1.785475 -0.648734 -1.522791
 O -4.785723 -3.193934 1.586261
 O 1.771927 2.876280 1.537382
 H -4.436940 -1.820356 -1.039986
 H -5.007458 -0.488535 -1.340121
 H 2.951221 -1.735782 6.399538
 H 2.428990 -2.650001 5.140584
 H -5.702239 5.532867 -4.921485
 H -4.956526 6.904987 -4.773709
 H 0.825891 2.478780 -0.920646
 H 1.941857 3.517463 -1.412305
 H -5.792894 0.774625 3.100591
 H -5.102365 0.959611 4.347312
 H -0.111026 6.926442 5.335774
 H 0.504571 6.332353 6.632411
 H -0.965217 -5.873721 -1.679727
 H 0.035334 -5.206696 -2.732422
 H 2.999353 1.282707 3.533166
 H 2.168925 1.677392 4.792289
 H -3.647257 -6.576202 6.107682
 H -2.034854 -6.537490 6.418421
 H 1.842106 -1.793422 3.074345
 H 3.038013 -2.411803 2.401632
 H 2.443229 -7.383709 2.750207
 H 1.447720 -6.091192 2.771166
 H -2.956675 -4.376269 4.669438
 H -3.963188 -4.220307 3.669164
 H -5.101094 -7.745134 0.933454
 H -4.654686 -6.698039 -0.207703
 H -3.336198 -4.198037 -3.312737
 H -3.113680 -5.741325 -3.562273
 H 2.630580 -2.518560 -2.333122
 H 1.949000 -3.596383 -1.529819
 H -2.518313 2.428091 -1.600358
 H -1.167896 3.093505 -0.868190
 H -2.038737 -3.053255 1.533599
 H -0.835039 -2.303243 2.037231
 H 1.380380 -3.890488 3.458561
 H -0.101356 -4.158795 3.031017
 H 5.643115 -4.560296 -5.072508
 H 4.404034 -4.009018 -5.580911
 H 4.661324 5.429813 2.469149
 H 6.141897 5.188148 2.456872
 H 5.796953 -3.093391 3.370428
 H 4.652777 -3.387645 4.266611
 H -1.676851 -2.176419 -3.612763
 H -3.202869 -2.076777 -4.099543
 H -0.457748 3.515275 -4.339479
 H -1.040403 2.041549 -4.627309
 H 4.539337 2.754488 2.407028
 H 3.414060 1.911757 1.749179
 H 2.328134 0.479955 -4.103200
 H 2.396931 2.039171 -3.765283
 H -5.065065 2.435786 -6.147435
 H -3.885643 2.052991 -5.164987
 H 5.375298 -6.156095 0.272624
 H 5.838857 -5.950954 -1.185456
 H 1.379580 -0.735892 -6.483488
 H 1.011866 0.664601 -5.948762
 H -1.599232 -0.169014 -5.709481
 H -2.799673 0.349586 -4.752140
 H 1.212656 -0.033919 1.876527
 H 1.681854 -0.976122 0.718476
 H 5.524931 -2.915704 -3.705928
 H 5.605968 -1.477768 -3.162144
 H 5.055413 0.617125 -0.867937
 H 5.068783 -0.883077 -1.214572
 H 0.679209 4.852655 4.757222
 H -0.547897 4.293390 3.962943
 H -4.785795 1.038989 -2.758652
 H -5.288304 0.936685 -4.208651
 H -0.516500 -3.768958 -0.999854
 H 0.316702 -3.153984 0.137063
 H 4.422311 4.927815 -6.250964
 H 5.231213 3.892387 -7.018117
 H 2.640967 6.262594 4.621884
 H 3.089656 7.302231 5.734928
 H -5.777139 4.267352 -2.645451
 H -4.479642 4.918543 -2.384717
 H -0.782895 0.538237 -2.105968
 H -0.494858 2.001283 -2.789277
 H -4.543154 -3.882429 -1.739355
 H -4.018022 -4.253399 -0.211832
 H -3.787650 6.132667 2.676241
 H -2.693632 6.108342 3.822828
 H -2.869765 3.981479 4.206984
 H -2.528248 2.629099 4.968445
 H -2.053100 -2.390620 -1.173208
 H -2.524238 -1.404329 -0.235064
 H -1.886264 -1.966162 4.544422
 H -0.694172 -2.333271 5.508648
 H 0.326365 2.892842 5.187138
 H -0.561152 2.461368 6.349106
 H -5.221234 2.220444 1.994010
 H -4.438102 3.495290 2.209979
 H 3.700130 5.085371 -0.976631
 H 4.252308 4.255100 -2.182783
 H 2.437602 -5.993742 -4.629512
 H 2.187263 -5.305518 -3.243631
 H -3.440627 4.285920 -4.031879
 H -2.680801 5.250594 -3.028093
 H 4.199579 0.885418 7.429968
 H 4.079416 0.981089 5.912993
 H -1.824005 0.291111 1.323126
 H -2.709659 0.794840 2.457528
 H 0.731816 -1.670831 -3.098657
 H 0.326680 -1.492393 -4.654876
 H -0.237468 -4.221693 -5.243397
 H 1.014049 -3.325167 -5.547107
 H 6.779911 -6.371610 4.951038
 H 5.713663 -5.449400 4.116010
 H 4.025166 -3.888389 1.103459
 H 3.233696 -2.974954 0.051164
 H 5.147642 -1.082869 2.332337
 H 5.385413 -0.273647 3.574442
 H 1.749352 4.039415 -5.306198
 H 1.334291 4.630377 -3.930867
 H -1.081345 -6.757457 0.798858
 H -2.480405 -6.817815 0.154035
 H -5.613274 -1.738360 -5.251066
 H -4.491372 -2.326898 -6.254052
 H -3.632861 1.088631 -0.438314
 H -4.448176 2.365719 -0.685830
 H 4.731058 3.397751 -4.467767
 H 4.959745 2.821601 -3.113373
 H 2.744968 -0.403181 -1.442666
 H 1.389857 0.111973 -2.044679
 H -5.214428 -2.919775 0.746343
 H -4.215531 -2.439994 1.849206
 H 1.270651 3.327720 2.253092
 H 1.695614 3.403288 0.697383
K_POINTS
 1
0.0 0.0 0.0 1.0