
&control
    calculation='scf'
    pseudo_dir = './',
    outdir='./outputs',
    disk_io='high'
/
&system
    ibrav= 1, celldm(1)=20.000000, nat=  192, ntyp= 2,
    ecutwfc = 30.0, nosym=.true., occupations='smearing',
    smearing='m-v', degauss=0.025
/
&electrons
    conv_thr =  1.0d-8,
    mixing_beta = 0.7
/
&ions
    pot_extrapolation='second-order'
    wfc_extrapolation='second-order'
    ion_temperature = 'andersen'
    tempw = 1000

/
ATOMIC_SPECIES
 H  1.01  H.blyp-hgh.UPF
 O  16.0  O.blyp-hgh.UPF
ATOMIC_POSITIONS bohr
 O -5.280103 -1.431553 -1.327806
 O 2.865415 -2.636787 6.020127
 O -5.436746 6.333909 -5.425806
 O 1.062036 3.434030 -0.959384
 O -5.056470 1.344796 3.434754
 O -0.272585 6.232673 6.029119
 O -0.906920 -5.360649 -2.529587
 O 2.780559 1.008092 4.449645
 O -2.758264 -6.210802 5.864558
 O 2.464686 -2.547923 3.186176
 O 2.383379 -6.409859 2.694741
 O -3.470152 -3.645514 4.270772
 O -4.801511 -6.841495 0.745652
 O -3.796386 -5.050700 -3.544305
 O 2.733302 -3.468755 -2.116426
 O -2.049805 2.693003 -0.777155
 O -1.466773 -3.027917 2.304139
 O 0.666278 -4.604148 3.487015
 O 4.702637 -4.474287 -4.760443
 O 5.310556 4.761974 2.161399
 O 5.121229 -3.797748 3.509725
 O -2.613805 -2.446894 -3.414652
 O -1.268401 2.998188 -4.489459
 O 4.162743 1.838784 2.391708
 O 2.893023 1.190639 -3.732146
 O -4.409785 2.822066 -5.526451
 O 5.090090 -5.737149 -0.565355
 O 1.140409 -0.271720 -5.663075
 O -1.924326 0.559737 -5.117142
 O 1.086405 -0.929176 1.507525
 O 5.715257 -1.988656 -3.981943
 O 4.475281 -0.167859 -0.914427
 O 0.425758 4.219794 4.054753
 O -4.503353 0.698177 -3.636312
 O 0.352153 -3.793349 -0.602343
 O 4.983608 4.129249 -6.124083
 O 2.817424 6.394335 5.596478
 O -5.461304 5.161880 -2.393861
 O -0.118654 1.145666 -2.494728
 O -3.816015 -3.912899 -1.098580
 O -3.021604 5.624686 3.029637
 O -2.203188 3.294683 4.325510
 O -1.659687 -1.804859 -0.482685
 O -1.382063 -1.649235 5.322668
 O 0.166970 2.060427 5.779707
 O -4.869931 2.968392 1.501418
 O 3.436165 4.494036 -1.719511
 O 1.714084 -5.756216 -3.992358
 O -3.111547 4.368324 -3.115727
 O 4.749335 0.788939 6.599310
 O -1.789969 0.768160 2.165923
 O 0.025901 -1.747929 -3.761543
 O 0.127475 -3.575452 -5.890583
 O 6.563981 -5.966211 4.079969
 O 3.635208 -3.003681 0.953282
 O 5.885909 -0.785236 2.901656
 O 1.615861 3.775881 -4.363684
 O -1.528522 -6.751764 -0.067329
 O -5.227182 -1.694693 -6.165292
 O -4.324887 1.455896 -1.013366
 O 5.240137 3.601440 -3.648377
 O 1.775276 -0.649839 -1.523171
 O -4.780040 -3.207566 1.600454
 O 1.770056 2.882343 1.548122
 H -4.441771 -1.832132 -1.014198
 H -5.002071 -0.495349 -1.353196
 H 2.926246 -1.728375 6.386569
 H 2.422549 -2.672869 5.150446
 H -5.714513 5.551404 -4.904815
 H -4.982053 6.919189 -4.761536
 H 0.853229 2.462121 -0.920919
 H 1.944502 3.531438 -1.402642
 H -5.776335 0.766940 3.100819
 H -5.083686 0.961429 4.343633
 H -0.116449 6.934199 5.342257
 H 0.483502 6.341610 6.648561
 H -0.964436 -5.897044 -1.691672
 H 0.026457 -5.201298 -2.745180
 H 2.996774 1.290814 3.533825
 H 2.163548 1.666237 4.794136
 H -3.629798 -6.610080 6.080027
 H -2.033063 -6.544127 6.420119
 H 1.826828 -1.790127 3.106547
 H 3.058113 -2.414997 2.420152
 H 2.403541 -7.388482 2.751539
 H 1.455488 -6.076004 2.758875
 H -2.963665 -4.376593 4.688901
 H -3.954300 -4.218418 3.659131
 H -5.112086 -7.754023 0.924776
 H -4.641980 -6.703112 -0.207002
 H -3.354081 -4.189934 -3.329313
 H -3.123040 -5.742960 -3.555480
 H 2.649741 -2.520145 -2.329998
 H 1.946589 -3.573129 -1.523946
 H -2.499086 2.458398 -1.630457
 H -1.163149 3.097564 -0.872351
 H -2.036272 -3.036800 1.530739
 H -0.821959 -2.312260 2.026043
 H 1.376048 -3.892998 3.489151
 H -0.112391 -4.172990 3.042151
 H 5.629483 -4.580357 -5.091514
 H 4.421673 -4.012821 -5.586667
 H 4.636821 5.400834 2.457792
 H 6.122218 5.207945 2.466638
 H 5.809763 -3.109890 3.366646
 H 4.662198 -3.385391 4.267912
 H -1.671018 -2.167436 -3.594841
 H -3.195766 -2.069139 -4.093689
 H -0.457437 3.524166 -4.369203
 H -1.060341 2.032402 -4.603589
 H 4.516901 2.762191 2.380124
 H 3.406761 1.887889 1.757235
 H 2.299053 0.497714 -4.093265
 H 2.400374 2.041121 -3.753435
 H -5.067728 2.461349 -6.159034
 H -3.912089 2.062619 -5.132106
 H 5.361356 -6.159151 0.279289
 H 5.859345 -5.933141 -1.159270
 H 1.350521 -0.727769 -6.500214
 H 0.993704 0.665767 -5.950109
 H -1.609085 -0.139553 -5.730579
 H -2.794247 0.341458 -4.729189
 H 1.201353 -0.031349 1.874519
 H 1.679630 -0.998384 0.732363
 H 5.514302 -2.919145 -3.703463
 H 5.596746 -1.489751 -3.160626
 H 5.055247 0.620286 -0.864144
 H 5.081037 -0.887689 -1.203024
 H 0.682513 4.853800 4.752331
 H -0.522514 4.342033 3.944027
 H -4.805390 1.065662 -2.765919
 H -5.261592 0.921867 -4.235307
 H -0.538564 -3.767599 -0.989848
 H 0.321572 -3.167408 0.143384
 H 4.447400 4.933904 -6.290294
 H 5.250519 3.890169 -7.025350
 H 2.649468 6.246638 4.634054
 H 3.100625 7.310347 5.749750
 H -5.794974 4.277189 -2.655135
 H -4.485150 4.877713 -2.374397
 H -0.788784 0.541534 -2.126982
 H -0.479135 2.011159 -2.764453
 H -4.544591 -3.869678 -1.741331
 H -4.026771 -4.303636 -0.230712
 H -3.786407 6.120044 2.652230
 H -2.707630 6.124239 3.825696
 H -2.882745 3.984723 4.200747
 H -2.554039 2.619796 4.936066
 H -2.042288 -2.391226 -1.181873
 H -2.516455 -1.392289 -0.251483
 H -1.872501 -1.987769 4.541155
 H -0.707935 -2.339189 5.532529
 H 0.351256 2.891354 5.225772
 H -0.568370 2.463369 6.335448
 H -5.211737 2.207634 2.005162
 H -4.419465 3.472599 2.218937
 H 3.691119 5.108845 -0.988752
 H 4.264454 4.264785 -2.187964
 H 2.430517 -5.997229 -4.621341
 H 2.167340 -5.314657 -3.230651
 H -3.435560 4.269388 -4.035312
 H -2.669446 5.247462 -3.021600
 H 4.217039 0.874754 7.437239
 H 4.083691 0.997419 5.924400
 H -1.812495 0.262250 1.330666
 H -2.699821 0.802315 2.474542
 H 0.731183 -1.685474 -3.096943
 H 0.329907 -1.456385 -4.647811
 H -0.235953 -4.194358 -5.217354
 H 1.013523 -3.304169 -5.562024
 H 6.768531 -6.362075 4.955500
 H 5.731095 -5.440030 4.091614
 H 4.027479 -3.883751 1.106499
 H 3.214781 -2.958611 0.074191
 H 5.164996 -1.096616 2.314313
 H 5.385272 -0.293807 3.588645
 H 1.737032 4.048587 -5.297362
 H 1.338544 4.629135 -3.945544
 H -1.118403 -6.775394 0.826783
 H -2.484348 -6.831398 0.142378
 H -5.600241 -1.732776 -5.256390
 H -4.497548 -2.333885 -6.271439
 H -3.629813 1.097566 -0.428502
 H -4.425151 2.376158 -0.684838
 H 4.731486 3.419440 -4.475095
 H 4.956518 2.837172 -3.113689
 H 2.738168 -0.398209 -1.443703
 H 1.385278 0.094272 -2.071990
 H -5.244602 -2.932004 0.779934
 H -4.229250 -2.435873 1.848762
 H 1.274310 3.342665 2.257850
 H 1.700346 3.398661 0.708358
K_POINTS
 1
0.0 0.0 0.0 1.0