
&control
    calculation='scf'
    pseudo_dir = './',
    outdir='./outputs',
    disk_io='high'
/
&system
    ibrav= 1, celldm(1)=20.000000, nat=  192, ntyp= 2,
    ecutwfc = 30.0, nosym=.true., occupations='smearing',
    smearing='m-v', degauss=0.025
/
&electrons
    conv_thr =  1.0d-8,
    mixing_beta = 0.7
/
&ions
    pot_extrapolation='second-order'
    wfc_extrapolation='second-order'
    ion_temperature = 'andersen'
    tempw = 1000

/
ATOMIC_SPECIES
 H  1.01  H.blyp-hgh.UPF
 O  16.0  O.blyp-hgh.UPF
ATOMIC_POSITIONS bohr
 O -5.278341 -1.435247 -1.320342
 O 2.860431 -2.637797 6.027659
 O -5.431931 6.337849 -5.423055
 O 1.061323 3.426009 -0.960562
 O -5.055716 1.355651 3.430374
 O -0.274821 6.229579 6.023436
 O -0.911941 -5.358951 -2.527883
 O 2.788079 1.014856 4.448608
 O -2.753354 -6.219597 5.859086
 O 2.454839 -2.542708 3.184468
 O 2.384934 -6.411648 2.687563
 O -3.468871 -3.644709 4.264650
 O -4.803121 -6.847360 0.741732
 O -3.799119 -5.046923 -3.544889
 O 2.729966 -3.476772 -2.115060
 O -2.054451 2.701246 -0.776283
 O -1.470213 -3.027769 2.293188
 O 0.669282 -4.611388 3.484699
 O 4.697582 -4.472281 -4.759347
 O 5.312041 4.758305 2.163425
 O 5.123975 -3.804222 3.513616
 O -2.609349 -2.441266 -3.407396
 O -1.265953 2.998799 -4.488986
 O 4.167912 1.835611 2.385051
 O 2.895563 1.189743 -3.727319
 O -4.414653 2.827538 -5.523559
 O 5.089706 -5.738141 -0.559936
 O 1.132053 -0.270474 -5.666896
 O -1.932851 0.565178 -5.115361
 O 1.083564 -0.931788 1.514102
 O 5.715679 -1.994391 -3.983473
 O 4.466674 -0.167196 -0.924823
 O 0.426077 4.219834 4.053294
 O -4.501386 0.696612 -3.625592
 O 0.337538 -3.792686 -0.609991
 O 4.990687 4.129949 -6.137117
 O 2.834226 6.404473 5.602507
 O -5.458588 5.168157 -2.403696
 O -0.113985 1.141621 -2.498392
 O -3.817381 -3.909458 -1.100075
 O -3.019810 5.623702 3.033722
 O -2.211929 3.299763 4.320029
 O -1.656116 -1.810473 -0.480942
 O -1.383796 -1.645520 5.321910
 O 0.173398 2.050503 5.785625
 O -4.871788 2.961347 1.506803
 O 3.445213 4.498931 -1.724693
 O 1.705908 -5.753589 -3.991325
 O -3.114613 4.373177 -3.118554
 O 4.760381 0.791814 6.599308
 O -1.783464 0.775233 2.161787
 O 0.026409 -1.746491 -3.763069
 O 0.133478 -3.580401 -5.892951
 O 6.575172 -5.969112 4.073178
 O 3.635388 -2.999383 0.962232
 O 5.887261 -0.792138 2.905210
 O 1.610836 3.772402 -4.360143
 O -1.528058 -6.765546 -0.057478
 O -5.221415 -1.690950 -6.177351
 O -4.322138 1.459940 -1.006775
 O 5.247448 3.609113 -3.658632
 O 1.765355 -0.650724 -1.523798
 O -4.774306 -3.221099 1.614486
 O 1.768375 2.888333 1.559167
 H -4.447765 -1.847308 -0.989896
 H -4.998104 -0.500678 -1.367084
 H 2.901838 -1.721850 6.371363
 H 2.417521 -2.692772 5.158624
 H -5.727547 5.570787 -4.888148
 H -5.005544 6.932007 -4.749351
 H 0.881995 2.448334 -0.922501
 H 1.947342 3.546400 -1.393149
 H -5.759738 0.758190 3.096898
 H -5.062103 0.965112 4.339709
 H -0.121634 6.941369 5.350344
 H 0.461476 6.351646 6.663656
 H -0.962089 -5.918981 -1.704610
 H 0.017781 -5.197443 -2.757552
 H 2.996777 1.300650 3.535072
 H 2.156243 1.655875 4.796199
 H -3.611094 -6.643063 6.054143
 H -2.030698 -6.551351 6.421236
 H 1.813259 -1.789061 3.137273
 H 3.078894 -2.421066 2.435825
 H 2.361540 -7.391841 2.751843
 H 1.463576 -6.060263 2.747207
 H -2.969795 -4.374835 4.711510
 H -3.949196 -4.215189 3.646841
 H -5.122993 -7.764564 0.912935
 H -4.631205 -6.710692 -0.206214
 H -3.369286 -4.183026 -3.347456
 H -3.130786 -5.742109 -3.549099
 H 2.669075 -2.521270 -2.327901
 H 1.943072 -3.550971 -1.518494
 H -2.475095 2.492030 -1.658739
 H -1.160380 3.102069 -0.878796
 H -2.036004 -3.022021 1.525161
 H -0.811078 -2.323503 2.016832
 H 1.370356 -3.897286 3.517985
 H -0.122314 -4.188006 3.053999
 H 5.615814 -4.604618 -5.107747
 H 4.435828 -4.014575 -5.589352
 H 4.611089 5.371962 2.446299
 H 6.103341 5.228204 2.478396
 H 5.823807 -3.128115 3.361824
 H 4.670066 -3.383492 4.268964
 H -1.665634 -2.158522 -3.577876
 H -3.187886 -2.060265 -4.088320
 H -0.455254 3.531428 -4.398969
 H -1.081499 2.023695 -4.578855
 H 4.494336 2.768979 2.353336
 H 3.399982 1.865848 1.765801
 H 2.269486 0.516821 -4.083954
 H 2.403242 2.042573 -3.742738
 H -5.069359 2.486975 -6.168520
 H -3.940140 2.074023 -5.100809
 H 5.347952 -6.162240 0.285321
 H 5.877413 -5.916103 -1.132669
 H 1.320844 -0.718403 -6.517091
 H 0.973158 0.667633 -5.952065
 H -1.620881 -0.111108 -5.752118
 H -2.788112 0.331745 -4.706396
 H 1.189177 -0.028347 1.871115
 H 1.676357 -1.019098 0.745599
 H 5.502725 -2.921230 -3.703482
 H 5.588827 -1.500545 -3.158784
 H 5.053883 0.622578 -0.860016
 H 5.093126 -0.891591 -1.189559
 H 0.684185 4.856868 4.747443
 H -0.501874 4.389317 3.925623
 H -4.821581 1.092073 -2.774583
 H -5.232896 0.905386 -4.260893
 H -0.560528 -3.767132 -0.980665
 H 0.325973 -3.180821 0.149446
 H 4.472001 4.940792 -6.328901
 H 5.270230 3.886459 -7.033338
 H 2.658490 6.232895 4.645112
 H 3.111151 7.318867 5.763277
 H -5.816219 4.288966 -2.665856
 H -4.493241 4.839954 -2.365292
 H -0.795824 0.546784 -2.149073
 H -0.465707 2.019863 -2.739227
 H -4.547283 -3.859642 -1.741068
 H -4.038423 -4.353781 -0.250609
 H -3.783714 6.106344 2.629003
 H -2.723469 6.138690 3.827941
 H -2.896203 3.987779 4.194570
 H -2.579897 2.611705 4.903753
 H -2.029816 -2.392124 -1.191622
 H -2.507270 -1.378870 -0.266244
 H -1.858449 -2.009228 4.539081
 H -0.723710 -2.345537 5.557426
 H 0.375833 2.885322 5.263651
 H -0.573394 2.462710 6.320374
 H -5.202478 2.195574 2.016596
 H -4.399940 3.448052 2.226226
 H 3.682925 5.132075 -1.003166
 H 4.276224 4.276355 -2.194287
 H 2.423534 -5.999208 -4.611753
 H 2.148001 -5.323871 -3.219823
 H -3.429371 4.252886 -4.038934
 H -2.657223 5.240263 -3.016012
 H 4.235619 0.864297 7.442827
 H 4.086784 1.013945 5.932941
 H -1.800482 0.234216 1.339031
 H -2.692962 0.810511 2.492831
 H 0.731363 -1.699110 -3.095455
 H 0.334118 -1.418083 -4.638902
 H -0.233968 -4.164546 -5.192454
 H 1.012370 -3.284270 -5.577040
 H 6.755037 -6.349882 4.960093
 H 5.750727 -5.429394 4.068513
 H 4.029060 -3.879084 1.107793
 H 3.197356 -2.944750 0.096286
 H 5.183286 -1.109771 2.295556
 H 5.384371 -0.315965 3.603296
 H 1.725054 4.056126 -5.287747
 H 1.345206 4.627605 -3.959047
 H -1.156054 -6.793055 0.852595
 H -2.487383 -6.845568 0.130987
 H -5.587288 -1.728391 -5.261558
 H -4.504436 -2.341000 -6.288714
 H -3.626367 1.108159 -0.418709
 H -4.402217 2.385584 -0.682426
 H 4.734297 3.443240 -4.484119
 H 4.953750 2.851531 -3.113588
 H 2.729630 -0.393094 -1.444927
 H 1.381105 0.074712 -2.096485
 H -5.274754 -2.944027 0.815111
 H -4.244201 -2.432499 1.848969
 H 1.277388 3.357183 2.261712
 H 1.702637 3.393919 0.718900
K_POINTS
 1
0.0 0.0 0.0 1.0