
&control
    calculation='scf'
    pseudo_dir = './',
    outdir='./outputs',
    disk_io='high'
/
&system
    ibrav= 1, celldm(1)=20.000000, nat=  192, ntyp= 2,
    ecutwfc = 30.0, nosym=.true., occupations='smearing',
    smearing='m-v', degauss=0.025
/
&electrons
    conv_thr =  1.0d-8,
    mixing_beta = 0.7
/
&ions
    pot_extrapolation='second-order'
    wfc_extrapolation='second-order'
    ion_temperature = 'andersen'
    tempw = 1000

/
ATOMIC_SPECIES
 H  1.01  H.blyp-hgh.UPF
 O  16.0  O.blyp-hgh.UPF
ATOMIC_POSITIONS bohr
 O -5.276868 -1.437912 -1.314555
 O 2.856735 -2.638815 6.033558
 O -5.428364 6.340739 -5.420993
 O 1.060720 3.419718 -0.961416
 O -5.055218 1.363481 3.427703
 O -0.276150 6.227119 6.019188
 O -0.916000 -5.357809 -2.526535
 O 2.793650 1.019661 4.448036
 O -2.749912 -6.226076 5.854732
 O 2.447114 -2.538592 3.183869
 O 2.386428 -6.413238 2.682277
 O -3.467734 -3.644411 4.260249
 O -4.804161 -6.851476 0.738899
 O -3.801546 -5.043935 -3.545436
 O 2.727397 -3.482681 -2.113868
 O -2.058036 2.707274 -0.775763
 O -1.472150 -3.027255 2.285101
 O 0.671304 -4.616734 3.482977
 O 4.694057 -4.470653 -4.758978
 O 5.312870 4.755488 2.164874
 O 5.126024 -3.808853 3.516630
 O -2.606039 -2.437143 -3.401807
 O -1.264219 2.999271 -4.488645
 O 4.171871 1.833291 2.379810
 O 2.897442 1.189044 -3.723639
 O -4.418237 2.831707 -5.521466
 O 5.089508 -5.738871 -0.555828
 O 1.126031 -0.269651 -5.669882
 O -1.939200 0.569389 -5.114019
 O 1.081320 -0.933735 1.519192
 O 5.715880 -1.998886 -3.984378
 O 4.460509 -0.166744 -0.932699
 O 0.426996 4.219739 4.052213
 O -4.500293 0.695541 -3.617670
 O 0.326805 -3.792172 -0.615592
 O 4.995848 4.130649 -6.147124
 O 2.846855 6.411714 5.607188
 O -5.456201 5.172542 -2.410781
 O -0.110111 1.138532 -2.501094
 O -3.818134 -3.906689 -1.100932
 O -3.018472 5.623130 3.036772
 O -2.218485 3.303549 4.315879
 O -1.653821 -1.814702 -0.479756
 O -1.385043 -1.642749 5.321193
 O 0.178150 2.043580 5.790056
 O -4.873018 2.956366 1.510792
 O 3.451876 4.502601 -1.728345
 O 1.699750 -5.751683 -3.990512
 O -3.116857 4.376926 -3.120478
 O 4.768708 0.793978 6.599582
 O -1.778417 0.780369 2.158476
 O 0.026525 -1.745663 -3.764077
 O 0.138033 -3.584171 -5.894725
 O 6.583717 -5.971578 4.067951
 O 3.635717 -2.995920 0.969024
 O 5.888046 -0.797389 2.907895
 O 1.606919 3.769912 -4.357595
 O -1.527761 -6.775838 -0.049923
 O -5.217007 -1.688005 -6.186536
 O -4.320274 1.462937 -1.001798
 O 5.252687 3.614444 -3.666052
 O 1.758160 -0.651263 -1.524426
 O -4.770010 -3.231172 1.624887
 O 1.767271 2.892720 1.567670
 H -4.453363 -1.860551 -0.972720
 H -4.995843 -0.503812 -1.378012
 H 2.883971 -1.717304 6.358702
 H 2.414678 -2.705790 5.163623
 H -5.737776 5.585780 -4.875809
 H -5.021535 6.940814 -4.740276
 H 0.904404 2.439932 -0.924504
 H 1.949534 3.558214 -1.386170
 H -5.747444 0.750835 3.091317
 H -5.044115 0.969250 4.336269
 H -0.125310 6.946512 5.357290
 H 0.444376 6.359702 6.674259
 H -0.959171 -5.934321 -1.715002
 H 0.011418 -5.195624 -2.766486
 H 2.998523 1.309255 3.536118
 H 2.149446 1.648685 4.797879
 H -3.596883 -6.667443 6.036048
 H -2.028605 -6.557067 6.421498
 H 1.804535 -1.789494 3.158804
 H 3.094182 -2.427059 2.446009
 H 2.328817 -7.393188 2.751385
 H 1.469813 -6.047842 2.738904
 H -2.974500 -4.371602 4.729893
 H -3.947600 -4.211999 3.636264
 H -5.130899 -7.773018 0.902112
 H -4.624332 -6.717951 -0.205925
 H -3.378496 -4.178240 -3.361829
 H -3.135424 -5.739887 -3.544557
 H 2.683811 -2.522363 -2.326969
 H 1.939651 -3.535283 -1.514719
 H -2.454132 2.519360 -1.677817
 H -1.160032 3.105569 -0.884587
 H -2.037874 -3.012028 1.518404
 H -0.804446 -2.333448 2.011266
 H 1.365243 -3.901401 3.538207
 H -0.128740 -4.199656 3.063337
 H 5.605726 -4.625693 -5.117769
 H 4.443693 -4.014149 -5.589688
 H 4.590897 5.350505 2.437628
 H 6.090065 5.243840 2.488691
 H 5.835002 -3.142970 3.357623
 H 4.674944 -3.382218 4.269688
 H -1.661890 -2.151870 -3.565899
 H -3.181402 -2.052813 -4.084557
 H -0.452331 3.535497 -4.421175
 H -1.097873 2.017759 -4.559880
 H 4.477527 2.773408 2.333454
 H 3.395190 1.850406 1.772411
 H 2.247620 0.532110 -4.077221
 H 2.405332 2.043356 -3.735356
 H -5.069904 2.505959 -6.174176
 H -3.962061 2.083239 -5.078451
 H 5.338279 -6.164702 0.289687
 H 5.889389 -5.903885 -1.112632
 H 1.298112 -0.710535 -6.529462
 H 0.956226 0.669487 -5.953754
 H -1.630984 -0.090767 -5.768592
 H -2.783144 0.323393 -4.689510
 H 1.179571 -0.025916 1.867498
 H 1.673513 -1.033475 0.754827
 H 5.493495 -2.922067 -3.705288
 H 5.583765 -1.507784 -3.157336
 H 5.051574 0.623193 -0.856734
 H 5.101376 -0.893353 -1.177977
 H 0.684630 4.860446 4.743847
 H -0.490908 4.424037 3.911769
 H -4.831580 1.111655 -2.781991
 H -5.210333 0.891947 -4.279153
 H -0.576878 -3.767336 -0.974191
 H 0.328800 -3.190986 0.153661
 H 4.490007 4.946533 -6.357137
 H 5.285383 3.882499 -7.039827
 H 2.665691 6.224455 4.652770
 H 3.118782 7.325741 5.772329
 H -5.834340 4.299513 -2.674531
 H -4.501033 4.814102 -2.359403
 H -0.802132 0.551554 -2.166035
 H -0.456939 2.025625 -2.720111
 H -4.550028 -3.853916 -1.739612
 H -4.048631 -4.390711 -0.267090
 H -3.780409 6.095193 2.612339
 H -2.736571 6.148493 3.829081
 H -2.906367 3.989873 4.189909
 H -2.599316 2.606298 4.879668
 H -2.019433 -2.392761 -1.199351
 H -2.499540 -1.367974 -0.276344
 H -1.847799 -2.024957 4.538431
 H -0.736895 -2.350277 5.576841
 H 0.394282 2.878410 5.290807
 H -0.575892 2.460138 6.308487
 H -5.195672 2.187302 2.025010
 H -4.384920 3.428500 2.230252
 H 3.677488 5.149218 -1.015572
 H 4.284679 4.286401 -2.199588
 H 2.418699 -5.999715 -4.603881
 H 2.134086 -5.330700 -3.212959
 H -3.423880 4.240833 -4.041766
 H -2.647517 5.232456 -3.012681
 H 4.250266 0.856584 7.445869
 H 4.088556 1.026399 5.937683
 H -1.791385 0.214245 1.346768
 H -2.688910 0.816918 2.506843
 H 0.731934 -1.708717 -3.094486
 H 0.337803 -1.387953 -4.630865
 H -0.232102 -4.140570 -5.174486
 H 1.011484 -3.269981 -5.588111
 H 6.743725 -6.339081 4.963630
 H 5.766772 -5.420525 4.051994
 H 4.029744 -3.875696 1.107530
 H 3.185129 -2.936047 0.111881
 H 5.197743 -1.118906 2.281540
 H 5.383139 -0.334030 3.614206
 H 1.716531 4.060515 -5.280648
 H 1.351394 4.627038 -3.967520
 H -1.184383 -6.806096 0.870608
 H -2.489239 -6.856611 0.122454
 H -5.577558 -1.725905 -5.265763
 H -4.509868 -2.346542 -6.301647
 H -3.623482 1.117023 -0.411465
 H -4.385187 2.391821 -0.679848
 H 4.737868 3.462269 -4.492054
 H 4.952041 2.861803 -3.113671
 H 2.721809 -0.389293 -1.445989
 H 1.378108 0.059055 -2.112959
 H -5.297263 -2.953128 0.842492
 H -4.256031 -2.430394 1.849708
 H 1.279040 3.367916 2.264331
 H 1.702722 3.390597 0.726076
K_POINTS
 1
0.0 0.0 0.0 1.0