
&control
    calculation='scf'
    pseudo_dir = './',
    outdir='./outputs',
    disk_io='high'
/
&system
    ibrav= 1, celldm(1)=20.000000, nat=  192, ntyp= 2,
    ecutwfc = 30.0, nosym=.true., occupations='smearing',
    smearing='m-v', degauss=0.025
/
&electrons
    conv_thr =  1.0d-8,
    mixing_beta = 0.7
/
&ions
    pot_extrapolation='second-order'
    wfc_extrapolation='second-order'
    ion_temperature = 'andersen'
    tempw = 1000

/
ATOMIC_SPECIES
 H  1.01  H.blyp-hgh.UPF
 O  16.0  O.blyp-hgh.UPF
ATOMIC_POSITIONS bohr
 O -5.275265 -1.440500 -1.308601
 O 2.853055 -2.640065 6.039638
 O -5.424869 6.343573 -5.418907
 O 1.060095 3.413216 -0.962255
 O -5.054779 1.371001 3.425574
 O -0.277183 6.224518 6.014976
 O -0.920308 -5.356787 -2.525137
 O 2.799148 1.024244 4.447671
 O -2.746617 -6.232437 5.850175
 O 2.439178 -2.534389 3.183862
 O 2.388170 -6.415083 2.677074
 O -3.466423 -3.644420 4.256050
 O -4.805088 -6.855425 0.736192
 O -3.804343 -5.040844 -3.546092
 O 2.724755 -3.488429 -2.112533
 O -2.061638 2.713198 -0.775480
 O -1.473534 -3.026424 2.277164
 O 0.673096 -4.622052 3.481287
 O 4.690788 -4.468953 -4.758981
 O 5.313444 4.752623 2.166262
 O 5.128075 -3.813298 3.519706
 O -2.602763 -2.433097 -3.396102
 O -1.262590 2.999770 -4.488318
 O 4.175890 1.831039 2.374356
 O 2.899209 1.188309 -3.719937
 O -4.421765 2.836013 -5.519432
 O 5.089371 -5.739569 -0.551684
 O 1.120208 -0.268913 -5.673019
 O -1.945506 0.573721 -5.112664
 O 1.078941 -0.935669 1.524446
 O 5.715985 -2.003515 -3.985056
 O 4.454689 -0.166349 -0.940653
 O 0.428509 4.219546 4.051168
 O -4.499491 0.694549 -3.609868
 O 0.316276 -3.791638 -0.621074
 O 5.000882 4.131521 -6.157360
 O 2.859505 6.418590 5.612007
 O -5.453532 5.176591 -2.417612
 O -0.105927 1.135452 -2.503789
 O -3.818718 -3.903825 -1.101454
 O -3.017159 5.622708 3.039786
 O -2.225068 3.307319 4.311701
 O -1.651845 -1.818953 -0.478690
 O -1.386229 -1.640043 5.320338
 O 0.182827 2.037039 5.794527
 O -4.874096 2.951630 1.514764
 O 3.458426 4.506263 -1.731810
 O 1.693516 -5.749846 -3.989665
 O -3.119081 4.380686 -3.122221
 O 4.777039 0.796160 6.600038
 O -1.773309 0.785342 2.154976
 O 0.026453 -1.745030 -3.764987
 O 0.142588 -3.587996 -5.896524
 O 6.592378 -5.974285 4.062616
 O 3.636233 -2.992240 0.975919
 O 5.888648 -0.802712 2.910583
 O 1.602891 3.767476 -4.355155
 O -1.527521 -6.786084 -0.042221
 O -5.212559 -1.684930 -6.195784
 O -4.318572 1.465934 -0.996779
 O 5.257717 3.619402 -3.673195
 O 1.751210 -0.651725 -1.525174
 O -4.765750 -3.241167 1.635170
 O 1.766324 2.896980 1.576361
 H -4.460107 -1.875065 -0.956508
 H -4.994018 -0.506418 -1.389329
 H 2.866542 -1.712865 6.345148
 H 2.412685 -2.717227 5.167718
 H -5.748349 5.601074 -4.863746
 H -5.035944 6.948979 -4.731367
 H 0.927407 2.433030 -0.927162
 H 1.951653 3.570481 -1.379296
 H -5.735257 0.742843 3.083685
 H -5.024718 0.974596 4.332252
 H -0.128768 6.951611 5.364809
 H 0.426854 6.368210 6.684275
 H -0.955203 -5.948609 -1.725942
 H 0.005142 -5.194761 -2.775066
 H 3.001778 1.318957 3.537134
 H 2.141635 1.641884 4.799579
 H -3.582975 -6.691704 6.019162
 H -2.026320 -6.562943 6.421088
 H 1.797154 -1.790630 3.178657
 H 3.108496 -2.433981 2.455248
 H 2.295299 -7.393373 2.750344
 H 1.476249 -6.034720 2.731006
 H -2.979789 -4.366416 4.748959
 H -3.947578 -4.208153 3.624802
 H -5.138389 -7.781475 0.889783
 H -4.618423 -6.726463 -0.206190
 H -3.385569 -4.173499 -3.376677
 H -3.138987 -5.736386 -3.540207
 H 2.698816 -2.524124 -2.326540
 H 1.935594 -3.520520 -1.511306
 H -2.430953 2.548337 -1.694564
 H -1.161344 3.109109 -0.890727
 H -2.041652 -3.002933 1.509271
 H -0.799002 -2.344514 2.006782
 H 1.359501 -3.906028 3.557076
 H -0.134188 -4.211479 3.073003
 H 5.595857 -4.649284 -5.125759
 H 4.448948 -4.011932 -5.588864
 H 4.570036 5.329192 2.428887
 H 6.077548 5.259832 2.500295
 H 5.846633 -3.158855 3.353022
 H 4.678986 -3.381004 4.270398
 H -1.658387 -2.145242 -3.554638
 H -3.174373 -2.044715 -4.080947
 H -0.448372 3.538088 -4.443169
 H -1.114451 2.012576 -4.540747
 H 4.460971 2.777213 2.313860
 H 3.390601 1.835798 1.779068
 H 2.226528 0.548256 -4.070579
 H 2.407618 2.043925 -3.728430
 H -5.069971 2.524501 -6.178612
 H -3.984576 2.092590 -5.057043
 H 5.328941 -6.167388 0.294117
 H 5.900091 -5.892188 -1.092697
 H 1.274941 -0.701971 -6.541333
 H 0.938054 0.671637 -5.955463
 H -1.642177 -0.071417 -5.785275
 H -2.777891 0.314133 -4.672907
 H 1.169629 -0.023392 1.862879
 H 1.670526 -1.046765 0.763291
 H 5.483823 -2.922529 -3.708682
 H 5.579481 -1.514278 -3.155975
 H 5.047888 0.622620 -0.853318
 H 5.108473 -0.893724 -1.165047
 H 0.684577 4.865065 4.740348
 H -0.484001 4.458131 3.897668
 H -4.839858 1.131033 -2.790129
 H -5.187134 0.877613 -4.296467
 H -0.593013 -3.767995 -0.967946
 H 0.331087 -3.201329 0.157461
 H 4.507603 4.952704 -6.384579
 H 5.300879 3.877429 -7.046633
 H 2.673334 6.217896 4.660020
 H 3.126191 7.333138 5.780284
 H -5.854239 4.311839 -2.683719
 H -4.510252 4.790647 -2.354422
 H -0.809480 0.556706 -2.183126
 H -0.449075 2.030674 -2.700874
 H -4.553301 -3.849714 -1.737280
 H -4.059691 -4.426493 -0.285579
 H -3.775859 6.083232 2.596462
 H -2.750686 6.157406 3.829736
 H -2.916401 3.991758 4.185161
 H -2.618713 2.601381 4.855768
 H -2.008253 -2.393174 -1.207208
 H -2.491155 -1.356443 -0.285728
 H -1.837144 -2.040179 4.538598
 H -0.751235 -2.354766 5.596932
 H 0.412982 2.870087 5.316295
 H -0.577571 2.455639 6.296424
 H -5.188993 2.179886 2.033026
 H -4.369680 3.408110 2.232869
 H 3.672793 5.166097 -1.029324
 H 4.292716 4.297695 -2.205246
 H 2.414493 -5.999422 -4.595669
 H 2.120839 -5.337330 -3.206978
 H -3.417557 4.229276 -4.044645
 H -2.637253 5.222989 -3.010249
 H 4.265426 0.848987 7.448007
 H 4.090199 1.038789 5.941339
 H -1.782396 0.195514 1.356309
 H -2.684940 0.823370 2.520612
 H 0.732747 -1.717833 -3.093673
 H 0.341807 -1.356753 -4.621531
 H -0.229891 -4.115243 -5.157068
 H 1.010857 -3.256143 -5.598848
 H 6.731578 -6.326956 4.967267
 H 5.783844 -5.410845 4.036110
 H 4.030006 -3.872523 1.106179
 H 3.173532 -2.928806 0.126451
 H 5.212876 -1.127180 2.267952
 H 5.381384 -0.353403 3.624794
 H 1.708574 4.063712 -5.274169
 H 1.358336 4.627522 -3.973960
 H -1.212550 -6.818944 0.887557
 H -2.490885 -6.868032 0.113800
 H -5.567780 -1.724108 -5.270574
 H -4.515385 -2.352347 -6.314608
 H -3.620306 1.126513 -0.404371
 H -4.368412 2.397251 -0.676750
 H 4.742614 3.482139 -4.501003
 H 4.950679 2.871858 -3.114238
 H 2.712716 -0.385588 -1.447176
 H 1.375069 0.042828 -2.127871
 H -5.319604 -2.962478 0.870702
 H -4.268230 -2.428594 1.851064
 H 1.279923 3.378610 2.266963
 H 1.701399 3.387642 0.732363
K_POINTS
 1
0.0 0.0 0.0 1.0