
&control
    calculation='scf'
    pseudo_dir = './',
    outdir='./outputs',
    disk_io='high'
/
&system
    ibrav= 1, celldm(1)=20.000000, nat=  192, ntyp= 2,
    ecutwfc = 30.0, nosym=.true., occupations='smearing',
    smearing='m-v', degauss=0.025
/
&electrons
    conv_thr =  1.0d-8,
    mixing_beta = 0.7
/
&ions
    pot_extrapolation='second-order'
    wfc_extrapolation='second-order'
    ion_temperature = 'andersen'
    tempw = 1000

/
ATOMIC_SPECIES
 H  1.01  H.blyp-hgh.UPF
 O  16.0  O.blyp-hgh.UPF
ATOMIC_POSITIONS bohr
 O -5.261096 -1.555536 -1.356461
 O 3.970490 -2.181789 5.394881
 O -5.725724 5.313120 -5.526906
 O -0.167952 3.642220 -1.561581
 O -4.711821 0.734867 3.854939
 O -0.234908 5.438102 5.197349
 O -0.125713 -5.375157 -3.407973
 O 2.344697 0.256991 3.651842
 O -2.853407 -5.293324 5.629075
 O 1.910009 -2.967697 1.732142
 O 2.519531 -6.080630 2.906209
 O -4.171030 -3.044660 4.389422
 O -4.432701 -5.929210 0.721349
 O -3.574859 -5.681208 -3.670147
 O 2.167406 -2.744125 -2.189039
 O -1.855727 2.470074 1.316180
 O -1.117905 -1.500586 1.729574
 O 0.227841 -4.239664 3.688178
 O 5.436228 -4.179828 -4.956247
 O 5.529855 4.842779 2.185297
 O 5.978610 -2.973145 3.246552
 O -3.235788 -2.990899 -3.832762
 O -0.898929 2.606345 -4.939156
 O 3.884507 2.352295 2.849619
 O 2.324081 1.301569 -3.111608
 O -4.899581 2.808838 -6.156968
 O 4.445575 -5.955669 -1.249247
 O 1.960069 -1.309289 -4.593673
 O -2.025711 0.224031 -4.833504
 O 0.859991 -0.327433 0.688102
 O 4.780312 -1.750912 -3.760702
 O 5.175624 0.073825 -0.070140
 O -0.261251 4.527571 1.850679
 O -5.201547 0.718403 -4.009717
 O 0.725763 -3.810163 -0.362072
 O 4.598881 3.547725 -4.362960
 O 3.525702 5.479179 5.836608
 O -5.130425 3.707612 -1.834114
 O -0.382498 1.039716 -1.621395
 O -3.024653 -3.341057 -1.118838
 O -2.606605 5.458561 3.361959
 O -1.498283 2.803620 3.954453
 O -2.632706 -0.236860 -0.682241
 O -1.520668 -2.201374 4.903736
 O 0.713612 1.808541 4.906283
 O -4.792495 3.379194 1.436834
 O 2.814384 3.910034 -0.570496
 O 2.684896 -5.988892 -3.565940
 O -2.637477 4.578237 -2.318059
 O 5.601356 0.586394 5.281384
 O -3.094244 0.200365 1.973091
 O -0.655831 -2.416098 -2.316548
 O 0.013657 -3.250931 -5.499740
 O 5.694269 -5.971369 4.406516
 O 5.105340 -3.026904 -0.234223
 O 4.688501 -0.706163 2.434697
 O 1.082454 4.304905 -4.341449
 O -0.621529 -5.777667 0.465881
 O -5.545847 -1.383688 -5.764594
 O -4.633989 1.410711 -0.910877
 O 5.209782 1.611372 -2.693056
 O 2.750620 -0.271889 -0.993384
 O -5.291596 -1.216799 1.242617
 O 1.536417 2.673341 1.449718
 H -4.920301 -1.509158 -0.423145
 H -4.457450 -1.244507 -1.829614
 H 3.561266 -2.963236 5.810290
 H 3.270871 -1.680730 4.914885
 H -6.322471 4.868184 -4.878451
 H -5.812611 4.679528 -6.276079
 H 0.341997 3.145553 -0.870661
 H 0.453402 4.262486 -1.990051
 H -5.494666 0.138984 3.814886
 H -5.009163 1.328021 4.592124
 H 0.195463 6.315487 5.099946
 H -0.076144 5.091819 6.103564
 H -0.425492 -5.578715 -2.501144
 H -0.832192 -5.799330 -3.933903
 H 2.494782 1.177359 3.289208
 H 1.380850 0.132964 3.528504
 H -3.499832 -5.559942 6.327284
 H -1.982500 -5.360252 6.073910
 H 1.953812 -2.001315 1.466677
 H 2.794513 -3.371126 1.774711
 H 3.293784 -6.305595 2.345410
 H 1.749537 -6.554874 2.513796
 H -3.441948 -3.495525 3.920268
 H -4.393640 -2.225826 3.896532
 H -3.599690 -6.366145 0.442063
 H -4.398957 -5.039742 0.288195
 H -4.478254 -5.534539 -3.327084
 H -3.574770 -6.637282 -3.878226
 H 2.194169 -1.758940 -2.062862
 H 2.167404 -3.061860 -1.250245
 H -1.312329 3.109541 0.803100
 H -1.505194 1.571087 1.121616
 H -0.303728 -1.706545 1.217336
 H -0.877324 -1.640485 2.674397
 H 1.029360 -3.662438 3.633505
 H -0.353154 -3.765513 3.056773
 H 6.033249 -4.854001 -5.355971
 H 5.937125 -3.422767 -4.571184
 H 5.734975 5.530988 2.900099
 H 6.219919 5.066589 1.509911
 H 5.360121 -2.442089 2.690465
 H 6.456879 -3.662915 2.758045
 H -2.334797 -2.794753 -4.157336
 H -3.887501 -2.952652 -4.556597
 H -0.406597 2.952866 -4.163762
 H -1.061467 1.624088 -4.795498
 H 4.753979 2.543803 3.258101
 H 3.447949 3.218293 2.720624
 H 2.891980 1.023457 -3.858503
 H 1.953685 2.196694 -3.270219
 H -5.035115 2.269043 -5.331267
 H -3.971033 3.124605 -6.170129
 H 4.159709 -5.049171 -1.514275
 H 5.400410 -5.845425 -1.076133
 H 2.790251 -1.204929 -5.115923
 H 1.200077 -1.016939 -5.135741
 H -2.065584 -0.513389 -5.472537
 H -2.861554 0.724846 -4.918972
 H 1.155871 0.601879 0.839637
 H 1.235229 -0.437796 -0.214459
 H 3.991186 -2.203845 -3.359883
 H 5.394950 -1.684621 -2.990347
 H 5.212674 1.036456 -0.233910
 H 5.979753 -0.358619 -0.522976
 H -0.693590 3.939293 2.548652
 H -0.566071 5.446970 2.020608
 H -4.704834 0.992705 -3.204973
 H -6.117296 0.584923 -3.606890
 H 0.595968 -4.720211 -0.665163
 H 0.960437 -3.892746 0.591735
 H 3.664252 3.815942 -4.285673
 H 4.629434 2.798469 -4.992384
 H 3.255856 5.034277 4.998728
 H 2.772975 6.088052 5.965272
 H -5.786352 3.897679 -1.131664
 H -4.728888 4.578834 -2.079207
 H -0.017192 0.308408 -2.156626
 H -1.357352 0.848866 -1.695868
 H -2.979212 -3.167277 -2.112006
 H -2.633335 -4.234628 -1.093542
 H -3.371193 5.825950 2.869204
 H -2.618770 5.949282 4.238020
 H -1.490065 1.892146 3.581943
 H -2.270253 3.186547 3.490878
 H -2.216037 -1.081815 -0.416834
 H -2.957240 0.107494 0.193296
 H -2.469733 -2.208725 5.164640
 H -1.219423 -3.103833 5.162693
 H 1.563359 1.591308 5.321624
 H 0.148998 2.399081 5.463184
 H -5.297201 3.531169 2.262924
 H -3.875946 3.054501 1.628451
 H 3.380864 4.637206 -0.218219
 H 2.838933 4.122286 -1.522903
 H 3.627863 -5.844113 -3.827676
 H 2.202367 -5.198922 -3.897167
 H -2.481468 3.890730 -3.005538
 H -1.992737 4.231830 -1.646727
 H 5.998637 -0.129815 5.909562
 H 4.655906 0.345395 5.278605
 H -2.728291 -0.637557 2.297802
 H -3.786650 0.524662 2.625161
 H -0.000612 -3.136508 -2.374148
 H -0.371467 -2.054739 -1.459074
 H 0.393976 -3.346409 -4.593325
 H 0.792848 -3.058886 -6.054524
 H 4.946534 -5.634114 4.941775
 H 6.515142 -5.684465 4.843138
 H 5.751129 -3.460187 0.359035
 H 4.684854 -2.405600 0.394919
 H 4.534845 -0.291269 1.539927
 H 4.071653 -0.267320 3.070468
 H 1.371983 3.826691 -5.145957
 H 1.643416 5.150635 -4.274389
 H -0.969552 -6.568917 -0.002178
 H -1.334996 -5.128069 0.625437
 H -5.415986 -1.985213 -6.531752
 H -4.724376 -0.962996 -5.439654
 H -3.989907 2.132783 -1.018775
 H -4.788342 1.438764 0.055504
 H 5.835820 2.371664 -2.719761
 H 4.351363 1.978720 -2.415933
 H 3.684501 -0.345985 -0.629678
 H 2.806113 0.375033 -1.747576
 H -6.099998 -0.759233 1.584430
 H -4.857042 -1.572572 2.028426
 H 0.982212 3.518998 1.408174
 H 2.281269 2.768327 0.813445
K_POINTS
 1
0.0 0.0 0.0 1.0