
&control
    calculation='scf'
    pseudo_dir = './',
    outdir='./outputs',
    disk_io='high'
/
&system
    ibrav= 1, celldm(1)=20.000000, nat=  192, ntyp= 2,
    ecutwfc = 30.0, nosym=.true., occupations='smearing',
    smearing='m-v', degauss=0.025
/
&electrons
    conv_thr =  1.0d-8,
    mixing_beta = 0.7
/
&ions
    pot_extrapolation='second-order'
    wfc_extrapolation='second-order'
    ion_temperature = 'andersen'
    tempw = 1000

/
ATOMIC_SPECIES
 H  1.01  H.blyp-hgh.UPF
 O  16.0  O.blyp-hgh.UPF
ATOMIC_POSITIONS bohr
 O -5.273540 -1.443010 -1.302482
 O 2.849368 -2.641548 6.045860
 O -5.421475 6.346359 -5.416765
 O 1.059490 3.406549 -0.963092
 O -5.054410 1.378171 3.423971
 O -0.277925 6.221755 6.010820
 O -0.924859 -5.355885 -2.523706
 O 2.804544 1.028631 4.447536
 O -2.743426 -6.238665 5.845429
 O 2.431127 -2.530190 3.184434
 O 2.390119 -6.417213 2.671951
 O -3.464937 -3.644766 4.252069
 O -4.805929 -6.859276 0.733628
 O -3.807541 -5.037670 -3.546865
 O 2.722022 -3.493959 -2.111049
 O -2.065199 2.719041 -0.775518
 O -1.474426 -3.025324 2.269368
 O 0.674640 -4.627389 3.479648
 O 4.687796 -4.467212 -4.759339
 O 5.313761 4.749742 2.167598
 O 5.130135 -3.817564 3.522828
 O -2.599529 -2.429122 -3.390298
 O -1.261071 3.000314 -4.488006
 O 4.179958 1.828868 2.368686
 O 2.900787 1.187531 -3.716236
 O -4.425229 2.840530 -5.517449
 O 5.089276 -5.740220 -0.547501
 O 1.114569 -0.268237 -5.676343
 O -1.951765 0.578170 -5.111295
 O 1.076400 -0.937591 1.529877
 O 5.715999 -2.008234 -3.985496
 O 4.449270 -0.166029 -0.948689
 O 0.430526 4.219293 4.050164
 O -4.498934 0.693621 -3.602205
 O 0.305959 -3.791083 -0.626436
 O 5.005789 4.132588 -6.167856
 O 2.872174 6.425066 5.616959
 O -5.450609 5.180269 -2.424190
 O -0.101460 1.132425 -2.506498
 O -3.819195 -3.900935 -1.101559
 O -3.015873 5.622428 3.042743
 O -2.231705 3.311073 4.307504
 O -1.650171 -1.823228 -0.477752
 O -1.387338 -1.637445 5.319339
 O 0.187419 2.030804 5.799066
 O -4.875016 2.947126 1.518729
 O 3.464854 4.509904 -1.735105
 O 1.687158 -5.748089 -3.988784
 O -3.121321 4.384372 -3.123779
 O 4.785344 0.798373 6.600602
 O -1.768219 0.790149 2.151301
 O 0.026234 -1.744570 -3.765822
 O 0.147107 -3.591879 -5.898370
 O 6.601134 -5.977223 4.057181
 O 3.636946 -2.988338 0.982931
 O 5.889092 -0.808111 2.913263
 O 1.598761 3.765062 -4.352826
 O -1.527345 -6.796278 -0.034372
 O -5.208091 -1.681719 -6.205053
 O -4.317027 1.468951 -0.991706
 O 5.262542 3.623987 -3.680026
 O 1.744525 -0.652151 -1.526018
 O -4.761553 -3.251068 1.645327
 O 1.765549 2.901096 1.585229
 H -4.468094 -1.890548 -0.941309
 H -4.992466 -0.508772 -1.400959
 H 2.849611 -1.708394 6.330869
 H 2.411623 -2.727158 5.171019
 H -5.759212 5.616578 -4.852097
 H -5.048626 6.956528 -4.722764
 H 0.950879 2.427331 -0.930428
 H 1.953534 3.583141 -1.372490
 H -5.723036 0.734347 3.074308
 H -5.004064 0.981099 4.327630
 H -0.131995 6.956822 5.372716
 H 0.409003 6.377154 6.693765
 H -0.950169 -5.961818 -1.737326
 H -0.001106 -5.194876 -2.783260
 H 3.006528 1.329767 3.538102
 H 2.133037 1.635269 4.801153
 H -3.569692 -6.715984 6.003516
 H -2.023919 -6.568887 6.419843
 H 1.791065 -1.792024 3.196544
 H 3.121147 -2.441582 2.463958
 H 2.261222 -7.392291 2.748736
 H 1.482997 -6.020768 2.723524
 H -2.986032 -4.359136 4.768231
 H -3.948745 -4.203598 3.612826
 H -5.145309 -7.789527 0.876138
 H -4.613400 -6.736119 -0.207240
 H -3.390370 -4.168596 -3.391870
 H -3.141434 -5.731696 -3.536037
 H 2.714124 -2.526922 -2.326573
 H 1.930994 -3.506773 -1.508384
 H -2.406010 2.578756 -1.708745
 H -1.164312 3.112694 -0.896763
 H -2.047128 -2.994692 1.498021
 H -0.794484 -2.356377 2.003232
 H 1.353255 -3.910905 3.574495
 H -0.138669 -4.223309 3.082904
 H 5.586196 -4.675381 -5.131615
 H 4.451483 -4.007692 -5.587101
 H 4.548731 5.307920 2.420021
 H 6.065577 5.276035 2.513159
 H 5.858579 -3.175749 3.348127
 H 4.682268 -3.379790 4.271104
 H -1.655107 -2.138640 -3.544140
 H -3.166758 -2.036024 -4.077403
 H -0.443509 3.538913 -4.464844
 H -1.131024 2.008356 -4.521644
 H 4.444806 2.780344 2.294651
 H 3.386177 1.821925 1.785682
 H 2.206642 0.565238 -4.063937
 H 2.410309 2.044360 -3.721875
 H -5.069732 2.542374 -6.181919
 H -4.007537 2.101699 -5.036538
 H 5.319937 -6.170377 0.298764
 H 5.909634 -5.881044 -1.073036
 H 1.251316 -0.692781 -6.552538
 H 0.918728 0.673940 -5.957017
 H -1.654498 -0.053086 -5.802022
 H -2.772337 0.303998 -4.656695
 H 1.159414 -0.020804 1.857203
 H 1.667508 -1.058895 0.770906
 H 5.473704 -2.922911 -3.713660
 H 5.576001 -1.520052 -3.154839
 H 5.042696 0.620813 -0.849786
 H 5.114125 -0.892509 -1.150776
 H 0.684182 4.870631 4.736954
 H -0.480526 4.491420 3.883275
 H -4.846559 1.150231 -2.798921
 H -5.163554 0.862426 -4.312729
 H -0.608800 -3.769099 -0.961810
 H 0.332721 -3.211910 0.160747
 H 4.524806 4.959168 -6.411080
 H 5.316689 3.871213 -7.053576
 H 2.681476 6.213430 4.667009
 H 3.133363 7.341088 5.787025
 H -5.875787 4.326166 -2.693403
 H -4.520776 4.769765 -2.350435
 H -0.817917 0.562005 -2.200213
 H -0.441894 2.034932 -2.681565
 H -4.556993 -3.846982 -1.734274
 H -4.071216 -4.460607 -0.306551
 H -3.770052 6.070477 2.581435
 H -2.765753 6.165484 3.829964
 H -2.926156 3.993429 4.180268
 H -2.638022 2.596915 4.832074
 H -1.996387 -2.393198 -1.215011
 H -2.482174 -1.344358 -0.294519
 H -1.826586 -2.054736 4.539564
 H -0.766697 -2.358803 5.617724
 H 0.432178 2.861007 5.339626
 H -0.578764 2.449173 6.284494
 H -5.182477 2.173450 2.040437
 H -4.354259 3.387076 2.234004
 H 3.668950 5.182749 -1.044329
 H 4.300259 4.310274 -2.211181
 H 2.411150 -5.998375 -4.587347
 H 2.108393 -5.343631 -3.201668
 H -3.410300 4.218385 -4.047495
 H -2.626251 5.212342 -3.008828
 H 4.280947 0.841516 7.449411
 H 4.092097 1.050968 5.944302
 H -1.773666 0.178225 1.367962
 H -2.680281 0.829710 2.533683
 H 0.733649 -1.726499 -3.093054
 H 0.345989 -1.324653 -4.610769
 H -0.227331 -4.088610 -5.140141
 H 1.010678 -3.242675 -5.609145
 H 6.718775 -6.313608 4.971018
 H 5.801857 -5.400321 4.020790
 H 4.029863 -3.869670 1.103737
 H 3.162514 -2.923009 0.139927
 H 5.228651 -1.134427 2.255081
 H 5.379057 -0.374112 3.634872
 H 1.701311 4.065647 -5.268741
 H 1.365849 4.629417 -3.977944
 H -1.240346 -6.831587 0.903551
 H -2.492452 -6.879846 0.104904
 H -5.557946 -1.722997 -5.276239
 H -4.520895 -2.358467 -6.327642
 H -3.616814 1.136463 -0.397488
 H -4.352008 2.401843 -0.673251
 H 4.748473 3.502697 -4.510942
 H 4.949663 2.881825 -3.115575
 H 2.702445 -0.382005 -1.448478
 H 1.371814 0.026336 -2.141358
 H -5.341706 -2.972238 0.899719
 H -4.280659 -2.427056 1.853139
 H 1.279882 3.389331 2.269804
 H 1.698676 3.385120 0.737642
K_POINTS
 1
0.0 0.0 0.0 1.0