
&control
    calculation='scf'
    pseudo_dir = './',
    outdir='./outputs',
    disk_io='high'
/
&system
    ibrav= 1, celldm(1)=20.000000, nat=  192, ntyp= 2,
    ecutwfc = 30.0, nosym=.true., occupations='smearing',
    smearing='m-v', degauss=0.025
/
&electrons
    conv_thr =  1.0d-8,
    mixing_beta = 0.7
/
&ions
    pot_extrapolation='second-order'
    wfc_extrapolation='second-order'
    ion_temperature = 'andersen'
    tempw = 1000

/
ATOMIC_SPECIES
 H  1.01  H.blyp-hgh.UPF
 O  16.0  O.blyp-hgh.UPF
ATOMIC_POSITIONS bohr
 O -5.271086 -1.446222 -1.294070
 O 2.844401 -2.643875 6.054312
 O -5.417154 6.350017 -5.413762
 O 1.058792 3.397505 -0.964226
 O -5.054060 1.387122 3.422587
 O -0.278468 6.217789 6.005393
 O -0.931277 -5.354858 -2.521788
 O 2.811527 1.034236 4.447735
 O -2.739297 -6.246753 5.838848
 O 2.420396 -2.524774 3.186071
 O 2.392957 -6.420525 2.665239
 O -3.462710 -3.645772 4.247101
 O -4.806958 -6.864366 0.730435
 O -3.812447 -5.033314 -3.548085
 O 2.718205 -3.500920 -2.108821
 O -2.069790 2.726740 -0.776173
 O -1.475044 -3.023551 2.259114
 O 0.676302 -4.634619 3.477573
 O 4.684266 -4.464883 -4.760338
 O 5.313795 4.745967 2.169344
 O 5.132899 -3.822996 3.527041
 O -2.595288 -2.423912 -3.382440
 O -1.259217 3.001146 -4.487613
 O 4.185436 1.826124 2.360790
 O 2.902481 1.186420 -3.711333
 O -4.429712 2.846998 -5.514859
 O 5.089180 -5.740990 -0.541844
 O 1.107304 -0.267377 -5.681110
 O -1.960038 0.584245 -5.109462
 O 1.072733 -0.940141 1.537397
 O 5.715892 -2.014579 -3.985705
 O 4.442712 -0.165755 -0.959527
 O 0.433723 4.218979 4.048875
 O -4.498490 0.692450 -3.592236
 O 0.292545 -3.790312 -0.633404
 O 5.012138 4.134350 -6.182318
 O 2.889090 6.433049 5.623754
 O -5.446395 5.184565 -2.432566
 O -0.095140 1.128528 -2.510154
 O -3.819781 -3.897154 -1.100953
 O -3.014192 5.622238 3.046560
 O -2.240688 3.316032 4.301893
 O -1.648381 -1.828964 -0.476705
 O -1.388674 -1.634213 5.317798
 O 0.193413 2.022827 5.805247
 O -4.875987 2.941455 1.523992
 O 3.473213 4.514701 -1.739266
 O 1.678432 -5.745897 -3.987561
 O -3.124402 4.389021 -3.125574
 O 4.796326 0.801401 6.601379
 O -1.761582 0.796319 2.146190
 O 0.025794 -1.744176 -3.766853
 O 0.153044 -3.597144 -5.900926
 O 6.612918 -5.981478 4.049807
 O 3.638210 -2.982791 0.992449
 O 5.889491 -0.815425 2.916812
 O 1.593097 3.761871 -4.349885
 O -1.527224 -6.809789 -0.023687
 O -5.202119 -1.677227 -6.217386
 O -4.315191 1.473029 -0.984841
 O 5.268668 3.629537 -3.688614
 O 1.736025 -0.652747 -1.527244
 O -4.756100 -3.264089 1.658667
 O 1.764797 2.906354 1.597291
 H -4.480676 -1.912208 -0.922676
 H -4.990543 -0.512084 -1.416777
 H 2.827922 -1.702245 6.310982
 H 2.411817 -2.738214 5.174429
 H -5.774039 5.637401 -4.837445
 H -5.062630 6.965649 -4.712050
 H 0.982683 2.420897 -0.935645
 H 1.955336 3.600505 -1.363441
 H -5.706316 0.722604 3.059778
 H -4.974865 0.991342 4.320662
 H -0.135938 6.964191 5.383553
 H 0.384870 6.389707 6.705750
 H -0.941837 -5.977809 -1.752915
 H -0.009524 -5.196559 -2.793558
 H 3.015128 1.345860 3.539469
 H 2.120882 1.626285 4.802729
 H -3.553255 -6.748510 5.984558
 H -2.020642 -6.576767 6.416633
 H 1.784668 -1.793355 3.216944
 H 3.134298 -2.452376 2.475419
 H 2.215333 -7.388768 2.745759
 H 1.492782 -6.000709 2.714206
 H -2.996311 -4.346208 4.793522
 H -3.951420 -4.196308 3.596817
 H -5.153433 -7.799026 0.856316
 H -4.607952 -6.750556 -0.210132
 H -3.393188 -4.161636 -3.412501
 H -3.142948 -5.723773 -3.530743
 H 2.735016 -2.532756 -2.327271
 H 1.924235 -3.490148 -1.505516
 H -2.371007 2.621112 -1.723648
 H -1.170540 3.117671 -0.903838
 H -2.056221 -2.984966 1.480758
 H -0.789207 -2.372644 1.999569
 H 1.344393 -3.917335 3.595367
 H -0.143335 -4.238764 3.096258
 H 5.573466 -4.713933 -5.136037
 H 4.450658 -3.998621 -5.583556
 H 4.520221 5.279358 2.407877
 H 6.049810 5.297513 2.532059
 H 5.874795 -3.199759 3.341349
 H 4.685651 -3.378079 4.271994
 H -1.651037 -2.129896 -3.531380
 H -3.155653 -2.023623 -4.072620
 H -0.435905 3.536774 -4.493044
 H -1.152761 2.004549 -4.496554
 H 4.424099 2.783397 2.269803
 H 3.380481 1.804394 1.794299
 H 2.182637 0.589022 -4.054979
 H 2.414855 2.044939 -3.713570
 H -5.069327 2.564785 -6.184826
 H -4.038645 2.112913 -5.010511
 H 5.308419 -6.174933 0.305476
 H 5.920816 -5.867098 -1.047552
 H 1.219113 -0.679761 -6.566279
 H 0.891363 0.676942 -5.958537
 H -1.672777 -0.030149 -5.824069
 H -2.764371 0.289232 -4.635908
 H 1.145460 -0.017259 1.847933
 H 1.663505 -1.073152 0.779721
 H 5.459473 -2.923866 -3.722679
 H 5.572647 -1.526713 -3.153874
 H 5.033419 0.616717 -0.844895
 H 5.119148 -0.888389 -1.129804
 H 0.683342 4.879286 4.732562
 H -0.479163 4.533878 3.863792
 H -4.853336 1.175635 -2.811484
 H -5.131981 0.840931 -4.332623
 H -0.629055 -3.771257 -0.953592
 H 0.333695 -3.226440 0.164228
 H 4.547213 4.967924 -6.444729
 H 5.338132 3.861162 -7.062632
 H 2.693178 6.211009 4.676154
 H 3.142501 7.352465 5.793962
 H -5.906805 4.348656 -2.707065
 H -4.536481 4.746052 -2.346778
 H -0.830708 0.569053 -2.222883
 H -0.432974 2.039243 -2.655806
 H -4.562327 -3.845472 -1.729588
 H -4.086640 -4.502707 -0.338846
 H -3.760526 6.052375 2.562709
 H -2.787179 6.175135 3.829813
 H -2.938519 3.995371 4.173408
 H -2.663478 2.591647 4.800803
 H -1.979744 -2.392375 -1.225091
 H -2.469367 -1.327551 -0.305556
 H -1.812870 -2.072898 4.541965
 H -0.788952 -2.363168 5.646541
 H 0.458946 2.848829 5.366705
 H -0.580280 2.437590 6.269305
 H -5.174165 2.166485 2.049102
 H -4.333378 3.358450 2.233224
 H 3.665320 5.204753 -1.066028
 H 4.309451 4.329048 -2.219449
 H 2.408347 -5.995876 -4.576439
 H 2.093231 -5.351300 -3.195249
 H -3.399000 4.205147 -4.051111
 H -2.610018 5.197212 -3.008635
 H 4.301867 0.831767 7.450557
 H 4.095708 1.066603 5.947872
 H -1.762646 0.157533 1.386959
 H -2.671859 0.837736 2.549325
 H 0.734707 -1.737433 -3.092592
 H 0.351561 -1.280825 -4.594000
 H -0.223394 -4.051157 -5.118241
 H 1.011311 -3.225180 -5.622100
 H 6.701012 -6.294090 4.976158
 H 5.827215 -5.384958 4.001093
 H 4.029091 -3.866515 1.098823
 H 3.148712 -2.917456 0.156258
 H 5.250501 -1.142300 2.239393
 H 5.374970 -0.403773 3.647280
 H 1.692874 4.066191 -5.263708
 H 1.376594 4.634353 -3.979008
 H -1.276499 -6.848110 0.923613
 H -2.494605 -6.896227 0.092468
 H -5.544799 -1.722565 -5.285407
 H -4.528156 -2.367128 -6.345208
 H -3.611642 1.150133 -0.388742
 H -4.330937 2.406718 -0.668161
 H 4.757950 3.530922 -4.525615
 H 4.948775 2.895065 -3.118952
 H 2.687312 -0.377397 -1.450352
 H 1.366800 0.004522 -2.157465
 H -5.370673 -2.986160 0.939617
 H -4.297373 -2.425376 1.857170
 H 1.278206 3.403698 2.274158
 H 1.692906 3.382379 0.743146
K_POINTS
 1
0.0 0.0 0.0 1.0