
&control
    calculation='scf'
    pseudo_dir = './',
    outdir='./outputs',
    disk_io='high'
/
&system
    ibrav= 1, celldm(1)=20.000000, nat=  192, ntyp= 2,
    ecutwfc = 30.0, nosym=.true., occupations='smearing',
    smearing='m-v', degauss=0.025
/
&electrons
    conv_thr =  1.0d-8,
    mixing_beta = 0.7
/
&ions
    pot_extrapolation='second-order'
    wfc_extrapolation='second-order'
    ion_temperature = 'andersen'
    tempw = 1000

/
ATOMIC_SPECIES
 H  1.01  H.blyp-hgh.UPF
 O  16.0  O.blyp-hgh.UPF
ATOMIC_POSITIONS bohr
 O -5.265968 -1.452073 -1.276453
 O 2.834067 -2.649486 6.071417
 O -5.409482 6.357266 -5.406944
 O 1.058145 3.379482 -0.966676
 O -5.054069 1.402657 3.421853
 O -0.278022 6.208832 5.995016
 O -0.945153 -5.353328 -2.518153
 O 2.824482 1.044976 4.449412
 O -2.731589 -6.262293 5.825010
 O 2.399767 -2.515440 3.192233
 O 2.398968 -6.428791 2.652184
 O -3.457682 -3.649461 4.238180
 O -4.808813 -6.874800 0.724609
 O -3.824305 -5.024007 -3.551133
 O 2.709835 -3.513260 -2.103392
 O -2.078091 2.741960 -0.779775
 O -1.475630 -3.019612 2.238493
 O 0.678337 -4.649876 3.473962
 O 4.678839 -4.460432 -4.764026
 O 5.312606 4.739225 2.172984
 O 5.138471 -3.833116 3.535556
 O -2.587070 -2.413703 -3.366500
 O -1.256081 3.003390 -4.486900
 O 4.196414 1.821242 2.343809
 O 2.904079 1.183995 -3.701699
 O -4.437926 2.861871 -5.509690
 O 5.088915 -5.742139 -0.530085
 O 1.093414 -0.265466 -5.691872
 O -1.976380 0.596582 -5.105922
 O 1.064453 -0.945253 1.553270
 O 5.715358 -2.027023 -3.984887
 O 4.431741 -0.165892 -0.981539
 O 0.440231 4.219270 4.046303
 O -4.498185 0.690120 -3.573319
 O 0.266914 -3.788716 -0.646807
 O 5.024237 4.139185 -6.213208
 O 2.922982 6.446816 5.637967
 O -5.437474 5.191199 -2.447944
 O -0.081847 1.121286 -2.517608
 O -3.821356 -3.890305 -1.097037
 O -3.010742 5.622175 3.053624
 O -2.259304 3.325606 4.290716
 O -1.646119 -1.840463 -0.475218
 O -1.390743 -1.628772 5.314148
 O 0.205090 2.007448 5.817998
 O -4.877033 2.931187 1.534209
 O 3.489108 4.523971 -1.746949
 O 1.660031 -5.742141 -3.985006
 O -3.131210 4.396822 -3.128227
 O 4.817849 0.807853 6.602304
 O -1.749169 0.808110 2.135707
 O 0.024814 -1.743835 -3.768844
 O 0.164570 -3.607917 -5.906330
 O 6.636592 -5.990991 4.034856
 O 3.641773 -2.970616 1.011841
 O 5.890046 -0.830390 2.923802
 O 1.581184 3.755934 -4.344460
 O -1.527471 -6.836601 -0.001557
 O -5.190055 -1.667622 -6.241846
 O -4.312156 1.481418 -0.970670
 O 5.279986 3.638965 -3.704075
 O 1.720290 -0.654495 -1.529755
 O -4.745876 -3.289320 1.684657
 O 1.764204 2.916280 1.621933
 H -4.511299 -1.956844 -0.890965
 H -4.985715 -0.522206 -1.448368
 H 2.788244 -1.689668 6.269594
 H 2.418496 -2.753893 5.179043
 H -5.804178 5.678553 -4.812312
 H -5.079649 6.980651 -4.694699
 H 1.047124 2.407989 -0.948616
 H 1.954840 3.636139 -1.345044
 H -5.669303 0.699987 3.028030
 H -4.912251 1.015303 4.305659
 H -0.142845 6.981070 5.405013
 H 0.336304 6.416492 6.728276
 H -0.920203 -6.005117 -1.783590
 H -0.027302 -5.204946 -2.812168
 H 3.039551 1.383158 3.544280
 H 2.097207 1.605456 4.802408
 H -3.524349 -6.813570 5.952603
 H -2.013909 -6.591810 6.404046
 H 1.775616 -1.789306 3.244664
 H 3.143488 -2.474318 2.500132
 H 2.124051 -7.374578 2.737334
 H 1.517050 -5.955217 2.697823
 H -3.024664 -4.311478 4.840156
 H -3.957106 -4.177323 3.568468
 H -5.165333 -7.811831 0.813734
 H -4.600802 -6.783550 -0.221090
 H -3.387689 -4.146921 -3.454587
 H -3.140456 -5.703075 -3.521035
 H 2.778317 -2.552627 -2.330753
 H 1.909764 -3.463110 -1.504665
 H -2.301089 2.709474 -1.742176
 H -1.187273 3.129608 -0.910465
 H -2.074518 -2.969545 1.445556
 H -0.776796 -2.401950 1.993437
 H 1.326034 -3.927866 3.628871
 H -0.150121 -4.266891 3.122180
 H 5.546663 -4.802160 -5.133770
 H 4.436280 -3.968607 -5.572595
 H 4.466465 5.220243 2.381896
 H 6.014848 5.336866 2.574175
 H 5.907286 -3.251986 3.328040
 H 4.690351 -3.373963 4.273114
 H -1.643643 -2.112799 -3.510097
 H -3.130304 -1.996657 -4.062124
 H -0.418254 3.519363 -4.545902
 H -1.193303 2.004322 -4.449318
 H 4.386771 2.785547 2.223476
 H 3.369750 1.771780 1.810370
 H 2.145133 0.638698 -4.036747
 H 2.428564 2.047593 -3.697788
 H -5.070477 2.603077 -6.187012
 H -4.102093 2.130570 -4.962751
 H 5.286736 -6.186160 0.320790
 H 5.939381 -5.842508 -1.000448
 H 1.152393 -0.652658 -6.589733
 H 0.832518 0.681143 -5.958198
 H -1.716160 0.011532 -5.864623
 H -2.745800 0.256275 -4.598419
 H 1.116720 -0.009601 1.823556
 H 1.655093 -1.094614 0.793536
 H 5.428148 -2.929878 -3.748172
 H 5.570419 -1.537058 -3.154373
 H 5.008108 0.605898 -0.834236
 H 5.120972 -0.873483 -1.082520
 H 0.681346 4.899198 4.723782
 H -0.475305 4.607207 3.825685
 H -4.861208 1.226433 -2.838549
 H -5.070617 0.794162 -4.365674
 H -0.665767 -3.777970 -0.936181
 H 0.330750 -3.256811 0.168167
 H 4.590681 4.984129 -6.505489
 H 5.381215 3.835652 -7.077747
 H 2.719562 6.218918 4.694514
 H 3.158866 7.376625 5.800308
 H -5.974897 4.405748 -2.736890
 H -4.570727 4.711999 -2.345531
 H -0.859068 0.583000 -2.267990
 H -0.415345 2.042840 -2.604855
 H -4.572807 -3.848519 -1.719822
 H -4.114661 -4.572759 -0.417871
 H -3.737467 6.013747 2.528802
 H -2.833756 6.191910 3.829468
 H -2.960434 3.998992 4.157942
 H -2.712447 2.583644 4.739220
 H -1.945253 -2.386961 -1.243616
 H -2.441303 -1.292487 -0.326552
 H -1.787850 -2.104279 4.549356
 H -0.838227 -2.367063 5.707691
 H 0.517626 2.828047 5.405531
 H -0.586561 2.405675 6.243397
 H -5.159839 2.157626 2.061559
 H -4.289760 3.301684 2.224604
 H 3.663723 5.249214 -1.113498
 H 4.324688 4.373045 -2.237234
 H 2.408810 -5.987217 -4.556417
 H 2.068264 -5.363227 -3.183093
 H -3.370140 4.183877 -4.057184
 H -2.570071 5.167514 -3.014501
 H 4.342520 0.813051 7.452896
 H 4.109370 1.094517 5.956634
 H -1.743518 0.122979 1.435437
 H -2.644109 0.851341 2.572132
 H 0.735022 -1.757632 -3.092969
 H 0.361137 -1.192099 -4.551543
 H -0.213820 -3.969978 -5.076638
 H 1.015222 -3.191644 -5.645615
 H 6.664812 -6.250086 4.986101
 H 5.882197 -5.349960 3.963343
 H 4.025780 -3.862684 1.083766
 H 3.124607 -2.913195 0.184713
 H 5.295175 -1.151660 2.213753
 H 5.362917 -0.469551 3.667955
 H 1.680631 4.060064 -5.262123
 H 1.400707 4.650338 -3.966837
 H -1.344381 -6.879932 0.960470
 H -2.499560 -6.931184 0.064696
 H -5.519101 -1.725153 -5.309548
 H -4.542632 -2.385562 -6.381308
 H -3.599551 1.177195 -0.373317
 H -4.292774 2.413243 -0.657349
 H 4.782582 3.588928 -4.558625
 H 4.947674 2.920648 -3.132222
 H 2.655458 -0.368243 -1.454278
 H 1.352769 -0.035654 -2.185259
 H -5.426275 -3.018360 1.023193
 H -4.330458 -2.423491 1.870084
 H 1.269191 3.432103 2.285081
 H 1.674425 3.377809 0.750648
K_POINTS
 1
0.0 0.0 0.0 1.0