
&control
    calculation='scf'
    pseudo_dir = './',
    outdir='./outputs',
    disk_io='high'
/
&system
    ibrav= 1, celldm(1)=20.000000, nat=  192, ntyp= 2,
    ecutwfc = 30.0, nosym=.true., occupations='smearing',
    smearing='m-v', degauss=0.025
/
&electrons
    conv_thr =  1.0d-8,
    mixing_beta = 0.7
/
&ions
    pot_extrapolation='second-order'
    wfc_extrapolation='second-order'
    ion_temperature = 'andersen'
    tempw = 1000

/
ATOMIC_SPECIES
 H  1.01  H.blyp-hgh.UPF
 O  16.0  O.blyp-hgh.UPF
ATOMIC_POSITIONS bohr
 O -5.261395 -1.457005 -1.258033
 O 2.822896 -2.655650 6.088290
 O -5.403595 6.364653 -5.398646
 O 1.058923 3.362267 -0.969458
 O -5.055321 1.414755 3.422777
 O -0.275398 6.198731 5.985327
 O -0.960138 -5.352395 -2.515145
 O 2.835874 1.055616 4.452437
 O -2.725377 -6.277433 5.810566
 O 2.380957 -2.509206 3.202384
 O 2.404607 -6.439017 2.639542
 O -3.452440 -3.654346 4.230157
 O -4.810371 -6.885891 0.718676
 O -3.838080 -5.013302 -3.554855
 O 2.700370 -3.523740 -2.096494
 O -2.084962 2.757104 -0.786331
 O -1.477346 -3.016046 2.216869
 O 0.679008 -4.666650 3.471310
 O 4.675510 -4.456554 -4.769863
 O 5.309817 4.734405 2.177234
 O 5.144023 -3.842558 3.544073
 O -2.579112 -2.403560 -3.350499
 O -1.253759 3.006774 -4.486267
 O 4.207030 1.817194 2.325194
 O 2.903162 1.181590 -3.692217
 O -4.444595 2.879479 -5.504181
 O 5.088335 -5.742793 -0.517322
 O 1.080051 -0.262718 -5.704112
 O -1.992627 0.608575 -5.102843
 O 1.055157 -0.950444 1.569888
 O 5.714597 -2.038751 -3.982719
 O 4.422702 -0.167099 -1.003794
 O 0.444814 4.222258 4.043480
 O -4.497990 0.687442 -3.555946
 O 0.242945 -3.787221 -0.659723
 O 5.035680 4.145796 -6.247072
 O 2.957095 6.458058 5.653034
 O -5.429325 5.196020 -2.461437
 O -0.068952 1.114542 -2.525121
 O -3.824351 -3.884763 -1.090034
 O -3.006629 5.621933 3.059869
 O -2.278949 3.334285 4.279772
 O -1.645236 -1.851697 -0.474166
 O -1.391875 -1.624892 5.310169
 O 0.216821 1.992594 5.830802
 O -4.876835 2.922428 1.543404
 O 3.503797 4.532762 -1.753939
 O 1.640781 -5.739399 -3.982384
 O -3.138982 4.402394 -3.129590
 O 4.838895 0.814954 6.601642
 O -1.737734 0.819982 2.125637
 O 0.024293 -1.743465 -3.771098
 O 0.175802 -3.618818 -5.911682
 O 6.659880 -6.001425 4.020230
 O 3.646566 -2.957431 1.031066
 O 5.891158 -0.845595 2.930753
 O 1.568379 3.751776 -4.339496
 O -1.528625 -6.863181 0.021633
 O -5.177473 -1.657528 -6.266155
 O -4.309699 1.490016 -0.955750
 O 5.290347 3.646928 -3.717800
 O 1.705669 -0.657633 -1.531982
 O -4.736766 -3.313139 1.709766
 O 1.764493 2.926105 1.646726
 H -4.545188 -2.000585 -0.865955
 H -4.976798 -0.540637 -1.477956
 H 2.754825 -1.679391 6.228343
 H 2.434289 -2.763381 5.182032
 H -5.833559 5.717006 -4.794250
 H -5.080390 6.991533 -4.684763
 H 1.111739 2.390280 -0.964448
 H 1.946958 3.671656 -1.326053
 H -5.624969 0.682040 3.000498
 H -4.846244 1.039778 4.292830
 H -0.149369 7.000042 5.425304
 H 0.288199 6.444141 6.749898
 H -0.893696 -6.028240 -1.810130
 H -0.046908 -5.218932 -2.829190
 H 3.072275 1.425401 3.556154
 H 2.078178 1.578387 4.795501
 H -3.496939 -6.875522 5.927058
 H -2.005804 -6.605510 6.382936
 H 1.768933 -1.770512 3.253823
 H 3.127068 -2.493850 2.527809
 H 2.036566 -7.351863 2.726539
 H 1.551178 -5.902884 2.684353
 H -3.062654 -4.272336 4.880391
 H -3.959060 -4.153865 3.549668
 H -5.171895 -7.816116 0.772592
 H -4.598121 -6.819603 -0.236263
 H -3.371989 -4.134852 -3.497338
 H -3.132894 -5.677132 -3.512500
 H 2.823260 -2.581580 -2.337197
 H 1.895310 -3.444364 -1.511837
 H -2.242086 2.798696 -1.753550
 H -1.200965 3.147179 -0.900155
 H -2.083355 -2.958924 1.419884
 H -0.755815 -2.420455 1.984986
 H 1.308030 -3.933159 3.651505
 H -0.157597 -4.288963 3.144868
 H 5.513523 -4.899617 -5.119312
 H 4.410708 -3.925610 -5.554719
 H 4.422646 5.157410 2.353327
 H 5.969391 5.365910 2.618946
 H 5.938543 -3.307469 3.316935
 H 4.695043 -3.368380 4.272319
 H -1.636636 -2.096808 -3.493922
 H -3.101923 -1.967807 -4.049610
 H -0.398621 3.482831 -4.591982
 H -1.227440 2.014352 -4.408454
 H 4.356816 2.783047 2.182576
 H 3.360416 1.741129 1.824526
 H 2.121324 0.686136 -4.019453
 H 2.450064 2.055311 -3.682159
 H -5.077262 2.630967 -6.186169
 H -4.167659 2.142428 -4.921654
 H 5.266126 -6.199699 0.337161
 H 5.954901 -5.822438 -0.959951
 H 1.082729 -0.627487 -6.609354
 H 0.771204 0.680996 -5.951408
 H -1.768841 0.049338 -5.896081
 H -2.722576 0.220777 -4.568363
 H 1.086966 -0.000710 1.791841
 H 1.644168 -1.106268 0.804645
 H 5.392876 -2.943159 -3.782269
 H 5.573839 -1.544496 -3.157503
 H 4.977891 0.599686 -0.821399
 H 5.115939 -0.856586 -1.030920
 H 0.679743 4.919375 4.713960
 H -0.454232 4.656906 3.792027
 H -4.864326 1.278155 -2.867236
 H -5.014918 0.743303 -4.388879
 H -0.696782 -3.788142 -0.916699
 H 0.320538 -3.287879 0.169585
 H 4.632728 4.996433 -6.557402
 H 5.422484 3.804758 -7.085768
 H 2.749385 6.243033 4.712526
 H 3.171927 7.399512 5.796686
 H -6.047103 4.478066 -2.769779
 H -4.601693 4.691010 -2.352591
 H -0.884299 0.598059 -2.313801
 H -0.394948 2.040526 -2.555779
 H -4.579773 -3.856414 -1.712948
 H -4.135081 -4.624346 -0.509529
 H -3.714160 5.974764 2.496667
 H -2.883980 6.207555 3.831538
 H -2.978468 4.004316 4.139074
 H -2.757260 2.579376 4.678740
 H -1.912370 -2.376166 -1.260740
 H -2.410516 -1.257197 -0.348267
 H -1.767948 -2.128918 4.557350
 H -0.891995 -2.362792 5.772321
 H 0.581151 2.811889 5.426310
 H -0.601164 2.365728 6.224633
 H -5.150927 2.152923 2.067895
 H -4.241848 3.249581 2.208512
 H 3.669691 5.295988 -1.163513
 H 4.335924 4.423931 -2.257546
 H 2.414986 -5.973172 -4.538984
 H 2.049777 -5.369888 -3.170879
 H -3.332438 4.169720 -4.061812
 H -2.518976 5.140161 -3.029229
 H 4.378811 0.795354 7.458689
 H 4.133188 1.116793 5.969905
 H -1.728756 0.091671 1.492023
 H -2.602869 0.860832 2.583399
 H 0.731585 -1.776577 -3.094226
 H 0.365939 -1.107132 -4.497464
 H -0.201897 -3.880996 -5.039235
 H 1.020076 -3.160907 -5.667731
 H 6.630727 -6.201185 4.992733
 H 5.942989 -5.310929 3.926288
 H 4.020388 -3.861131 1.063108
 H 3.106530 -2.916347 0.211076
 H 5.336650 -1.153528 2.194465
 H 5.344979 -0.542237 3.683029
 H 1.674194 4.044250 -5.268734
 H 1.429586 4.665601 -3.940580
 H -1.405058 -6.909960 0.994192
 H -2.504614 -6.968932 0.031947
 H -5.496354 -1.732021 -5.339227
 H -4.558428 -2.403277 -6.419131
 H -3.585564 1.201100 -0.361761
 H -4.262029 2.418568 -0.646702
 H 4.815260 3.646920 -4.593425
 H 4.944743 2.941578 -3.153846
 H 2.628457 -0.357777 -1.457946
 H 1.331474 -0.067940 -2.209583
 H -5.477903 -3.058056 1.110778
 H -4.362184 -2.424771 1.889797
 H 1.254191 3.457428 2.297545
 H 1.647811 3.371162 0.758653
K_POINTS
 1
0.0 0.0 0.0 1.0