
&control
    calculation='scf'
    pseudo_dir = './',
    outdir='./outputs',
    disk_io='high'
/
&system
    ibrav= 1, celldm(1)=20.000000, nat=  192, ntyp= 2,
    ecutwfc = 30.0, nosym=.true., occupations='smearing',
    smearing='m-v', degauss=0.025
/
&electrons
    conv_thr =  1.0d-8,
    mixing_beta = 0.7
/
&ions
    pot_extrapolation='second-order'
    wfc_extrapolation='second-order'
    ion_temperature = 'andersen'
    tempw = 1000

/
ATOMIC_SPECIES
 H  1.01  H.blyp-hgh.UPF
 O  16.0  O.blyp-hgh.UPF
ATOMIC_POSITIONS bohr
 O -5.258719 -1.460625 -1.241533
 O 2.812266 -2.660671 6.102492
 O -5.400352 6.371388 -5.390079
 O 1.060846 3.347812 -0.972109
 O -5.057445 1.422478 3.424364
 O -0.271083 6.189505 5.977457
 O -0.973960 -5.352167 -2.513116
 O 2.844808 1.065018 4.455663
 O -2.722049 -6.290821 5.797631
 O 2.365499 -2.506447 3.215122
 O 2.408663 -6.449155 2.628748
 O -3.447978 -3.658105 4.223487
 O -4.811250 -6.896031 0.712382
 O -3.850552 -5.002192 -3.558539
 O 2.691295 -3.532085 -2.089245
 O -2.089702 2.770446 -0.794316
 O -1.480217 -3.013372 2.196940
 O 0.678813 -4.682531 3.469887
 O 4.674004 -4.453789 -4.776507
 O 5.306089 4.732051 2.181570
 O 5.148804 -3.850602 3.551394
 O -2.572164 -2.394548 -3.336614
 O -1.252541 3.011020 -4.485772
 O 4.215628 1.814204 2.307537
 O 2.900715 1.179971 -3.683810
 O -4.448940 2.896688 -5.498901
 O 5.087539 -5.743083 -0.504999
 O 1.068576 -0.259301 -5.715710
 O -2.006965 0.618374 -5.100680
 O 1.046494 -0.954933 1.584729
 O 5.713856 -2.048616 -3.980162
 O 4.415365 -0.168895 -1.023319
 O 0.446712 4.227916 4.040709
 O -4.497518 0.684610 -3.541959
 O 0.223498 -3.786185 -0.670845
 O 5.045291 4.152744 -6.278887
 O 2.987324 6.466397 5.666910
 O -5.424317 5.199926 -2.471670
 O -0.059029 1.108666 -2.531644
 O -3.828659 -3.880749 -1.082390
 O -3.002038 5.621272 3.064782
 O -2.296953 3.340806 4.270484
 O -1.645256 -1.860951 -0.473124
 O -1.392071 -1.622766 5.306867
 O 0.227546 1.980611 5.841496
 O -4.875476 2.916298 1.550066
 O 3.515723 4.540327 -1.759450
 O 1.624096 -5.737923 -3.979962
 O -3.145949 4.406172 -3.129615
 O 4.857340 0.821594 6.599954
 O -1.727559 0.831206 2.117316
 O 0.024535 -1.742535 -3.773560
 O 0.185568 -3.628185 -5.915553
 O 6.679403 -6.010757 4.008329
 O 3.651638 -2.945722 1.047125
 O 5.893336 -0.858908 2.937033
 O 1.556459 3.750660 -4.335495
 O -1.530645 -6.886190 0.042818
 O -5.165631 -1.648637 -6.287606
 O -4.307782 1.497533 -0.941948
 O 5.298938 3.653567 -3.729107
 O 1.693269 -0.661708 -1.533666
 O -4.729814 -3.332575 1.731158
 O 1.764975 2.935330 1.668175
 H -4.573094 -2.036775 -0.848631
 H -4.962906 -0.564230 -1.501043
 H 2.731953 -1.675415 6.194847
 H 2.455396 -2.769235 5.183393
 H -5.857260 5.746389 -4.784695
 H -5.066594 6.998244 -4.682748
 H 1.167914 2.371734 -0.980377
 H 1.934104 3.701781 -1.309458
 H -5.580126 0.671396 2.985886
 H -4.787508 1.058475 4.284831
 H -0.155899 7.015573 5.442371
 H 0.246483 6.467127 6.767989
 H -0.868788 -6.046102 -1.827925
 H -0.065328 -5.234061 -2.844550
 H 3.106346 1.464419 3.575657
 H 2.065609 1.549911 4.784027
 H -3.470327 -6.923621 5.908525
 H -1.995427 -6.616502 6.358159
 H 1.766190 -1.742570 3.246165
 H 3.095293 -2.507151 2.550922
 H 1.965276 -7.326583 2.716139
 H 1.591567 -5.852798 2.674786
 H -3.101484 -4.243077 4.912489
 H -3.956999 -4.133288 3.541693
 H -5.175225 -7.816079 0.742844
 H -4.599162 -6.851074 -0.249150
 H -3.355722 -4.130200 -3.534770
 H -3.125549 -5.651090 -3.505963
 H 2.863677 -2.609823 -2.345721
 H 1.882261 -3.433844 -1.524540
 H -2.207006 2.875019 -1.764415
 H -1.203674 3.168996 -0.872051
 H -2.079280 -2.952759 1.408354
 H -0.731042 -2.427427 1.974242
 H 1.292309 -3.933681 3.662550
 H -0.166977 -4.302755 3.160928
 H 5.475436 -4.985002 -5.100771
 H 4.386035 -3.882695 -5.531255
 H 4.394666 5.100327 2.326855
 H 5.918970 5.379840 2.658388
 H 5.963963 -3.355895 3.310492
 H 4.701587 -3.361743 4.269517
 H -1.630269 -2.084508 -3.482956
 H -3.076592 -1.941733 -4.036918
 H -0.379323 3.436106 -4.625168
 H -1.250660 2.029717 -4.379363
 H 4.338083 2.778543 2.151554
 H 3.354325 1.715107 1.835379
 H 2.107783 0.720331 -4.007438
 H 2.476151 2.068373 -3.668106
 H -5.088274 2.647031 -6.182392
 H -4.227718 2.151347 -4.893162
 H 5.248438 -6.212500 0.350065
 H 5.966384 -5.808532 -0.929973
 H 1.019299 -0.609922 -6.624935
 H 0.718795 0.676799 -5.939415
 H -1.821575 0.079832 -5.913995
 H -2.698328 0.189619 -4.549102
 H 1.059612 0.007800 1.758857
 H 1.630748 -1.108906 0.813970
 H 5.359840 -2.958320 -3.818054
 H 5.580631 -1.549560 -3.160291
 H 4.950565 0.604375 -0.807488
 H 5.111314 -0.847521 -0.984291
 H 0.679307 4.934721 4.704030
 H -0.418158 4.677417 3.767435
 H -4.864910 1.323860 -2.894206
 H -4.973018 0.696431 -4.400499
 H -0.720361 -3.800297 -0.898104
 H 0.305700 -3.314318 0.171008
 H 4.667890 5.004088 -6.597088
 H 5.455662 3.775214 -7.086347
 H 2.777175 6.274718 4.726172
 H 3.180424 7.416089 5.786735
 H -6.108892 4.551422 -2.800326
 H -4.619489 4.676426 -2.365672
 H -0.897928 0.613035 -2.355077
 H -0.372882 2.035926 -2.515092
 H -4.580222 -3.863351 -1.712511
 H -4.145131 -4.660345 -0.589798
 H -3.697435 5.942312 2.467544
 H -2.930162 6.221126 3.835869
 H -2.991460 4.012518 4.118860
 H -2.792322 2.578435 4.626995
 H -1.887689 -2.362873 -1.276556
 H -2.381774 -1.227503 -0.369467
 H -1.755834 -2.145634 4.562506
 H -0.940970 -2.351469 5.829609
 H 0.634460 2.795512 5.435707
 H -0.620016 2.327578 6.212181
 H -5.149695 2.149176 2.069966
 H -4.195679 3.210022 2.189231
 H 3.679979 5.338734 -1.207727
 H 4.342686 4.471646 -2.278593
 H 2.420435 -5.955583 -4.524803
 H 2.036839 -5.371647 -3.161404
 H -3.292716 4.161917 -4.065703
 H -2.468533 5.113744 -3.049506
 H 4.406205 0.780668 7.466527
 H 4.159608 1.132272 5.983810
 H -1.718935 0.060230 1.542424
 H -2.563947 0.866068 2.588290
 H 0.725531 -1.793163 -3.094249
 H 0.364188 -1.040961 -4.442482
 H -0.189156 -3.797522 -5.012781
 H 1.022316 -3.137798 -5.688406
 H 6.605366 -6.156324 4.992567
 H 6.001492 -5.276288 3.893345
 H 4.014247 -3.859345 1.042386
 H 3.096489 -2.922830 0.235023
 H 5.366121 -1.150829 2.180026
 H 5.324454 -0.609699 3.691905
 H 1.672328 4.023107 -5.275179
 H 1.459509 4.669520 -3.913085
 H -1.452105 -6.934561 1.021377
 H -2.506990 -7.003952 -0.000953
 H -5.481319 -1.741204 -5.365950
 H -4.574602 -2.415887 -6.453999
 H -3.572447 1.217315 -0.355786
 H -4.242817 2.425258 -0.638048
 H 4.850876 3.695647 -4.622333
 H 4.937677 2.952086 -3.177965
 H 2.613158 -0.346648 -1.460872
 H 1.307074 -0.089452 -2.227451
 H -5.519306 -3.099771 1.189376
 H -4.388404 -2.429883 1.912372
 H 1.238679 3.473790 2.307644
 H 1.619297 3.360829 0.770683
K_POINTS
 1
0.0 0.0 0.0 1.0