
&control
    calculation='scf'
    pseudo_dir = './',
    outdir='./outputs',
    disk_io='high'
/
&system
    ibrav= 1, celldm(1)=20.000000, nat=  192, ntyp= 2,
    ecutwfc = 30.0, nosym=.true., occupations='smearing',
    smearing='m-v', degauss=0.025
/
&electrons
    conv_thr =  1.0d-8,
    mixing_beta = 0.7
/
&ions
    pot_extrapolation='second-order'
    wfc_extrapolation='second-order'
    ion_temperature = 'andersen'
    tempw = 1000

/
ATOMIC_SPECIES
 H  1.01  H.blyp-hgh.UPF
 O  16.0  O.blyp-hgh.UPF
ATOMIC_POSITIONS bohr
 O -5.258480 -1.461105 -1.239155
 O 2.810680 -2.661323 6.104462
 O -5.400054 6.372375 -5.388767
 O 1.061207 3.345756 -0.972496
 O -5.057809 1.423370 3.424654
 O -0.270299 6.188195 5.976386
 O -0.975978 -5.352198 -2.512863
 O 2.846039 1.066361 4.456140
 O -2.721767 -6.292761 5.795768
 O 2.363292 -2.506222 3.217284
 O 2.409158 -6.450667 2.627223
 O -3.447344 -3.658520 4.222557
 O -4.811322 -6.897493 0.711351
 O -3.852300 -5.000451 -3.559094
 O 2.689954 -3.533260 -2.088127
 O -2.090266 2.772373 -0.795634
 O -1.480674 -3.012998 2.194044
 O 0.678733 -4.684865 3.469750
 O 4.673869 -4.453446 -4.777546
 O 5.305460 4.731844 2.182228
 O 5.149481 -3.851754 3.552419
 O -2.571159 -2.393243 -3.334647
 O -1.252437 3.011745 -4.485706
 O 4.216788 1.813805 2.304912
 O 2.900276 1.179807 -3.682585
 O -4.449456 2.899241 -5.498116
 O 5.087408 -5.743110 -0.503142
 O 1.066945 -0.258734 -5.717419
 O -2.009029 0.619709 -5.100411
 O 1.045229 -0.955551 1.586862
 O 5.713745 -2.050026 -3.979775
 O 4.414336 -0.169186 -1.026107
 O 0.446861 4.228960 4.040296
 O -4.497418 0.684167 -3.540038
 O 0.220850 -3.786064 -0.672428
 O 5.046639 4.153798 -6.283560
 O 2.991674 6.467503 5.668938
 O -5.423828 5.200526 -2.473011
 O -0.057747 1.107813 -2.532573
 O -3.829415 -3.880208 -1.081241
 O -3.001298 5.621148 3.065450
 O -2.299580 3.341648 4.269180
 O -1.645305 -1.862212 -0.472943
 O -1.392042 -1.622553 5.306429
 O 0.229119 1.979022 5.842965
 O -4.875175 2.915560 1.550895
 O 3.517370 4.541429 -1.760184
 O 1.621778 -5.737782 -3.979594
 O -3.146897 4.406690 -3.129529
 O 4.860009 0.822558 6.599679
 O -1.726018 0.832890 2.116131
 O 0.024628 -1.742329 -3.773957
 O 0.186961 -3.629492 -5.915996
 O 6.682098 -6.012070 4.006724
 O 3.652426 -2.944076 1.049335
 O 5.893762 -0.860806 2.937958
 O 1.554709 3.750719 -4.334949
 O -1.531022 -6.889459 0.045910
 O -5.163860 -1.647376 -6.290698
 O -4.307516 1.498599 -0.939916
 O 5.300143 3.654530 -3.730700
 O 1.691517 -0.662380 -1.533897
 O -4.728903 -3.335236 1.734185
 O 1.765035 2.936723 1.671208
 H -4.576752 -2.041745 -0.846467
 H -4.960317 -0.568070 -1.504117
 H 2.729221 -1.675336 6.190411
 H 2.458922 -2.770028 5.183453
 H -5.860423 5.750158 -4.783774
 H -5.063502 6.999028 -4.682938
 H 1.175875 2.369140 -0.982800
 H 1.931913 3.705999 -1.307144
 H -5.573376 0.670189 2.984719
 H -4.779149 1.060858 4.283843
 H -0.156951 7.017514 5.444785
 H 0.240528 6.470193 6.770458
 H -0.865245 -6.048445 -1.830037
 H -0.068022 -5.236332 -2.846896
 H 3.111558 1.470058 3.579217
 H 2.063967 1.545604 4.782053
 H -3.466231 -6.929904 5.906110
 H -1.993565 -6.618005 6.354186
 H 1.766251 -1.738021 3.243880
 H 3.089885 -2.508730 2.553785
 H 1.955562 -7.322652 2.714633
 H 1.598198 -5.845428 2.673575
 H -3.107345 -4.239670 4.917003
 H -3.956535 -4.130619 3.541049
 H -5.175672 -7.816071 0.739312
 H -4.599546 -6.855419 -0.250795
 H -3.353513 -4.130085 -3.540079
 H -3.124649 -5.647183 -3.505091
 H 2.869522 -2.613816 -2.347173
 H 1.880261 -3.432692 -1.526760
 H -2.203457 2.885723 -1.766172
 H -1.203267 3.172575 -0.866411
 H -2.077887 -2.952058 1.407328
 H -0.727389 -2.427983 1.972495
 H 1.290001 -3.933541 3.663466
 H -0.168509 -4.304376 3.162933
 H 5.469183 -4.996761 -5.097945
 H 4.382688 -3.876504 -5.527266
 H 4.391387 5.092143 2.323031
 H 5.911034 5.380946 2.664022
 H 5.967407 -3.362645 3.309880
 H 4.702809 -3.360623 4.268966
 H -1.629315 -2.082927 -3.481564
 H -3.073065 -1.937974 -4.034989
 H -0.376327 3.428451 -4.629310
 H -1.253457 2.032213 -4.375739
 H 4.336027 2.777831 2.147473
 H 3.353663 1.711430 1.836822
 H 2.106107 0.724419 -4.006095
 H 2.480454 2.070743 -3.666067
 H -5.090138 2.648783 -6.181487
 H -4.236527 2.152734 -4.889767
 H 5.245927 -6.214354 0.351691
 H 5.967811 -5.806818 -0.926054
 H 1.010040 -0.607856 -6.627060
 H 0.711581 0.675920 -5.937252
 H -1.829506 0.083957 -5.915850
 H -2.694623 0.185250 -4.546868
 H 1.055553 0.009001 1.753806
 H 1.628490 -1.108787 0.815298
 H 5.355073 -2.960473 -3.823553
 H 5.581828 -1.550227 -3.160547
 H 4.946615 0.605904 -0.805298
 H 5.110845 -0.846911 -0.977578
 H 0.679361 4.936658 4.702535
 H -0.412025 4.678677 3.764217
 H -4.864868 1.330327 -2.898296
 H -4.967630 0.689612 -4.401482
 H -0.723577 -3.802310 -0.895371
 H 0.303166 -3.317983 0.171335
 H 4.672732 5.005057 -6.602476
 H 5.460146 3.770893 -7.086028
 H 2.781200 6.279836 4.727849
 H 3.181438 7.418148 5.784938
 H -6.117312 4.562486 -2.804752
 H -4.621130 4.674273 -2.368094
 H -0.899073 0.615281 -2.361053
 H -0.369350 2.035238 -2.509461
 H -4.579755 -3.864114 -1.713035
 H -4.145963 -4.665283 -0.600699
 H -3.695390 5.937827 2.463279
 H -2.936908 6.223007 3.836590
 H -2.993118 4.014047 4.115652
 H -2.797028 2.578455 4.619731
 H -1.884580 -2.360723 -1.278990
 H -2.377556 -1.223399 -0.372718
 H -1.754518 -2.147706 4.563039
 H -0.948032 -2.349262 5.837693
 H 0.641472 2.792629 5.436735
 H -0.622908 2.322033 6.210492
 H -5.150090 2.148561 2.070089
 H -4.188824 3.204847 2.186049
 H 3.681726 5.344868 -1.214046
 H 4.343404 4.478545 -2.281906
 H 2.420945 -5.952630 -4.522806
 H 2.035086 -5.371626 -3.160269
 H -3.286603 4.161033 -4.066301
 H -2.461241 5.109413 -3.052923
 H 4.409839 0.778637 7.467682
 H 4.163492 1.134287 5.985753
 H -1.717708 0.055213 1.549542
 H -2.558820 0.866643 2.589019
 H 0.724483 -1.795590 -3.094051
 H 0.363417 -1.032369 -4.434210
 H -0.187139 -3.785247 -5.009671
 H 1.022398 -3.134861 -5.691597
 H 6.602214 -6.149882 4.991957
 H 6.010279 -5.271496 3.888564
 H 4.013295 -3.858917 1.039358
 H 3.095478 -2.923883 0.238557
 H 5.369663 -1.150203 2.178015
 H 5.321204 -0.619544 3.692841
 H 1.672290 4.019617 -5.275822
 H 1.464119 4.669060 -3.909180
 H -1.458401 -6.937936 1.025069
 H -2.507031 -7.009088 -0.005936
 H -5.479657 -1.742737 -5.369635
 H -4.577116 -2.417388 -6.459139
 H -3.570543 1.219198 -0.355285
 H -4.240717 2.426471 -0.636877
 H 4.856491 3.702344 -4.626228
 H 4.936199 2.952852 -3.181739
 H 2.611608 -0.344926 -1.461295
 H 1.303253 -0.092108 -2.229576
 H -5.524916 -3.106268 1.200677
 H -4.392019 -2.430965 1.915972
 H 1.236410 3.475536 2.308952
 H 1.614912 3.358921 0.772925
K_POINTS
 1
0.0 0.0 0.0 1.0