
&control
    calculation='scf'
    pseudo_dir = './',
    outdir='./outputs',
    disk_io='high'
/
&system
    ibrav= 1, celldm(1)=20.000000, nat=  192, ntyp= 2,
    ecutwfc = 30.0, nosym=.true., occupations='smearing',
    smearing='m-v', degauss=0.025
/
&electrons
    conv_thr =  1.0d-8,
    mixing_beta = 0.7
/
&ions
    pot_extrapolation='second-order'
    wfc_extrapolation='second-order'
    ion_temperature = 'andersen'
    tempw = 1000

/
ATOMIC_SPECIES
 H  1.01  H.blyp-hgh.UPF
 O  16.0  O.blyp-hgh.UPF
ATOMIC_POSITIONS bohr
 O -5.261629 -1.555534 -1.367397
 O 3.968763 -2.178949 5.394321
 O -5.726824 5.318925 -5.523893
 O -0.169365 3.648888 -1.559710
 O -4.712365 0.737137 3.857779
 O -0.234856 5.438948 5.198302
 O -0.125792 -5.376377 -3.407960
 O 2.349428 0.251111 3.648711
 O -2.853142 -5.292959 5.630013
 O 1.911962 -2.962432 1.741367
 O 2.521039 -6.081659 2.906425
 O -4.166064 -3.043648 4.393429
 O -4.433452 -5.925786 0.721715
 O -3.576691 -5.682075 -3.674202
 O 2.177485 -2.744529 -2.195323
 O -1.863263 2.466791 1.303767
 O -1.125152 -1.510179 1.735690
 O 0.225790 -4.238567 3.692189
 O 5.434943 -4.185694 -4.957463
 O 5.522722 4.847182 2.185664
 O 5.974254 -2.974115 3.247415
 O -3.236365 -2.987226 -3.833416
 O -0.897848 2.608461 -4.939621
 O 3.886089 2.352451 2.851507
 O 2.324384 1.303116 -3.110422
 O -4.898020 2.804036 -6.160396
 O 4.447274 -5.957024 -1.248831
 O 1.961826 -1.308371 -4.594200
 O -2.025787 0.220806 -4.833358
 O 0.863106 -0.327437 0.692165
 O 4.779182 -1.749945 -3.756190
 O 5.175040 0.074487 -0.073638
 O -0.254553 4.532326 1.853202
 O -5.193276 0.718670 -4.009195
 O 0.725463 -3.811672 -0.363086
 O 4.597125 3.557860 -4.369290
 O 3.520642 5.478219 5.838218
 O -5.135919 3.715977 -1.842449
 O -0.380485 1.038953 -1.626975
 O -3.029347 -3.346454 -1.112876
 O -2.607913 5.459608 3.358930
 O -1.499558 2.804145 3.967741
 O -2.631559 -0.240274 -0.683356
 O -1.521779 -2.199588 4.901822
 O 0.708789 1.811690 4.909398
 O -4.788565 3.375622 1.434255
 O 2.818899 3.913163 -0.574262
 O 2.685802 -5.992102 -3.568680
 O -2.632963 4.574756 -2.318462
 O 5.592930 0.591018 5.284847
 O -3.088920 0.204490 1.973899
 O -0.656815 -2.413716 -2.321384
 O 0.012774 -3.255593 -5.498780
 O 5.696968 -5.970952 4.401018
 O 5.099110 -3.032297 -0.233012
 O 4.685412 -0.706648 2.436674
 O 1.086167 4.305391 -4.337975
 O -0.625234 -5.781167 0.465566
 O -5.544687 -1.387169 -5.761424
 O -4.634315 1.405010 -0.906789
 O 5.208242 1.604020 -2.682211
 O 2.756168 -0.272972 -0.999378
 O -5.290637 -1.220275 1.246966
 O 1.538777 2.667837 1.452089
 H -4.939486 -1.493064 -0.427105
 H -4.455434 -1.224902 -1.824155
 H 3.565099 -2.958928 5.818902
 H 3.266681 -1.693430 4.902602
 H -6.329408 4.874855 -4.880277
 H -5.795237 4.683416 -6.273240
 H 0.344052 3.137981 -0.882159
 H 0.459031 4.265239 -1.985262
 H -5.499056 0.147108 3.812542
 H -4.993255 1.330466 4.602077
 H 0.195233 6.316635 5.101060
 H -0.063409 5.093691 6.102702
 H -0.427902 -5.571054 -2.500103
 H -0.836772 -5.792378 -3.934019
 H 2.503974 1.174730 3.293756
 H 1.382357 0.137736 3.538357
 H -3.497679 -5.555061 6.331801
 H -1.981227 -5.364069 6.072626
 H 1.963451 -2.000680 1.456905
 H 2.800100 -3.362037 1.781948
 H 3.292343 -6.315828 2.344746
 H 1.746977 -6.549064 2.514025
 H -3.428250 -3.491206 3.934299
 H -4.402874 -2.237993 3.885865
 H -3.612341 -6.381339 0.435946
 H -4.387382 -5.038907 0.284553
 H -4.478068 -5.522766 -3.331898
 H -3.578324 -6.641512 -3.865285
 H 2.198947 -1.759284 -2.065256
 H 2.142269 -3.060775 -1.254436
 H -1.292748 3.102143 0.812286
 H -1.516986 1.565753 1.114213
 H -0.299871 -1.683846 1.225502
 H -0.871761 -1.642056 2.678297
 H 1.038469 -3.678772 3.609966
 H -0.356389 -3.772454 3.056278
 H 6.045159 -4.859722 -5.337517
 H 5.918166 -3.409237 -4.585341
 H 5.750109 5.520698 2.909490
 H 6.234269 5.064564 1.529227
 H 5.367456 -2.430909 2.689468
 H 6.441994 -3.667096 2.751781
 H -2.334991 -2.790674 -4.156573
 H -3.877582 -2.951170 -4.567525
 H -0.400644 2.947928 -4.164416
 H -1.090084 1.631563 -4.788845
 H 4.757854 2.550246 3.251206
 H 3.450434 3.217254 2.712388
 H 2.888261 1.026663 -3.860721
 H 1.942041 2.191283 -3.283196
 H -5.032709 2.253320 -5.340425
 H -3.970457 3.123653 -6.160605
 H 4.155142 -5.051308 -1.507343
 H 5.401127 -5.841094 -1.073669
 H 2.788334 -1.211053 -5.124081
 H 1.204157 -1.015557 -5.139671
 H -2.060138 -0.514503 -5.475842
 H -2.862831 0.718437 -4.924928
 H 1.136947 0.608350 0.855253
 H 1.243135 -0.434046 -0.209165
 H 3.989368 -2.203809 -3.356862
 H 5.393158 -1.681134 -2.985502
 H 5.227173 1.036533 -0.249778
 H 5.982346 -0.363963 -0.526514
 H -0.698536 3.938771 2.540944
 H -0.583341 5.443736 2.030635
 H -4.700338 0.977607 -3.197371
 H -6.123739 0.597032 -3.634905
 H 0.583667 -4.721682 -0.664032
 H 0.980786 -3.887039 0.587013
 H 3.660918 3.827569 -4.307399
 H 4.630598 2.800256 -4.988058
 H 3.265274 5.044457 4.990161
 H 2.768306 6.086797 5.968726
 H -5.777117 3.899812 -1.123575
 H -4.725823 4.591798 -2.056328
 H -0.014743 0.304893 -2.157571
 H -1.355611 0.826572 -1.667340
 H -2.973421 -3.155279 -2.104614
 H -2.619754 -4.234303 -1.103384
 H -3.382410 5.822899 2.877445
 H -2.629954 5.939380 4.242437
 H -1.483969 1.904133 3.567376
 H -2.261900 3.192663 3.492024
 H -2.204100 -1.084054 -0.431208
 H -2.969158 0.093066 0.192443
 H -2.475751 -2.214643 5.145840
 H -1.207428 -3.095005 5.168434
 H 1.554634 1.585689 5.330694
 H 0.154164 2.409320 5.468092
 H -5.286934 3.539300 2.262559
 H -3.874984 3.043785 1.628130
 H 3.380752 4.641586 -0.218742
 H 2.838704 4.125246 -1.526926
 H 3.627306 -5.829610 -3.825782
 H 2.200376 -5.194168 -3.878238
 H -2.480928 3.894342 -3.013583
 H -1.982598 4.233662 -1.649822
 H 5.996108 -0.150072 5.884555
 H 4.649821 0.337529 5.282916
 H -2.712334 -0.635454 2.285853
 H -3.792689 0.510401 2.624501
 H 0.005997 -3.127150 -2.384700
 H -0.388485 -2.050122 -1.459153
 H 0.390964 -3.335514 -4.590641
 H 0.794500 -3.049059 -6.046172
 H 4.947173 -5.647668 4.943262
 H 6.513431 -5.677880 4.841545
 H 5.759348 -3.450527 0.355540
 H 4.691474 -2.398135 0.391777
 H 4.559488 -0.276186 1.543229
 H 4.051837 -0.285728 3.069655
 H 1.370063 3.839846 -5.153619
 H 1.640278 5.161848 -4.290247
 H -0.978850 -6.580397 0.015891
 H -1.334940 -5.123767 0.611493
 H -5.407027 -1.979909 -6.534531
 H -4.720724 -0.965765 -5.441873
 H -4.001479 2.137205 -1.021718
 H -4.788552 1.429544 0.059149
 H 5.835955 2.362983 -2.707290
 H 4.347767 1.977503 -2.417001
 H 3.694708 -0.320560 -0.637955
 H 2.786236 0.370986 -1.758606
 H -6.106786 -0.773844 1.582346
 H -4.856937 -1.567323 2.038629
 H 0.957197 3.494451 1.400382
 H 2.274022 2.787153 0.806979
K_POINTS
 1
0.0 0.0 0.0 1.0