
&control
    calculation='scf'
    pseudo_dir = './',
    outdir='./outputs',
    disk_io='high'
/
&system
    ibrav= 1, celldm(1)=20.000000, nat=  192, ntyp= 2,
    ecutwfc = 30.0, nosym=.true., occupations='smearing',
    smearing='m-v', degauss=0.025
/
&electrons
    conv_thr =  1.0d-8,
    mixing_beta = 0.7
/
&ions
    pot_extrapolation='second-order'
    wfc_extrapolation='second-order'
    ion_temperature = 'andersen'
    tempw = 1000

/
ATOMIC_SPECIES
 H  1.01  H.blyp-hgh.UPF
 O  16.0  O.blyp-hgh.UPF
ATOMIC_POSITIONS bohr
 O -5.258122 -1.462047 -1.234384
 O 2.807458 -2.662564 6.108352
 O -5.399586 6.374370 -5.386086
 O 1.061987 3.341628 -0.973272
 O -5.058568 1.425004 3.425298
 O -0.268601 6.185601 5.974288
 O -0.980041 -5.352321 -2.512376
 O 2.848490 1.069038 4.457097
 O -2.721356 -6.296663 5.792035
 O 2.358834 -2.505873 3.221887
 O 2.410082 -6.453724 2.624187
 O -3.446069 -3.659228 4.220721
 O -4.811416 -6.900419 0.709174
 O -3.855743 -4.996851 -3.560225
 O 2.687250 -3.535618 -2.085835
 O -2.091296 2.776253 -0.798413
 O -1.481574 -3.012235 2.188238
 O 0.678534 -4.689563 3.469524
 O 4.673646 -4.452799 -4.779672
 O 5.304133 4.731508 2.183560
 O 5.150831 -3.854066 3.554449
 O -2.569134 -2.390618 -3.330732
 O -1.252280 3.013294 -4.485579
 O 4.219053 1.813021 2.299589
 O 2.899349 1.179543 -3.680110
 O -4.450420 2.904398 -5.496529
 O 5.087138 -5.743156 -0.499356
 O 1.063685 -0.257545 -5.720874
 O -2.013169 0.622332 -5.099898
 O 1.042681 -0.956757 1.591136
 O 5.713518 -2.052863 -3.978997
 O 4.412297 -0.169782 -1.031676
 O 0.447107 4.231208 4.039466
 O -4.497193 0.683255 -3.536244
 O 0.215655 -3.785844 -0.675592
 O 5.049321 4.155937 -6.292977
 O 3.000395 6.469662 5.673019
 O -5.423036 5.201782 -2.475602
 O -0.055289 1.106094 -2.534431
 O -3.831035 -3.879135 -1.078923
 O -2.999762 5.620888 3.066762
 O -2.304871 3.343264 4.266587
 O -1.645434 -1.864685 -0.472550
 O -1.391947 -1.622188 5.305586
 O 0.232287 1.975952 5.845854
 O -4.874483 2.914194 1.552459
 O 3.520633 4.543669 -1.761606
 O 1.617210 -5.737551 -3.978831
 O -3.148725 4.407741 -3.129299
 O 4.865388 0.824488 6.599139
 O -1.722837 0.836314 2.113734
 O 0.024857 -1.741857 -3.774783
 O 0.189742 -3.632074 -5.916778
 O 6.687409 -6.014666 4.003596
 O 3.654048 -2.940821 1.053685
 O 5.894700 -0.864603 2.939834
 O 1.551180 3.750997 -4.333875
 O -1.531842 -6.895983 0.052138
 O -5.160256 -1.644863 -6.296904
 O -4.306988 1.500724 -0.935803
 O 5.302540 3.656480 -3.733878
 O 1.688033 -0.663777 -1.534362
 O -4.727145 -3.340472 1.740224
 O 1.765139 2.939571 1.677250
 H -4.583765 -2.051517 -0.842367
 H -4.954628 -0.576023 -1.510113
 H 2.724172 -1.675551 6.181877
 H 2.466328 -2.771645 5.183450
 H -5.866551 5.757334 -4.782230
 H -5.056490 7.000480 -4.683641
 H 1.191721 2.364170 -0.987751
 H 1.927336 3.714374 -1.302589
 H -5.559712 0.667925 2.983115
 H -4.762514 1.065404 4.281886
 H -0.159166 7.021102 5.449596
 H 0.228614 6.476102 6.775277
 H -0.858245 -6.052932 -1.833960
 H -0.073446 -5.240905 -2.851755
 H 3.122214 1.481354 3.586910
 H 2.060681 1.536894 4.777905
 H -3.457834 -6.942018 5.901438
 H -1.989506 -6.620957 6.345925
 H 1.766830 -1.728713 3.238438
 H 3.078688 -2.511661 2.558981
 H 1.936505 -7.314587 2.711630
 H 1.612104 -5.830594 2.671259
 H -3.119280 -4.233550 4.926020
 H -3.955574 -4.125622 3.540011
 H -5.176619 -7.816200 0.732882
 H -4.600475 -6.863930 -0.253901
 H -3.349300 -4.130253 -3.550644
 H -3.123050 -5.639274 -3.503388
 H 2.881252 -2.621684 -2.350249
 H 1.876089 -3.430591 -1.531446
 H -2.197468 2.906963 -1.769792
 H -1.201954 3.180008 -0.853883
 H -2.074636 -2.950755 1.405514
 H -0.720246 -2.428939 1.968885
 H 1.285300 -3.933162 3.664804
 H -0.171651 -4.307420 3.166741
 H 5.456054 -5.019746 -5.092299
 H 4.376262 -3.864234 -5.518840
 H 4.385269 5.075829 2.315392
 H 5.894706 5.382549 2.675309
 H 5.974138 -3.375948 3.308906
 H 4.705502 -3.358234 4.267772
 H -1.627365 -2.079921 -3.478878
 H -3.066145 -1.930443 -4.031053
 H -0.370119 3.412493 -4.637126
 H -1.258682 2.037309 -4.368882
 H 4.332390 2.776405 2.139562
 H 3.352512 1.704103 1.839628
 H 2.102820 0.731934 -4.003741
 H 2.489493 2.075826 -3.661972
 H -5.094011 2.651947 -6.179326
 H -4.254308 2.155683 -4.883511
 H 5.240922 -6.218069 0.354746
 H 5.970465 -5.803590 -0.918452
 H 0.991374 -0.604079 -6.631207
 H 0.697437 0.673979 -5.932611
 H -1.845602 0.091998 -5.919100
 H -2.687083 0.176602 -4.542752
 H 1.047293 0.011340 1.743485
 H 1.623721 -1.108230 0.817930
 H 5.345575 -2.964622 -3.834798
 H 5.584358 -1.551551 -3.160891
 H 4.938627 0.609528 -0.800796
 H 5.110069 -0.846220 -0.964132
 H 0.679576 4.940328 4.699518
 H -0.399377 4.680091 3.757906
 H -4.864692 1.343143 -2.906707
 H -4.957324 0.675910 -4.402944
 H -0.729955 -3.806560 -0.889874
 H 0.297812 -3.325217 0.172112
 H 4.682248 5.006984 -6.613135
 H 5.468925 3.762209 -7.085165
 H 2.789255 6.290399 4.730962
 H 3.183340 7.422052 5.781151
 H -6.133695 4.584947 -2.813606
 H -4.623753 4.669804 -2.373382
 H -0.900770 0.619805 -2.373042
 H -0.361988 2.033913 -2.498325
 H -4.578396 -3.865367 -1.714587
 H -4.147177 -4.675232 -0.621864
 H -3.691525 5.928949 2.454711
 H -2.950501 6.226674 3.838029
 H -2.996280 4.017394 4.108984
 H -2.806238 2.578571 4.605321
 H -1.878702 -2.356247 -1.284019
 H -2.369049 -1.215307 -0.379400
 H -1.752185 -2.151639 4.563954
 H -0.962173 -2.344414 5.853703
 H 0.654858 2.786337 5.438688
 H -0.628666 2.310932 6.207063
 H -5.151317 2.147263 2.070239
 H -4.174994 3.194828 2.179329
 H 3.685368 5.357075 -1.226682
 H 4.344629 4.492320 -2.288777
 H 2.421657 -5.946391 -4.518828
 H 2.031580 -5.371396 -3.158221
 H -3.274095 4.159370 -4.067533
 H -2.446775 5.100180 -3.060099
 H 4.416940 0.774632 7.469897
 H 4.171161 1.138240 5.989477
 H -1.715351 0.044793 1.563735
 H -2.549181 0.867701 2.590701
 H 0.722278 -1.800510 -3.093455
 H 0.361470 -1.015915 -4.417448
 H -0.182955 -3.760489 -5.004033
 H 1.022386 -3.129282 -5.698218
 H 6.596314 -6.137039 4.990272
 H 6.028175 -5.262130 3.878938
 H 4.011364 -3.857880 1.033322
 H 3.093735 -2.926003 0.245691
 H 5.376222 -1.148798 2.174004
 H 5.314509 -0.639356 3.694451
 H 1.672363 4.012347 -5.276789
 H 1.473562 4.667326 -3.901527
 H -1.470701 -6.944576 1.032302
 H -2.506829 -7.019450 -0.016080
 H -5.476735 -1.745956 -5.376854
 H -4.582284 -2.420153 -6.469551
 H -3.566729 1.222619 -0.354557
 H -4.237014 2.429103 -0.634588
 H 4.868096 3.715487 -4.633813
 H 4.932863 2.953827 -3.189536
 H 2.608894 -0.341418 -1.462166
 H 1.295428 -0.097168 -2.233401
 H -5.535900 -3.119657 1.223298
 H -4.399147 -2.433395 1.923432
 H 1.231876 3.478539 2.311465
 H 1.605945 3.354770 0.777814
K_POINTS
 1
0.0 0.0 0.0 1.0