
&control
    calculation='scf'
    pseudo_dir = './',
    outdir='./outputs',
    disk_io='high'
/
&system
    ibrav= 1, celldm(1)=20.000000, nat=  192, ntyp= 2,
    ecutwfc = 30.0, nosym=.true., occupations='smearing',
    smearing='m-v', degauss=0.025
/
&electrons
    conv_thr =  1.0d-8,
    mixing_beta = 0.7
/
&ions
    pot_extrapolation='second-order'
    wfc_extrapolation='second-order'
    ion_temperature = 'andersen'
    tempw = 1000

/
ATOMIC_SPECIES
 H  1.01  H.blyp-hgh.UPF
 O  16.0  O.blyp-hgh.UPF
ATOMIC_POSITIONS bohr
 O -5.257906 -1.463436 -1.227184
 O 2.802506 -2.664264 6.114049
 O -5.399216 6.377415 -5.381943
 O 1.063292 3.335357 -0.974434
 O -5.059754 1.427092 3.426453
 O -0.265724 6.181792 5.971262
 O -0.986187 -5.352677 -2.511679
 O 2.852165 1.073016 4.458527
 O -2.721114 -6.302572 5.786421
 O 2.351977 -2.505550 3.229522
 O 2.411302 -6.458374 2.619664
 O -3.444108 -3.659950 4.218056
 O -4.811429 -6.904794 0.705608
 O -3.860742 -4.991152 -3.561973
 O 2.683157 -3.539194 -2.082275
 O -2.092559 2.782160 -0.802956
 O -1.482805 -3.011029 2.179549
 O 0.678125 -4.696649 3.469297
 O 4.673401 -4.451927 -4.782941
 O 5.301971 4.731176 2.185586
 O 5.152851 -3.857570 3.557431
 O -2.566051 -2.386637 -3.324911
 O -1.252173 3.015885 -4.485403
 O 4.222310 1.811867 2.291432
 O 2.897852 1.179325 -3.676331
 O -4.451715 2.912225 -5.494121
 O 5.086715 -5.743204 -0.493500
 O 1.058797 -0.255640 -5.726143
 O -2.019408 0.626144 -5.099188
 O 1.038820 -0.958465 1.597563
 O 5.713165 -2.057183 -3.977842
 O 4.409316 -0.170691 -1.040010
 O 0.447431 4.234940 4.038226
 O -4.496792 0.681827 -3.530657
 O 0.208125 -3.785563 -0.680326
 O 5.053306 4.159198 -6.307240
 O 3.013531 6.472782 5.679185
 O -5.422322 5.203834 -2.479257
 O -0.051862 1.103486 -2.537227
 O -3.833737 -3.877541 -1.075418
 O -2.997329 5.620489 3.068666
 O -2.312895 3.345527 4.262734
 O -1.645699 -1.868265 -0.471881
 O -1.391716 -1.621790 5.304408
 O 0.237078 1.971632 5.850068
 O -4.873205 2.912430 1.554572
 O 3.525468 4.547146 -1.763625
 O 1.610562 -5.737326 -3.977608
 O -3.151250 4.409382 -3.128821
 O 4.873584 0.827372 6.598397
 O -1.717788 0.841557 2.110030
 O 0.025305 -1.740984 -3.776101
 O 0.193895 -3.635855 -5.917664
 O 6.695158 -6.018456 3.999109
 O 3.656598 -2.936053 1.060025
 O 5.896318 -0.870300 2.942711
 O 1.545820 3.751794 -4.332302
 O -1.533244 -6.905746 0.061585
 O -5.154696 -1.641116 -6.306268
 O -4.306201 1.503895 -0.929521
 O 5.306107 3.659472 -3.738623
 O 1.682871 -0.665991 -1.535070
 O -4.724671 -3.348114 1.749258
 O 1.765246 2.943999 1.686246
 H -4.593472 -2.065719 -0.836794
 H -4.944747 -0.588509 -1.518758
 H 2.717644 -1.676762 6.170024
 H 2.478279 -2.774230 5.183108
 H -5.875208 5.767139 -4.780587
 H -5.043939 7.002378 -4.685446
 H 1.215261 2.357510 -0.995426
 H 1.920104 3.726807 -1.295986
 H -5.538970 0.664715 2.982524
 H -4.737875 1.071698 4.278816
 H -0.162783 7.025644 5.456758
 H 0.210723 6.484312 6.782160
 H -0.848075 -6.059075 -1.839148
 H -0.081665 -5.247761 -2.859539
 H 3.138733 1.498314 3.599826
 H 2.055552 1.523706 4.771267
 H -3.444822 -6.959105 5.894808
 H -1.982532 -6.625232 6.332746
 H 1.768982 -1.714555 3.228153
 H 3.061351 -2.515545 2.565161
 H 1.908854 -7.302037 2.707177
 H 1.634551 -5.808219 2.668040
 H -3.137723 -4.226182 4.939511
 H -3.954213 -4.119170 3.538887
 H -5.178278 -7.816948 0.724945
 H -4.602233 -6.876162 -0.258096
 H -3.343645 -4.131416 -3.566330
 H -3.121260 -5.627270 -3.500912
 H 2.898910 -2.633131 -2.355252
 H 1.869286 -3.427839 -1.538994
 H -2.191208 2.938380 -1.775322
 H -1.199024 3.191685 -0.832010
 H -2.068907 -2.948997 1.402957
 H -0.710302 -2.430236 1.963254
 H 1.277991 -3.932445 3.665590
 H -0.176429 -4.311618 3.171991
 H 5.434839 -5.052603 -5.084047
 H 4.367456 -3.846317 -5.505186
 H 4.376994 5.051618 2.304010
 H 5.869257 5.383565 2.692362
 H 5.983813 -3.395302 3.308095
 H 4.710200 -3.354243 4.265792
 H -1.624314 -2.075832 -3.475044
 H -3.056179 -1.919136 -4.024962
 H -0.360248 3.387083 -4.647667
 H -1.265652 2.045015 -4.359546
 H 4.328132 2.774332 2.128294
 H 3.351225 1.693188 1.843643
 H 2.097920 0.741531 -4.001083
 H 2.504118 2.084204 -3.655813
 H -5.100071 2.655957 -6.175097
 H -4.281345 2.160659 -4.875473
 H 5.233468 -6.223652 0.358821
 H 5.973878 -5.799247 -0.907586
 H 0.963004 -0.599316 -6.637091
 H 0.677044 0.670667 -5.924904
 H -1.870225 0.103465 -5.922974
 H -2.675535 0.163894 -4.537374
 H 1.034495 0.014603 1.727525
 H 1.615962 -1.106706 0.821761
 H 5.331524 -2.970239 -3.852204
 H 5.588446 -1.553573 -3.160917
 H 4.926289 0.616141 -0.793820
 H 5.109246 -0.846400 -0.943944
 H 0.680203 4.945333 4.694993
 H -0.380166 4.679782 3.748538
 H -4.864192 1.361950 -2.919983
 H -4.943071 0.655243 -4.403893
 H -0.739459 -3.813516 -0.881592
 H 0.289114 -3.335829 0.173600
 H 4.696059 5.009974 -6.628977
 H 5.481634 3.749129 -7.083444
 H 2.801313 6.306877 4.735018
 H 3.185926 7.427427 5.775138
 H -6.156902 4.619306 -2.826812
 H -4.626206 4.662619 -2.382489
 H -0.901928 0.626568 -2.391076
 H -0.350188 2.032152 -2.481919
 H -4.575274 -3.866424 -1.718254
 H -4.147862 -4.690579 -0.651803
 H -3.686190 5.915814 2.441876
 H -2.971122 6.231837 3.840044
 H -3.000612 4.023137 4.098341
 H -2.819603 2.578863 4.584039
 H -1.870749 -2.349103 -1.291980
 H -2.356136 -1.203458 -0.389874
 H -1.749397 -2.157037 4.564982
 H -0.983386 -2.336087 5.877195
 H 0.673113 2.775507 5.441510
 H -0.636957 2.294339 6.201618
 H -5.154226 2.145195 2.070242
 H -4.154089 3.180568 2.168282
 H 3.691098 5.375086 -1.245616
 H 4.345893 4.512798 -2.299711
 H 2.421842 -5.936208 -4.512923
 H 2.026222 -5.370599 -3.155767
 H -3.254728 4.157039 -4.069443
 H -2.425617 5.084746 -3.071605
 H 4.427249 0.768783 7.472795
 H 4.182161 1.144074 5.994473
 H -1.712005 0.028342 1.585023
 H -2.536577 0.869117 2.594032
 H 0.718739 -1.808089 -3.091998
 H 0.357546 -0.993148 -4.391920
 H -0.176311 -3.722932 -4.997135
 H 1.021968 -3.121673 -5.708825
 H 6.588540 -6.117979 4.986594
 H 6.055815 -5.248769 3.864333
 H 4.008458 -3.855817 1.024431
 H 3.091740 -2.929090 0.256493
 H 5.384765 -1.146326 2.168024
 H 5.304071 -0.669328 3.696173
 H 1.672822 4.000835 -5.277335
 H 1.488223 4.662734 -3.890604
 H -1.488473 -6.954254 1.042769
 H -2.505743 -7.035212 -0.031671
 H -5.473387 -1.751144 -5.387290
 H -4.590343 -2.423728 -6.485527
 H -3.561006 1.226878 -0.354153
 H -4.232721 2.433541 -0.631292
 H 4.886390 3.734499 -4.644668
 H 4.926915 2.953964 -3.201910
 H 2.605575 -0.336088 -1.463580
 H 1.283343 -0.104212 -2.237917
 H -5.551771 -3.140696 1.257232
 H -4.409572 -2.437676 1.935250
 H 1.225122 3.481796 2.315012
 H 1.592060 3.347718 0.786111
K_POINTS
 1
0.0 0.0 0.0 1.0