
&control
    calculation='scf'
    pseudo_dir = './',
    outdir='./outputs',
    disk_io='high'
/
&system
    ibrav= 1, celldm(1)=20.000000, nat=  192, ntyp= 2,
    ecutwfc = 30.0, nosym=.true., occupations='smearing',
    smearing='m-v', degauss=0.025
/
&electrons
    conv_thr =  1.0d-8,
    mixing_beta = 0.7
/
&ions
    pot_extrapolation='second-order'
    wfc_extrapolation='second-order'
    ion_temperature = 'andersen'
    tempw = 1000

/
ATOMIC_SPECIES
 H  1.01  H.blyp-hgh.UPF
 O  16.0  O.blyp-hgh.UPF
ATOMIC_POSITIONS bohr
 O -5.258438 -1.465760 -1.215034
 O 2.793967 -2.666654 6.123127
 O -5.399488 6.382634 -5.374815
 O 1.065784 3.324564 -0.976341
 O -5.061717 1.429688 3.429052
 O -0.260040 6.175749 5.966589
 O -0.996501 -5.353825 -2.510551
 O 2.858421 1.079485 4.460881
 O -2.721655 -6.312532 5.777055
 O 2.339874 -2.505340 3.244262
 O 2.412907 -6.466209 2.612201
 O -3.440594 -3.660172 4.213995
 O -4.811085 -6.912008 0.698835
 O -3.868513 -4.980884 -3.565026
 O 2.676329 -3.545323 -2.076084
 O -2.093760 2.792341 -0.811601
 O -1.484182 -3.008757 2.165358
 O 0.677107 -4.708410 3.469185
 O 4.673128 -4.450732 -4.788417
 O 5.297936 4.730927 2.188938
 O 5.156223 -3.863552 3.562194
 O -2.560756 -2.379873 -3.315381
 O -1.252278 3.020978 -4.485160
 O 4.227365 1.809962 2.277434
 O 2.895132 1.179493 -3.669836
 O -4.453567 2.925394 -5.490100
 O 5.085975 -5.743228 -0.483308
 O 1.050635 -0.252218 -5.735160
 O -2.029873 0.632190 -5.098127
 O 1.032285 -0.960937 1.608309
 O 5.712533 -2.064627 -3.976021
 O 4.404728 -0.172184 -1.053791
 O 0.448272 4.241875 4.036284
 O -4.495960 0.679315 -3.521543
 O 0.196280 -3.785211 -0.688159
 O 5.059849 4.164676 -6.331195
 O 3.035573 6.477716 5.689468
 O -5.422355 5.207783 -2.484708
 O -0.046776 1.099100 -2.541952
 O -3.838986 -3.874923 -1.069556
 O -2.993017 5.619890 3.071648
 O -2.326477 3.348909 4.256399
 O -1.646325 -1.873881 -0.470564
 O -1.391143 -1.621475 5.302685
 O 0.245063 1.965194 5.856804
 O -4.870377 2.910264 1.557492
 O 3.533454 4.553401 -1.766681
 O 1.600106 -5.737250 -3.975298
 O -3.154694 4.412400 -3.127790
 O 4.887659 0.832091 6.597528
 O -1.708582 0.850408 2.103395
 O 0.026305 -1.739087 -3.778450
 O 0.200717 -3.641853 -5.918273
 O 6.707455 -6.024395 3.992176
 O 3.661150 -2.928490 1.070080
 O 5.899496 -0.879833 2.947657
 O 1.536751 3.753973 -4.329755
 O -1.536022 -6.921976 0.077572
 O -5.145053 -1.634912 -6.321968
 O -4.304899 1.509156 -0.918756
 O 5.311970 3.664642 -3.746448
 O 1.674533 -0.669907 -1.536316
 O -4.720999 -3.360336 1.764284
 O 1.765275 2.951766 1.701065
 H -4.607421 -2.088006 -0.829120
 H -4.924472 -0.610310 -1.532420
 H 2.709521 -1.680742 6.153242
 H 2.500242 -2.779276 5.181568
 H -5.888030 5.780761 -4.779267
 H -5.017906 7.004768 -4.690172
 H 1.253679 2.349465 -1.008821
 H 1.907590 3.747291 -1.285764
 H -5.504561 0.658886 2.986147
 H -4.698102 1.080953 4.272559
 H -0.169654 7.030666 5.468380
 H 0.180879 6.495885 6.792552
 H -0.832505 -6.067341 -1.846196
 H -0.095639 -5.258869 -2.874118
 H 3.167530 1.526561 3.624625
 H 2.045700 1.501856 4.759379
 H -3.422649 -6.985115 5.884736
 H -1.968448 -6.631822 6.308569
 H 1.776407 -1.691794 3.205767
 H 3.032557 -2.521026 2.570145
 H 1.865262 -7.280092 2.700032
 H 1.675991 -5.771152 2.663273
 H -3.170069 -4.218691 4.961521
 H -3.952815 -4.111895 3.537353
 H -5.182030 -7.820330 0.716721
 H -4.605961 -6.894783 -0.264046
 H -3.336456 -4.135134 -3.591922
 H -3.120276 -5.607387 -3.496895
 H 2.928251 -2.651309 -2.364384
 H 1.856032 -3.423831 -1.552564
 H -2.187549 2.989448 -1.783841
 H -1.193216 3.211700 -0.787788
 H -2.058596 -2.946351 1.397004
 H -0.697195 -2.432979 1.953562
 H 1.264954 -3.931240 3.663728
 H -0.183920 -4.318221 3.179678
 H 5.395750 -5.101942 -5.071769
 H 4.355523 -3.818565 -5.480393
 H 4.364607 5.012469 2.285481
 H 5.825191 5.382308 2.721516
 H 5.998715 -3.425532 3.308543
 H 4.719887 -3.346364 4.262193
 H -1.618830 -2.070265 -3.468969
 H -3.041022 -1.900368 -4.014327
 H -0.342360 3.341453 -4.662004
 H -1.275317 2.057195 -4.346334
 H 4.324193 2.771291 2.110971
 H 3.350235 1.675246 1.849801
 H 2.089541 0.753252 -3.999038
 H 2.531201 2.099563 -3.645639
 H -5.110379 2.661218 -6.165070
 H -4.327103 2.170757 -4.865529
 H 5.221267 -6.233015 0.364292
 H 5.977814 -5.793319 -0.890674
 H 0.914797 -0.593744 -6.645532
 H 0.645689 0.664335 -5.910308
 H -1.912077 0.120676 -5.927555
 H -2.656100 0.143517 -4.530089
 H 1.011866 0.018996 1.699991
 H 1.601594 -1.102815 0.827495
 H 5.309100 -2.977211 -3.882208
 H 5.595838 -1.557367 -3.159476
 H 4.904121 0.628998 -0.782050
 H 5.108150 -0.849089 -0.910465
 H 0.682175 4.952476 4.687784
 H -0.351110 4.674619 3.732023
 H -4.862690 1.391632 -2.944156
 H -4.922607 0.620694 -4.402275
 H -0.755339 -3.826766 -0.867886
 H 0.273054 -3.352944 0.176870
 H 4.717711 5.015747 -6.655655
 H 5.501698 3.727386 -7.080076
 H 2.821193 6.335195 4.740247
 H 3.189757 7.435470 5.764942
 H -6.190995 4.677532 -2.848276
 H -4.627532 4.649416 -2.401128
 H -0.900918 0.637233 -2.421043
 H -0.328484 2.030118 -2.455239
 H -4.567136 -3.865485 -1.728160
 H -4.145830 -4.717839 -0.696376
 H -3.677941 5.894132 2.421162
 H -3.005986 6.239088 3.842389
 H -3.006571 4.034539 4.078879
 H -2.840972 2.579368 4.549603
 H -1.859769 -2.336030 -1.306245
 H -2.334303 -1.184442 -0.408491
 H -1.746443 -2.164822 4.566041
 H -1.018563 -2.319602 5.914400
 H 0.697958 2.753856 5.446315
 H -0.648683 2.267246 6.191033
 H -5.161714 2.141829 2.069676
 H -4.119524 3.158516 2.147020
 H 3.700923 5.403682 -1.277017
 H 4.346205 4.545831 -2.319609
 H 2.419485 -5.917155 -4.503483
 H 2.016652 -5.368099 -3.153474
 H -3.221316 4.153132 -4.072531
 H -2.392693 5.054420 -3.092152
 H 4.443795 0.759529 7.475757
 H 4.198192 1.153915 6.000571
 H -1.706682 -0.000182 1.621152
 H -2.521125 0.871270 2.602393
 H 0.712329 -1.821348 -3.087914
 H 0.348450 -0.960474 -4.349096
 H -0.164358 -3.659710 -4.990088
 H 1.020586 -3.111009 -5.728624
 H 6.578666 -6.087206 4.977676
 H 6.103869 -5.228936 3.839544
 H 4.003918 -3.850938 1.010542
 H 3.089607 -2.933424 0.274370
 H 5.395813 -1.141234 2.158385
 H 5.286082 -0.719754 3.697008
 H 1.674468 3.980618 -5.275667
 H 1.513690 4.650352 -3.874374
 H -1.516536 -6.969605 1.059219
 H -2.501633 -7.062036 -0.058327
 H -5.470590 -1.760613 -5.403828
 H -4.604337 -2.428347 -6.513229
 H -3.551503 1.231679 -0.355298
 H -4.228926 2.441987 -0.626164
 H 4.918960 3.763984 -4.661440
 H 4.914665 2.951236 -3.224741
 H 2.600975 -0.327463 -1.466410
 H 1.262711 -0.114782 -2.241590
 H -5.576514 -3.178152 1.313594
 H -4.426222 -2.446292 1.956491
 H 1.214037 3.483911 2.320649
 H 1.567968 3.333925 0.802090
K_POINTS
 1
0.0 0.0 0.0 1.0