
&control
    calculation='scf'
    pseudo_dir = './',
    outdir='./outputs',
    disk_io='high'
/
&system
    ibrav= 1, celldm(1)=20.000000, nat=  192, ntyp= 2,
    ecutwfc = 30.0, nosym=.true., occupations='smearing',
    smearing='m-v', degauss=0.025
/
&electrons
    conv_thr =  1.0d-8,
    mixing_beta = 0.7
/
&ions
    pot_extrapolation='second-order'
    wfc_extrapolation='second-order'
    ion_temperature = 'andersen'
    tempw = 1000

/
ATOMIC_SPECIES
 H  1.01  H.blyp-hgh.UPF
 O  16.0  O.blyp-hgh.UPF
ATOMIC_POSITIONS bohr
 O -5.260559 -1.468672 -1.200089
 O 2.783343 -2.668864 6.133208
 O -5.401248 6.389161 -5.366138
 O 1.069211 3.310858 -0.978542
 O -5.063730 1.431576 3.433657
 O -0.251791 6.169105 5.961703
 O -1.008805 -5.356302 -2.509159
 O 2.866344 1.086867 4.463702
 O -2.723608 -6.324524 5.765886
 O 2.324042 -2.505180 3.265147
 O 2.414210 -6.475557 2.603361
 O -3.435736 -3.658866 4.210120
 O -4.810090 -6.920527 0.689392
 O -3.876771 -4.967417 -3.568926
 O 2.668341 -3.552982 -2.068388
 O -2.093351 2.805356 -0.823810
 O -1.484071 -3.005479 2.149309
 O 0.675209 -4.722112 3.469426
 O 4.672777 -4.449693 -4.794547
 O 5.292425 4.730778 2.192685
 O 5.160317 -3.871038 3.567482
 O -2.554092 -2.371490 -3.304306
 O -1.252632 3.028460 -4.484994
 O 4.232870 1.807637 2.260121
 O 2.891529 1.180635 -3.661735
 O -4.455489 2.941185 -5.485401
 O 5.085024 -5.743123 -0.470477
 O 1.040774 -0.247939 -5.746397
 O -2.042504 0.638987 -5.096985
 O 1.024290 -0.963047 1.621222
 O 5.711708 -2.074018 -3.974142
 O 4.400285 -0.173860 -1.069957
 O 0.450758 4.250727 4.034422
 O -4.494699 0.676137 -3.510790
 O 0.183151 -3.784911 -0.697361
 O 5.067518 4.171153 -6.359835
 O 3.062258 6.483282 5.701508
 O -5.424139 5.213465 -2.490133
 O -0.041452 1.093936 -2.547825
 O -3.846589 -3.872063 -1.062511
 O -2.987648 5.619484 3.074807
 O -2.343085 3.352444 4.248907
 O -1.647404 -1.880068 -0.468761
 O -1.390260 -1.621540 5.300994
 O 0.254358 1.958544 5.864564
 O -4.865745 2.908909 1.560062
 O 3.543125 4.561956 -1.769876
 O 1.588660 -5.737591 -3.971947
 O -3.157232 4.416584 -3.126524
 O 4.905299 0.837541 6.597322
 O -1.696484 0.860709 2.094502
 O 0.027857 -1.736176 -3.781322
 O 0.208603 -3.648446 -5.917433
 O 6.721177 -6.030721 3.984674
 O 3.667087 -2.920158 1.081292
 O 5.903843 -0.891416 2.953740
 O 1.525714 3.757436 -4.326733
 O -1.540002 -6.941382 0.097061
 O -5.133015 -1.627484 -6.340743
 O -4.303367 1.515498 -0.905414
 O 5.318817 3.671057 -3.755564
 O 1.665211 -0.674824 -1.537929
 O -4.717381 -3.374325 1.782302
 O 1.765088 2.961577 1.718588
 H -4.620726 -2.112061 -0.822826
 H -4.893830 -0.637491 -1.547919
 H 2.704084 -1.687263 6.138827
 H 2.529531 -2.787021 5.178249
 H -5.900377 5.792471 -4.779039
 H -4.979316 7.006003 -4.698049
 H 1.298093 2.346045 -1.025732
 H 1.892771 3.771685 -1.275054
 H -5.465431 0.648615 2.997022
 H -4.653440 1.090492 4.261798
 H -0.179276 7.032339 5.481126
 H 0.145299 6.505599 6.803129
 H -0.817121 -6.073209 -1.852532
 H -0.113261 -5.271070 -2.894708
 H 3.203809 1.560476 3.658516
 H 2.030688 1.476452 4.744038
 H -3.397123 -7.013809 5.874324
 H -1.947695 -6.638400 6.275393
 H 1.791716 -1.668347 3.171671
 H 3.000168 -2.527221 2.566598
 H 1.816913 -7.252346 2.692198
 H 1.731652 -5.728445 2.658319
 H -3.212094 -4.216527 4.985338
 H -3.953532 -4.109675 3.534894
 H -5.188494 -7.828444 0.715796
 H -4.611325 -6.913702 -0.270491
 H -3.331988 -4.140326 -3.621553
 H -3.122843 -5.585110 -3.491944
 H 2.962382 -2.672609 -2.375776
 H 1.836290 -3.418862 -1.569834
 H -2.192607 3.048356 -1.790537
 H -1.189091 3.234549 -0.723978
 H -2.048183 -2.943158 1.382638
 H -0.689208 -2.438510 1.941816
 H 1.247773 -3.930412 3.656604
 H -0.190816 -4.326825 3.187471
 H 5.343991 -5.150345 -5.061394
 H 4.346267 -3.790068 -5.449401
 H 4.349801 4.968430 2.264377
 H 5.771669 5.377878 2.758824
 H 6.014381 -3.457593 3.312106
 H 4.734684 -3.334641 4.257855
 H -1.611436 -2.065876 -3.461813
 H -3.025839 -1.878258 -4.000667
 H -0.319357 3.282822 -4.673702
 H -1.284839 2.069252 -4.333853
 H 4.324436 2.768601 2.092249
 H 3.350682 1.654332 1.856216
 H 2.079489 0.761618 -4.000168
 H 2.567552 2.118517 -3.633994
 H -5.122375 2.666449 -6.147937
 H -4.382266 2.186092 -4.858417
 H 5.207240 -6.244593 0.369090
 H 5.979363 -5.788325 -0.871941
 H 0.855693 -0.590692 -6.652160
 H 0.613215 0.656079 -5.890526
 H -1.962655 0.137571 -5.931892
 H -2.633469 0.120536 -4.522928
 H 0.982086 0.021769 1.666352
 H 1.582484 -1.097119 0.832452
 H 5.284731 -2.980551 -3.918618
 H 5.605227 -1.563567 -3.155339
 H 4.873483 0.644164 -0.768866
 H 5.105205 -0.853480 -0.871348
 H 0.686152 4.959661 4.680450
 H -0.329331 4.665247 3.707852
 H -4.859763 1.423388 -2.976860
 H -4.903558 0.579513 -4.395486
 H -0.774429 -3.845611 -0.852044
 H 0.251770 -3.372853 0.181561
 H 4.741385 5.024725 -6.689455
 H 5.524170 3.701886 -7.076562
 H 2.844495 6.368663 4.744781
 H 3.194131 7.444584 5.754133
 H -6.222581 4.746996 -2.872372
 H -4.628284 4.632712 -2.429977
 H -0.897347 0.647722 -2.456346
 H -0.299123 2.029321 -2.423984
 H -4.552480 -3.859171 -1.746360
 H -4.137525 -4.752557 -0.741222
 H -3.667684 5.867842 2.398996
 H -3.048239 6.244624 3.842297
 H -3.011118 4.050689 4.052746
 H -2.865833 2.579482 4.510224
 H -1.850009 -2.318293 -1.324249
 H -2.307762 -1.162632 -0.432446
 H -1.745143 -2.172400 4.567080
 H -1.060111 -2.296254 5.954743
 H 0.718009 2.723675 5.452242
 H -0.657214 2.236682 6.174560
 H -5.174235 2.139330 2.067882
 H -4.080098 3.134067 2.116426
 H 3.712228 5.434428 -1.313949
 H 4.342964 4.582254 -2.346133
 H 2.412247 -5.891310 -4.493747
 H 2.003529 -5.363072 -3.153519
 H -3.180698 4.147409 -4.075106
 H -2.358195 5.010715 -3.117331
 H 4.462986 0.749378 7.475149
 H 4.212519 1.166276 6.003608
 H -1.700129 -0.032922 1.667166
 H -2.510298 0.874081 2.616805
 H 0.703814 -1.838377 -3.080330
 H 0.333948 -0.929598 -4.299071
 H -0.149000 -3.584030 -4.989076
 H 1.019107 -3.101329 -5.756509
 H 6.572163 -6.052890 4.963697
 H 6.164269 -5.210263 3.809059
 H 3.999893 -3.842963 0.996484
 H 3.087822 -2.936056 0.294541
 H 5.404895 -1.133353 2.148353
 H 5.264729 -0.780541 3.694234
 H 1.677959 3.956147 -5.269933
 H 1.545312 4.630313 -3.858491
 H -1.548298 -6.986684 1.077533
 H -2.492812 -7.095123 -0.090586
 H -5.471553 -1.772923 -5.423419
 H -4.621334 -2.432367 -6.548533
 H -3.540186 1.233943 -0.359511
 H -4.229757 2.452898 -0.620549
 H 4.960680 3.795071 -4.679884
 H 4.897002 2.945069 -3.257045
 H 2.594535 -0.318609 -1.470994
 H 1.237892 -0.125783 -2.238760
 H -5.603088 -3.226552 1.380508
 H -4.445015 -2.458314 1.984257
 H 1.200767 3.481472 2.328132
 H 1.537827 3.314640 0.823230
K_POINTS
 1
0.0 0.0 0.0 1.0