
&control
    calculation='scf'
    pseudo_dir = './',
    outdir='./outputs',
    disk_io='high'
/
&system
    ibrav= 1, celldm(1)=20.000000, nat=  192, ntyp= 2,
    ecutwfc = 30.0, nosym=.true., occupations='smearing',
    smearing='m-v', degauss=0.025
/
&electrons
    conv_thr =  1.0d-8,
    mixing_beta = 0.7
/
&ions
    pot_extrapolation='second-order'
    wfc_extrapolation='second-order'
    ion_temperature = 'andersen'
    tempw = 1000

/
ATOMIC_SPECIES
 H  1.01  H.blyp-hgh.UPF
 O  16.0  O.blyp-hgh.UPF
ATOMIC_POSITIONS bohr
 O -5.262797 -1.470686 -1.189857
 O 2.776100 -2.670043 6.139350
 O -5.403230 6.393699 -5.360438
 O 1.071727 3.301264 -0.979948
 O -5.064704 1.432233 3.437799
 O -0.245485 6.165051 5.958949
 O -1.016836 -5.358699 -2.508195
 O 2.871910 1.091525 4.465667
 O -2.725490 -6.332424 5.758547
 O 2.312814 -2.504890 3.280705
 O 2.414783 -6.481646 2.597522
 O -3.432050 -3.657222 4.208335
 O -4.809131 -6.926185 0.682406
 O -3.881621 -4.957864 -3.571671
 O 2.663239 -3.558234 -2.063185
 O -2.091785 2.814636 -0.832984
 O -1.482766 -3.002969 2.139395
 O 0.673471 -4.730832 3.469782
 O 4.672374 -4.449196 -4.798037
 O 5.288364 4.730595 2.194892
 O 5.163091 -3.876236 3.570716
 O -2.549450 -2.365710 -3.297191
 O -1.252775 3.034258 -4.484987
 O 4.236276 1.806041 2.248344
 O 2.888897 1.181949 -3.656188
 O -4.456704 2.951624 -5.482423
 O 5.084316 -5.742930 -0.461641
 O 1.034133 -0.245159 -5.754160
 O -2.050953 0.643251 -5.096286
 O 1.018880 -0.963813 1.629796
 O 5.711144 -2.080506 -3.973130
 O 4.398208 -0.174906 -1.080353
 O 0.453728 4.256608 4.033564
 O -4.493699 0.673932 -3.503672
 O 0.174945 -3.784743 -0.703292
 O 5.072487 4.175359 -6.378669
 O 3.080128 6.486837 5.709121
 O -5.426124 5.217820 -2.493024
 O -0.038182 1.090691 -2.551915
 O -3.852502 -3.870575 -1.057788
 O -2.984086 5.619493 3.076577
 O -2.354327 3.354558 4.243953
 O -1.648361 -1.883879 -0.467545
 O -1.389636 -1.621738 5.300049
 O 0.260194 1.954522 5.869681
 O -4.861906 2.908708 1.561231
 O 3.549736 4.568442 -1.771779
 O 1.581660 -5.738045 -3.969297
 O -3.157825 4.419675 -3.125925
 O 4.917467 0.841062 6.597666
 O -1.688156 0.867046 2.088081
 O 0.029053 -1.733991 -3.783087
 O 0.213588 -3.652426 -5.915895
 O 6.729747 -6.034394 3.980066
 O 3.671297 -2.915073 1.088248
 O 5.906869 -0.899280 2.957797
 O 1.518291 3.759810 -4.324682
 O -1.542953 -6.954236 0.110157
 O -5.124830 -1.622515 -6.353034
 O -4.302387 1.519781 -0.896320
 O 5.323206 3.675363 -3.761370
 O 1.659558 -0.678186 -1.539036
 O -4.715468 -3.383372 1.794310
 O 1.764884 2.968280 1.730138
 H -4.627880 -2.126254 -0.820541
 H -4.869988 -0.656357 -1.557752
 H 2.702811 -1.691466 6.133027
 H 2.550556 -2.793297 5.175471
 H -5.906513 5.797548 -4.779048
 H -4.950123 7.005385 -4.704302
 H 1.326624 2.347480 -1.037423
 H 1.883331 3.787858 -1.268889
 H -5.441704 0.638372 3.007382
 H -4.625909 1.096170 4.252323
 H -0.186431 7.031131 5.488279
 H 0.122039 6.509262 6.809182
 H -0.809366 -6.074391 -1.855632
 H -0.125947 -5.278235 -2.910433
 H 3.228772 1.583214 3.682695
 H 2.018876 1.460016 4.733016
 H -3.382004 -7.032608 5.868493
 H -1.931940 -6.641632 6.250296
 H 1.805197 -1.656075 3.145780
 H 2.979830 -2.532141 2.559433
 H 1.786913 -7.233086 2.687584
 H 1.771760 -5.702015 2.655316
 H -3.242320 -4.218094 4.998138
 H -3.955449 -4.111892 3.532848
 H -5.193801 -7.835860 0.720767
 H -4.615197 -6.924134 -0.275283
 H -3.331405 -4.142474 -3.640645
 H -3.126836 -5.572190 -3.488313
 H 2.983695 -2.687482 -2.382944
 H 1.820838 -3.414823 -1.581817
 H -2.200301 3.086105 -1.791638
 H -1.190757 3.247896 -0.676898
 H -2.043602 -2.940836 1.367096
 H -0.688749 -2.443601 1.933955
 H 1.235513 -3.930403 3.649231
 H -0.193636 -4.333696 3.191900
 H 5.307727 -5.175490 -5.058235
 H 4.343073 -3.774441 -5.429626
 H 4.338882 4.941241 2.251144
 H 5.736678 5.374250 2.785717
 H 6.023412 -3.475955 3.316274
 H 4.746472 -3.325411 4.255168
 H -1.605913 -2.064434 -3.456959
 H -3.017787 -1.863981 -3.990873
 H -0.304117 3.242447 -4.678036
 H -1.290839 2.075339 -4.327261
 H 4.327340 2.767345 2.080797
 H 3.351651 1.640953 1.859811
 H 2.073603 0.765086 -4.002585
 H 2.593482 2.130268 -3.626888
 H -5.130021 2.670050 -6.133839
 H -4.418479 2.198063 -4.855656
 H 5.198433 -6.252770 0.371662
 H 5.978556 -5.786242 -0.860245
 H 0.815779 -0.590622 -6.653702
 H 0.595024 0.650671 -5.876393
 H -1.996067 0.146379 -5.935127
 H -2.619335 0.106193 -4.518351
 H 0.960370 0.021797 1.644259
 H 1.568881 -1.093455 0.834145
 H 5.270417 -2.979600 -3.942228
 H 5.611551 -1.569398 -3.151428
 H 4.850058 0.652270 -0.761344
 H 5.100870 -0.855207 -0.846576
 H 0.689638 4.964143 4.676766
 H -0.326149 4.659166 3.687911
 H -4.857211 1.441737 -3.000808
 H -4.894174 0.552499 -4.388378
 H -0.786772 -3.860055 -0.842152
 H 0.236769 -3.385997 0.184634
 H 4.755967 5.031922 -6.713694
 H 5.538256 3.685650 -7.075214
 H 2.859659 6.389455 4.747550
 H 3.197248 7.450875 5.748872
 H -6.237307 4.791740 -2.887056
 H -4.630842 4.622243 -2.453511
 H -0.895328 0.652633 -2.479210
 H -0.277645 2.029473 -2.403414
 H -4.539691 -3.851709 -1.761982
 H -4.127981 -4.775199 -0.766609
 H -3.659903 5.849860 2.386700
 H -3.076344 6.245994 3.839981
 H -3.012211 4.062417 4.033747
 H -2.882353 2.579135 4.485199
 H -1.845219 -2.305175 -1.336043
 H -2.289910 -1.148534 -0.449062
 H -1.745277 -2.176543 4.568246
 H -1.087174 -2.279197 5.978543
 H 0.725924 2.703121 5.455642
 H -0.658871 2.218205 6.160780
 H -5.184038 2.139628 2.065849
 H -4.055859 3.118496 2.093013
 H 3.718964 5.452271 -1.337593
 H 4.338252 4.603693 -2.365300
 H 2.405197 -5.872652 -4.489048
 H 1.993625 -5.358311 -3.154762
 H -3.154330 4.142366 -4.075419
 H -2.338208 4.978071 -3.133176
 H 4.475385 0.743226 7.472115
 H 4.219352 1.174623 6.003430
 H -1.695270 -0.051642 1.700183
 H -2.505179 0.876483 2.627770
 H 0.697483 -1.850329 -3.073970
 H 0.322745 -0.913245 -4.267747
 H -0.138553 -3.534448 -4.992557
 H 1.019256 -3.096536 -5.777937
 H 6.571059 -6.032124 4.953647
 H 6.205670 -5.201326 3.788265
 H 3.998732 -3.836826 0.989286
 H 3.086382 -2.935557 0.306579
 H 5.409307 -1.126878 2.143337
 H 5.251436 -0.820866 3.689934
 H 1.681367 3.940676 -5.264713
 H 1.566730 4.616208 -3.849759
 H -1.568778 -6.997228 1.089117
 H -2.484794 -7.117756 -0.111712
 H -5.474453 -1.781389 -5.437379
 H -4.632338 -2.434604 -6.573480
 H -3.532663 1.233680 -0.363868
 H -4.233342 2.459909 -0.617015
 H 4.989539 3.812851 -4.691624
 H 4.884206 2.940660 -3.282373
 H 2.588463 -0.314208 -1.474971
 H 1.221519 -0.131923 -2.232379
 H -5.618666 -3.260512 1.424442
 H -4.456904 -2.466765 2.003983
 H 1.191587 3.477381 2.334511
 H 1.517112 3.300619 0.837251
K_POINTS
 1
0.0 0.0 0.0 1.0