
&control
    calculation='scf'
    pseudo_dir = './',
    outdir='./outputs',
    disk_io='high'
/
&system
    ibrav= 1, celldm(1)=20.000000, nat=  192, ntyp= 2,
    ecutwfc = 30.0, nosym=.true., occupations='smearing',
    smearing='m-v', degauss=0.025
/
&electrons
    conv_thr =  1.0d-8,
    mixing_beta = 0.7
/
&ions
    pot_extrapolation='second-order'
    wfc_extrapolation='second-order'
    ion_temperature = 'andersen'
    tempw = 1000

/
ATOMIC_SPECIES
 H  1.01  H.blyp-hgh.UPF
 O  16.0  O.blyp-hgh.UPF
ATOMIC_POSITIONS bohr
 O -5.271356 -1.475920 -1.160722
 O 2.755858 -2.672784 6.153381
 O -5.411455 6.407160 -5.345873
 O 1.079543 3.273984 -0.983599
 O -5.065674 1.431808 3.453545
 O -0.225396 6.155055 5.953649
 O -1.037701 -5.368332 -2.505728
 O 2.887890 1.103419 4.472033
 O -2.732061 -6.353339 5.739165
 O 2.281177 -2.502503 3.327238
 O 2.415770 -6.497327 2.581545
 O -3.420663 -3.651258 4.206987
 O -4.805805 -6.942395 0.661233
 O -3.892606 -4.929956 -3.579822
 O 2.650110 -3.573016 -2.048679
 O -2.081990 2.842696 -0.861001
 O -1.475794 -2.995428 2.114777
 O 0.666702 -4.752706 3.471473
 O 4.669718 -4.448093 -4.803428
 O 5.275481 4.729538 2.199648
 O 5.170858 -3.891204 3.578483
 O -2.535942 -2.348910 -3.278937
 O -1.251200 3.052588 -4.485466
 O 4.245187 1.801445 2.215312
 O 2.880646 1.187363 -3.640608
 O -4.460133 2.979775 -5.475073
 O 5.081639 -5.741603 -0.436491
 O 1.015563 -0.238909 -5.776558
 O -2.074350 0.653524 -5.094853
 O 1.003890 -0.962965 1.652697
 O 5.709914 -2.098401 -3.971521
 O 4.396574 -0.177791 -1.106622
 O 0.466233 4.272387 4.031864
 O -4.490220 0.667320 -3.484267
 O 0.153724 -3.784236 -0.718268
 O 5.085374 4.186520 -6.428949
 O 3.129296 6.496577 5.727099
 O -5.433178 5.232091 -2.497679
 O -0.029568 1.083211 -2.564030
 O -3.872380 -3.869679 -1.044736
 O -2.974729 5.620710 3.079605
 O -2.385803 3.359581 4.230403
 O -1.652330 -1.893006 -0.464963
 O -1.388177 -1.622068 5.297785
 O 0.274046 1.943278 5.884385
 O -4.848728 2.910756 1.561992
 O 3.568868 4.589814 -1.776598
 O 1.564362 -5.740122 -3.960137
 O -3.154874 4.428676 -3.126608
 O 4.951870 0.850840 6.599281
 O -1.666724 0.880899 2.069691
 O 0.032634 -1.728256 -3.786148
 O 0.225863 -3.661473 -5.907918
 O 6.751640 -6.042527 3.968345
 O 3.683459 -2.902814 1.105179
 O 5.914766 -0.921764 2.968484
 O 1.497595 3.764129 -4.318638
 O -1.551546 -6.989064 0.146094
 O -5.102239 -1.608839 -6.384981
 O -4.300092 1.531759 -0.870942
 O 5.334169 3.686828 -3.775915
 O 1.646744 -0.688018 -1.541655
 O -4.712277 -3.407845 1.827434
 O 1.764348 2.986672 1.761409
 H -4.643309 -2.157645 -0.822053
 H -4.796493 -0.715561 -1.581081
 H 2.707020 -1.696481 6.133017
 H 2.612719 -2.813766 5.169040
 H -5.913176 5.802017 -4.776475
 H -4.863051 6.993973 -4.724399
 H 1.402289 2.360089 -1.071094
 H 1.858184 3.830629 -1.255072
 H -5.389170 0.594412 3.045478
 H -4.558705 1.109692 4.220422
 H -0.208097 7.022358 5.498542
 H 0.062503 6.507648 6.824192
 H -0.799195 -6.067649 -1.858495
 H -0.167513 -5.293299 -2.961348
 H 3.298211 1.646501 3.751568
 H 1.985895 1.414892 4.696696
 H -3.351776 -7.087618 5.857605
 H -1.884419 -6.644110 6.166583
 H 1.848652 -1.637350 3.070102
 H 2.922051 -2.555446 2.534678
 H 1.712459 -7.176873 2.678168
 H 1.890271 -5.642883 2.647219
 H -3.333561 -4.228045 5.013868
 H -3.961687 -4.126268 3.530223
 H -5.208693 -7.857170 0.755812
 H -4.626606 -6.945216 -0.295256
 H -3.336815 -4.133713 -3.691071
 H -3.145895 -5.549177 -3.475400
 H 3.031861 -2.735761 -2.397497
 H 1.773647 -3.398633 -1.618300
 H -2.230635 3.184709 -1.779267
 H -1.223211 3.273661 -0.542757
 H -2.036489 -2.933951 1.306314
 H -0.698951 -2.457431 1.910663
 H 1.200685 -3.931651 3.620835
 H -0.195409 -4.359410 3.200338
 H 5.209211 -5.217720 -5.070222
 H 4.343390 -3.745300 -5.388414
 H 4.304004 4.875876 2.218341
 H 5.645439 5.363136 2.867449
 H 6.042708 -3.512522 3.334268
 H 4.786475 -3.295417 4.248608
 H -1.587762 -2.066608 -3.443152
 H -3.004498 -1.827750 -3.960052
 H -0.270440 3.133181 -4.675198
 H -1.311716 2.087118 -4.315130
 H 4.344357 2.764428 2.052340
 H 3.354692 1.608056 1.866406
 H 2.066403 0.774512 -4.012513
 H 2.666428 2.153927 -3.611912
 H -5.151652 2.684015 -6.090368
 H -4.511310 2.235332 -4.849058
 H 5.177297 -6.278617 0.378789
 H 5.971373 -5.785305 -0.831381
 H 0.705406 -0.597369 -6.643845
 H 0.559649 0.639394 -5.836075
 H -2.084672 0.162184 -5.947202
 H -2.585723 0.071948 -4.503614
 H 0.891930 0.014692 1.589037
 H 1.528155 -1.087450 0.831866
 H 5.239265 -2.967557 -3.999109
 H 5.627943 -1.596095 -3.138496
 H 4.774037 0.661701 -0.747851
 H 5.074764 -0.847625 -0.787547
 H 0.700032 4.978612 4.672376
 H -0.354456 4.641500 3.623688
 H -4.849141 1.480545 -3.072586
 H -4.881374 0.481228 -4.360453
 H -0.814975 -3.907591 -0.819772
 H 0.194765 -3.422674 0.190029
 H 4.793831 5.052206 -6.788382
 H 5.572694 3.647368 -7.077269
 H 2.899986 6.434287 4.758923
 H 3.208042 7.469815 5.747640
 H -6.253002 4.901373 -2.921420
 H -4.657068 4.602780 -2.536107
 H -0.897751 0.657419 -2.538526
 H -0.212292 2.028458 -2.347380
 H -4.491274 -3.820049 -1.814681
 H -4.084673 -4.822527 -0.823279
 H -3.633800 5.798219 2.364458
 H -3.151584 6.240300 3.824948
 H -3.005915 4.095151 3.975922
 H -2.929037 2.577982 4.420866
 H -1.836726 -2.264779 -1.363208
 H -2.239739 -1.110874 -0.494492
 H -1.748262 -2.185587 4.576142
 H -1.157742 -2.231153 6.030797
 H 0.732559 2.660738 5.455514
 H -0.649987 2.179515 6.111120
 H -5.212951 2.152776 2.056816
 H -3.998760 3.076601 2.019293
 H 3.732553 5.490879 -1.394320
 H 4.314038 4.646616 -2.423561
 H 2.380999 -5.817514 -4.488518
 H 1.962309 -5.337784 -3.158469
 H -3.091184 4.120390 -4.067878
 H -2.289760 4.882851 -3.165963
 H 4.506035 0.728389 7.457069
 H 4.234376 1.193870 6.000555
 H -1.677587 -0.082265 1.800604
 H -2.482111 0.887987 2.652930
 H 0.675901 -1.884079 -3.054499
 H 0.290440 -0.877670 -4.195916
 H -0.111600 -3.404869 -5.014573
 H 1.029255 -3.089482 -5.849947
 H 6.580225 -5.985480 4.931002
 H 6.320096 -5.190137 3.728474
 H 4.005120 -3.820276 0.980483
 H 3.079442 -2.922281 0.332554
 H 5.419396 -1.103683 2.138769
 H 5.222391 -0.928455 3.668993
 H 1.696687 3.906122 -5.250878
 H 1.626672 4.588555 -3.829454
 H -1.625063 -7.022634 1.120016
 H -2.456743 -7.182807 -0.165413
 H -5.489140 -1.803917 -5.485006
 H -4.659923 -2.440087 -6.648099
 H -3.511803 1.228682 -0.381005
 H -4.253413 2.474774 -0.606692
 H 5.070578 3.848549 -4.724073
 H 4.849016 2.933619 -3.370029
 H 2.562818 -0.309788 -1.490181
 H 1.176050 -0.140610 -2.199084
 H -5.651283 -3.358084 1.541078
 H -4.488215 -2.489198 2.062269
 H 1.163011 3.459343 2.362730
 H 1.458042 3.259504 0.869624
K_POINTS
 1
0.0 0.0 0.0 1.0