
&control
    calculation='scf'
    pseudo_dir = './',
    outdir='./outputs',
    disk_io='high'
/
&system
    ibrav= 1, celldm(1)=20.000000, nat=  192, ntyp= 2,
    ecutwfc = 30.0, nosym=.true., occupations='smearing',
    smearing='m-v', degauss=0.025
/
&electrons
    conv_thr =  1.0d-8,
    mixing_beta = 0.7
/
&ions
    pot_extrapolation='second-order'
    wfc_extrapolation='second-order'
    ion_temperature = 'andersen'
    tempw = 1000

/
ATOMIC_SPECIES
 H  1.01  H.blyp-hgh.UPF
 O  16.0  O.blyp-hgh.UPF
ATOMIC_POSITIONS bohr
 O -5.272236 -1.476327 -1.158031
 O 2.754013 -2.673026 6.154427
 O -5.412369 6.408466 -5.344664
 O 1.080319 3.271522 -0.983918
 O -5.065664 1.431581 3.455240
 O -0.223408 6.154199 5.953332
 O -1.039499 -5.369404 -2.505551
 O 2.889353 1.104453 4.472706
 O -2.732735 -6.355184 5.737478
 O 2.278372 -2.502145 3.331548
 O 2.415857 -6.498660 2.580090
 O -3.419600 -3.650712 4.207104
 O -4.805480 -6.943957 0.659212
 O -3.893454 -4.927331 -3.580607
 O 2.648954 -3.574380 -2.047334
 O -2.080734 2.845398 -0.863638
 O -1.475094 -2.994754 2.112640
 O 0.665959 -4.754542 3.471679
 O 4.669321 -4.447968 -4.803533
 O 5.274169 4.729430 2.200014
 O 5.171566 -3.892590 3.579123
 O -2.534670 -2.347316 -3.277377
 O -1.250837 3.054343 -4.485543
 O 4.246002 1.801014 2.212278
 O 2.879841 1.187947 -3.639178
 O -4.460461 2.982286 -5.474464
 O 5.081316 -5.741413 -0.434147
 O 1.013860 -0.238502 -5.778652
 O -2.076499 0.654312 -5.094785
 O 1.002540 -0.962674 1.654687
 O 5.709856 -2.099967 -3.971469
 O 4.396692 -0.178079 -1.108828
 O 0.467501 4.273835 4.031648
 O -4.489846 0.666657 -3.482526
 O 0.151844 -3.784187 -0.719510
 O 5.086482 4.187519 -6.433406
 O 3.133764 6.497501 5.728468
 O -5.433850 5.233561 -2.497845
 O -0.028804 1.082645 -2.565196
 O -3.874442 -3.869874 -1.043561
 O -2.973906 5.620889 3.079728
 O -2.388694 3.359978 4.229175
 O -1.652809 -1.893722 -0.464823
 O -1.388079 -1.622029 5.297580
 O 0.275147 1.942162 5.885797
 O -4.847385 2.911125 1.561855
 O 3.570672 4.592003 -1.777038
 O 1.562894 -5.740371 -3.959171
 O -3.154293 4.429486 -3.126888
 O 4.955022 0.851777 6.599383
 O -1.664991 0.881863 2.068043
 O 0.032957 -1.727829 -3.786243
 O 0.226874 -3.662147 -5.906948
 O 6.753556 -6.043165 3.967324
 O 3.684571 -2.901807 1.106548
 O 5.915421 -0.923881 2.969404
 O 1.495691 3.764273 -4.318048
 O -1.552319 -6.992190 0.149331
 O -5.100195 -1.607610 -6.387727
 O -4.299928 1.532844 -0.868634
 O 5.335068 3.687830 -3.777144
 O 1.645771 -0.688989 -1.541826
 O -4.712132 -3.410071 1.830467
 O 1.764307 2.988320 1.764208
 H -4.644566 -2.160018 -0.822689
 H -4.789709 -0.721748 -1.582781
 H 2.707849 -1.696305 6.134116
 H 2.618563 -2.815706 5.168772
 H -5.912947 5.801874 -4.775921
 H -4.855100 6.992021 -4.726388
 H 1.409142 2.361330 -1.074273
 H 1.855811 3.834258 -1.253966
 H -5.385335 0.589564 3.049604
 H -4.553031 1.110772 4.217504
 H -0.210135 7.021410 5.498629
 H 0.057556 6.506712 6.825609
 H -0.799020 -6.066504 -1.858205
 H -0.171900 -5.294343 -2.966457
 H 3.304382 1.652253 3.757881
 H 1.983379 1.410683 4.692796
 H -3.349774 -7.092881 5.856999
 H -1.880015 -6.643825 6.157828
 H 1.852604 -1.636647 3.063394
 H 2.916274 -2.558612 2.532997
 H 1.706221 -7.171499 2.677580
 H 1.901389 -5.638706 2.646437
 H -3.342258 -4.229071 5.013744
 H -3.961940 -4.127654 3.530512
 H -5.209796 -7.858698 0.760336
 H -4.627738 -6.946735 -0.297689
 H -3.337651 -4.131555 -3.695548
 H -3.148131 -5.548119 -3.473936
 H 3.035309 -2.740758 -2.398345
 H 1.769434 -3.396759 -1.622017
 H -2.233622 3.193459 -1.777218
 H -1.228342 3.275249 -0.530984
 H -2.035655 -2.933346 1.300376
 H -0.699915 -2.458149 1.908282
 H 1.197598 -3.931747 3.617828
 H -0.195410 -4.362258 3.200752
 H 5.200821 -5.219968 -5.073038
 H 4.343845 -3.743582 -5.386065
 H 4.300713 4.870592 2.215613
 H 5.637445 5.361872 2.875148
 H 6.044108 -3.514810 3.336301
 H 4.790622 -3.292495 4.248012
 H -1.585881 -2.067228 -3.441897
 H -3.003911 -1.824717 -3.956923
 H -0.268361 3.123812 -4.673880
 H -1.314243 2.088181 -4.314438
 H 4.346412 2.764081 2.049910
 H 3.354878 1.605458 1.866757
 H 2.066590 0.775756 -4.013502
 H 2.672836 2.155336 -3.610974
 H -5.153851 2.685736 -6.086528
 H -4.519025 2.238882 -4.848144
 H 5.175631 -6.281255 0.379530
 H 5.970559 -5.785541 -0.829025
 H 0.695387 -0.598449 -6.641933
 H 0.557464 0.638804 -5.832430
 H -2.092409 0.163221 -5.948404
 H -2.583038 0.069324 -4.502054
 H 0.885046 0.013631 1.584630
 H 1.524156 -1.087337 0.831263
 H 5.236953 -2.966138 -4.003439
 H 5.629297 -1.599431 -3.137268
 H 4.766495 0.661715 -0.747123
 H 5.071376 -0.845913 -0.782965
 H 0.700823 4.980238 4.672348
 H -0.358134 4.639297 3.618081
 H -4.848442 1.483343 -3.079302
 H -4.881096 0.475015 -4.357423
 H -0.816897 -3.912461 -0.818221
 H 0.191041 -3.426062 0.190209
 H 4.797288 5.053721 -6.795704
 H 5.575439 3.644551 -7.077884
 H 2.903558 6.437199 4.760410
 H 3.209233 7.471570 5.748705
 H -6.252964 4.910049 -2.924194
 H -4.661113 4.601919 -2.544819
 H -0.898570 0.657441 -2.543638
 H -0.206035 2.027994 -2.342322
 H -4.485854 -3.816596 -1.819835
 H -4.079622 -4.825214 -0.827725
 H -3.631216 5.793407 2.363148
 H -3.158201 6.239210 3.823142
 H -3.004656 4.097992 3.970316
 H -2.933407 2.578035 4.415283
 H -1.836173 -2.260938 -1.365128
 H -2.235049 -1.107517 -0.498403
 H -1.748681 -2.186346 4.577275
 H -1.163821 -2.226998 6.034667
 H 0.732484 2.658638 5.454430
 H -0.648699 2.177097 6.105844
 H -5.215535 2.154942 2.055826
 H -3.994146 3.072778 2.012182
 H 3.733413 5.493805 -1.398620
 H 4.311051 4.649183 -2.429242
 H 2.378650 -5.812301 -4.489568
 H 1.959249 -5.335293 -3.158563
 H -3.086455 4.117659 -4.066576
 H -2.285355 4.874321 -3.167847
 H 4.508426 0.727136 7.455579
 H 4.235958 1.195088 6.000523
 H -1.675539 -0.083431 1.810243
 H -2.478668 0.889561 2.654398
 H 0.673580 -1.887082 -3.052781
 H 0.287660 -0.874662 -4.190648
 H -0.109394 -3.393680 -5.017170
 H 1.030979 -3.089333 -5.857483
 H 6.581862 -5.982029 4.929643
 H 6.330291 -5.189876 3.722787
 H 4.006511 -3.818965 0.980519
 H 3.078634 -2.920150 0.334465
 H 5.420350 -1.101200 2.138980
 H 5.220413 -0.937853 3.666593
 H 1.698585 3.903722 -5.249904
 H 1.632217 4.587347 -3.827736
 H -1.630331 -7.024675 1.122821
 H -2.453932 -7.188949 -0.169836
 H -5.490837 -1.805831 -5.490180
 H -4.662241 -2.440473 -6.655280
 H -3.509887 1.228118 -0.382870
 H -4.255820 2.475722 -0.605592
 H 5.077970 3.850825 -4.727105
 H 4.845973 2.933502 -3.379275
 H 2.560032 -0.309914 -1.491869
 H 1.171742 -0.140576 -2.195153
 H -5.653456 -3.367089 1.551289
 H -4.491068 -2.491124 2.067798
 H 1.160152 3.457329 2.366216
 H 1.452571 3.255638 0.871998
K_POINTS
 1
0.0 0.0 0.0 1.0