
&control
    calculation='scf'
    pseudo_dir = './',
    outdir='./outputs',
    disk_io='high'
/
&system
    ibrav= 1, celldm(1)=20.000000, nat=  192, ntyp= 2,
    ecutwfc = 30.0, nosym=.true., occupations='smearing',
    smearing='m-v', degauss=0.025
/
&electrons
    conv_thr =  1.0d-8,
    mixing_beta = 0.7
/
&ions
    pot_extrapolation='second-order'
    wfc_extrapolation='second-order'
    ion_temperature = 'andersen'
    tempw = 1000

/
ATOMIC_SPECIES
 H  1.01  H.blyp-hgh.UPF
 O  16.0  O.blyp-hgh.UPF
ATOMIC_POSITIONS bohr
 O -5.277565 -1.478364 -1.141897
 O 2.743005 -2.674463 6.159846
 O -5.418306 6.416600 -5.337927
 O 1.085199 3.257113 -0.985800
 O -5.065439 1.429338 3.466008
 O -0.211068 6.149146 5.951951
 O -1.049992 -5.376372 -2.504802
 O 2.898084 1.110588 4.477092
 O -2.737087 -6.366173 5.727676
 O 2.262173 -2.499469 3.356991
 O 2.416523 -6.506338 2.571320
 O -3.413406 -3.647746 4.208492
 O -4.803513 -6.953730 0.646886
 O -3.898022 -4.911317 -3.585487
 O 2.641963 -3.582701 -2.039081
 O -2.072196 2.861854 -0.879315
 O -1.471382 -2.990969 2.099775
 O 0.661190 -4.765082 3.473102
 O 4.666278 -4.446930 -4.802626
 O 5.265715 4.728930 2.202194
 O 5.175791 -3.900851 3.582838
 O -2.526931 -2.337541 -3.268354
 O -1.247696 3.064812 -4.486076
 O 4.251015 1.798376 2.194057
 O 2.874999 1.191606 -3.630544
 O -4.462511 2.997115 -5.470964
 O 5.079003 -5.740028 -0.419846
 O 1.003657 -0.236813 -5.791292
 O -2.089522 0.658326 -5.094723
 O 0.994576 -0.960239 1.666112
 O 5.709834 -2.108889 -3.971530
 O 4.398015 -0.179985 -1.121529
 O 0.474795 4.282756 4.029698
 O -4.487388 0.662357 -3.472229
 O 0.140605 -3.783906 -0.726503
 O 5.092900 4.193498 -6.459771
 O 3.160543 6.503335 5.735674
 O -5.437736 5.243054 -2.497864
 O -0.024392 1.079571 -2.572423
 O -3.887607 -3.871953 -1.036654
 O -2.968957 5.622072 3.079904
 O -2.406106 3.362115 4.221816
 O -1.656171 -1.897498 -0.464416
 O -1.387647 -1.621349 5.296276
 O 0.281420 1.935099 5.894488
 O -4.839030 2.914005 1.560169
 O 3.581648 4.605864 -1.779801
 O 1.554393 -5.742079 -3.952950
 O -3.149803 4.434187 -3.129400
 O 4.973876 0.857699 6.599552
 O -1.655518 0.886658 2.058456
 O 0.034788 -1.725803 -3.786075
 O 0.232638 -3.665606 -5.900411
 O 6.764958 -6.046877 3.961362
 O 3.691101 -2.896074 1.114124
 O 5.919100 -0.936864 2.974723
 O 1.484236 3.764238 -4.314315
 O -1.556798 -7.010829 0.168599
 O -5.087953 -1.600387 -6.403689
 O -4.299159 1.539214 -0.854876
 O 5.340096 3.693731 -3.784351
 O 1.640451 -0.695268 -1.542513
 O -4.711712 -3.423477 1.848785
 O 1.764000 2.998142 1.780777
 H -4.652218 -2.173171 -0.827716
 H -4.750668 -0.762300 -1.590932
 H 2.713949 -1.693383 6.144113
 H 2.653721 -2.826829 5.169025
 H -5.908307 5.799711 -4.771207
 H -4.809031 6.976526 -4.738707
 H 1.450955 2.367245 -1.093820
 H 1.840647 3.854526 -1.247546
 H -5.365369 0.559850 3.076951
 H -4.519463 1.116714 4.201775
 H -0.222232 7.015823 5.496015
 H 0.029954 6.498754 6.834847
 H -0.799979 -6.058797 -1.853890
 H -0.200529 -5.299705 -2.998385
 H 3.339858 1.686175 3.795889
 H 1.971688 1.384917 4.666915
 H -3.339081 -7.124483 5.854622
 H -1.854082 -6.640395 6.101316
 H 1.874618 -1.635263 3.025641
 H 2.879098 -2.582319 2.527955
 H 1.670548 -7.138184 2.675065
 H 1.968244 -5.618160 2.641386
 H -3.394742 -4.235028 5.008172
 H -3.961039 -4.134277 3.534707
 H -5.214548 -7.864943 0.790906
 H -4.635280 -6.955298 -0.314136
 H -3.343516 -4.114033 -3.722094
 H -3.163132 -5.545150 -3.463943
 H 3.052606 -2.772247 -2.401880
 H 1.746179 -3.384246 -1.646179
 H -2.251015 3.246266 -1.763226
 H -1.265839 3.283139 -0.464175
 H -2.027704 -2.930020 1.267088
 H -0.702682 -2.458550 1.892581
 H 1.179945 -3.931830 3.598920
 H -0.196433 -4.380884 3.201579
 H 5.153981 -5.229673 -5.096520
 H 4.347163 -3.736237 -5.377948
 H 4.281970 4.841049 2.200114
 H 5.589990 5.352109 2.920267
 H 6.051550 -3.525076 3.349487
 H 4.816955 -3.275032 4.244108
 H -1.573820 -2.072228 -3.434630
 H -3.002366 -1.807447 -3.936962
 H -0.260111 3.071315 -4.662557
 H -1.332661 2.096051 -4.311728
 H 4.359907 2.761314 2.035630
 H 3.355417 1.591738 1.868079
 H 2.070498 0.785502 -4.019536
 H 2.709139 2.161496 -3.607117
 H -5.168497 2.698143 -6.065552
 H -4.561966 2.260467 -4.840478
 H 5.166579 -6.298004 0.384287
 H 5.965838 -5.787950 -0.815910
 H 0.635389 -0.606520 -6.627384
 H 0.547733 0.637299 -5.811101
 H -2.137455 0.169065 -5.954930
 H -2.567980 0.055844 -4.492018
 H 0.841429 0.006413 1.560999
 H 1.498757 -1.088463 0.827026
 H 5.224369 -2.958167 -4.025745
 H 5.636736 -1.622746 -3.129772
 H 4.720257 0.660396 -0.743890
 H 5.048678 -0.832822 -0.758115
 H 0.704058 4.991348 4.672980
 H -0.377402 4.622083 3.589296
 H -4.844807 1.498266 -3.119217
 H -4.882219 0.438751 -4.337906
 H -0.825672 -3.943472 -0.811174
 H 0.169592 -3.446449 0.190259
 H 4.818691 5.060305 -6.841045
 H 5.590262 3.630662 -7.082998
 H 2.924611 6.449935 4.771021
 H 3.217190 7.481564 5.759680
 H -6.249807 4.956781 -2.940292
 H -4.690794 4.600047 -2.600615
 H -0.904372 0.657686 -2.573222
 H -0.168147 2.023071 -2.312150
 H -4.449623 -3.795092 -1.850564
 H -4.046464 -4.835181 -0.852564
 H -3.616032 5.764417 2.356579
 H -3.196988 6.231368 3.811913
 H -2.994915 4.114094 3.935654
 H -2.960131 2.579689 4.382446
 H -1.833270 -2.238210 -1.374584
 H -2.206234 -1.087634 -0.520232
 H -1.751707 -2.191200 4.585476
 H -1.198987 -2.203832 6.055346
 H 0.730401 2.652944 5.443625
 H -0.641968 2.167061 6.072113
 H -5.230403 2.170930 2.049958
 H -3.967530 3.049528 1.969287
 H 3.737487 5.510406 -1.420570
 H 4.290712 4.659611 -2.464599
 H 2.364178 -5.780431 -4.499815
 H 1.940495 -5.318014 -3.157660
 H -3.062618 4.098284 -4.057161
 H -2.257331 4.825127 -3.174515
 H 4.520938 0.719680 7.447567
 H 4.247653 1.199794 6.002165
 H -1.661244 -0.085836 1.868628
 H -2.452509 0.901577 2.659719
 H 0.658477 -1.904277 -3.043175
 H 0.272318 -0.856351 -4.163677
 H -0.097178 -3.328737 -5.033769
 H 1.043773 -3.090789 -5.906048
 H 6.594195 -5.963969 4.924345
 H 6.389836 -5.189755 3.687523
 H 4.017735 -3.812016 0.983515
 H 3.073873 -2.904278 0.345047
 H 5.426548 -1.085187 2.141539
 H 5.210903 -0.992407 3.651499
 H 1.711824 3.892127 -5.245118
 H 1.665738 4.584570 -3.818214
 H -1.662994 -7.035950 1.139668
 H -2.436701 -7.226636 -0.194257
 H -5.501992 -1.816686 -5.524127
 H -4.675733 -2.441683 -6.699398
 H -3.498363 1.225195 -0.394903
 H -4.271600 2.480153 -0.597868
 H 5.122239 3.861255 -4.745501
 H 4.828446 2.934354 -3.438487
 H 2.543413 -0.311993 -1.502965
 H 1.144715 -0.136782 -2.169212
 H -5.663736 -3.420926 1.610784
 H -4.508724 -2.502476 2.101455
 H 1.142599 3.443984 2.390156
 H 1.419832 3.231960 0.884857
K_POINTS
 1
0.0 0.0 0.0 1.0