
&control
    calculation='scf'
    pseudo_dir = './',
    outdir='./outputs',
    disk_io='high'
/
&system
    ibrav= 1, celldm(1)=20.000000, nat=  192, ntyp= 2,
    ecutwfc = 30.0, nosym=.true., occupations='smearing',
    smearing='m-v', degauss=0.025
/
&electrons
    conv_thr =  1.0d-8,
    mixing_beta = 0.7
/
&ions
    pot_extrapolation='second-order'
    wfc_extrapolation='second-order'
    ion_temperature = 'andersen'
    tempw = 1000

/
ATOMIC_SPECIES
 H  1.01  H.blyp-hgh.UPF
 O  16.0  O.blyp-hgh.UPF
ATOMIC_POSITIONS bohr
 O -5.278441 -1.478630 -1.139221
 O 2.741188 -2.674696 6.160606
 O -5.419363 6.418005 -5.336897
 O 1.086050 3.254786 -0.986108
 O -5.065388 1.428796 3.467881
 O -0.208953 6.148315 5.951801
 O -1.051699 -5.377609 -2.504740
 O 2.899532 1.111604 4.477878
 O -2.737870 -6.368002 5.726099
 O 2.259597 -2.498935 3.361121
 O 2.416670 -6.507569 2.569851
 O -3.412420 -3.647318 4.208827
 O -4.803183 -6.955426 0.644803
 O -3.898694 -4.908603 -3.586330
 O 2.640772 -3.584119 -2.037667
 O -2.070634 2.864608 -0.881877
 O -1.470877 -2.990389 2.097599
 O 0.660354 -4.766763 3.473373
 O 4.665655 -4.446698 -4.802213
 O 5.264202 4.728886 2.202573
 O 5.176491 -3.902207 3.583445
 O -2.525627 -2.335878 -3.266902
 O -1.247009 3.066521 -4.486173
 O 4.251879 1.797925 2.191023
 O 2.874211 1.192229 -3.629091
 O -4.462872 2.999538 -5.470401
 O 5.078553 -5.739759 -0.417418
 O 1.001964 -0.236669 -5.793398
 O -2.091717 0.658864 -5.094777
 O 0.993278 -0.959725 1.667915
 O 5.709894 -2.110282 -3.971607
 O 4.398307 -0.180336 -1.123575
 O 0.475919 4.284290 4.029242
 O -4.486943 0.661580 -3.470543
 O 0.138734 -3.783865 -0.727592
 O 5.093932 4.194494 -6.464107
 O 3.164999 6.504365 5.736710
 O -5.438348 5.244755 -2.497700
 O -0.023695 1.079101 -2.573667
 O -3.889922 -3.872430 -1.035536
 O -2.968120 5.622278 3.079839
 O -2.409014 3.362426 4.220592
 O -1.656815 -1.898030 -0.464423
 O -1.387601 -1.621149 5.296045
 O 0.282436 1.933882 5.895958
 O -4.837602 2.914602 1.559733
 O 3.583494 4.608280 -1.780289
 O 1.553029 -5.742399 -3.951847
 O -3.148889 4.434942 -3.129956
 O 4.977002 0.858742 6.599498
 O -1.654088 0.887305 2.056914
 O 0.035068 -1.725559 -3.785926
 O 0.233558 -3.666078 -5.899210
 O 6.766850 -6.047493 3.960405
 O 3.692154 -2.895168 1.115277
 O 5.919676 -0.939075 2.975576
 O 1.482330 3.764100 -4.313658
 O -1.557511 -7.013915 0.171786
 O -5.085911 -1.599217 -6.406273
 O -4.299073 1.540239 -0.852605
 O 5.340872 3.694701 -3.785542
 O 1.639631 -0.696400 -1.542568
 O -4.711711 -3.425722 1.851861
 O 1.763926 2.999772 1.783493
 H -4.653555 -2.175243 -0.828701
 H -4.744574 -0.769621 -1.591924
 H 2.715121 -1.692668 6.146306
 H 2.659550 -2.828533 5.169412
 H -5.906969 5.799178 -4.770185
 H -4.801742 6.973297 -4.740809
 H 1.458084 2.367906 -1.097157
 H 1.837935 3.857617 -1.246497
 H -5.362528 0.554995 3.081966
 H -4.513876 1.117623 4.199561
 H -0.224194 7.014916 5.495083
 H 0.025723 6.497073 6.836528
 H -0.800411 -6.057444 -1.852703
 H -0.205674 -5.300475 -3.003884
 H 3.345423 1.691668 3.802259
 H 1.970380 1.380554 4.662184
 H -3.337389 -7.129650 5.854422
 H -1.849893 -6.639557 6.091256
 H 1.877898 -1.635448 3.019894
 H 2.872496 -2.587107 2.528108
 H 1.664895 -7.132440 2.674814
 H 1.979333 -5.615471 2.640475
 H -3.403446 -4.235977 5.006554
 H -3.960426 -4.134984 3.535795
 H -5.214974 -7.865433 0.796461
 H -4.636704 -6.956701 -0.317114
 H -3.344635 -4.110456 -3.726456
 H -3.165895 -5.545152 -3.462072
 H 3.054951 -2.777648 -2.402249
 H 1.742750 -3.381970 -1.650530
 H -2.253756 3.255210 -1.760735
 H -1.273052 3.284304 -0.453784
 H -2.025778 -2.929528 1.262142
 H -0.702496 -2.457881 1.889718
 H 1.177177 -3.931743 3.595665
 H -0.196893 -4.384217 3.201410
 H 5.146825 -5.230767 -5.101539
 H 4.347760 -3.735495 -5.377622
 H 4.279114 4.836479 2.197676
 H 5.582131 5.350016 2.927437
 H 6.052654 -3.526239 3.351813
 H 4.821547 -3.272193 4.243380
 H -1.571692 -2.073255 -3.433489
 H -3.002420 -1.804714 -3.933445
 H -0.259432 3.063303 -4.660138
 H -1.336337 2.097704 -4.311519
 H 4.362306 2.760722 2.033281
 H 3.355409 1.589804 1.868182
 H 2.071541 0.787528 -4.020575
 H 2.714742 2.162206 -3.606785
 H -5.171198 2.700592 -6.062490
 H -4.568514 2.264123 -4.838800
 H 5.165227 -6.300924 0.385106
 H 5.965109 -5.788504 -0.813894
 H 0.625403 -0.608129 -6.624501
 H 0.546659 0.637403 -5.807669
 H -2.144716 0.170048 -5.955820
 H -2.565625 0.054015 -4.490256
 H 0.833784 0.005112 1.557565
 H 1.494264 -1.088958 0.826280
 H 5.222445 -2.957049 -4.028818
 H 5.637851 -1.627162 -3.128476
 H 4.712481 0.660105 -0.743472
 H 5.044651 -0.830302 -0.754360
 H 0.704274 4.993418 4.673164
 H -0.379780 4.618481 3.585548
 H -4.844318 1.500486 -3.125735
 H -4.882844 0.432879 -4.334451
 H -0.826672 -3.948928 -0.810416
 H 0.166202 -3.449836 0.190125
 H 4.822397 5.060917 -6.848799
 H 5.592444 3.628882 -7.084087
 H 2.928044 6.451247 4.773038
 H 3.218651 7.483086 5.762281
 H -6.248986 4.963660 -2.942942
 H -4.696524 4.600242 -2.610438
 H -0.905355 0.657880 -2.577958
 H -0.161839 2.021861 -2.307155
 H -4.442965 -3.791476 -1.855551
 H -4.040564 -4.835902 -0.856424
 H -3.613649 5.759590 2.355587
 H -3.203299 6.229900 3.810066
 H -2.992957 4.116602 3.929719
 H -2.964675 2.580239 4.377064
 H -1.832839 -2.234558 -1.375840
 H -2.201306 -1.084367 -0.523532
 H -1.752305 -2.192099 4.587053
 H -1.204628 -2.200320 6.058409
 H 0.729754 2.653036 5.441162
 H -0.641201 2.166153 6.066190
 H -5.232753 2.174028 2.049056
 H -3.963193 3.045581 1.962179
 H 3.738020 5.513100 -1.423545
 H 4.286951 4.660527 -2.470692
 H 2.361662 -5.775019 -4.502137
 H 1.937323 -5.314755 -3.157263
 H -3.059446 4.094540 -4.055390
 H -2.252342 4.817318 -3.174827
 H 4.522709 0.718431 7.446447
 H 4.250017 1.200122 6.002767
 H -1.658495 -0.085632 1.878350
 H -2.447307 0.904062 2.660070
 H 0.655793 -1.906963 -3.041704
 H 0.270020 -0.853258 -4.159926
 H -0.095299 -3.318274 -5.036650
 H 1.046229 -3.091494 -5.914666
 H 6.596655 -5.961377 4.923899
 H 6.399440 -5.189891 3.681444
 H 4.020061 -3.810992 0.984450
 H 3.073167 -2.901154 0.346725
 H 5.427661 -1.082348 2.142077
 H 5.209691 -1.001164 3.648962
 H 1.714324 3.890651 -5.244437
 H 1.671334 4.584713 -3.816845
 H -1.668645 -7.037663 1.142463
 H -2.433794 -7.233051 -0.197937
 H -5.504008 -1.818389 -5.530219
 H -4.677936 -2.441631 -6.706886
 H -3.496442 1.224847 -0.397035
 H -4.274402 2.480719 -0.596349
 H 5.129601 3.862481 -4.748571
 H 4.825636 2.934691 -3.448896
 H 2.540820 -0.312504 -1.504966
 H 1.139991 -0.135529 -2.164526
 H -5.665008 -3.429821 1.620371
 H -4.511796 -2.504369 2.107118
 H 1.139682 3.441529 2.394588
 H 1.414440 3.227922 0.886870
K_POINTS
 1
0.0 0.0 0.0 1.0