
&control
    calculation='scf'
    pseudo_dir = './',
    outdir='./outputs',
    disk_io='high'
/
&system
    ibrav= 1, celldm(1)=20.000000, nat=  192, ntyp= 2,
    ecutwfc = 30.0, nosym=.true., occupations='smearing',
    smearing='m-v', degauss=0.025
/
&electrons
    conv_thr =  1.0d-8,
    mixing_beta = 0.7
/
&ions
    pot_extrapolation='second-order'
    wfc_extrapolation='second-order'
    ion_temperature = 'andersen'
    tempw = 1000

/
ATOMIC_SPECIES
 H  1.01  H.blyp-hgh.UPF
 O  16.0  O.blyp-hgh.UPF
ATOMIC_POSITIONS bohr
 O -5.279307 -1.478875 -1.136552
 O 2.739379 -2.674925 6.161326
 O -5.420436 6.419422 -5.335894
 O 1.086913 3.252480 -0.986414
 O -5.065336 1.428201 3.469772
 O -0.206825 6.147487 5.951671
 O -1.053397 -5.378864 -2.504697
 O 2.900979 1.112620 4.478677
 O -2.738672 -6.369834 5.724538
 O 2.257059 -2.498376 3.365209
 O 2.416830 -6.508788 2.568379
 O -3.411452 -3.646912 4.209189
 O -4.802851 -6.957140 0.642714
 O -3.899338 -4.905874 -3.587182
 O 2.639570 -3.585550 -2.036240
 O -2.069040 2.867356 -0.884419
 O -1.470412 -2.989825 2.095408
 O 0.659509 -4.768422 3.473653
 O 4.664998 -4.446446 -4.801726
 O 5.262658 4.728857 2.202963
 O 5.177188 -3.903553 3.584051
 O -2.524319 -2.334207 -3.265463
 O -1.246276 3.068215 -4.486271
 O 4.252751 1.797469 2.187990
 O 2.873436 1.192853 -3.627633
 O -4.463241 3.001945 -5.469842
 O 5.078083 -5.739480 -0.414976
 O 1.000276 -0.236567 -5.795501
 O -2.093921 0.659361 -5.094852
 O 0.991990 -0.959182 1.669686
 O 5.709975 -2.111645 -3.971706
 O 4.398609 -0.180697 -1.125606
 O 0.477007 4.285839 4.028744
 O -4.486489 0.660785 -3.468866
 O 0.136863 -3.783828 -0.728659
 O 5.094954 4.195489 -6.468429
 O 3.169453 6.505414 5.737700
 O -5.438948 5.246491 -2.497488
 O -0.023013 1.078638 -2.574923
 O -3.892268 -3.872936 -1.034430
 O -2.967276 5.622485 3.079748
 O -2.411923 3.362723 4.219368
 O -1.657484 -1.898532 -0.464452
 O -1.387562 -1.620922 5.295809
 O 0.283451 1.932663 5.897428
 O -4.836168 2.915235 1.559250
 O 3.585342 4.610723 -1.780786
 O 1.551681 -5.742728 -3.950726
 O -3.147927 4.435689 -3.130550
 O 4.980121 0.859801 6.599420
 O -1.652698 0.887913 2.055388
 O 0.035339 -1.725341 -3.785745
 O 0.234469 -3.666519 -5.897981
 O 6.768742 -6.048113 3.959460
 O 3.693195 -2.894276 1.116399
 O 5.920241 -0.941301 2.976421
 O 1.480428 3.763932 -4.312989
 O -1.558213 -7.016994 0.174965
 O -5.083867 -1.598060 -6.408840
 O -4.298999 1.541251 -0.850341
 O 5.341632 3.695670 -3.786735
 O 1.638825 -0.697559 -1.542606
 O -4.711727 -3.427971 1.854944
 O 1.763842 3.001402 1.786194
 H -4.654923 -2.177298 -0.829712
 H -4.738632 -0.777092 -1.592808
 H 2.716329 -1.691918 6.148637
 H 2.665357 -2.830176 5.169903
 H -5.905464 5.798607 -4.769095
 H -4.794595 6.969884 -4.742921
 H 1.465266 2.368468 -1.100515
 H 1.835164 3.860619 -1.245451
 H -5.359821 0.550223 3.087117
 H -4.508274 1.118514 4.197488
 H -0.226132 7.014013 5.494023
 H 0.021602 6.495302 6.838252
 H -0.800901 -6.056089 -1.851374
 H -0.210920 -5.301219 -3.009423
 H 3.350863 1.697097 3.808644
 H 1.969265 1.376179 4.657334
 H -3.335686 -7.134757 5.854275
 H -1.845756 -6.638649 6.081023
 H 1.881040 -1.635737 3.014338
 H 2.865790 -2.592146 2.528578
 H 1.659328 -7.126638 2.674611
 H 1.990384 -5.612981 2.639541
 H -3.412111 -4.236914 5.004778
 H -3.959670 -4.135551 3.536978
 H -5.215284 -7.865756 0.802116
 H -4.638190 -6.958119 -0.320135
 H -3.345798 -4.106730 -3.730796
 H -3.168732 -5.545271 -3.460142
 H 3.057155 -2.783060 -2.402569
 H 1.739475 -3.379648 -1.654973
 H -2.256438 3.264220 -1.758232
 H -1.280488 3.285464 -0.443624
 H -2.023662 -2.929056 1.257412
 H -0.702105 -2.456991 1.886788
 H 1.174466 -3.931625 3.592391
 H -0.197466 -4.387608 3.201147
 H 5.139867 -5.231734 -5.106868
 H 4.348356 -3.734892 -5.377589
 H 4.276359 4.832009 2.195279
 H 5.574279 5.347766 2.934460
 H 6.053725 -3.527257 3.354165
 H 4.826184 -3.269392 4.242626
 H -1.569534 -2.074332 -3.432376
 H -3.002557 -1.802018 -3.929878
 H -0.258938 3.055532 -4.657582
 H -1.340202 2.099474 -4.311379
 H 4.364736 2.760091 2.030935
 H 3.355376 1.587983 1.868256
 H 2.072667 0.789670 -4.021632
 H 2.720194 2.162847 -3.606544
 H -5.173971 2.703161 -6.059570
 H -4.574874 2.267803 -4.837004
 H 5.163919 -6.303872 0.385922
 H 5.964401 -5.789098 -0.811926
 H 0.615417 -0.609813 -6.621502
 H 0.545738 0.637608 -5.804283
 H -2.151901 0.171050 -5.956632
 H -2.563310 0.052316 -4.488474
 H 0.826036 0.003794 1.554284
 H 1.489691 -1.089539 0.825538
 H 5.220560 -2.956021 -4.031700
 H 5.638928 -1.631722 -3.127158
 H 4.704709 0.659841 -0.743069
 H 5.040606 -0.827730 -0.750695
 H 0.704376 4.995544 4.673353
 H -0.381842 4.614661 3.582155
 H -4.843867 1.502641 -3.132195
 H -4.883587 0.427055 -4.330945
 H -0.827543 -3.954462 -0.809789
 H 0.162874 -3.453214 0.189962
 H 4.826149 5.061377 -6.856598
 H 5.594542 3.627261 -7.085245
 H 2.931453 6.452327 4.775111
 H 3.220151 7.484554 5.765102
 H -6.248134 4.970279 -2.945597
 H -4.702436 4.600562 -2.620393
 H -0.906304 0.658154 -2.582632
 H -0.155551 2.020533 -2.302170
 H -4.436132 -3.787881 -1.860472
 H -4.034587 -4.836394 -0.860210
 H -3.611337 5.754770 2.354592
 H -3.209566 6.228398 3.808250
 H -2.990913 4.119056 3.923741
 H -2.969246 2.580879 4.371704
 H -1.832420 -2.230969 -1.377015
 H -2.196339 -1.081114 -0.526718
 H -1.752932 -2.193035 4.588682
 H -1.210207 -2.196918 6.061372
 H 0.729005 2.653374 5.438536
 H -0.640581 2.165465 6.060191
 H -5.235064 2.177226 2.048195
 H -3.958865 3.041606 1.955102
 H 3.738523 5.515795 -1.426317
 H 4.283094 4.661214 -2.476835
 H 2.359098 -5.769578 -4.504615
 H 1.934142 -5.311394 -3.156800
 H -3.056510 4.090646 -4.053583
 H -2.247261 4.809631 -3.174906
 H 4.524392 0.717176 7.445397
 H 4.252505 1.200318 6.003460
 H -1.655633 -0.085308 1.888042
 H -2.441904 0.906702 2.660293
 H 0.653073 -1.909585 -3.040270
 H 0.267803 -0.850167 -4.156374
 H -0.093457 -3.307913 -5.039554
 H 1.048747 -3.092353 -5.923421
 H 6.599226 -5.958897 4.923558
 H 6.408943 -5.190053 3.675306
 H 4.022507 -3.809997 0.985498
 H 3.072507 -2.897905 0.348395
 H 5.428795 -1.079466 2.142614
 H 5.208575 -1.009819 3.646445
 H 1.716902 3.889300 -5.243766
 H 1.676918 4.584978 -3.815567
 H -1.674362 -7.039326 1.145247
 H -2.430881 -7.239501 -0.201494
 H -5.506068 -1.820064 -5.536415
 H -4.680132 -2.441488 -6.714402
 H -3.494523 1.224555 -0.399198
 H -4.277239 2.481249 -0.594751
 H 5.136960 3.863571 -4.751633
 H 4.822853 2.935060 -3.459435
 H 2.538321 -0.313046 -1.507007
 H 1.135202 -0.134100 -2.159739
 H -5.666161 -3.438680 1.629853
 H -4.514915 -2.506275 2.112789
 H 1.136794 3.439000 2.399123
 H 1.409081 3.223855 0.888880
K_POINTS
 1
0.0 0.0 0.0 1.0