
&control
    calculation='scf'
    pseudo_dir = './',
    outdir='./outputs',
    disk_io='high'
/
&system
    ibrav= 1, celldm(1)=20.000000, nat=  192, ntyp= 2,
    ecutwfc = 30.0, nosym=.true., occupations='smearing',
    smearing='m-v', degauss=0.025
/
&electrons
    conv_thr =  1.0d-8,
    mixing_beta = 0.7
/
&ions
    pot_extrapolation='second-order'
    wfc_extrapolation='second-order'
    ion_temperature = 'andersen'
    tempw = 1000

/
ATOMIC_SPECIES
 H  1.01  H.blyp-hgh.UPF
 O  16.0  O.blyp-hgh.UPF
ATOMIC_POSITIONS bohr
 O -5.262170 -1.555266 -1.382012
 O 3.966252 -2.174907 5.393531
 O -5.728379 5.326719 -5.519800
 O -0.171105 3.658011 -1.556943
 O -4.713337 0.740129 3.861843
 O -0.234748 5.440167 5.199733
 O -0.125991 -5.378099 -3.407864
 O 2.355756 0.243388 3.644478
 O -2.852844 -5.292577 5.631455
 O 1.914593 -2.955047 1.753897
 O 2.523101 -6.083155 2.906590
 O -4.159278 -3.042181 4.398919
 O -4.434353 -5.920981 0.722085
 O -3.579236 -5.683357 -3.679767
 O 2.191268 -2.744948 -2.203639
 O -1.873296 2.462472 1.286784
 O -1.134803 -1.523618 1.744252
 O 0.223173 -4.236819 3.697567
 O 5.433221 -4.193787 -4.959115
 O 5.513620 4.853635 2.186279
 O 5.968321 -2.975347 3.248667
 O -3.237085 -2.982110 -3.834286
 O -0.896449 2.611172 -4.940137
 O 3.888311 2.352751 2.854142
 O 2.324829 1.305407 -3.108901
 O -4.895811 2.797383 -6.165018
 O 4.449630 -5.958725 -1.248314
 O 1.964300 -1.307077 -4.595087
 O -2.026009 0.216425 -4.833121
 O 0.867475 -0.327369 0.697660
 O 4.777570 -1.748786 -3.749767
 O 5.174596 0.075315 -0.078377
 O -0.245837 4.538511 1.856970
 O -5.182253 0.719091 -4.008319
 O 0.725181 -3.813599 -0.364361
 O 4.594745 3.571486 -4.377765
 O 3.513592 5.476893 5.840220
 O -5.143510 3.727685 -1.853707
 O -0.378069 1.037728 -1.634753
 O -3.035614 -3.354012 -1.105122
 O -2.609920 5.461261 3.354992
 O -1.501509 2.804684 3.985331
 O -2.629965 -0.245038 -0.684809
 O -1.523372 -2.197197 4.899252
 O 0.702244 1.816007 4.913591
 O -4.783091 3.370763 1.430731
 O 2.825191 3.917612 -0.579421
 O 2.687125 -5.996223 -3.572657
 O -2.626611 4.569795 -2.318978
 O 5.581510 0.596682 5.290022
 O -3.081888 0.210235 1.975082
 O -0.658132 -2.410463 -2.327988
 O 0.011790 -3.261984 -5.497317
 O 5.700740 -5.970338 4.393484
 O 5.090615 -3.039668 -0.231056
 O 4.681231 -0.707281 2.439140
 O 1.091590 4.306363 -4.333465
 O -0.630386 -5.785951 0.465007
 O -5.543242 -1.391960 -5.757286
 O -4.634808 1.397389 -0.901163
 O 5.206233 1.594204 -2.667447
 O 2.763792 -0.274348 -1.007716
 O -5.289505 -1.224930 1.252806
 O 1.541867 2.660524 1.455103
 H -4.966253 -1.473015 -0.433476
 H -4.453933 -1.198380 -1.816758
 H 3.570612 -2.952607 5.830148
 H 3.261619 -1.712127 4.886779
 H -6.338516 4.884421 -4.883306
 H -5.771279 4.689333 -6.268273
 H 0.345744 3.128597 -0.900012
 H 0.466303 4.268406 -1.978274
 H -5.505087 0.159462 3.809476
 H -4.970638 1.333804 4.614272
 H 0.194639 6.317211 5.102913
 H -0.046288 5.097331 6.100447
 H -0.430984 -5.560537 -2.499007
 H -0.842723 -5.782448 -3.934145
 H 2.516902 1.169243 3.300752
 H 1.385406 0.144107 3.551917
 H -3.493647 -5.547871 6.337438
 H -1.980119 -5.369435 6.070226
 H 1.976853 -2.002281 1.444742
 H 2.807616 -3.348767 1.791500
 H 3.289616 -6.329754 2.344425
 H 1.744694 -6.540781 2.514875
 H -3.410243 -3.484713 3.953424
 H -4.415202 -2.256366 3.871495
 H -3.630944 -6.401553 0.427970
 H -4.371449 -5.039191 0.280087
 H -4.477208 -5.506403 -3.339014
 H -3.583366 -6.646513 -3.847274
 H 2.206071 -1.761499 -2.069011
 H 2.107687 -3.059740 -1.262584
 H -1.267350 3.090908 0.825811
 H -1.533985 1.559502 1.104313
 H -0.296046 -1.650943 1.237292
 H -0.864745 -1.643912 2.682555
 H 1.049588 -3.702760 3.577795
 H -0.360945 -3.782646 3.056231
 H 6.060985 -4.865854 -5.311307
 H 5.891558 -3.392187 -4.605659
 H 5.767611 5.504617 2.921147
 H 6.251398 5.060846 1.555419
 H 5.378216 -2.416815 2.688380
 H 6.420685 -3.672223 2.742769
 H -2.336097 -2.785159 -4.156075
 H -3.863144 -2.949169 -4.581936
 H -0.393621 2.940281 -4.165852
 H -1.127331 1.644278 -4.780450
 H 4.762208 2.558959 3.241452
 H 3.454154 3.215058 2.701147
 H 2.882149 1.031446 -3.863446
 H 1.926781 2.182695 -3.301036
 H -5.028738 2.232825 -5.354038
 H -3.970674 3.121568 -6.147174
 H 4.149308 -5.055426 -1.497190
 H 5.401410 -5.835225 -1.070156
 H 2.784330 -1.219449 -5.134858
 H 1.210743 -1.013538 -5.144814
 H -2.052290 -0.515287 -5.480515
 H -2.864547 0.708670 -4.933210
 H 1.110455 0.616172 0.877347
 H 1.255030 -0.428895 -0.201595
 H 3.988384 -2.202912 -3.353106
 H 5.390029 -1.676350 -2.979904
 H 5.247452 1.035481 -0.271845
 H 5.982959 -0.369468 -0.531781
 H -0.703060 3.940211 2.530028
 H -0.605906 5.437821 2.043907
 H -4.695034 0.956666 -3.187493
 H -6.129256 0.613843 -3.674089
 H 0.566815 -4.724130 -0.661516
 H 1.008462 -3.878792 0.580038
 H 3.657032 3.843425 -4.337605
 H 4.632088 2.803432 -4.981824
 H 3.278519 5.059047 4.979454
 H 2.762267 6.085003 5.973466
 H -5.763494 3.902125 -1.113108
 H -4.721970 4.606470 -2.025005
 H -0.011052 0.300677 -2.158886
 H -1.351055 0.796522 -1.627002
 H -2.967141 -3.139168 -2.091297
 H -2.601251 -4.232918 -1.116534
 H -3.396649 5.818283 2.888831
 H -2.644495 5.924962 4.246179
 H -1.475070 1.921568 3.548848
 H -2.250514 3.201807 3.494778
 H -2.188469 -1.086648 -0.450792
 H -2.984718 0.073029 0.190389
 H -2.483061 -2.223031 5.119782
 H -1.191309 -3.081441 5.176128
 H 1.542121 1.578789 5.343737
 H 0.162354 2.421314 5.474547
 H -5.272028 3.549251 2.261700
 H -3.875266 3.030035 1.627961
 H 3.380038 4.646846 -0.219856
 H 2.838462 4.128993 -1.532216
 H 3.624931 -5.810291 -3.822766
 H 2.198208 -5.188592 -3.851380
 H -2.480606 3.899979 -3.024091
 H -1.969245 4.236729 -1.655148
 H 5.991248 -0.173783 5.849005
 H 4.642014 0.327386 5.288277
 H -2.690354 -0.632166 2.269269
 H -3.798359 0.490729 2.622848
 H 0.015495 -3.114069 -2.399449
 H -0.412108 -2.043826 -1.459286
 H 0.386002 -3.320659 -4.588391
 H 0.796014 -3.035686 -6.034546
 H 4.948687 -5.666961 4.945210
 H 6.510362 -5.668725 4.839702
 H 5.770539 -3.437134 0.349597
 H 4.700187 -2.388133 0.386333
 H 4.592125 -0.256084 1.549870
 H 4.025090 -0.311017 3.066529
 H 1.366968 3.858246 -5.163237
 H 1.634917 5.173537 -4.310485
 H -0.991630 -6.594685 0.041413
 H -1.334650 -5.118897 0.591783
 H -5.393532 -1.972207 -6.536892
 H -4.716464 -0.969977 -5.445658
 H -4.017935 2.143575 -1.025925
 H -4.788740 1.417080 0.063664
 H 5.835206 2.351206 -2.690182
 H 4.342971 1.975784 -2.419376
 H 3.706692 -0.285983 -0.650437
 H 2.759071 0.364506 -1.771721
 H -6.114178 -0.794233 1.579930
 H -4.856632 -1.560457 2.052107
 H 0.926469 3.459221 1.390677
 H 2.262241 2.812850 0.798771
K_POINTS
 1
0.0 0.0 0.0 1.0