
&control
    calculation='scf'
    pseudo_dir = './',
    outdir='./outputs',
    disk_io='high'
/
&system
    ibrav= 1, celldm(1)=20.000000, nat=  192, ntyp= 2,
    ecutwfc = 30.0, nosym=.true., occupations='smearing',
    smearing='m-v', degauss=0.025
/
&electrons
    conv_thr =  1.0d-8,
    mixing_beta = 0.7
/
&ions
    pot_extrapolation='second-order'
    wfc_extrapolation='second-order'
    ion_temperature = 'andersen'
    tempw = 1000

/
ATOMIC_SPECIES
 H  1.01  H.blyp-hgh.UPF
 O  16.0  O.blyp-hgh.UPF
ATOMIC_POSITIONS bohr
 O -5.284224 -1.479894 -1.120701
 O 2.728725 -2.676157 6.164831
 O -5.427186 6.428177 -5.330493
 O 1.092330 3.239087 -0.988227
 O -5.065034 1.423392 3.481419
 O -0.193834 6.142594 5.951264
 O -1.063468 -5.386714 -2.504887
 O 2.909715 1.118726 4.483740
 O -2.743912 -6.380938 5.715542
 O 2.242671 -2.494508 3.388728
 O 2.418126 -6.515921 2.559490
 O -3.406060 -3.644948 4.211890
 O -4.800810 -6.967744 0.630042
 O -3.902591 -4.889182 -3.592502
 O 2.632039 -3.594474 -2.027370
 O -2.059003 2.883498 -0.899172
 O -1.468388 -2.986717 2.081868
 O 0.654313 -4.777937 3.475540
 O 4.660365 -4.444522 -4.797310
 O 5.252700 4.729040 2.205595
 O 5.181361 -3.911358 3.587707
 O -2.516407 -2.324018 -3.257068
 O -1.240973 3.077940 -4.486847
 O 4.258211 1.794608 2.169856
 O 2.869175 1.196554 -3.618714
 O -4.465668 3.015969 -5.466555
 O 5.074886 -5.737631 -0.400006
 O 0.990260 -0.236861 -5.807967
 O -2.107322 0.661458 -5.095746
 O 0.984484 -0.955349 1.679564
 O 5.710921 -2.119144 -3.972759
 O 4.400446 -0.183025 -1.137632
 O 0.482732 4.295436 4.024857
 O -4.483586 0.655616 -3.459035
 O 0.125643 -3.783685 -0.734628
 O 5.100872 4.201450 -6.494052
 O 3.196136 6.512117 5.742763
 O -5.442304 5.257699 -2.495193
 O -0.019268 1.075955 -2.582713
 O -3.906921 -3.876361 -1.028093
 O -2.962022 5.623691 3.078652
 O -2.429345 3.364189 4.212030
 O -1.662016 -1.900836 -0.465068
 O -1.387468 -1.618940 5.294309
 O 0.289634 1.925566 5.906104
 O -4.827479 2.919827 1.555332
 O 3.596416 4.625842 -1.783996
 O 1.544009 -5.744890 -3.943657
 O -3.141112 4.440018 -3.134864
 O 4.998692 0.866499 6.598509
 O -1.645035 0.890862 2.046503
 O 0.036723 -1.724530 -3.784049
 O 0.239804 -3.668459 -5.890051
 O 6.780095 -6.051979 3.954152
 O 3.699133 -2.889215 1.122480
 O 5.923485 -0.954950 2.981317
 O 1.469193 3.762472 -4.308743
 O -1.562171 -7.035317 0.193899
 O -5.071530 -1.591413 -6.423939
 O -4.298866 1.546950 -0.836968
 O 5.345844 3.701484 -3.794062
 O 1.634130 -0.705091 -1.542494
 O -4.712138 -3.441528 1.873605
 O 1.763014 3.011219 1.802048
 H -4.664031 -2.189710 -0.835914
 H -4.706701 -0.824550 -1.595902
 H 2.724122 -1.687365 6.165236
 H 2.699466 -2.838422 5.174978
 H -5.892889 5.794613 -4.761217
 H -4.755199 6.945657 -4.755705
 H 1.509449 2.370077 -1.121031
 H 1.817327 3.876690 -1.239207
 H -5.346377 0.524276 3.120904
 H -4.474208 1.123655 4.188188
 H -0.236987 7.008441 5.485379
 H -0.000768 6.482981 6.849358
 H -0.804685 -6.048119 -1.840465
 H -0.244273 -5.305358 -3.043302
 H 3.380371 1.727917 3.847309
 H 1.966527 1.349952 4.625895
 H -3.324525 -7.163612 5.854391
 H -1.822305 -6.631944 6.016232
 H 1.896566 -1.639296 2.985646
 H 2.823812 -2.627753 2.538396
 H 1.627781 -7.090562 2.674368
 H 2.055479 -5.601799 2.633440
 H -3.462769 -4.242420 4.991861
 H -3.952160 -4.135710 3.545382
 H -5.214577 -7.864238 0.837435
 H -4.648660 -6.967333 -0.338573
 H -3.353764 -4.082305 -3.756217
 H -3.187377 -5.547779 -3.447381
 H 3.067791 -2.815027 -2.403854
 H 1.723333 -3.364854 -1.683451
 H -2.271074 3.320136 -1.743382
 H -1.328503 3.293261 -0.387557
 H -2.006965 -2.926671 1.233994
 H -0.695777 -2.447346 1.868074
 H 1.159397 -3.930317 3.572536
 H -0.203719 -4.409057 3.197490
 H 5.102222 -5.234927 -5.145025
 H 4.351727 -3.734204 -5.383329
 H 4.262247 4.807282 2.181763
 H 5.527290 5.330595 2.972671
 H 6.059578 -3.530578 3.368587
 H 4.854578 -3.253660 4.237509
 H -1.556115 -2.081667 -3.426459
 H -3.004997 -1.786508 -3.907525
 H -0.259317 3.014468 -4.639653
 H -1.367615 2.112775 -4.312024
 H 4.379727 2.755503 2.016817
 H 3.354736 1.579660 1.868216
 H 2.080401 0.804778 -4.028652
 H 2.749325 2.165809 -3.607080
 H -5.191900 2.721266 -6.045184
 H -4.608857 2.290623 -4.823869
 H 5.156971 -6.321900 0.390526
 H 5.960550 -5.793400 -0.801016
 H 0.555451 -0.621444 -6.601384
 H 0.543402 0.640833 -5.785127
 H -2.193353 0.177719 -5.959572
 H -2.550195 0.044976 -4.477523
 H 0.777508 -0.004310 1.537932
 H 1.460497 -1.094806 0.821471
 H 5.209953 -2.952181 -4.044948
 H 5.644583 -1.661814 -3.118477
 H 4.658576 0.659673 -0.740572
 H 5.017067 -0.812315 -0.729972
 H 0.702248 5.009255 4.674244
 H -0.386771 4.587373 3.569878
 H -4.841990 1.514232 -3.169419
 H -4.890337 0.393114 -4.308892
 H -0.830306 -3.989274 -0.808953
 H 0.144358 -3.473121 0.188647
 H 4.849643 5.060925 -6.904168
 H 5.605401 3.620856 -7.093722
 H 2.951250 6.453995 4.788281
 H 3.229902 7.491987 5.786475
 H -6.243398 5.004736 -2.961813
 H -4.740577 4.604625 -2.682497
 H -0.910648 0.662132 -2.609279
 H -0.118645 2.010129 -2.272471
 H -4.391556 -3.767338 -1.888172
 H -3.997695 -4.835878 -0.881428
 H -3.599376 5.726110 2.347971
 H -3.246261 6.218887 3.798383
 H -2.977066 4.132649 3.887050
 H -2.997373 2.586765 4.339914
 H -1.830128 -2.211264 -1.382710
 H -2.165707 -1.061880 -0.543094
 H -1.757376 -2.199602 4.599342
 H -1.242404 -2.178956 6.077181
 H 0.721874 2.659071 5.420245
 H -0.640313 2.165728 6.022808
 H -5.248013 2.198058 2.044288
 H -3.932813 3.017039 1.913604
 H 3.741205 5.532357 -1.438691
 H 4.258067 4.660762 -2.514592
 H 2.342165 -5.736295 -4.522166
 H 1.914915 -5.289315 -3.153008
 H -3.043893 4.064189 -4.042358
 H -2.215221 4.766013 -3.170604
 H 4.532885 0.709479 7.440487
 H 4.269808 1.198870 6.009215
 H -1.635945 -0.082068 1.945056
 H -2.406524 0.926086 2.659847
 H 0.636340 -1.923774 -3.032285
 H 0.256258 -0.832233 -4.138840
 H -0.082936 -3.247861 -5.057336
 H 1.064411 -3.101180 -5.978391
 H 6.616942 -5.946182 4.923120
 H 6.463708 -5.191351 3.637344
 H 4.039381 -3.804290 0.993923
 H 3.069968 -2.876161 0.358521
 H 5.435968 -1.061319 2.145169
 H 5.203692 -1.059498 3.632325
 H 1.733747 3.883592 -5.239290
 H 1.709769 4.587846 -3.810486
 H -1.710156 -7.048250 1.161517
 H -2.413322 -7.278855 -0.220047
 H -5.519448 -1.829578 -5.575271
 H -4.693243 -2.438363 -6.759840
 H -3.483071 1.224312 -0.412774
 H -4.294723 2.483941 -0.583291
 H 5.181061 3.867500 -4.769550
 H 4.806582 2.937481 -3.524843
 H 2.526149 -0.316656 -1.520053
 H 1.105238 -0.122023 -2.128757
 H -5.670806 -3.490886 1.684353
 H -4.534822 -2.518202 2.146797
 H 1.120634 3.422110 2.427933
 H 1.377992 3.198807 0.901613
K_POINTS
 1
0.0 0.0 0.0 1.0