
&control
    calculation='scf'
    pseudo_dir = './',
    outdir='./outputs',
    disk_io='high'
/
&system
    ibrav= 1, celldm(1)=20.000000, nat=  192, ntyp= 2,
    ecutwfc = 30.0, nosym=.true., occupations='smearing',
    smearing='m-v', degauss=0.025
/
&electrons
    conv_thr =  1.0d-8,
    mixing_beta = 0.7
/
&ions
    pot_extrapolation='second-order'
    wfc_extrapolation='second-order'
    ion_temperature = 'andersen'
    tempw = 1000

/
ATOMIC_SPECIES
 H  1.01  H.blyp-hgh.UPF
 O  16.0  O.blyp-hgh.UPF
ATOMIC_POSITIONS bohr
 O -5.288482 -1.480267 -1.105155
 O 2.718568 -2.676998 6.167093
 O -5.434382 6.437257 -5.326202
 O 1.098224 3.226172 -0.990014
 O -5.064719 1.416257 3.493558
 O -0.180608 6.137927 5.951340
 O -1.073541 -5.395018 -2.505823
 O 2.918802 1.124869 4.489195
 O -2.749918 -6.392313 5.707176
 O 2.229664 -2.489842 3.410260
 O 2.420122 -6.522952 2.550502
 O -3.401421 -3.643746 4.215479
 O -4.798571 -6.978666 0.617165
 O -3.904699 -4.871891 -3.598223
 O 2.623836 -3.604169 -2.017914
 O -2.048624 2.898547 -0.913146
 O -1.467246 -2.983822 2.067558
 O 0.648956 -4.786631 3.477755
 O 4.654647 -4.441988 -4.790704
 O 5.241533 4.729880 2.208903
 O 5.185575 -3.918495 3.591510
 O -2.508398 -2.313624 -3.248983
 O -1.234406 3.086788 -4.487325
 O 4.264093 1.791420 2.151825
 O 2.865956 1.200082 -3.609341
 O -4.468675 3.029087 -5.463348
 O 5.071122 -5.735570 -0.384438
 O 0.980478 -0.238756 -5.820001
 O -2.121003 0.662028 -5.097388
 O 0.977347 -0.950620 1.688039
 O 5.712673 -2.125465 -3.974678
 O 4.401868 -0.185450 -1.149723
 O 0.487160 4.305474 4.019549
 O -4.480455 0.649805 -3.449643
 O 0.114502 -3.783737 -0.739926
 O 5.106449 4.207335 -6.519119
 O 3.222811 6.519497 5.746583
 O -5.445368 5.270277 -2.491243
 O -0.016147 1.073238 -2.590988
 O -3.922310 -3.879754 -1.022349
 O -2.956373 5.624801 3.076625
 O -2.446580 3.365096 4.204710
 O -1.667407 -1.901776 -0.466383
 O -1.387596 -1.615868 5.292716
 O 0.296042 1.919670 5.914094
 O -4.818699 2.925895 1.549633
 O 3.607322 4.641533 -1.787633
 O 1.537228 -5.747282 -3.936058
 O -3.132322 4.444172 -3.140321
 O 5.017054 0.873701 6.597182
 O -1.638016 0.892873 2.037800
 O 0.037567 -1.724347 -3.781565
 O 0.245063 -3.669093 -5.881327
 O 6.791464 -6.056197 3.949648
 O 3.704489 -2.884671 1.127540
 O 5.926586 -0.969119 2.985944
 O 1.458550 3.760763 -4.304118
 O -1.565704 -7.053364 0.212630
 O -5.058993 -1.585330 -6.438752
 O -4.299337 1.551842 -0.824071
 O 5.349476 3.707356 -3.801983
 O 1.629375 -0.713551 -1.541902
 O -4.712940 -3.455192 1.892566
 O 1.761384 3.021164 1.817236
 H -4.675439 -2.203400 -0.841220
 H -4.681957 -0.874424 -1.595830
 H 2.732275 -1.684589 6.185523
 H 2.731648 -2.843092 5.183096
 H -5.874283 5.790132 -4.751362
 H -4.722850 6.915804 -4.768478
 H 1.554889 2.370540 -1.141767
 H 1.797777 3.889615 -1.233085
 H -5.337835 0.504660 3.159372
 H -4.439642 1.129215 4.183916
 H -0.245789 7.001773 5.474302
 H -0.019113 6.468308 6.861114
 H -0.808899 -6.040485 -1.825190
 H -0.279992 -5.309621 -3.077668
 H 3.403367 1.754875 3.886492
 H 1.969446 1.324622 4.590947
 H -3.310281 -7.188431 5.855996
 H -1.802028 -6.623655 5.946518
 H 1.905530 -1.645074 2.966369
 H 2.780468 -2.672548 2.560237
 H 1.599659 -7.052250 2.675675
 H 2.117463 -5.595525 2.626451
 H -3.509874 -4.248197 4.978029
 H -3.940215 -4.130095 3.553331
 H -5.209502 -7.857627 0.873344
 H -4.662502 -6.978905 -0.356020
 H -3.363552 -4.057323 -3.780084
 H -3.208797 -5.551324 -3.432843
 H 3.075147 -2.844287 -2.405126
 H 1.713278 -3.348915 -1.714359
 H -2.282897 3.379934 -1.729092
 H -1.378892 3.304964 -0.339127
 H -1.984497 -2.925042 1.218622
 H -0.685213 -2.432372 1.848699
 H 1.146142 -3.928403 3.552796
 H -0.215110 -4.432317 3.190300
 H 5.070874 -5.232831 -5.191920
 H 4.354406 -3.738780 -5.397909
 H 4.252366 4.786163 2.169678
 H 5.480764 5.306837 3.002535
 H 6.064702 -3.530074 3.382859
 H 4.882735 -3.240413 4.231544
 H -1.542388 -2.090013 -3.422352
 H -3.009802 -1.771747 -3.883898
 H -0.263070 2.983827 -4.618249
 H -1.402722 2.130658 -4.315229
 H 4.394869 2.749791 2.002326
 H 3.353722 1.576408 1.867687
 H 2.087575 0.823025 -4.037777
 H 2.771504 2.168715 -3.611061
 H -5.210879 2.744501 -6.035923
 H -4.635192 2.315456 -4.807436
 H 5.151448 -6.339800 0.393972
 H 5.956853 -5.798665 -0.791292
 H 0.495295 -0.635417 -6.578189
 H 0.546543 0.646668 -5.768606
 H -2.231854 0.185763 -5.958953
 H -2.538459 0.042636 -4.466358
 H 0.725974 -0.012596 1.527493
 H 1.428316 -1.102831 0.818515
 H 5.200607 -2.952914 -4.051356
 H 5.648950 -1.695760 -3.107700
 H 4.613929 0.663342 -0.737271
 H 4.997717 -0.799738 -0.709632
 H 0.694550 5.023812 4.673788
 H -0.379224 4.553862 3.571765
 H -4.841378 1.523262 -3.203242
 H -4.900531 0.360803 -4.285267
 H -0.829724 -4.026697 -0.813527
 H 0.128573 -3.492033 0.187539
 H 4.874693 5.055562 -6.952702
 H 5.613637 3.619705 -7.105224
 H 2.969572 6.448031 4.801291
 H 3.240742 7.496787 5.814713
 H -6.241346 5.031339 -2.978344
 H -4.780077 4.610983 -2.747567
 H -0.911618 0.671381 -2.633170
 H -0.084149 1.995899 -2.243082
 H -4.341333 -3.750113 -1.911879
 H -3.960377 -4.833720 -0.900262
 H -3.591480 5.698080 2.339197
 H -3.281357 6.208637 3.790864
 H -2.961094 4.144374 3.849100
 H -3.027136 2.596238 4.308587
 H -1.828246 -2.195955 -1.387096
 H -2.133731 -1.043020 -0.553999
 H -1.763089 -2.208098 4.611010
 H -1.272562 -2.165117 6.089706
 H 0.709098 2.666687 5.400261
 H -0.645302 2.172322 5.983522
 H -5.259198 2.220470 2.043460
 H -3.906563 2.990762 1.874196
 H 3.744208 5.550066 -1.444260
 H 4.230147 4.653489 -2.553081
 H 2.320997 -5.701924 -4.542400
 H 1.895484 -5.264821 -3.148785
 H -3.039501 4.032830 -4.031344
 H -2.182535 4.726225 -3.158806
 H 4.539638 0.701518 7.437038
 H 4.289833 1.193700 6.016151
 H -1.611682 -0.079611 1.999123
 H -2.370371 0.952404 2.659536
 H 0.619988 -1.934791 -3.024685
 H 0.247785 -0.817504 -4.126519
 H -0.072374 -3.191400 -5.075757
 H 1.078826 -3.117319 -6.036044
 H 6.638421 -5.936564 4.923529
 H 6.514656 -5.193400 3.598052
 H 4.058996 -3.797978 1.005115
 H 3.070820 -2.851676 0.369200
 H 5.443595 -1.041819 2.145101
 H 5.201211 -1.105169 3.621141
 H 1.752118 3.881225 -5.232258
 H 1.740143 4.589552 -3.811306
 H -1.748601 -7.055264 1.176366
 H -2.395604 -7.318953 -0.233241
 H -5.534846 -1.838426 -5.615484
 H -4.706286 -2.430760 -6.805323
 H -3.471760 1.227408 -0.427152
 H -4.312344 2.486410 -0.568106
 H 5.225173 3.867856 -4.786009
 H 4.790829 2.939125 -3.592576
 H 2.520183 -0.320405 -1.534377
 H 1.073998 -0.105082 -2.093173
 H -5.672274 -3.540959 1.734167
 H -4.557194 -2.531511 2.180357
 H 1.108020 3.401951 2.457862
 H 1.349609 3.172701 0.917360
K_POINTS
 1
0.0 0.0 0.0 1.0