
&control
    calculation='scf'
    pseudo_dir = './',
    outdir='./outputs',
    disk_io='high'
/
&system
    ibrav= 1, celldm(1)=20.000000, nat=  192, ntyp= 2,
    ecutwfc = 30.0, nosym=.true., occupations='smearing',
    smearing='m-v', degauss=0.025
/
&electrons
    conv_thr =  1.0d-8,
    mixing_beta = 0.7
/
&ions
    pot_extrapolation='second-order'
    wfc_extrapolation='second-order'
    ion_temperature = 'andersen'
    tempw = 1000

/
ATOMIC_SPECIES
 H  1.01  H.blyp-hgh.UPF
 O  16.0  O.blyp-hgh.UPF
ATOMIC_POSITIONS bohr
 O -5.289732 -1.480295 -1.100030
 O 2.715326 -2.677164 6.167620
 O -5.436863 6.440326 -5.325024
 O 1.100312 3.221880 -0.990611
 O -5.064577 1.413342 3.497740
 O -0.176177 6.136446 5.951436
 O -1.076947 -5.397880 -2.506278
 O 2.921979 1.126917 4.491098
 O -2.752077 -6.396162 5.704520
 O 2.225602 -2.488136 3.416968
 O 2.420965 -6.525325 2.547487
 O -3.400028 -3.643486 4.216894
 O -4.797748 -6.982304 0.612834
 O -3.905140 -4.865993 -3.600226
 O 2.620951 -3.607604 -2.014636
 O -2.045179 2.903235 -0.917694
 O -1.466893 -2.982822 2.062633
 O 0.647127 -4.789318 3.478553
 O 4.652535 -4.441058 -4.788149
 O 5.237550 4.730292 2.210171
 O 5.187013 -3.920684 3.592830
 O -2.505708 -2.310136 -3.246335
 O -1.232030 3.089541 -4.487445
 O 4.266150 1.790257 2.145832
 O 2.865182 1.201206 -3.606081
 O -4.469860 3.033223 -5.462295
 O 5.069772 -5.734857 -0.379112
 O 0.977270 -0.239745 -5.823884
 O -2.125610 0.661902 -5.098084
 O 0.975036 -0.948858 1.690538
 O 5.713421 -2.127328 -3.975516
 O 4.402177 -0.186220 -1.153822
 O 0.488442 4.308881 4.017536
 O -4.479385 0.647749 -3.446619
 O 0.110830 -3.783808 -0.741561
 O 5.108239 4.209257 -6.527333
 O 3.231713 6.522083 5.747651
 O -5.446370 5.274748 -2.489611
 O -0.015226 1.072294 -2.593861
 O -3.927549 -3.880719 -1.020570
 O -2.954410 5.625156 3.075738
 O -2.452242 3.365277 4.202277
 O -1.669380 -1.901760 -0.466957
 O -1.387686 -1.614615 5.292181
 O 0.298177 1.918173 5.916502
 O -4.815746 2.928262 1.547351
 O 3.610891 4.646851 -1.788944
 O 1.535207 -5.748104 -3.933418
 O -3.128905 4.445535 -3.142357
 O 5.023149 0.876181 6.596758
 O -1.635687 0.893373 2.034853
 O 0.037699 -1.724367 -3.780628
 O 0.246825 -3.668999 -5.878280
 O 6.795255 -6.057684 3.948355
 O 3.706148 -2.883275 1.129040
 O 5.927609 -0.973958 2.987426
 O 1.455204 3.760250 -4.302509
 O -1.566795 -7.059320 0.218841
 O -5.054760 -1.583425 -6.443672
 O -4.299644 1.553266 -0.819904
 O 5.350553 3.709318 -3.804818
 O 1.627725 -0.716538 -1.541627
 O -4.713261 -3.459774 1.898963
 O 1.760615 3.024511 1.822146
 H -4.679941 -2.208495 -0.842523
 H -4.675325 -0.890956 -1.595353
 H 2.734931 -1.684420 6.192916
 H 2.741817 -2.843702 5.186221
 H -5.866809 5.788617 -4.747744
 H -4.713784 6.904886 -4.772702
 H 1.570065 2.371034 -1.148597
 H 1.791038 3.893346 -1.231112
 H -5.336150 0.499674 3.173090
 H -4.428237 1.131379 4.183339
 H -0.248080 6.999103 5.470456
 H -0.024360 6.463015 6.864953
 H -0.810193 -6.037906 -1.819440
 H -0.292189 -5.311241 -3.089079
 H 3.409411 1.762889 3.899562
 H 1.971258 1.316591 4.578657
 H -3.304648 -7.195763 5.856824
 H -1.796192 -6.620682 5.922435
 H 1.906943 -1.647275 2.962277
 H 2.766161 -2.689441 2.569977
 H 1.591108 -7.038992 2.676417
 H 2.137248 -5.594114 2.623922
 H -3.524536 -4.250286 4.973877
 H -3.935531 -4.127036 3.555087
 H -5.206930 -7.854635 0.885064
 H -4.668002 -6.983538 -0.361334
 H -3.367184 -4.049530 -3.787577
 H -3.216511 -5.552244 -3.427681
 H 3.077124 -2.853133 -2.405764
 H 1.711101 -3.343396 -1.724967
 H -2.286177 3.400714 -1.724268
 H -1.395529 3.310229 -0.324383
 H -1.976230 -2.924648 1.214796
 H -0.681621 -2.426869 1.842476
 H 1.142003 -3.927786 3.546344
 H -0.219892 -4.440509 3.187196
 H 5.061546 -5.230569 -5.208830
 H 4.355103 -3.741526 -5.404255
 H 4.249843 4.779932 2.165939
 H 5.465497 5.297567 3.010482
 H 6.066289 -3.529311 3.387422
 H 4.891736 -3.236641 4.229468
 H -1.537887 -2.092889 -3.421502
 H -3.011820 -1.766898 -3.875826
 H -0.264378 2.976000 -4.610565
 H -1.416177 2.137503 -4.316877
 H 4.399842 2.747732 1.997349
 H 3.353392 1.576569 1.867480
 H 2.089373 0.829606 -4.041498
 H 2.777236 2.169955 -3.613143
 H -5.217075 2.753474 -6.033790
 H -4.642206 2.324336 -4.801470
 H 5.149890 -6.345579 0.394741
 H 5.955462 -5.800550 -0.788210
 H 0.475220 -0.640479 -6.569830
 H 0.548821 0.648916 -5.763848
 H -2.244042 0.188699 -5.958056
 H -2.534913 0.042915 -4.462604
 H 0.708279 -0.015431 1.525342
 H 1.416983 -1.106024 0.817795
 H 5.197889 -2.954143 -4.052047
 H 5.650178 -1.707732 -3.103508
 H 4.599421 0.665440 -0.735968
 H 4.992702 -0.796656 -0.702582
 H 0.690598 5.028652 4.673167
 H -0.374637 4.541767 3.575231
 H -4.841374 1.525543 -3.213608
 H -4.904579 0.350368 -4.277066
 H -0.829023 -4.039716 -0.816305
 H 0.123932 -3.498045 0.187370
 H 4.883308 5.052976 -6.969045
 H 5.615931 3.620290 -7.109855
 H 2.975269 6.444575 4.805268
 H 3.244523 7.497819 5.825394
 H -6.241524 5.038867 -2.983692
 H -4.792867 4.613399 -2.769614
 H -0.911177 0.675782 -2.640447
 H -0.073395 1.990441 -2.233335
 H -4.323495 -3.745433 -1.918806
 H -3.948055 -4.833641 -0.906070
 H -3.589777 5.688903 2.335737
 H -3.292657 6.204982 3.788886
 H -2.955420 4.147901 3.836213
 H -3.037557 2.600140 4.298219
 H -1.827738 -2.192064 -1.388496
 H -2.122822 -1.036767 -0.556288
 H -1.765274 -2.211360 4.615029
 H -1.282199 -2.161323 6.093120
 H 0.703464 2.668710 5.393830
 H -0.647571 2.175489 5.970147
 H -5.262456 2.228077 2.044014
 H -3.897926 2.981513 1.861542
 H 3.745502 5.556196 -1.444843
 H 4.220251 4.649867 -2.565814
 H 2.312657 -5.690247 -4.549267
 H 1.888964 -5.256363 -3.147645
 H -3.039693 4.021465 -4.027823
 H -2.172117 4.713656 -3.153486
 H 4.541817 0.698837 7.435891
 H 4.296642 1.191408 6.018231
 H -1.602570 -0.079456 2.016363
 H -2.359187 0.962891 2.660268
 H 0.614891 -1.937654 -3.022036
 H 0.245647 -0.813842 -4.123276
 H -0.068581 -3.173384 -5.082090
 H 1.082852 -3.124475 -6.055435
 H 6.646369 -5.933883 4.923416
 H 6.530862 -5.194466 3.584899
 H 4.065878 -3.795486 1.009219
 H 3.072001 -2.843194 0.372860
 H 5.446230 -1.035022 2.144298
 H 5.200770 -1.119485 3.618269
 H 1.758356 3.880961 -5.228997
 H 1.749386 4.589219 -3.813083
 H -1.761981 -7.057152 1.180832
 H -2.389654 -7.332374 -0.236336
 H -5.540486 -1.841286 -5.628863
 H -4.710578 -2.427202 -6.820401
 H -3.468011 1.229322 -0.432072
 H -4.318119 2.487251 -0.562138
 H 5.239902 3.867433 -4.791035
 H 4.785720 2.939355 -3.615378
 H 2.519617 -0.321692 -1.539418
 H 1.063595 -0.098735 -2.080075
 H -5.672244 -3.557089 1.749600
 H -4.565263 -2.536322 2.191362
 H 1.104901 3.394485 2.467742
 H 1.340914 3.163817 0.923607
K_POINTS
 1
0.0 0.0 0.0 1.0