
&control
    calculation='scf'
    pseudo_dir = './',
    outdir='./outputs',
    disk_io='high'
/
&system
    ibrav= 1, celldm(1)=20.000000, nat=  192, ntyp= 2,
    ecutwfc = 30.0, nosym=.true., occupations='smearing',
    smearing='m-v', degauss=0.025
/
&electrons
    conv_thr =  1.0d-8,
    mixing_beta = 0.7
/
&ions
    pot_extrapolation='second-order'
    wfc_extrapolation='second-order'
    ion_temperature = 'andersen'
    tempw = 1000

/
ATOMIC_SPECIES
 H  1.01  H.blyp-hgh.UPF
 O  16.0  O.blyp-hgh.UPF
ATOMIC_POSITIONS bohr
 O -5.290895 -1.480299 -1.094926
 O 2.712169 -2.677267 6.168056
 O -5.439383 6.443405 -5.323973
 O 1.102468 3.217557 -0.991212
 O -5.064395 1.410163 3.502007
 O -0.171743 6.135008 5.951555
 O -1.080393 -5.400791 -2.506790
 O 2.925254 1.128958 4.493049
 O -2.754301 -6.400027 5.701925
 O 2.221662 -2.486366 3.423444
 O 2.421900 -6.527730 2.544464
 O -3.398703 -3.643282 4.218434
 O -4.796875 -6.985913 0.608487
 O -3.905455 -4.860032 -3.602279
 O 2.618001 -3.611145 -2.011301
 O -2.041760 2.907747 -0.922220
 O -1.466481 -2.981776 2.057653
 O 0.645265 -4.791889 3.479373
 O 4.650334 -4.440109 -4.785480
 O 5.233444 4.730756 2.211513
 O 5.188478 -3.922765 3.594179
 O -2.503010 -2.306645 -3.243705
 O -1.229600 3.092205 -4.487540
 O 4.268254 1.789037 2.139846
 O 2.864572 1.202304 -3.602746
 O -4.471153 3.037233 -5.461252
 O 5.068386 -5.734136 -0.373717
 O 0.974085 -0.240913 -5.827694
 O -2.130232 0.661635 -5.098842
 O 0.972747 -0.947007 1.692877
 O 5.714238 -2.129082 -3.976448
 O 4.402396 -0.186948 -1.157958
 O 0.489689 4.312299 4.015442
 O -4.478311 0.645646 -3.443651
 O 0.107188 -3.783908 -0.743136
 O 5.109998 4.211147 -6.535469
 O 3.240622 6.524715 5.748640
 O -5.447382 5.279335 -2.487854
 O -0.014346 1.071326 -2.596794
 O -3.932827 -3.881562 -1.018852
 O -2.952420 5.625509 3.074741
 O -2.457849 3.365399 4.199849
 O -1.671435 -1.901575 -0.467593
 O -1.387802 -1.613258 5.291649
 O 0.300273 1.916974 5.918748
 O -4.812774 2.930803 1.544891
 O 3.614418 4.652204 -1.790304
 O 1.533315 -5.748928 -3.930728
 O -3.125230 4.446892 -3.144490
 O 5.029242 0.878687 6.596389
 O -1.633324 0.893788 2.031854
 O 0.037746 -1.724408 -3.779659
 O 0.248596 -3.668753 -5.875178
 O 6.799048 -6.059208 3.947169
 O 3.707750 -2.881938 1.130467
 O 5.928630 -0.978855 2.988874
 O 1.451983 3.759796 -4.300873
 O -1.567847 -7.065251 0.225039
 O -5.050501 -1.581575 -6.448591
 O -4.300031 1.554584 -0.815810
 O 5.351555 3.711269 -3.807768
 O 1.626034 -0.719585 -1.541324
 O -4.713601 -3.464375 1.905405
 O 1.759725 3.027871 1.826982
 H -4.684862 -2.213929 -0.843504
 H -4.669445 -0.907190 -1.594771
 H 2.737507 -1.684707 6.200562
 H 2.751672 -2.843799 5.189430
 H -5.858745 5.787111 -4.744008
 H -4.705590 6.893617 -4.776906
 H 1.585146 2.371916 -1.155331
 H 1.784261 3.896857 -1.229193
 H -5.335089 0.495408 3.187179
 H -4.417017 1.133774 4.183044
 H -0.249983 6.996158 5.466671
 H -0.029189 6.457562 6.868660
 H -0.811373 -6.035234 -1.813522
 H -0.304444 -5.313022 -3.100410
 H 3.414629 1.770422 3.912560
 H 1.973317 1.308832 4.566093
 H -3.298563 -7.202688 5.857794
 H -1.790907 -6.617654 5.898029
 H 1.907558 -1.649537 2.959391
 H 2.752093 -2.707258 2.580797
 H 1.582989 -7.025506 2.677297
 H 2.156557 -5.592906 2.621295
 H -3.538610 -4.252476 4.970141
 H -3.930623 -4.123459 3.556088
 H -5.203977 -7.851410 0.896549
 H -4.673978 -6.988637 -0.366344
 H -3.370951 -4.042188 -3.794806
 H -3.224473 -5.552873 -3.422393
 H 3.078930 -2.861492 -2.406556
 H 1.709382 -3.337779 -1.735626
 H -2.289122 3.421833 -1.719270
 H -1.411932 3.316288 -0.310232
 H -1.967827 -2.924318 1.211319
 H -0.678320 -2.421364 1.836512
 H 1.137939 -3.927244 3.539991
 H -0.225028 -4.448949 3.183791
 H 5.052665 -5.227363 -5.226072
 H 4.355697 -3.744884 -5.411125
 H 4.247578 4.774106 2.162328
 H 5.450425 5.287733 3.017474
 H 6.067825 -3.528349 3.391832
 H 4.900418 -3.233198 4.227402
 H -1.533479 -2.095761 -3.420950
 H -3.014001 -1.762054 -3.867682
 H -0.265449 2.969336 -4.602674
 H -1.430492 2.144708 -4.318820
 H 4.404751 2.745635 1.992282
 H 3.353089 1.577382 1.867280
 H 2.090771 0.836373 -4.045604
 H 2.782128 2.171389 -3.615590
 H -5.223068 2.763074 -6.032037
 H -4.648340 2.333546 -4.795357
 H 5.148457 -6.351220 0.395298
 H 5.953910 -5.802466 -0.785173
 H 0.455163 -0.645681 -6.561147
 H 0.551716 0.651194 -5.759524
 H -2.255925 0.191703 -5.956908
 H -2.531589 0.043676 -4.458823
 H 0.690393 -0.018334 1.523849
 H 1.405384 -1.109436 0.817182
 H 5.195447 -2.955797 -4.052063
 H 5.651329 -1.719971 -3.099005
 H 4.585084 0.667862 -0.734610
 H 4.988468 -0.794180 -0.695337
 H 0.685928 5.033420 4.672279
 H -0.369507 4.529413 3.579864
 H -4.841432 1.527379 -3.223471
 H -4.908913 0.340092 -4.268705
 H -0.828144 -4.052991 -0.819707
 H 0.119588 -3.503899 0.187331
 H 4.892015 5.050140 -6.985465
 H 5.618060 3.621260 -7.114933
 H 2.980737 6.440495 4.808977
 H 3.248352 7.498605 5.836595
 H -6.242147 5.045904 -2.988806
 H -4.805300 4.615965 -2.791704
 H -0.910447 0.680831 -2.647362
 H -0.063073 1.984683 -2.223608
 H -4.305175 -3.741373 -1.925258
 H -3.935824 -4.834143 -0.911676
 H -3.588484 5.679816 2.332062
 H -3.303728 6.201150 3.787132
 H -2.949605 4.151248 3.823228
 H -3.048283 2.604377 4.287880
 H -1.827306 -2.188830 -1.389923
 H -2.111813 -1.030508 -0.557883
 H -1.767585 -2.214806 4.619092
 H -1.291640 -2.157881 6.096129
 H 0.697177 2.670223 5.387686
 H -0.649841 2.178944 5.956708
 H -5.265434 2.235715 2.045001
 H -3.889458 2.971986 1.849111
 H 3.747020 5.562377 -1.444916
 H 4.210070 4.645784 -2.578386
 H 2.303589 -5.678477 -4.556042
 H 1.882425 -5.247849 -3.146767
 H -3.040625 4.009737 -4.024369
 H -2.162167 4.701377 -3.147611
 H 4.544081 0.696160 7.434618
 H 4.303319 1.188935 6.019996
 H -1.592972 -0.079680 2.033206
 H -2.348722 0.974276 2.661652
 H 0.610056 -1.940080 -3.019260
 H 0.243855 -0.810962 -4.120376
 H -0.064552 -3.155775 -5.088545
 H 1.086338 -3.132530 -6.074749
 H 6.654687 -5.931400 4.923055
 H 6.546718 -5.195848 3.571834
 H 4.072840 -3.792726 1.013416
 H 3.073641 -2.834656 0.376518
 H 5.448927 -1.028073 2.143110
 H 5.200484 -1.133346 3.615853
 H 1.764570 3.880874 -5.225208
 H 1.758082 4.588294 -3.815604
 H -1.775620 -7.058806 1.185002
 H -2.383685 -7.345777 -0.238756
 H -5.546384 -1.844113 -5.642149
 H -4.714807 -2.423167 -6.835424
 H -3.464261 1.231709 -0.437038
 H -4.323809 2.488088 -0.555709
 H 5.254649 3.866842 -4.795800
 H 4.780729 2.939434 -3.638204
 H 2.519661 -0.323047 -1.544585
 H 1.053324 -0.092199 -2.066292
 H -5.672021 -3.572920 1.764404
 H -4.573647 -2.541315 2.202254
 H 1.102388 3.386668 2.477483
 H 1.332633 3.154876 0.930409
K_POINTS
 1
0.0 0.0 0.0 1.0