
&control
    calculation='scf'
    pseudo_dir = './',
    outdir='./outputs',
    disk_io='high'
/
&system
    ibrav= 1, celldm(1)=20.000000, nat=  192, ntyp= 2,
    ecutwfc = 30.0, nosym=.true., occupations='smearing',
    smearing='m-v', degauss=0.025
/
&electrons
    conv_thr =  1.0d-8,
    mixing_beta = 0.7
/
&ions
    pot_extrapolation='second-order'
    wfc_extrapolation='second-order'
    ion_temperature = 'andersen'
    tempw = 1000

/
ATOMIC_SPECIES
 H  1.01  H.blyp-hgh.UPF
 O  16.0  O.blyp-hgh.UPF
ATOMIC_POSITIONS bohr
 O -5.291445 -1.480295 -1.092381
 O 2.710624 -2.677296 6.168244
 O -5.440656 6.444945 -5.323494
 O 1.103572 3.215377 -0.991513
 O -5.064285 1.408479 3.504176
 O -0.169527 6.134307 5.951621
 O -1.082133 -5.402266 -2.507064
 O 2.926931 1.129974 4.494043
 O -2.755434 -6.401963 5.700649
 O 2.219733 -2.485460 3.426598
 O 2.422403 -6.528946 2.542951
 O -3.398063 -3.643199 4.219256
 O -4.796418 -6.987700 0.606310
 O -3.905567 -4.857029 -3.603323
 O 2.616506 -3.612955 -2.009615
 O -2.040061 2.909936 -0.924480
 O -1.466240 -2.981230 2.055149
 O 0.644319 -4.793127 3.479789
 O 4.649202 -4.439632 -4.784115
 O 5.231347 4.731003 2.212210
 O 5.189223 -3.923764 3.594866
 O -2.501658 -2.304901 -3.242395
 O -1.228372 3.093507 -4.487578
 O 4.269323 1.788404 2.136855
 O 2.864328 1.202844 -3.601050
 O -4.471843 3.039191 -5.460735
 O 5.067683 -5.733773 -0.370995
 O 0.972500 -0.241564 -5.829571
 O -2.132547 0.661453 -5.099241
 O 0.971610 -0.946048 1.693986
 O 5.714669 -2.129920 -3.976948
 O 4.402473 -0.187293 -1.160038
 O 0.490314 4.314008 4.014373
 O -4.477775 0.644580 -3.442189
 O 0.105379 -3.783969 -0.743901
 O 5.110867 4.212079 -6.539508
 O 3.245078 6.526045 5.749109
 O -5.447894 5.281666 -2.486936
 O -0.013916 1.070833 -2.598282
 O -3.935478 -3.881933 -1.018014
 O -2.951419 5.625687 3.074199
 O -2.460629 3.365440 4.198636
 O -1.672491 -1.901419 -0.467933
 O -1.387869 -1.612544 5.291385
 O 0.301296 1.916498 5.919806
 O -4.811279 2.932137 1.543598
 O 3.616164 4.654893 -1.791003
 O 1.532419 -5.749339 -3.929364
 O -3.123294 4.447568 -3.145590
 O 5.032289 0.879946 6.596232
 O -1.632124 0.893962 2.030331
 O 0.037736 -1.724435 -3.779166
 O 0.249485 -3.668574 -5.873609
 O 6.800945 -6.059982 3.946615
 O 3.708532 -2.881291 1.131157
 O 5.929140 -0.981324 2.989584
 O 1.450424 3.759595 -4.300048
 O -1.568360 -7.068207 0.228135
 O -5.048362 -1.580669 -6.451052
 O -4.300256 1.555204 -0.813792
 O 5.352027 3.712238 -3.809288
 O 1.625174 -0.721126 -1.541164
 O -4.713776 -3.466683 1.908643
 O 1.759235 3.029553 1.829372
 H -4.687493 -2.216783 -0.843860
 H -4.666771 -0.915149 -1.594465
 H 2.738756 -1.685028 6.204468
 H 2.756477 -2.843651 5.191040
 H -5.854504 5.786364 -4.742105
 H -4.701817 6.887880 -4.779001
 H 1.592630 2.372539 -1.158653
 H 1.780873 3.898545 -1.228258
 H -5.334802 0.493522 3.194344
 H -4.411503 1.135071 4.182975
 H -0.250777 6.994576 5.464825
 H -0.031450 6.454782 6.870447
 H -0.811911 -6.033847 -1.810532
 H -0.310577 -5.313985 -3.106033
 H 3.416934 1.774016 3.919014
 H 1.974408 1.305065 4.559718
 H -3.295356 -7.206020 5.858332
 H -1.788488 -6.616129 5.885725
 H 1.907569 -1.650676 2.958401
 H 2.745179 -2.716501 2.586576
 H 1.579095 -7.018682 2.677786
 H 2.166030 -5.592356 2.619944
 H -3.545416 -4.253608 4.968454
 H -3.928109 -4.121492 3.556251
 H -5.202370 -7.849743 0.902186
 H -4.677150 -6.991375 -0.368732
 H -3.372871 -4.038710 -3.798317
 H -3.228537 -5.553051 -3.419708
 H 3.079776 -2.865494 -2.407013
 H 1.708663 -3.334933 -1.740954
 H -2.290469 3.432496 -1.716673
 H -1.420033 3.319623 -0.303367
 H -1.963627 -2.924173 1.209643
 H -0.676832 -2.418654 1.833651
 H 1.135923 -3.927013 3.536857
 H -0.227697 -4.453268 3.181988
 H 5.048374 -5.225377 -5.234754
 H 4.355953 -3.746788 -5.414710
 H 4.246512 4.771345 2.160567
 H 5.442979 5.282633 3.020636
 H 6.068574 -3.527811 3.393969
 H 4.904615 -3.231599 4.226386
 H -1.531321 -2.097185 -3.420793
 H -3.015143 -1.759630 -3.863587
 H -0.265849 2.966428 -4.598662
 H -1.437966 2.148429 -4.319906
 H 4.407177 2.744580 1.989711
 H 3.352951 1.578036 1.867187
 H 2.091313 0.839818 -4.047804
 H 2.784259 2.172183 -3.616946
 H -5.225963 2.768107 -6.031284
 H -4.651081 2.338277 -4.792261
 H 5.147785 -6.353982 0.395498
 H 5.953060 -5.803429 -0.783664
 H 0.445151 -0.648321 -6.556678
 H 0.553394 0.652321 -5.757536
 H -2.261758 0.193216 -5.956264
 H -2.530018 0.044225 -4.456918
 H 0.681392 -0.019820 1.523346
 H 1.399494 -1.111215 0.816907
 H 5.194347 -2.956766 -4.051828
 H 5.651884 -1.726181 -3.096642
 H 4.577976 0.669159 -0.733925
 H 4.986639 -0.793159 -0.691644
 H 0.683322 5.035768 4.671734
 H -0.366858 4.523178 3.582555
 H -4.841477 1.528115 -3.228205
 H -4.911179 0.335012 -4.264465
 H -0.827648 -4.059720 -0.821640
 H 0.117524 -3.506766 0.187363
 H 4.896393 5.048659 -6.993704
 H 5.619075 3.621868 -7.117647
 H 2.983382 6.438245 4.810722
 H 3.250276 7.498915 5.842366
 H -6.242620 5.049275 -2.991238
 H -4.811363 4.617316 -2.802732
 H -0.910001 0.683591 -2.650682
 H -0.058084 1.981702 -2.218751
 H -4.295848 -3.739589 -1.928314
 H -3.929745 -4.834637 -0.914411
 H -3.587976 5.675307 2.330164
 H -3.309171 6.199153 3.786326
 H -2.946648 4.152856 3.816703
 H -3.053771 2.606612 4.282720
 H -1.827122 -2.187463 -1.390653
 H -2.106277 -1.027372 -0.558418
 H -1.768783 -2.216589 4.621139
 H -1.296288 -2.156279 6.097478
 H 0.693806 2.670756 5.384747
 H -0.650916 2.180740 5.949982
 H -5.266807 2.239545 2.045654
 H -3.885313 2.967114 1.842973
 H 3.747877 5.565472 -1.444789
 H 4.204876 4.643598 -2.584589
 H 2.298771 -5.672561 -4.559369
 H 1.879149 -5.243586 -3.146446
 H -3.041349 4.003759 -4.022659
 H -2.157405 4.695338 -3.144495
 H 4.545266 0.694826 7.433914
 H 4.306572 1.187649 6.020725
 H -1.587999 -0.079923 2.041481
 H -2.343791 0.980308 2.662615
 H 0.607751 -1.941123 -3.017813
 H 0.243090 -0.809838 -4.119041
 H -0.062432 -3.147123 -5.091821
 H 1.087854 -3.136890 -6.084346
 H 6.658979 -5.930221 4.922765
 H 6.554524 -5.196683 3.565358
 H 4.076335 -3.791236 1.015530
 H 3.074630 -2.830385 0.378331
 H 5.450304 -1.024540 2.142383
 H 5.200396 -1.140104 3.614815
 H 1.767655 3.880881 -5.223111
 H 1.762209 4.587598 -3.817130
 H -1.782530 -7.059542 1.186968
 H -2.380696 -7.352463 -0.239710
 H -5.549428 -1.845516 -5.648749
 H -4.716891 -2.420984 -6.842914
 H -3.462383 1.233084 -0.439535
 H -4.326618 2.488497 -0.552323
 H 5.262030 3.866503 -4.798083
 H 4.778293 2.939427 -3.649610
 H 2.519881 -0.323764 -1.547214
 H 1.048262 -0.088892 -2.059133
 H -5.671847 -3.580722 1.771563
 H -4.577957 -2.543875 2.207656
 H 1.101365 3.382635 2.482289
 H 1.328650 3.150391 0.934020
K_POINTS
 1
0.0 0.0 0.0 1.0