
&control
    calculation='scf'
    pseudo_dir = './',
    outdir='./outputs',
    disk_io='high'
/
&system
    ibrav= 1, celldm(1)=20.000000, nat=  192, ntyp= 2,
    ecutwfc = 30.0, nosym=.true., occupations='smearing',
    smearing='m-v', degauss=0.025
/
&electrons
    conv_thr =  1.0d-8,
    mixing_beta = 0.7
/
&ions
    pot_extrapolation='second-order'
    wfc_extrapolation='second-order'
    ion_temperature = 'andersen'
    tempw = 1000

/
ATOMIC_SPECIES
 H  1.01  H.blyp-hgh.UPF
 O  16.0  O.blyp-hgh.UPF
ATOMIC_POSITIONS bohr
 O -5.291975 -1.480291 -1.089839
 O 2.709103 -2.677310 6.168415
 O -5.441938 6.446485 -5.323047
 O 1.104695 3.213182 -0.991817
 O -5.064160 1.406732 3.506372
 O -0.167311 6.133616 5.951690
 O -1.083886 -5.403754 -2.507348
 O 2.928635 1.130986 4.495052
 O -2.756578 -6.403899 5.699387
 O 2.217831 -2.484540 3.429697
 O 2.422930 -6.530172 2.541436
 O -3.397437 -3.643128 4.220114
 O -4.795946 -6.989473 0.604130
 O -3.905651 -4.854013 -3.604378
 O 2.615000 -3.614790 -2.007918
 O -2.038371 2.912084 -0.926741
 O -1.465969 -2.980667 2.052638
 O 0.643361 -4.794334 3.480209
 O 4.648050 -4.439155 -4.782738
 O 5.229223 4.731259 2.212922
 O 5.189977 -3.924733 3.595560
 O -2.500304 -2.303158 -3.241089
 O -1.227139 3.094791 -4.487610
 O 4.270405 1.787755 2.133865
 O 2.864125 1.203378 -3.599334
 O -4.472563 3.041118 -5.460221
 O 5.066973 -5.733410 -0.368257
 O 0.970919 -0.242259 -5.831428
 O -2.134862 0.661241 -5.099653
 O 0.970475 -0.945067 1.695057
 O 5.715114 -2.130735 -3.977469
 O 4.402529 -0.187624 -1.162123
 O 0.490949 4.315714 4.013295
 O -4.477239 0.643504 -3.440742
 O 0.103579 -3.784038 -0.744652
 O 5.111728 4.213001 -6.543526
 O 3.249536 6.527382 5.749562
 O -5.448411 5.284017 -2.485997
 O -0.013491 1.070335 -2.599785
 O -3.938136 -3.882270 -1.017189
 O -2.950415 5.625867 3.073627
 O -2.463393 3.365468 4.197424
 O -1.673566 -1.901221 -0.468287
 O -1.387944 -1.611808 5.291123
 O 0.302299 1.916107 5.920816
 O -4.809777 2.933513 1.542264
 O 3.617899 4.657590 -1.791713
 O 1.531555 -5.749748 -3.927988
 O -3.121293 4.448243 -3.146712
 O 5.035337 0.881209 6.596098
 O -1.630910 0.894111 2.028792
 O 0.037704 -1.724465 -3.778668
 O 0.250377 -3.668357 -5.872029
 O 6.802843 -6.060763 3.946087
 O 3.709303 -2.880658 1.131836
 O 5.929649 -0.983808 2.990284
 O 1.448899 3.759413 -4.299218
 O -1.568864 -7.071157 0.231229
 O -5.046219 -1.579775 -6.453513
 O -4.300501 1.555798 -0.811793
 O 5.352478 3.713200 -3.810841
 O 1.624304 -0.722675 -1.541000
 O -4.713954 -3.468997 1.911894
 O 1.758714 3.031237 1.831746
 H -4.690244 -2.219732 -0.844118
 H -4.664265 -0.922978 -1.594162
 H 2.739974 -1.685468 6.208424
 H 2.761199 -2.843368 5.192638
 H -5.850132 5.785623 -4.740185
 H -4.698258 6.882090 -4.781092
 H 1.600068 2.373300 -1.161940
 H 1.777493 3.900196 -1.227342
 H -5.334682 0.491784 3.201580
 H -4.406067 1.136440 4.182944
 H -0.251460 6.992921 5.463021
 H -0.033611 6.451971 6.872181
 H -0.812410 -6.032419 -1.807542
 H -0.316706 -5.315001 -3.111622
 H 3.419039 1.777502 3.925425
 H 1.975524 1.301377 4.553284
 H -3.292044 -7.209278 5.858907
 H -1.786229 -6.614600 5.873365
 H 1.907384 -1.651814 2.957711
 H 2.738361 -2.725957 2.592580
 H 1.575311 -7.011806 2.678305
 H 2.175382 -5.591831 2.618567
 H -3.552062 -4.254763 4.966898
 H -3.925567 -4.119414 3.556161
 H -5.200683 -7.848057 0.907744
 H -4.680445 -6.994244 -0.371044
 H -3.374807 -4.035371 -3.801757
 H -3.232648 -5.553126 -3.416999
 H 3.080585 -2.869383 -2.407512
 H 1.708021 -3.332061 -1.746270
 H -2.291733 3.443210 -1.713992
 H -1.428063 3.323163 -0.296637
 H -1.959458 -2.924041 1.207970
 H -0.675480 -2.415994 1.830884
 H 1.133908 -3.926816 3.533757
 H -0.230413 -4.457656 3.180126
 H 5.044172 -5.223125 -5.243442
 H 4.356182 -3.748840 -5.418370
 H 4.245473 4.768685 2.158831
 H 5.435601 5.277430 3.023591
 H 6.069312 -3.527247 3.396057
 H 4.908702 -3.230081 4.225387
 H -1.529199 -2.098596 -3.420718
 H -3.016315 -1.757201 -3.859478
 H -0.266136 2.963795 -4.594611
 H -1.445645 2.152220 -4.321068
 H 4.409582 2.743524 1.987115
 H 3.352823 1.578856 1.867099
 H 2.091749 0.843301 -4.050101
 H 2.786182 2.173029 -3.618387
 H -5.228780 2.773295 -6.030603
 H -4.653607 2.343091 -4.789149
 H 5.147140 -6.356703 0.395645
 H 5.952152 -5.804392 -0.782160
 H 0.435155 -0.650978 -6.552120
 H 0.555225 0.653428 -5.755670
 H -2.267523 0.194726 -5.955587
 H -2.528513 0.044880 -4.455002
 H 0.672360 -0.021333 1.523004
 H 1.393548 -1.113039 0.816647
 H 5.193339 -2.957819 -4.051438
 H 5.652429 -1.732446 -3.094209
 H 4.570905 0.670493 -0.733245
 H 4.984992 -0.792273 -0.687909
 H 0.680536 5.038087 4.671122
 H -0.364226 4.516927 3.585458
 H -4.841528 1.528723 -3.232804
 H -4.913507 0.329968 -4.260186
 H -0.827120 -4.066508 -0.823726
 H 0.115527 -3.509594 0.187428
 H 4.900785 5.047152 -7.001960
 H 5.620062 3.622547 -7.120482
 H 2.985967 6.435869 4.812391
 H 3.252201 7.499176 5.848238
 H -6.243196 5.052567 -2.993568
 H -4.817317 4.618725 -2.813730
 H -0.909520 0.686500 -2.653910
 H -0.053214 1.978659 -2.213898
 H -4.286417 -3.737975 -1.931262
 H -3.923688 -4.835298 -0.917105
 H -3.587548 5.670823 2.328237
 H -3.314547 6.197095 3.785559
 H -2.943660 4.154420 3.810160
 H -3.059348 2.608921 4.277566
 H -1.826961 -2.186265 -1.391397
 H -2.100722 -1.024228 -0.558780
 H -1.770008 -2.218405 4.623195
 H -1.300889 -2.154750 6.098720
 H 0.690295 2.671126 5.381907
 H -0.651920 2.182560 5.943264
 H -5.268096 2.243382 2.046412
 H -3.881241 2.962168 1.836884
 H 3.748807 5.568559 -1.444567
 H 4.199613 4.641331 -2.590723
 H 2.293762 -5.666626 -4.562646
 H 1.875872 -5.239327 -3.146215
 H -3.042233 3.997716 -4.020956
 H -2.152804 4.689362 -3.141277
 H 4.546497 0.693497 7.433155
 H 4.309752 1.186340 6.021333
 H -1.582918 -0.080244 2.049660
 H -2.339067 0.986565 2.663766
 H 0.605526 -1.942050 -3.016322
 H 0.242415 -0.808932 -4.117776
 H -0.060231 -3.138573 -5.095131
 H 1.089209 -3.141468 -6.093886
 H 6.663357 -5.929076 4.922395
 H 6.562251 -5.197628 3.558931
 H 4.079831 -3.789669 1.017644
 H 3.075730 -2.826123 0.380124
 H 5.451705 -1.020969 2.141577
 H 5.200342 -1.146748 3.613888
 H 1.770717 3.880913 -5.220881
 H 1.766181 4.586742 -3.818825
 H -1.789496 -7.060218 1.188851
 H -2.377705 -7.359134 -0.240493
 H -5.552533 -1.846911 -5.655316
 H -4.718949 -2.418697 -6.850390
 H -3.460501 1.234581 -0.442040
 H -4.329399 2.488895 -0.548822
 H 5.269417 3.866147 -4.800298
 H 4.775904 2.939395 -3.661005
 H 2.520213 -0.324518 -1.549872
 H 1.043263 -0.085575 -2.051793
 H -5.671638 -3.588447 1.778557
 H -4.582346 -2.546474 2.213026
 H 1.100497 3.378525 2.487049
 H 1.324770 3.145901 0.937769
K_POINTS
 1
0.0 0.0 0.0 1.0