
&control
    calculation='scf'
    pseudo_dir = './',
    outdir='./outputs',
    disk_io='high'
/
&system
    ibrav= 1, celldm(1)=20.000000, nat=  192, ntyp= 2,
    ecutwfc = 30.0, nosym=.true., occupations='smearing',
    smearing='m-v', degauss=0.025
/
&electrons
    conv_thr =  1.0d-8,
    mixing_beta = 0.7
/
&ions
    pot_extrapolation='second-order'
    wfc_extrapolation='second-order'
    ion_temperature = 'andersen'
    tempw = 1000

/
ATOMIC_SPECIES
 H  1.01  H.blyp-hgh.UPF
 O  16.0  O.blyp-hgh.UPF
ATOMIC_POSITIONS bohr
 O -5.292972 -1.480288 -1.084761
 O 2.706133 -2.677295 6.168709
 O -5.444528 6.449558 -5.322246
 O 1.106998 3.208736 -0.992427
 O -5.063857 1.403064 3.510845
 O -0.162883 6.132270 5.951834
 O -1.087434 -5.406773 -2.507943
 O 2.932130 1.132992 4.497116
 O -2.758895 -6.407762 5.696899
 O 2.214097 -2.482668 3.435739
 O 2.424054 -6.532656 2.538403
 O -3.396225 -3.643019 4.221946
 O -4.794954 -6.992966 0.599767
 O -3.905739 -4.847943 -3.606523
 O 2.611960 -3.618533 -2.004497
 O -2.035011 2.916255 -0.931276
 O -1.465318 -2.979484 2.047608
 O 0.641405 -4.796647 3.481055
 O 4.645692 -4.438209 -4.779966
 O 5.224894 4.731789 2.214382
 O 5.191515 -3.926581 3.596973
 O -2.497592 -2.299680 -3.238485
 O -1.224668 3.097307 -4.487651
 O 4.272603 1.786407 2.127890
 O 2.863839 1.204430 -3.595848
 O -4.474096 3.044881 -5.459203
 O 5.065537 -5.732682 -0.362734
 O 0.967769 -0.243782 -5.835086
 O -2.139494 0.660734 -5.100506
 O 0.968211 -0.943040 1.697083
 O 5.716039 -2.132298 -3.978570
 O 4.402585 -0.188240 -1.166304
 O 0.492274 4.319114 4.011126
 O -4.476175 0.641329 -3.437893
 O 0.100008 -3.784200 -0.746113
 O 5.113431 4.214813 -6.551504
 O 3.258457 6.530070 5.750428
 O -5.449464 5.288768 -2.484069
 O -0.012644 1.069324 -2.602831
 O -3.943473 -3.882839 -1.015572
 O -2.948407 5.626234 3.072391
 O -2.468869 3.365484 4.195003
 O -1.675768 -1.900696 -0.469036
 O -1.388116 -1.610274 5.290605
 O 0.304226 1.915599 5.922688
 O -4.806751 2.936387 1.539482
 O 3.621329 4.663004 -1.793169
 O 1.529926 -5.750559 -3.925201
 O -3.117091 4.449585 -3.149018
 O 5.041439 0.883742 6.595907
 O -1.628437 0.894334 2.025664
 O 0.037570 -1.724532 -3.777662
 O 0.252167 -3.667816 -5.868841
 O 6.806642 -6.062347 3.945104
 O 3.710811 -2.879434 1.133163
 O 5.930662 -0.988816 2.991651
 O 1.445962 3.759109 -4.297549
 O -1.569847 -7.077043 0.237414
 O -5.041919 -1.578020 -6.458437
 O -4.301056 1.556911 -0.807855
 O 5.353313 3.715096 -3.814043
 O 1.622539 -0.725789 -1.540658
 O -4.714320 -3.473644 1.918430
 O 1.757584 3.034603 1.836441
 H -4.696128 -2.225929 -0.844323
 H -4.659722 -0.938178 -1.593608
 H 2.742306 -1.686699 6.216472
 H 2.770387 -2.842394 5.195758
 H -5.841015 5.784157 -4.736312
 H -4.691762 6.870400 -4.785265
 H 1.614772 2.375278 -1.168393
 H 1.770775 3.903410 -1.225570
 H -5.334962 0.488693 3.216236
 H -4.395470 1.139408 4.182953
 H -0.252474 6.989394 5.459571
 H -0.037637 6.446267 6.875468
 H -0.813277 -6.029410 -1.801614
 H -0.328929 -5.317210 -3.122677
 H 3.422672 1.784176 3.938084
 H 1.977797 1.294249 4.540250
 H -3.285126 -7.215622 5.860167
 H -1.782218 -6.611547 5.848512
 H 1.906438 -1.654064 2.957218
 H 2.725055 -2.745484 2.605200
 H 1.568080 -6.997911 2.679432
 H 2.193723 -5.590838 2.615737
 H -3.564862 -4.257132 4.964199
 H -3.920429 -4.114949 3.555150
 H -5.197093 -7.844680 0.918603
 H -4.687409 -7.000396 -0.375445
 H -3.378692 -4.029133 -3.808422
 H -3.240992 -5.552932 -3.411517
 H 3.082101 -2.876848 -2.408628
 H 1.706912 -3.326240 -1.756835
 H -2.294015 3.464741 -1.708325
 H -1.443917 3.330848 -0.283582
 H -1.951296 -2.923808 1.204518
 H -0.673242 -2.410874 1.825659
 H 1.129866 -3.926538 3.527663
 H -0.235928 -4.466648 3.176242
 H 5.036016 -5.217793 -5.260727
 H 4.356555 -3.753370 -5.425838
 H 4.243416 4.763665 2.155432
 H 5.421080 5.266772 3.028944
 H 6.070754 -3.526064 3.400068
 H 4.916513 -3.227281 4.223464
 H -1.525080 -2.101360 -3.420826
 H -3.018732 -1.752328 -3.851224
 H -0.266310 2.959321 -4.586398
 H -1.461597 2.159988 -4.323631
 H 4.414329 2.741421 1.981845
 H 3.352596 1.580995 1.866946
 H 2.092320 0.850372 -4.054975
 H 2.789414 2.174869 -3.621519
 H -5.234146 2.784126 -6.029427
 H -4.658027 2.352959 -4.782894
 H 5.145929 -6.362016 0.395790
 H 5.950149 -5.806305 -0.779157
 H 0.415233 -0.656320 -6.542729
 H 0.559341 0.655546 -5.752320
 H -2.278859 0.197709 -5.954182
 H -2.525716 0.046485 -4.451124
 H 0.654225 -0.024455 1.522794
 H 1.381504 -1.116805 0.816156
 H 5.191626 -2.960145 -4.050217
 H 5.653511 -1.745131 -3.089155
 H 4.556868 0.673201 -0.731932
 H 4.982211 -0.790860 -0.680340
 H 0.674429 5.042630 4.669705
 H -0.359236 4.504431 3.591781
 H -4.841641 1.529530 -3.241578
 H -4.918341 0.319992 -4.251507
 H -0.825974 -4.080248 -0.828345
 H 0.111726 -3.515132 0.187656
 H 4.909590 5.044109 -7.018526
 H 5.621973 3.624081 -7.126523
 H 2.990955 6.430781 4.815501
 H 3.256039 7.499570 5.860241
 H -6.244642 5.058970 -2.997853
 H -4.828886 4.621752 -2.835575
 H -0.908513 0.692746 -2.660090
 H -0.043839 1.972401 -2.204208
 H -4.267263 -3.735268 -1.936855
 H -3.911645 -4.837114 -0.922385
 H -3.586900 5.661931 2.324338
 H -3.325087 6.192768 3.784123
 H -2.937594 4.157417 3.797028
 H -3.070779 2.613748 4.267273
 H -1.826716 -2.184369 -1.392925
 H -2.089570 -1.017915 -0.558987
 H -1.772524 -2.222119 4.627336
 H -1.309950 -2.151890 6.100882
 H 0.682901 2.671357 5.376543
 H -0.653630 2.186209 5.929885
 H -5.270400 2.251087 2.048228
 H -3.873362 2.952050 1.824839
 H 3.750904 5.574680 -1.443889
 H 4.188886 4.636600 -2.602748
 H 2.283164 -5.654706 -4.569016
 H 1.869312 -5.230844 -3.146044
 H -3.044448 3.985477 -4.017545
 H -2.144128 4.677587 -3.134589
 H 4.549127 0.690858 7.431447
 H 4.315841 1.183673 6.022140
 H -1.572449 -0.081072 2.065739
 H -2.330246 0.999750 2.666633
 H 0.601332 -1.943544 -3.013197
 H 0.241334 -0.807795 -4.115443
 H -0.055562 -3.121779 -5.101855
 H 1.091408 -3.151259 -6.112753
 H 6.672359 -5.926870 4.921404
 H 6.577481 -5.199882 3.546267
 H 4.086805 -3.786297 1.021846
 H 3.078247 -2.817651 0.383617
 H 5.454589 -1.013711 2.139759
 H 5.200335 -1.159689 3.612356
 H 1.776756 3.881026 -5.216034
 H 1.773641 4.584559 -3.822681
 H -1.803584 -7.061382 1.192357
 H -2.371728 -7.372416 -0.241551
 H -5.558913 -1.849674 -5.668354
 H -4.722972 -2.413843 -6.865308
 H -3.456722 1.237946 -0.447071
 H -4.334876 2.489633 -0.541488
 H 5.284208 3.865411 -4.804526
 H 4.771298 2.939282 -3.683735
 H 2.521145 -0.326164 -1.555270
 H 1.033490 -0.078964 -2.036561
 H -5.671129 -3.603666 1.792036
 H -4.591354 -2.551774 2.223673
 H 1.099224 3.370092 2.496420
 H 1.317316 3.136921 0.945665
K_POINTS
 1
0.0 0.0 0.0 1.0