
&control
    calculation='scf'
    pseudo_dir = './',
    outdir='./outputs',
    disk_io='high'
/
&system
    ibrav= 1, celldm(1)=20.000000, nat=  192, ntyp= 2,
    ecutwfc = 30.0, nosym=.true., occupations='smearing',
    smearing='m-v', degauss=0.025
/
&electrons
    conv_thr =  1.0d-8,
    mixing_beta = 0.7
/
&ions
    pot_extrapolation='second-order'
    wfc_extrapolation='second-order'
    ion_temperature = 'andersen'
    tempw = 1000

/
ATOMIC_SPECIES
 H  1.01  H.blyp-hgh.UPF
 O  16.0  O.blyp-hgh.UPF
ATOMIC_POSITIONS bohr
 O -5.296543 -1.480694 -1.061905
 O 2.694099 -2.676717 6.169566
 O -5.456602 6.463065 -5.320108
 O 1.118334 3.187543 -0.995273
 O -5.061288 1.384186 3.532575
 O -0.143090 6.126652 5.952426
 O -1.104211 -5.421082 -2.510822
 O 2.949192 1.141505 4.507408
 O -2.769428 -6.424598 5.686147
 O 2.198219 -2.473937 3.460799
 O 2.430230 -6.544327 2.524774
 O -3.391357 -3.643074 4.232412
 O -4.789587 -7.007440 0.580278
 O -3.905189 -4.820216 -3.616663
 O 2.598236 -3.636340 -1.988914
 O -2.020107 2.933469 -0.952045
 O -1.459938 -2.973056 2.025403
 O 0.631683 -4.805316 3.484826
 O 4.634283 -4.434334 -4.768231
 O 5.204308 4.734045 2.221077
 O 5.199093 -3.933316 3.603738
 O -2.485371 -2.284261 -3.226869
 O -1.213905 3.108062 -4.487460
 O 4.283099 1.779491 2.101061
 O 2.864199 1.209014 -3.579442
 O -4.482520 3.060488 -5.454838
 O 5.058935 -5.729408 -0.337176
 O 0.953648 -0.252858 -5.850587
 O -2.160159 0.657494 -5.104594
 O 0.957893 -0.932852 1.704462
 O 5.720486 -2.138437 -3.984152
 O 4.402266 -0.190215 -1.184779
 O 0.500440 4.333902 4.001842
 O -4.471585 0.631259 -3.425891
 O 0.084445 -3.785351 -0.752023
 O 5.120783 4.222318 -6.586483
 O 3.298709 6.542022 5.753770
 O -5.454565 5.310232 -2.475396
 O -0.008412 1.064686 -2.617121
 O -3.967716 -3.884085 -1.008612
 O -2.939728 5.628120 3.065144
 O -2.492595 3.364987 4.184128
 O -1.686424 -1.896326 -0.473044
 O -1.389360 -1.602671 5.288378
 O 0.310897 1.918188 5.928398
 O -4.792702 2.951123 1.525444
 O 3.636030 4.687618 -1.800245
 O 1.524090 -5.753977 -3.912090
 O -3.095085 4.455445 -3.160301
 O 5.068986 0.895149 6.596609
 O -1.616706 0.893807 2.011021
 O 0.035775 -1.725019 -3.773044
 O 0.260226 -3.663801 -5.854243
 O 6.823894 -6.069797 3.941669
 O 3.717265 -2.874470 1.139086
 O 5.935058 -1.011972 2.997105
 O 1.434726 3.758724 -4.290020
 O -1.573897 -7.103322 0.265326
 O -5.022565 -1.570505 -6.480465
 O -4.304626 1.560833 -0.791120
 O 5.355783 3.722811 -3.830151
 O 1.614352 -0.739635 -1.538988
 O -4.716083 -3.494955 1.948366
 O 1.751287 3.049513 1.856832
 H -4.729804 -2.258793 -0.839415
 H -4.645495 -0.996355 -1.593549
 H 2.750522 -1.697030 6.254288
 H 2.807368 -2.831033 5.206608
 H -5.795320 5.777882 -4.719294
 H -4.671694 6.818621 -4.804114
 H 1.677274 2.392711 -1.194981
 H 1.741981 3.917469 -1.218792
 H -5.345617 0.477577 3.283770
 H -4.353965 1.156756 4.182647
 H -0.250570 6.970650 5.447812
 H -0.051193 6.419855 6.886404
 H -0.814442 -6.012457 -1.778355
 H -0.382427 -5.330812 -3.169314
 H 3.431033 1.811095 3.990199
 H 1.987753 1.266412 4.479367
 H -3.250308 -7.244152 5.867917
 H -1.773950 -6.598496 5.736272
 H 1.893416 -1.662824 2.968374
 H 2.672298 -2.841760 2.668838
 H 1.541108 -6.933609 2.685737
 H 2.270706 -5.586891 2.601607
 H -3.613760 -4.267984 4.958837
 H -3.897135 -4.090381 3.534694
 H -5.178359 -7.831592 0.962358
 H -4.724956 -7.035562 -0.392623
 H -3.394368 -4.008276 -3.835019
 H -3.279079 -5.545261 -3.386192
 H 3.086999 -2.907240 -2.415034
 H 1.702323 -3.298707 -1.801851
 H -2.300474 3.560172 -1.675481
 H -1.512907 3.373700 -0.232440
 H -1.921082 -2.923060 1.182143
 H -0.672596 -2.392778 1.808355
 H 1.110397 -3.927757 3.502555
 H -0.259281 -4.510903 3.157215
 H 5.002777 -5.179984 -5.332044
 H 4.356532 -3.779397 -5.458129
 H 4.231802 4.745938 2.140871
 H 5.361004 5.217973 3.047890
 H 6.076773 -3.521203 3.414800
 H 4.943934 -3.218235 4.217038
 H -1.509323 -2.112018 -3.425928
 H -3.029971 -1.729992 -3.813558
 H -0.258875 2.950492 -4.547899
 H -1.541569 2.197141 -4.339487
 H 4.434577 2.732435 1.956797
 H 3.351874 1.598699 1.866739
 H 2.091616 0.883816 -4.080257
 H 2.794441 2.184749 -3.639076
 H -5.252966 2.839624 -6.025953
 H -4.668462 2.400471 -4.755064
 H 5.141480 -6.383840 0.394632
 H 5.937465 -5.814144 -0.765626
 H 0.327954 -0.679493 -6.495312
 H 0.584864 0.661991 -5.744307
 H -2.327430 0.208964 -5.949248
 H -2.517410 0.057373 -4.432559
 H 0.572647 -0.040695 1.529185
 H 1.325515 -1.134955 0.813482
 H 5.190402 -2.972694 -4.038758
 H 5.659167 -1.804225 -3.064895
 H 4.495190 0.682600 -0.728339
 H 4.975307 -0.787198 -0.647024
 H 0.638671 5.061355 4.660975
 H -0.352298 4.450455 3.623132
 H -4.841996 1.525845 -3.273356
 H -4.942486 0.276784 -4.210461
 H -0.819259 -4.144100 -0.855866
 H 0.097086 -3.538412 0.189734
 H 4.949003 5.031985 -7.093560
 H 5.630193 3.632282 -7.159970
 H 3.010527 6.404656 4.826464
 H 3.272229 7.500132 5.916450
 H -6.255186 5.087406 -3.007813
 H -4.875433 4.641451 -2.927796
 H -0.906617 0.726475 -2.683498
 H -0.008070 1.942020 -2.161081
 H -4.177232 -3.731942 -1.958082
 H -3.858598 -4.850557 -0.944922
 H -3.585572 5.623438 2.308156
 H -3.368313 6.168750 3.778103
 H -2.908866 4.168640 3.737813
 H -3.127235 2.638568 4.221134
 H -1.827224 -2.183478 -1.400061
 H -2.039126 -0.988871 -0.551926
 H -1.784398 -2.238899 4.646446
 H -1.348399 -2.141302 6.105332
 H 0.646521 2.664188 5.357762
 H -0.653301 2.199967 5.872717
 H -5.275173 2.286862 2.060474
 H -3.844151 2.902862 1.772340
 H 3.765180 5.599930 -1.439358
 H 4.137650 4.614442 -2.651161
 H 2.226436 -5.600545 -4.593878
 H 1.840088 -5.194013 -3.150741
 H -3.059942 3.929991 -4.000819
 H -2.114847 4.627271 -3.103024
 H 4.564707 0.679385 7.420100
 H 4.337617 1.171529 6.017646
 H -1.521827 -0.084636 2.133908
 H -2.298157 1.068910 2.686572
 H 0.586919 -1.943834 -2.996737
 H 0.241238 -0.813513 -4.107828
 H -0.029008 -3.051091 -5.133691
 H 1.092264 -3.204403 -6.192119
 H 6.716320 -5.917252 4.912966
 H 6.642705 -5.217396 3.494054
 H 4.117113 -3.767408 1.038819
 H 3.093944 -2.781622 0.396067
 H 5.469606 -0.979263 2.130449
 H 5.202039 -1.212060 3.609797
 H 1.801856 3.881104 -5.189392
 H 1.798874 4.568502 -3.844957
 H -1.868768 -7.063349 1.203617
 H -2.345539 -7.430478 -0.238323
 H -5.589463 -1.861328 -5.725965
 H -4.738770 -2.388936 -6.932206
 H -3.439211 1.259168 -0.469933
 H -4.357939 2.490826 -0.503430
 H 5.351070 3.863311 -4.820537
 H 4.754951 2.939467 -3.783915
 H 2.526295 -0.337349 -1.580617
 H 0.994865 -0.051806 -1.959175
 H -5.667877 -3.668409 1.843822
 H -4.635502 -2.576431 2.269953
 H 1.100269 3.329805 2.536393
 H 1.288040 3.097143 0.986283
K_POINTS
 1
0.0 0.0 0.0 1.0