
&control
    calculation='scf'
    pseudo_dir = './',
    outdir='./outputs',
    disk_io='high'
/
&system
    ibrav= 1, celldm(1)=20.000000, nat=  192, ntyp= 2,
    ecutwfc = 30.0, nosym=.true., occupations='smearing',
    smearing='m-v', degauss=0.025
/
&electrons
    conv_thr =  1.0d-8,
    mixing_beta = 0.7
/
&ions
    pot_extrapolation='second-order'
    wfc_extrapolation='second-order'
    ion_temperature = 'andersen'
    tempw = 1000

/
ATOMIC_SPECIES
 H  1.01  H.blyp-hgh.UPF
 O  16.0  O.blyp-hgh.UPF
ATOMIC_POSITIONS bohr
 O -5.262452 -1.554839 -1.392966
 O 3.964218 -2.171695 5.392919
 O -5.729589 5.332618 -5.516675
 O -0.172291 3.665029 -1.554681
 O -4.714220 0.742343 3.865076
 O -0.234636 5.441151 5.200927
 O -0.126199 -5.379447 -3.407735
 O 2.360511 0.237680 3.641278
 O -2.852659 -5.292366 5.632667
 O 1.916631 -2.949254 1.763438
 O 2.524694 -6.084363 2.906627
 O -4.154070 -3.041002 4.403154
 O -4.434954 -5.917226 0.722280
 O -3.581201 -5.684400 -3.684054
 O 2.201821 -2.745197 -2.209793
 O -1.880768 2.459326 1.273735
 O -1.141984 -1.534174 1.750958
 O 0.221326 -4.235307 3.701617
 O 5.431916 -4.200037 -4.960367
 O 5.507160 4.858897 2.186842
 O 5.963801 -2.976236 3.249664
 O -3.237591 -2.978111 -3.834959
 O -0.895454 2.613124 -4.940457
 O 3.890050 2.353037 2.856199
 O 2.325188 1.307321 -3.107825
 O -4.894057 2.792206 -6.168518
 O 4.451464 -5.959947 -1.247949
 O 1.966245 -1.306053 -4.595903
 O -2.026271 0.213081 -4.832913
 O 0.870894 -0.327267 0.701859
 O 4.776288 -1.748011 -3.744677
 O 5.174574 0.075923 -0.082009
 O -0.239511 4.543039 1.860114
 O -5.173998 0.719458 -4.007582
 O 0.725063 -3.814980 -0.365267
 O 4.592911 3.581780 -4.384130
 O 3.508106 5.475867 5.841622
 O -5.149411 3.736885 -1.862203
 O -0.376492 1.036650 -1.640814
 O -3.040290 -3.359972 -1.099467
 O -2.611639 5.462689 3.352121
 O -1.503171 2.804963 3.998373
 O -2.628715 -0.248762 -0.685903
 O -1.524644 -2.195368 4.897300
 O 0.697307 1.819311 4.916771
 O -4.778838 3.367058 1.428036
 O 2.830087 3.921124 -0.583383
 O 2.688188 -5.999164 -3.575878
 O -2.621635 4.565871 -2.319349
 O 5.572814 0.600502 5.294309
 O -3.076672 0.214689 1.976042
 O -0.659132 -2.407960 -2.333056
 O 0.011209 -3.266893 -5.496111
 O 5.703694 -5.969826 4.387694
 O 5.084117 -3.045322 -0.229335
 O 4.678074 -0.707758 2.440849
 O 1.096037 4.307361 -4.330232
 O -0.634401 -5.789605 0.464478
 O -5.542215 -1.395671 -5.754270
 O -4.635213 1.391676 -0.896845
 O 5.204744 1.586850 -2.656150
 O 2.769652 -0.275331 -1.014220
 O -5.288739 -1.228452 1.257214
 O 1.544127 2.655058 1.457226
 H -4.987083 -1.459257 -0.439121
 H -4.453726 -1.178310 -1.811168
 H 3.575087 -2.947480 5.838366
 H 3.258132 -1.727356 4.875288
 H -6.345299 4.891980 -4.886044
 H -5.752848 4.694221 -6.263646
 H 0.346232 3.121932 -0.915103
 H 0.471488 4.270444 -1.972645
 H -5.509879 0.169943 3.807367
 H -4.952768 1.336299 4.622584
 H 0.194016 6.317057 5.104454
 H -0.033432 5.100803 6.098035
 H -0.433240 -5.552491 -2.498388
 H -0.847124 -5.774545 -3.934207
 H 2.527130 1.163742 3.306636
 H 1.388461 0.148864 3.562366
 H -3.489870 -5.542010 6.341484
 H -1.979646 -5.373669 6.067905
 H 1.987113 -2.005189 1.436387
 H 2.813122 -3.338036 1.798595
 H 3.287058 -6.340355 2.344594
 H 1.743676 -6.534267 2.515892
 H -3.396984 -3.479364 3.967994
 H -4.424490 -2.271710 3.860600
 H -3.646150 -6.416630 0.422138
 H -4.359140 -5.040309 0.276957
 H -4.476153 -5.493691 -3.344863
 H -3.587434 -6.649815 -3.833204
 H 2.212049 -1.764324 -2.072279
 H 2.081083 -3.059350 -1.270774
 H -1.249106 3.081420 0.836885
 H -1.547661 1.555241 1.096880
 H -0.294341 -1.624183 1.246710
 H -0.859916 -1.645148 2.685261
 H 1.057007 -3.722369 3.553165
 H -0.364580 -3.790907 3.056619
 H 6.072807 -4.869325 -5.290566
 H 5.870659 -3.380272 -4.621918
 H 5.778380 5.490941 2.929407
 H 6.262561 5.057247 1.575048
 H 5.386871 -2.406804 2.687792
 H 6.403638 -3.675715 2.735628
 H -2.337390 -2.780972 -4.156004
 H -3.851553 -2.947684 -4.592513
 H -0.389044 2.933823 -4.167216
 H -1.154329 1.655771 -4.774566
 H 4.764997 2.565563 3.233801
 H 3.457173 3.212857 2.692519
 H 2.876811 1.035214 -3.865376
 H 1.915488 2.175270 -3.314664
 H -5.025272 2.217841 -5.365217
 H -3.971487 3.119439 -6.136651
 H 4.145071 -5.059249 -1.488956
 H 5.401170 -5.830758 -1.067332
 H 2.780449 -1.225916 -5.142838
 H 1.216381 -1.011864 -5.148559
 H -2.045905 -0.515349 -5.484242
 H -2.865959 0.700463 -4.939639
 H 1.089753 0.621217 0.894636
 H 1.265080 -0.424720 -0.195488
 H 3.988645 -2.201661 -3.350404
 H 5.387220 -1.672677 -2.976258
 H 5.263227 1.033654 -0.288971
 H 5.980960 -0.372344 -0.536053
 H -0.704775 3.942783 2.521497
 H -0.622310 5.432208 2.053640
 H -4.691791 0.940396 -3.180204
 H -6.130885 0.626914 -3.704490
 H 0.553938 -4.726184 -0.658670
 H 1.029510 -3.872219 0.574260
 H 3.654632 3.855604 -4.361125
 H 4.633228 2.806335 -4.976907
 H 3.288813 5.070736 4.971925
 H 2.757831 6.083588 5.977042
 H -5.752373 3.903278 -1.105544
 H -4.719096 4.615504 -2.001210
 H -0.007969 0.297830 -2.159997
 H -1.345774 0.773887 -1.595169
 H -2.963631 -3.127052 -2.078704
 H -2.587234 -4.230956 -1.126348
 H -3.406740 5.814398 2.897520
 H -2.654954 5.913304 4.247444
 H -1.467773 1.935591 3.535803
 H -2.241853 3.209524 3.497884
 H -2.177096 -1.088295 -0.465609
 H -2.996002 0.057381 0.188233
 H -2.487953 -2.229747 5.099612
 H -1.179220 -3.070063 5.181985
 H 1.532014 1.574072 5.354098
 H 0.169187 2.429134 5.479386
 H -5.260002 3.555942 2.260752
 H -3.876446 3.020120 1.627993
 H 3.379209 4.650516 -0.221040
 H 2.838387 4.131698 -1.536100
 H 3.622115 -5.795919 -3.820165
 H 2.196876 -5.185050 -3.830034
 H -2.480558 3.904704 -3.031729
 H -1.959267 4.239338 -1.660092
 H 5.986506 -0.188737 5.820941
 H 4.636380 0.320157 5.291941
 H -2.673409 -0.629162 2.256297
 H -3.800730 0.475603 2.621111
 H 0.023127 -3.103665 -2.410818
 H -0.430392 -2.039227 -1.459550
 H 0.381596 -3.309358 -4.587448
 H 0.796545 -3.025500 -6.025522
 H 4.950292 -5.682370 4.946623
 H 6.507560 -5.661581 4.838550
 H 5.779086 -3.426742 0.344155
 H 4.706559 -2.380584 0.381319
 H 4.616132 -0.241041 1.556627
 H 4.004819 -0.330396 3.062530
 H 1.364138 3.872546 -5.169877
 H 1.629906 5.179699 -4.324665
 H -1.001488 -6.604694 0.061513
 H -1.334290 -5.115892 0.576244
 H -5.382341 -1.966118 -6.537705
 H -4.713803 -0.973408 -5.449002
 H -4.031156 2.148601 -1.029188
 H -4.788751 1.407704 0.066906
 H 5.834019 2.342301 -2.677028
 H 4.339424 1.974385 -2.421927
 H 3.714373 -0.259701 -0.660899
 H 2.738363 0.358890 -1.780301
 H -6.118611 -0.810063 1.578482
 H -4.856320 -1.555372 2.061899
 H 0.905584 3.431102 1.384040
 H 2.251862 2.832370 0.792922
K_POINTS
 1
0.0 0.0 0.0 1.0