
&control
    calculation='scf'
    pseudo_dir = './',
    outdir='./outputs',
    disk_io='high'
/
&system
    ibrav= 1, celldm(1)=20.000000, nat=  192, ntyp= 2,
    ecutwfc = 30.0, nosym=.true., occupations='smearing',
    smearing='m-v', degauss=0.025
/
&electrons
    conv_thr =  1.0d-8,
    mixing_beta = 0.7
/
&ions
    pot_extrapolation='second-order'
    wfc_extrapolation='second-order'
    ion_temperature = 'andersen'
    tempw = 1000

/
ATOMIC_SPECIES
 H  1.01  H.blyp-hgh.UPF
 O  16.0  O.blyp-hgh.UPF
ATOMIC_POSITIONS bohr
 O -5.298164 -1.481666 -1.046587
 O 2.687428 -2.676258 6.169963
 O -5.465026 6.471480 -5.319902
 O 1.126789 3.172304 -0.997265
 O -5.058244 1.370248 3.548620
 O -0.130092 6.123029 5.952587
 O -1.116255 -5.431266 -2.512758
 O 2.961375 1.146403 4.515465
 O -2.776172 -6.434827 5.679150
 O 2.188277 -2.468277 3.476177
 O 2.435282 -6.552340 2.515800
 O -3.388754 -3.643789 4.241558
 O -4.785100 -7.015618 0.567700
 O -3.904559 -4.801668 -3.623742
 O 2.589422 -3.648673 -1.978667
 O -2.010058 2.944349 -0.966112
 O -1.453912 -2.967825 2.011407
 O 0.624102 -4.809546 3.487148
 O 4.626026 -4.432249 -4.762166
 O 5.189785 4.734918 2.224933
 O 5.204862 -3.936294 3.608635
 O -2.477313 -2.274311 -3.219185
 O -1.207368 3.114977 -4.486983
 O 4.290660 1.774140 2.083218
 O 2.865330 1.212151 -3.568311
 O -4.489287 3.070077 -5.452182
 O 5.054457 -5.727222 -0.319617
 O 0.944150 -0.261014 -5.860080
 O -2.173570 0.654935 -5.107268
 O 0.950657 -0.925164 1.708019
 O 5.723361 -2.141943 -3.987893
 O 4.402038 -0.190934 -1.196087
 O 0.508748 4.343110 3.996477
 O -4.468774 0.624290 -3.418712
 O 0.074497 -3.786565 -0.755400
 O 5.125476 4.226675 -6.609185
 O 3.325698 6.549413 5.755543
 O -5.458265 5.323759 -2.470626
 O -0.004699 1.061727 -2.626954
 O -3.983972 -3.884600 -1.004071
 O -2.934661 5.629666 3.058582
 O -2.507621 3.364170 4.176852
 O -1.694046 -1.891740 -0.476265
 O -1.390760 -1.597341 5.286942
 O 0.312874 1.924378 5.929612
 O -4.782961 2.962227 1.515225
 O 3.644985 4.704049 -1.805317
 O 1.521236 -5.756013 -3.902850
 O -3.078131 4.459041 -3.168519
 O 5.087250 0.902804 6.598429
 O -1.608841 0.891840 2.001451
 O 0.033529 -1.725808 -3.769782
 O 0.265364 -3.660090 -5.844504
 O 6.835684 -6.075182 3.939929
 O 3.721458 -2.871415 1.143511
 O 5.937721 -1.027885 2.999918
 O 1.429046 3.759077 -4.285158
 O -1.576269 -7.120650 0.284169
 O -5.009964 -1.565701 -6.494776
 O -4.307963 1.562689 -0.780794
 O 5.356046 3.726782 -3.842483
 O 1.608916 -0.748272 -1.537761
 O -4.717367 -3.509615 1.968709
 O 1.746503 3.058927 1.869916
 H -4.759657 -2.284578 -0.830550
 H -4.640375 -1.024110 -1.596701
 H 2.753413 -1.705934 6.280445
 H 2.827881 -2.816833 5.209275
 H -5.762844 5.773953 -4.709668
 H -4.664521 6.788325 -4.817139
 H 1.715568 2.411391 -1.210319
 H 1.724298 3.927218 -1.215343
 H -5.362050 0.468008 3.328827
 H -4.332934 1.171339 4.181308
 H -0.242891 6.957482 5.444088
 H -0.056475 6.402380 6.889835
 H -0.811982 -5.997712 -1.768408
 H -0.415865 -5.343936 -3.196132
 H 3.431905 1.829021 4.017773
 H 1.994831 1.251357 4.437444
 H -3.225165 -7.266510 5.875257
 H -1.778695 -6.591126 5.663456
 H 1.878124 -1.666493 2.985223
 H 2.644424 -2.910342 2.714192
 H 1.528077 -6.890097 2.690822
 H 2.317894 -5.585408 2.590654
 H -3.637959 -4.274081 4.959957
 H -3.880716 -4.069568 3.507011
 H -5.164459 -7.826612 0.986011
 H -4.755481 -7.066301 -0.403497
 H -3.400052 -3.999306 -3.850286
 H -3.302726 -5.533495 -3.369053
 H 3.088028 -2.927602 -2.419428
 H 1.697553 -3.279490 -1.828155
 H -2.301975 3.618191 -1.645302
 H -1.558591 3.405960 -0.207671
 H -1.909325 -2.922627 1.157659
 H -0.680134 -2.385264 1.802878
 H 1.095176 -3.930873 3.488559
 H -0.270684 -4.543638 3.144217
 H 4.984086 -5.144480 -5.368428
 H 4.354211 -3.798910 -5.474242
 H 4.219164 4.738375 2.131327
 H 5.327230 5.188821 3.061662
 H 6.080526 -3.519786 3.421052
 H 4.953461 -3.215071 4.215775
 H -1.502024 -2.116444 -3.433844
 H -3.036726 -1.714772 -3.787932
 H -0.247102 2.952290 -4.520736
 H -1.599142 2.223683 -4.354677
 H 4.447240 2.727000 1.939010
 H 3.351200 1.617320 1.867109
 H 2.091593 0.907511 -4.097541
 H 2.790382 2.191075 -3.652784
 H -5.260779 2.881262 -6.024260
 H -4.668587 2.433127 -4.737225
 H 5.139056 -6.396936 0.393528
 H 5.925755 -5.817973 -0.756836
 H 0.273625 -0.692539 -6.458591
 H 0.607191 0.662340 -5.746125
 H -2.358613 0.212736 -5.949388
 H -2.516597 0.066603 -4.418957
 H 0.519693 -0.053931 1.539215
 H 1.287307 -1.147119 0.810291
 H 5.196926 -2.981436 -4.027783
 H 5.664987 -1.844727 -3.049991
 H 4.455437 0.682815 -0.729673
 H 4.971700 -0.782640 -0.629347
 H 0.608493 5.072702 4.654808
 H -0.370075 4.417181 3.642327
 H -4.842125 1.516981 -3.286584
 H -4.960172 0.249386 -4.181281
 H -0.812471 -4.187208 -0.879160
 H 0.088422 -3.552990 0.191063
 H 4.974542 5.026913 -7.142861
 H 5.635669 3.637306 -7.187398
 H 3.021397 6.387455 4.832997
 H 3.280737 7.500241 5.953229
 H -6.265326 5.108658 -3.002582
 H -4.901880 4.663424 -2.978994
 H -0.911441 0.752364 -2.695480
 H 0.009810 1.920304 -2.133344
 H -4.114769 -3.737409 -1.969689
 H -3.824741 -4.858111 -0.959058
 H -3.584069 5.599634 2.300970
 H -3.392575 6.147633 3.773376
 H -2.888291 4.173729 3.699257
 H -3.169316 2.658056 4.190462
 H -1.829506 -2.188247 -1.403909
 H -2.005822 -0.969038 -0.541090
 H -1.792070 -2.248429 4.659465
 H -1.371820 -2.135298 6.104175
 H 0.624409 2.654600 5.348557
 H -0.644667 2.203926 5.840177
 H -5.272074 2.312603 2.070893
 H -3.831888 2.867167 1.738328
 H 3.780029 5.613370 -1.437790
 H 4.101581 4.601778 -2.676654
 H 2.182009 -5.564237 -4.607133
 H 1.821520 -5.171077 -3.158603
 H -3.072846 3.895402 -3.986619
 H -2.103327 4.596088 -3.084010
 H 4.578860 0.671963 7.409817
 H 4.347813 1.163144 6.007519
 H -1.487262 -0.082252 2.176017
 H -2.277277 1.121025 2.700479
 H 0.580965 -1.937501 -2.984313
 H 0.246024 -0.825004 -4.105559
 H -0.005214 -3.007912 -5.155722
 H 1.085067 -3.245575 -6.238266
 H 6.747920 -5.909783 4.905117
 H 6.683348 -5.236097 3.465024
 H 4.135861 -3.752605 1.046605
 H 3.107193 -2.760773 0.399280
 H 5.482151 -0.955072 2.126389
 H 5.204929 -1.241378 3.610369
 H 1.816303 3.879321 -5.170575
 H 1.808600 4.556090 -3.859595
 H -1.912727 -7.061407 1.207132
 H -2.329888 -7.466703 -0.229941
 H -5.609677 -1.867673 -5.764766
 H -4.746334 -2.371473 -6.977110
 H -3.426947 1.278587 -0.485426
 H -4.371940 2.488136 -0.474266
 H 5.395911 3.864845 -4.829174
 H 4.749712 2.941940 -3.847301
 H 2.526631 -0.349818 -1.597957
 H 0.975537 -0.038394 -1.900777
 H -5.665218 -3.708403 1.869749
 H -4.667828 -2.592404 2.299265
 H 1.105119 3.302587 2.562247
 H 1.270741 3.071910 1.014992
K_POINTS
 1
0.0 0.0 0.0 1.0