
&control
    calculation='scf'
    pseudo_dir = './',
    outdir='./outputs',
    disk_io='high'
/
&system
    ibrav= 1, celldm(1)=20.000000, nat=  192, ntyp= 2,
    ecutwfc = 30.0, nosym=.true., occupations='smearing',
    smearing='m-v', degauss=0.025
/
&electrons
    conv_thr =  1.0d-8,
    mixing_beta = 0.7
/
&ions
    pot_extrapolation='second-order'
    wfc_extrapolation='second-order'
    ion_temperature = 'andersen'
    tempw = 1000

/
ATOMIC_SPECIES
 H  1.01  H.blyp-hgh.UPF
 O  16.0  O.blyp-hgh.UPF
ATOMIC_POSITIONS bohr
 O -5.298905 -1.482704 -1.036356
 O 2.683644 -2.676146 6.170182
 O -5.470800 6.476679 -5.320230
 O 1.132796 3.161818 -0.998628
 O -5.055660 1.360716 3.559917
 O -0.121545 6.120477 5.952507
 O -1.124732 -5.438292 -2.514054
 O 2.969556 1.149233 4.521440
 O -2.780477 -6.441073 5.674455
 O 2.181929 -2.464866 3.486092
 O 2.439012 -6.557618 2.509908
 O -3.387437 -3.644710 4.248515
 O -4.781700 -7.020359 0.559615
 O -3.904340 -4.789433 -3.628534
 O 2.583741 -3.656868 -1.972015
 O -2.003160 2.951764 -0.975395
 O -1.449091 -2.964093 2.002390
 O 0.618501 -4.811791 3.488568
 O 4.620232 -4.431062 -4.759236
 O 5.179774 4.735044 2.226960
 O 5.209043 -3.937590 3.612094
 O -2.472043 -2.267873 -3.214088
 O -1.203340 3.119533 -4.486517
 O 4.295936 1.770298 2.071315
 O 2.866149 1.214419 -3.561082
 O -4.494074 3.076353 -5.450542
 O 5.051413 -5.725743 -0.307733
 O 0.937746 -0.267447 -5.866039
 O -2.182271 0.653210 -5.108963
 O 0.945595 -0.919713 1.709883
 O 5.725107 -2.144090 -3.990107
 O 4.402058 -0.191274 -1.202918
 O 0.515258 4.348972 3.993114
 O -4.467004 0.619446 -3.414325
 O 0.068018 -3.787617 -0.757440
 O 5.128576 4.229309 -6.624262
 O 3.343740 6.553910 5.756510
 O -5.460823 5.332143 -2.468273
 O -0.001742 1.059893 -2.633509
 O -3.994764 -3.885287 -1.001119
 O -2.931721 5.630820 3.053372
 O -2.517366 3.363391 4.171949
 O -1.699283 -1.888031 -0.478630
 O -1.392017 -1.593830 5.285964
 O 0.312972 1.930265 5.929343
 O -4.776354 2.970009 1.508282
 O 3.650477 4.714871 -1.808764
 O 1.519585 -5.757295 -3.896480
 O -3.066244 4.461242 -3.174244
 O 5.099217 0.908020 6.599991
 O -1.603865 0.889829 1.995569
 O 0.031617 -1.726768 -3.767403
 O 0.268509 -3.657402 -5.838083
 O 6.843742 -6.079123 3.938856
 O 3.724243 -2.869340 1.146867
 O 5.939363 -1.038664 3.001370
 O 1.425989 3.759342 -4.282061
 O -1.577710 -7.132100 0.296907
 O -5.001836 -1.562568 -6.504032
 O -4.310568 1.563679 -0.774218
 O 5.355560 3.728774 -3.851414
 O 1.605378 -0.753661 -1.536849
 O -4.718286 -3.519596 1.982416
 O 1.743361 3.064830 1.878487
 H -4.782996 -2.302781 -0.822371
 H -4.638859 -1.037892 -1.599908
 H 2.754031 -1.711367 6.298210
 H 2.839562 -2.804267 5.208851
 H -5.741528 5.771395 -4.704698
 H -4.661239 6.771662 -4.826276
 H 1.740231 2.425646 -1.219688
 H 1.712847 3.933829 -1.213346
 H -5.377142 0.459108 3.358629
 H -4.321590 1.181614 4.180239
 H -0.234879 6.949769 5.443368
 H -0.058523 6.391181 6.890666
 H -0.808497 -5.986738 -1.764792
 H -0.436896 -5.354693 -3.211448
 H 3.431622 1.842111 4.031980
 H 2.000913 1.242483 4.409373
 H -3.207845 -7.283781 5.881127
 H -1.786615 -6.587093 5.616919
 H 1.865783 -1.667729 2.998802
 H 2.628636 -2.955674 2.744939
 H 1.521505 -6.861349 2.694502
 H 2.348074 -5.585674 2.582506
 H -3.650302 -4.277104 4.961622
 H -3.868227 -4.053014 3.484350
 H -5.154751 -7.825164 0.998932
 H -4.778137 -7.090051 -0.411244
 H -3.400123 -3.994136 -3.859849
 H -3.316533 -5.522957 -3.357585
 H 3.087607 -2.942546 -2.421880
 H 1.693545 -3.266854 -1.843585
 H -2.302265 3.652513 -1.621724
 H -1.589445 3.426698 -0.196542
 H -1.904860 -2.922295 1.137916
 H -0.686910 -2.381150 1.801582
 H 1.083707 -3.933583 3.480714
 H -0.275800 -4.566485 3.135691
 H 4.973962 -5.118699 -5.386137
 H 4.351012 -3.810794 -5.481093
 H 4.208041 4.735165 2.124929
 H 5.307869 5.172287 3.073514
 H 6.083044 -3.520103 3.423518
 H 4.955416 -3.214206 4.216499
 H -1.498741 -2.117729 -3.441168
 H -3.040446 -1.704564 -3.770562
 H -0.237967 2.955609 -4.501808
 H -1.637267 2.242497 -4.367214
 H 4.455527 2.723506 1.926802
 H 3.350429 1.632359 1.867601
 H 2.093544 0.923682 -4.107762
 H 2.785186 2.194278 -3.662076
 H -5.264647 2.910119 -6.023246
 H -4.666737 2.454187 -4.725611
 H 5.137504 -6.405371 0.393418
 H 5.916974 -5.819590 -0.751397
 H 0.239861 -0.699545 -6.431964
 H 0.623702 0.660798 -5.750744
 H -2.379283 0.213101 -5.951235
 H -2.518426 0.073184 -4.409528
 H 0.485581 -0.063738 1.547895
 H 1.261648 -1.154704 0.807353
 H 5.204863 -2.987145 -4.020161
 H 5.670438 -1.871715 -3.041903
 H 4.429684 0.679509 -0.732585
 H 4.968128 -0.776913 -0.621300
 H 0.586309 5.080149 4.651639
 H -0.390317 4.395503 3.654694
 H -4.842441 1.508948 -3.291421
 H -4.972437 0.231692 -4.161059
 H -0.806227 -4.215373 -0.896165
 H 0.082501 -3.562614 0.191426
 H 4.991104 5.024975 -7.174390
 H 5.639140 3.640005 -7.207263
 H 3.027945 6.377591 4.838225
 H 3.284713 7.500254 5.976183
 H -6.273657 5.124641 -2.992787
 H -4.917451 4.683011 -3.006617
 H -0.918054 0.770643 -2.702085
 H 0.019196 1.905369 -2.115733
 H -4.072497 -3.743941 -1.976289
 H -3.803348 -4.859365 -0.967768
 H -3.582209 5.584856 2.298412
 H -3.406544 6.131162 3.769710
 H -2.873847 4.175832 3.674569
 H -3.198887 2.672750 4.170052
 H -1.832141 -2.192704 -1.405394
 H -1.984001 -0.955893 -0.531914
 H -1.796794 -2.253295 4.667995
 H -1.386374 -2.131438 6.102262
 H 0.613343 2.648386 5.342316
 H -0.636412 2.203486 5.822210
 H -5.266942 2.330890 2.078147
 H -3.826974 2.842427 1.715888
 H 3.792618 5.620674 -1.438468
 H 4.077293 4.595507 -2.690341
 H 2.150554 -5.539997 -4.615105
 H 1.809943 -5.156364 -3.165261
 H -3.081426 3.874608 -3.975134
 H -2.097546 4.576390 -3.073648
 H 4.589646 0.666890 7.402700
 H 4.354225 1.156917 5.998770
 H -1.465089 -0.076761 2.202806
 H -2.260081 1.156496 2.706730
 H 0.578127 -1.930106 -2.976038
 H 0.251649 -0.834245 -4.105694
 H 0.013649 -2.980501 -5.170253
 H 1.077713 -3.274075 -6.265748
 H 6.769603 -5.903724 4.900001
 H 6.709112 -5.250942 3.448393
 H 4.147760 -3.742690 1.049471
 H 3.116890 -2.748755 0.398502
 H 5.491706 -0.938698 2.125929
 H 5.207632 -1.258305 3.610921
 H 1.824932 3.876709 -5.159579
 H 1.812593 4.549694 -3.866689
 H -1.941663 -7.058514 1.207963
 H -2.320942 -7.489251 -0.222301
 H -5.622062 -1.870876 -5.791552
 H -4.749792 -2.360060 -7.007296
 H -3.418603 1.293655 -0.496016
 H -4.380853 2.484281 -0.453560
 H 5.425893 3.867916 -4.834428
 H 4.749141 2.945051 -3.887357
 H 2.524258 -0.360719 -1.609443
 H 0.965897 -0.032284 -1.859876
 H -5.663249 -3.733848 1.883004
 H -4.690453 -2.602415 2.318026
 H 1.108970 3.285136 2.579993
 H 1.259181 3.055873 1.033158
K_POINTS
 1
0.0 0.0 0.0 1.0