
&control
    calculation='scf'
    pseudo_dir = './',
    outdir='./outputs',
    disk_io='high'
/
&system
    ibrav= 1, celldm(1)=20.000000, nat=  192, ntyp= 2,
    ecutwfc = 30.0, nosym=.true., occupations='smearing',
    smearing='m-v', degauss=0.025
/
&electrons
    conv_thr =  1.0d-8,
    mixing_beta = 0.7
/
&ions
    pot_extrapolation='second-order'
    wfc_extrapolation='second-order'
    ion_temperature = 'andersen'
    tempw = 1000

/
ATOMIC_SPECIES
 H  1.01  H.blyp-hgh.UPF
 O  16.0  O.blyp-hgh.UPF
ATOMIC_POSITIONS bohr
 O -5.299045 -1.483012 -1.033800
 O 2.682786 -2.676157 6.170227
 O -5.472262 6.477919 -5.320363
 O 1.134340 3.159178 -0.998972
 O -5.054960 1.358320 3.562798
 O -0.119425 6.119808 5.952459
 O -1.126912 -5.440072 -2.514383
 O 2.971588 1.149888 4.523007
 O -2.781535 -6.442565 5.673272
 O 2.180382 -2.464083 3.488542
 O 2.439986 -6.558917 2.508449
 O -3.387171 -3.645004 4.250342
 O -4.780801 -7.021458 0.557633
 O -3.904331 -4.786400 -3.629737
 O 2.582337 -3.658897 -1.970379
 O -2.001403 2.953662 -0.977686
 O -1.447828 -2.963151 2.000155
 O 0.617034 -4.812294 3.488907
 O 4.618744 -4.430784 -4.758649
 O 5.177227 4.735015 2.227393
 O 5.210127 -3.937828 3.612986
 O -2.470742 -2.266291 -3.212818
 O -1.202372 3.120666 -4.486383
 O 4.297281 1.769308 2.068335
 O 2.866341 1.215020 -3.559319
 O -4.495283 3.077927 -5.450148
 O 5.050641 -5.725369 -0.304743
 O 0.936137 -0.269185 -5.867481
 O -2.184413 0.652781 -5.109378
 O 0.944298 -0.918317 1.710291
 O 5.725516 -2.144605 -3.990608
 O 4.402089 -0.191353 -1.204530
 O 0.516938 4.350408 3.992273
 O -4.466571 0.618199 -3.413279
 O 0.066416 -3.787914 -0.757929
 O 5.129354 4.229937 -6.628046
 O 3.348255 6.554974 5.756723
 O -5.461471 5.334153 -2.467801
 O -0.000952 1.059453 -2.635137
 O -3.997447 -3.885529 -1.000404
 O -2.931041 5.631121 3.051964
 O -2.519776 3.363164 4.170712
 O -1.700607 -1.887028 -0.479245
 O -1.392376 -1.592965 5.285714
 O 0.312851 1.931929 5.929155
 O -4.774694 2.971989 1.506546
 O 3.651782 4.717548 -1.809626
 O 1.519189 -5.757612 -3.894863
 O -3.063238 4.461766 -3.175700
 O 5.102169 0.909347 6.600397
 O -1.602670 0.889250 1.994184
 O 0.031092 -1.727079 -3.766772
 O 0.269245 -3.656722 -5.836489
 O 6.845785 -6.080170 3.938592
 O 3.724936 -2.868805 1.147763
 O 5.939762 -1.041377 3.001680
 O 1.425309 3.759394 -4.281309
 O -1.578054 -7.134948 0.300118
 O -4.999845 -1.561795 -6.506306
 O -4.311261 1.563898 -0.772607
 O 5.355358 3.729189 -3.853735
 O 1.604505 -0.754964 -1.536603
 O -4.718526 -3.522114 1.985861
 O 1.742602 3.066252 1.880615
 H -4.789248 -2.307388 -0.820081
 H -4.638753 -1.040821 -1.600775
 H 2.754015 -1.712576 6.302693
 H 2.842213 -2.800726 5.208503
 H -5.736332 5.770758 -4.703683
 H -4.660517 6.768045 -4.828640
 H 1.746371 2.429295 -1.221955
 H 1.709978 3.935465 -1.212862
 H -5.381388 0.456556 3.366069
 H -4.319016 1.184169 4.180018
 H -0.232525 6.948082 5.443384
 H -0.058865 6.388462 6.890736
 H -0.807363 -5.983914 -1.764253
 H -0.441983 -5.357636 -3.214920
 H 3.431502 1.845554 4.034989
 H 2.002711 1.240373 4.402385
 H -3.203427 -7.288371 5.882701
 H -1.789157 -6.586211 5.605604
 H 1.862490 -1.667890 3.002341
 H 2.624955 -2.966738 2.752690
 H 1.520122 -6.854235 2.695451
 H 2.355500 -5.585954 2.580351
 H -3.652928 -4.277717 4.962066
 H -3.864807 -4.048480 3.478400
 H -5.152265 -7.825006 1.001779
 H -4.784075 -7.096379 -0.413256
 H -3.399580 -3.992841 -3.862198
 H -3.319661 -5.520030 -3.354713
 H 3.087378 -2.946515 -2.422411
 H 1.692501 -3.263786 -1.847159
 H -2.302304 3.660455 -1.615490
 H -1.597193 3.431608 -0.194480
 H -1.904045 -2.922198 1.132766
 H -0.688614 -2.380085 1.801495
 H 1.080667 -3.934284 3.478953
 H -0.276786 -4.572276 3.133574
 H 4.971819 -5.112241 -5.389718
 H 4.349944 -3.813443 -5.482264
 H 4.204956 4.734590 2.123333
 H 5.303417 5.168540 3.076844
 H 6.083688 -3.520352 3.423926
 H 4.955347 -3.214158 4.216870
 H -1.498116 -2.117814 -3.443248
 H -3.041255 -1.702010 -3.766182
 H -0.235708 2.956616 -4.496965
 H -1.646584 2.247378 -4.370669
 H 4.457603 2.722631 1.923720
 H 3.350188 1.636411 1.867758
 H 2.094370 0.927727 -4.110060
 H 2.783643 2.194906 -3.664357
 H -5.265540 2.917394 -6.023013
 H -4.666121 2.459281 -4.722734
 H 5.137112 -6.407467 0.393520
 H 5.914712 -5.819858 -0.750121
 H 0.231761 -0.701059 -6.425076
 H 0.627970 0.660229 -5.752331
 H -2.384452 0.212922 -5.951860
 H -2.519188 0.074871 -4.407163
 H 0.477228 -0.066285 1.550266
 H 1.255213 -1.156494 0.806530
 H 5.207288 -2.988575 -4.018308
 H 5.672040 -1.878409 -3.040177
 H 4.423353 0.678280 -0.733554
 H 4.967033 -0.775088 -0.619830
 H 0.580564 5.082018 4.651037
 H -0.395941 4.390072 3.657889
 H -4.842585 1.506760 -3.292105
 H -4.975550 0.227336 -4.155913
 H -0.804403 -4.222279 -0.900544
 H 0.080956 -3.565032 0.191429
 H 4.995183 5.024642 -7.182007
 H 5.639952 3.640589 -7.212353
 H 3.029510 6.375421 4.839718
 H 3.285448 7.500225 5.981644
 H -6.275984 5.128883 -2.989529
 H -4.921052 4.688528 -3.012630
 H -0.920070 0.775338 -2.703579
 H 0.021247 1.901591 -2.111477
 H -4.061886 -3.745876 -1.977750
 H -3.798193 -4.859053 -0.969802
 H -3.581636 5.581316 2.298047
 H -3.409764 6.126761 3.768743
 H -2.870139 4.176181 3.668570
 H -3.206412 2.676680 4.164958
 H -1.832957 -2.193887 -1.405592
 H -1.978608 -0.952653 -0.529440
 H -1.797917 -2.254289 4.670071
 H -1.389873 -2.130478 6.101710
 H 0.611220 2.647049 5.340601
 H -0.634241 2.202984 5.818250
 H -5.265288 2.335602 2.079962
 H -3.826108 2.836154 1.710297
 H 3.796115 5.622322 -1.438902
 H 4.071248 4.594279 -2.693369
 H 2.142539 -5.533934 -4.617055
 H 1.807177 -5.152730 -3.167024
 H -3.083493 3.869753 -3.971995
 H -2.096156 4.571602 -3.071421
 H 4.592462 0.665581 7.400985
 H 4.355932 1.155232 5.996462
 H -1.459734 -0.074842 2.209360
 H -2.255176 1.165310 2.707725
 H 0.577515 -1.927852 -2.974021
 H 0.253375 -0.836602 -4.105975
 H 0.018747 -2.973788 -5.173823
 H 1.075656 -3.281220 -6.272230
 H 6.775076 -5.902039 4.898819
 H 6.715375 -5.254840 3.444546
 H 4.150677 -3.740281 1.049855
 H 3.119423 -2.746012 0.397937
 H 5.494224 -0.934598 2.126145
 H 5.208390 -1.262204 3.611032
 H 1.826971 3.875844 -5.157158
 H 1.813337 4.548517 -3.867964
 H -1.948808 -7.057579 1.208011
 H -2.318940 -7.494645 -0.220192
 H -5.624956 -1.871525 -5.798401
 H -4.750454 -2.357242 -7.014862
 H -3.416517 1.297667 -0.498716
 H -4.383053 2.483051 -0.448253
 H 5.433394 3.868979 -4.835700
 H 4.749351 2.945997 -3.897056
 H 2.523321 -0.363757 -1.612288
 H 0.963894 -0.031131 -1.849502
 H -5.662725 -3.740074 1.885803
 H -4.696229 -2.604829 2.322603
 H 1.109929 3.280910 2.584550
 H 1.256221 3.051966 1.037474
K_POINTS
 1
0.0 0.0 0.0 1.0