
&control
    calculation='scf'
    pseudo_dir = './',
    outdir='./outputs',
    disk_io='high'
/
&system
    ibrav= 1, celldm(1)=20.000000, nat=  192, ntyp= 2,
    ecutwfc = 30.0, nosym=.true., occupations='smearing',
    smearing='m-v', degauss=0.025
/
&electrons
    conv_thr =  1.0d-8,
    mixing_beta = 0.7
/
&ions
    pot_extrapolation='second-order'
    wfc_extrapolation='second-order'
    ion_temperature = 'andersen'
    tempw = 1000

/
ATOMIC_SPECIES
 H  1.01  H.blyp-hgh.UPF
 O  16.0  O.blyp-hgh.UPF
ATOMIC_POSITIONS bohr
 O -5.299426 -1.484431 -1.023602
 O 2.679724 -2.676389 6.170344
 O -5.478170 6.482605 -5.321076
 O 1.140670 3.148617 -1.000353
 O -5.052018 1.348710 3.574473
 O -0.111006 6.116961 5.952129
 O -1.135900 -5.447264 -2.515743
 O 2.979616 1.152327 4.529530
 O -2.785746 -6.448300 5.668505
 O 2.174376 -2.461318 3.498256
 O 2.444025 -6.563999 2.502666
 O -3.386384 -3.646444 4.257919
 O -4.777025 -7.025536 0.549854
 O -3.904518 -4.774389 -3.634559
 O 2.576743 -3.666885 -1.963956
 O -1.994232 2.961493 -0.986668
 O -1.442704 -2.959428 1.991213
 O 0.610919 -4.814132 3.490211
 O 4.612631 -4.429708 -4.756865
 O 5.166846 4.734673 2.228853
 O 5.214603 -3.938438 3.616672
 O -2.465626 -2.260084 -3.207754
 O -1.198651 3.125189 -4.485781
 O 4.302744 1.765262 2.056378
 O 2.867015 1.217591 -3.552489
 O -4.500088 3.084290 -5.448631
 O 5.047490 -5.723852 -0.292709
 O 0.929682 -0.276668 -5.873053
 O -2.192846 0.651069 -5.111021
 O 0.938981 -0.912637 1.711699
 O 5.727043 -2.146584 -3.992352
 O 4.402315 -0.191676 -1.210613
 O 0.523598 4.356046 3.988819
 O -4.464866 0.613033 -3.409305
 O 0.060074 -3.789247 -0.759820
 O 5.132501 4.232339 -6.643321
 O 3.366332 6.558974 5.757463
 O -5.464086 5.341862 -2.466382
 O 0.002345 1.057768 -2.641573
 O -4.008078 -3.886836 -0.997689
 O -2.928533 5.632362 3.045915
 O -2.529348 3.362110 4.165701
 O -1.705948 -1.882735 -0.481769
 O -1.393997 -1.589578 5.284687
 O 0.311859 1.939252 5.927962
 O -4.768045 2.980017 1.499648
 O 3.656706 4.728103 -1.813041
 O 1.517627 -5.758876 -3.888307
 O -3.051212 4.463771 -3.181598
 O 5.113781 0.914773 6.601997
 O -1.598108 0.886684 1.989030
 O 0.028830 -1.728650 -3.764074
 O 0.271935 -3.654030 -5.830151
 O 6.854074 -6.084669 3.937552
 O 3.727677 -2.866570 1.151579
 O 5.941341 -1.052296 3.002719
 O 1.422909 3.759496 -4.278403
 O -1.579370 -7.146288 0.313079
 O -4.992049 -1.558763 -6.515245
 O -4.314170 1.564670 -0.766279
 O 5.354250 3.730526 -3.863377
 O 1.601048 -0.760025 -1.535526
 O -4.719529 -3.532257 1.999728
 O 1.739719 3.071703 1.889071
 H -4.815806 -2.325787 -0.810125
 H -4.639565 -1.050805 -1.604185
 H 2.753246 -1.716639 6.320801
 H 2.851655 -2.784937 5.206347
 H -5.716361 5.768198 -4.700669
 H -4.657783 6.756067 -4.838496
 H 1.771127 2.443765 -1.230836
 H 1.698296 3.941792 -1.210901
 H -5.399987 0.445287 3.395916
 H -4.309438 1.194024 4.179623
 H -0.221757 6.942612 5.444133
 H -0.059592 6.377979 6.890649
 H -0.801675 -5.972556 -1.763423
 H -0.461602 -5.370397 -3.227311
 H 3.430904 1.859899 4.044944
 H 2.011317 1.232241 4.374720
 H -3.185268 -7.307525 5.889319
 H -1.801325 -6.583217 5.561781
 H 1.848683 -1.668018 3.016611
 H 2.610967 -3.009129 2.784026
 H 1.515635 -6.826207 2.699336
 H 2.384856 -5.588048 2.571222
 H -3.661684 -4.279655 4.963740
 H -3.849635 -4.028628 3.454338
 H -5.142037 -7.825020 1.011550
 H -4.808857 -7.123140 -0.421490
 H -3.394966 -3.987418 -3.871517
 H -3.330664 -5.507322 -3.343199
 H 3.086088 -2.963402 -2.424202
 H 1.688443 -3.252150 -1.860253
 H -2.302538 3.689514 -1.589675
 H -1.628129 3.449624 -0.189080
 H -1.901481 -2.921714 1.112183
 H -0.694707 -2.375113 1.801878
 H 1.067826 -3.936955 3.472731
 H -0.279753 -4.595579 3.125096
 H 4.965183 -5.087263 -5.400772
 H 4.344379 -3.822157 -5.484730
 H 4.191651 4.733214 2.117026
 H 5.287055 5.154970 3.091353
 H 6.086366 -3.522019 3.424769
 H 4.952880 -3.214711 4.219040
 H -1.496368 -2.117133 -3.452526
 H -3.043975 -1.691806 -3.748510
 H -0.227383 2.961081 -4.477147
 H -1.682395 2.267702 -4.385808
 H 4.466029 2.719064 1.911320
 H 3.349054 1.653661 1.868536
 H 2.099172 0.943690 -4.118012
 H 2.776726 2.196664 -3.673099
 H -5.269147 2.946496 -6.022204
 H -4.663327 2.478755 -4.711341
 H 5.135501 -6.415849 0.394578
 H 5.905592 -5.820327 -0.745446
 H 0.200770 -0.706129 -6.396789
 H 0.645401 0.657415 -5.760413
 H -2.405147 0.211211 -5.954676
 H -2.523455 0.081799 -4.397840
 H 0.444566 -0.076715 1.560394
 H 1.229386 -1.163087 0.802995
 H 5.218656 -2.994444 -4.011384
 H 5.679518 -1.904770 -3.034557
 H 4.398494 0.672043 -0.738259
 H 4.961861 -0.766245 -0.616177
 H 0.556980 5.089504 4.649554
 H -0.418740 4.368117 3.671644
 H -4.843545 1.497591 -3.292668
 H -4.988168 0.210178 -4.135005
 H -0.795951 -4.249176 -0.918389
 H 0.074373 -3.574817 0.191067
 H 5.011244 5.023777 -7.211083
 H 5.642846 3.642565 -7.232948
 H 3.035498 6.368162 4.846590
 H 3.287223 7.499851 6.002144
 H -6.286483 5.146821 -2.973326
 H -4.934090 4.712880 -3.033059
 H -0.929121 0.794663 -2.708977
 H 0.028368 1.886355 -2.095161
 H -4.019438 -3.754584 -1.982580
 H -3.778489 -4.855112 -0.977118
 H -3.579016 5.567807 2.297539
 H -3.421611 6.108140 3.764779
 H -2.854915 4.176830 3.645414
 H -3.236834 2.693568 4.144641
 H -1.836910 -2.198589 -1.405633
 H -1.957338 -0.940011 -0.519058
 H -1.802178 -2.257305 4.677988
 H -1.403302 -2.126645 6.099450
 H 0.605777 2.643114 5.332713
 H -0.626004 2.199491 5.804659
 H -5.257311 2.354946 2.087158
 H -3.823849 2.810793 1.687971
 H 3.811518 5.628376 -1.441787
 H 4.047382 4.590888 -2.704080
 H 2.110072 -5.509677 -4.624873
 H 1.796717 -5.138257 -3.174185
 H -3.091254 3.851806 -3.958421
 H -2.090180 4.552979 -3.064148
 H 4.604015 0.660095 7.394698
 H 4.363658 1.147842 5.987177
 H -1.439277 -0.065013 2.235086
 H -2.232748 1.199954 2.709065
 H 0.575319 -1.917223 -2.966282
 H 0.261577 -0.845803 -4.108213
 H 0.040671 -2.947416 -5.187716
 H 1.066916 -3.309548 -6.296750
 H 6.797115 -5.894536 4.894675
 H 6.739681 -5.270736 3.430214
 H 4.162176 -3.731128 1.049958
 H 3.130066 -2.736149 0.394303
 H 5.504677 -0.918229 2.128356
 H 5.211654 -1.276470 3.611255
 H 1.834658 3.871450 -5.149095
 H 1.815431 4.545934 -3.870697
 H -1.976890 -7.052958 1.207662
 H -2.311998 -7.515101 -0.211142
 H -5.635578 -1.873474 -5.826451
 H -4.752305 -2.346032 -7.045101
 H -3.408258 1.314615 -0.509802
 H -4.391857 2.477120 -0.426566
 H 5.463387 3.874488 -4.840653
 H 4.751467 2.950294 -3.934504
 H 2.518318 -0.377032 -1.623529
 H 0.957441 -0.027999 -1.807748
 H -5.660469 -3.764507 1.894921
 H -4.719758 -2.614165 2.340376
 H 1.113572 3.264666 2.603357
 H 1.243951 3.036745 1.053652
K_POINTS
 1
0.0 0.0 0.0 1.0