
&control
    calculation='scf'
    pseudo_dir = './',
    outdir='./outputs',
    disk_io='high'
/
&system
    ibrav= 1, celldm(1)=20.000000, nat=  192, ntyp= 2,
    ecutwfc = 30.0, nosym=.true., occupations='smearing',
    smearing='m-v', degauss=0.025
/
&electrons
    conv_thr =  1.0d-8,
    mixing_beta = 0.7
/
&ions
    pot_extrapolation='second-order'
    wfc_extrapolation='second-order'
    ion_temperature = 'andersen'
    tempw = 1000

/
ATOMIC_SPECIES
 H  1.01  H.blyp-hgh.UPF
 O  16.0  O.blyp-hgh.UPF
ATOMIC_POSITIONS bohr
 O -5.299476 -1.484830 -1.021061
 O 2.679053 -2.676497 6.170353
 O -5.479660 6.483705 -5.321295
 O 1.142288 3.145990 -1.000698
 O -5.051262 1.346302 3.577416
 O -0.108917 6.116202 5.952010
 O -1.138216 -5.449076 -2.516097
 O 2.981594 1.152900 4.531218
 O -2.786803 -6.449684 5.667305
 O 2.172924 -2.460731 3.500668
 O 2.445069 -6.565237 2.501235
 O -3.386259 -3.646869 4.259865
 O -4.776039 -7.026481 0.547941
 O -3.904626 -4.771416 -3.635766
 O 2.575340 -3.668844 -1.962381
 O -1.992403 2.963514 -0.988860
 O -1.441433 -2.958522 1.988963
 O 0.609334 -4.814558 3.490526
 O 4.611059 -4.429442 -4.756552
 O 5.164199 4.734535 2.229159
 O 5.215754 -3.938506 3.617625
 O -2.464369 -2.258564 -3.206492
 O -1.197757 3.126319 -4.485615
 O 4.304127 1.764233 2.053378
 O 2.867154 1.218282 -3.550845
 O -4.501269 3.085906 -5.448265
 O 5.046685 -5.723468 -0.289684
 O 0.928068 -0.278673 -5.874394
 O -2.194921 0.650641 -5.111433
 O 0.937621 -0.911198 1.711996
 O 5.727396 -2.147058 -3.992718
 O 4.402393 -0.191764 -1.212048
 O 0.525204 4.357432 3.987923
 O -4.464444 0.611690 -3.408364
 O 0.058507 -3.789618 -0.760282
 O 5.133300 4.232914 -6.647187
 O 3.370858 6.559910 5.757621
 O -5.464745 5.343713 -2.466140
 O 0.003188 1.057364 -2.643158
 O -4.010705 -3.887253 -0.997059
 O -2.927954 5.632679 3.044300
 O -2.531727 3.361807 4.164430
 O -1.707292 -1.881594 -0.482413
 O -1.394450 -1.588751 5.284422
 O 0.311499 1.941234 5.927562
 O -4.766383 2.982046 1.497941
 O 3.657857 4.730697 -1.813881
 O 1.517238 -5.759195 -3.886648
 O -3.048225 4.464251 -3.183085
 O 5.116629 0.916162 6.602376
 O -1.597024 0.885990 1.987841
 O 0.028227 -1.729127 -3.763353
 O 0.272537 -3.653371 -5.828575
 O 6.856177 -6.085882 3.937298
 O 3.728351 -2.865984 1.152589
 O 5.941738 -1.055040 3.002932
 O 1.422387 3.759493 -4.277703
 O -1.579687 -7.149109 0.316350
 O -4.990142 -1.558023 -6.517444
 O -4.314927 1.564835 -0.764724
 O 5.353902 3.730784 -3.865876
 O 1.600189 -0.761260 -1.535228
 O -4.719793 -3.534808 2.003218
 O 1.739041 3.073004 1.891172
 H -4.822808 -2.330337 -0.807470
 H -4.640101 -1.052928 -1.604969
 H 2.752873 -1.717451 6.325373
 H 2.853709 -2.780579 5.205655
 H -5.711616 5.767551 -4.700196
 H -4.657107 6.753736 -4.841077
 H 1.777412 2.447281 -1.233030
 H 1.695294 3.943295 -1.210390
 H -5.404981 0.442274 3.403427
 H -4.307164 1.196345 4.179698
 H -0.218738 6.941606 5.444477
 H -0.059621 6.375464 6.890567
 H -0.799949 -5.969747 -1.763515
 H -0.466317 -5.373827 -3.230030
 H 3.430727 1.863587 4.046945
 H 2.013860 1.230265 4.367904
 H -3.180578 -7.312442 5.891033
 H -1.804811 -6.582606 5.551206
 H 1.845106 -1.667943 3.020135
 H 2.607598 -3.019130 2.791955
 H 1.514775 -6.819329 2.700325
 H 2.392128 -5.588825 2.568808
 H -3.663458 -4.280032 4.964104
 H -3.845431 -4.023226 3.448403
 H -5.139400 -7.825152 1.013579
 H -4.815296 -7.130167 -0.423557
 H -3.393187 -3.985980 -3.873835
 H -3.333010 -5.503923 -3.340314
 H 3.085701 -2.967878 -2.424572
 H 1.687511 -3.249446 -1.863217
 H -2.302658 3.696094 -1.583099
 H -1.635800 3.453646 -0.188411
 H -1.900927 -2.921558 1.107186
 H -0.695931 -2.373599 1.802118
 H 1.064450 -3.937547 3.471384
 H -0.280299 -4.601407 3.122957
 H 4.964074 -5.081384 -5.402757
 H 4.342625 -3.823768 -5.484795
 H 4.188138 4.733103 2.115484
 H 5.283303 5.151892 3.095191
 H 6.087068 -3.522596 3.424794
 H 4.951731 -3.215050 4.219738
 H -1.496109 -2.116698 -3.455075
 H -3.044524 -1.689257 -3.744056
 H -0.225573 2.962263 -4.472084
 H -1.690887 2.272991 -4.389923
 H 4.468183 2.718146 1.908210
 H 3.348737 1.658213 1.868772
 H 2.100751 0.947581 -4.119669
 H 2.774850 2.196918 -3.675154
 H -5.270113 2.953736 -6.022036
 H -4.662592 2.483369 -4.708529
 H 5.135082 -6.417946 0.395019
 H 5.903325 -5.820285 -0.744397
 H 0.193371 -0.707152 -6.389570
 H 0.649815 0.656616 -5.762866
 H -2.410323 0.210554 -5.955391
 H -2.524825 0.083583 -4.395576
 H 0.436591 -0.079359 1.563060
 H 1.222905 -1.164573 0.802072
 H 5.221892 -2.995981 -4.009822
 H 5.681672 -1.911220 -3.033474
 H 4.392398 0.670222 -0.739610
 H 4.960392 -0.763676 -0.615808
 H 0.550966 5.091365 4.649429
 H -0.424198 4.362552 3.675403
 H -4.843904 1.495243 -3.292256
 H -4.991361 0.205953 -4.129703
 H -0.793541 -4.255690 -0.922904
 H 0.072604 -3.577301 0.190886
 H 5.015194 5.023657 -7.217951
 H 5.643458 3.642972 -7.238111
 H 3.036925 6.366736 4.848546
 H 3.287358 7.499666 6.006899
 H -6.289444 5.151535 -2.968505
 H -4.936966 4.719486 -3.037279
 H -0.931533 0.799641 -2.710191
 H 0.029897 1.882526 -2.091278
 H -4.008857 -3.756958 -1.983486
 H -3.773809 -4.853460 -0.978697
 H -3.578308 5.564597 2.297612
 H -3.424326 6.103252 3.763787
 H -2.851010 4.176803 3.639857
 H -3.244483 2.698103 4.139582
 H -1.838080 -2.199710 -1.405455
 H -1.952104 -0.936955 -0.516377
 H -1.803189 -2.257816 4.679839
 H -1.406515 -2.125686 6.098912
 H 0.605235 2.642550 5.330434
 H -0.624212 2.198272 5.801834
 H -5.255008 2.359889 2.088937
 H -3.823538 2.804401 1.682393
 H 3.815723 5.629792 -1.442801
 H 4.041529 4.590439 -2.706444
 H 2.101876 -5.503617 -4.626857
 H 1.794264 -5.134638 -3.175957
 H -3.093039 3.847691 -3.954795
 H -2.088481 4.548448 -3.062759
 H 4.606946 0.658648 7.393317
 H 4.365883 1.145814 5.984909
 H -1.434432 -0.062045 2.241413
 H -2.226406 1.208408 2.708709
 H 0.574813 -1.914170 -2.964444
 H 0.263948 -0.847994 -4.109069
 H 0.046533 -2.940931 -5.191074
 H 1.064662 -3.316519 -6.302559
 H 6.802652 -5.892462 4.893805
 H 6.745566 -5.274708 3.426859
 H 4.165017 -3.728986 1.049614
 H 3.132875 -2.733971 0.393079
 H 5.507357 -0.914154 2.129234
 H 5.212507 -1.279706 3.611244
 H 1.836460 3.870109 -5.147515
 H 1.815744 4.545861 -3.870751
 H -1.983764 -7.051577 1.207458
 H -2.310547 -7.519905 -0.208752
 H -5.637980 -1.873798 -5.833624
 H -4.752574 -2.343223 -7.052631
 H -3.406233 1.319064 -0.512660
 H -4.394078 2.475402 -0.421038
 H 5.470875 3.876189 -4.841856
 H 4.752280 2.951456 -3.943521
 H 2.516794 -0.380600 -1.626300
 H 0.956201 -0.027572 -1.797302
 H -5.659856 -3.770508 1.896678
 H -4.725738 -2.616431 2.344670
 H 1.114418 3.260784 2.608207
 H 1.240763 3.033041 1.057413
K_POINTS
 1
0.0 0.0 0.0 1.0