
&control
    calculation='scf'
    pseudo_dir = './',
    outdir='./outputs',
    disk_io='high'
/
&system
    ibrav= 1, celldm(1)=20.000000, nat=  192, ntyp= 2,
    ecutwfc = 30.0, nosym=.true., occupations='smearing',
    smearing='m-v', degauss=0.025
/
&electrons
    conv_thr =  1.0d-8,
    mixing_beta = 0.7
/
&ions
    pot_extrapolation='second-order'
    wfc_extrapolation='second-order'
    ion_temperature = 'andersen'
    tempw = 1000

/
ATOMIC_SPECIES
 H  1.01  H.blyp-hgh.UPF
 O  16.0  O.blyp-hgh.UPF
ATOMIC_POSITIONS bohr
 O -5.299524 -1.485678 -1.015994
 O 2.677832 -2.676773 6.170342
 O -5.482650 6.485817 -5.321777
 O 1.145565 3.140764 -1.001389
 O -5.049745 1.341475 3.583310
 O -0.104758 6.114622 5.951723
 O -1.142935 -5.452709 -2.516828
 O 2.985510 1.154017 4.534648
 O -2.788939 -6.452408 5.664897
 O 2.170082 -2.459697 3.505477
 O 2.447191 -6.567670 2.498390
 O -3.386093 -3.647788 4.263799
 O -4.774021 -7.028290 0.544143
 O -3.904920 -4.765504 -3.638182
 O 2.572516 -3.672705 -1.959266
 O -1.988701 2.967637 -0.993168
 O -1.438934 -2.956759 1.984428
 O 0.606103 -4.815384 3.491148
 O 4.607861 -4.428904 -4.756075
 O 5.158834 4.734204 2.229713
 O 5.218086 -3.938542 3.619573
 O -2.461887 -2.255566 -3.203976
 O -1.196012 3.128582 -4.485265
 O 4.306907 1.762157 2.047361
 O 2.867392 1.219729 -3.547640
 O -4.503592 3.089180 -5.447546
 O 5.045050 -5.722696 -0.283611
 O 0.924845 -0.282846 -5.877010
 O -2.199030 0.649781 -5.112265
 O 0.934866 -0.908306 1.712527
 O 5.728069 -2.147980 -3.993362
 O 4.402568 -0.191956 -1.214830
 O 0.528289 4.360181 3.986082
 O -4.463602 0.608935 -3.406544
 O 0.055397 -3.790405 -0.761197
 O 5.134920 4.234033 -6.654993
 O 3.379922 6.561709 5.757910
 O -5.466071 5.347337 -2.465781
 O 0.004876 1.056576 -2.646291
 O -4.015912 -3.888196 -0.995874
 O -2.926845 5.633318 3.040954
 O -2.536475 3.361153 4.161860
 O -1.709987 -1.879234 -0.483705
 O -1.395415 -1.587121 5.283884
 O 0.310669 1.945361 5.926647
 O -4.763064 2.986122 1.494559
 O 3.660059 4.735823 -1.815538
 O 1.516456 -5.759836 -3.883312
 O -3.042301 4.465194 -3.186066
 O 5.122255 0.918984 6.603094
 O -1.594922 0.884556 1.985580
 O 0.026983 -1.730186 -3.761852
 O 0.273645 -3.652081 -5.825431
 O 6.860418 -6.088430 3.936801
 O 3.729681 -2.864775 1.154671
 O 5.942549 -1.060542 3.003308
 O 1.421442 3.759450 -4.276336
 O -1.580307 -7.154736 0.322929
 O -4.986377 -1.556568 -6.521802
 O -4.316468 1.565131 -0.761643
 O 5.353133 3.731220 -3.870983
 O 1.598471 -0.763706 -1.534592
 O -4.720340 -3.539921 2.010226
 O 1.737739 3.075532 1.895356
 H -4.837202 -2.339321 -0.802012
 H -4.641602 -1.056811 -1.606378
 H 2.751903 -1.718837 6.334569
 H 2.857425 -2.771371 5.204146
 H -5.702478 5.766243 -4.699610
 H -4.655733 6.749921 -4.846400
 H 1.790154 2.454110 -1.237411
 H 1.689153 3.946172 -1.209323
 H -5.415286 0.436131 3.418548
 H -4.302681 1.200745 4.180126
 H -0.212325 6.940076 5.445337
 H -0.059505 6.370566 6.890374
 H -0.796114 -5.964228 -1.764009
 H -0.475508 -5.380961 -3.235016
 H 3.430329 1.871007 4.050423
 H 2.019453 1.226350 4.354430
 H -3.170982 -7.322313 5.894500
 H -1.812222 -6.581550 5.530529
 H 1.837848 -1.667706 3.027037
 H 2.600945 -3.038239 2.807934
 H 1.513373 -6.805755 2.702316
 H 2.406618 -5.590687 2.563814
 H -3.666549 -4.280702 4.964743
 H -3.836488 -4.011897 3.436824
 H -5.134018 -7.825519 1.017132
 H -4.828442 -7.144583 -0.427633
 H -3.388879 -3.983001 -3.878459
 H -3.337185 -5.496894 -3.334539
 H 3.084897 -2.977122 -2.425236
 H 1.685811 -3.244349 -1.868759
 H -2.303032 3.708442 -1.569948
 H -1.650987 3.461015 -0.187819
 H -1.899807 -2.921186 1.097559
 H -0.697871 -2.370129 1.802721
 H 1.057506 -3.938585 3.468943
 H -0.281231 -4.613023 3.118627
 H 4.962609 -5.070263 -5.405866
 H 4.338633 -3.826188 -5.484279
 H 4.180973 4.733163 2.112468
 H 5.276168 5.146045 3.102961
 H 6.088519 -3.523926 3.424637
 H 4.948821 -3.215990 4.221293
 H -1.495794 -2.115499 -3.460429
 H -3.045468 -1.684162 -3.735110
 H -0.222389 2.964648 -4.461834
 H -1.707191 2.283817 -4.398547
 H 4.472578 2.716264 1.901990
 H 3.348082 1.667571 1.869299
 H 2.104343 0.955172 -4.122570
 H 2.770973 2.197219 -3.679064
 H -5.272188 2.968122 -6.021740
 H -4.661140 2.492262 -4.702967
 H 5.134219 -6.422140 0.396127
 H 5.898841 -5.820000 -0.742460
 H 0.178982 -0.708911 -6.375017
 H 0.658668 0.654958 -5.768292
 H -2.420673 0.208996 -5.956734
 H -2.527924 0.087227 -4.391176
 H 0.420874 -0.084650 1.568518
 H 1.209912 -1.167320 0.800214
 H 5.228803 -2.999191 -4.006961
 H 5.686340 -1.923899 -3.031678
 H 4.380350 0.666375 -0.742471
 H 4.957300 -0.758173 -0.615679
 H 0.538846 5.095042 4.649482
 H -0.434414 4.351319 3.683392
 H -4.844790 1.490541 -3.290758
 H -4.997789 0.197579 -4.119018
 H -0.788362 -4.268432 -0.931959
 H 0.068887 -3.582331 0.190428
 H 5.023015 5.023509 -7.231134
 H 5.644519 3.643685 -7.248400
 H 3.039690 6.364383 4.852746
 H 3.287234 7.499150 6.015923
 H -6.295820 5.161214 -2.957983
 H -4.942193 4.733224 -3.044706
 H -0.936385 0.809790 -2.712468
 H 0.032687 1.874858 -2.083772
 H -3.987785 -3.761877 -1.984866
 H -3.764764 -4.849412 -0.981485
 H -3.576881 5.558382 2.297933
 H -3.429484 6.093231 3.761839
 H -2.843083 4.176519 3.629052
 H -3.259787 2.707574 4.129496
 H -1.840648 -2.201822 -1.404883
 H -1.941749 -0.931000 -0.510969
 H -1.805158 -2.258545 4.683344
 H -1.412764 -2.123765 6.097916
 H 0.605182 2.641984 5.325466
 H -0.621171 2.195463 5.796871
 H -5.250082 2.369875 2.092470
 H -3.823154 2.791572 1.671231
 H 3.824558 5.632562 -1.445184
 H 4.030010 4.590038 -2.710862
 H 2.085407 -5.491514 -4.630885
 H 1.789564 -5.127379 -3.179416
 H -3.096392 3.839900 -3.947308
 H -2.084717 4.539524 -3.060520
 H 4.612825 0.655647 7.390835
 H 4.370765 1.141525 5.980518
 H -1.425094 -0.055564 2.253972
 H -2.212825 1.225010 2.707162
 H 0.573830 -1.907603 -2.960895
 H 0.269064 -0.852199 -4.111155
 H 0.058711 -2.928087 -5.197628
 H 1.060148 -3.330267 -6.313838
 H 6.813752 -5.888069 4.892275
 H 6.757103 -5.282548 3.420370
 H 4.170668 -3.724900 1.048474
 H 3.138701 -2.729969 0.390306
 H 5.512755 -0.906030 2.131348
 H 5.214220 -1.285787 3.611133
 H 1.839911 3.867125 -5.144895
 H 1.816117 4.546423 -3.870086
 H -1.997302 -7.048535 1.206931
 H -2.308003 -7.529099 -0.203855
 H -5.642469 -1.874250 -5.848147
 H -4.752891 -2.337560 -7.067616
 H -3.402256 1.328195 -0.518501
 H -4.398579 2.471712 -0.409866
 H 5.485824 3.879985 -4.844212
 H 4.754189 2.953822 -3.961137
 H 2.513489 -0.387986 -1.631793
 H 0.954134 -0.027117 -1.776481
 H -5.658563 -3.782400 1.899562
 H -4.737807 -2.620907 2.353052
 H 1.116020 3.253247 2.618068
 H 1.234242 3.025750 1.064602
K_POINTS
 1
0.0 0.0 0.0 1.0