
&control
    calculation='scf'
    pseudo_dir = './',
    outdir='./outputs',
    disk_io='high'
/
&system
    ibrav= 1, celldm(1)=20.000000, nat=  192, ntyp= 2,
    ecutwfc = 30.0, nosym=.true., occupations='smearing',
    smearing='m-v', degauss=0.025
/
&electrons
    conv_thr =  1.0d-8,
    mixing_beta = 0.7
/
&ions
    pot_extrapolation='second-order'
    wfc_extrapolation='second-order'
    ion_temperature = 'andersen'
    tempw = 1000

/
ATOMIC_SPECIES
 H  1.01  H.blyp-hgh.UPF
 O  16.0  O.blyp-hgh.UPF
ATOMIC_POSITIONS bohr
 O -5.299523 -1.486126 -1.013469
 O 2.677282 -2.676941 6.170320
 O -5.484148 6.486828 -5.322038
 O 1.147224 3.138170 -1.001734
 O -5.048992 1.339055 3.586257
 O -0.102688 6.113799 5.951554
 O -1.145338 -5.454529 -2.517205
 O 2.987448 1.154566 4.536387
 O -2.790023 -6.453753 5.663691
 O 2.168694 -2.459254 3.507877
 O 2.448270 -6.568864 2.496977
 O -3.386052 -3.648280 4.265781
 O -4.772990 -7.029157 0.542254
 O -3.905104 -4.762564 -3.639392
 O 2.571091 -3.674607 -1.957727
 O -1.986829 2.969738 -0.995282
 O -1.437716 -2.955906 1.982138
 O 0.604460 -4.815788 3.491456
 O 4.606233 -4.428629 -4.755905
 O 5.156116 4.734014 2.229967
 O 5.219265 -3.938511 3.620568
 O -2.460662 -2.254088 -3.202721
 O -1.195162 3.129717 -4.485081
 O 4.308301 1.761114 2.044343
 O 2.867491 1.220486 -3.546080
 O -4.504730 3.090839 -5.447192
 O 5.044221 -5.722307 -0.280565
 O 0.923238 -0.285013 -5.878284
 O -2.201065 0.649348 -5.112687
 O 0.933471 -0.906855 1.712761
 O 5.728390 -2.148428 -3.993639
 O 4.402661 -0.192060 -1.216181
 O 0.529753 4.361545 3.985136
 O -4.463181 0.607521 -3.405665
 O 0.053856 -3.790822 -0.761653
 O 5.135742 4.234578 -6.658936
 O 3.384461 6.562571 5.758042
 O -5.466738 5.349113 -2.465659
 O 0.005714 1.056192 -2.647838
 O -4.018491 -3.888721 -0.995323
 O -2.926313 5.633640 3.039224
 O -2.538845 3.360800 4.160561
 O -1.711337 -1.878016 -0.484351
 O -1.395926 -1.586320 5.283611
 O 0.310207 1.947501 5.926135
 O -4.761407 2.988169 1.492886
 O 3.661108 4.738353 -1.816352
 O 1.516062 -5.760160 -3.881636
 O -3.039370 4.465658 -3.187557
 O 5.125031 0.920418 6.603428
 O -1.593902 0.883820 1.984506
 O 0.026343 -1.730766 -3.761072
 O 0.274149 -3.651451 -5.823862
 O 6.862557 -6.089767 3.936561
 O 3.730335 -2.864151 1.155742
 O 5.942965 -1.063298 3.003472
 O 1.421019 3.759411 -4.275669
 O -1.580613 -7.157542 0.326238
 O -4.984518 -1.555855 -6.523965
 O -4.317251 1.565261 -0.760117
 O 5.352713 3.731399 -3.873590
 O 1.597611 -0.764921 -1.534252
 O -4.720623 -3.542482 2.013744
 O 1.737115 3.076757 1.897439
 H -4.844578 -2.343738 -0.799224
 H -4.642572 -1.058594 -1.606983
 H 2.751304 -1.719418 6.339193
 H 2.859080 -2.766520 5.203345
 H -5.698101 5.765579 -4.699502
 H -4.655030 6.748449 -4.849151
 H 1.796622 2.457406 -1.239603
 H 1.686004 3.947537 -1.208762
 H -5.420566 0.433040 3.426169
 H -4.300450 1.202803 4.180498
 H -0.208935 6.939559 5.445850
 H -0.059363 6.368185 6.890274
 H -0.794001 -5.961535 -1.764397
 H -0.479981 -5.384659 -3.237286
 H 3.430104 1.874711 4.051922
 H 2.022507 1.224403 4.347783
 H -3.166064 -7.327234 5.896243
 H -1.816115 -6.581105 5.520431
 H 1.834180 -1.667559 3.030394
 H 2.597642 -3.047302 2.815984
 H 1.512832 -6.799067 2.703316
 H 2.413844 -5.591768 2.561233
 H -3.667877 -4.281011 4.965013
 H -3.831744 -4.005976 3.431232
 H -5.131269 -7.825741 1.018654
 H -4.835139 -7.151956 -0.429618
 H -3.386356 -3.981465 -3.880764
 H -3.339010 -5.493273 -3.331650
 H 3.084495 -2.981883 -2.425538
 H 1.685062 -3.241972 -1.871332
 H -2.303304 3.714218 -1.563422
 H -1.658477 3.464342 -0.187868
 H -1.899211 -2.920965 1.092977
 H -0.698555 -2.368145 1.803072
 H 1.053941 -3.939014 3.467848
 H -0.281642 -4.618798 3.116427
 H 4.962279 -5.065074 -5.407012
 H 4.336380 -3.826965 -5.483703
 H 4.177345 4.733335 2.111002
 H 5.272773 5.143254 3.106844
 H 6.089272 -3.524673 3.424462
 H 4.947072 -3.216598 4.222141
 H -1.495732 -2.114734 -3.463230
 H -3.045866 -1.681615 -3.730619
 H -0.221041 2.965833 -4.456651
 H -1.714971 2.289350 -4.403053
 H 4.474826 2.715297 1.898884
 H 3.347752 1.672368 1.869592
 H 2.106346 0.958849 -4.123817
 H 2.768987 2.197275 -3.680904
 H -5.273314 2.975257 -6.021610
 H -4.660439 2.496535 -4.700225
 H 5.133773 -6.424234 0.396796
 H 5.896634 -5.819754 -0.741573
 H 0.171984 -0.709651 -6.367699
 H 0.663096 0.654116 -5.771263
 H -2.425843 0.208106 -5.957333
 H -2.529652 0.089091 -4.389052
 H 0.413132 -0.087287 1.571299
 H 1.203399 -1.168575 0.799288
 H 5.232466 -3.000878 -4.005679
 H 5.688859 -1.930111 -3.030957
 H 4.374396 0.664385 -0.743963
 H 4.955699 -0.755263 -0.615899
 H 0.532753 5.096844 4.649658
 H -0.439072 4.345649 3.687637
 H -4.845325 1.488201 -3.289671
 H -5.001025 0.193429 -4.113638
 H -0.785596 -4.274652 -0.936490
 H 0.066932 -3.584878 0.190155
 H 5.026885 5.023477 -7.237434
 H 5.644960 3.643991 -7.253510
 H 3.041023 6.363464 4.854986
 H 3.286972 7.498808 6.020182
 H -6.299249 5.166169 -2.952297
 H -4.944523 4.740323 -3.047938
 H -0.938783 0.814962 -2.713537
 H 0.033957 1.871026 -2.080155
 H -3.977311 -3.764400 -1.985321
 H -3.760402 -4.847041 -0.982674
 H -3.576180 5.555376 2.298160
 H -3.431932 6.088108 3.760894
 H -2.839061 4.176263 3.623810
 H -3.267428 2.712515 4.124472
 H -1.842049 -2.202796 -1.404496
 H -1.936632 -0.928110 -0.508255
 H -1.806119 -2.258767 4.684983
 H -1.415800 -2.122802 6.097472
 H 0.605675 2.641988 5.322773
 H -0.619980 2.193889 5.794731
 H -5.247476 2.374908 2.094226
 H -3.823060 2.785141 1.665643
 H 3.829185 5.633932 -1.446550
 H 4.024356 4.590090 -2.712936
 H 2.077135 -5.485476 -4.632932
 H 1.787320 -5.123735 -3.181088
 H -3.097954 3.836216 -3.943464
 H -2.082622 4.535126 -3.059675
 H 4.615764 0.654091 7.389747
 H 4.373440 1.139261 5.978414
 H -1.420608 -0.052075 2.260215
 H -2.205592 1.233149 2.705979
 H 0.573347 -1.904096 -2.959183
 H 0.271802 -0.854207 -4.112387
 H 0.065024 -2.921726 -5.200820
 H 1.057905 -3.337031 -6.319319
 H 6.819310 -5.885752 4.891612
 H 6.762755 -5.286389 3.417221
 H 4.173479 -3.722959 1.047677
 H 3.141728 -2.728148 0.388773
 H 5.515458 -0.901984 2.132570
 H 5.215069 -1.288634 3.611032
 H 1.841555 3.865481 -5.143853
 H 1.816173 4.547051 -3.869369
 H -2.003957 -7.046872 1.206615
 H -2.306915 -7.533476 -0.201356
 H -5.644558 -1.874381 -5.855490
 H -4.752940 -2.334695 -7.075059
 H -3.400311 1.332873 -0.521490
 H -4.400867 2.469752 -0.404222
 H 5.493281 3.882080 -4.845360
 H 4.755266 2.955004 -3.969739
 H 2.511734 -0.391786 -1.634515
 H 0.953297 -0.027078 -1.766127
 H -5.657878 -3.788295 1.900690
 H -4.743891 -2.623124 2.357132
 H 1.116780 3.249595 2.623072
 H 1.230911 3.022163 1.068041
K_POINTS
 1
0.0 0.0 0.0 1.0