
&control
    calculation='scf'
    pseudo_dir = './',
    outdir='./outputs',
    disk_io='high'
/
&system
    ibrav= 1, celldm(1)=20.000000, nat=  192, ntyp= 2,
    ecutwfc = 30.0, nosym=.true., occupations='smearing',
    smearing='m-v', degauss=0.025
/
&electrons
    conv_thr =  1.0d-8,
    mixing_beta = 0.7
/
&ions
    pot_extrapolation='second-order'
    wfc_extrapolation='second-order'
    ion_temperature = 'andersen'
    tempw = 1000

/
ATOMIC_SPECIES
 H  1.01  H.blyp-hgh.UPF
 O  16.0  O.blyp-hgh.UPF
ATOMIC_POSITIONS bohr
 O -5.299507 -1.486589 -1.010948
 O 2.676773 -2.677128 6.170285
 O -5.485648 6.487808 -5.322312
 O 1.148895 3.135590 -1.002078
 O -5.048245 1.336630 3.589200
 O -0.100624 6.112955 5.951366
 O -1.147772 -5.456350 -2.517590
 O 2.989375 1.155111 4.538138
 O -2.791121 -6.455089 5.662483
 O 2.167327 -2.458862 3.510274
 O 2.449358 -6.570043 2.495570
 O -3.386039 -3.648792 4.267768
 O -4.771946 -7.030000 0.540369
 O -3.905313 -4.759632 -3.640602
 O 2.569655 -3.676489 -1.956199
 O -1.984943 2.971864 -0.997369
 O -1.436523 -2.955073 1.979831
 O 0.602800 -4.816188 3.491763
 O 4.604586 -4.428349 -4.755779
 O 5.153373 4.733808 2.230210
 O 5.220453 -3.938447 3.621577
 O -2.459448 -2.252624 -3.201469
 O -1.194326 3.130856 -4.484892
 O 4.309697 1.760067 2.041320
 O 2.867576 1.221267 -3.544548
 O -4.505849 3.092515 -5.446841
 O 5.043383 -5.721918 -0.277511
 O 0.921636 -0.287234 -5.879534
 O -2.203087 0.648912 -5.113114
 O 0.932066 -0.905403 1.712973
 O 5.728700 -2.148867 -3.993885
 O 4.402757 -0.192171 -1.217509
 O 0.531156 4.362903 3.984172
 O -4.462760 0.606082 -3.404807
 O 0.052324 -3.791255 -0.762109
 O 5.136573 4.235114 -6.662908
 O 3.389005 6.563409 5.758167
 O -5.467407 5.350870 -2.465571
 O 0.006544 1.055813 -2.649371
 O -4.021050 -3.889282 -0.994804
 O -2.925793 5.633962 3.037456
 O -2.541214 3.360429 4.159251
 O -1.712688 -1.876773 -0.484996
 O -1.396457 -1.585527 5.283335
 O 0.309721 1.949690 5.925587
 O -4.759752 2.990220 1.491225
 O 3.662121 4.740860 -1.817155
 O 1.515666 -5.760485 -3.879956
 O -3.036462 4.466120 -3.189046
 O 5.127782 0.921867 6.603744
 O -1.592903 0.883075 1.983468
 O 0.025693 -1.731379 -3.760273
 O 0.274618 -3.650833 -5.822294
 O 6.864707 -6.091148 3.936328
 O 3.730982 -2.863515 1.156830
 O 5.943391 -1.066058 3.003622
 O 1.420629 3.759363 -4.275012
 O -1.580916 -7.160343 0.329560
 O -4.982673 -1.555153 -6.526118
 O -4.318040 1.565378 -0.758600
 O 5.352273 3.731556 -3.876233
 O 1.596747 -0.766134 -1.533896
 O -4.720913 -3.545044 2.017272
 O 1.736508 3.077957 1.899516
 H -4.852064 -2.348097 -0.796406
 H -4.643689 -1.060288 -1.607511
 H 2.750626 -1.719932 6.343834
 H 2.860595 -2.761505 5.202524
 H -5.693859 5.764908 -4.699520
 H -4.654315 6.747272 -4.851964
 H 1.803160 2.460612 -1.241800
 H 1.682796 3.948848 -1.208178
 H -5.425910 0.429962 3.433838
 H -4.298214 1.204756 4.180986
 H -0.205425 6.939211 5.446416
 H -0.059167 6.365849 6.890179
 H -0.791756 -5.958898 -1.764870
 H -0.484370 -5.388441 -3.239410
 H 3.429859 1.878391 4.053276
 H 2.025735 1.222458 4.341202
 H -3.161062 -7.332120 5.897984
 H -1.820111 -6.580714 5.510494
 H 1.830496 -1.667404 3.033673
 H 2.594344 -3.056009 2.824072
 H 1.512398 -6.792452 2.704318
 H 2.421061 -5.592944 2.558595
 H -3.669069 -4.281315 4.965249
 H -3.826815 -3.999889 3.425806
 H -5.128479 -7.825979 1.020008
 H -4.841913 -7.159429 -0.431549
 H -3.383594 -3.979905 -3.883062
 H -3.340657 -5.489586 -3.328762
 H 3.084105 -2.986731 -2.425824
 H 1.684390 -3.239720 -1.873771
 H -2.303647 3.719738 -1.556959
 H -1.665878 3.467417 -0.188123
 H -1.898572 -2.920715 1.088577
 H -0.699031 -2.365982 1.803449
 H 1.050315 -3.939373 3.466837
 H -0.282032 -4.624544 3.114197
 H 4.962232 -5.060164 -5.407903
 H 4.333948 -3.827437 -5.482921
 H 4.173703 4.733603 2.109569
 H 5.269485 5.140536 3.110690
 H 6.090043 -3.525469 3.424228
 H 4.945132 -3.217301 4.223031
 H -1.495730 -2.113856 -3.466108
 H -3.046216 -1.679066 -3.726118
 H -0.219871 2.967004 -4.451431
 H -1.722483 2.294959 -4.407686
 H 4.477114 2.714311 1.895781
 H 3.347425 1.677239 1.869905
 H 2.108475 0.962432 -4.124930
 H 2.766980 2.197277 -3.682660
 H -5.274508 2.982345 -6.021491
 H -4.659766 2.500691 -4.697516
 H 5.133317 -6.426322 0.397540
 H 5.894455 -5.819436 -0.740741
 H 0.165112 -0.710302 -6.360366
 H 0.667518 0.653274 -5.774407
 H -2.431010 0.207148 -5.957864
 H -2.531497 0.090987 -4.386989
 H 0.405467 -0.089913 1.574109
 H 1.196875 -1.169745 0.798372
 H 5.236260 -3.002632 -4.004506
 H 5.691504 -1.936229 -3.030345
 H 4.368488 0.662375 -0.745485
 H 4.954078 -0.752267 -0.616293
 H 0.526649 5.098610 4.649930
 H -0.443370 4.339944 3.692056
 H -4.845924 1.485876 -3.288356
 H -5.004274 0.189304 -4.108236
 H -0.782718 -4.280768 -0.941016
 H 0.064907 -3.587450 0.189858
 H 5.030726 5.023469 -7.243528
 H 5.645338 3.644264 -7.258588
 H 3.042320 6.362718 4.857314
 H 3.286574 7.498402 6.024268
 H -6.302845 5.171195 -2.946338
 H -4.946650 4.747550 -3.050867
 H -0.941131 0.820202 -2.714561
 H 0.035152 1.867199 -2.076633
 H -3.966891 -3.766951 -1.985607
 H -3.756147 -4.844462 -0.983713
 H -3.575498 5.552438 2.298414
 H -3.434298 6.082918 3.759975
 H -2.835001 4.175932 3.618680
 H -3.275055 2.717594 4.119463
 H -1.843532 -2.203704 -1.404046
 H -1.931558 -0.925283 -0.505545
 H -1.807066 -2.258895 4.686539
 H -1.418778 -2.121836 6.097073
 H 0.606513 2.642181 5.319945
 H -0.619045 2.192211 5.792815
 H -5.244787 2.379961 2.095977
 H -3.823020 2.778701 1.660049
 H 3.833952 5.635303 -1.448032
 H 4.018783 4.590310 -2.714932
 H 2.068839 -5.479451 -4.634999
 H 1.785149 -5.120079 -3.182712
 H -3.099436 3.832668 -3.939565
 H -2.080371 4.530768 -3.059016
 H 4.618698 0.652496 7.388766
 H 4.376279 1.136916 5.976382
 H -1.416247 -0.048440 2.266440
 H -2.198072 1.241175 2.704534
 H 0.572867 -1.900443 -2.957512
 H 0.274655 -0.856153 -4.113746
 H 0.071487 -2.915408 -5.203952
 H 1.055684 -3.343713 -6.324704
 H 6.824874 -5.883355 4.891015
 H 6.768329 -5.290159 3.414126
 H 4.176281 -3.721085 1.046729
 H 3.144838 -2.726447 0.387156
 H 5.518154 -0.897947 2.133893
 H 5.215905 -1.291355 3.610900
 H 1.843141 3.863737 -5.142983
 H 1.816135 4.547901 -3.868404
 H -2.010532 -7.045114 1.206268
 H -2.305950 -7.537698 -0.198828
 H -5.646545 -1.874452 -5.862880
 H -4.752920 -2.331798 -7.082460
 H -3.398400 1.337620 -0.524528
 H -4.403187 2.467721 -0.398542
 H 5.500722 3.884306 -4.846485
 H 4.756411 2.956170 -3.978203
 H 2.509930 -0.395645 -1.637221
 H 0.952584 -0.027156 -1.755824
 H -5.657164 -3.794160 1.901607
 H -4.750006 -2.625333 2.361134
 H 1.117514 3.246021 2.628116
 H 1.227538 3.018616 1.071384
K_POINTS
 1
0.0 0.0 0.0 1.0