
&control
    calculation='scf'
    pseudo_dir = './',
    outdir='./outputs',
    disk_io='high'
/
&system
    ibrav= 1, celldm(1)=20.000000, nat=  192, ntyp= 2,
    ecutwfc = 30.0, nosym=.true., occupations='smearing',
    smearing='m-v', degauss=0.025
/
&electrons
    conv_thr =  1.0d-8,
    mixing_beta = 0.7
/
&ions
    pot_extrapolation='second-order'
    wfc_extrapolation='second-order'
    ion_temperature = 'andersen'
    tempw = 1000

/
ATOMIC_SPECIES
 H  1.01  H.blyp-hgh.UPF
 O  16.0  O.blyp-hgh.UPF
ATOMIC_POSITIONS bohr
 O -5.299475 -1.487066 -1.008434
 O 2.676307 -2.677333 6.170238
 O -5.487148 6.488757 -5.322597
 O 1.150580 3.133025 -1.002422
 O -5.047508 1.334200 3.592137
 O -0.098565 6.112089 5.951160
 O -1.150235 -5.458172 -2.517985
 O 2.991289 1.155655 4.539901
 O -2.792235 -6.456420 5.661276
 O 2.165982 -2.458522 3.512670
 O 2.450456 -6.571207 2.494169
 O -3.386051 -3.649322 4.269759
 O -4.770891 -7.030822 0.538487
 O -3.905546 -4.756708 -3.641813
 O 2.568207 -3.678350 -1.954683
 O -1.983044 2.974014 -0.999426
 O -1.435357 -2.954264 1.977504
 O 0.601125 -4.816587 3.492069
 O 4.602919 -4.428061 -4.755694
 O 5.150604 4.733589 2.230443
 O 5.221647 -3.938353 3.622602
 O -2.458245 -2.251176 -3.200219
 O -1.193506 3.131999 -4.484697
 O 4.311093 1.759018 2.038290
 O 2.867648 1.222073 -3.543046
 O -4.506948 3.094207 -5.446494
 O 5.042537 -5.721529 -0.274450
 O 0.920040 -0.289508 -5.880759
 O -2.205097 0.648473 -5.113548
 O 0.930650 -0.903950 1.713165
 O 5.729000 -2.149297 -3.994101
 O 4.402853 -0.192289 -1.218817
 O 0.532493 4.364255 3.983191
 O -4.462338 0.604617 -3.403969
 O 0.050803 -3.791703 -0.762566
 O 5.137413 4.235641 -6.666911
 O 3.393554 6.564223 5.758285
 O -5.468081 5.352611 -2.465516
 O 0.007361 1.055440 -2.650888
 O -4.023591 -3.889876 -0.994319
 O -2.925285 5.634285 3.035652
 O -2.543581 3.360039 4.157930
 O -1.714040 -1.875507 -0.485637
 O -1.397007 -1.584743 5.283057
 O 0.309213 1.951927 5.925002
 O -4.758100 2.992274 1.489579
 O 3.663097 4.743342 -1.817945
 O 1.515268 -5.760812 -3.878272
 O -3.033580 4.466580 -3.190532
 O 5.130507 0.923331 6.604042
 O -1.591922 0.882323 1.982465
 O 0.025034 -1.732024 -3.759455
 O 0.275052 -3.650227 -5.820727
 O 6.866870 -6.092575 3.936103
 O 3.731619 -2.862866 1.157934
 O 5.943829 -1.068820 3.003760
 O 1.420275 3.759306 -4.274366
 O -1.581217 -7.163139 0.332896
 O -4.980842 -1.554461 -6.528263
 O -4.318834 1.565483 -0.757093
 O 5.351812 3.731690 -3.878912
 O 1.595880 -0.767346 -1.533523
 O -4.721211 -3.547606 2.020808
 O 1.735917 3.079130 1.901587
 H -4.859650 -2.352389 -0.793568
 H -4.644955 -1.061904 -1.607952
 H 2.749869 -1.720386 6.348490
 H 2.861967 -2.756328 5.201691
 H -5.689761 5.764229 -4.699666
 H -4.653588 6.746395 -4.854845
 H 1.809772 2.463726 -1.244002
 H 1.679526 3.950101 -1.207570
 H -5.431303 0.426916 3.441559
 H -4.295965 1.206593 4.181598
 H -0.201799 6.939032 5.447035
 H -0.058918 6.363557 6.890093
 H -0.789378 -5.956323 -1.765420
 H -0.488672 -5.392304 -3.241392
 H 3.429589 1.882031 4.054496
 H 2.029134 1.220511 4.334692
 H -3.155970 -7.336955 5.899720
 H -1.824194 -6.580376 5.500717
 H 1.826802 -1.667250 3.036866
 H 2.591044 -3.064340 2.832196
 H 1.512073 -6.785912 2.705320
 H 2.428274 -5.594212 2.555899
 H -3.670134 -4.281623 4.965450
 H -3.821702 -3.993642 3.420567
 H -5.125646 -7.826227 1.021193
 H -4.848759 -7.166992 -0.433413
 H -3.380600 -3.978327 -3.885351
 H -3.342127 -5.485838 -3.325875
 H 3.083735 -2.991661 -2.426099
 H 1.683801 -3.237600 -1.876073
 H -2.304069 3.725009 -1.550585
 H -1.673176 3.470232 -0.188567
 H -1.897877 -2.920435 1.084379
 H -0.699290 -2.363631 1.803848
 H 1.046629 -3.939654 3.465908
 H -0.282414 -4.630256 3.111932
 H 4.962479 -5.055555 -5.408550
 H 4.331330 -3.827591 -5.481936
 H 4.170059 4.733967 2.108174
 H 5.266299 5.137881 3.114472
 H 6.090835 -3.526311 3.423939
 H 4.943010 -3.218101 4.223959
 H -1.495787 -2.112866 -3.469060
 H -3.046522 -1.676517 -3.721607
 H -0.218886 2.968151 -4.446177
 H -1.729713 2.300639 -4.412444
 H 4.479445 2.713305 1.892685
 H 3.347106 1.682178 1.870240
 H 2.110723 0.965908 -4.125913
 H 2.764959 2.197231 -3.684325
 H -5.275776 2.989382 -6.021378
 H -4.659128 2.504727 -4.694846
 H 5.132851 -6.428404 0.398359
 H 5.892307 -5.819047 -0.739965
 H 0.158361 -0.710866 -6.353027
 H 0.671930 0.652439 -5.777722
 H -2.436170 0.206128 -5.958314
 H -2.533460 0.092917 -4.384992
 H 0.397878 -0.092520 1.576944
 H 1.190340 -1.170827 0.797470
 H 5.240178 -3.004460 -4.003450
 H 5.694275 -1.942245 -3.029835
 H 4.362625 0.660363 -0.747028
 H 4.952453 -0.749201 -0.616847
 H 0.520541 5.100334 4.650296
 H -0.447268 4.334205 3.696652
 H -4.846590 1.483569 -3.286814
 H -5.007538 0.185204 -4.102812
 H -0.779729 -4.286777 -0.945534
 H 0.062808 -3.590048 0.189540
 H 5.034539 5.023486 -7.249411
 H 5.645649 3.644504 -7.263629
 H 3.043579 6.362147 4.859727
 H 3.286038 7.497929 6.028175
 H -6.306614 5.176286 -2.940115
 H -4.948563 4.754887 -3.053510
 H -0.943411 0.825509 -2.715544
 H 0.036276 1.863379 -2.073208
 H -3.956533 -3.769521 -1.985714
 H -3.751999 -4.841694 -0.984590
 H -3.574847 5.549567 2.298685
 H -3.436586 6.077665 3.759088
 H -2.830903 4.175528 3.613665
 H -3.282662 2.722815 4.114470
 H -1.845096 -2.204540 -1.403538
 H -1.926529 -0.922523 -0.502847
 H -1.808003 -2.258932 4.688004
 H -1.421696 -2.120868 6.096722
 H 0.607692 2.642560 5.316985
 H -0.618391 2.190437 5.791120
 H -5.242024 2.385028 2.097725
 H -3.823023 2.772256 1.654446
 H 3.838857 5.636683 -1.449627
 H 4.013295 4.590700 -2.716863
 H 2.060516 -5.473443 -4.637087
 H 1.783050 -5.116412 -3.184282
 H -3.100835 3.829248 -3.935622
 H -2.077955 4.526446 -3.058546
 H 4.621626 0.650862 7.387894
 H 4.379287 1.134491 5.974429
 H -1.412013 -0.044674 2.272655
 H -2.190273 1.249088 2.702837
 H 0.572387 -1.896650 -2.955881
 H 0.277618 -0.858038 -4.115233
 H 0.078097 -2.909135 -5.207023
 H 1.053489 -3.350310 -6.329997
 H 6.830441 -5.880881 4.890477
 H 6.773826 -5.293849 3.411078
 H 4.179073 -3.719276 1.045630
 H 3.148036 -2.724868 0.385462
 H 5.520836 -0.893921 2.135308
 H 5.216723 -1.293951 3.610739
 H 1.844667 3.861891 -5.142281
 H 1.816000 4.548962 -3.867196
 H -2.017020 -7.043260 1.205893
 H -2.305110 -7.541758 -0.196275
 H -5.648433 -1.874464 -5.870311
 H -4.752832 -2.328864 -7.089813
 H -3.396526 1.342434 -0.527619
 H -4.405544 2.465626 -0.392825
 H 5.508144 3.886660 -4.847584
 H 4.757616 2.957309 -3.986534
 H 2.508092 -0.399555 -1.639912
 H 0.951986 -0.027343 -1.745584
 H -5.656421 -3.799995 1.902315
 H -4.756151 -2.627539 2.365052
 H 1.118227 3.242526 2.633193
 H 1.224127 3.015109 1.074640
K_POINTS
 1
0.0 0.0 0.0 1.0