
&control
    calculation='scf'
    pseudo_dir = './',
    outdir='./outputs',
    disk_io='high'
/
&system
    ibrav= 1, celldm(1)=20.000000, nat=  192, ntyp= 2,
    ecutwfc = 30.0, nosym=.true., occupations='smearing',
    smearing='m-v', degauss=0.025
/
&electrons
    conv_thr =  1.0d-8,
    mixing_beta = 0.7
/
&ions
    pot_extrapolation='second-order'
    wfc_extrapolation='second-order'
    ion_temperature = 'andersen'
    tempw = 1000

/
ATOMIC_SPECIES
 H  1.01  H.blyp-hgh.UPF
 O  16.0  O.blyp-hgh.UPF
ATOMIC_POSITIONS bohr
 O -5.299430 -1.487557 -1.005925
 O 2.675884 -2.677556 6.170177
 O -5.488648 6.489675 -5.322892
 O 1.152278 3.130477 -1.002765
 O -5.046784 1.331762 3.595065
 O -0.096512 6.111201 5.950935
 O -1.152729 -5.459995 -2.518388
 O 2.993191 1.156200 4.541671
 O -2.793368 -6.457747 5.660070
 O 2.164658 -2.458236 3.515065
 O 2.451562 -6.572355 2.492774
 O -3.386089 -3.649867 4.271749
 O -4.769823 -7.031623 0.536603
 O -3.905802 -4.753789 -3.643026
 O 2.566744 -3.680191 -1.953179
 O -1.981131 2.976187 -1.001455
 O -1.434222 -2.953479 1.975157
 O 0.599436 -4.816985 3.492376
 O 4.601232 -4.427766 -4.755647
 O 5.147809 4.733358 2.230671
 O 5.222847 -3.938227 3.623642
 O -2.457053 -2.249743 -3.198971
 O -1.192701 3.133148 -4.484497
 O 4.312487 1.757967 2.035253
 O 2.867708 1.222904 -3.541574
 O -4.508026 3.095918 -5.446149
 O 5.041682 -5.721140 -0.271383
 O 0.918450 -0.291834 -5.881960
 O -2.207094 0.648030 -5.113990
 O 0.929224 -0.902497 1.713337
 O 5.729291 -2.149718 -3.994287
 O 4.402948 -0.192414 -1.220109
 O 0.533758 4.365603 3.982194
 O -4.461916 0.603126 -3.403152
 O 0.049293 -3.792166 -0.763025
 O 5.138264 4.236157 -6.670946
 O 3.398108 6.565013 5.758399
 O -5.468759 5.354337 -2.465489
 O 0.008164 1.055073 -2.652389
 O -4.026110 -3.890504 -0.993869
 O -2.924786 5.634608 3.033813
 O -2.545948 3.359631 4.156598
 O -1.715393 -1.874217 -0.486274
 O -1.397576 -1.583968 5.282777
 O 0.308688 1.954211 5.924383
 O -4.756450 2.994332 1.487948
 O 3.664036 4.745799 -1.818723
 O 1.514867 -5.761140 -3.876585
 O -3.030726 4.467040 -3.192013
 O 5.133206 0.924810 6.604319
 O -1.590960 0.881566 1.981493
 O 0.024367 -1.732699 -3.758620
 O 0.275451 -3.649634 -5.819160
 O 6.869043 -6.094049 3.935888
 O 3.732248 -2.862206 1.159054
 O 5.944280 -1.071583 3.003885
 O 1.419958 3.759242 -4.273731
 O -1.581518 -7.165931 0.336245
 O -4.979024 -1.553781 -6.530401
 O -4.319632 1.565575 -0.755594
 O 5.351334 3.731806 -3.881626
 O 1.595008 -0.768561 -1.533131
 O -4.721517 -3.550167 2.024353
 O 1.735342 3.080277 1.903650
 H -4.867328 -2.356609 -0.790717
 H -4.646368 -1.063451 -1.608300
 H 2.749031 -1.720788 6.353160
 H 2.863192 -2.750990 5.200853
 H -5.685811 5.763540 -4.699942
 H -4.652849 6.745821 -4.857797
 H 1.816458 2.466743 -1.246211
 H 1.676191 3.951293 -1.206935
 H -5.436726 0.423923 3.449337
 H -4.293696 1.208306 4.182339
 H -0.198057 6.939023 5.447707
 H -0.058617 6.361309 6.890021
 H -0.786867 -5.953818 -1.766042
 H -0.492886 -5.396245 -3.243235
 H 3.429294 1.885616 4.055596
 H 2.032703 1.218557 4.328257
 H -3.150785 -7.341721 5.901446
 H -1.828345 -6.580091 5.491100
 H 1.823106 -1.667108 3.039965
 H 2.587737 -3.072279 2.840352
 H 1.511856 -6.779451 2.706321
 H 2.435486 -5.595567 2.553146
 H -3.671078 -4.281947 4.965618
 H -3.816405 -3.987242 3.415538
 H -5.122770 -7.826479 1.022212
 H -4.855670 -7.174637 -0.435197
 H -3.377384 -3.976740 -3.887627
 H -3.343419 -5.482030 -3.322991
 H 3.083393 -2.996668 -2.426369
 H 1.683301 -3.235618 -1.878236
 H -2.304581 3.730038 -1.544324
 H -1.680356 3.472781 -0.189179
 H -1.897115 -2.920120 1.080398
 H -0.699328 -2.361086 1.804264
 H 1.042885 -3.939851 3.465063
 H -0.282801 -4.635927 3.109626
 H 4.963030 -5.051264 -5.408965
 H 4.328523 -3.827418 -5.480753
 H 4.166426 4.734428 2.106820
 H 5.263207 5.135276 3.118163
 H 6.091647 -3.527195 3.423597
 H 4.940712 -3.219002 4.224918
 H -1.495900 -2.111763 -3.472083
 H -3.046784 -1.673964 -3.717087
 H -0.218094 2.969267 -4.440891
 H -1.736649 2.306385 -4.417324
 H 4.481825 2.712279 1.889596
 H 3.346800 1.687181 1.870597
 H 2.113077 0.969265 -4.126771
 H 2.762929 2.197144 -3.685894
 H -5.277123 2.996362 -6.021270
 H -4.658533 2.508645 -4.692220
 H 5.132375 -6.430474 0.399252
 H 5.890191 -5.818584 -0.739243
 H 0.151726 -0.711347 -6.345693
 H 0.676327 0.651618 -5.781209
 H -2.441323 0.205050 -5.958669
 H -2.535539 0.094883 -4.383067
 H 0.390366 -0.095105 1.579797
 H 1.183795 -1.171819 0.796587
 H 5.244215 -3.006370 -4.002517
 H 5.697176 -1.948151 -3.029420
 H 4.356806 0.658368 -0.748583
 H 4.950839 -0.746082 -0.617545
 H 0.514437 5.102004 4.650751
 H -0.450731 4.328433 3.701425
 H -4.847324 1.481284 -3.285045
 H -5.010816 0.181129 -4.097369
 H -0.776636 -4.292677 -0.950040
 H 0.060632 -3.592672 0.189204
 H 5.038324 5.023527 -7.255076
 H 5.645890 3.644711 -7.268625
 H 3.044796 6.361753 4.862218
 H 3.285364 7.497384 6.031902
 H -6.310558 5.181436 -2.933637
 H -4.950251 4.762314 -3.055885
 H -0.945601 0.830883 -2.716489
 H 0.037337 1.859571 -2.069883
 H -3.946250 -3.772096 -1.985636
 H -3.747957 -4.838759 -0.985297
 H -3.574236 5.546761 2.298960
 H -3.438798 6.072354 3.758238
 H -2.826767 4.175052 3.608768
 H -3.290244 2.728176 4.109494
 H -1.846743 -2.205295 -1.402979
 H -1.921547 -0.919833 -0.500167
 H -1.808932 -2.258879 4.689373
 H -1.424554 -2.119895 6.096424
 H 0.609205 2.643116 5.313902
 H -0.618040 2.188575 5.789642
 H -5.239198 2.390103 2.099472
 H -3.823062 2.765807 1.648831
 H 3.843898 5.638079 -1.451333
 H 4.007898 4.591258 -2.718740
 H 2.052164 -5.467455 -4.639191
 H 1.781023 -5.112732 -3.185793
 H -3.102152 3.825951 -3.931644
 H -2.075368 4.522158 -3.058265
 H 4.624545 0.649188 7.387133
 H 4.382467 1.131986 5.972560
 H -1.407907 -0.040794 2.278867
 H -2.182206 1.256888 2.700900
 H 0.571907 -1.892720 -2.954287
 H 0.280685 -0.859867 -4.116845
 H 0.084854 -2.902908 -5.210033
 H 1.051327 -3.356816 -6.335203
 H 6.836010 -5.878330 4.889995
 H 6.779246 -5.297449 3.408073
 H 4.181854 -3.717531 1.044383
 H 3.151326 -2.723410 0.383701
 H 5.523496 -0.889903 2.136805
 H 5.217515 -1.296424 3.610548
 H 1.846128 3.859946 -5.141738
 H 1.815761 4.550222 -3.865756
 H -2.023417 -7.041308 1.205493
 H -2.304394 -7.545650 -0.193700
 H -5.650226 -1.874420 -5.877778
 H -4.752677 -2.325888 -7.097111
 H -3.394692 1.347311 -0.530766
 H -4.407943 2.463472 -0.387073
 H 5.515544 3.889143 -4.848652
 H 4.758868 2.958408 -3.994733
 H 2.506235 -0.403506 -1.642588
 H 0.951498 -0.027632 -1.735415
 H -5.655646 -3.805805 1.902814
 H -4.762324 -2.629745 2.368884
 H 1.118923 3.239110 2.638295
 H 1.220682 3.011642 1.077819
K_POINTS
 1
0.0 0.0 0.0 1.0