
&control
    calculation='scf'
    pseudo_dir = './',
    outdir='./outputs',
    disk_io='high'
/
&system
    ibrav= 1, celldm(1)=20.000000, nat=  192, ntyp= 2,
    ecutwfc = 30.0, nosym=.true., occupations='smearing',
    smearing='m-v', degauss=0.025
/
&electrons
    conv_thr =  1.0d-8,
    mixing_beta = 0.7
/
&ions
    pot_extrapolation='second-order'
    wfc_extrapolation='second-order'
    ion_temperature = 'andersen'
    tempw = 1000

/
ATOMIC_SPECIES
 H  1.01  H.blyp-hgh.UPF
 O  16.0  O.blyp-hgh.UPF
ATOMIC_POSITIONS bohr
 O -5.299372 -1.488061 -1.003422
 O 2.675503 -2.677794 6.170102
 O -5.490145 6.490563 -5.323198
 O 1.153990 3.127944 -1.003108
 O -5.046075 1.329316 3.597984
 O -0.094463 6.110292 5.950689
 O -1.155252 -5.461817 -2.518801
 O 2.995084 1.156750 4.543448
 O -2.794522 -6.459073 5.658866
 O 2.163356 -2.458003 3.517461
 O 2.452677 -6.573488 2.491385
 O -3.386152 -3.650426 4.273737
 O -4.768746 -7.032405 0.534717
 O -3.906078 -4.750876 -3.644241
 O 2.565265 -3.682011 -1.951686
 O -1.979207 2.978383 -1.003454
 O -1.433119 -2.952718 1.972787
 O 0.597735 -4.817385 3.492685
 O 4.599524 -4.427461 -4.755636
 O 5.144988 4.733115 2.230894
 O 5.224052 -3.938070 3.624697
 O -2.455873 -2.248325 -3.197726
 O -1.191913 3.134304 -4.484293
 O 4.313879 1.756916 2.032209
 O 2.867755 1.223760 -3.540129
 O -4.509081 3.097646 -5.445806
 O 5.040819 -5.720752 -0.268308
 O 0.916869 -0.294213 -5.883134
 O -2.209079 0.647582 -5.114440
 O 0.927788 -0.901046 1.713487
 O 5.729572 -2.150129 -3.994443
 O 4.403040 -0.192546 -1.221387
 O 0.534947 4.366946 3.981181
 O -4.461492 0.601609 -3.402355
 O 0.047796 -3.792644 -0.763488
 O 5.139126 4.236665 -6.675013
 O 3.402668 6.565781 5.758509
 O -5.469442 5.356052 -2.465488
 O 0.008949 1.054711 -2.653874
 O -4.028609 -3.891162 -0.993458
 O -2.924296 5.634931 3.031940
 O -2.548315 3.359204 4.155253
 O -1.716745 -1.872904 -0.486904
 O -1.398165 -1.583202 5.282495
 O 0.308150 1.956540 5.923727
 O -4.754802 2.996392 1.486334
 O 3.664938 4.748230 -1.819486
 O 1.514465 -5.761469 -3.874897
 O -3.027900 4.467502 -3.193488
 O 5.135880 0.926305 6.604575
 O -1.590014 0.880805 1.980551
 O 0.023693 -1.733402 -3.757767
 O 0.275812 -3.649053 -5.817593
 O 6.871228 -6.095569 3.935684
 O 3.732867 -2.861533 1.160188
 O 5.944746 -1.074348 3.004000
 O 1.419678 3.759172 -4.273106
 O -1.581817 -7.168719 0.339608
 O -4.977218 -1.553112 -6.532535
 O -4.320433 1.565653 -0.754103
 O 5.350840 3.731903 -3.884377
 O 1.594130 -0.769781 -1.532721
 O -4.721831 -3.552725 2.027905
 O 1.734781 3.081397 1.905707
 H -4.875087 -2.360749 -0.787860
 H -4.647928 -1.064941 -1.608548
 H 2.748110 -1.721148 6.357843
 H 2.864267 -2.745492 5.200017
 H -5.682014 5.762840 -4.700348
 H -4.652102 6.745553 -4.860822
 H 1.823216 2.469664 -1.248427
 H 1.672786 3.952422 -1.206271
 H -5.442164 0.421002 3.457176
 H -4.291402 1.209887 4.183215
 H -0.194203 6.939180 5.448433
 H -0.058266 6.359105 6.889967
 H -0.784223 -5.951389 -1.766730
 H -0.497010 -5.400258 -3.244944
 H 3.428969 1.889129 4.056588
 H 2.036438 1.216592 4.321901
 H -3.145506 -7.346401 5.903157
 H -1.832546 -6.579857 5.481641
 H 1.819413 -1.666987 3.042961
 H 2.584417 -3.079811 2.848533
 H 1.511748 -6.773073 2.707321
 H 2.442700 -5.597002 2.550334
 H -3.671909 -4.282298 4.965753
 H -3.810926 -3.980698 3.410738
 H -5.119849 -7.826729 1.023067
 H -4.862640 -7.182352 -0.436886
 H -3.373954 -3.975154 -3.889888
 H -3.344536 -5.478164 -3.320112
 H 3.083090 -3.001744 -2.426639
 H 1.682893 -3.233779 -1.880258
 H -2.305192 3.734834 -1.538202
 H -1.687403 3.475059 -0.189935
 H -1.896276 -2.919767 1.076648
 H -0.699143 -2.358347 1.804696
 H 1.039082 -3.939958 3.464299
 H -0.283203 -4.641554 3.107277
 H 4.963894 -5.047307 -5.409160
 H 4.325520 -3.826911 -5.479374
 H 4.162813 4.734986 2.105513
 H 5.260206 5.132712 3.121737
 H 6.092480 -3.528115 3.423207
 H 4.938244 -3.220006 4.225906
 H -1.496067 -2.110548 -3.475172
 H -3.047007 -1.671409 -3.712559
 H -0.217500 2.970345 -4.435574
 H -1.743279 2.312189 -4.422325
 H 4.484258 2.711230 1.886515
 H 3.346513 1.692242 1.870978
 H 2.115527 0.972491 -4.127510
 H 2.760898 2.197026 -3.687361
 H -5.278551 3.003280 -6.021162
 H -4.657986 2.512445 -4.689645
 H 5.131886 -6.432530 0.400218
 H 5.888110 -5.818046 -0.738574
 H 0.145202 -0.711747 -6.338371
 H 0.680706 0.650817 -5.784868
 H -2.446468 0.203920 -5.958919
 H -2.537734 0.096888 -4.381220
 H 0.382930 -0.097663 1.582667
 H 1.177239 -1.172718 0.795726
 H 5.248365 -3.008370 -4.001714
 H 5.700206 -1.953940 -3.029090
 H 4.351028 0.656406 -0.750142
 H 4.949253 -0.742928 -0.618371
 H 0.508345 5.103612 4.651291
 H -0.453731 4.322629 3.706374
 H -4.848128 1.479022 -3.283048
 H -5.014109 0.177078 -4.091908
 H -0.773442 -4.298467 -0.954529
 H 0.058376 -3.595325 0.188854
 H 5.042078 5.023594 -7.260519
 H 5.646059 3.644882 -7.273574
 H 3.045968 6.361533 4.864780
 H 3.284551 7.496762 6.035446
 H -6.314678 5.186638 -2.926914
 H -4.951704 4.769810 -3.058012
 H -0.947683 0.836323 -2.717398
 H 0.038338 1.855778 -2.066660
 H -3.936050 -3.774667 -1.985366
 H -3.744019 -4.835684 -0.985821
 H -3.573675 5.544021 2.299227
 H -3.440938 6.066991 3.757430
 H -2.822596 4.174505 3.603990
 H -3.297797 2.733678 4.104539
 H -1.848475 -2.205963 -1.402374
 H -1.916615 -0.917215 -0.497513
 H -1.809854 -2.258741 4.690638
 H -1.427354 -2.118918 6.096184
 H 0.611043 2.643841 5.310705
 H -0.618010 2.186634 5.788378
 H -5.236318 2.395182 2.101221
 H -3.823130 2.759357 1.643204
 H 3.849073 5.639499 -1.453149
 H 4.002599 4.591984 -2.720572
 H 2.043780 -5.461493 -4.641310
 H 1.779070 -5.109042 -3.187239
 H -3.103385 3.822769 -3.927643
 H -2.072608 4.517901 -3.058176
 H 4.627455 0.647474 7.386482
 H 4.385821 1.129402 5.970779
 H -1.403930 -0.036818 2.285081
 H -2.173882 1.264578 2.698740
 H 0.571424 -1.888658 -2.952726
 H 0.283850 -0.861647 -4.118582
 H 0.091757 -2.896730 -5.212980
 H 1.049202 -3.363229 -6.340326
 H 6.841581 -5.875706 4.889562
 H 6.784591 -5.300952 3.405104
 H 4.184624 -3.715846 1.042988
 H 3.154712 -2.722072 0.381884
 H 5.526127 -0.885895 2.138376
 H 5.218276 -1.298775 3.610330
 H 1.847521 3.857903 -5.141345
 H 1.815411 4.551666 -3.864096
 H -2.029720 -7.039258 1.205070
 H -2.303803 -7.549366 -0.191105
 H -5.651927 -1.874323 -5.885273
 H -4.752456 -2.322862 -7.104347
 H -3.392902 1.352250 -0.533972
 H -4.410389 2.461265 -0.381285
 H 5.522918 3.891751 -4.849685
 H 4.760158 2.959457 -4.002803
 H 2.504374 -0.407487 -1.645250
 H 0.951113 -0.028014 -1.725327
 H -5.654836 -3.811590 1.903103
 H -4.768522 -2.631957 2.372624
 H 1.119606 3.235773 2.643412
 H 1.217210 3.008216 1.080932
K_POINTS
 1
0.0 0.0 0.0 1.0