
&control
    calculation='scf'
    pseudo_dir = './',
    outdir='./outputs',
    disk_io='high'
/
&system
    ibrav= 1, celldm(1)=20.000000, nat=  192, ntyp= 2,
    ecutwfc = 30.0, nosym=.true., occupations='smearing',
    smearing='m-v', degauss=0.025
/
&electrons
    conv_thr =  1.0d-8,
    mixing_beta = 0.7
/
&ions
    pot_extrapolation='second-order'
    wfc_extrapolation='second-order'
    ion_temperature = 'andersen'
    tempw = 1000

/
ATOMIC_SPECIES
 H  1.01  H.blyp-hgh.UPF
 O  16.0  O.blyp-hgh.UPF
ATOMIC_POSITIONS bohr
 O -5.299050 -1.490199 -0.993462
 O 2.674430 -2.678881 6.169655
 O -5.496096 6.493808 -5.324512
 O 1.160984 3.117979 -1.004478
 O -5.043435 1.319435 3.609533
 O -0.086306 6.106461 5.949491
 O -1.165643 -5.469101 -2.520535
 O 3.002569 1.159045 4.550577
 O -2.799399 -6.464408 5.654086
 O 2.158353 -2.457603 3.527076
 O 2.457203 -6.577878 2.485890
 O -3.386611 -3.652737 4.281616
 O -4.764354 -7.035370 0.527095
 O -3.907355 -4.739240 -3.649122
 O 2.559170 -3.689086 -1.945821
 O -1.971390 2.987343 -1.011160
 O -1.429031 -2.949927 1.963072
 O 0.590830 -4.819027 3.493945
 O 4.592487 -4.426133 -4.755922
 O 5.133436 4.732055 2.231801
 O 5.228894 -3.937157 3.629078
 O -2.451270 -2.242815 -3.192775
 O -1.188935 3.139029 -4.483432
 O 4.319393 1.752717 2.019965
 O 2.867844 1.227450 -3.534633
 O -4.513054 3.104750 -5.444451
 O 5.037288 -5.719217 -0.255935
 O 0.910643 -0.304225 -5.887558
 O -2.216900 0.645736 -5.116343
 O 0.921950 -0.895269 1.713889
 O 5.730611 -2.151680 -3.994781
 O 4.403332 -0.193141 -1.226436
 O 0.538865 4.372299 3.977004
 O -4.459786 0.595280 -3.399365
 O 0.041953 -3.794700 -0.765384
 O 5.142690 4.238593 -6.691627
 O 3.420961 6.568632 5.758931
 O -5.472250 5.362867 -2.465661
 O 0.011852 1.053324 -2.659628
 O -4.038373 -3.894065 -0.992224
 O -2.922387 5.636219 3.024128
 O -2.557785 3.357297 4.149746
 O -1.722146 -1.867432 -0.489326
 O -1.400711 -1.580229 5.281364
 O 0.305944 1.966311 5.920732
 O -4.748229 3.004639 1.480058
 O 3.668160 4.757683 -1.822373
 O 1.512849 -5.762774 -3.868149
 O -3.016895 4.469408 -3.199282
 O 5.146313 0.932426 6.605403
 O -1.586359 0.877765 1.977015
 O 0.020955 -1.736453 -3.754204
 O 0.276895 -3.646856 -5.811319
 O 6.880073 -6.102122 3.935008
 O 3.735245 -2.858745 1.164829
 O 5.946798 -1.085404 3.004372
 O 1.418964 3.758882 -4.270702
 O -1.583027 -7.179829 0.353199
 O -4.970087 -1.550560 -6.541054
 O -4.323644 1.565825 -0.748231
 O 5.348733 3.732151 -3.895732
 O 1.590537 -0.774758 -1.530872
 O -4.723180 -3.562911 2.042191
 O 1.732651 3.085610 1.913856
 H -4.906740 -2.376415 -0.776537
 H -4.655555 -1.070499 -1.608446
 H 2.743567 -1.722375 6.376679
 H 2.867014 -2.721943 5.196820
 H -5.668443 5.759908 -4.703281
 H -4.649093 6.747558 -4.873724
 H 1.850908 2.480420 -1.257350
 H 1.658437 3.956278 -1.203293
 H -5.463734 0.410398 3.489211
 H -4.281931 1.214755 4.188116
 H -0.177699 6.941388 5.451899
 H -0.056382 6.350679 6.889970
 H -0.772358 -5.942529 -1.770058
 H -0.512572 -5.416974 -3.250535
 H 3.427339 1.902154 4.059726
 H 2.052903 1.208547 4.297325
 H -3.123426 -7.363961 5.909764
 H -1.849500 -6.579388 5.445336
 H 1.804824 -1.666944 3.053816
 H 2.570964 -3.105640 2.881362
 H 1.512408 -6.748454 2.711279
 H 2.471645 -5.603405 2.538494
 H -3.674272 -4.284210 4.966004
 H -3.787269 -3.953271 3.394170
 H -5.107696 -7.827607 1.024910
 H -4.890974 -7.213709 -0.442419
 H -3.358350 -3.969028 -3.898690
 H -3.347300 -5.462158 -3.308694
 H 3.082427 -3.022628 -2.427817
 H 1.682219 -3.227937 -1.886889
 H -2.308824 3.751902 -1.515570
 H -1.713957 3.481400 -0.193908
 H -1.891996 -2.917904 1.064138
 H -0.696277 -2.345500 1.806549
 H 1.023301 -3.939386 3.462050
 H -0.285178 -4.663527 3.097343
 H 4.970591 -5.035020 -5.407920
 H 4.311507 -3.821460 -5.471981
 H 4.148764 4.738189 2.100834
 H 5.248985 5.122680 3.134381
 H 6.096030 -3.532070 3.421261
 H 4.926824 -3.225079 4.230052
 H -1.497218 -2.104564 -3.488108
 H -3.047561 -1.661135 -3.694392
 H -0.217121 2.974114 -4.414057
 H -1.766568 2.335820 -4.443463
 H 4.494609 2.706805 1.874306
 H 3.345649 1.712980 1.872745
 H 2.126002 0.983829 -4.129422
 H 2.752877 2.196427 -3.692113
 H -5.285099 3.030262 -6.020620
 H -4.656424 2.526484 -4.680010
 H 5.129820 -6.440530 0.404755
 H 5.880129 -5.815124 -0.736388
 H 0.120078 -0.712613 -6.309400
 H 0.697970 0.647885 -5.801223
 H -2.466932 0.198955 -5.958645
 H -2.547656 0.105349 -4.374707
 H 0.353943 -0.107544 1.594222
 H 1.150932 -1.175340 0.792581
 H 5.265990 -3.017398 -3.999923
 H 5.713633 -1.975794 -3.028428
 H 4.328292 0.649234 -0.756251
 H 4.943551 -0.730346 -0.622583
 H 0.484274 5.109213 4.654197
 H -0.460662 4.299136 3.727857
 H -4.852042 1.470192 -3.272796
 H -5.027429 0.161126 -4.069914
 H -0.759804 -4.320521 -0.972264
 H 0.048491 -3.606245 0.187403
 H 5.056790 5.024169 -7.280007
 H 5.645994 3.645203 -7.292812
 H 3.050125 6.362372 4.875586
 H 3.279916 7.493448 6.047771
 H -6.332906 5.207834 -2.897749
 H -4.954971 4.800063 -3.064471
 H -0.954609 0.858716 -2.720748
 H 0.041891 1.840826 -2.054815
 H -3.896297 -3.784666 -1.982259
 H -3.729245 -4.822513 -0.985896
 H -3.572131 5.533687 2.299974
 H -3.448839 6.045105 3.754711
 H -2.805555 4.171669 3.586106
 H -3.327649 2.757075 4.084946
 H -1.856267 -2.207638 -1.399636
 H -1.897430 -0.907503 -0.487287
 H -1.813534 -2.257381 4.694558
 H -1.437962 -2.114939 6.095844
 H 0.621374 2.648142 5.297049
 H -0.621326 2.178211 5.785359
 H -5.224458 2.415425 2.108287
 H -3.823553 2.733593 1.620512
 H 3.871072 5.645529 -1.461452
 H 3.982475 4.596540 -2.727675
 H 2.009850 -5.438009 -4.649813
 H 1.771972 -5.094219 -3.192316
 H -3.107489 3.811009 -3.911650
 H -2.059863 4.501129 -3.059778
 H 4.639014 0.640258 7.384924
 H 4.400939 1.118316 5.964565
 H -1.389304 -0.020313 2.310118
 H -2.138325 1.294349 2.688239
 H 0.569445 -1.871179 -2.946742
 H 0.297341 -0.868458 -4.126725
 H 0.120792 -2.872609 -5.224146
 H 1.041099 -3.387909 -6.360049
 H 6.863853 -5.864548 4.888151
 H 6.805245 -5.313886 3.393525
 H 4.195550 -3.709594 1.035998
 H 3.169296 -2.717912 0.374234
 H 5.536220 -0.869924 2.145195
 H 5.220881 -1.307012 3.609204
 H 1.852327 3.848787 -5.141057
 H 1.812754 4.558920 -3.855525
 H -2.053888 -7.030067 1.203200
 H -2.302664 -7.562351 -0.180576
 H -5.657932 -1.873472 -5.915384
 H -4.750945 -2.310170 -7.132553
 H -3.386230 1.372547 -0.547438
 H -4.420751 2.452005 -0.357784
 H 5.552071 3.903389 -4.853390
 H 4.765503 2.962917 -4.033883
 H 2.497211 -0.423537 -1.655778
 H 0.950452 -0.030301 -1.685960
 H -5.651204 -3.834534 1.902176
 H -4.793544 -2.640948 2.386593
 H 1.122332 3.223212 2.663830
 H 1.203192 2.994935 1.092965
K_POINTS
 1
0.0 0.0 0.0 1.0