
&control
    calculation='scf'
    pseudo_dir = './',
    outdir='./outputs',
    disk_io='high'
/
&system
    ibrav= 1, celldm(1)=20.000000, nat=  192, ntyp= 2,
    ecutwfc = 30.0, nosym=.true., occupations='smearing',
    smearing='m-v', degauss=0.025
/
&electrons
    conv_thr =  1.0d-8,
    mixing_beta = 0.7
/
&ions
    pot_extrapolation='second-order'
    wfc_extrapolation='second-order'
    ion_temperature = 'andersen'
    tempw = 1000

/
ATOMIC_SPECIES
 H  1.01  H.blyp-hgh.UPF
 O  16.0  O.blyp-hgh.UPF
ATOMIC_POSITIONS bohr
 O -5.298861 -1.491333 -0.988507
 O 2.674170 -2.679481 6.169341
 O -5.499031 6.495252 -5.325216
 O 1.164581 3.113087 -1.005165
 O -5.042252 1.314426 3.615220
 O -0.082248 6.104445 5.948754
 O -1.171012 -5.472743 -2.521446
 O 3.006278 1.160282 4.554129
 O -2.802019 -6.467123 5.651731
 O 2.155962 -2.457711 3.531921
 O 2.459499 -6.579994 2.483180
 O -3.386942 -3.653900 4.285486
 O -4.762123 -7.036774 0.523201
 O -3.908063 -4.733411 -3.651581
 O 2.556003 -3.692507 -1.942950
 O -1.967419 2.991901 -1.014849
 O -1.427171 -2.948674 1.958066
 O 0.587333 -4.819888 3.494600
 O 4.588845 -4.425395 -4.756241
 O 5.127499 4.731484 2.232289
 O 5.231315 -3.936540 3.631365
 O -2.449040 -2.240160 -3.190319
 O -1.187561 3.141477 -4.482980
 O 4.322097 1.750631 2.013800
 O 2.867844 1.229457 -3.532042
 O -4.514884 3.108418 -5.443782
 O 5.035482 -5.718471 -0.249706
 O 0.907604 -0.309512 -5.889596
 O -2.220742 0.644776 -5.117365
 O 0.918977 -0.892408 1.713973
 O 5.731084 -2.152400 -3.994788
 O 4.403404 -0.193468 -1.228970
 O 0.540288 4.374975 3.974867
 O -4.458928 0.591964 -3.397985
 O 0.039135 -3.795807 -0.766371
 O 5.144545 4.239494 -6.700143
 O 3.430142 6.569935 5.759144
 O -5.473719 5.366292 -2.465802
 O 0.013130 1.052666 -2.662387
 O -4.043112 -3.895647 -0.991877
 O -2.921446 5.636859 3.020046
 O -2.562525 3.356219 4.146908
 O -1.724835 -1.864574 -0.490453
 O -1.402097 -1.578796 5.280803
 O 0.304851 1.971473 5.918999
 O -4.744945 3.008756 1.477042
 O 3.669538 4.762244 -1.823705
 O 1.512043 -5.763404 -3.864791
 O -3.011565 4.470421 -3.202090
 O 5.151378 0.935563 6.605711
 O -1.584585 0.876264 1.975338
 O 0.019581 -1.738086 -3.752350
 O 0.277222 -3.645828 -5.808175
 O 6.884556 -6.105677 3.934772
 O 3.736372 -2.857306 1.167192
 O 5.947958 -1.090923 3.004522
 O 1.418873 3.758762 -4.269552
 O -1.583650 -7.185360 0.360079
 O -4.966562 -1.549357 -6.545330
 O -4.325241 1.565825 -0.745347
 O 5.347626 3.732215 -3.901617
 O 1.588678 -0.777341 -1.529811
 O -4.723917 -3.567962 2.049375
 O 1.731631 3.087553 1.917878
 H -4.922787 -2.383651 -0.771043
 H -4.660122 -1.073144 -1.607709
 H 2.740757 -1.723026 6.386134
 H 2.867418 -2.709273 5.195380
 H -5.662668 5.758343 -4.705525
 H -4.647651 6.750401 -4.880691
 H 1.865053 2.485313 -1.261823
 H 1.650810 3.957807 -1.201592
 H -5.474191 0.405966 3.505669
 H -4.277037 1.216230 4.191405
 H -0.168822 6.943343 5.453999
 H -0.055170 6.346667 6.890120
 H -0.765701 -5.938657 -1.772031
 H -0.519772 -5.425669 -3.252669
 H 3.426311 1.907852 4.060964
 H 2.061930 1.204353 4.285577
 H -3.111821 -7.371865 5.912880
 H -1.857829 -6.579397 5.428059
 H 1.797734 -1.667350 3.058507
 H 2.564129 -3.115891 2.897693
 H 1.513390 -6.736724 2.713219
 H 2.486216 -5.606891 2.532215
 H -3.674992 -4.285642 4.965990
 H -3.774476 -3.938975 3.387653
 H -5.101332 -7.827916 1.024952
 H -4.905306 -7.229521 -0.444278
 H -3.349612 -3.966266 -3.902881
 H -3.347725 -5.453833 -3.303085
 H 3.082542 -3.033328 -2.428542
 H 1.682440 -3.225949 -1.889302
 H -2.311480 3.759310 -1.505685
 H -1.726043 3.482904 -0.196085
 H -1.889236 -2.916653 1.059426
 H -0.693739 -2.338067 1.807552
 H 1.015064 -3.938454 3.461396
 H -0.286506 -4.674147 3.092006
 H 4.975915 -5.031043 -5.406186
 H 4.303284 -3.816693 -5.467196
 H 4.142091 4.740376 2.098878
 H 5.243777 5.117690 3.139418
 H 6.097931 -3.534137 3.420120
 H 4.920296 -3.228261 4.232187
 H -1.498054 -2.100910 -3.494857
 H -3.047686 -1.655952 -3.685286
 H -0.218100 2.975571 -4.403183
 H -1.776193 2.347736 -4.454664
 H 4.500218 2.704452 1.868287
 H 3.345465 1.723576 1.873784
 H 2.131435 0.988386 -4.129878
 H 2.749004 2.196200 -3.693758
 H -5.288854 3.043292 -6.020193
 H -4.656098 2.532839 -4.675702
 H 5.128720 -6.444331 0.407387
 H 5.876329 -5.813188 -0.735542
 H 0.108010 -0.712656 -6.295226
 H 0.706419 0.646611 -5.810433
 H -2.477083 0.196256 -5.957636
 H -2.553297 0.109874 -4.372027
 H 0.339904 -0.112226 1.599999
 H 1.137746 -1.176048 0.791223
 H 5.275353 -3.022605 -3.999950
 H 5.721134 -1.985854 -3.028340
 H 4.317121 0.646249 -0.759135
 H 4.941348 -0.724346 -0.624959
 H 0.472544 5.111373 4.656014
 H -0.460924 4.287246 3.739511
 H -4.854402 1.465859 -3.266325
 H -5.034183 0.153304 -4.058846
 H -0.752576 -4.330896 -0.980965
 H 0.042995 -3.611907 0.186704
 H 5.063955 5.024698 -7.288368
 H 5.645508 3.645117 -7.302068
 H 3.051824 6.363776 4.881194
 H 3.276785 7.491264 6.052827
 H -6.342999 5.218565 -2.881935
 H -4.954961 4.815062 -3.066792
 H -0.957056 0.870249 -2.722303
 H 0.043488 1.833540 -2.049536
 H -3.877200 -3.789333 -1.979451
 H -3.722385 -4.815823 -0.984580
 H -3.571909 5.528875 2.300000
 H -3.452431 6.033959 3.753709
 H -2.796832 4.169905 3.577913
 H -3.342328 2.769577 4.075311
 H -1.860693 -2.207801 -1.398188
 H -1.888198 -0.903111 -0.482500
 H -1.815403 -2.256262 4.695766
 H -1.442915 -2.112888 6.096059
 H 0.628085 2.650898 5.289933
 H -0.625079 2.173697 5.785003
 H -5.218464 2.425432 2.111901
 H -3.823796 2.720771 1.609020
 H 3.882808 5.648815 -1.466191
 H 3.973111 4.599778 -2.731225
 H 1.992584 -5.426572 -4.653985
 H 1.768839 -5.086823 -3.194402
 H -3.109064 3.805576 -3.903827
 H -2.052561 4.492861 -3.061777
 H 4.644775 0.636463 7.384698
 H 4.409450 1.112364 5.961987
 H -1.382747 -0.011957 2.322852
 H -2.119436 1.308774 2.682187
 H 0.568420 -1.861773 -2.943837
 H 0.304466 -0.871846 -4.131463
 H 0.136139 -2.860984 -5.229368
 H 1.037272 -3.399658 -6.369463
 H 6.874966 -5.858633 4.887505
 H 6.815163 -5.319689 3.387893
 H 4.200887 -3.706667 1.031712
 H 3.177245 -2.716522 0.370302
 H 5.540918 -0.861957 2.148795
 H 5.221838 -1.310461 3.608512
 H 1.854211 3.843705 -5.141500
 H 1.810558 4.563145 -3.850317
 H -2.065285 -7.024869 1.202188
 H -2.302808 -7.567629 -0.175248
 H -5.660551 -1.872825 -5.930401
 H -4.749829 -2.303416 -7.146134
 H -3.383216 1.382979 -0.554594
 H -4.426347 2.447179 -0.345831
 H 5.566376 3.909883 -4.854921
 H 4.768158 2.964064 -4.048770
 H 2.494003 -0.431509 -1.660985
 H 0.950545 -0.031766 -1.666976
 H -5.649117 -3.845912 1.900472
 H -4.806168 -2.645584 2.392931
 H 1.123784 3.217403 2.673849
 H 1.196218 2.988566 1.098912
K_POINTS
 1
0.0 0.0 0.0 1.0