
&control
    calculation='scf'
    pseudo_dir = './',
    outdir='./outputs',
    disk_io='high'
/
&system
    ibrav= 1, celldm(1)=20.000000, nat=  192, ntyp= 2,
    ecutwfc = 30.0, nosym=.true., occupations='smearing',
    smearing='m-v', degauss=0.025
/
&electrons
    conv_thr =  1.0d-8,
    mixing_beta = 0.7
/
&ions
    pot_extrapolation='second-order'
    wfc_extrapolation='second-order'
    ion_temperature = 'andersen'
    tempw = 1000

/
ATOMIC_SPECIES
 H  1.01  H.blyp-hgh.UPF
 O  16.0  O.blyp-hgh.UPF
ATOMIC_POSITIONS bohr
 O -5.262628 -1.554199 -1.403890
 O 3.962069 -2.168340 5.392305
 O -5.730814 5.338582 -5.513505
 O -0.173377 3.672201 -1.552284
 O -4.715202 0.744527 3.868443
 O -0.234502 5.442191 5.202217
 O -0.126443 -5.380832 -3.407558
 O 2.365269 0.232027 3.638076
 O -2.852506 -5.292217 5.633968
 O 1.918761 -2.943272 1.773075
 O 2.526336 -6.085629 2.906606
 O -4.148768 -3.039764 4.407502
 O -4.435498 -5.913371 0.722419
 O -3.583193 -5.685498 -3.688435
 O 2.212519 -2.745426 -2.215853
 O -1.888165 2.456309 1.260436
 O -1.149076 -1.545131 1.757883
 O 0.219600 -4.233639 3.705681
 O 5.430584 -4.206419 -4.961617
 O 5.501049 4.864492 2.187493
 O 5.959240 -2.977105 3.250700
 O -3.238075 -2.973977 -3.835665
 O -0.894524 2.615018 -4.940738
 O 3.891836 2.353363 2.858320
 O 2.325559 1.309419 -3.106813
 O -4.892224 2.786871 -6.172049
 O 4.453351 -5.961155 -1.247595
 O 1.968255 -1.304983 -4.596850
 O -2.026615 0.209685 -4.832679
 O 0.874413 -0.327123 0.706140
 O 4.774952 -1.747308 -3.739399
 O 5.174850 0.076550 -0.085717
 O -0.233395 4.547486 1.863528
 O -5.165747 0.719871 -4.006829
 O 0.725029 -3.816307 -0.366139
 O 4.591023 3.592126 -4.390486
 O 3.502482 5.474813 5.842952
 O -5.155494 3.746437 -1.870695
 O -0.375147 1.035431 -1.647039
 O -3.044917 -3.366203 -1.093939
 O -2.613548 5.464264 3.349313
 O -1.505011 2.805137 4.011244
 O -2.627414 -0.252606 -0.687026
 O -1.525976 -2.193473 4.895313
 O 0.692398 1.822646 4.919978
 O -4.774489 3.363316 1.425300
 O 2.835108 3.924750 -0.587419
 O 2.689294 -6.001958 -3.579296
 O -2.616520 4.561810 -2.319711
 O 5.564011 0.603926 5.298923
 O -3.071505 0.219230 1.977047
 O -0.660150 -2.405398 -2.338220
 O 0.010768 -3.271888 -5.494847
 O 5.706748 -5.969266 4.381792
 O 5.077525 -3.051079 -0.227400
 O 4.674924 -0.708247 2.442428
 O 1.100817 4.308593 -4.327173
 O -0.638535 -5.793295 0.463855
 O -5.541222 -1.399484 -5.751342
 O -4.635640 1.385981 -0.892476
 O 5.203255 1.579511 -2.644668
 O 2.775605 -0.276281 -1.020926
 O -5.288010 -1.232018 1.261641
 O 1.546330 2.649599 1.459217
 H -5.008428 -1.446768 -0.445519
 H -4.454317 -1.158186 -1.805587
 H 3.579878 -2.942093 5.846384
 H 3.254788 -1.743487 4.864040
 H -6.352118 4.899745 -4.889164
 H -5.734131 4.699376 -6.258275
 H 0.346122 3.115355 -0.931391
 H 0.476401 4.272274 -1.966768
 H -5.515056 0.181489 3.805543
 H -4.934269 1.338764 4.630206
 H 0.193305 6.316586 5.106001
 H -0.020624 5.104771 6.095184
 H -0.435495 -5.544368 -2.497903
 H -0.851534 -5.766292 -3.934247
 H 2.537852 1.157265 3.312970
 H 1.392118 0.153576 3.573017
 H -3.485612 -5.535803 6.345529
 H -1.979356 -5.378088 6.065158
 H 1.997376 -2.009308 1.428744
 H 2.818399 -3.326743 1.805651
 H 3.284194 -6.351059 2.345061
 H 1.743042 -6.527617 2.517174
 H -3.383959 -3.473695 3.982667
 H -4.433858 -2.288322 3.849575
 H -3.662350 -6.431625 0.416431
 H -4.346531 -5.041998 0.273913
 H -4.474814 -5.480647 -3.351128
 H -3.591799 -6.652783 -3.818660
 H 2.218627 -1.767891 -2.075946
 H 2.054034 -3.059368 -1.280840
 H -1.231768 3.071018 0.848695
 H -1.562081 1.551093 1.089439
 H -0.293777 -1.595568 1.256516
 H -0.855551 -1.646293 2.687818
 H 1.063528 -3.743310 3.528191
 H -0.368458 -3.799606 3.057310
 H 6.084622 -4.871863 -5.269027
 H 5.849022 -3.369194 -4.638981
 H 5.786890 5.476113 2.937484
 H 6.272190 5.052944 1.594327
 H 5.395864 -2.397194 2.687418
 H 6.385722 -3.678917 2.728253
 H -2.338888 -2.776733 -4.156119
 H -3.839478 -2.946240 -4.602830
 H -0.385012 2.926845 -4.168644
 H -1.180339 1.668755 -4.769066
 H 4.767548 2.572222 3.225956
 H 3.460299 3.210270 2.683708
 H 2.870966 1.038942 -3.867305
 H 1.904253 2.167101 -3.328376
 H -5.021485 2.203166 -5.377087
 H -3.972713 3.116895 -6.125829
 H 4.140873 -5.063428 -1.480273
 H 5.400634 -5.826236 -1.064322
 H 2.776077 -1.232524 -5.150753
 H 1.222421 -1.010009 -5.152206
 H -2.039045 -0.514985 -5.488190
 H -2.867602 0.691551 -4.946223
 H 1.068456 0.625377 0.912326
 H 1.276180 -0.420109 -0.188970
 H 3.989583 -2.200031 -3.347680
 H 5.384156 -1.668935 -2.972936
 H 5.279350 1.030852 -0.306500
 H 5.976725 -0.374203 -0.540580
 H -0.705031 3.946419 2.512900
 H -0.638140 5.425678 2.063074
 H -4.689343 0.923695 -3.172932
 H -6.130318 0.640320 -3.735409
 H 0.540958 -4.728277 -0.654827
 H 1.050695 -3.865393 0.567974
 H 3.652735 3.868056 -4.385329
 H 4.634448 2.809590 -4.971892
 H 3.299274 5.083032 4.964749
 H 2.753414 6.082153 5.980574
 H -5.740591 3.903778 -1.098240
 H -4.716058 4.622935 -1.977447
 H -0.004617 0.295204 -2.161295
 H -1.338750 0.751309 -1.562149
 H -2.961230 -3.114910 -2.064070
 H -2.573231 -4.228061 -1.136054
 H -3.416341 5.810167 2.906177
 H -2.664887 5.901049 4.247583
 H -1.459918 1.950276 3.523622
 H -2.233153 3.218073 3.501975
 H -2.166133 -1.089717 -0.480373
 H -3.006852 0.041203 0.185648
 H -2.492316 -2.236860 5.079027
 H -1.167191 -3.057844 5.187986
 H 1.521272 1.569740 5.364848
 H 0.176292 2.436090 5.484331
 H -5.247341 3.561901 2.259562
 H -3.878168 3.010495 1.628146
 H 3.378279 4.654143 -0.222525
 H 2.838452 4.134355 -1.539915
 H 3.618668 -5.781716 -3.817322
 H 2.195704 -5.182084 -3.807685
 H -2.480579 3.909711 -3.039139
 H -1.949183 4.242051 -1.665825
 H 5.980892 -0.201078 5.791965
 H 4.630878 0.313344 5.295248
 H -2.656121 -0.625559 2.242838
 H -3.801495 0.460288 2.619089
 H 0.031172 -3.092624 -2.422269
 H -0.449036 -2.034932 -1.460094
 H 0.376657 -3.298000 -4.586834
 H 0.796517 -3.015218 -6.016318
 H 4.952261 -5.698592 4.947983
 H 6.504431 -5.654197 4.837621
 H 5.787753 -3.416090 0.337861
 H 4.712721 -2.372973 0.375528
 H 4.639465 -0.226038 1.564951
 H 3.984386 -0.349989 3.057036
 H 1.360800 3.887113 -5.175969
 H 1.624062 5.183679 -4.337716
 H -1.011585 -6.614198 0.082313
 H -1.333856 -5.113413 0.560139
 H -5.370322 -1.959943 -6.537807
 H -4.711614 -0.976946 -5.452641
 H -4.045220 2.153741 -1.032454
 H -4.788606 1.398388 0.070154
 H 5.832394 2.333436 -2.663629
 H 4.335956 1.972862 -2.425171
 H 3.720912 -0.233267 -0.672284
 H 2.717504 0.352725 -1.787821
 H -6.122298 -0.826198 1.577442
 H -4.855963 -1.550316 2.071238
 H 0.886610 3.401756 1.378049
 H 2.240259 2.851930 0.787302
K_POINTS
 1
0.0 0.0 0.0 1.0