
&control
    calculation='scf'
    pseudo_dir = './',
    outdir='./outputs',
    disk_io='high'
/
&system
    ibrav= 1, celldm(1)=20.000000, nat=  192, ntyp= 2,
    ecutwfc = 30.0, nosym=.true., occupations='smearing',
    smearing='m-v', degauss=0.025
/
&electrons
    conv_thr =  1.0d-8,
    mixing_beta = 0.7
/
&ions
    pot_extrapolation='second-order'
    wfc_extrapolation='second-order'
    ion_temperature = 'andersen'
    tempw = 1000

/
ATOMIC_SPECIES
 H  1.01  H.blyp-hgh.UPF
 O  16.0  O.blyp-hgh.UPF
ATOMIC_POSITIONS bohr
 O -5.298458 -1.494331 -0.976141
 O 2.674357 -2.681030 6.168292
 O -5.506176 6.498380 -5.327094
 O 1.173929 3.101036 -1.006906
 O -5.039739 1.301672 3.629175
 O -0.072152 6.099219 5.946490
 O -1.184881 -5.481873 -2.523793
 O 3.015536 1.163760 4.562878
 O -2.809174 -6.474138 5.645993
 O 2.150221 -2.458759 3.544253
 O 2.465305 -6.585088 2.476514
 O -3.387933 -3.656623 4.294886
 O -4.756513 -7.040129 0.513067
 O -3.909852 -4.718719 -3.657795
 O 2.547738 -3.700773 -1.935939
 O -1.957344 3.003382 -1.023682
 O -1.422893 -2.945863 1.945154
 O 0.578507 -4.822193 3.496335
 O 4.579401 -4.423315 -4.757508
 O 5.112204 4.729965 2.233693
 O 5.237302 -3.934604 3.637360
 O -2.443671 -2.233822 -3.184248
 O -1.184514 3.147972 -4.481812
 O 4.328616 1.745502 1.998262
 O 2.867804 1.234950 -3.525959
 O -4.518997 3.117927 -5.442131
 O 5.030890 -5.716707 -0.234020
 O 0.900272 -0.323439 -5.894142
 O -2.230147 0.642262 -5.120150
 O 0.911393 -0.885359 1.713867
 O 5.732143 -2.154054 -3.994395
 O 4.403241 -0.194308 -1.235523
 O 0.542238 4.381723 3.969527
 O -4.456785 0.583292 -3.394852
 O 0.032474 -3.798766 -0.768987
 O 5.149398 4.241529 -6.722027
 O 3.453205 6.572877 5.759736
 O -5.477687 5.375092 -2.466070
 O 0.015719 1.051145 -2.668907
 O -4.054521 -3.899825 -0.991853
 O -2.919071 5.638447 3.009394
 O -2.574403 3.353144 4.139549
 O -1.731498 -1.857117 -0.492920
 O -1.405884 -1.575380 5.279457
 O 0.302265 1.985227 5.913900
 O -4.736689 3.018975 1.469921
 O 3.672318 4.773178 -1.826673
 O 1.510084 -5.764823 -3.856502
 O -2.998669 4.473250 -3.208730
 O 5.163637 0.943570 6.606284
 O -1.580171 0.872590 1.971161
 O 0.016229 -1.742302 -3.747608
 O 0.277475 -3.643403 -5.800298
 O 6.895924 -6.115293 3.934544
 O 3.739029 -2.853667 1.173116
 O 5.951326 -1.104662 3.004841
 O 1.419507 3.758677 -4.266792
 O -1.585313 -7.199110 0.377527
 O -4.957791 -1.546544 -6.556171
 O -4.329152 1.565575 -0.738295
 O 5.344788 3.732298 -3.916895
 O 1.583815 -0.784221 -1.526719
 O -4.725979 -3.580411 2.067447
 O 1.729102 3.091921 1.927757
 H -4.962836 -2.399842 -0.758251
 H -4.673172 -1.079708 -1.603940
 H 2.732062 -1.725528 6.409770
 H 2.865482 -2.675217 5.192447
 H -5.651251 5.754063 -4.713289
 H -4.644696 6.762721 -4.899714
 H 1.900601 2.496674 -1.272830
 H 1.630456 3.960572 -1.196675
 H -5.498485 0.398161 3.548142
 H -4.264761 1.216838 4.201820
 H -0.144937 6.950074 5.460502
 H -0.051437 6.337004 6.890861
 H -0.747345 -5.930660 -1.777874
 H -0.536022 -5.448106 -3.256512
 H 3.423196 1.919021 4.063748
 H 2.086079 1.193094 4.257826
 H -3.081383 -7.388537 5.920000
 H -1.877331 -6.579891 5.387184
 H 1.781027 -1.670359 3.067963
 H 2.546956 -3.133869 2.937352
 H 1.517676 -6.709246 2.717903
 H 2.523116 -5.615877 2.515460
 H -3.675954 -4.291366 4.965674
 H -3.740198 -3.902435 3.376989
 H -5.084592 -7.828164 1.022920
 H -4.941081 -7.268657 -0.445652
 H -3.326047 -3.961000 -3.912432
 H -3.346444 -5.432024 -3.289597
 H 3.084561 -3.060493 -2.431039
 H 1.684276 -3.223615 -1.892592
 H -2.321046 3.775138 -1.486341
 H -1.751930 3.482014 -0.200257
 H -1.880507 -2.912376 1.051857
 H -0.685478 -2.317577 1.810374
 H 0.993391 -3.934215 3.461072
 H -0.291100 -4.699484 3.077469
 H 4.994750 -5.026931 -5.398741
 H 4.279316 -3.799318 -5.452180
 H 4.126734 4.747533 2.095327
 H 5.231678 5.104991 3.147345
 H 6.102996 -3.539201 3.417105
 H 4.902115 -3.238061 4.237506
 H -1.500782 -2.089933 -3.512204
 H -3.047807 -1.642802 -3.662491
 H -0.223481 2.977516 -4.375810
 H -1.794274 2.376976 -4.484267
 H 4.515784 2.698168 1.853551
 H 3.346045 1.750415 1.876843
 H 2.144603 0.995816 -4.130207
 H 2.739985 2.196538 -3.695520
 H -5.299349 3.074360 -6.018156
 H -4.656924 2.546978 -4.666926
 H 5.125795 -6.452936 0.414794
 H 5.867199 -5.806912 -0.733845
 H 0.078872 -0.711841 -6.261195
 H 0.726915 0.643894 -5.836483
 H -2.502213 0.189009 -5.952336
 H -2.569376 0.122155 -4.367124
 H 0.306165 -0.123042 1.614264
 H 1.104813 -1.176039 0.788501
 H 5.300158 -3.037807 -4.002942
 H 5.742150 -2.008193 -3.028144
 H 4.289647 0.641091 -0.765567
 H 4.938858 -0.711321 -0.630488
 H 0.444721 5.114327 4.661236
 H -0.452403 4.257172 3.770620
 H -4.861300 1.454813 -3.246334
 H -5.051352 0.134222 -4.031042
 H -0.733908 -4.355078 -1.002142
 H 0.027506 -3.626721 0.185266
 H 5.081290 5.027127 -7.305354
 H 5.643027 3.644016 -7.324161
 H 3.054684 6.369837 4.895171
 H 3.266730 7.484241 6.062385
 H -6.370384 5.245293 -2.839408
 H -4.949862 4.851044 -3.071371
 H -0.959818 0.899768 -2.726119
 H 0.047410 1.816160 -2.038216
 H -3.832377 -3.799306 -1.968832
 H -3.706429 -4.800730 -0.976749
 H -3.573402 5.517795 2.298516
 H -3.460463 6.005705 3.752354
 H -2.774474 4.164758 3.559592
 H -3.378266 2.802941 4.051811
 H -1.873335 -2.205957 -1.394868
 H -1.866334 -0.893397 -0.471856
 H -1.820293 -2.252381 4.696386
 H -1.454299 -2.107468 6.097641
 H 0.647980 2.658324 5.272522
 H -0.639835 2.161867 5.787151
 H -5.203855 2.449864 2.121325
 H -3.824410 2.689091 1.579688
 H 3.914028 5.657901 -1.479576
 H 3.951894 4.610489 -2.740577
 H 1.948231 -5.399322 -4.663635
 H 1.762112 -5.068762 -3.198309
 H -3.111791 3.792659 -3.885476
 H -2.032426 4.472418 -3.070390
 H 4.659377 0.626665 7.385208
 H 4.432885 1.096531 5.956739
 H -1.368474 0.008186 2.355786
 H -2.070229 1.344390 2.666373
 H 0.565722 -1.836645 -2.936463
 H 0.322761 -0.881156 -4.144957
 H 0.176767 -2.833684 -5.241472
 H 1.028068 -3.427384 -6.391601
 H 6.902581 -5.843217 4.885388
 H 6.838907 -5.332508 3.374380
 H 4.213677 -3.699401 1.019042
 H 3.199062 -2.714862 0.360632
 H 5.551336 -0.841992 2.157844
 H 5.222926 -1.317282 3.606487
 H 1.857158 3.829742 -5.143406
 H 1.802079 4.574077 -3.835804
 H -2.091486 -7.010099 1.199565
 H -2.305093 -7.576953 -0.161835
 H -5.666472 -1.870830 -5.967293
 H -4.746025 -2.285221 -7.178292
 H -3.376699 1.409703 -0.573872
 H -4.441843 2.434720 -0.315412
 H 5.601004 3.927799 -4.857535
 H 4.774316 2.964745 -4.084448
 H 2.487820 -0.450796 -1.673883
 H 0.951566 -0.035763 -1.621967
 H -5.642926 -3.874178 1.892655
 H -4.837967 -2.657765 2.406701
 H 1.128095 3.204250 2.697628
 H 1.179422 2.973529 1.114404
K_POINTS
 1
0.0 0.0 0.0 1.0