
&control
    calculation='scf'
    pseudo_dir = './',
    outdir='./outputs',
    disk_io='high'
/
&system
    ibrav= 1, celldm(1)=20.000000, nat=  192, ntyp= 2,
    ecutwfc = 30.0, nosym=.true., occupations='smearing',
    smearing='m-v', degauss=0.025
/
&electrons
    conv_thr =  1.0d-8,
    mixing_beta = 0.7
/
&ions
    pot_extrapolation='second-order'
    wfc_extrapolation='second-order'
    ion_temperature = 'andersen'
    tempw = 1000

/
ATOMIC_SPECIES
 H  1.01  H.blyp-hgh.UPF
 O  16.0  O.blyp-hgh.UPF
ATOMIC_POSITIONS bohr
 O -5.298411 -1.494955 -0.973662
 O 2.674540 -2.681335 6.168040
 O -5.507563 6.498930 -5.327490
 O 1.175870 3.098642 -1.007261
 O -5.039310 1.299080 3.631925
 O -0.070140 6.098157 5.945964
 O -1.187722 -5.483710 -2.524264
 O 3.017394 1.164533 4.564597
 O -2.810711 -6.475588 5.644874
 O 2.149099 -2.459079 3.546772
 O 2.466476 -6.586078 2.475199
 O -3.388141 -3.657112 4.296719
 O -4.755394 -7.040782 0.510954
 O -3.910188 -4.715753 -3.659051
 O 2.546031 -3.702384 -1.934566
 O -1.955309 3.005678 -1.025399
 O -1.422072 -2.945340 1.942516
 O 0.576730 -4.822681 3.496700
 O 4.577459 -4.422861 -4.757842
 O 5.109070 4.729647 2.234008
 O 5.238482 -3.934160 3.638605
 O -2.442630 -2.232605 -3.183049
 O -1.183977 3.149352 -4.481574
 O 4.329869 1.744496 1.995132
 O 2.867800 1.236129 -3.524801
 O -4.519743 3.119886 -5.441806
 O 5.029964 -5.716376 -0.230867
 O 0.898856 -0.326329 -5.894954
 O -2.231994 0.641740 -5.120747
 O 0.909849 -0.883969 1.713796
 O 5.732334 -2.154364 -3.994253
 O 4.403136 -0.194468 -1.236888
 O 0.542361 4.383090 3.968480
 O -4.456361 0.581501 -3.394277
 O 0.031218 -3.799385 -0.769537
 O 5.150406 4.241894 -6.726500
 O 3.457839 6.573416 5.759868
 O -5.478545 5.376912 -2.466083
 O 0.016126 1.050865 -2.670142
 O -4.056727 -3.900682 -0.991996
 O -2.918590 5.638763 3.007194
 O -2.576783 3.352462 4.138030
 O -1.732817 -1.855579 -0.493342
 O -1.406695 -1.574725 5.279203
 O 0.301777 1.988130 5.912739
 O -4.735022 3.020999 1.468575
 O 3.672764 4.775289 -1.827202
 O 1.509707 -5.765066 -3.854869
 O -2.996149 4.473879 -3.209979
 O 5.166029 0.945191 6.606386
 O -1.579276 0.871865 1.970298
 O 0.015586 -1.743145 -3.746654
 O 0.277440 -3.642935 -5.798721
 O 6.898224 -6.117327 3.934565
 O 3.739536 -2.852945 1.174291
 O 5.952086 -1.107397 3.004900
 O 1.419789 3.758713 -4.266255
 O -1.585671 -7.201846 0.381059
 O -4.956035 -1.546010 -6.558375
 O -4.329916 1.565484 -0.736912
 O 5.344218 3.732311 -3.920041
 O 1.582804 -0.785685 -1.526022
 O -4.726435 -3.582863 2.071080
 O 1.728588 3.092708 1.929700
 H -4.970743 -2.402750 -0.755904
 H -4.675970 -1.081038 -1.602893
 H 2.730027 -1.726265 6.414484
 H 2.864581 -2.668032 5.191987
 H -5.649479 5.753134 -4.715189
 H -4.644286 6.766041 -4.903796
 H 1.907637 2.498881 -1.274968
 H 1.626180 3.960972 -1.195576
 H -5.502937 0.397216 3.556859
 H -4.262386 1.216408 4.204223
 H -0.139887 6.951639 5.462041
 H -0.050580 6.335100 6.891049
 H -0.743450 -5.929338 -1.779220
 H -0.538973 -5.452676 -3.257082
 H 3.422506 1.920676 4.064315
 H 2.091073 1.190674 4.252550
 H -3.075100 -7.391316 5.921308
 H -1.880929 -6.580033 5.379378
 H 1.777907 -1.671387 3.069463
 H 2.543565 -3.136234 2.944940
 H 1.518831 -6.704081 2.718806
 H 2.530598 -5.617654 2.511926
 H -3.676058 -4.292959 4.965568
 H -3.733028 -3.895116 3.375830
 H -5.081107 -7.828120 1.022216
 H -4.948157 -7.276316 -0.445320
 H -3.321170 -3.960310 -3.914147
 H -3.345856 -5.427479 -3.287025
 H 3.085296 -3.065968 -2.431680
 H 1.684789 -3.223564 -1.892770
 H -2.323501 3.777893 -1.483501
 H -1.756278 3.481085 -0.200657
 H -1.878482 -2.911297 1.050965
 H -0.683702 -2.313319 1.811011
 H 0.988855 -3.933059 3.461224
 H -0.292236 -4.704335 3.074361
 H 4.999386 -5.026970 -5.396702
 H 4.273980 -3.795021 -5.448659
 H 4.123900 4.749249 2.094868
 H 5.229393 5.102401 3.148079
 H 6.104048 -3.540150 3.416516
 H 4.898226 -3.240320 4.238548
 H -1.501424 -2.087437 -3.515707
 H -3.047829 -1.640135 -3.657928
 H -0.224970 2.977562 -4.370320
 H -1.796889 2.382607 -4.490431
 H 4.519194 2.696846 1.850664
 H 3.346372 1.755804 1.877532
 H 2.147051 0.996548 -4.130212
 H 2.738318 2.196843 -3.695451
 H -5.301583 3.080302 -6.017514
 H -4.657402 2.549531 -4.665571
 H 5.125185 -6.454467 0.416389
 H 5.865404 -5.805406 -0.733531
 H 0.073180 -0.711541 -6.254681
 H 0.730901 0.643394 -5.842211
 H -2.507202 0.187479 -5.950806
 H -2.572933 0.124787 -4.366449
 H 0.299659 -0.125045 1.617069
 H 1.098253 -1.175738 0.788064
 H 5.305344 -3.041215 -4.004058
 H 5.746732 -2.012156 -3.028032
 H 4.284221 0.640474 -0.766709
 H 4.938989 -0.709159 -0.631402
 H 0.439491 5.114442 4.662355
 H -0.449260 4.251095 3.777072
 H -4.862817 1.452490 -3.241701
 H -5.054834 0.130491 -4.025464
 H -0.730151 -4.359640 -1.006276
 H 0.024096 -3.629805 0.185053
 H 5.084658 5.027867 -7.308116
 H 5.642330 3.643617 -7.328418
 H 3.054986 6.371434 4.897883
 H 3.264364 7.482579 6.063804
 H -6.376096 5.250559 -2.830464
 H -4.947982 4.857875 -3.072228
 H -0.959801 0.905742 -2.726908
 H 0.048240 1.812864 -2.036268
 H -3.823985 -3.800926 -1.966130
 H -3.703400 -4.798208 -0.974340
 H -3.574083 5.515732 2.297915
 H -3.461910 6.000005 3.752278
 H -2.769913 4.163643 3.556287
 H -3.385330 2.809938 4.047225
 H -1.876134 -2.205173 -1.394321
 H -1.862190 -0.891647 -0.469994
 H -1.821321 -2.251439 4.696089
 H -1.456409 -2.106320 6.098111
 H 0.652300 2.659751 5.269256
 H -0.643513 2.159442 5.788061
 H -5.201058 2.454629 2.123288
 H -3.824548 2.682849 1.573698
 H 3.920550 5.659852 -1.482497
 H 3.948033 4.613053 -2.742565
 H 1.939122 -5.394159 -4.665359
 H 1.760939 -5.065285 -3.198879
 H -3.112160 3.790121 -3.882083
 H -2.028216 4.468362 -3.072745
 H 4.662371 0.624689 7.385411
 H 4.437832 1.093237 5.955821
 H -1.365971 0.011986 2.362611
 H -2.060202 1.351574 2.663303
 H 0.565155 -1.831384 -2.934923
 H 0.326420 -0.883277 -4.147897
 H 0.185254 -2.828599 -5.243746
 H 1.026232 -3.432665 -6.395760
 H 6.908060 -5.840077 4.884796
 H 6.843496 -5.334848 3.371810
 H 4.216116 -3.697886 1.016228
 H 3.203745 -2.714807 0.358770
 H 5.553168 -0.837981 2.159619
 H 5.222894 -1.318355 3.606037
 H 1.857421 3.826776 -5.143813
 H 1.799828 4.576163 -3.832800
 H -2.096298 -7.006840 1.199039
 H -2.305856 -7.578123 -0.159148
 H -5.667612 -1.870400 -5.974498
 H -4.745093 -2.281362 -7.184397
 H -3.375573 1.415139 -0.577981
 H -4.445232 2.432167 -0.309247
 H 5.607690 3.931629 -4.857821
 H 4.775435 2.964476 -4.091369
 H 2.486955 -0.454499 -1.676443
 H 0.951857 -0.036550 -1.613424
 H -5.641495 -3.879808 1.890491
 H -4.844357 -2.660314 2.409081
 H 1.129122 3.201856 2.702086
 H 1.176237 2.970685 1.117700
K_POINTS
 1
0.0 0.0 0.0 1.0