
&control
    calculation='scf'
    pseudo_dir = './',
    outdir='./outputs',
    disk_io='high'
/
&system
    ibrav= 1, celldm(1)=20.000000, nat=  192, ntyp= 2,
    ecutwfc = 30.0, nosym=.true., occupations='smearing',
    smearing='m-v', degauss=0.025
/
&electrons
    conv_thr =  1.0d-8,
    mixing_beta = 0.7
/
&ions
    pot_extrapolation='second-order'
    wfc_extrapolation='second-order'
    ion_temperature = 'andersen'
    tempw = 1000

/
ATOMIC_SPECIES
 H  1.01  H.blyp-hgh.UPF
 O  16.0  O.blyp-hgh.UPF
ATOMIC_POSITIONS bohr
 O -5.298391 -1.496867 -0.966188
 O 2.675390 -2.682208 6.167206
 O -5.511624 6.500446 -5.328721
 O 1.181856 3.091459 -1.008346
 O -5.038149 1.291233 3.640113
 O -0.064110 6.094976 5.944243
 O -1.196344 -5.489257 -2.525656
 O 3.023001 1.167020 4.569683
 O -2.815525 -6.480040 5.641581
 O 2.145747 -2.460201 3.554478
 O 2.470004 -6.589001 2.471291
 O -3.388744 -3.658416 4.302138
 O -4.752056 -7.042717 0.504411
 O -3.911097 -4.706784 -3.662844
 O 2.540830 -3.707153 -1.930507
 O -1.949180 3.012537 -1.030492
 O -1.419598 -2.943804 1.934531
 O 0.571373 -4.824188 3.497828
 O 4.571546 -4.421425 -4.759014
 O 5.099529 4.728660 2.235015
 O 5.241972 -3.932742 3.642423
 O -2.439573 -2.229057 -3.179486
 O -1.182522 3.153697 -4.480863
 O 4.333507 1.741530 1.985694
 O 2.867818 1.239823 -3.521429
 O -4.521835 3.125874 -5.440847
 O 5.027187 -5.715435 -0.221380
 O 0.894711 -0.335165 -5.897190
 O -2.237460 0.640145 -5.122615
 O 0.905161 -0.879834 1.713495
 O 5.732866 -2.155264 -3.993719
 O 4.402657 -0.194910 -1.241113
 O 0.542247 4.387244 3.965425
 O -4.455110 0.576041 -3.392649
 O 0.027622 -3.801279 -0.771246
 O 5.153497 4.242895 -6.740091
 O 3.471787 6.574940 5.760294
 O -5.481275 5.382517 -2.465994
 O 0.017130 1.050080 -2.673708
 O -4.063194 -3.903266 -0.992713
 O -2.917134 5.639710 3.000468
 O -2.583929 3.350274 4.133377
 O -1.736744 -1.850891 -0.494437
 O -1.409237 -1.572825 5.278481
 O 0.300365 1.997148 5.908957
 O -4.729965 3.027008 1.464713
 O 3.673899 4.781491 -1.828662
 O 1.508616 -5.765677 -3.850029
 O -2.988669 4.475908 -3.213546
 O 5.173107 0.950073 6.606714
 O -1.576537 0.869690 1.967597
 O 0.013743 -1.745625 -3.743810
 O 0.277192 -3.641537 -5.793997
 O 6.905178 -6.123608 3.934767
 O 3.741023 -2.850821 1.177772
 O 5.954540 -1.115575 3.005074
 O 1.420959 3.758951 -4.264658
 O -1.586810 -7.210022 0.391739
 O -4.950749 -1.544448 -6.565076
 O -4.332161 1.565139 -0.732816
 O 5.342512 3.732355 -3.929642
 O 1.579703 -0.790276 -1.523772
 O -4.727904 -3.590135 2.082013
 O 1.727005 3.094893 1.935458
 H -4.994062 -2.410832 -0.749385
 H -4.684506 -1.085087 -1.599294
 H 2.723312 -1.729111 6.428581
 H 2.860837 -2.645822 5.190855
 H -5.645148 5.750178 -4.721514
 H -4.643581 6.777605 -4.916572
 H 1.928348 2.505559 -1.281179
 H 1.612989 3.961947 -1.192055
 H -5.515321 0.395649 3.583421
 H -4.255662 1.213983 4.211908
 H -0.124229 6.956536 5.467181
 H -0.047814 6.329356 6.891615
 H -0.731513 -5.925883 -1.783689
 H -0.547255 -5.466466 -3.258519
 H 3.420409 1.924443 4.066129
 H 2.106140 1.182996 4.237242
 H -3.055997 -7.398568 5.925024
 H -1.891034 -6.580442 5.356649
 H 1.769080 -1.675481 3.073195
 H 2.533661 -3.141178 2.966645
 H 1.522839 -6.689267 2.721443
 H 2.553279 -5.622828 2.500960
 H -3.676288 -4.298762 4.965132
 H -3.711089 -3.873426 3.374213
 H -5.070397 -7.827813 1.019692
 H -4.969078 -7.298741 -0.443080
 H -3.306491 -3.959098 -3.918839
 H -3.343604 -5.413451 -3.279640
 H 3.088189 -3.082451 -2.433914
 H 1.686405 -3.224110 -1.892332
 H -2.331985 3.785384 -1.477171
 H -1.767521 3.476923 -0.200567
 H -1.871990 -2.907558 1.049188
 H -0.678600 -2.300634 1.813100
 H 0.974798 -3.929066 3.462092
 H -0.296004 -4.718452 3.064677
 H 5.014763 -5.028371 -5.389395
 H 4.257033 -3.780832 -5.437071
 H 4.115834 4.754954 2.094021
 H 5.222777 5.094556 3.148600
 H 6.107238 -3.542768 3.414875
 H 4.886196 -3.247635 4.241614
 H -1.503523 -2.079395 -3.526171
 H -3.047958 -1.632060 -3.644221
 H -0.230008 2.976912 -4.353850
 H -1.802846 2.398778 -4.509348
 H 4.530083 2.692759 1.842135
 H 3.347831 1.771930 1.879746
 H 2.153823 0.997115 -4.130251
 H 2.733618 2.198383 -3.694375
 H -5.308410 3.097561 -6.014973
 H -4.659524 2.556690 -4.662409
 H 5.123325 -6.458607 0.421341
 H 5.860003 -5.800387 -0.732520
 H 0.056315 -0.710398 -6.235810
 H 0.742633 0.641844 -5.860427
 H -2.522120 0.182715 -5.945366
 H -2.584296 0.133050 -4.364997
 H 0.280654 -0.130732 1.625362
 H 1.078678 -1.174267 0.786918
 H 5.321340 -3.052098 -4.008454
 H 5.761205 -2.023021 -3.027427
 H 4.268078 0.639380 -0.769869
 H 4.940791 -0.703690 -0.633588
 H 0.424644 5.113759 4.665784
 H -0.437490 4.232693 3.796610
 H -4.867547 1.445090 -3.226585
 H -5.065371 0.119488 -4.008700
 H -0.719006 -4.372849 -1.018480
 H 0.013224 -3.639317 0.184587
 H 5.094572 5.030754 -7.315242
 H 5.639893 3.642003 -7.340938
 H 3.055307 6.376859 4.905702
 H 3.256633 7.477131 6.067183
 H -6.393329 5.266055 -2.802933
 H -4.940761 4.877512 -3.074917
 H -0.958735 0.923683 -2.729418
 H 0.050952 1.803420 -2.031029
 H -3.800089 -3.804869 -1.957011
 H -3.694565 -4.792003 -0.965303
 H -3.576897 5.509837 2.295491
 H -3.465917 5.982832 3.752397
 H -2.756054 4.160226 3.547048
 H -3.406304 2.831484 4.033730
 H -1.885064 -2.201939 -1.393043
 H -1.850259 -0.886694 -0.465017
 H -1.824523 -2.248321 4.694367
 H -1.462420 -2.102715 6.099745
 H 0.665501 2.663626 5.260193
 H -0.655407 2.152120 5.791659
 H -5.193012 2.468664 2.129334
 H -3.825062 2.664383 1.555444
 H 3.940550 5.665881 -1.491702
 H 3.937202 4.621521 -2.748792
 H 1.911262 -5.379373 -4.669966
 H 1.757728 -5.055277 -3.200216
 H -3.112989 3.782478 -3.872561
 H -2.015558 4.456260 -3.081093
 H 4.671598 0.618816 7.386024
 H 4.452900 1.083178 5.953122
 H -1.359158 0.022796 2.383632
 H -2.030039 1.373565 2.654702
 H 0.563380 -1.815213 -2.930079
 H 0.337218 -0.890391 -4.157108
 H 0.211362 -2.814269 -5.250309
 H 1.020578 -3.448030 -6.407612
 H 6.924376 -5.830665 4.882514
 H 6.856988 -5.341622 3.364474
 H 4.223151 -3.693075 1.007376
 H 3.218363 -2.715095 0.353388
 H 5.558148 -0.825903 2.164836
 H 5.222277 -1.321035 3.604598
 H 1.857529 3.817646 -5.144867
 H 1.791908 4.581911 -3.823912
 H -2.109798 -6.996455 1.197496
 H -2.308696 -7.580201 -0.151108
 H -5.671065 -1.869110 -5.995655
 H -4.741947 -2.269396 -7.202049
 H -3.372540 1.431594 -0.590844
 H -4.456035 2.424362 -0.290635
 H 5.627160 3.943507 -4.858166
 H 4.778557 2.962861 -4.111811
 H 2.485130 -0.465234 -1.684074
 H 0.952823 -0.038754 -1.588783
 H -5.636757 -3.896659 1.882823
 H -4.863569 -2.668191 2.415446
 H 1.132609 3.195160 2.714717
 H 1.167148 2.962509 1.128133
K_POINTS
 1
0.0 0.0 0.0 1.0