
&control
    calculation='scf'
    pseudo_dir = './',
    outdir='./outputs',
    disk_io='high'
/
&system
    ibrav= 1, celldm(1)=20.000000, nat=  192, ntyp= 2,
    ecutwfc = 30.0, nosym=.true., occupations='smearing',
    smearing='m-v', degauss=0.025
/
&electrons
    conv_thr =  1.0d-8,
    mixing_beta = 0.7
/
&ions
    pot_extrapolation='second-order'
    wfc_extrapolation='second-order'
    ion_temperature = 'andersen'
    tempw = 1000

/
ATOMIC_SPECIES
 H  1.01  H.blyp-hgh.UPF
 O  16.0  O.blyp-hgh.UPF
ATOMIC_POSITIONS bohr
 O -5.298756 -1.499494 -0.956079
 O 2.677221 -2.683234 6.165935
 O -5.516781 6.502199 -5.330481
 O 1.190260 3.081802 -1.009850
 O -5.036838 1.280633 3.650920
 O -0.056092 6.090830 5.941628
 O -1.207994 -5.496778 -2.527412
 O 3.030570 1.170734 4.576297
 O -2.822357 -6.486207 5.637320
 O 2.141229 -2.461923 3.565181
 O 2.474755 -6.592792 2.466165
 O -3.389421 -3.659686 4.309266
 O -4.747682 -7.045263 0.495160
 O -3.911971 -4.694661 -3.667962
 O 2.533786 -3.713403 -1.925251
 O -1.940992 3.021592 -1.037230
 O -1.416109 -2.941762 1.923844
 O 0.564150 -4.826274 3.499394
 O 4.563498 -4.419360 -4.760992
 O 5.086506 4.727246 2.236445
 O 5.246491 -3.930712 3.647686
 O -2.435637 -2.224554 -3.174840
 O -1.180961 3.160043 -4.479928
 O 4.338053 1.737718 1.972990
 O 2.867937 1.245099 -3.517146
 O -4.524315 3.134109 -5.439621
 O 5.023511 -5.714308 -0.208700
 O 0.889420 -0.347245 -5.899708
 O -2.244565 0.637969 -5.125269
 O 0.898766 -0.874399 1.712916
 O 5.733474 -2.156433 -3.992771
 O 4.401628 -0.195366 -1.247029
 O 0.541133 4.392941 3.961642
 O -4.453520 0.568607 -3.390692
 O 0.023266 -3.803864 -0.773642
 O 5.157773 4.243982 -6.758547
 O 3.490475 6.576767 5.760917
 O -5.485305 5.390357 -2.465514
 O 0.017989 1.049180 -2.678121
 O -4.071455 -3.906731 -0.994309
 O -2.915202 5.640974 2.991219
 O -2.593466 3.347011 4.126944
 O -1.741895 -1.844505 -0.495472
 O -1.412877 -1.570445 5.277629
 O 0.298545 2.009884 5.903205
 O -4.723057 3.034825 1.460009
 O 3.674985 4.789507 -1.830337
 O 1.507267 -5.766155 -3.843728
 O -2.978810 4.478956 -3.217857
 O 5.182386 0.956587 6.607323
 O -1.572716 0.866729 1.963669
 O 0.011552 -1.748737 -3.740105
 O 0.276599 -3.639644 -5.787731
 O 6.914577 -6.132315 3.935352
 O 3.742952 -2.848145 1.182259
 O 5.958210 -1.126412 3.005295
 O 1.423261 3.759602 -4.262532
 O -1.588513 -7.220845 0.406176
 O -4.943642 -1.542422 -6.574223
 O -4.335041 1.564531 -0.727479
 O 5.340256 3.732436 -3.942785
 O 1.575441 -0.796895 -1.520402
 O -4.730130 -3.599627 2.096652
 O 1.724778 3.097382 1.942962
 H -5.023818 -2.420228 -0.742072
 H -4.695702 -1.090615 -1.593770
 H 2.712922 -1.734598 6.447263
 H 2.853431 -2.614884 5.189877
 H -5.641514 5.745816 -4.731239
 H -4.644207 6.796460 -4.934730
 H 1.954564 2.514950 -1.288829
 H 1.594683 3.962933 -1.186860
 H -5.529397 0.396387 3.619693
 H -4.248157 1.208092 4.222911
 H -0.102273 6.963057 5.475302
 H -0.043721 6.321426 6.892187
 H -0.715483 -5.922328 -1.790837
 H -0.557076 -5.484861 -3.260029
 H 3.417846 1.926818 4.068887
 H 2.125966 1.171608 4.217980
 H -3.030280 -7.405961 5.929625
 H -1.902961 -6.580712 5.327910
 H 1.758683 -1.683501 3.076438
 H 2.521570 -3.143639 2.992287
 H 1.529298 -6.671112 2.724792
 H 2.584115 -5.629215 2.485484
 H -3.676524 -4.309020 4.964093
 H -3.681276 -3.845749 3.375942
 H -5.055570 -7.827094 1.015783
 H -4.995968 -7.326938 -0.437332
 H -3.287325 -3.959602 -3.923958
 H -3.339855 -5.393803 -3.270718
 H 3.093567 -3.104600 -2.437564
 H 1.688211 -3.226105 -1.889481
 H -2.345830 3.793477 -1.473853
 H -1.778176 3.468430 -0.196884
 H -1.862800 -2.901293 1.047967
 H -0.673231 -2.284718 1.816354
 H 0.954899 -3.922787 3.464175
 H -0.301541 -4.736278 3.051118
 H 5.037977 -5.032127 -5.376645
 H 4.232643 -3.759749 -5.419265
 H 4.105893 4.763819 2.094166
 H 5.214507 5.084098 3.145766
 H 6.111454 -3.545519 3.413174
 H 4.869590 -3.258465 4.245550
 H -1.506694 -2.067486 -3.539771
 H -3.048387 -1.621146 -3.625862
 H -0.237508 2.974023 -4.331943
 H -1.806747 2.418044 -4.535448
 H 4.546247 2.687041 1.831090
 H 3.350942 1.793173 1.882997
 H 2.161291 0.993962 -4.130516
 H 2.728060 2.202096 -3.690907
 H -5.317510 3.119234 -6.009896
 H -4.664034 2.565148 -4.660436
 H 5.120818 -6.462974 0.428245
 H 5.852606 -5.792529 -0.730771
 H 0.034298 -0.708328 -6.212339
 H 0.757742 0.639306 -5.887079
 H -2.541991 0.175878 -5.936459
 H -2.601096 0.144938 -4.364236
 H 0.256586 -0.137590 1.636089
 H 1.052950 -1.171078 0.785621
 H 5.343717 -3.067849 -4.016714
 H 5.782104 -2.035161 -3.025861
 H 4.246925 0.639317 -0.773621
 H 4.946490 -0.698711 -0.635190
 H 0.407132 5.110410 4.670431
 H -0.417968 4.207552 3.822482
 H -4.874063 1.433800 -3.203708
 H -5.079604 0.105287 -3.986277
 H -0.704761 -4.389484 -1.034328
 H -0.002784 -3.652641 0.184357
 H 5.107387 5.036478 -7.322319
 H 5.635965 3.638748 -7.357249
 H 3.054341 6.385272 4.915208
 H 3.245046 7.468933 6.069933
 H -6.415649 5.285713 -2.764992
 H -4.928040 4.901703 -3.078944
 H -0.955451 0.947381 -2.733290
 H 0.055345 1.792034 -2.025371
 H -3.771388 -3.807710 -1.942922
 H -3.683349 -4.787268 -0.948861
 H -3.582298 5.502662 2.290952
 H -3.470404 5.959787 3.753202
 H -2.737176 4.155719 3.536187
 H -3.433842 2.861303 4.016411
 H -1.898182 -2.195475 -1.392386
 H -1.835600 -0.880560 -0.459916
 H -1.829065 -2.243514 4.690243
 H -1.469725 -2.097492 6.102237
 H 0.682808 2.667421 5.250268
 H -0.671846 2.142402 5.798274
 H -5.183216 2.486791 2.137698
 H -3.826199 2.640541 1.530392
 H 3.967913 5.674039 -1.504922
 H 3.924434 4.634479 -2.757619
 H 1.872811 -5.361507 -4.674547
 H 1.754089 -5.043251 -3.201226
 H -3.113620 3.772143 -3.861444
 H -1.999301 4.440335 -3.095226
 H 4.684640 0.611297 7.386464
 H 4.472865 1.069507 5.949153
 H -1.351719 0.035806 2.412967
 H -1.990014 1.404448 2.645224
 H 0.560772 -1.792905 -2.922953
 H 0.350848 -0.902004 -4.170132
 H 0.247490 -2.797681 -5.258517
 H 1.012381 -3.467517 -6.421759
 H 6.945754 -5.818388 4.878043
 H 6.874417 -5.350539 3.355822
 H 4.231819 -3.685801 0.994945
 H 3.238953 -2.716289 0.346741
 H 5.563649 -0.809718 2.171597
 H 5.220275 -1.323417 3.602421
 H 1.856096 3.805190 -5.145542
 H 1.778653 4.587927 -3.812957
 H -2.125458 -6.981208 1.195597
 H -2.313637 -7.579616 -0.140521
 H -5.675912 -1.867484 -6.022651
 H -4.736915 -2.252737 -7.224107
 H -3.369266 1.453840 -0.609291
 H -4.472003 2.413492 -0.265662
 H 5.651541 3.960026 -4.857414
 H 4.782290 2.959010 -4.138523
 H 2.484313 -0.478651 -1.694054
 H 0.954243 -0.041150 -1.558326
 H -5.629262 -3.919023 1.869923
 H -4.889254 -2.679160 2.422107
 H 1.138290 3.187400 2.729657
 H 1.156283 2.952466 1.143495
K_POINTS
 1
0.0 0.0 0.0 1.0