
&control
    calculation='scf'
    pseudo_dir = './',
    outdir='./outputs',
    disk_io='high'
/
&system
    ibrav= 1, celldm(1)=20.000000, nat=  192, ntyp= 2,
    ecutwfc = 30.0, nosym=.true., occupations='smearing',
    smearing='m-v', degauss=0.025
/
&electrons
    conv_thr =  1.0d-8,
    mixing_beta = 0.7
/
&ions
    pot_extrapolation='second-order'
    wfc_extrapolation='second-order'
    ion_temperature = 'andersen'
    tempw = 1000

/
ATOMIC_SPECIES
 H  1.01  H.blyp-hgh.UPF
 O  16.0  O.blyp-hgh.UPF
ATOMIC_POSITIONS bohr
 O -5.302638 -1.506193 -0.929523
 O 2.685270 -2.684826 6.162158
 O -5.528332 6.505748 -5.335791
 O 1.213574 3.056734 -1.013946
 O -5.033966 1.254115 3.677746
 O -0.036161 6.081699 5.933807
 O -1.236934 -5.516594 -2.530944
 O 3.049820 1.181716 4.592183
 O -2.840550 -6.502470 5.626967
 O 2.128900 -2.465973 3.594828
 O 2.487079 -6.601626 2.453719
 O -3.389789 -3.659936 4.328087
 O -4.737299 -7.051532 0.469265
 O -3.911608 -4.663667 -3.681030
 O 2.516676 -3.728854 -1.913162
 O -1.920897 3.043939 -1.054296
 O -1.405015 -2.936145 1.898385
 O 0.545345 -4.831443 3.503337
 O 4.543094 -4.413590 -4.767967
 O 5.052807 4.722785 2.239439
 O 5.256983 -3.925627 3.661409
 O -2.426435 -2.214264 -3.163987
 O -1.178880 3.179241 -4.477745
 O 4.347774 1.729071 1.940608
 O 2.868664 1.259857 -3.507538
 O -4.529212 3.155879 -5.436959
 O 5.014656 -5.712068 -0.177137
 O 0.877108 -0.377993 -5.903864
 O -2.261215 0.632534 -5.132457
 O 0.881911 -0.861059 1.710879
 O 5.734450 -2.159640 -3.989281
 O 4.397454 -0.195690 -1.262386
 O 0.536002 4.408392 3.954303
 O -4.450247 0.549687 -3.386748
 O 0.014719 -3.810411 -0.779983
 O 5.169056 4.245308 -6.805599
 O 3.537193 6.580427 5.762219
 O -5.497105 5.411640 -2.462321
 O 0.018409 1.047835 -2.687391
 O -4.090079 -3.916010 -1.000736
 O -2.911029 5.644137 2.966745
 O -2.617281 3.337002 4.109745
 O -1.754314 -1.828284 -0.495835
 O -1.423230 -1.565346 5.276087
 O 0.293647 2.044622 5.885623
 O -4.704673 3.052781 1.450924
 O 3.676197 4.808962 -1.833626
 O 1.504377 -5.765143 -3.828726
 O -2.954172 4.487972 -3.226538
 O 5.205456 0.972651 6.610599
 O -1.562279 0.858545 1.952605
 O 0.008034 -1.754990 -3.731535
 O 0.274464 -3.634347 -5.772423
 O 6.938694 -6.154894 3.938178
 O 3.747808 -2.842723 1.192332
 O 5.968905 -1.153077 3.005642
 O 1.432295 3.762703 -4.256829
 O -1.593932 -7.247414 0.443239
 O -4.925634 -1.537200 -6.597881
 O -4.341681 1.562572 -0.714695
 O 5.334504 3.732557 -3.976907
 O 1.564675 -0.815848 -1.510322
 O -4.737363 -3.622500 2.133274
 O 1.718749 3.101388 1.960825
 H -5.087929 -2.438910 -0.731796
 H -4.718059 -1.104783 -1.579875
 H 2.679864 -1.757021 6.493956
 H 2.823251 -2.533340 5.189219
 H -5.640688 5.732874 -4.760019
 H -4.656517 6.856864 -4.983474
 H 2.009989 2.543038 -1.303845
 H 1.546583 3.965739 -1.171658
 H -5.552828 0.408293 3.713325
 H -4.241011 1.180580 4.251127
 H -0.043267 6.975219 5.501470
 H -0.032080 6.298185 6.890878
 H -0.679982 -5.917458 -1.816018
 H -0.577673 -5.529048 -3.263511
 H 3.416642 1.923677 4.076529
 H 2.171203 1.135668 4.175052
 H -2.968480 -7.417743 5.941469
 H -1.928183 -6.577379 5.264318
 H 1.739889 -1.716319 3.076456
 H 2.502105 -3.139503 3.032239
 H 1.549058 -6.633235 2.732508
 H 2.663869 -5.643171 2.442657
 H -3.676713 -4.346236 4.955614
 H -3.608427 -3.788553 3.391612
 H -5.016131 -7.824960 1.007844
 H -5.056029 -7.385561 -0.413326
 H -3.245212 -3.970050 -3.931381
 H -3.330630 -5.340669 -3.254076
 H 3.111883 -3.162166 -2.448371
 H 1.685887 -3.233110 -1.871458
 H -2.390205 3.801290 -1.487713
 H -1.784048 3.434504 -0.170319
 H -1.842551 -2.878116 1.039574
 H -0.673147 -2.255804 1.826762
 H 0.898460 -3.905845 3.473619
 H -0.313575 -4.776261 3.016702
 H 5.101176 -5.039015 -5.328406
 H 4.167728 -3.705963 -5.364353
 H 4.081582 4.791778 2.100765
 H 5.197287 5.061147 3.129302
 H 6.120357 -3.546788 3.413257
 H 4.827793 -3.288634 4.255088
 H -1.516191 -2.033125 -3.569430
 H -3.051468 -1.593861 -3.578768
 H -0.255465 2.955665 -4.277963
 H -1.800582 2.449640 -4.604274
 H 4.595561 2.671374 1.805265
 H 3.364137 1.843641 1.892007
 H 2.173090 0.967874 -4.131297
 H 2.717049 2.219543 -3.672547
 H -5.338000 3.166871 -5.987594
 H -4.684080 2.581080 -4.666725
 H 5.115051 -6.468022 0.446664
 H 5.832203 -5.767405 -0.722152
 H -0.017135 -0.700132 -6.162666
 H 0.792857 0.626351 -5.964438
 H -2.592814 0.155146 -5.910749
 H -2.651709 0.179266 -4.365878
 H 0.203536 -0.151458 1.661030
 H 0.991784 -1.158239 0.781562
 H 5.405277 -3.108834 -4.047911
 H 5.840970 -2.055297 -3.019209
 H 4.197194 0.640349 -0.783047
 H 4.973090 -0.693246 -0.636889
 H 0.377325 5.091361 4.682468
 H -0.371703 4.137501 3.880641
 H -4.889254 1.394923 -3.134183
 H -5.115535 0.072497 -3.929655
 H -0.674379 -4.427018 -1.072292
 H -0.050142 -3.689385 0.184652
 H 5.138208 5.062215 -7.330696
 H 5.624115 3.624437 -7.398632
 H 3.046311 6.408913 4.934455
 H 3.212229 7.445415 6.071663
 H -6.459565 5.326712 -2.668900
 H -4.890619 4.955408 -3.088808
 H -0.945430 1.003038 -2.747478
 H 0.072611 1.771081 -2.016888
 H -3.715679 -3.801163 -1.903791
 H -3.660260 -4.790131 -0.885765
 H -3.600638 5.488516 2.276400
 H -3.476089 5.901603 3.755935
 H -2.687952 4.146714 3.514913
 H -3.501085 2.939399 3.977168
 H -1.936295 -2.167749 -1.396731
 H -1.805780 -0.864951 -0.455413
 H -1.841385 -2.228203 4.673062
 H -1.484990 -2.082422 6.107858
 H 0.717533 2.668898 5.237667
 H -0.701872 2.120541 5.821145
 H -5.163420 2.530142 2.158529
 H -3.833703 2.586530 1.464292
 H 4.035863 5.691136 -1.541525
 H 3.899406 4.673542 -2.779849
 H 1.770577 -5.327350 -4.677184
 H 1.747712 -5.022622 -3.200607
 H -3.114516 3.747108 -3.839794
 H -1.966952 4.402659 -3.144938
 H 4.721811 0.595412 7.383029
 H 4.516479 1.035004 5.933102
 H -1.342380 0.064378 2.490983
 H -1.890869 1.490661 2.631068
 H 0.551752 -1.734698 -2.901353
 H 0.378355 -0.943372 -4.205156
 H 0.341856 -2.771900 -5.276434
 H 0.986137 -3.512267 -6.447451
 H 6.996330 -5.791458 4.858979
 H 6.915777 -5.376473 3.341897
 H 4.250307 -3.662439 0.964489
 H 3.292602 -2.720204 0.332261
 H 5.573611 -0.769848 2.189731
 H 5.211003 -1.324132 3.594719
 H 1.845920 3.775586 -5.142254
 H 1.734116 4.593379 -3.794471
 H -2.151402 -6.936417 1.192703
 H -2.330363 -7.562211 -0.115901
 H -5.689186 -1.864057 -6.084110
 H -4.719734 -2.210725 -7.273645
 H -3.364495 1.511089 -0.662073
 H -4.519884 2.381938 -0.204245
 H 5.702741 4.002427 -4.850612
 H 4.792177 2.944769 -4.204330
 H 2.485699 -0.508506 -1.716582
 H 0.958849 -0.044169 -1.494757
 H -5.603098 -3.973987 1.825203
 H -4.953700 -2.707477 2.429847
 H 1.157096 3.174446 2.757901
 H 1.135486 2.931545 1.188459
K_POINTS
 1
0.0 0.0 0.0 1.0