
&control
    calculation='scf'
    pseudo_dir = './',
    outdir='./outputs',
    disk_io='high'
/
&system
    ibrav= 1, celldm(1)=20.000000, nat=  192, ntyp= 2,
    ecutwfc = 30.0, nosym=.true., occupations='smearing',
    smearing='m-v', degauss=0.025
/
&electrons
    conv_thr =  1.0d-8,
    mixing_beta = 0.7
/
&ions
    pot_extrapolation='second-order'
    wfc_extrapolation='second-order'
    ion_temperature = 'andersen'
    tempw = 1000

/
ATOMIC_SPECIES
 H  1.01  H.blyp-hgh.UPF
 O  16.0  O.blyp-hgh.UPF
ATOMIC_POSITIONS bohr
 O -5.303308 -1.506847 -0.926741
 O 2.686343 -2.684905 6.161741
 O -5.529393 6.506073 -5.336420
 O 1.216080 3.054143 -1.014380
 O -5.033660 1.251523 3.680429
 O -0.034177 6.080918 5.932951
 O -1.239746 -5.518680 -2.531221
 O 3.051737 1.182910 4.593740
 O -2.842382 -6.504131 5.625922
 O 2.127552 -2.466298 3.598043
 O 2.488368 -6.602439 2.452498
 O -3.389691 -3.659715 4.330171
 O -4.736309 -7.052149 0.466476
 O -3.911339 -4.660532 -3.682353
 O 2.515070 -3.730405 -1.912056
 O -1.918944 3.046182 -1.056019
 O -1.403663 -2.935534 1.896025
 O 0.543381 -4.831926 3.503712
 O 4.541066 -4.412967 -4.768791
 O 5.049377 4.722232 2.239604
 O 5.257964 -3.925164 3.662804
 O -2.425565 -2.213296 -3.162979
 O -1.178796 3.181432 -4.477540
 O 4.348621 1.728287 1.937327
 O 2.868748 1.261441 -3.506683
 O -4.529610 3.158142 -5.436731
 O 5.013801 -5.711876 -0.174011
 O 0.875920 -0.381051 -5.904133
 O -2.262780 0.632004 -5.133200
 O 0.880149 -0.859736 1.710646
 O 5.734506 -2.160013 -3.988837
 O 4.396956 -0.195668 -1.263883
 O 0.535472 4.410056 3.953753
 O -4.449995 0.547787 -3.386422
 O 0.014043 -3.811066 -0.780622
 O 5.170218 4.245332 -6.810335
 O 3.541816 6.580734 5.762273
 O -5.498370 5.413876 -2.461849
 O 0.018369 1.047781 -2.688177
 O -4.091761 -3.917058 -1.001494
 O -2.910715 5.644451 2.964192
 O -2.619659 3.335850 4.107940
 O -1.755522 -1.826666 -0.495708
 O -1.424364 -1.564904 5.275971
 O 0.293092 2.048242 5.883671
 O -4.702742 3.054409 1.450255
 O 3.676249 4.810911 -1.833928
 O 1.504112 -5.764851 -3.827274
 O -2.951694 4.488939 -3.227268
 O 5.207784 0.974235 6.611089
 O -1.561183 0.857661 1.951499
 O 0.007873 -1.755481 -3.730731
 O 0.274235 -3.633756 -5.770929
 O 6.941149 -6.157173 3.938544
 O 3.748311 -2.842300 1.193230
 O 5.970045 -1.155696 3.005645
 O 1.433403 3.763083 -4.256199
 O -1.594579 -7.250028 0.447020
 O -4.923834 -1.536637 -6.600270
 O -4.342306 1.562359 -0.713456
 O 5.333896 3.732536 -3.980382
 O 1.563628 -0.817907 -1.509203
 O -4.738239 -3.624740 2.136911
 O 1.718143 3.101612 1.962543
 H -5.093333 -2.440582 -0.731436
 H -4.719643 -1.106230 -1.578643
 H 2.676024 -1.759838 6.498706
 H 2.819362 -2.525035 5.189242
 H -5.641041 5.731457 -4.763111
 H -4.658723 6.863642 -4.988394
 H 2.014702 2.546235 -1.305020
 H 1.541653 3.966117 -1.169979
 H -5.554431 0.409841 3.722829
 H -4.241344 1.176902 4.253889
 H -0.037144 6.975931 5.504440
 H -0.030851 6.295464 6.890452
 H -0.677111 -5.917240 -1.819116
 H -0.579625 -5.533201 -3.263911
 H 3.417227 1.923065 4.077192
 H 2.175349 1.131390 4.171176
 H -2.962724 -7.418773 5.942852
 H -1.930651 -6.576564 5.258682
 H 1.738521 -1.720441 3.075849
 H 2.501270 -3.138857 3.034029
 H 1.551174 -6.629971 2.733248
 H 2.671976 -5.644572 2.438071
 H -3.676625 -4.350667 4.953995
 H -3.601533 -3.784094 3.393387
 H -5.012003 -7.824789 1.007472
 H -5.061402 -7.390347 -0.410611
 H -3.241577 -3.971544 -3.931800
 H -3.329942 -5.335176 -3.252870
 H 3.113818 -3.168208 -2.449417
 H 1.684896 -3.233708 -1.868860
 H -2.395103 3.800839 -1.490423
 H -1.783208 3.430203 -0.166772
 H -1.841065 -2.875138 1.037673
 H -0.674326 -2.253936 1.827942
 H 0.892265 -3.904295 3.474869
 H -0.314345 -4.779933 3.013420
 H 5.107359 -5.038792 -5.322351
 H 4.161291 -3.701123 -5.358236
 H 4.078906 4.794991 2.101883
 H 5.195930 5.059370 3.127661
 H 6.121019 -3.546362 3.413717
 H 4.823739 -3.291731 4.256068
 H -1.517237 -2.029427 -3.571889
 H -3.051951 -1.591207 -3.573897
 H -0.257037 2.952962 -4.272680
 H -1.798968 2.451313 -4.611394
 H 4.601198 2.669676 1.802832
 H 3.365794 1.848418 1.892926
 H 2.173992 0.964093 -4.131154
 H 2.716088 2.221773 -3.670023
 H -5.339810 3.171159 -5.984652
 H -4.686759 2.582243 -4.668144
 H 5.114566 -6.468124 0.448617
 H 5.830017 -5.764503 -0.720846
 H -0.021827 -0.699039 -6.158410
 H 0.796157 0.624260 -5.972892
 H -2.598067 0.152713 -5.908256
 H -2.657462 0.183098 -4.366147
 H 0.198823 -0.152601 1.663372
 H 0.985996 -1.156665 0.780970
 H 5.411884 -3.112689 -4.051699
 H 5.847250 -2.056669 -3.018538
 H 4.192585 0.640132 -0.784153
 H 4.976244 -0.692769 -0.637365
 H 0.375536 5.088835 4.683778
 H -0.368678 4.129579 3.885684
 H -4.890566 1.390057 -3.126338
 H -5.119100 0.069451 -3.923931
 H -0.671800 -4.430444 -1.075985
 H -0.055412 -3.693330 0.184626
 H 5.141275 5.065678 -7.330945
 H 5.622841 3.622547 -7.402984
 H 3.045271 6.411257 4.936159
 H 3.208855 7.442911 6.071697
 H -6.462588 5.329967 -2.659575
 H -4.887235 4.960563 -3.089434
 H -0.944831 1.008199 -2.749355
 H 0.074959 1.769644 -2.016423
 H -3.711272 -3.799427 -1.900001
 H -3.658630 -4.790985 -0.877876
 H -3.602548 5.487437 2.274980
 H -3.476127 5.895759 3.756073
 H -2.682868 4.146083 3.513161
 H -3.507671 2.947384 3.973609
 H -1.940448 -2.164028 -1.397589
 H -1.803354 -0.863211 -0.455605
 H -1.842647 -2.226394 4.671013
 H -1.486330 -2.080807 6.108250
 H 0.720028 2.668570 5.237217
 H -0.703292 2.118736 5.823701
 H -5.161748 2.534412 2.160456
 H -3.834947 2.581661 1.457460
 H 4.042328 5.692324 -1.545353
 H 3.897320 4.677844 -2.781858
 H 1.759961 -5.324760 -4.676808
 H 1.747282 -5.021422 -3.200303
 H -3.114658 3.744905 -3.837884
 H -1.964536 4.399157 -3.150947
 H 4.725862 0.594085 7.382276
 H 4.520146 1.031547 5.930890
 H -1.342279 0.067283 2.498895
 H -1.880817 1.499705 2.629946
 H 0.550534 -1.728755 -2.898941
 H 0.380482 -0.948431 -4.208811
 H 0.351414 -2.770685 -5.277983
 H 0.982993 -3.516486 -6.449253
 H 7.001098 -5.789189 4.856546
 H 6.919758 -5.379534 3.341158
 H 4.252001 -3.659759 0.961745
 H 3.297874 -2.720437 0.330905
 H 5.574497 -0.766014 2.191845
 H 5.209915 -1.323844 3.593690
 H 1.844545 3.772949 -5.141600
 H 1.729021 4.593330 -3.793475
 H -2.152869 -6.931450 1.192645
 H -2.332277 -7.559333 -0.113677
 H -5.690477 -1.863724 -6.089877
 H -4.717625 -2.206745 -7.278323
 H -3.364272 1.516987 -0.667865
 H -4.525263 2.378284 -0.198329
 H 5.707006 4.006615 -4.849707
 H 4.793441 2.943316 -4.210926
 H 2.485691 -0.511303 -1.718515
 H 0.959492 -0.044325 -1.489412
 H -5.599791 -3.979360 1.819833
 H -4.960163 -2.710250 2.429955
 H 1.159210 3.173708 2.760188
 H 1.133797 2.929738 1.193257
K_POINTS
 1
0.0 0.0 0.0 1.0