
&control
    calculation='scf'
    pseudo_dir = './',
    outdir='./outputs',
    disk_io='high'
/
&system
    ibrav= 1, celldm(1)=20.000000, nat=  192, ntyp= 2,
    ecutwfc = 30.0, nosym=.true., occupations='smearing',
    smearing='m-v', degauss=0.025
/
&electrons
    conv_thr =  1.0d-8,
    mixing_beta = 0.7
/
&ions
    pot_extrapolation='second-order'
    wfc_extrapolation='second-order'
    ion_temperature = 'andersen'
    tempw = 1000

/
ATOMIC_SPECIES
 H  1.01  H.blyp-hgh.UPF
 O  16.0  O.blyp-hgh.UPF
ATOMIC_POSITIONS bohr
 O -5.306536 -1.509377 -0.915377
 O 2.691101 -2.685081 6.160005
 O -5.533521 6.507373 -5.339174
 O 1.226367 3.043662 -1.016147
 O -5.032330 1.241384 3.691159
 O -0.026259 6.078059 5.929449
 O -1.250734 -5.527240 -2.532208
 O 3.059296 1.187778 4.599941
 O -2.849620 -6.510792 5.621660
 O 2.121947 -2.467464 3.611313
 O 2.493678 -6.605516 2.447649
 O -3.389031 -3.658399 4.339079
 O -4.732436 -7.054585 0.455040
 O -3.909831 -4.647974 -3.687670
 O 2.508910 -3.736645 -1.907845
 O -1.911261 3.055222 -1.062888
 O -1.397830 -2.933052 1.886993
 O 0.535339 -4.833752 3.505144
 O 4.533026 -4.410389 -4.772200
 O 5.035597 4.719765 2.239867
 O 5.261753 -3.923472 3.668387
 O -2.422188 -2.209501 -3.159115
 O -1.178626 3.190633 -4.476745
 O 4.351810 1.725313 1.924148
 O 2.869045 1.267943 -3.503503
 O -4.531041 3.167340 -5.435883
 O 5.010425 -5.711123 -0.161589
 O 0.871194 -0.393159 -5.904993
 O -2.268846 0.629909 -5.136194
 O 0.872955 -0.854455 1.709679
 O 5.734675 -2.161645 -3.986869
 O 4.394914 -0.195518 -1.269655
 O 0.533487 4.416920 3.951855
 O -4.449148 0.540178 -3.385239
 O 0.011628 -3.813699 -0.783146
 O 5.174907 4.245253 -6.829302
 O 3.560110 6.581885 5.762237
 O -5.503446 5.422983 -2.459696
 O 0.018139 1.047720 -2.691065
 O -4.098131 -3.921625 -1.004573
 O -2.909731 5.645697 2.953793
 O -2.629173 3.330967 4.100557
 O -1.760303 -1.820226 -0.494958
 O -1.429076 -1.563254 5.275545
 O 0.290734 2.062785 5.875675
 O -4.694866 3.060554 1.448058
 O 3.676417 4.818789 -1.835173
 O 1.503054 -5.763349 -3.821526
 O -2.941779 4.492832 -3.230004
 O 5.217145 0.980546 6.613298
 O -1.556750 0.854062 1.947330
 O 0.007627 -1.757217 -3.727574
 O 0.273326 -3.631276 -5.765024
 O 6.951043 -6.166288 3.940117
 O 3.750367 -2.840837 1.196596
 O 5.974636 -1.166045 3.005577
 O 1.438078 3.764596 -4.253528
 O -1.597387 -7.260397 0.462278
 O -4.916685 -1.534272 -6.609787
 O -4.344742 1.561497 -0.708570
 O 5.331363 3.732338 -3.994320
 O 1.559549 -0.826368 -1.504565
 O -4.742052 -3.633656 2.151377
 O 1.715809 3.102187 1.969298
 H -5.112874 -2.447246 -0.731218
 H -4.724734 -1.112182 -1.574022
 H 2.659749 -1.771790 6.518068
 H 2.802328 -2.491881 5.189474
 H -5.642794 5.725713 -4.775651
 H -4.669389 6.891513 -5.007680
 H 2.032370 2.559547 -1.309243
 H 1.521765 3.967741 -1.162973
 H -5.560059 0.415761 3.760965
 H -4.244425 1.160715 4.264858
 H -0.012435 6.977783 5.516635
 H -0.025904 6.283674 6.888212
 H -0.667279 -5.916891 -1.832344
 H -0.587660 -5.549121 -3.265680
 H 3.421309 1.920881 4.079302
 H 2.191502 1.112947 4.156537
 H -2.940773 -7.423200 5.949020
 H -1.940950 -6.572192 5.237608
 H 1.733743 -1.737896 3.072336
 H 2.500066 -3.136236 3.037332
 H 1.559675 -6.617689 2.736183
 H 2.704405 -5.650623 2.419246
 H -3.675860 -4.369184 4.945590
 H -3.574954 -3.768915 3.399740
 H -4.995099 -7.824203 1.007095
 H -5.081777 -7.407451 -0.400155
 H -3.228024 -3.977573 -3.933208
 H -3.327893 -5.313299 -3.248775
 H 3.121188 -3.193024 -2.453237
 H 1.679582 -3.235639 -1.857182
 H -2.414900 3.796434 -1.502743
 H -1.777815 3.411502 -0.152432
 H -1.836356 -2.861932 1.027649
 H -0.680857 -2.248106 1.832803
 H 0.866539 -3.898696 3.480381
 H -0.316285 -4.794091 3.000877
 H 5.131075 -5.035329 -5.296331
 H 4.136259 -3.683631 -5.333175
 H 4.067290 4.808528 2.107123
 H 5.191359 5.053637 3.122375
 H 6.123105 -3.543495 3.416527
 H 4.807973 -3.304002 4.260126
 H -1.521520 -2.014341 -3.580548
 H -3.054179 -1.580883 -3.553994
 H -0.263030 2.940774 -4.251916
 H -1.790944 2.455415 -4.640205
 H 4.624946 2.662560 1.793386
 H 3.372795 1.866995 1.896531
 H 2.177766 0.947545 -4.129592
 H 2.712292 2.231085 -3.658877
 H -5.346706 3.187574 -5.971902
 H -4.698595 2.586024 -4.674964
 H 5.112901 -6.468006 0.456735
 H 5.821162 -5.752283 -0.714731
 H -0.039418 -0.694120 -6.142660
 H 0.808967 0.614071 -6.007686
 H -2.619456 0.142294 -5.898910
 H -2.681712 0.199287 -4.367157
 H 0.181045 -0.156708 1.672464
 H 0.963559 -1.149980 0.778138
 H 5.439067 -3.127002 -4.067674
 H 5.872811 -2.061351 -3.016370
 H 4.175016 0.638122 -0.789060
 H 4.988811 -0.690103 -0.640756
 H 0.370529 5.078149 4.689466
 H -0.360740 4.095822 3.904328
 H -4.895288 1.368785 -3.093428
 H -5.133197 0.057698 -3.900904
 H -0.662234 -4.443402 -1.090600
 H -0.077337 -3.709570 0.184160
 H 5.153688 5.080775 -7.330983
 H 5.617641 3.614377 -7.421009
 H 3.041210 6.420199 4.942941
 H 3.195643 7.432668 6.072039
 H -6.471866 5.341105 -2.623515
 H -4.875713 4.981304 -3.090627
 H -0.943880 1.028009 -2.757796
 H 0.085608 1.765135 -2.015190
 H -3.695411 -3.790699 -1.885768
 H -3.653983 -4.794010 -0.844015
 H -3.609794 5.483795 2.269827
 H -3.475172 5.872410 3.756074
 H -2.662248 4.144063 3.506738
 H -3.533604 2.979517 3.960123
 H -1.957505 -2.147395 -1.401557
 H -1.794661 -0.855768 -0.457446
 H -1.847653 -2.218621 4.662633
 H -1.491451 -2.074335 6.109393
 H 0.728063 2.667081 5.236177
 H -0.705526 2.112601 5.833949
 H -5.155435 2.551517 2.167598
 H -3.840900 2.563237 1.429903
 H 4.067084 5.695783 -1.560694
 H 3.889497 4.695498 -2.789119
 H 1.717007 -5.315731 -4.674450
 H 1.745989 -5.018218 -3.198547
 H -3.115515 3.737178 -3.830244
 H -1.956277 4.385822 -3.176623
 H 4.742460 0.589172 7.378696
 H 4.533681 1.017671 5.921183
 H -1.343581 0.079686 2.530121
 H -1.839877 1.535577 2.624675
 H 0.544850 -1.704851 -2.889044
 H 0.387830 -0.969972 -4.223734
 H 0.389512 -2.768328 -5.283580
 H 0.969584 -3.532969 -6.455286
 H 7.019544 -5.781024 4.846295
 H 6.935388 -5.392673 3.339242
 H 4.258793 -3.648747 0.951727
 H 3.318320 -2.720676 0.325512
 H 5.578219 -0.751166 2.201171
 H 5.205633 -1.322166 3.588981
 H 1.838772 3.763324 -5.138764
 H 1.708080 4.592801 -3.791014
 H -2.156554 -6.910791 1.192993
 H -2.340167 -7.546029 -0.105360
 H -5.695186 -1.862282 -6.112538
 H -4.708451 -2.191635 -7.296808
 H -3.363891 1.541042 -0.691898
 H -4.547715 2.362540 -0.175350
 H 5.722441 4.023079 -4.846098
 H 4.799377 2.938017 -4.237469
 H 2.484675 -0.522349 -1.725421
 H 0.962642 -0.044976 -1.469893
 H -5.585128 -4.000514 1.796913
 H -4.986057 -2.721016 2.429247
 H 1.167735 3.171872 2.768903
 H 1.127367 2.922881 1.212377
K_POINTS
 1
0.0 0.0 0.0 1.0