
&control
    calculation='scf'
    pseudo_dir = './',
    outdir='./outputs',
    disk_io='high'
/
&system
    ibrav= 1, celldm(1)=20.000000, nat=  192, ntyp= 2,
    ecutwfc = 30.0, nosym=.true., occupations='smearing',
    smearing='m-v', degauss=0.025
/
&electrons
    conv_thr =  1.0d-8,
    mixing_beta = 0.7
/
&ions
    pot_extrapolation='second-order'
    wfc_extrapolation='second-order'
    ion_temperature = 'andersen'
    tempw = 1000

/
ATOMIC_SPECIES
 H  1.01  H.blyp-hgh.UPF
 O  16.0  O.blyp-hgh.UPF
ATOMIC_POSITIONS bohr
 O -5.307478 -1.509982 -0.912481
 O 2.692406 -2.685092 6.159552
 O -5.534530 6.507704 -5.339926
 O 1.228996 3.041020 -1.016593
 O -5.031968 1.238918 3.693838
 O -0.024283 6.077410 5.928558
 O -1.253406 -5.529435 -2.532429
 O 3.061149 1.189011 4.601485
 O -2.851398 -6.512458 5.620570
 O 2.120498 -2.467732 3.614721
 O 2.495048 -6.606236 2.446443
 O -3.388801 -3.657965 4.341462
 O -4.731488 -7.055185 0.452121
 O -3.909350 -4.644832 -3.689005
 O 2.507437 -3.738213 -1.906847
 O -1.909375 3.057501 -1.064590
 O -1.396277 -2.932430 1.884834
 O 0.533280 -4.834179 3.505482
 O 4.531038 -4.409721 -4.773062
 O 5.032142 4.719082 2.239823
 O 5.262666 -3.923095 3.669782
 O -2.421371 -2.208568 -3.158193
 O -1.178618 3.193029 -4.476551
 O 4.352563 1.724613 1.920841
 O 2.869105 1.269607 -3.502772
 O -4.531357 3.169673 -5.435686
 O 5.009588 -5.710933 -0.158505
 O 0.870013 -0.396147 -5.905160
 O -2.270316 0.629389 -5.136947
 O 0.871120 -0.853139 1.709428
 O 5.734706 -2.162090 -3.986327
 O 4.394399 -0.195472 -1.271034
 O 0.533020 4.418680 3.951449
 O -4.448979 0.538274 -3.384973
 O 0.011090 -3.814363 -0.783765
 O 5.176088 4.245193 -6.834047
 O 3.564622 6.582158 5.762154
 O -5.504704 5.425298 -2.459090
 O 0.018067 1.047744 -2.691723
 O -4.099632 -3.922872 -1.005337
 O -2.909560 5.646005 2.951148
 O -2.631554 3.329679 4.098669
 O -1.761488 -1.818624 -0.494717
 O -1.430297 -1.562867 5.275443
 O 0.290111 2.066415 5.873647
 O -4.692862 3.061995 1.447632
 O 3.676456 4.820784 -1.835502
 O 1.502784 -5.762894 -3.820100
 O -2.939304 4.493802 -3.230646
 O 5.219494 0.982119 6.613900
 O -1.555632 0.853156 1.946379
 O 0.007667 -1.757598 -3.726794
 O 0.273101 -3.630629 -5.763564
 O 6.953533 -6.168568 3.940532
 O 3.750892 -2.840526 1.197379
 O 5.975781 -1.168596 3.005538
 O 1.439295 3.764955 -4.252819
 O -1.598147 -7.262966 0.466123
 O -4.914916 -1.533651 -6.612150
 O -4.345336 1.561278 -0.707367
 O 5.330700 3.732256 -3.997804
 O 1.558560 -0.828533 -1.503368
 O -4.743087 -3.635879 2.154971
 O 1.715260 3.102251 1.970960
 H -5.117226 -2.448932 -0.731467
 H -4.725716 -1.113732 -1.572919
 H 2.655458 -1.774909 6.523020
 H 2.797713 -2.483644 5.189572
 H -5.643271 5.724278 -4.778811
 H -4.672508 6.898615 -5.012351
 H 2.036554 2.562973 -1.310203
 H 1.516752 3.968152 -1.161148
 H -5.561337 0.417084 3.770517
 H -4.245581 1.156325 4.267604
 H -0.006223 6.978011 5.519722
 H -0.024669 6.280487 6.887531
 H -0.665258 -5.916947 -1.835819
 H -0.589767 -5.552908 -3.266170
 H 3.422794 1.920466 4.079662
 H 2.195481 1.108002 4.153111
 H -2.935572 -7.424414 5.950739
 H -1.943669 -6.570807 5.232719
 H 1.732692 -1.742432 3.071189
 H 2.500273 -3.135543 3.037275
 H 1.561794 -6.614792 2.736912
 H 2.712481 -5.652292 2.414430
 H -3.675542 -4.373963 4.942969
 H -3.568567 -3.765800 3.401070
 H -4.990763 -7.824070 1.007292
 H -5.086606 -7.411223 -0.397742
 H -3.224856 -3.979002 -3.933533
 H -3.327572 -5.307907 -3.247911
 H 3.122887 -3.199391 -2.454076
 H 1.677960 -3.236004 -1.853962
 H -2.419840 3.794667 -1.506101
 H -1.776024 3.406477 -0.148978
 H -1.835476 -2.858303 1.024568
 H -0.682863 -2.246994 1.834042
 H 0.859887 -3.897468 3.481881
 H -0.316474 -4.797505 2.997905
 H 5.136702 -5.033769 -5.289446
 H 4.130233 -3.679784 -5.326830
 H 4.064127 4.812073 2.108619
 H 5.190448 5.052573 3.121458
 H 6.123476 -3.542475 3.417481
 H 4.804163 -3.307022 4.261181
 H -1.522602 -2.010513 -3.582399
 H -3.054805 -1.578390 -3.548905
 H -0.264497 2.937420 -4.246840
 H -1.788549 2.455846 -4.647475
 H 4.631167 2.660688 1.791098
 H 3.374612 1.871509 1.897404
 H 2.178818 0.943136 -4.128895
 H 2.711329 2.233454 -3.655854
 H -5.348368 3.191512 -5.968518
 H -4.701816 2.586743 -4.676921
 H 5.112564 -6.467872 0.458855
 H 5.818948 -5.749087 -0.712980
 H -0.043490 -0.692754 -6.139038
 H 0.812073 0.611043 -6.016590
 H -2.624893 0.139530 -5.896756
 H -2.688075 0.203570 -4.367379
 H 0.176861 -0.157612 1.674671
 H 0.958138 -1.148223 0.777315
 H 5.446038 -3.130246 -4.071830
 H 5.879282 -2.062358 -3.016009
 H 4.170855 0.637304 -0.790411
 H 4.991860 -0.689176 -0.642049
 H 0.369795 5.075391 4.691033
 H -0.359750 4.086881 3.908620
 H -4.896328 1.363030 -3.084822
 H -5.136669 0.054866 -3.895116
 H -0.660009 -4.446431 -1.094216
 H -0.083013 -3.713736 0.183927
 H 5.156847 5.084795 -7.330754
 H 5.616313 3.612221 -7.425682
 H 3.040280 6.422287 4.944666
 H 3.192460 7.430045 6.072217
 H -6.473494 5.343389 -2.614880
 H -4.873444 4.986552 -3.090549
 H -0.944032 1.032754 -2.760141
 H 0.088588 1.764313 -2.015038
 H -3.691845 -3.788103 -1.882494
 H -3.653347 -4.794530 -0.835052
 H -3.611465 5.483056 2.268703
 H -3.474648 5.866592 3.755914
 H -2.657026 4.143672 3.505277
 H -3.539958 2.987589 3.956946
 H -1.961859 -2.142804 -1.402649
 H -1.792737 -0.853785 -0.458158
 H -1.848888 -2.216545 4.660532
 H -1.492684 -2.072739 6.109569
 H 0.729600 2.666759 5.236006
 H -0.705237 2.111377 5.836469
 H -5.153932 2.555808 2.169221
 H -3.842626 2.558893 1.422979
 H 4.072953 5.696310 -1.564501
 H 3.887650 4.699995 -2.790712
 H 1.706171 -5.313777 -4.673690
 H 1.745782 -5.017802 -3.197956
 H -3.115821 3.735565 -3.828294
 H -1.954524 4.382674 -3.183425
 H 4.746675 0.588024 7.377697
 H 4.536832 1.014185 5.918605
 H -1.344348 0.083041 2.537760
 H -1.829424 1.544341 2.623022
 H 0.543204 -1.698851 -2.886534
 H 0.389390 -0.975627 -4.227548
 H 0.398969 -2.768349 -5.284806
 H 0.966051 -3.536996 -6.456540
 H 7.023993 -5.779216 4.843663
 H 6.939219 -5.396160 3.338986
 H 4.260530 -3.645967 0.949495
 H 3.323230 -2.720525 0.324165
 H 5.579230 -0.747594 2.203739
 H 5.204615 -1.321630 3.587651
 H 1.837301 3.761178 -5.138049
 H 1.702769 4.592691 -3.790755
 H -2.156920 -6.905440 1.193241
 H -2.342173 -7.542285 -0.103434
 H -5.696207 -1.861879 -6.118131
 H -4.705973 -2.188089 -7.301391
 H -3.363934 1.547190 -0.698111
 H -4.553545 2.358311 -0.169801
 H 5.725892 4.027110 -4.845244
 H 4.801108 2.936862 -4.244156
 H 2.484122 -0.525093 -1.726921
 H 0.963598 -0.045178 -1.465480
 H -5.581087 -4.005706 1.790846
 H -4.992540 -2.723609 2.428790
 H 1.169845 3.171702 2.771038
 H 1.125793 2.921241 1.217065
K_POINTS
 1
0.0 0.0 0.0 1.0