
&control
    calculation='scf'
    pseudo_dir = './',
    outdir='./outputs',
    disk_io='high'
/
&system
    ibrav= 1, celldm(1)=20.000000, nat=  192, ntyp= 2,
    ecutwfc = 30.0, nosym=.true., occupations='smearing',
    smearing='m-v', degauss=0.025
/
&electrons
    conv_thr =  1.0d-8,
    mixing_beta = 0.7
/
&ions
    pot_extrapolation='second-order'
    wfc_extrapolation='second-order'
    ion_temperature = 'andersen'
    tempw = 1000

/
ATOMIC_SPECIES
 H  1.01  H.blyp-hgh.UPF
 O  16.0  O.blyp-hgh.UPF
ATOMIC_POSITIONS bohr
 O -5.309518 -1.511150 -0.906631
 O 2.695151 -2.685076 6.158621
 O -5.536533 6.508378 -5.341515
 O 1.234307 3.035721 -1.017487
 O -5.031209 1.234081 3.699190
 O -0.020334 6.076186 5.926765
 O -1.258648 -5.533890 -2.532848
 O 3.064795 1.191486 4.604569
 O -2.854908 -6.515787 5.618357
 O 2.117553 -2.468259 3.621621
 O 2.497844 -6.607613 2.444038
 O -3.388263 -3.656978 4.346422
 O -4.729614 -7.056374 0.446225
 O -3.908271 -4.638553 -3.691681
 O 2.504568 -3.741362 -1.904915
 O -1.905645 3.062080 -1.067963
 O -1.393079 -2.931201 1.880625
 O 0.529106 -4.834996 3.506136
 O 4.527091 -4.408353 -4.774774
 O 5.025222 4.717631 2.239599
 O 5.264449 -3.922403 3.672567
 O -2.419772 -2.206718 -3.156402
 O -1.178635 3.197915 -4.476170
 O 4.354020 1.723265 1.914215
 O 2.869199 1.272975 -3.501393
 O -4.531939 3.174377 -5.435307
 O 5.007919 -5.710546 -0.152364
 O 0.867645 -0.402066 -5.905444
 O -2.273202 0.628347 -5.138457
 O 0.867407 -0.850510 1.708915
 O 5.734757 -2.163029 -3.985182
 O 4.393375 -0.195376 -1.273704
 O 0.532102 4.422235 3.950705
 O -4.448695 0.534458 -3.384477
 O 0.010086 -3.815701 -0.784982
 O 5.178459 4.245028 -6.843539
 O 3.573554 6.582695 5.761886
 O -5.507183 5.429976 -2.457794
 O 0.017906 1.047842 -2.692963
 O -4.102522 -3.925510 -1.006837
 O -2.909313 5.646614 2.945807
 O -2.636322 3.327026 4.094841
 O -1.763847 -1.815427 -0.494182
 O -1.432789 -1.562121 5.275241
 O 0.288832 2.073636 5.869587
 O -4.688819 3.064759 1.446929
 O 3.676541 4.824814 -1.836191
 O 1.502233 -5.761899 -3.817255
 O -2.934369 4.495725 -3.231887
 O 5.224199 0.985267 6.615141
 O -1.553387 0.851354 1.944622
 O 0.007870 -1.758305 -3.725235
 O 0.272654 -3.629309 -5.760662
 O 6.958531 -6.173131 3.941381
 O 3.751950 -2.839968 1.198872
 O 5.978057 -1.173650 3.005432
 O 1.441769 3.765625 -4.251346
 O -1.599738 -7.268074 0.473844
 O -4.911406 -1.532368 -6.616847
 O -4.346506 1.560836 -0.704982
 O 5.329335 3.732048 -4.004758
 O 1.556620 -0.832912 -1.500932
 O -4.745256 -3.640323 2.162131
 O 1.714219 3.102287 1.974252
 H -5.125277 -2.452358 -0.732321
 H -4.727376 -1.116939 -1.570726
 H 2.646622 -1.781254 6.533090
 H 2.788076 -2.467284 5.189834
 H -5.644207 5.721442 -4.785137
 H -4.679264 6.912901 -5.021442
 H 2.044748 2.569889 -1.312047
 H 1.506673 3.968932 -1.157407
 H -5.563829 0.419431 3.789630
 H -4.248267 1.147174 4.273143
 H 0.006221 6.978215 5.525881
 H -0.022213 6.273808 6.886051
 H -0.661756 -5.917255 -1.842897
 H -0.594154 -5.560225 -3.267216
 H 3.426346 1.919860 4.080150
 H 2.203444 1.097720 4.146567
 H -2.925530 -7.426991 5.954405
 H -1.949315 -6.567672 5.223406
 H 1.730713 -1.751612 3.068579
 H 2.501237 -3.134033 3.036260
 H 1.566010 -6.609174 2.738367
 H 2.728550 -5.655876 2.404682
 H -3.674724 -4.383636 4.937067
 H -3.556103 -3.760391 3.403364
 H -4.981942 -7.823796 1.008041
 H -5.095974 -7.418178 -0.393288
 H -3.218733 -3.981637 -3.934207
 H -3.327175 -5.297299 -3.246339
 H 3.126051 -3.212311 -2.455593
 H 1.674449 -3.236604 -1.847195
 H -2.429630 3.790333 -1.513026
 H -1.772004 3.396052 -0.142458
 H -1.834027 -2.850653 1.017811
 H -0.687183 -2.245061 1.836534
 H 0.846347 -3.895235 3.485022
 H -0.316499 -4.804194 2.992173
 H 5.147542 -5.029771 -5.275331
 H 4.118527 -3.672780 -5.314147
 H 4.057461 4.819345 2.111831
 H 5.188918 5.050905 3.120177
 H 6.124025 -3.540057 3.419702
 H 4.796727 -3.312985 4.263349
 H -1.524763 -2.002809 -3.585703
 H -3.056134 -1.573527 -3.538578
 H -0.267465 2.930406 -4.236860
 H -1.783283 2.456093 -4.662066
 H 4.643924 2.656815 1.786611
 H 3.378288 1.880387 1.899102
 H 2.181136 0.934111 -4.127057
 H 2.709355 2.238161 -3.649567
 H -5.351655 3.199214 -5.961590
 H -4.708542 2.587900 -4.681087
 H 5.112000 -6.467516 0.463222
 H 5.814559 -5.742542 -0.709216
 H -0.051210 -0.689867 -6.132174
 H 0.818172 0.604389 -6.034588
 H -2.635857 0.133837 -5.892682
 H -2.701144 0.212452 -4.367776
 H 0.168794 -0.159262 1.679006
 H 0.947531 -1.144616 0.775541
 H 5.460167 -3.136258 -4.080272
 H 5.892279 -2.064228 -3.015570
 H 4.162828 0.635272 -0.793261
 H 4.997753 -0.686932 -0.645249
 H 0.368915 5.069853 4.694392
 H -0.358776 4.068468 3.916791
 H -4.898231 1.351026 -3.067160
 H -5.143533 0.049324 -3.883506
 H -0.655725 -4.452199 -1.101407
 H -0.094573 -3.722184 0.183289
 H 5.163256 5.093020 -7.330007
 H 5.613620 3.607833 -7.435240
 H 3.038604 6.426232 4.948195
 H 3.186311 7.424714 6.072738
 H -6.475971 5.347317 -2.598159
 H -4.869763 4.997149 -3.089895
 H -0.944802 1.042000 -2.765106
 H 0.094926 1.763023 -2.014922
 H -3.685134 -3.782469 -1.876338
 H -3.652771 -4.795114 -0.816647
 H -3.614594 5.481784 2.266680
 H -3.473248 5.854998 3.755377
 H -2.646513 4.142999 3.502531
 H -3.552466 3.003767 3.950836
 H -1.970644 -2.133116 -1.404907
 H -1.789180 -0.849680 -0.459857
 H -1.851329 -2.212241 4.656374
 H -1.495108 -2.069613 6.109793
 H 0.732148 2.666319 5.235616
 H -0.703710 2.109353 5.841392
 H -5.150990 2.564413 2.172246
 H -3.846342 2.550512 1.409121
 H 4.084257 5.696953 -1.572029
 H 3.884055 4.709044 -2.793605
 H 1.684413 -5.310186 -4.672027
 H 1.745526 -5.017400 -3.196565
 H -3.116573 3.732781 -3.824302
 H -1.951323 4.376623 -3.197445
 H 4.755132 0.585787 7.375635
 H 4.542947 1.007184 5.913373
 H -1.346427 0.090117 2.552750
 H -1.808222 1.561447 2.619135
 H 0.539617 -1.686829 -2.881513
 H 0.392201 -0.987168 -4.235293
 H 0.417764 -2.769084 -5.287011
 H 0.958819 -3.544944 -6.458813
 H 7.032687 -5.775882 4.838412
 H 6.946780 -5.403336 3.338680
 H 4.264104 -3.640449 0.945401
 H 3.332756 -2.719927 0.321469
 H 5.581395 -0.740638 2.209168
 H 5.202685 -1.320444 3.584807
 H 1.834377 3.757232 -5.136681
 H 1.692147 4.592654 -3.790622
 H -2.156974 -6.894536 1.193952
 H -2.346189 -7.534337 -0.099775
 H -5.698005 -1.861004 -6.129266
 H -4.700801 -2.181306 -7.310523
 H -3.364209 1.559676 -0.710760
 H -4.565436 2.349494 -0.158970
 H 5.732311 4.035056 -4.843660
 H 4.804888 2.934799 -4.257610
 H 2.482604 -0.530582 -1.729627
 H 0.965737 -0.045676 -1.457213
 H -5.572535 -4.015956 1.778340
 H -5.005514 -2.728663 2.427547
 H 1.173987 3.171724 2.775347
 H 1.122618 2.918024 1.226233
K_POINTS
 1
0.0 0.0 0.0 1.0