
&control
    calculation='scf'
    pseudo_dir = './',
    outdir='./outputs',
    disk_io='high'
/
&system
    ibrav= 1, celldm(1)=20.000000, nat=  192, ntyp= 2,
    ecutwfc = 30.0, nosym=.true., occupations='smearing',
    smearing='m-v', degauss=0.025
/
&electrons
    conv_thr =  1.0d-8,
    mixing_beta = 0.7
/
&ions
    pot_extrapolation='second-order'
    wfc_extrapolation='second-order'
    ion_temperature = 'andersen'
    tempw = 1000

/
ATOMIC_SPECIES
 H  1.01  H.blyp-hgh.UPF
 O  16.0  O.blyp-hgh.UPF
ATOMIC_POSITIONS bohr
 O -5.312954 -1.512783 -0.897728
 O 2.699597 -2.684955 6.157158
 O -5.539524 6.509433 -5.344126
 O 1.242371 3.027768 -1.018819
 O -5.029983 1.227081 3.707187
 O -0.014417 6.074526 5.924056
 O -1.266240 -5.540731 -2.533439
 O 3.070095 1.195211 4.609173
 O -2.860047 -6.520778 5.614951
 O 2.113046 -2.469080 3.632123
 O 2.502190 -6.609512 2.440443
 O -3.387279 -3.655212 4.354349
 O -4.726854 -7.058131 0.437269
 O -3.906379 -4.629153 -3.695713
 O 2.500441 -3.746111 -1.902175
 O -1.900154 3.068990 -1.072926
 O -1.388120 -2.929436 1.874545
 O 0.522703 -4.836126 3.507055
 O 4.521245 -4.406223 -4.777247
 O 5.014822 4.715248 2.238921
 O 5.267012 -3.921537 3.676730
 O -2.417469 -2.203971 -3.153852
 O -1.178722 3.205421 -4.475613
 O 4.356105 1.721380 1.904247
 O 2.869271 1.278116 -3.499533
 O -4.532682 3.181519 -5.434766
 O 5.005414 -5.709927 -0.143221
 O 0.864072 -0.410786 -5.905765
 O -2.277413 0.626763 -5.140735
 O 0.861733 -0.846586 1.708113
 O 5.734820 -2.164558 -3.983312
 O 4.391868 -0.195244 -1.277482
 O 0.530695 4.427596 3.949731
 O -4.448405 0.528717 -3.383822
 O 0.008737 -3.817744 -0.786748
 O 5.182038 4.244685 -6.857774
 O 3.586681 6.583489 5.761206
 O -5.510768 5.437117 -2.455627
 O 0.017614 1.048110 -2.694635
 O -4.106585 -3.929841 -1.008975
 O -2.909189 5.647509 2.937675
 O -2.643495 3.322864 4.088959
 O -1.767365 -1.810643 -0.493272
 O -1.436649 -1.561056 5.274925
 O 0.286859 2.084307 5.863541
 O -4.682680 3.068607 1.446252
 O 3.676697 4.830958 -1.837321
 O 1.501361 -5.760216 -3.813001
 O -2.927025 4.498551 -3.233649
 O 5.231256 0.989999 6.617047
 O -1.550001 0.848707 1.942411
 O 0.008482 -1.759247 -3.722877
 O 0.271983 -3.627273 -5.756348
 O 6.966074 -6.179998 3.942695
 O 3.753557 -2.839278 1.200917
 O 5.981412 -1.181098 3.005200
 O 1.445545 3.766457 -4.248997
 O -1.602314 -7.275657 0.485495
 O -4.906218 -1.530343 -6.623814
 O -4.348214 1.560154 -0.701466
 O 5.327180 3.731626 -4.015129
 O 1.553808 -0.839585 -1.497184
 O -4.748771 -3.646993 2.172795
 O 1.712829 3.102108 1.979116
 H -5.135718 -2.457662 -0.734479
 H -4.729232 -1.122091 -1.567332
 H 2.632752 -1.790953 6.548656
 H 2.772649 -2.443132 5.190436
 H -5.645428 5.717350 -4.794601
 H -4.690626 6.934384 -5.034295
 H 2.056855 2.580309 -1.314706
 H 1.491420 3.969882 -1.151561
 H -5.567582 0.422034 3.818285
 H -4.252986 1.132602 4.281690
 H 0.024885 6.977993 5.534948
 H -0.018593 6.263010 6.883619
 H -0.657857 -5.918279 -1.853656
 H -0.601271 -5.570506 -3.268971
 H 3.433134 1.919592 4.080269
 H 2.215570 1.081350 4.137577
 H -2.911391 -7.431202 5.960471
 H -1.958333 -6.562042 5.210606
 H 1.727959 -1.765441 3.063910
 H 2.503892 -3.131220 3.032902
 H 1.572273 -6.601122 2.740535
 H 2.752351 -5.661953 2.389807
 H -3.672980 -4.398316 4.926528
 H -3.538142 -3.754309 3.405905
 H -4.968292 -7.823292 1.010013
 H -5.109365 -7.427183 -0.387786
 H -3.209966 -3.984759 -3.935409
 H -3.327199 -5.282008 -3.244280
 H 3.130110 -3.232101 -2.457436
 H 1.668762 -3.237238 -1.836303
 H -2.443951 3.781882 -1.523694
 H -1.765086 3.379604 -0.134096
 H -1.832472 -2.838210 1.006508
 H -0.694069 -2.242575 1.840281
 H 0.825521 -3.892451 3.490072
 H -0.315713 -4.813901 2.984100
 H 5.162722 -5.021556 -5.253568
 H 4.101951 -3.664067 -5.295377
 H 4.046609 4.830666 2.117193
 H 5.187361 5.049534 3.119630
 H 6.124357 -3.535463 3.423825
 H 4.786085 -3.321703 4.266748
 H -1.527943 -1.991178 -3.589625
 H -3.058303 -1.566574 -3.522704
 H -0.272187 2.919280 -4.222404
 H -1.774159 2.455196 -4.684007
 H 4.663770 2.650642 1.780111
 H 3.383838 1.893355 1.901497
 H 2.185287 0.920302 -4.123071
 H 2.706188 2.244988 -3.639624
 H -5.356588 3.210406 -5.950974
 H -4.719263 2.588915 -4.687875
 H 5.111463 -6.466839 0.470130
 H 5.808182 -5.732376 -0.702947
 H -0.061681 -0.685175 -6.122821
 H 0.827045 0.592897 -6.061927
 H -2.652467 0.124977 -5.887143
 H -2.721554 0.226649 -4.368261
 H 0.157402 -0.161308 1.685321
 H 0.932231 -1.138993 0.772602
 H 5.481760 -3.143960 -4.093119
 H 5.911829 -2.066785 -3.015729
 H 4.151535 0.631258 -0.797860
 H 5.005937 -0.682478 -0.651695
 H 0.368961 5.061653 4.700100
 H -0.359185 4.039822 3.928100
 H -4.900622 1.331866 -3.039540
 H -5.153604 0.041298 -3.866024
 H -0.649648 -4.460046 -1.112099
 H -0.112375 -3.735105 0.181848
 H 5.173150 5.105571 -7.328150
 H 5.609466 3.601219 -7.450116
 H 3.036715 6.431458 4.953752
 H 3.177789 7.416466 6.074036
 H -6.477909 5.351526 -2.574630
 H -4.866558 5.013308 -3.087631
 H -0.947018 1.055288 -2.773204
 H 0.105353 1.761938 -2.015241
 H -3.675998 -3.773056 -1.868136
 H -3.653743 -4.794546 -0.788113
 H -3.618698 5.480385 2.264231
 H -3.470273 5.837763 3.754006
 H -2.630595 4.142173 3.498869
 H -3.570628 3.028092 3.942301
 H -1.983950 -2.117362 -1.408373
 H -1.784559 -0.843225 -0.463020
 H -1.854910 -2.205429 4.650344
 H -1.498675 -2.065175 6.109830
 H 0.734767 2.666480 5.234572
 H -0.699333 2.107479 5.848356
 H -5.146691 2.577373 2.176209
 H -3.852510 2.538674 1.388391
 H 4.100041 5.696931 -1.582983
 H 3.878859 4.722662 -2.797191
 H 1.651628 -5.305477 -4.669306
 H 1.745573 -5.017780 -3.193883
 H -3.118125 3.729792 -3.818020
 H -1.947107 4.368203 -3.219435
 H 4.767773 0.582504 7.372534
 H 4.551868 0.996610 5.905601
 H -1.350922 0.101733 2.574363
 H -1.775666 1.585706 2.611522
 H 0.533452 -1.668762 -2.874064
 H 0.395721 -1.004858 -4.247241
 H 0.445581 -2.771815 -5.289618
 H 0.947679 -3.556612 -6.461801
 H 7.045206 -5.771581 4.830778
 H 6.957856 -5.414473 3.338571
 H 4.269821 -3.632423 0.940257
 H 3.346221 -2.718201 0.317440
 H 5.585085 -0.730700 2.218031
 H 5.200128 -1.318442 3.580099
 H 1.830140 3.752252 -5.134930
 H 1.676385 4.593410 -3.791272
 H -2.155337 -6.877717 1.195591
 H -2.352138 -7.521357 -0.094764
 H -5.699994 -1.859490 -6.145915
 H -4.692523 -2.171929 -7.324127
 H -3.365154 1.578942 -0.730240
 H -4.583795 2.335382 -0.143445
 H 5.740742 4.046663 -4.841721
 H 4.811380 2.932369 -4.278027
 H 2.479231 -0.538849 -1.732914
 H 0.969555 -0.046734 -1.446209
 H -5.558493 -4.030960 1.758734
 H -5.024982 -2.735901 2.424865
 H 1.179911 3.172687 2.782077
 H 1.117655 2.913298 1.239271
K_POINTS
 1
0.0 0.0 0.0 1.0