
&control
    calculation='scf'
    pseudo_dir = './',
    outdir='./outputs',
    disk_io='high'
/
&system
    ibrav= 1, celldm(1)=20.000000, nat=  192, ntyp= 2,
    ecutwfc = 30.0, nosym=.true., occupations='smearing',
    smearing='m-v', degauss=0.025
/
&electrons
    conv_thr =  1.0d-8,
    mixing_beta = 0.7
/
&ions
    pot_extrapolation='second-order'
    wfc_extrapolation='second-order'
    ion_temperature = 'andersen'
    tempw = 1000

/
ATOMIC_SPECIES
 H  1.01  H.blyp-hgh.UPF
 O  16.0  O.blyp-hgh.UPF
ATOMIC_POSITIONS bohr
 O -5.319576 -1.515154 -0.882657
 O 2.707836 -2.684470 6.154519
 O -5.544597 6.511352 -5.349143
 O 1.255908 3.014629 -1.020971
 O -5.027773 1.216121 3.720382
 O -0.004559 6.072156 5.919534
 O -1.278131 -5.552526 -2.534419
 O 3.078410 1.201435 4.616744
 O -2.868279 -6.529136 5.609052
 O 2.105428 -2.470751 3.649708
 O 2.509863 -6.612217 2.434468
 O -3.385225 -3.651588 4.368744
 O -4.722374 -7.060993 0.422179
 O -3.902590 -4.613570 -3.702493
 O 2.493921 -3.754098 -1.897982
 O -1.891258 3.080517 -1.080863
 O -1.379748 -2.926890 1.864821
 O 0.511692 -4.837762 3.508443
 O 4.511700 -4.402450 -4.780833
 O 4.997438 4.710769 2.236974
 O 5.270958 -3.920595 3.683628
 O -2.413920 -2.199436 -3.149953
 O -1.178945 3.218113 -4.474740
 O 4.359374 1.718610 1.887563
 O 2.869206 1.286870 -3.496979
 O -4.533576 3.193605 -5.433885
 O 5.001173 -5.708731 -0.128162
 O 0.858031 -0.424834 -5.906091
 O -2.284194 0.623963 -5.144579
 O 0.852018 -0.840127 1.706659
 O 5.734940 -2.167419 -3.979812
 O 4.389481 -0.195132 -1.283189
 O 0.527888 4.436303 3.948369
 O -4.448295 0.519071 -3.382967
 O 0.006829 -3.821292 -0.789491
 O 5.188057 4.243919 -6.881479
 O 3.607675 6.584856 5.759251
 O -5.516207 5.449414 -2.451347
 O 0.016913 1.048889 -2.696941
 O -4.112666 -3.938075 -1.012104
 O -2.909630 5.648948 2.923857
 O -2.655525 3.315506 4.078747
 O -1.773211 -1.802635 -0.491585
 O -1.443374 -1.559361 5.274313
 O 0.283595 2.101389 5.853816
 O -4.672314 3.074246 1.446113
 O 3.677085 4.841471 -1.839527
 O 1.499723 -5.757018 -3.805920
 O -2.915041 4.503045 -3.236340
 O 5.242949 0.997954 6.620109
 O -1.544294 0.844602 1.940077
 O 0.010296 -1.760589 -3.718805
 O 0.270829 -3.623811 -5.749233
 O 6.978754 -6.191562 3.944953
 O 3.756251 -2.838481 1.203768
 O 5.986775 -1.193123 3.004629
 O 1.451895 3.767173 -4.244700
 O -1.607144 -7.288057 0.505052
 O -4.897793 -1.526707 -6.635224
 O -4.350924 1.558926 -0.695808
 O 5.323295 3.730640 -4.032150
 O 1.549363 -0.850925 -1.490712
 O -4.755344 -3.658133 2.190334
 O 1.711073 3.101200 1.987042
 H -5.148820 -2.466931 -0.740300
 H -4.731281 -1.131891 -1.560709
 H 2.608125 -1.807402 6.575957
 H 2.744587 -2.404400 5.192281
 H -5.646398 5.711304 -4.810149
 H -4.712413 6.969703 -5.052990
 H 2.077690 2.597328 -1.319252
 H 1.465631 3.970286 -1.141167
 H -5.574453 0.423546 3.865825
 H -4.261515 1.106466 4.297140
 H 0.055809 6.976748 5.549027
 H -0.012841 6.242865 6.879420
 H -0.654803 -5.921848 -1.871075
 H -0.614938 -5.585592 -3.272529
 H 3.448095 1.920804 4.078918
 H 2.236993 1.051777 4.125004
 H -2.890315 -7.438717 5.971949
 H -1.974697 -6.550207 5.192320
 H 1.723546 -1.787850 3.054397
 H 2.510705 -3.123921 3.024494
 H 1.582605 -6.588405 2.744064
 H 2.790791 -5.674176 2.364515
 H -3.668483 -4.422835 4.904546
 H -3.509897 -3.749311 3.408405
 H -4.944229 -7.821801 1.015195
 H -5.130203 -7.438612 -0.382586
 H -3.195935 -3.986682 -3.938437
 H -3.328885 -5.258965 -3.241225
 H 3.134761 -3.265796 -2.459383
 H 1.659369 -3.237972 -1.816544
 H -2.466361 3.763068 -1.541276
 H -1.752067 3.350737 -0.125571
 H -1.830648 -2.815032 0.986323
 H -0.704913 -2.237956 1.846481
 H 0.789835 -3.889194 3.499326
 H -0.312682 -4.829330 2.971899
 H 5.185171 -5.002151 -5.217014
 H 4.077346 -3.654294 -5.265851
 H 4.026465 4.850431 2.127592
 H 5.186628 5.049913 3.121643
 H 6.123584 -3.525169 3.432815
 H 4.769923 -3.335570 4.272801
 H -1.532832 -1.971761 -3.593309
 H -3.062326 -1.555984 -3.495218
 H -0.281566 2.899919 -4.200039
 H -1.755498 2.451691 -4.720310
 H 4.698356 2.639222 1.769904
 H 3.392920 1.914190 1.904953
 H 2.194372 0.897584 -4.112825
 H 2.700012 2.255159 -3.622147
 H -5.365195 3.228421 -5.933475
 H -4.738396 2.588697 -4.700274
 H 5.111519 -6.465621 0.482724
 H 5.798554 -5.714658 -0.690994
 H -0.076147 -0.676591 -6.109763
 H 0.841175 0.569822 -6.107820
 H -2.680178 0.109880 -5.879171
 H -2.757415 0.253032 -4.368938
 H 0.140092 -0.163417 1.695378
 H 0.908429 -1.129096 0.767240
 H 5.518477 -3.152869 -4.114404
 H 5.944218 -2.070842 -3.018482
 H 4.134679 0.622373 -0.806071
 H 5.017520 -0.671962 -0.666933
 H 0.372172 5.048868 4.711828
 H -0.361417 3.991156 3.944774
 H -4.903296 1.297227 -2.990484
 H -5.169686 0.028573 -3.836822
 H -0.640149 -4.470658 -1.129747
 H -0.142998 -3.757108 0.177987
 H 5.190587 5.125880 -7.323065
 H 5.602152 3.590847 -7.476334
 H 3.035858 6.437848 4.963830
 H 3.166140 7.401885 6.077983
 H -6.477469 5.353732 -2.540249
 H -4.867722 5.040721 -3.080613
 H -0.952662 1.076029 -2.788181
 H 0.124981 1.762181 -2.017199
 H -3.662815 -3.755539 -1.857105
 H -3.660397 -4.788853 -0.739268
 H -3.623932 5.479317 2.261573
 H -3.463053 5.809699 3.750221
 H -2.603845 4.140792 3.494120
 H -3.598821 3.068665 3.929821
 H -2.006168 -2.088148 -1.413926
 H -1.778664 -0.831972 -0.469562
 H -1.860674 -2.193317 4.641168
 H -1.504580 -2.058850 6.109229
 H 0.736497 2.670228 5.230189
 H -0.688305 2.107832 5.858322
 H -5.139672 2.598987 2.181294
 H -3.863972 2.520682 1.354350
 H 4.123008 5.694659 -1.599744
 H 3.870501 4.745046 -2.801267
 H 1.596826 -5.298928 -4.664642
 H 1.747005 -5.020530 -3.187521
 H -3.122203 3.728143 -3.806660
 H -1.940819 4.356079 -3.258270
 H 4.788235 0.576848 7.367986
 H 4.567041 0.978811 5.894023
 H -1.362080 0.123867 2.607544
 H -1.719535 1.621127 2.592962
 H 0.520986 -1.638628 -2.862247
 H 0.400115 -1.034424 -4.268216
 H 0.490697 -2.780120 -5.291684
 H 0.928905 -3.575425 -6.466463
 H 7.064644 -5.766225 4.819622
 H 6.975508 -5.433380 3.338533
 H 4.280720 -3.620349 0.934605
 H 3.366183 -2.712848 0.310972
 H 5.592712 -0.715463 2.234436
 H 5.196993 -1.314825 3.571255
 H 1.823818 3.746692 -5.133314
 H 1.651209 4.598249 -3.794172
 H -2.147966 -6.848695 1.199980
 H -2.361442 -7.497277 -0.087584
 H -5.701137 -1.856363 -6.173726
 H -4.677483 -2.158390 -7.346328
 H -3.368463 1.612760 -0.763746
 H -4.615515 2.309683 -0.119692
 H 5.751673 4.065110 -4.840148
 H 4.824308 2.930071 -4.312879
 H 2.470714 -0.552813 -1.736275
 H 0.977593 -0.049578 -1.431537
 H -5.531706 -4.054811 1.724177
 H -5.057351 -2.747130 2.418215
 H 1.188719 3.176883 2.794583
 H 1.108395 2.905486 1.258457
K_POINTS
 1
0.0 0.0 0.0 1.0