
&control
    calculation='scf'
    pseudo_dir = './',
    outdir='./outputs',
    disk_io='high'
/
&system
    ibrav= 1, celldm(1)=20.000000, nat=  192, ntyp= 2,
    ecutwfc = 30.0, nosym=.true., occupations='smearing',
    smearing='m-v', degauss=0.025
/
&electrons
    conv_thr =  1.0d-8,
    mixing_beta = 0.7
/
&ions
    pot_extrapolation='second-order'
    wfc_extrapolation='second-order'
    ion_temperature = 'andersen'
    tempw = 1000

/
ATOMIC_SPECIES
 H  1.01  H.blyp-hgh.UPF
 O  16.0  O.blyp-hgh.UPF
ATOMIC_POSITIONS bohr
 O -5.321020 -1.515574 -0.879622
 O 2.709601 -2.684323 6.153959
 O -5.545641 6.511765 -5.350255
 O 1.258609 3.012034 -1.021385
 O -5.027318 1.214029 3.722996
 O -0.002586 6.071730 5.918633
 O -1.280394 -5.554939 -2.534627
 O 3.079992 1.202684 4.618234
 O -2.869879 -6.530823 5.607845
 O 2.103904 -2.471156 3.653191
 O 2.511464 -6.612691 2.433275
 O -3.384761 -3.650771 4.371772
 O -4.721493 -7.061559 0.419152
 O -3.901749 -4.610469 -3.703861
 O 2.492652 -3.755706 -1.897190
 O -1.889512 3.082805 -1.082396
 O -1.378103 -2.926465 1.862906
 O 0.509446 -4.838055 3.508705
 O 4.509817 -4.401662 -4.781432
 O 4.993951 4.709808 2.236485
 O 5.271694 -3.920486 3.685002
 O -2.413258 -2.198532 -3.149223
 O -1.178991 3.220637 -4.474576
 O 4.360005 1.718112 1.884215
 O 2.869169 1.288642 -3.496544
 O -4.533706 3.196044 -5.433703
 O 5.000308 -5.708461 -0.125176
 O 0.856810 -0.427565 -5.906134
 O -2.285529 0.623363 -5.145358
 O 0.850041 -0.838852 1.706346
 O 5.734973 -2.168034 -3.979061
 O 4.389024 -0.195136 -1.284254
 O 0.527206 4.437966 3.948122
 O -4.448331 0.517128 -3.382831
 O 0.006488 -3.822029 -0.790005
 O 5.189270 4.243743 -6.886216
 O 3.611722 6.585146 5.758730
 O -5.517196 5.451944 -2.450376
 O 0.016726 1.049095 -2.697334
 O -4.113788 -3.939867 -1.012653
 O -2.909809 5.649227 2.921062
 O -2.657944 3.313982 4.076639
 O -1.774381 -1.801017 -0.491237
 O -1.444759 -1.559025 5.274173
 O 0.282979 2.104668 5.851951
 O -4.670230 3.075262 1.446230
 O 3.677184 4.843611 -1.840022
 O 1.499360 -5.756336 -3.804504
 O -2.912694 4.503908 -3.236840
 O 5.245268 0.999559 6.620677
 O -1.543140 0.843846 1.939832
 O 0.010772 -1.760835 -3.717957
 O 0.270586 -3.623119 -5.747818
 O 6.981306 -6.193901 3.945412
 O 3.756787 -2.838368 1.204249
 O 5.987807 -1.195468 3.004489
 O 1.453163 3.767192 -4.243783
 O -1.608196 -7.290498 0.508977
 O -4.896139 -1.525943 -6.637481
 O -4.351443 1.558658 -0.694714
 O 5.322475 3.730406 -4.035503
 O 1.548504 -0.853219 -1.489386
 O -4.756768 -3.660364 2.193800
 O 1.710814 3.100927 1.988602
 H -5.150817 -2.468826 -0.741779
 H -4.731622 -1.134063 -1.559146
 H 2.602995 -1.810736 6.581621
 H 2.738659 -2.396945 5.192820
 H -5.646360 5.710255 -4.813205
 H -4.717131 6.976618 -5.056241
 H 2.082096 2.600632 -1.320227
 H 1.460420 3.970109 -1.138989
 H -5.575965 0.423431 3.875267
 H -4.263162 1.101018 4.300484
 H 0.061946 6.976446 5.551617
 H -0.011748 6.238510 6.878618
 H -0.654667 -5.922895 -1.874356
 H -0.617978 -5.588280 -3.273359
 H 3.451570 1.921238 4.078457
 H 2.241547 1.045560 4.122870
 H -2.886470 -7.440205 5.974411
 H -1.978121 -6.547484 5.189097
 H 1.722646 -1.792150 3.052296
 H 2.512314 -3.121925 3.022678
 H 1.584676 -6.585929 2.744747
 H 2.798244 -5.676936 2.359404
 H -3.667323 -4.427708 4.899527
 H -3.504456 -3.749022 3.408800
 H -4.939197 -7.821345 1.016442
 H -5.134179 -7.440390 -0.382212
 H -3.193155 -3.986459 -3.939255
 H -3.329462 -5.254818 -3.240617
 H 3.135360 -3.272574 -2.459625
 H 1.657671 -3.238130 -1.812406
 H -2.470579 3.758689 -1.544657
 H -1.749353 3.344858 -0.124836
 H -1.830269 -2.810059 0.982341
 H -0.706760 -2.236748 1.847712
 H 0.782609 -3.888716 3.501294
 H -0.311907 -4.832322 2.969607
 H 5.189270 -4.997476 -5.209839
 H 4.072915 -3.653007 -5.260356
 H 4.022189 4.854485 2.129896
 H 5.186728 5.050310 3.122305
 H 6.123233 -3.522713 3.434927
 H 4.766952 -3.338243 4.274066
 H -1.533712 -1.967891 -3.593613
 H -3.063186 -1.554019 -3.489573
 H -0.283761 2.896040 -4.195870
 H -1.751231 2.450885 -4.727469
 H 4.705441 2.636749 1.767959
 H 3.394687 1.918265 1.905547
 H 2.196526 0.893204 -4.110225
 H 2.698594 2.256953 -3.618583
 H -5.367013 3.231975 -5.930105
 H -4.742348 2.588378 -4.702881
 H 5.111688 -6.465393 0.485414
 H 5.796837 -5.711018 -0.688401
 H -0.078614 -0.674796 -6.107535
 H 0.843917 0.564656 -6.116971
 H -2.685658 0.106893 -5.877711
 H -2.764813 0.258771 -4.369091
 H 0.136850 -0.163622 1.697324
 H 0.903932 -1.127040 0.766144
 H 5.525880 -3.154028 -4.118561
 H 5.950628 -2.071680 -3.019418
 H 4.131586 0.620353 -0.807736
 H 5.019532 -0.669410 -0.670623
 H 0.373212 5.046502 4.714550
 H -0.361623 3.981570 3.947827
 H -4.903620 1.289941 -2.980218
 H -5.172787 0.026106 -3.830993
 H -0.638311 -4.472376 -1.133268
 H -0.149227 -3.761548 0.176985
 H 5.194239 5.129699 -7.321754
 H 5.600620 3.588972 -7.481783
 H 3.036095 6.438717 4.965956
 H 3.164280 7.398824 6.079089
 H -6.477001 5.353412 -2.534174
 H -4.868912 5.046213 -3.078794
 H -0.953924 1.079988 -2.791352
 H 0.129206 1.762504 -2.017825
 H -3.660440 -3.751874 -1.855236
 H -3.662461 -4.786946 -0.729456
 H -3.624763 5.479274 2.261209
 H -3.461290 5.804221 3.749257
 H -2.598491 4.140438 3.493395
 H -3.604088 3.076764 3.927593
 H -2.010580 -2.081915 -1.414950
 H -1.777742 -0.829696 -0.471005
 H -1.861805 -2.190816 4.639494
 H -1.505773 -2.057797 6.109030
 H 0.736516 2.671641 5.228758
 H -0.685853 2.108464 5.860012
 H -5.138277 2.603283 2.182104
 H -3.866380 2.517308 1.347666
 H 4.127094 5.693953 -1.602790
 H 3.868850 4.749418 -2.801837
 H 1.585868 -5.297747 -4.663731
 H 1.747521 -5.021321 -3.185927
 H -3.123295 3.728306 -3.804263
 H -1.939567 4.353958 -3.266319
 H 4.792182 0.575644 7.367245
 H 4.570240 0.975235 5.892059
 H -1.364850 0.128686 2.613713
 H -1.708073 1.627332 2.588269
 H 0.518163 -1.632605 -2.860018
 H 0.400828 -1.040232 -4.272589
 H 0.499512 -2.782255 -5.291702
 H 0.925191 -3.579098 -6.467452
 H 7.068314 -5.765419 4.817737
 H 6.978904 -5.437121 3.338439
 H 4.283150 -3.618201 0.933940
 H 3.369779 -2.711382 0.309757
 H 5.594488 -0.712601 2.237897
 H 5.196548 -1.314106 3.569375
 H 1.822695 3.746017 -5.133229
 H 1.646401 4.599904 -3.794980
 H -2.145789 -6.842779 1.201117
 H -2.363154 -7.492144 -0.086299
 H -5.701025 -1.855647 -6.179312
 H -4.674315 -2.155970 -7.350646
 H -3.369432 1.619815 -0.770555
 H -4.621993 2.304257 -0.115278
 H 5.753401 4.068660 -4.840132
 H 4.827179 2.929842 -4.320001
 H 2.468620 -0.555639 -1.736634
 H 0.979441 -0.050325 -1.429142
 H -5.525826 -4.059386 1.717038
 H -5.063794 -2.749275 2.416556
 H 1.190303 3.178122 2.797322
 H 1.106360 2.903915 1.261863
K_POINTS
 1
0.0 0.0 0.0 1.0