
&control
    calculation='scf'
    pseudo_dir = './',
    outdir='./outputs',
    disk_io='high'
/
&system
    ibrav= 1, celldm(1)=20.000000, nat=  192, ntyp= 2,
    ecutwfc = 30.0, nosym=.true., occupations='smearing',
    smearing='m-v', degauss=0.025
/
&electrons
    conv_thr =  1.0d-8,
    mixing_beta = 0.7
/
&ions
    pot_extrapolation='second-order'
    wfc_extrapolation='second-order'
    ion_temperature = 'andersen'
    tempw = 1000

/
ATOMIC_SPECIES
 H  1.01  H.blyp-hgh.UPF
 O  16.0  O.blyp-hgh.UPF
ATOMIC_POSITIONS bohr
 O -5.322499 -1.515978 -0.876584
 O 2.711402 -2.684157 6.153389
 O -5.546700 6.512189 -5.351404
 O 1.261302 3.009454 -1.021792
 O -5.026864 1.211968 3.725601
 O -0.000612 6.071317 5.917734
 O -1.282620 -5.557367 -2.534842
 O 3.081547 1.203937 4.619714
 O -2.871467 -6.532518 5.606630
 O 2.102384 -2.471590 3.656649
 O 2.513086 -6.613143 2.432081
 O -3.384281 -3.649927 4.374840
 O -4.720617 -7.062123 0.416125
 O -3.900882 -4.607374 -3.705234
 O 2.491389 -3.757319 -1.896412
 O -1.887774 3.085081 -1.083909
 O -1.376478 -2.926073 1.860994
 O 0.507187 -4.838339 3.508963
 O 4.507942 -4.400864 -4.781981
 O 4.990460 4.708830 2.235971
 O 5.272413 -3.920405 3.686375
 O -2.412614 -2.197629 -3.148509
 O -1.179035 3.223146 -4.474418
 O 4.360631 1.717632 1.880864
 O 2.869127 1.290418 -3.496132
 O -4.533821 3.198487 -5.433517
 O 4.999434 -5.708179 -0.122198
 O 0.855584 -0.430270 -5.906172
 O -2.286860 0.622747 -5.146139
 O 0.848053 -0.837584 1.706025
 O 5.735011 -2.168662 -3.978295
 O 4.388574 -0.195150 -1.285296
 O 0.526472 4.439593 3.947880
 O -4.448386 0.515180 -3.382705
 O 0.006158 -3.822775 -0.790506
 O 5.190486 4.243562 -6.890952
 O 3.615716 6.585442 5.758167
 O -5.518149 5.454503 -2.449362
 O 0.016520 1.049319 -2.697703
 O -4.114880 -3.941702 -1.013175
 O -2.910016 5.649504 2.918260
 O -2.660367 3.312444 4.074508
 O -1.775554 -1.799391 -0.490890
 O -1.446155 -1.558686 5.274025
 O 0.282385 2.107894 5.850116
 O -4.668144 3.076243 1.446393
 O 3.677291 4.845761 -1.840537
 O 1.498985 -5.755644 -3.803090
 O -2.910367 4.504759 -3.237327
 O 5.247578 1.001170 6.621223
 O -1.541980 0.843118 1.939663
 O 0.011284 -1.761077 -3.717096
 O 0.270338 -3.622431 -5.746405
 O 6.983864 -6.196250 3.945872
 O 3.757321 -2.838269 1.204697
 O 5.988825 -1.197792 3.004342
 O 1.454428 3.767167 -4.242845
 O -1.609276 -7.292924 0.512904
 O -4.894494 -1.525167 -6.639732
 O -4.351953 1.558381 -0.693634
 O 5.321642 3.730161 -4.038837
 O 1.547654 -0.855522 -1.488050
 O -4.758229 -3.662596 2.197252
 O 1.710586 3.100624 1.990154
 H -5.152614 -2.470723 -0.743357
 H -4.731961 -1.136310 -1.557483
 H 2.597805 -1.814092 6.587348
 H 2.732637 -2.389604 5.193428
 H -5.646228 5.709271 -4.816238
 H -4.721949 6.983467 -5.059309
 H 2.086611 2.603895 -1.321232
 H 1.455194 3.969828 -1.136778
 H -5.577524 0.423192 3.884676
 H -4.264752 1.095510 4.303927
 H 0.068063 6.976146 5.554115
 H -0.010677 6.234047 6.877845
 H -0.654676 -5.924067 -1.877538
 H -0.621126 -5.590853 -3.274235
 H 3.455182 1.921712 4.077948
 H 2.246208 1.039254 4.120863
 H -2.882747 -7.441660 5.976915
 H -1.981577 -6.544648 5.186011
 H 1.721731 -1.796373 3.050150
 H 2.513979 -3.119721 3.020887
 H 1.586757 -6.583465 2.745418
 H 2.805607 -5.679795 2.354281
 H -3.666072 -4.432565 4.894317
 H -3.499072 -3.748952 3.409211
 H -4.934087 -7.820821 1.017735
 H -5.138096 -7.442006 -0.382067
 H -3.190373 -3.986013 -3.940156
 H -3.330117 -5.250846 -3.239997
 H 3.135850 -3.279343 -2.459829
 H 1.656074 -3.238306 -1.808219
 H -2.474701 3.754135 -1.547970
 H -1.746631 3.338975 -0.124448
 H -1.829853 -2.804983 0.978442
 H -0.708449 -2.235396 1.848942
 H 0.775371 -3.888283 3.503299
 H -0.311105 -4.835287 2.967351
 H 5.193254 -4.992559 -5.202754
 H 4.068652 -3.651922 -5.255035
 H 4.017853 4.858562 2.132276
 H 5.186899 5.050790 3.122993
 H 6.122817 -3.520125 3.437141
 H 4.764075 -3.340885 4.275347
 H -1.534550 -1.964029 -3.593774
 H -3.064063 -1.552105 -3.483881
 H -0.286082 2.892188 -4.191813
 H -1.746784 2.450094 -4.734578
 H 4.712566 2.634208 1.766046
 H 3.396434 1.922316 1.906104
 H 2.198788 0.888905 -4.107446
 H 2.697102 2.258657 -3.615012
 H -5.368869 3.235526 -5.926803
 H -4.746323 2.587974 -4.705525
 H 5.111913 -6.465175 0.488162
 H 5.795202 -5.707351 -0.685746
 H -0.080950 -0.672987 -6.105436
 H 0.846635 0.559320 -6.126094
 H -2.691097 0.103938 -5.876278
 H -2.772272 0.264678 -4.369264
 H 0.133673 -0.163749 1.699249
 H 0.899524 -1.124959 0.765052
 H 5.533289 -3.154976 -4.122666
 H 5.957008 -2.072540 -3.020478
 H 4.128579 0.618280 -0.809391
 H 5.021455 -0.666721 -0.674507
 H 0.374365 5.044208 4.717404
 H -0.361639 3.972110 3.950794
 H -4.903867 1.282545 -2.969802
 H -5.175848 0.023659 -3.825174
 H -0.636488 -4.473952 -1.136792
 H -0.155480 -3.765993 0.175906
 H 5.197950 5.133401 -7.320348
 H 5.599063 3.587188 -7.487299
 H 3.036479 6.439436 4.968109
 H 3.162598 7.395711 6.080311
 H -6.476454 5.352829 -2.528380
 H -4.870400 5.051686 -3.076865
 H -0.955185 1.083890 -2.794568
 H 0.133519 1.762909 -2.018536
 H -3.658146 -3.748186 -1.853456
 H -3.664753 -4.784784 -0.719665
 H -3.625534 5.479281 2.260883
 H -3.459429 5.798797 3.748230
 H -2.593146 4.140037 3.492750
 H -3.609218 3.084851 3.925455
 H -2.014971 -2.075570 -1.415935
 H -1.776902 -0.827424 -0.472475
 H -1.862931 -2.188301 4.637877
 H -1.506975 -2.056827 6.108810
 H 0.736439 2.673300 5.227114
 H -0.683409 2.109290 5.861588
 H -5.136884 2.607559 2.182855
 H -3.868811 2.513998 1.341037
 H 4.131013 5.693191 -1.605711
 H 3.867200 4.753740 -2.802342
 H 1.574916 -5.296593 -4.662831
 H 1.748121 -5.022172 -3.184218
 H -3.124496 3.728624 -3.801832
 H -1.938295 4.351942 -3.274450
 H 4.796071 0.574407 7.366574
 H 4.573518 0.971658 5.890244
 H -1.367795 0.133620 2.619723
 H -1.696549 1.633222 2.583235
 H 0.515232 -1.626585 -2.857845
 H 0.401499 -1.045978 -4.277022
 H 0.508254 -2.784524 -5.291574
 H 0.921508 -3.582741 -6.468485
 H 7.071911 -5.764699 4.815991
 H 6.982252 -5.440827 3.338291
 H 4.285669 -3.616155 0.933434
 H 3.373242 -2.709782 0.308582
 H 5.596354 -0.709794 2.241397
 H 5.196164 -1.313402 3.567469
 H 1.821622 3.745492 -5.133228
 H 1.641680 4.601813 -3.795860
 H -2.143379 -6.836837 1.202342
 H -2.364803 -7.486917 -0.085056
 H -5.700801 -1.854903 -6.184906
 H -4.671100 -2.153638 -7.354905
 H -3.370516 1.626977 -0.777385
 H -4.628507 2.298748 -0.110979
 H 5.754978 4.072163 -4.840225
 H 4.830133 2.929675 -4.327180
 H 2.466416 -0.558475 -1.736893
 H 0.981361 -0.051131 -1.426923
 H -5.519767 -4.063889 1.709839
 H -5.070220 -2.751397 2.414785
 H 1.191830 3.179497 2.800143
 H 1.104263 2.902339 1.265124
K_POINTS
 1
0.0 0.0 0.0 1.0