
&control
    calculation='scf'
    pseudo_dir = './',
    outdir='./outputs',
    disk_io='high'
/
&system
    ibrav= 1, celldm(1)=20.000000, nat=  192, ntyp= 2,
    ecutwfc = 30.0, nosym=.true., occupations='smearing',
    smearing='m-v', degauss=0.025
/
&electrons
    conv_thr =  1.0d-8,
    mixing_beta = 0.7
/
&ions
    pot_extrapolation='second-order'
    wfc_extrapolation='second-order'
    ion_temperature = 'andersen'
    tempw = 1000

/
ATOMIC_SPECIES
 H  1.01  H.blyp-hgh.UPF
 O  16.0  O.blyp-hgh.UPF
ATOMIC_POSITIONS bohr
 O -5.327128 -1.517095 -0.867465
 O 2.717014 -2.683530 6.151620
 O -5.549974 6.513531 -5.355084
 O 1.269329 3.001806 -1.022967
 O -5.025515 1.205945 3.733359
 O 0.005314 6.070146 5.915051
 O -1.289078 -5.564739 -2.535542
 O 3.086063 1.207727 4.624075
 O -2.876163 -6.537668 5.602952
 O 2.097856 -2.473077 3.666826
 O 2.518080 -6.614380 2.428502
 O -3.382761 -3.647243 4.384241
 O -4.718016 -7.063810 0.407059
 O -3.898138 -4.598120 -3.709385
 O 2.487616 -3.762188 -1.894139
 O -1.882607 3.091812 -1.088347
 O -1.371762 -2.925113 1.855235
 O 0.500349 -4.839138 3.509725
 O 4.502354 -4.398414 -4.783292
 O 4.979962 4.705812 2.234308
 O 5.274453 -3.920327 3.690489
 O -2.410786 -2.194919 -3.146454
 O -1.179146 3.230534 -4.473980
 O 4.362479 1.716300 1.870789
 O 2.868981 1.295769 -3.495015
 O -4.534090 3.205838 -5.432927
 O 4.996764 -5.707261 -0.113308
 O 0.851890 -0.438222 -5.906262
 O -2.290853 0.620776 -5.148505
 O 0.842030 -0.833827 1.705004
 O 5.735159 -2.170608 -3.975919
 O 4.387253 -0.195266 -1.288323
 O 0.523914 4.444211 3.947181
 O -4.448672 0.509309 -3.382387
 O 0.005226 -3.825077 -0.791932
 O 5.194150 4.242985 -6.905150
 O 3.627361 6.586380 5.756215
 O -5.520786 5.462362 -2.446043
 O 0.015765 1.050096 -2.698686
 O -4.118001 -3.947446 -1.014583
 O -2.910785 5.650320 2.909818
 O -2.667663 3.307761 4.067970
 O -1.779086 -1.794445 -0.489869
 O -1.450411 -1.557645 5.273539
 O 0.280790 2.117238 5.844812
 O -4.661883 3.078984 1.447148
 O 3.677653 4.852262 -1.842195
 O 1.497770 -5.753523 -3.798855
 O -2.903507 4.507244 -3.238702
 O 5.254452 1.006033 6.622721
 O -1.538462 0.841108 1.939613
 O 0.013027 -1.761784 -3.714425
 O 0.269557 -3.620395 -5.742178
 O 6.991568 -6.203371 3.947265
 O 3.758906 -2.838053 1.205845
 O 5.991792 -1.204645 3.003859
 O 1.458211 3.766818 -4.239916
 O -1.612697 -7.300108 0.524693
 O -4.889604 -1.522773 -6.646460
 O -4.353428 1.557482 -0.690490
 O 5.319068 3.729376 -4.048716
 O 1.545138 -0.862479 -1.483982
 O -4.762840 -3.669292 2.207508
 O 1.710083 3.099531 1.994759
 H -5.156854 -2.476365 -0.748647
 H -4.733046 -1.143502 -1.551808
 H 2.581903 -1.824352 6.604870
 H 2.714053 -2.368326 5.195716
 H -5.645207 5.706743 -4.825184
 H -4.736926 7.003547 -5.067356
 H 2.100892 2.613435 -1.324463
 H 1.439435 3.968289 -1.129956
 H -5.582469 0.421849 3.912642
 H -4.269051 1.078701 4.314898
 H 0.086275 6.975334 5.561008
 H -0.007612 6.220011 6.875752
 H -0.655501 -5.928392 -1.886358
 H -0.631228 -5.597870 -3.277175
 H 3.466724 1.923236 4.076231
 H 2.260899 1.019860 4.115606
 H -2.872298 -7.445696 5.984612
 H -1.992024 -6.535490 5.177522
 H 1.718872 -1.808538 3.043565
 H 2.519219 -3.111772 3.015949
 H 1.593096 -6.576110 2.747348
 H 2.827122 -5.688900 2.338865
 H -3.661761 -4.447011 4.877629
 H -3.483208 -3.749937 3.410774
 H -4.918281 -7.818782 1.021773
 H -5.149502 -7.445895 -0.382989
 H -3.181996 -3.983293 -3.943384
 H -3.332545 -5.240042 -3.238025
 H 3.136697 -3.299502 -2.460260
 H 1.652044 -3.239006 -1.795432
 H -2.486489 3.739569 -1.557428
 H -1.738514 3.321454 -0.125400
 H -1.828254 -2.789180 0.967493
 H -0.712400 -2.230326 1.852635
 H 0.753644 -3.887193 3.509526
 H -0.308658 -4.844046 2.960725
 H 5.204612 -4.976479 -5.182230
 H 4.056877 -3.649757 -5.240268
 H 4.004597 4.870878 2.139880
 H 5.187774 5.052603 3.124930
 H 6.121193 -3.511584 3.444382
 H 4.756017 -3.348633 4.279281
 H -1.536767 -1.952505 -3.593406
 H -3.066797 -1.546650 -3.466554
 H -0.293847 2.880928 -4.180339
 H -1.732389 2.448018 -4.755532
 H 4.734104 2.626174 1.760501
 H 3.401555 1.934358 1.907537
 H 2.206151 0.876572 -4.098098
 H 2.692132 2.263210 -3.604346
 H -5.374662 3.246208 -5.917385
 H -4.758301 2.586284 -4.713666
 H 5.112937 -6.464582 0.496741
 H 5.790837 -5.696207 -0.677428
 H -0.087243 -0.667528 -6.099919
 H 0.854672 0.542377 -6.153221
 H -2.707087 0.095364 -5.872073
 H -2.794944 0.283458 -4.369959
 H 0.124498 -0.163642 1.704906
 H 0.886842 -1.118566 0.761852
 H 5.555498 -3.156571 -4.134587
 H 5.975942 -2.075300 -3.024361
 H 4.120033 0.611889 -0.814205
 H 5.026790 -0.657927 -0.687198
 H 0.378430 5.037772 4.726756
 H -0.360149 3.944797 3.959224
 H -4.904122 1.259726 -2.937659
 H -5.184783 0.016415 -3.807811
 H -0.631089 -4.477823 -1.147416
 H -0.174347 -3.779313 0.172219
 H 5.209457 5.143679 -7.315591
 H 5.594237 3.582491 -7.504237
 H 3.038542 6.440632 4.974668
 H 3.158690 7.386062 6.084722
 H -6.474535 5.349468 -2.512736
 H -4.876513 5.067858 -3.070593
 H -0.958752 1.095276 -2.804414
 H 0.146929 1.764577 -2.021200
 H -3.651720 -3.737135 -1.848511
 H -3.672892 -4.776836 -0.690535
 H -3.627570 5.479570 2.260032
 H -3.453294 5.782891 3.744832
 H -2.577198 4.138459 3.491327
 H -3.623739 3.109017 3.919580
 H -2.027982 -2.055942 -1.418609
 H -1.774852 -0.820692 -0.476986
 H -1.866307 -2.180721 4.633376
 H -1.510643 -2.054461 6.108041
 H 0.735648 2.679810 5.220845
 H -0.676539 2.112956 5.865599
 H -5.132713 2.620214 2.184812
 H -3.876164 2.504412 1.321528
 H 4.141810 5.690710 -1.613636
 H 3.862240 4.766353 -2.803553
 H 1.542120 -5.293239 -4.660184
 H 1.750444 -5.025003 -3.178376
 H -3.128809 3.730449 -3.794381
 H -1.934283 4.346536 -3.299292
 H 4.807359 0.570472 7.365020
 H 4.583911 0.960940 5.885791
 H -1.377653 0.149027 2.636820
 H -1.661684 1.648967 2.566076
 H 0.505825 -1.608544 -2.851692
 H 0.403316 -1.062750 -4.290681
 H 0.534042 -2.792044 -5.290271
 H 0.910684 -3.593497 -6.471926
 H 7.082258 -5.763061 4.811664
 H 6.991990 -5.451648 3.337424
 H 4.293780 -3.610663 0.932895
 H 3.382824 -2.704181 0.305363
 H 5.602494 -0.701656 2.252016
 H 5.195357 -1.311435 3.561666
 H 1.818706 3.744832 -5.133711
 H 1.628051 4.609090 -3.798935
 H -2.134739 -6.818898 1.206541
 H -2.369308 -7.470723 -0.081530
 H -5.699498 -1.852525 -6.201723
 H -4.661215 -2.147105 -7.367244
 H -3.374514 1.649129 -0.797939
 H -4.648236 2.281801 -0.098779
 H 5.758807 4.082387 -4.841175
 H 4.839427 2.929464 -4.349100
 H 2.459264 -0.567036 -1.737099
 H 0.987506 -0.053882 -1.421297
 H -5.500516 -4.076951 1.687940
 H -5.089366 -2.757672 2.408804
 H 1.196091 3.184442 2.809064
 H 1.097621 2.897581 1.274061
K_POINTS
 1
0.0 0.0 0.0 1.0