
&control
    calculation='scf'
    pseudo_dir = './',
    outdir='./outputs',
    disk_io='high'
/
&system
    ibrav= 1, celldm(1)=20.000000, nat=  192, ntyp= 2,
    ecutwfc = 30.0, nosym=.true., occupations='smearing',
    smearing='m-v', degauss=0.025
/
&electrons
    conv_thr =  1.0d-8,
    mixing_beta = 0.7
/
&ions
    pot_extrapolation='second-order'
    wfc_extrapolation='second-order'
    ion_temperature = 'andersen'
    tempw = 1000

/
ATOMIC_SPECIES
 H  1.01  H.blyp-hgh.UPF
 O  16.0  O.blyp-hgh.UPF
ATOMIC_POSITIONS bohr
 O -5.344191 -1.520243 -0.837304
 O 2.737562 -2.679517 6.145284
 O -5.562342 6.518950 -5.370040
 O 1.295400 2.977268 -1.026384
 O -5.021592 1.186799 3.758884
 O 0.025163 6.066680 5.906328
 O -1.308489 -5.590008 -2.538647
 O 3.099899 1.221062 4.637492
 O -2.891488 -6.555842 5.590704
 O 2.083218 -2.480022 3.697099
 O 2.535926 -6.617559 2.416575
 O -3.377055 -3.637157 4.416362
 O -4.709705 -7.069470 0.377154
 O -3.887415 -4.567474 -3.723707
 O 2.474671 -3.779007 -1.886831
 O -1.865565 3.112289 -1.102585
 O -1.358242 -2.924189 1.835091
 O 0.477203 -4.841436 3.512445
 O 4.483904 -4.389909 -4.782999
 O 4.944591 4.695429 2.228485
 O 5.279942 -3.921824 3.704244
 O -2.405975 -2.185879 -3.140348
 O -1.179049 3.252502 -4.473151
 O 4.368479 1.712928 1.837097
 O 2.868899 1.313651 -3.491970
 O -4.534668 3.230207 -5.430366
 O 4.987249 -5.703450 -0.084053
 O 0.839573 -0.463061 -5.906501
 O -2.304693 0.612502 -5.156538
 O 0.821436 -0.821939 1.700881
 O 5.736171 -2.177346 -3.967588
 O 4.382773 -0.196503 -1.298248
 O 0.510855 4.455954 3.945141
 O -4.451071 0.489585 -3.381728
 O 0.002579 -3.833479 -0.795719
 O 5.206452 4.240690 -6.952151
 O 3.662482 6.590112 5.747091
 O -5.527488 5.491159 -2.431192
 O 0.011443 1.053844 -2.700739
 O -4.127328 -3.967989 -1.017884
 O -2.914384 5.653000 2.881692
 O -2.692111 3.291821 4.044569
 O -1.791178 -1.776797 -0.487105
 O -1.465145 -1.553572 5.271508
 O 0.278937 2.144658 5.829133
 O -4.641116 3.086260 1.452161
 O 3.679125 4.874076 -1.848916
 O 1.492650 -5.746325 -3.785079
 O -2.881993 4.514992 -3.242117
 O 5.276609 1.022431 6.626079
 O -1.526112 0.836574 1.943881
 O 0.020782 -1.764124 -3.704559
 O 0.266495 -3.614246 -5.728299
 O 7.017629 -6.227909 3.952063
 O 3.763965 -2.838132 1.207347
 O 6.000815 -1.226270 3.001977
 O 1.470880 3.763033 -4.228823
 O -1.626091 -7.322856 0.563849
 O -4.873412 -1.514145 -6.669064
 O -4.357616 1.553419 -0.681398
 O 5.309979 3.726575 -4.080205
 O 1.536750 -0.886335 -1.469717
 O -4.780718 -3.691540 2.240442
 O 1.709943 3.093821 2.009582
 H -5.160296 -2.492374 -0.770902
 H -4.738786 -1.171330 -1.524260
 H 2.526871 -1.863232 6.664957
 H 2.648216 -2.307214 5.209644
 H -5.633624 5.703584 -4.852640
 H -4.790087 7.063863 -5.080093
 H 2.156307 2.643715 -1.337349
 H 1.386735 3.954579 -1.105466
 H -5.600038 0.415292 4.000802
 H -4.276558 1.021744 4.357983
 H 0.145074 6.974937 5.576649
 H 0.000717 6.166498 6.872163
 H -0.665079 -5.952882 -1.905186
 H -0.671619 -5.613423 -3.291364
 H 3.508828 1.924983 4.071264
 H 2.318143 0.951667 4.105335
 H -2.844817 -7.452221 6.010162
 H -2.024183 -6.498952 5.156104
 H 1.707653 -1.843223 3.024367
 H 2.537821 -3.070497 3.010489
 H 1.616540 -6.550982 2.752317
 H 2.891913 -5.722141 2.287405
 H -3.641187 -4.493307 4.813929
 H -3.432200 -3.762428 3.425774
 H -4.860676 -7.805780 1.033231
 H -5.183255 -7.448763 -0.398529
 H -3.154645 -3.959988 -3.959734
 H -3.345729 -5.216593 -3.229865
 H 3.134169 -3.362068 -2.461710
 H 1.649839 -3.244103 -1.752091
 H -2.519832 3.686125 -1.582283
 H -1.714592 3.268816 -0.148594
 H -1.816503 -2.731840 0.944453
 H -0.712244 -2.201655 1.865519
 H 0.682969 -3.883842 3.532257
 H -0.303727 -4.872445 2.938032
 H 5.239019 -4.912292 -5.126393
 H 4.028118 -3.649635 -5.208029
 H 3.961464 4.911003 2.170252
 H 5.192825 5.059333 3.122194
 H 6.111787 -3.475379 3.474522
 H 4.735602 -3.372950 4.293276
 H -1.539880 -1.914993 -3.583467
 H -3.076963 -1.530925 -3.406959
 H -0.328071 2.849953 -4.149898
 H -1.674828 2.449212 -4.819621
 H 4.805450 2.594946 1.744100
 H 3.417899 1.974182 1.909223
 H 2.233597 0.842719 -4.058972
 H 2.668653 2.272798 -3.571560
 H -5.395107 3.283663 -5.893068
 H -4.796120 2.576949 -4.743185
 H 5.120278 -6.462790 0.528224
 H 5.782641 -5.658092 -0.646093
 H -0.103340 -0.650751 -6.090162
 H 0.881112 0.478956 -6.239213
 H -2.754508 0.072173 -5.857382
 H -2.871543 0.358660 -4.376202
 H 0.096988 -0.157652 1.722560
 H 0.850617 -1.095684 0.753146
 H 5.627669 -3.150025 -4.168339
 H 6.036642 -2.087608 -3.042423
 H 4.095385 0.592914 -0.826118
 H 5.044523 -0.624612 -0.735577
 H 0.396610 5.020204 4.764947
 H -0.331692 3.872780 3.982951
 H -4.898175 1.176815 -2.821889
 H -5.211891 -0.007508 -3.752011
 H -0.613966 -4.481719 -1.184816
 H -0.237202 -3.822314 0.155823
 H 5.252170 5.166631 -7.295415
 H 5.576782 3.576280 -7.564868
 H 3.054891 6.432900 4.994707
 H 3.159463 7.350955 6.108585
 H -6.469586 5.320106 -2.479886
 H -4.908180 5.114441 -3.050964
 H -0.963424 1.130424 -2.837313
 H 0.194828 1.773922 -2.036531
 H -3.634940 -3.704854 -1.831847
 H -3.708868 -4.739096 -0.598183
 H -3.634294 5.482317 2.255230
 H -3.428394 5.734937 3.731812
 H -2.526347 4.126690 3.492512
 H -3.662180 3.187557 3.905691
 H -2.068611 -1.987135 -1.423824
 H -1.772472 -0.800230 -0.490748
 H -1.878349 -2.156938 4.621676
 H -1.523899 -2.053320 6.104406
 H 0.725829 2.716824 5.186899
 H -0.668513 2.138209 5.870524
 H -5.119212 2.658584 2.190463
 H -3.899662 2.475029 1.262217
 H 4.169057 5.684868 -1.628465
 H 3.845181 4.803123 -2.807436
 H 1.434120 -5.282000 -4.650004
 H 1.764197 -5.035517 -3.151289
 H -3.152873 3.743376 -3.769725
 H -1.918446 4.335750 -3.385654
 H 4.841244 0.555187 7.364371
 H 4.625227 0.926086 5.882706
 H -1.420666 0.203115 2.685752
 H -1.544918 1.682237 2.488438
 H 0.469145 -1.548647 -2.835740
 H 0.408212 -1.112046 -4.338757
 H 0.615330 -2.822679 -5.275137
 H 0.877383 -3.627288 -6.488108
 H 7.111737 -5.763710 4.807729
 H 7.020717 -5.483326 3.328531
 H 4.326039 -3.599136 0.941872
 H 3.406607 -2.677502 0.299867
 H 5.628933 -0.675953 2.285064
 H 5.195388 -1.308117 3.543401
 H 1.811491 3.752556 -5.138815
 H 1.588124 4.647458 -3.815667
 H -2.090951 -6.759572 1.225884
 H -2.378130 -7.412618 -0.070462
 H -5.690340 -1.843943 -6.257292
 H -4.626744 -2.128818 -7.401075
 H -3.397304 1.730891 -0.864908
 H -4.715183 2.223013 -0.065727
 H 5.761771 4.113404 -4.851395
 H 4.872926 2.929104 -4.427096
 H 2.434329 -0.595751 -1.732909
 H 1.010044 -0.065286 -1.412852
 H -5.424537 -4.114889 1.613808
 H -5.150619 -2.779369 2.381584
 H 1.208594 3.209748 2.841198
 H 1.073831 2.881975 1.297322
K_POINTS
 1
0.0 0.0 0.0 1.0