
&control
    calculation='scf'
    pseudo_dir = './',
    outdir='./outputs',
    disk_io='high'
/
&system
    ibrav= 1, celldm(1)=20.000000, nat=  192, ntyp= 2,
    ecutwfc = 30.0, nosym=.true., occupations='smearing',
    smearing='m-v', degauss=0.025
/
&electrons
    conv_thr =  1.0d-8,
    mixing_beta = 0.7
/
&ions
    pot_extrapolation='second-order'
    wfc_extrapolation='second-order'
    ion_temperature = 'andersen'
    tempw = 1000

/
ATOMIC_SPECIES
 H  1.01  H.blyp-hgh.UPF
 O  16.0  O.blyp-hgh.UPF
ATOMIC_POSITIONS bohr
 O -5.351542 -1.521559 -0.825428
 O 2.746334 -2.676818 6.142743
 O -5.568025 6.521632 -5.377228
 O 1.305663 2.967689 -1.027591
 O -5.020352 1.179084 3.769239
 O 0.033148 6.065401 5.902971
 O -1.315482 -5.600331 -2.540207
 O 3.105186 1.226862 4.642321
 O -2.897649 -6.563611 5.585966
 O 2.077507 -2.483444 3.707026
 O 2.543465 -6.618643 2.411813
 O -3.374599 -3.632952 4.428992
 O -4.706564 -7.071747 0.365311
 O -3.882330 -4.555185 -3.729695
 O 2.469195 -3.786185 -1.883844
 O -1.858693 3.119187 -1.108561
 O -1.353647 -2.924466 1.826434
 O 0.467918 -4.842289 3.513730
 O 4.476500 -4.386569 -4.780506
 O 4.930237 4.691398 2.226427
 O 5.281575 -3.923127 3.709808
 O -2.404645 -2.182270 -3.138115
 O -1.178723 3.259726 -4.473229
 O 4.370828 1.711963 1.823646
 O 2.869431 1.320763 -3.490675
 O -4.535105 3.239694 -5.429013
 O 4.983216 -5.701663 -0.072446
 O 0.834758 -0.472374 -5.906644
 O -2.310696 0.608354 -5.159715
 O 0.813008 -0.817487 1.698920
 O 5.736840 -2.179839 -3.964301
 O 4.380648 -0.197302 -1.302633
 O 0.503678 4.458962 3.944572
 O -4.452760 0.481763 -3.381435
 O 0.001672 -3.837132 -0.796768
 O 5.211349 4.239545 -6.970615
 O 3.675037 6.591833 5.742481
 O -5.529692 5.504051 -2.423265
 O 0.008914 1.055829 -2.701120
 O -4.131011 -3.976117 -1.018879
 O -2.915956 5.654122 2.870618
 O -2.701809 3.285460 4.034537
 O -1.796222 -1.769045 -0.486452
 O -1.471202 -1.551546 5.270611
 O 0.280141 2.154192 5.823441
 O -4.632862 3.088529 1.455013
 O 3.679721 4.882650 -1.852053
 O 1.490093 -5.743483 -3.779849
 O -2.873877 4.517986 -3.242871
 O 5.285151 1.028944 6.626935
 O -1.520811 0.835630 1.946997
 O 0.024580 -1.765065 -3.700330
 O 0.265136 -3.612150 -5.722938
 O 7.028194 -6.237944 3.954074
 O 3.765923 -2.838516 1.206908
 O 6.004112 -1.234447 3.001183
 O 1.476147 3.760834 -4.223796
 O -1.632286 -7.331354 0.579337
 O -4.866766 -1.510418 -6.678375
 O -4.358928 1.551185 -0.678526
 O 5.306255 3.725530 -4.092189
 O 1.533195 -0.896267 -1.463652
 O -4.788950 -3.700365 2.252957
 O 1.710234 3.090606 2.015284
 H -5.158196 -2.496464 -0.780799
 H -4.742060 -1.182979 -1.509647
 H 2.504991 -1.882260 6.688375
 H 2.621152 -2.287683 5.218306
 H -5.625062 5.704642 -4.862238
 H -4.811713 7.084510 -5.078707
 H 2.180259 2.656355 -1.342777
 H 1.366051 3.945573 -1.095172
 H -5.606342 0.414339 4.032610
 H -4.277065 0.999828 4.376777
 H 0.167545 6.975749 5.579858
 H 0.003182 6.142459 6.872050
 H -0.671282 -5.967312 -1.907693
 H -0.690108 -5.616294 -3.299329
 H 3.525289 1.922280 4.070791
 H 2.344352 0.923581 4.103423
 H -2.836674 -7.450831 6.019436
 H -2.034268 -6.482372 5.149906
 H 1.702264 -1.854647 3.020290
 H 2.545793 -3.048817 3.014879
 H 1.627429 -6.540217 2.753438
 H 2.914733 -5.734822 2.266908
 H -3.630266 -4.510579 4.786948
 H -3.412158 -3.769141 3.437980
 H -4.835983 -7.797892 1.035154
 H -5.194310 -7.445608 -0.408247
 H -3.145114 -3.945981 -3.968085
 H -3.353416 -5.211982 -3.226283
 H 3.131634 -3.383724 -2.463213
 H 1.654139 -3.247189 -1.735187
 H -2.531042 3.665178 -1.589009
 H -1.707263 3.252343 -0.162879
 H -1.808523 -2.707740 0.942291
 H -0.707945 -2.187185 1.871181
 H 0.656223 -3.881814 3.541983
 H -0.304415 -4.883747 2.927895
 H 5.252578 -4.883806 -5.111153
 H 4.020704 -3.650025 -5.204023
 H 3.946412 4.925581 2.184407
 H 5.195059 5.061001 3.114294
 H 6.106254 -3.458145 3.488856
 H 4.730052 -3.382255 4.299323
 H -1.538913 -1.900437 -3.576083
 H -3.081421 -1.525232 -3.382917
 H -0.344034 2.841679 -4.140696
 H -1.649408 2.454724 -4.842274
 H 4.832729 2.580794 1.738383
 H 3.424695 1.990368 1.908311
 H 2.243481 0.832111 -4.041957
 H 2.655551 2.274952 -3.560718
 H -5.402450 3.300118 -5.886826
 H -4.808997 2.572491 -4.756226
 H 5.124872 -6.461602 0.541467
 H 5.781852 -5.642717 -0.631856
 H -0.109282 -0.645514 -6.090017
 H 0.892084 0.452472 -6.271036
 H -2.770092 0.065836 -5.850866
 H -2.901531 0.394385 -4.381347
 H 0.087094 -0.152847 1.729109
 H 0.838787 -1.085951 0.750716
 H 5.654992 -3.143954 -4.178759
 H 6.060059 -2.094249 -3.050167
 H 4.086619 0.587963 -0.828138
 H 5.054547 -0.611822 -0.754564
 H 0.405083 5.013838 4.781601
 H -0.309753 3.854299 3.990863
 H -4.891830 1.140249 -2.772908
 H -5.221599 -0.017342 -3.731158
 H -0.607803 -4.479898 -1.201535
 H -0.261801 -3.838277 0.148065
 H 5.271212 5.170764 -7.286595
 H 5.569603 3.578578 -7.591106
 H 3.064734 6.424369 5.000170
 H 3.165928 7.336180 6.122513
 H -6.469087 5.300541 -2.474812
 H -4.921821 5.127534 -3.047146
 H -0.960834 1.143629 -2.849522
 H 0.214357 1.778833 -2.045662
 H -3.629971 -3.696040 -1.823014
 H -3.723951 -4.722485 -0.563385
 H -3.638425 5.483657 2.250879
 H -3.417379 5.718397 3.726847
 H -2.507636 4.118329 3.495455
 H -3.673531 3.217604 3.902416
 H -2.083280 -1.959892 -1.424294
 H -1.773062 -0.793003 -0.494495
 H -1.883950 -2.148979 4.617966
 H -1.529726 -2.055880 6.102255
 H 0.717508 2.736203 5.169994
 H -0.673762 2.153814 5.868661
 H -5.114166 2.671266 2.193635
 H -3.908102 2.464030 1.241798
 H 4.177158 5.685656 -1.628436
 H 3.838001 4.815083 -2.810485
 H 1.391957 -5.277069 -4.643709
 H 1.772165 -5.039682 -3.137804
 H -3.167500 3.750118 -3.760894
 H -1.911963 4.334611 -3.421015
 H 4.853907 0.548824 7.365084
 H 4.643940 0.912853 5.885770
 H -1.441827 0.223800 2.703568
 H -1.499134 1.689824 2.450692
 H 0.453179 -1.524730 -2.831329
 H 0.409760 -1.128836 -4.357673
 H 0.645844 -2.836875 -5.264490
 H 0.864756 -3.639654 -6.496134
 H 7.121213 -5.767081 4.810072
 H 7.030402 -5.494349 3.322633
 H 4.340231 -3.596668 0.950007
 H 3.413099 -2.664036 0.300666
 H 5.642048 -0.665426 2.295597
 H 5.195885 -1.308952 3.537510
 H 1.809015 3.759635 -5.140875
 H 1.574084 4.665754 -3.826493
 H -2.067255 -6.736999 1.235593
 H -2.378583 -7.388280 -0.065577
 H -5.685993 -1.840815 -6.278697
 H -4.612759 -2.122414 -7.410464
 H -3.411027 1.767176 -0.889833
 H -4.742105 2.199647 -0.055854
 H 5.758648 4.124587 -4.858057
 H 4.886434 2.927886 -4.460565
 H 2.426541 -0.607129 -1.729906
 H 1.018622 -0.069826 -1.413379
 H -5.389096 -4.127292 1.584832
 H -5.173412 -2.789224 2.367658
 H 1.214058 3.223523 2.853148
 H 1.065182 2.876334 1.305726
K_POINTS
 1
0.0 0.0 0.0 1.0