
&control
    calculation='scf'
    pseudo_dir = './',
    outdir='./outputs',
    disk_io='high'
/
&system
    ibrav= 1, celldm(1)=20.000000, nat=  192, ntyp= 2,
    ecutwfc = 30.0, nosym=.true., occupations='smearing',
    smearing='m-v', degauss=0.025
/
&electrons
    conv_thr =  1.0d-8,
    mixing_beta = 0.7
/
&ions
    pot_extrapolation='second-order'
    wfc_extrapolation='second-order'
    ion_temperature = 'andersen'
    tempw = 1000

/
ATOMIC_SPECIES
 H  1.01  H.blyp-hgh.UPF
 O  16.0  O.blyp-hgh.UPF
ATOMIC_POSITIONS bohr
 O -5.357216 -1.522693 -0.816603
 O 2.753034 -2.674310 6.140924
 O -5.572566 6.523884 -5.383067
 O 1.313391 2.960490 -1.028474
 O -5.019518 1.173128 3.777206
 O 0.039151 6.064475 5.900523
 O -1.320479 -5.608147 -2.541443
 O 3.109158 1.231414 4.645768
 O -2.902316 -6.569589 5.582493
 O 2.073220 -2.486116 3.713524
 O 2.549229 -6.619458 2.408247
 O -3.372715 -3.629873 4.438259
 O -4.704277 -7.073425 0.356432
 O -3.878156 -4.545919 -3.734291
 O 2.465001 -3.791830 -1.881547
 O -1.853487 3.123738 -1.113407
 O -1.350339 -2.924708 1.819728
 O 0.460954 -4.842922 3.514781
 O 4.470923 -4.384171 -4.777691
 O 4.919383 4.688484 2.225051
 O 5.282610 -3.924334 3.714014
 O -2.403879 -2.179569 -3.136482
 O -1.178352 3.264498 -4.473492
 O 4.372562 1.711346 1.813586
 O 2.870185 1.326073 -3.489545
 O -4.535643 3.246642 -5.427868
 O 4.980146 -5.700253 -0.063754
 O 0.831216 -0.479169 -5.906792
 O -2.315435 0.604941 -5.162023
 O 0.806614 -0.814257 1.697357
 O 5.737445 -2.181494 -3.961916
 O 4.378820 -0.197961 -1.306198
 O 0.497711 4.460671 3.944315
 O -4.454350 0.475986 -3.381102
 O 0.001044 -3.839965 -0.797363
 O 5.214982 4.238554 -6.984248
 O 3.683975 6.593173 5.738731
 O -5.531379 5.514261 -2.416524
 O 0.006785 1.057483 -2.701269
 O -4.133930 -3.981948 -1.019611
 O -2.917096 5.655008 2.862419
 O -2.708983 3.280713 4.026799
 O -1.800105 -1.762923 -0.486177
 O -1.475788 -1.549853 5.269953
 O 0.281740 2.160926 5.819244
 O -4.626682 3.090033 1.457389
 O 3.680142 4.888970 -1.854545
 O 1.487975 -5.741368 -3.776068
 O -2.867918 4.520225 -3.243191
 O 5.291470 1.033759 6.627556
 O -1.516680 0.835128 1.949619
 O 0.027643 -1.765756 -3.697148
 O 0.264121 -3.610720 -5.719039
 O 7.036153 -6.245456 3.955616
 O 3.767396 -2.838948 1.206211
 O 6.006485 -1.240412 3.000585
 O 1.480241 3.759154 -4.219814
 O -1.637214 -7.337470 0.590848
 O -4.861652 -1.507501 -6.685499
 O -4.359767 1.549243 -0.676707
 O 5.303458 3.724796 -4.100982
 O 1.530405 -0.903883 -1.458950
 O -4.795510 -3.706954 2.262046
 O 1.710466 3.087833 2.019479
 H -5.155792 -2.498402 -0.788129
 H -4.744650 -1.191276 -1.497671
 H 2.489054 -1.898250 6.705198
 H 2.600934 -2.275024 5.225939
 H -5.617149 5.706220 -4.868795
 H -4.827812 7.098515 -5.075257
 H 2.197912 2.666562 -1.346573
 H 1.350872 3.937833 -1.087382
 H -5.610440 0.414986 4.054743
 H -4.277072 0.984223 4.390692
 H 0.183907 6.976431 5.581362
 H 0.004730 6.123602 6.872147
 H -0.676827 -5.979789 -1.907958
 H -0.704543 -5.617260 -3.306198
 H 3.536955 1.918573 4.071192
 H 2.364999 0.902407 4.102363
 H -2.831468 -7.448328 6.025867
 H -2.040468 -6.469464 5.146096
 H 1.697782 -1.862329 3.019367
 H 2.552328 -3.031525 3.020700
 H 1.636233 -6.531737 2.753911
 H 2.930699 -5.743421 2.251569
 H -3.621082 -4.522775 4.766932
 H -3.397171 -3.773931 3.449504
 H -4.817149 -7.791241 1.035089
 H -5.201410 -7.441673 -0.416071
 H -3.139043 -3.934514 -3.974644
 H -3.360203 -5.209748 -3.223819
 H 3.129345 -3.398355 -2.464873
 H 1.658935 -3.249566 -1.722849
 H -2.538837 3.650470 -1.592835
 H -1.702761 3.242324 -0.173486
 H -1.801479 -2.689517 0.943140
 H -0.704247 -2.176683 1.875665
 H 0.636917 -3.879923 3.549401
 H -0.306003 -4.892250 2.919857
 H 5.262825 -4.861819 -5.102647
 H 4.016565 -3.649684 -5.204640
 H 3.936394 4.935561 2.195643
 H 5.196725 5.061643 3.105469
 H 6.101372 -3.444488 3.500331
 H 4.726695 -3.389153 4.304113
 H -1.537336 -1.889703 -3.569403
 H -3.084844 -1.521002 -3.365051
 H -0.355945 2.837261 -4.134553
 H -1.630352 2.460833 -4.858181
 H 4.852388 2.569750 1.734376
 H 3.430157 2.002711 1.906946
 H 2.249568 0.824964 -4.029470
 H 2.644116 2.276301 -3.553769
 H -5.407009 3.313206 -5.883463
 H -4.817391 2.569171 -4.766538
 H 5.128874 -6.460273 0.551388
 H 5.781915 -5.631242 -0.620397
 H -0.114041 -0.642388 -6.091291
 H 0.900672 0.432861 -6.293785
 H -2.780402 0.062136 -5.845878
 H -2.923417 0.423204 -4.386475
 H 0.080094 -0.148440 1.733806
 H 0.830917 -1.078499 0.749189
 H 5.674693 -3.138988 -4.185414
 H 6.077433 -2.099934 -3.055537
 H 4.080385 0.585430 -0.828506
 H 5.064102 -0.603104 -0.767780
 H 0.411658 5.008851 4.793765
 H -0.290435 3.844205 3.996312
 H -4.885149 1.111280 -2.735765
 H -5.228453 -0.024903 -3.716267
 H -0.603602 -4.477525 -1.215092
 H -0.279893 -3.849573 0.142033
 H 5.286238 5.172309 -7.280194
 H 5.564376 3.582134 -7.611694
 H 3.072920 6.415936 5.002710
 H 3.172934 7.325092 6.134688
 H -6.468889 5.283161 -2.473752
 H -4.931266 5.134708 -3.046634
 H -0.957339 1.153364 -2.858053
 H 0.228794 1.782851 -2.053640
 H -3.626663 -3.691584 -1.815094
 H -3.734350 -4.710692 -0.537838
 H -3.642386 5.484631 2.246369
 H -3.409028 5.707093 3.723503
 H -2.494381 4.110630 3.498399
 H -3.680843 3.239469 3.900725
 H -2.093591 -1.940228 -1.424153
 H -1.773928 -0.787767 -0.496230
 H -1.888573 -2.143845 4.615366
 H -1.534289 -2.058839 6.100191
 H 0.709097 2.751402 5.157251
 H -0.680023 2.167460 5.865769
 H -5.110526 2.679467 2.196744
 H -3.914030 2.456047 1.228039
 H 4.182438 5.687857 -1.626033
 H 3.832466 4.822987 -2.813719
 H 1.360957 -5.273097 -4.637452
 H 1.778882 -5.042824 -3.127150
 H -3.180488 3.755426 -3.754882
 H -1.907736 4.334918 -3.447541
 H 4.863467 0.544361 7.365460
 H 4.658180 0.903265 5.888921
 H -1.459087 0.238339 2.716985
 H -1.465388 1.694908 2.421008
 H 0.441168 -1.506760 -2.828657
 H 0.410654 -1.140511 -4.370984
 H 0.667905 -2.848369 -5.255015
 H 0.855171 -3.648322 -6.502219
 H 7.127383 -5.771009 4.812792
 H 7.036929 -5.502392 3.317800
 H 4.350839 -3.595156 0.957675
 H 3.417061 -2.653219 0.302471
 H 5.652842 -0.657235 2.302107
 H 5.196210 -1.310598 3.533852
 H 1.807026 3.766200 -5.141802
 H 1.564102 4.679081 -3.836596
 H -2.047341 -6.720884 1.243447
 H -2.377781 -7.369837 -0.061531
 H -5.682976 -1.838781 -6.294225
 H -4.602295 -2.117892 -7.415817
 H -3.423147 1.795707 -0.907396
 H -4.762223 2.182519 -0.049791
 H 5.754662 4.132605 -4.863771
 H 4.896395 2.926384 -4.486384
 H 2.422334 -0.615627 -1.727399
 H 1.024415 -0.072870 -1.415028
 H -5.360686 -4.135438 1.563808
 H -5.189675 -2.797269 2.356176
 H 1.218769 3.235131 2.861007
 H 1.059617 2.872527 1.312399
K_POINTS
 1
0.0 0.0 0.0 1.0