
&control
    calculation='scf'
    pseudo_dir = './',
    outdir='./outputs',
    disk_io='high'
/
&system
    ibrav= 1, celldm(1)=20.000000, nat=  192, ntyp= 2,
    ecutwfc = 30.0, nosym=.true., occupations='smearing',
    smearing='m-v', degauss=0.025
/
&electrons
    conv_thr =  1.0d-8,
    mixing_beta = 0.7
/
&ions
    pot_extrapolation='second-order'
    wfc_extrapolation='second-order'
    ion_temperature = 'andersen'
    tempw = 1000

/
ATOMIC_SPECIES
 H  1.01  H.blyp-hgh.UPF
 O  16.0  O.blyp-hgh.UPF
ATOMIC_POSITIONS bohr
 O -5.262680 -1.552215 -1.425599
 O 3.957489 -2.161225 5.391135
 O -5.733215 5.350793 -5.507023
 O -0.175295 3.687041 -1.547192
 O -4.717317 0.748795 3.875472
 O -0.234210 5.444416 5.205024
 O -0.126988 -5.383662 -3.407072
 O 2.374791 0.220766 3.631749
 O -2.852282 -5.292076 5.636722
 O 1.923402 -2.930909 1.792555
 O 2.529813 -6.088271 2.906464
 O -4.137891 -3.037136 4.416587
 O -4.436465 -5.905486 0.722593
 O -3.587169 -5.687801 -3.697471
 O 2.234203 -2.745991 -2.227639
 O -1.902661 2.450824 1.233193
 O -1.162856 -1.568225 1.772249
 O 0.216594 -4.229895 3.713853
 O 5.427771 -4.219490 -4.964078
 O 5.489925 4.876504 2.189030
 O 5.950071 -2.978824 3.252855
 O -3.238997 -2.965319 -3.837209
 O -0.892920 2.618705 -4.941281
 O 3.895495 2.354065 2.862720
 O 2.326314 1.314212 -3.104992
 O -4.888346 2.775754 -6.179243
 O 4.457270 -5.963674 -1.246894
 O 1.972422 -1.302718 -4.599104
 O -2.027542 0.202743 -4.832136
 O 0.881665 -0.326734 0.715012
 O 4.772177 -1.746061 -3.728478
 O 5.176336 0.077980 -0.093348
 O -0.221825 4.556226 1.871089
 O -5.149163 0.720845 -4.005489
 O 0.725227 -3.818809 -0.367806
 O 4.587051 3.612936 -4.403113
 O 3.490932 5.472619 5.845452
 O -5.168221 3.766524 -1.887497
 O -0.373239 1.032562 -1.659861
 O -3.053934 -3.379534 -1.083138
 O -2.617928 5.467753 3.343814
 O -1.509243 2.805185 4.036332
 O -2.624625 -0.260618 -0.689471
 O -1.528790 -2.189346 4.891174
 O 0.682845 1.829293 4.926436
 O -4.765635 3.355786 1.419687
 O 2.845417 3.932185 -0.595684
 O 2.691547 -6.007061 -3.586670
 O -2.606043 4.553441 -2.320426
 O 5.546086 0.609567 5.308999
 O -3.061258 0.228441 1.979084
 O -0.662263 -2.400088 -2.348828
 O 0.010287 -3.282110 -5.492274
 O 5.713121 -5.967983 4.369682
 O 5.064108 -3.062872 -0.222901
 O 4.668730 -0.709311 2.445183
 O 1.111318 4.311680 -4.321693
 O -0.647102 -5.800707 0.462315
 O -5.539300 -1.407412 -5.745787
 O -4.636540 1.374685 -0.883705
 O 5.200210 1.564896 -2.621186
 O 2.787654 -0.278128 -1.034889
 O -5.286519 -1.239346 1.270511
 O 1.550570 2.638626 1.462757
 H -5.052132 -1.426124 -0.460480
 H -4.457858 -1.118124 -1.794639
 H 3.590456 -2.930913 5.861838
 H 3.247963 -1.777928 4.841862
 H -6.366229 4.915396 -4.896395
 H -5.696220 4.709985 -6.245551
 H 0.344559 3.101337 -0.966391
 H 0.485436 4.275800 -1.954678
 H -5.527212 0.207745 3.803163
 H -4.895972 1.343642 4.643660
 H 0.191914 6.315570 5.108636
 H 0.004710 5.113580 6.089047
 H -0.440186 -5.528097 -2.497136
 H -0.860632 -5.748881 -3.934295
 H 2.560979 1.142585 3.326505
 H 1.400867 0.162779 3.594785
 H -3.476398 -5.522608 6.354348
 H -1.978709 -5.387522 6.058540
 H 2.017299 -2.019766 1.415560
 H 2.828076 -3.302987 1.819785
 H 3.278167 -6.372713 2.346593
 H 1.741972 -6.514443 2.520225
 H -3.358632 -3.461814 4.011939
 H -4.453043 -2.325059 3.827005
 H -3.697323 -6.461413 0.405329
 H -4.320402 -5.046145 0.267604
 H -4.471584 -5.453701 -3.364777
 H -3.601598 -6.657957 -3.788177
 H 2.233781 -1.775949 -2.084430
 H 1.999106 -3.060900 -1.306750
 H -1.200435 3.047597 0.874147
 H -1.592948 1.542116 1.074513
 H -0.296587 -1.532659 1.276884
 H -0.848494 -1.648535 2.693640
 H 1.073564 -3.788916 3.477562
 H -0.377185 -3.817981 3.059337
 H 6.108452 -4.874360 -5.224063
 H 5.803908 -3.349798 -4.675169
 H 5.796613 5.444166 2.954229
 H 6.286836 5.042352 1.630529
 H 5.414212 -2.378801 2.687333
 H 6.347499 -3.684610 2.713093
 H -2.341688 -2.768052 -4.156623
 H -3.814600 -2.943567 -4.622613
 H -0.378281 2.911774 -4.170855
 H -1.228958 1.698131 -4.759242
 H 4.772673 2.585721 3.210058
 H 3.466487 3.204370 2.665456
 H 2.858374 1.045511 -3.871607
 H 1.881586 2.149083 -3.355623
 H -5.013340 2.174471 -5.402152
 H -3.975724 3.110906 -6.103590
 H 4.132209 -5.071698 -1.461881
 H 5.399167 -5.817022 -1.057629
 H 2.767035 -1.246145 -5.166606
 H 1.234827 -1.005535 -5.159293
 H -2.023742 -0.513123 -5.496887
 H -2.872067 0.671833 -4.959728
 H 1.024610 0.630495 0.948111
 H 1.301766 -0.409006 -0.174531
 H 3.992481 -2.196265 -3.341589
 H 5.377986 -1.661229 -2.966526
 H 5.312132 1.022349 -0.342470
 H 5.961797 -0.375504 -0.550616
 H -0.701452 3.955613 2.496757
 H -0.667751 5.410512 2.080735
 H -4.687327 0.889253 -3.158101
 H -6.122992 0.667823 -3.797440
 H 0.515086 -4.732094 -0.643579
 H 1.093022 -3.851283 0.553751
 H 3.650578 3.893890 -4.435592
 H 4.637338 2.816774 -4.961960
 H 3.320159 5.109260 4.951078
 H 2.744396 6.079431 5.987300
 H -5.715609 3.902280 -1.084388
 H -4.708721 4.633603 -1.931079
 H 0.002881 0.290390 -2.164728
 H -1.319030 0.706922 -1.493325
 H -2.959956 -3.090312 -2.030144
 H -2.545658 -4.219229 -1.154902
 H -3.434343 5.800839 2.922704
 H -2.682720 5.875414 4.245702
 H -1.442502 1.981018 3.502234
 H -2.215900 3.237970 3.513400
 H -2.145789 -1.092144 -0.509143
 H -3.026965 0.007348 0.179639
 H -2.499489 -2.252343 5.037118
 H -1.143449 -3.031714 5.200719
 H 1.498038 1.562112 5.387183
 H 0.190010 2.448173 5.495054
 H -5.220562 3.571445 2.256706
 H -3.881904 2.991764 1.628801
 H 3.376756 4.662093 -0.226331
 H 2.839163 4.139704 -1.547434
 H 3.611050 -5.753974 -3.811149
 H 2.193422 -5.177877 -3.760153
 H -2.480469 3.919962 -3.053384
 H -1.927996 4.247141 -1.679332
 H 5.967555 -0.217877 5.732567
 H 4.619869 0.301240 5.300650
 H -2.620647 -0.616212 2.214433
 H -3.798622 0.429627 2.614963
 H 0.048344 -3.068185 -2.444762
 H -0.486886 -2.027924 -1.462464
 H 0.365428 -3.275370 -4.585295
 H 0.794781 -2.994477 -5.997762
 H 4.957124 -5.733470 4.950546
 H 6.497592 -5.638690 4.836505
 H 5.805421 -3.394146 0.322715
 H 4.724171 -2.357466 0.361725
 H 4.683164 -0.196151 1.586273
 H 3.943072 -0.389299 3.041408
 H 1.352458 3.916300 -5.186559
 H 1.610415 5.186146 -4.359520
 H -1.032559 -6.632168 0.125538
 H -1.333025 -5.109822 0.526566
 H -5.344142 -1.948110 -6.536497
 H -4.708512 -0.983795 -5.460180
 H -4.076113 2.164014 -1.038705
 H -4.787710 1.380223 0.077176
 H 5.828278 2.316256 -2.636225
 H 4.329350 1.969351 -2.433804
 H 3.730708 -0.180474 -0.697618
 H 2.675778 0.339282 -1.799997
 H -6.128460 -0.858767 1.576943
 H -4.855113 -1.540255 2.088074
 H 0.854063 3.340528 1.368304
 H 2.213917 2.890567 0.776553
K_POINTS
 1
0.0 0.0 0.0 1.0