
&control
    calculation='scf'
    pseudo_dir = './',
    outdir='./outputs',
    disk_io='high'
/
&system
    ibrav= 1, celldm(1)=20.000000, nat=  192, ntyp= 2,
    ecutwfc = 30.0, nosym=.true., occupations='smearing',
    smearing='m-v', degauss=0.025
/
&electrons
    conv_thr =  1.0d-8,
    mixing_beta = 0.7
/
&ions
    pot_extrapolation='second-order'
    wfc_extrapolation='second-order'
    ion_temperature = 'andersen'
    tempw = 1000

/
ATOMIC_SPECIES
 H  1.01  H.blyp-hgh.UPF
 O  16.0  O.blyp-hgh.UPF
ATOMIC_POSITIONS bohr
 O -5.363021 -1.524006 -0.807851
 O 2.759804 -2.671373 6.139224
 O -5.577327 6.526365 -5.389274
 O 1.321194 2.953220 -1.029359
 O -5.018730 1.166982 3.785417
 O 0.045164 6.063580 5.898147
 O -1.325273 -5.616030 -2.542692
 O 3.113169 1.236130 4.649102
 O -2.907018 -6.575648 5.579071
 O 2.068884 -2.488800 3.719205
 O 2.555074 -6.620297 2.404685
 O -3.370804 -3.626936 4.447332
 O -4.702042 -7.075038 0.347527
 O -3.873652 -4.536609 -3.738971
 O 2.460788 -3.797749 -1.879210
 O -1.848231 3.127710 -1.118695
 O -1.347044 -2.924872 1.812888
 O 0.453975 -4.843546 3.515894
 O 4.465331 -4.381895 -4.774088
 O 4.908450 4.685673 2.223808
 O 5.283499 -3.925714 3.718250
 O -2.403310 -2.176874 -3.134872
 O -1.177869 3.268735 -4.473950
 O 4.374262 1.710797 1.803553
 O 2.871296 1.331364 -3.488233
 O -4.536415 3.253421 -5.426618
 O 4.977067 -5.698794 -0.055067
 O 0.827732 -0.485823 -5.906986
 O -2.320389 0.601302 -5.164230
 O 0.800153 -0.811112 1.695739
 O 5.738139 -2.182893 -3.959610
 O 4.376765 -0.198640 -1.310009
 O 0.491390 4.462021 3.944240
 O -4.456240 0.470317 -3.380614
 O 0.000458 -3.842870 -0.797789
 O 5.218563 4.237419 -6.997650
 O 3.692554 6.594524 5.734757
 O -5.533189 5.524896 -2.409144
 O 0.004528 1.059260 -2.701311
 O -4.137068 -3.987483 -1.020358
 O -2.918187 5.655941 2.854315
 O -2.716034 3.275970 4.018912
 O -1.804081 -1.756527 -0.486096
 O -1.480408 -1.548015 5.269331
 O 0.283821 2.167373 5.815038
 O -4.620508 3.091377 1.459940
 O 3.680541 4.895194 -1.857145
 O 1.485688 -5.739259 -3.772412
 O -2.862046 4.522461 -3.243309
 O 5.297741 1.038496 6.628260
 O -1.512418 0.834700 1.952370
 O 0.030869 -1.766426 -3.694013
 O 0.263145 -3.609402 -5.715267
 O 7.044133 -6.252898 3.957177
 O 3.768892 -2.839509 1.205233
 O 6.008772 -1.246226 2.999982
 O 1.484482 3.757568 -4.215667
 O -1.642353 -7.343356 0.602267
 O -4.856412 -1.504464 -6.692739
 O -4.360483 1.547065 -0.675189
 O 5.300656 3.724088 -4.109643
 O 1.527507 -0.911630 -1.454115
 O -4.802384 -3.713527 2.270851
 O 1.710667 3.084749 2.023608
 H -5.152922 -2.499362 -0.795116
 H -4.747153 -1.198816 -1.485083
 H 2.473731 -1.915787 6.721188
 H 2.580941 -2.264079 5.234442
 H -5.608014 5.708402 -4.874770
 H -4.843749 7.111190 -5.069841
 H 2.214785 2.677617 -1.349939
 H 1.336059 3.929506 -1.079588
 H -5.613940 0.416963 4.075261
 H -4.277098 0.969573 4.404033
 H 0.199788 6.976936 5.582281
 H 0.006058 6.104157 6.872144
 H -0.683230 -5.993554 -1.907171
 H -0.719294 -5.617271 -3.313765
 H 3.547919 1.913445 4.072165
 H 2.386358 0.881201 4.101395
 H -2.826922 -7.444820 6.031872
 H -2.045547 -6.456305 5.143102
 H 1.692827 -1.869226 3.020526
 H 2.559669 -3.013955 3.028426
 H 1.645539 -6.522849 2.754078
 H 2.945677 -5.751000 2.236250
 H -3.611073 -4.534117 4.747507
 H -3.382200 -3.778080 3.462701
 H -4.798244 -7.784236 1.033597
 H -5.207384 -7.436461 -0.424030
 H -3.134118 -3.922634 -3.981236
 H -3.367907 -5.208185 -3.221776
 H 3.126712 -3.411539 -2.466964
 H 1.664685 -3.251716 -1.710834
 H -2.546173 3.636956 -1.595644
 H -1.699132 3.234497 -0.182948
 H -1.793782 -2.671274 0.945720
 H -0.700727 -2.167303 1.880346
 H 0.618296 -3.877780 3.556848
 H -0.308328 -4.900758 2.911586
 H 5.272978 -4.839387 -5.096596
 H 4.013676 -3.648619 -5.208312
 H 3.927542 4.944545 2.207314
 H 5.198451 5.061805 3.094371
 H 6.095814 -3.430390 3.512352
 H 4.723887 -3.396019 4.309195
 H -1.535084 -1.879137 -3.561808
 H -3.088268 -1.516724 -3.347451
 H -0.367204 2.834379 -4.128795
 H -1.611842 2.468434 -4.873309
 H 4.871249 2.558473 1.730584
 H 3.436054 2.015261 1.904962
 H 2.254173 0.818348 -4.017503
 H 2.631240 2.277578 -3.547948
 H -5.410455 3.326997 -5.881199
 H -4.824559 2.565968 -4.777300
 H 5.133300 -6.458449 0.561182
 H 5.782341 -5.619862 -0.608184
 H -0.119167 -0.640019 -6.093709
 H 0.909659 0.413719 -6.315524
 H -2.789599 0.059167 -5.841004
 H -2.944638 0.453626 -4.392775
 H 0.073490 -0.143436 1.738296
 H 0.823901 -1.070959 0.747786
 H 5.693649 -3.134167 -4.191153
 H 6.094708 -2.106218 -3.060307
 H 4.074503 0.583759 -0.827977
 H 5.075557 -0.595251 -0.779967
 H 0.418319 5.003486 4.805201
 H -0.269806 3.836751 4.001416
 H -4.876624 1.080859 -2.698650
 H -5.234929 -0.032631 -3.702103
 H -0.599827 -4.474407 -1.229673
 H -0.297622 -3.860206 0.135920
 H 5.301899 5.172844 -7.274225
 H 5.559422 3.587182 -7.633175
 H 3.081575 6.405855 5.003745
 H 3.181619 7.314124 6.148336
 H -6.468365 5.263721 -2.474811
 H -4.939860 5.139654 -3.048060
 H -0.952887 1.163047 -2.865977
 H 0.242900 1.787137 -2.062545
 H -3.623487 -3.689146 -1.806038
 H -3.743525 -4.699839 -0.512638
 H -3.647045 5.485576 2.240822
 H -3.400724 5.696757 3.720550
 H -2.481820 4.101835 3.501791
 H -3.687352 3.260705 3.899640
 H -2.103284 -1.921529 -1.423699
 H -1.775076 -0.782514 -0.496871
 H -1.893578 -2.139475 4.612869
 H -1.538997 -2.062589 6.097626
 H 0.698686 2.766644 5.145035
 H -0.687193 2.182653 5.861574
 H -5.106955 2.686460 2.200563
 H -3.919648 2.448332 1.215765
 H 4.187047 5.691405 -1.621651
 H 3.826806 4.830034 -2.817786
 H 1.330631 -5.268823 -4.629585
 H 1.786076 -5.046086 -3.116335
 H -3.195154 3.760949 -3.749394
 H -1.904475 4.336170 -3.473906
 H 4.873279 0.540377 7.365461
 H 4.672183 0.893969 5.892270
 H -1.477526 0.251952 2.730709
 H -1.432147 1.700361 2.390758
 H 0.429357 -1.488738 -2.826454
 H 0.411227 -1.151525 -4.383125
 H 0.689170 -2.860759 -5.244469
 H 0.845285 -3.656355 -6.508021
 H 7.132725 -5.776238 4.816029
 H 7.042802 -5.510509 3.312972
 H 4.361135 -3.593687 0.966549
 H 3.420364 -2.641970 0.305222
 H 5.664483 -0.648801 2.307416
 H 5.196433 -1.313169 3.530859
 H 1.804806 3.773646 -5.141940
 H 1.554529 4.691365 -3.848466
 H -2.025717 -6.705661 1.251697
 H -2.376090 -7.351319 -0.057105
 H -5.680316 -1.837065 -6.309243
 H -4.591852 -2.113679 -7.419803
 H -3.436837 1.825312 -0.923801
 H -4.782207 2.165838 -0.044964
 H 5.749269 4.140388 -4.869974
 H 4.906200 2.924468 -4.512629
 H 2.419712 -0.624163 -1.724724
 H 1.029486 -0.075508 -1.417651
 H -5.330770 -4.142552 1.543624
 H -5.205160 -2.805903 2.343890
 H 1.224164 3.247780 2.867618
 H 1.055049 2.869159 1.319633
K_POINTS
 1
0.0 0.0 0.0 1.0