
&control
    calculation='scf'
    pseudo_dir = './',
    outdir='./outputs',
    disk_io='high'
/
&system
    ibrav= 1, celldm(1)=20.000000, nat=  192, ntyp= 2,
    ecutwfc = 30.0, nosym=.true., occupations='smearing',
    smearing='m-v', degauss=0.025
/
&electrons
    conv_thr =  1.0d-8,
    mixing_beta = 0.7
/
&ions
    pot_extrapolation='second-order'
    wfc_extrapolation='second-order'
    ion_temperature = 'andersen'
    tempw = 1000

/
ATOMIC_SPECIES
 H  1.01  H.blyp-hgh.UPF
 O  16.0  O.blyp-hgh.UPF
ATOMIC_POSITIONS bohr
 O -5.364985 -1.524491 -0.804951
 O 2.762072 -2.670298 6.138690
 O -5.578960 6.527246 -5.391422
 O 1.323818 2.950772 -1.029657
 O -5.018471 1.164887 3.788218
 O 0.047170 6.063289 5.897372
 O -1.326827 -5.618673 -2.543104
 O 3.114517 1.237733 4.650196
 O -2.908590 -6.577676 5.577935
 O 2.067420 -2.489686 3.720921
 O 2.557040 -6.620582 2.403498
 O -3.370161 -3.626000 4.450314
 O -4.701306 -7.075554 0.344549
 O -3.872078 -4.533496 -3.740549
 O 2.459390 -3.799791 -1.878425
 O -1.846468 3.128901 -1.120572
 O -1.345932 -2.924895 1.810588
 O 0.451641 -4.843751 3.516275
 O 4.463466 -4.381167 -4.772719
 O 4.904789 4.684759 2.223418
 O 5.283767 -3.926208 3.719670
 O -2.403164 -2.175976 -3.134338
 O -1.177682 3.270035 -4.474149
 O 4.374820 1.710626 1.800213
 O 2.871751 1.333123 -3.487751
 O -4.536730 3.255641 -5.426180
 O 4.976043 -5.698299 -0.052173
 O 0.826582 -0.488013 -5.907064
 O -2.322089 0.600046 -5.164935
 O 0.797984 -0.810081 1.695192
 O 5.738389 -2.183292 -3.958859
 O 4.376030 -0.198867 -1.311329
 O 0.489233 4.462414 3.944260
 O -4.456940 0.468455 -3.380407
 O 0.000271 -3.843854 -0.797892
 O 5.219742 4.237004 -7.002060
 O 3.695343 6.594972 5.733384
 O -5.533831 5.528524 -2.406556
 O 0.003759 1.059876 -2.701303
 O -4.138173 -3.989257 -1.020610
 O -2.918540 5.656263 2.851634
 O -2.718352 3.274387 4.016257
 O -1.805429 -1.754334 -0.486112
 O -1.481957 -1.547372 5.269134
 O 0.284599 2.169468 5.813625
 O -4.618453 3.091790 1.460826
 O 3.680671 4.897249 -1.858035
 O 1.484889 -5.738556 -3.771219
 O -2.860107 4.523203 -3.243307
 O 5.299826 1.040055 6.628527
 O -1.510969 0.834557 1.953301
 O 0.031977 -1.766643 -3.692987
 O 0.262833 -3.608986 -5.714040
 O 7.046797 -6.255356 3.957700
 O 3.769399 -2.839725 1.204852
 O 6.009514 -1.248129 2.999778
 O 1.485930 3.757077 -4.214252
 O -1.644108 -7.345265 0.606053
 O -4.854637 -1.503421 -6.695175
 O -4.360695 1.546286 -0.674750
 O 5.299720 3.723853 -4.112507
 O 1.526518 -0.914237 -1.452474
 O -4.804743 -3.715716 2.273719
 O 1.710725 3.083653 2.024972
 H -5.151900 -2.499476 -0.797328
 H -4.747933 -1.201101 -1.480792
 H 2.468789 -1.921973 6.726312
 H 2.574349 -2.260807 5.237445
 H -5.604710 5.709253 -4.876632
 H -4.849022 7.115111 -5.067621
 H 2.220168 2.681517 -1.350939
 H 1.331212 3.926640 -1.076998
 H -5.614979 0.417920 4.081729
 H -4.277157 0.964935 4.408294
 H 0.204967 6.977028 5.582490
 H 0.006459 6.097567 6.872078
 H -0.685574 -5.998403 -1.906739
 H -0.724255 -5.617073 -3.316424
 H 3.551414 1.911443 4.072590
 H 2.393618 0.874134 4.101062
 H -2.825533 -7.443482 6.033794
 H -2.047016 -6.451890 5.142309
 H 1.691051 -1.871343 3.021398
 H 2.562355 -3.008135 3.031365
 H 1.648738 -6.519788 2.754071
 H 2.950447 -5.753278 2.231148
 H -3.607559 -4.537674 4.741227
 H -3.377210 -3.779257 3.467387
 H -4.791960 -7.781876 1.032772
 H -5.209115 -7.434457 -0.426674
 H -3.132752 -3.918639 -3.983408
 H -3.370679 -5.207753 -3.221224
 H 3.125747 -3.415611 -2.467741
 H 1.666744 -3.252333 -1.706901
 H -2.548522 3.632759 -1.596359
 H -1.698119 3.232393 -0.185710
 H -1.791122 -2.665200 0.946885
 H -0.699669 -2.164540 1.881948
 H 0.612243 -3.877029 3.559323
 H -0.309224 -4.903589 2.908811
 H 5.276295 -4.831818 -5.095102
 H 4.013006 -3.648100 -5.210189
 H 3.924847 4.947294 2.211284
 H 5.199062 5.061772 3.090230
 H 6.093804 -3.425622 3.516469
 H 4.723048 -3.398308 4.310967
 H -1.534199 -1.875655 -3.559083
 H -3.089396 -1.515278 -3.341661
 H -0.370717 2.833750 -4.126916
 H -1.605878 2.471249 -4.878212
 H 4.877346 2.554685 1.729363
 H 3.438132 2.019494 1.904159
 H 2.255346 0.816244 -4.013655
 H 2.626623 2.278005 -3.546272
 H -5.411318 3.331758 -5.880682
 H -4.826661 2.564934 -4.780982
 H 5.134859 -6.457717 0.564404
 H 5.782533 -5.616096 -0.603934
 H -0.120959 -0.639403 -6.094760
 H 0.912755 0.407470 -6.322537
 H -2.792437 0.058302 -5.839445
 H -2.951545 0.464097 -4.395146
 H 0.071384 -0.141651 1.739742
 H 0.821751 -1.068434 0.747323
 H 5.699795 -3.132667 -4.192879
 H 6.100451 -2.108442 -3.061742
 H 4.072637 0.583352 -0.827626
 H 5.079780 -0.592819 -0.783809
 H 0.420543 5.001590 4.808787
 H -0.262860 3.834714 4.003055
 H -4.873348 1.070381 -2.686346
 H -5.237002 -0.035243 -3.697555
 H -0.598668 -4.473215 -1.234780
 H -0.303445 -3.863592 0.133878
 H 5.307260 5.172853 -7.272367
 H 5.557853 3.589179 -7.640553
 H 3.084535 6.402152 5.003746
 H 3.184855 7.310508 6.153205
 H -6.468030 5.256838 -2.475591
 H -4.942548 5.140848 -3.048901
 H -0.951269 1.166280 -2.868480
 H 0.247508 1.788626 -2.065710
 H -3.622413 -3.688793 -1.802783
 H -3.746265 -4.696452 -0.504310
 H -3.648729 5.485890 2.238767
 H -3.397982 5.693529 3.719654
 H -2.477787 4.098694 3.502986
 H -3.689379 3.267639 3.899406
 H -2.106376 -1.915555 -1.423497
 H -1.775510 -0.780727 -0.496818
 H -1.895329 -2.138187 4.612057
 H -1.540596 -2.063997 6.096642
 H 0.694768 2.771661 5.141159
 H -0.689594 2.188036 5.859885
 H -5.105765 2.688517 2.201995
 H -3.921459 2.445829 1.212025
 H 4.188423 5.692860 -1.619773
 H 3.824895 4.832208 -2.819314
 H 1.320693 -5.267318 -4.626570
 H 1.788552 -5.047221 -3.112744
 H -3.200394 3.762855 -3.747670
 H -1.903666 4.336785 -3.482631
 H 4.876631 0.539183 7.365351
 H 4.676735 0.890934 5.893346
 H -1.483933 0.256295 2.735374
 H -1.421170 1.702382 2.380635
 H 0.425500 -1.482715 -2.825812
 H 0.411333 -1.155065 -4.386851
 H 0.696063 -2.865118 -5.240751
 H 0.841895 -3.658872 -6.509840
 H 7.134318 -5.778282 4.817177
 H 7.044612 -5.513270 3.311421
 H 4.364457 -3.593172 0.969749
 H 3.421336 -2.638152 0.306325
 H 5.668557 -0.645948 2.308934
 H 5.196482 -1.314234 3.530002
 H 1.804001 3.776289 -5.141783
 H 1.551424 4.695136 -3.852807
 H -2.018152 -6.700814 1.254520
 H -2.375348 -7.345141 -0.055542
 H -5.679518 -1.836566 -6.314132
 H -4.588371 -2.112361 -7.420852
 H -3.441747 1.835406 -0.928985
 H -4.788828 2.160388 -0.043648
 H 5.747162 4.142947 -4.872133
 H 4.909440 2.923766 -4.521431
 H 2.419194 -0.627035 -1.723795
 H 1.030998 -0.076293 -1.418728
 H -5.320475 -4.144690 1.537117
 H -5.210144 -2.808909 2.339631
 H 1.226130 3.252220 2.869511
 H 1.053766 2.868141 1.322191
K_POINTS
 1
0.0 0.0 0.0 1.0