
&control
    calculation='scf'
    pseudo_dir = './',
    outdir='./outputs',
    disk_io='high'
/
&system
    ibrav= 1, celldm(1)=20.000000, nat=  192, ntyp= 2,
    ecutwfc = 30.0, nosym=.true., occupations='smearing',
    smearing='m-v', degauss=0.025
/
&electrons
    conv_thr =  1.0d-8,
    mixing_beta = 0.7
/
&ions
    pot_extrapolation='second-order'
    wfc_extrapolation='second-order'
    ion_temperature = 'andersen'
    tempw = 1000

/
ATOMIC_SPECIES
 H  1.01  H.blyp-hgh.UPF
 O  16.0  O.blyp-hgh.UPF
ATOMIC_POSITIONS bohr
 O -5.375008 -1.527309 -0.790574
 O 2.773470 -2.664235 6.136332
 O -5.587405 6.532082 -5.402691
 O 1.337149 2.938299 -1.031193
 O -5.017144 1.154068 3.802757
 O 0.057201 6.061871 5.893654
 O -1.334268 -5.632005 -2.545071
 O 3.121341 1.245924 4.655606
 O -2.916456 -6.587756 5.572232
 O 2.059885 -2.493956 3.728252
 O 2.566998 -6.622046 2.397552
 O -3.366911 -3.621752 4.464939
 O -4.697670 -7.077871 0.329549
 O -3.863673 -4.517891 -3.748557
 O 2.452564 -3.810571 -1.874505
 O -1.837559 3.133843 -1.130913
 O -1.340148 -2.924675 1.799059
 O 0.439864 -4.844739 3.518219
 O 4.454157 -4.377739 -4.764726
 O 4.886364 4.680325 2.221567
 O 5.284916 -3.928896 3.726824
 O -2.402754 -2.171484 -3.131686
 O -1.176553 3.275786 -4.475498
 O 4.377539 1.709820 1.783553
 O 2.874665 1.341884 -3.485003
 O -4.538780 3.266431 -5.423841
 O 4.970987 -5.695770 -0.037721
 O 0.820880 -0.498755 -5.907577
 O -2.330936 0.593526 -5.168172
 O 0.787001 -0.805034 1.692442
 O 5.739797 -2.184707 -3.955202
 O 4.372021 -0.199982 -1.318211
 O 0.478387 4.464207 3.944728
 O -4.460987 0.459379 -3.378956
 O -0.000615 -3.848892 -0.798127
 O 5.225511 4.234612 -7.023610
 O 3.708821 6.597146 5.726179
 O -5.537392 5.547125 -2.392859
 O -0.000056 1.063100 -2.701098
 O -4.144236 -3.997633 -1.021843
 O -2.920248 5.657964 2.838362
 O -2.729671 3.266390 4.002861
 O -1.812344 -1.742901 -0.486511
 O -1.489763 -1.543958 5.268241
 O 0.288879 2.179636 5.806388
 O -4.608210 3.093580 1.465507
 O 3.681321 4.907410 -1.862643
 O 1.480625 -5.735037 -3.765430
 O -2.850556 4.526873 -3.243032
 O 5.310241 1.047689 6.630220
 O -1.503532 0.833691 1.957977
 O 0.037738 -1.767677 -3.688064
 O 0.261422 -3.607063 -5.708147
 O 7.060134 -6.267405 3.960314
 O 3.772014 -2.841015 1.202628
 O 6.013050 -1.257355 2.998720
 O 1.493448 3.755040 -4.206971
 O -1.653132 -7.354407 0.624839
 O -4.845585 -1.497960 -6.707481
 O -4.361564 1.542006 -0.673064
 O 5.295007 3.722619 -4.126726
 O 1.521448 -0.927384 -1.444075
 O -4.817011 -3.726681 2.287494
 O 1.710934 3.077665 2.031704
 H -5.146622 -2.498725 -0.807123
 H -4.751146 -1.210279 -1.458977
 H 2.445545 -1.955263 6.750293
 H 2.542097 -2.247185 5.253422
 H -5.586434 5.714368 -4.885021
 H -4.875104 7.132403 -5.053720
 H 2.244806 2.702774 -1.354849
 H 1.307729 3.911985 -1.064165
 H -5.619427 0.424760 4.111267
 H -4.278129 0.943843 4.427778
 H 0.229924 6.976576 5.583108
 H 0.008249 6.064058 6.870862
 H -0.699025 -6.024326 -1.903964
 H -0.749171 -5.614718 -3.330454
 H 3.567806 1.899637 4.075058
 H 2.430900 0.838901 4.099114
 H -2.819321 -7.436156 6.043017
 H -2.053060 -6.429875 5.140194
 H 1.681037 -1.880429 3.029415
 H 2.578195 -2.980204 3.048085
 H 1.665281 -6.503666 2.753624
 H 2.972548 -5.762742 2.205672
 H -3.588756 -4.553487 4.711896
 H -3.352239 -3.783055 3.491895
 H -4.760986 -7.770469 1.026205
 H -5.215829 -7.422656 -0.439604
 H -3.128042 -3.898829 -3.993788
 H -3.386012 -5.205698 -3.219751
 H 3.120097 -3.433608 -2.472003
 H 1.677406 -3.254210 -1.687733
 H -2.559536 3.614410 -1.598340
 H -1.694596 3.225703 -0.195750
 H -1.777688 -2.634929 0.954056
 H -0.695738 -2.154289 1.890249
 H 0.583139 -3.873283 3.571492
 H -0.314121 -4.917609 2.895203
 H 5.291766 -4.793308 -5.091234
 H 4.012079 -3.644501 -5.224007
 H 3.913132 4.959021 2.231559
 H 5.202696 5.061269 3.067096
 H 6.082523 -3.401558 3.537733
 H 4.719326 -3.409831 4.320528
 H -1.528954 -1.858595 -3.544077
 H -3.094775 -1.507816 -3.313468
 H -0.385621 2.832968 -4.117391
 H -1.578373 2.486805 -4.902093
 H 4.906332 2.535770 1.723536
 H 3.449455 2.041051 1.899039
 H 2.258419 0.806445 -3.995519
 H 2.601150 2.280180 -3.539942
 H -5.413242 3.356826 -5.879839
 H -4.834968 2.560030 -4.800009
 H 5.143170 -6.453043 0.580097
 H 5.783581 -5.597525 -0.581264
 H -0.130391 -0.637625 -6.101740
 H 0.929056 0.377333 -6.355746
 H -2.805198 0.054484 -5.832567
 H -2.984669 0.518597 -4.409080
 H 0.061627 -0.132039 1.746536
 H 0.812383 -1.055775 0.744800
 H 5.729187 -3.126525 -4.200284
 H 6.129049 -2.120489 -3.067723
 H 4.064231 0.581919 -0.824867
 H 5.103339 -0.581762 -0.801771
 H 0.431538 4.991187 4.824500
 H -0.230037 3.826117 4.010941
 H -4.853547 1.015404 -2.625938
 H -5.246684 -0.048521 -3.676199
 H -0.593599 -4.466168 -1.262235
 H -0.331863 -3.879257 0.123720
 H 5.335101 5.172158 -7.264344
 H 5.550812 3.601328 -7.679217
 H 3.099713 6.381396 5.001310
 H 3.203265 7.292784 6.179792
 H -6.464302 5.220052 -2.482185
 H -4.955119 5.144118 -3.054762
 H -0.943076 1.182658 -2.879970
 H 0.269695 1.796535 -2.082870
 H -3.616393 -3.690446 -1.785083
 H -3.757400 -4.681034 -0.463388
 H -3.657718 5.487546 2.227326
 H -3.384572 5.679005 3.715734
 H -2.458688 4.081876 3.509048
 H -3.698779 3.301200 3.899124
 H -2.120788 -1.887975 -1.422321
 H -1.777955 -0.771217 -0.494389
 H -1.904642 -2.132909 4.608169
 H -1.548758 -2.072038 6.090636
 H 0.671981 2.795693 5.123840
 H -0.699888 2.217023 5.849311
 H -5.099600 2.696780 2.210216
 H -3.930117 2.433901 1.196137
 H 4.193902 5.701711 -1.607590
 H 3.815190 4.841974 -2.827955
 H 1.272470 -5.259020 -4.608370
 H 1.801216 -5.053444 -3.095348
 H -3.228904 3.773193 -3.739636
 H -1.902212 4.341197 -3.525547
 H 4.894172 0.534419 7.363858
 H 4.698092 0.876210 5.897691
 H -1.517892 0.276947 2.759359
 H -1.366919 1.714771 2.330343
 H 0.407098 -1.452481 -2.823225
 H 0.411113 -1.171885 -4.402584
 H 0.728864 -2.888916 -5.221011
 H 0.824074 -3.670067 -6.517667
 H 7.140882 -5.790793 4.823069
 H 7.052538 -5.527806 3.304622
 H 4.379914 -3.590151 0.987231
 H 3.425379 -2.618824 0.312905
 H 5.690435 -0.631616 2.314922
 H 5.196582 -1.321101 3.526605
 H 1.799414 3.790304 -5.139334
 H 1.536508 4.710936 -3.877121
 H -1.977905 -6.678560 1.269040
 H -2.370550 -7.314285 -0.047090
 H -5.676118 -1.834560 -6.337730
 H -4.570892 -2.106671 -7.424331
 H -3.468865 1.887405 -0.952567
 H -4.821505 2.134009 -0.039455
 H 5.734362 4.155668 -4.883477
 H 4.925518 2.920148 -4.565377
 H 2.419029 -0.641810 -1.718780
 H 1.037160 -0.079619 -1.425503
 H -5.266722 -4.153612 1.506571
 H -5.233707 -2.824807 2.317299
 H 1.237283 3.276035 2.876478
 H 1.049167 2.863855 1.336110
K_POINTS
 1
0.0 0.0 0.0 1.0