
&control
    calculation='scf'
    pseudo_dir = './',
    outdir='./outputs',
    disk_io='high'
/
&system
    ibrav= 1, celldm(1)=20.000000, nat=  192, ntyp= 2,
    ecutwfc = 30.0, nosym=.true., occupations='smearing',
    smearing='m-v', degauss=0.025
/
&electrons
    conv_thr =  1.0d-8,
    mixing_beta = 0.7
/
&ions
    pot_extrapolation='second-order'
    wfc_extrapolation='second-order'
    ion_temperature = 'andersen'
    tempw = 1000

/
ATOMIC_SPECIES
 H  1.01  H.blyp-hgh.UPF
 O  16.0  O.blyp-hgh.UPF
ATOMIC_POSITIONS bohr
 O -5.379108 -1.528631 -0.784888
 O 2.778048 -2.661506 6.135552
 O -5.590889 6.534222 -5.407418
 O 1.342585 2.933184 -1.031835
 O -5.016571 1.149592 3.808833
 O 0.061211 6.061313 5.892243
 O -1.337094 -5.637389 -2.545793
 O 3.124096 1.249243 4.657775
 O -2.919584 -6.591712 5.569903
 O 2.056745 -2.495556 3.730645
 O 2.571045 -6.622634 2.395164
 O -3.365595 -3.620293 4.470679
 O -4.696219 -7.078634 0.323489
 O -3.860086 -4.511642 -3.751811
 O 2.449957 -3.815169 -1.872961
 O -1.833949 3.135349 -1.135501
 O -1.337685 -2.924406 1.794488
 O 0.435081 -4.845109 3.518997
 O 4.450455 -4.376453 -4.761051
 O 4.878948 4.678596 2.220831
 O 5.285300 -3.930053 3.729714
 O -2.402734 -2.169682 -3.130629
 O -1.176003 3.277779 -4.476205
 O 4.378591 1.709508 1.776909
 O 2.876116 1.345371 -3.483755
 O -4.539824 3.270607 -5.422845
 O 4.969010 -5.694737 -0.031953
 O 0.818605 -0.502959 -5.907855
 O -2.334629 0.590843 -5.169303
 O 0.782540 -0.803060 1.691355
 O 5.740438 -2.184982 -3.953769
 O 4.370298 -0.200414 -1.321044
 O 0.474154 4.464956 3.945087
 O -4.462866 0.455865 -3.378147
 O -0.000957 -3.850967 -0.798094
 O 5.227752 4.233494 -7.031979
 O 3.714022 6.597965 5.723135
 O -5.538995 5.554693 -2.387129
 O -0.001513 1.064439 -2.700943
 O -4.146938 -4.000783 -1.022282
 O -2.920923 5.658686 2.833109
 O -2.734061 3.263125 3.997478
 O -1.815197 -1.738110 -0.486814
 O -1.492921 -1.542518 5.267927
 O 0.290674 2.183593 5.803390
 O -4.604142 3.094162 1.467496
 O 3.681596 4.911440 -1.864558
 O 1.478800 -5.733628 -3.763179
 O -2.846821 4.528306 -3.242819
 O 5.314415 1.050666 6.631092
 O -1.500477 0.833233 1.959845
 O 0.040133 -1.768068 -3.686208
 O 0.260938 -3.606361 -5.705900
 O 7.065474 -6.272096 3.961349
 O 3.773104 -2.841623 1.201634
 O 6.014373 -1.260897 2.998269
 O 1.496582 3.754465 -4.203981
 O -1.656825 -7.357870 0.632287
 O -4.841900 -1.495649 -6.712437
 O -4.361826 1.540120 -0.672621
 O 5.293098 3.722070 -4.132399
 O 1.519381 -0.932661 -1.440634
 O -4.822123 -3.731084 2.292715
 O 1.710993 3.075039 2.034366
 H -5.144562 -2.497942 -0.810304
 H -4.752018 -1.212705 -1.450190
 H 2.437004 -1.969550 6.759133
 H 2.529582 -2.242958 5.260109
 H -5.578392 5.716799 -4.887999
 H -4.885423 7.138236 -5.047002
 H 2.253499 2.712119 -1.355864
 H 1.298703 3.906079 -1.059106
 H -5.621005 0.428295 4.121815
 H -4.278891 0.936462 4.434609
 H 0.239447 6.975866 5.583283
 H 0.008905 6.050513 6.869820
 H -0.705262 -6.035365 -1.902845
 H -0.759108 -5.613202 -3.336260
 H 3.573960 1.894303 4.075991
 H 2.446269 0.824902 4.098152
 H -2.817085 -7.433210 6.046640
 H -2.055059 -6.421221 5.140350
 H 1.676406 -1.883301 3.034268
 H 2.585897 -2.969900 3.055413
 H 1.672061 -6.496811 2.753290
 H 2.980526 -5.765672 2.195508
 H -3.580711 -4.558790 4.701378
 H -3.342227 -3.783400 3.501699
 H -4.748932 -7.766350 1.022476
 H -5.217643 -7.417220 -0.444609
 H -3.127096 -3.891106 -3.997621
 H -3.392773 -5.204724 -3.219869
 H 3.117366 -3.439750 -2.473764
 H 1.681588 -3.254229 -1.680276
 H -2.563575 3.608403 -1.598415
 H -1.693951 3.224793 -0.197913
 H -1.772507 -2.622867 0.957136
 H -0.694906 -2.152091 1.893700
 H 0.572032 -3.871915 3.576196
 H -0.316064 -4.923103 2.890064
 H 5.297133 -4.777614 -5.091191
 H 4.012952 -3.642772 -5.231345
 H 3.909144 4.962717 2.239800
 H 5.204585 5.061073 3.057135
 H 6.077430 -3.391942 3.546497
 H 4.717951 -3.414520 4.324729
 H -1.526573 -1.851957 -3.537466
 H -3.096730 -1.504701 -3.302611
 H -0.390044 2.833691 -4.113362
 H -1.568739 2.493428 -4.911538
 H 4.917216 2.528310 1.721316
 H 3.454435 2.049861 1.896469
 H 2.258414 0.802904 -3.988717
 H 2.589894 2.281038 -3.538376
 H -5.412845 3.367449 -5.880299
 H -4.837274 2.558165 -4.807849
 H 5.146685 -6.450690 0.586160
 H 5.783946 -5.590230 -0.571526
 H -0.134270 -0.637504 -6.105282
 H 0.935974 0.365794 -6.368109
 H -2.809769 0.052997 -5.830426
 H -2.997208 0.541247 -4.415640
 H 0.058108 -0.127947 1.749027
 H 0.809270 -1.050717 0.743606
 H 5.740310 -3.124860 -4.202742
 H 6.140407 -2.125709 -3.069603
 H 4.061397 0.581395 -0.823440
 H 5.113523 -0.577678 -0.808623
 H 0.435815 4.986583 4.829585
 H -0.218817 3.822598 4.014030
 H -4.843998 0.992214 -2.602533
 H -5.250228 -0.053906 -3.668331
 H -0.591870 -4.462834 -1.274110
 H -0.342892 -3.884908 0.119702
 H 5.346706 5.171720 -7.261812
 H 5.548434 3.607120 -7.695556
 H 3.105917 6.372217 4.999330
 H 3.211533 7.285841 6.191378
 H -6.461523 5.204547 -2.485842
 H -4.959992 5.144547 -3.057310
 H -0.940134 1.189383 -2.884111
 H 0.278119 1.799933 -2.090292
 H -3.613439 -3.692634 -1.777533
 H -3.760671 -4.675366 -0.447519
 H -3.661369 5.488299 2.222406
 H -3.379378 5.673944 3.714356
 H -2.451497 4.074854 3.511338
 H -3.702304 3.314108 3.899404
 H -2.126066 -1.878133 -1.421860
 H -1.779023 -0.767028 -0.492356
 H -1.908581 -2.131269 4.606728
 H -1.552081 -2.075643 6.087695
 H 0.661525 2.804634 5.118044
 H -0.702561 2.229424 5.844133
 H -5.096926 2.699180 2.213910
 H -3.933413 2.429433 1.191152
 H 4.195326 5.705746 -1.601591
 H 3.811264 4.845468 -2.831711
 H 1.253928 -5.255255 -4.599618
 H 1.806288 -5.056267 -3.088822
 H -3.241207 3.777881 -3.736589
 H -1.902999 4.343508 -3.542289
 H 4.901585 0.533115 7.362831
 H 4.705824 0.870533 5.898716
 H -1.532342 0.284965 2.769163
 H -1.345476 1.720881 2.310545
 H 0.400256 -1.440341 -2.822468
 H 0.410647 -1.178208 -4.407379
 H 0.741123 -2.899465 -5.212722
 H 0.816510 -3.673827 -6.520080
 H 7.142860 -5.796852 4.825385
 H 7.055181 -5.534041 3.302532
 H 4.385461 -3.588669 0.994760
 H 3.426676 -2.611083 0.315867
 H 5.699906 -0.625982 2.316733
 H 5.196593 -1.324536 3.525559
 H 1.797312 3.796102 -5.137587
 H 1.530824 4.715671 -3.887877
 H -1.960791 -6.670685 1.274981
 H -2.368232 -7.301979 -0.043432
 H -5.674948 -1.833942 -6.346809
 H -4.563820 -2.104930 -7.425060
 H -3.480891 1.908831 -0.960836
 H -4.834330 2.123867 -0.038978
 H 5.728218 4.160813 -4.888225
 H 4.931939 2.918819 -4.582706
 H 2.419912 -0.648025 -1.716535
 H 1.038986 -0.080763 -1.428813
 H -5.244225 -4.156363 1.495402
 H -5.242510 -2.831507 2.307962
 H 1.242348 3.286298 2.878090
 H 1.048114 2.862506 1.342144
K_POINTS
 1
0.0 0.0 0.0 1.0