
&control
    calculation='scf'
    pseudo_dir = './',
    outdir='./outputs',
    disk_io='high'
/
&system
    ibrav= 1, celldm(1)=20.000000, nat=  192, ntyp= 2,
    ecutwfc = 30.0, nosym=.true., occupations='smearing',
    smearing='m-v', degauss=0.025
/
&electrons
    conv_thr =  1.0d-8,
    mixing_beta = 0.7
/
&ions
    pot_extrapolation='second-order'
    wfc_extrapolation='second-order'
    ion_temperature = 'andersen'
    tempw = 1000

/
ATOMIC_SPECIES
 H  1.01  H.blyp-hgh.UPF
 O  16.0  O.blyp-hgh.UPF
ATOMIC_POSITIONS bohr
 O -5.383254 -1.530065 -0.779243
 O 2.782635 -2.658623 6.134875
 O -5.594416 6.536480 -5.412249
 O 1.348078 2.927994 -1.032493
 O -5.015960 1.145046 3.815055
 O 0.065217 6.060752 5.890879
 O -1.339837 -5.642799 -2.546467
 O 3.126851 1.252561 4.659967
 O -2.922690 -6.595592 5.567526
 O 2.053518 -2.497078 3.732763
 O 2.575132 -6.623210 2.392766
 O -3.364269 -3.618992 4.476376
 O -4.694757 -7.079274 0.317392
 O -3.856391 -4.505401 -3.755092
 O 2.447446 -3.819938 -1.871447
 O -1.830312 3.136594 -1.140332
 O -1.335116 -2.924027 1.789972
 O 0.430244 -4.845460 3.519765
 O 4.446773 -4.375200 -4.757148
 O 4.871513 4.676875 2.220067
 O 5.285647 -3.931244 3.732624
 O -2.402794 -2.167873 -3.129573
 O -1.175392 3.279625 -4.477005
 O 4.379624 1.709193 1.770280
 O 2.877711 1.348846 -3.482434
 O -4.540992 3.274708 -5.421820
 O 4.967066 -5.693696 -0.026194
 O 0.816321 -0.507109 -5.908186
 O -2.338403 0.588143 -5.170325
 O 0.778039 -0.801108 1.690285
 O 5.741127 -2.185084 -3.952339
 O 4.368537 -0.200837 -1.323886
 O 0.470059 4.465792 3.945541
 O -4.464895 0.452418 -3.377188
 O -0.001298 -3.853081 -0.797993
 O 5.229951 4.232279 -7.040195
 O 3.719129 6.598743 5.719995
 O -5.540705 5.562268 -2.381329
 O -0.002896 1.065794 -2.700747
 O -4.149810 -4.003847 -1.022656
 O -2.921608 5.659434 2.827884
 O -2.738372 3.259803 3.992103
 O -1.818102 -1.733195 -0.487194
 O -1.496101 -1.541046 5.267635
 O 0.292460 2.187506 5.800319
 O -4.600100 3.094662 1.469554
 O 3.681888 4.915464 -1.866514
 O 1.476913 -5.732219 -3.760953
 O -2.843149 4.529710 -3.242561
 O 5.318599 1.053601 6.632083
 O -1.497380 0.832696 1.961716
 O 0.042571 -1.768449 -3.684422
 O 0.260502 -3.605695 -5.703712
 O 7.070815 -6.276706 3.962372
 O 3.774219 -2.842277 1.200610
 O 6.015638 -1.264345 2.997794
 O 1.499785 3.754049 -4.200959
 O -1.660546 -7.361221 0.639697
 O -4.838195 -1.493262 -6.717394
 O -4.362041 1.538141 -0.672307
 O 5.291170 3.721470 -4.138084
 O 1.517310 -0.937922 -1.437153
 O -4.827340 -3.735506 2.297755
 O 1.711051 3.072285 2.037017
 H -5.142603 -2.496986 -0.812982
 H -4.752621 -1.214317 -1.441407
 H 2.428924 -1.984280 6.767577
 H 2.517311 -2.239385 5.266858
 H -5.570001 5.719448 -4.890811
 H -4.895695 7.143458 -5.039734
 H 2.261521 2.721935 -1.356559
 H 1.289892 3.900190 -1.054099
 H -5.622591 0.432143 4.131688
 H -4.279862 0.929711 4.440861
 H 0.248698 6.974809 5.583492
 H 0.009557 6.036969 6.868391
 H -0.712001 -6.046717 -1.901888
 H -0.768983 -5.611403 -3.342065
 H 3.579975 1.888783 4.076740
 H 2.461919 0.810992 4.097079
 H -2.814930 -7.430426 6.050300
 H -2.056942 -6.412733 5.141169
 H 1.671357 -1.885692 3.039980
 H 2.594505 -2.960252 3.062928
 H 1.678873 -6.489709 2.752891
 H 2.987977 -5.768169 2.185369
 H -3.572411 -4.563462 4.691706
 H -3.332191 -3.782962 3.511168
 H -4.737147 -7.762652 1.018155
 H -5.219005 -7.411460 -0.449532
 H -3.126614 -3.883544 -4.001223
 H -3.399836 -5.203555 -3.220442
 H 3.114311 -3.445326 -2.475477
 H 1.685593 -3.253754 -1.672926
 H -2.567377 3.603204 -1.598100
 H -1.693784 3.224858 -0.199109
 H -1.767596 -2.610821 0.960069
 H -0.694505 -2.151059 1.897228
 H 0.561226 -3.870707 3.580760
 H -0.317873 -4.928498 2.885207
 H 5.301828 -4.761777 -5.091880
 H 4.014610 -3.641027 -5.239516
 H 3.905452 4.965827 2.248075
 H 5.206841 5.060996 3.047059
 H 6.072011 -3.382400 3.555366
 H 4.716574 -3.419291 4.329172
 H -1.524101 -1.845444 -3.530527
 H -3.098521 -1.501502 -3.292036
 H -0.393446 2.834969 -4.109127
 H -1.560040 2.500092 -4.921043
 H 4.927694 2.520968 1.719146
 H 3.459669 2.058779 1.893597
 H 2.257801 0.799636 -3.982096
 H 2.578082 2.281839 -3.537356
 H -5.411781 3.378409 -5.881209
 H -4.839025 2.556326 -4.815777
 H 5.150276 -6.448070 0.592100
 H 5.784233 -5.583016 -0.561413
 H -0.138115 -0.637702 -6.109214
 H 0.943119 0.354523 -6.379903
 H -2.814124 0.051410 -5.828739
 H -3.009312 0.564275 -4.422767
 H 0.054817 -0.123764 1.751374
 H 0.806509 -1.045672 0.742259
 H 5.751066 -3.123691 -4.204949
 H 6.151687 -2.131135 -3.071249
 H 4.058924 0.580753 -0.821923
 H 5.123845 -0.573656 -0.815475
 H 0.439981 4.981743 4.833912
 H -0.209280 3.818517 4.017132
 H -4.833517 0.968365 -2.579707
 H -5.253578 -0.059310 -3.660864
 H -0.590268 -4.459182 -1.286467
 H -0.353726 -3.890200 0.115715
 H 5.358564 5.171281 -7.259706
 H 5.546335 3.613401 -7.712403
 H 3.112188 6.362664 4.996904
 H 3.220232 7.278946 6.203428
 H -6.457829 5.188809 -2.489915
 H -4.964940 5.144748 -3.059582
 H -0.937612 1.196254 -2.888010
 H 0.286260 1.803476 -2.097984
 H -3.610012 -3.695628 -1.769856
 H -3.763319 -4.669795 -0.432086
 H -3.664906 5.489141 2.217428
 H -3.374293 5.669304 3.713021
 H -2.444520 4.067818 3.513437
 H -3.705746 3.326725 3.899899
 H -2.131066 -1.869030 -1.421459
 H -1.780124 -0.762561 -0.489698
 H -1.912604 -2.129840 4.605381
 H -1.555423 -2.079424 6.084440
 H 0.650442 2.813114 5.112959
 H -0.704079 2.242172 5.838459
 H -5.094057 2.701099 2.217761
 H -3.936615 2.425149 1.186973
 H 4.196236 5.709893 -1.595078
 H 3.807336 4.848799 -2.835515
 H 1.235843 -5.251175 -4.590049
 H 1.811284 -5.059319 -3.082640
 H -3.253891 3.783011 -3.733560
 H -1.904634 4.346072 -3.558739
 H 4.909227 0.532156 7.361603
 H 4.713037 0.864989 5.899244
 H -1.547250 0.293047 2.778979
 H -1.324175 1.727556 2.290985
 H 0.393764 -1.428190 -2.821878
 H 0.409959 -1.184287 -4.411261
 H 0.752842 -2.910648 -5.204295
 H 0.808706 -3.677138 -6.522038
 H 7.144479 -5.803484 4.827630
 H 7.057523 -5.540537 3.300894
 H 4.390604 -3.587013 1.002484
 H 3.427828 -2.603399 0.318904
 H 5.709791 -0.620502 2.318326
 H 5.196622 -1.328336 3.524615
 H 1.795068 3.801887 -5.135444
 H 1.525304 4.719464 -3.899065
 H -1.943176 -6.663457 1.280965
 H -2.365758 -7.289699 -0.039633
 H -5.673806 -1.833387 -6.355712
 H -4.556668 -2.103571 -7.425516
 H -3.493582 1.930550 -0.968405
 H -4.846988 2.113952 -0.039240
 H 5.721512 4.166054 -4.893070
 H 4.938379 2.917662 -4.599747
 H 2.421181 -0.654488 -1.714100
 H 1.040476 -0.081885 -1.432436
 H -5.221208 -4.158660 1.484904
 H -5.250970 -2.838350 2.298451
 H 1.247731 3.296980 2.879061
 H 1.047436 2.861346 1.348369
K_POINTS
 1
0.0 0.0 0.0 1.0